# curve 5 (die wall), step =      400, time =   1.60000000E+02
# N1 = tau_xx - tau_yy = G ( c_xx - c_yy ),  G =  1.0000E-01  (polymer part only)
#              x               y        pressure            c_xy        gammadot            c_xx            c_yy              N1
 -3.00000000E+00  1.00000000E+00  2.57098849E+00 -3.63744050E-01  4.01130090E-01  1.23546236E+00  9.59853615E-01  2.75608746E-02
 -2.97524677E+00  1.00000000E+00  2.55131748E+00 -3.63731880E-01  4.01132201E-01  1.23546832E+00  9.59844101E-01  2.75624215E-02
 -2.95049355E+00  1.00000000E+00  2.53164648E+00 -3.63719710E-01  4.01133693E-01  1.23547427E+00  9.59834588E-01  2.75639684E-02
 -2.92574032E+00  1.00000000E+00  2.51197300E+00 -3.63728449E-01  4.01134059E-01  1.23547217E+00  9.59840458E-01  2.75631716E-02
 -2.90098710E+00  1.00000000E+00  2.49229952E+00 -3.63737188E-01  4.01133375E-01  1.23547008E+00  9.59846329E-01  2.75623747E-02
 -2.87623387E+00  1.00000000E+00  2.47262705E+00 -3.63758216E-01  4.01132677E-01  1.23546478E+00  9.59860027E-01  2.75604751E-02
 -2.85148064E+00  1.00000000E+00  2.45295458E+00 -3.63779244E-01  4.01131233E-01  1.23545948E+00  9.59873724E-01  2.75585755E-02
 -2.82672742E+00  1.00000000E+00  2.43327927E+00 -3.63754580E-01  4.01132161E-01  1.23546602E+00  9.59857385E-01  2.75608633E-02
 -2.80197419E+00  1.00000000E+00  2.41360396E+00 -3.63729916E-01  4.01133200E-01  1.23547256E+00  9.59841045E-01  2.75631511E-02
 -2.77722097E+00  1.00000000E+00  2.39393080E+00 -3.63735998E-01  4.01132955E-01  1.23546857E+00  9.59846016E-01  2.75622555E-02
 -2.75246774E+00  1.00000000E+00  2.37425763E+00 -3.63742079E-01  4.01133162E-01  1.23546459E+00  9.59850987E-01  2.75613600E-02
 -2.72771451E+00  1.00000000E+00  2.35458418E+00 -3.63737045E-01  4.01133748E-01  1.23546737E+00  9.59847180E-01  2.75620193E-02
 -2.70296129E+00  1.00000000E+00  2.33491074E+00 -3.63732011E-01  4.01133666E-01  1.23547016E+00  9.59843373E-01  2.75626786E-02
 -2.67820806E+00  1.00000000E+00  2.31523734E+00 -3.63738362E-01  4.01133023E-01  1.23546699E+00  9.59848130E-01  2.75618858E-02
 -2.65345484E+00  1.00000000E+00  2.29556395E+00 -3.63744714E-01  4.01132799E-01  1.23546382E+00  9.59852888E-01  2.75610930E-02
 -2.62870161E+00  1.00000000E+00  2.27589016E+00 -3.63741956E-01  4.01132696E-01  1.23546453E+00  9.59851110E-01  2.75613424E-02
 -2.60394839E+00  1.00000000E+00  2.25621636E+00 -3.63739198E-01  4.01132677E-01  1.23546525E+00  9.59849333E-01  2.75615918E-02
 -2.57919516E+00  1.00000000E+00  2.23654282E+00 -3.63733867E-01  4.01133087E-01  1.23546792E+00  9.59845364E-01  2.75622554E-02
 -2.55444193E+00  1.00000000E+00  2.21686929E+00 -3.63728536E-01  4.01133087E-01  1.23547059E+00  9.59841396E-01  2.75629190E-02
 -2.52968871E+00  1.00000000E+00  2.19719615E+00 -3.63743874E-01  4.01132394E-01  1.23546621E+00  9.59851681E-01  2.75614527E-02
 -2.50493548E+00  1.00000000E+00  2.17752302E+00 -3.63759211E-01  4.01131184E-01  1.23546183E+00  9.59861967E-01  2.75599864E-02
 -2.48018226E+00  1.00000000E+00  2.15784833E+00 -3.63741173E-01  4.01131787E-01  1.23546662E+00  9.59850010E-01  2.75616614E-02
 -2.45542903E+00  1.00000000E+00  2.13817365E+00 -3.63723135E-01  4.01132408E-01  1.23547142E+00  9.59838053E-01  2.75633364E-02
 -2.43067580E+00  1.00000000E+00  2.11850046E+00 -3.63725448E-01  4.01132128E-01  1.23546924E+00  9.59840197E-01  2.75629044E-02
 -2.40592258E+00  1.00000000E+00  2.09882728E+00 -3.63727762E-01  4.01132232E-01  1.23546706E+00  9.59842340E-01  2.75624724E-02
 -2.38116935E+00  1.00000000E+00  2.07915368E+00 -3.63723546E-01  4.01132571E-01  1.23546850E+00  9.59839607E-01  2.75628896E-02
 -2.35641613E+00  1.00000000E+00  2.05948008E+00 -3.63719329E-01  4.01132222E-01  1.23546994E+00  9.59836873E-01  2.75633068E-02
 -2.33166290E+00  1.00000000E+00  2.03980695E+00 -3.63726594E-01  4.01131304E-01  1.23546764E+00  9.59841850E-01  2.75625787E-02
 -2.30690967E+00  1.00000000E+00  2.02013382E+00 -3.63733859E-01  4.01130365E-01  1.23546533E+00  9.59846827E-01  2.75618506E-02
 -2.28215645E+00  1.00000000E+00  2.00046027E+00 -3.63736691E-01  4.01129576E-01  1.23546305E+00  9.59849409E-01  2.75613641E-02
 -2.25740322E+00  1.00000000E+00  1.98078671E+00 -3.63739522E-01  4.01128817E-01  1.23546077E+00  9.59851992E-01  2.75608777E-02
 -2.23265000E+00  1.00000000E+00  1.96111352E+00 -3.63745907E-01  4.01128097E-01  1.23545951E+00  9.59856139E-01  2.75603374E-02
 -2.20789677E+00  1.00000000E+00  1.94144034E+00 -3.63752292E-01  4.01126808E-01  1.23545826E+00  9.59860287E-01  2.75597972E-02
 -2.18314354E+00  1.00000000E+00  1.92176572E+00 -3.63735817E-01  4.01126809E-01  1.23546132E+00  9.59850054E-01  2.75611267E-02
 -2.15839032E+00  1.00000000E+00  1.90209111E+00 -3.63719341E-01  4.01126723E-01  1.23546438E+00  9.59839822E-01  2.75624563E-02
 -2.13363709E+00  1.00000000E+00  1.88241869E+00 -3.63720805E-01  4.01125693E-01  1.23546223E+00  9.59841614E-01  2.75620618E-02
 -2.10888387E+00  1.00000000E+00  1.86274626E+00 -3.63722269E-01  4.01124967E-01  1.23546008E+00  9.59843406E-01  2.75616672E-02
 -2.08413064E+00  1.00000000E+00  1.84307269E+00 -3.63720045E-01  4.01124114E-01  1.23545995E+00  9.59842433E-01  2.75617519E-02
 -2.05937741E+00  1.00000000E+00  1.82339911E+00 -3.63717821E-01  4.01123030E-01  1.23545983E+00  9.59841460E-01  2.75618366E-02
 -2.03462419E+00  1.00000000E+00  1.80372637E+00 -3.63716442E-01  4.01121736E-01  1.23545823E+00  9.59841686E-01  2.75616548E-02
 -2.00987096E+00  1.00000000E+00  1.78405363E+00 -3.63715062E-01  4.01119896E-01  1.23545664E+00  9.59841912E-01  2.75614730E-02
 -1.98511774E+00  1.00000000E+00  1.76438108E+00 -3.63719084E-01  4.01117668E-01  1.23545238E+00  9.59846190E-01  2.75606186E-02
 -1.96036451E+00  1.00000000E+00  1.74470854E+00 -3.63723105E-01  4.01115535E-01  1.23544811E+00  9.59850468E-01  2.75597643E-02
 -1.93561128E+00  1.00000000E+00  1.72503671E+00 -3.63727266E-01  4.01113159E-01  1.23544562E+00  9.59854188E-01  2.75591427E-02
 -1.91085806E+00  1.00000000E+00  1.70536489E+00 -3.63731428E-01  4.01110155E-01  1.23544312E+00  9.59857909E-01  2.75585211E-02
 -1.88610483E+00  1.00000000E+00  1.68569274E+00 -3.63731858E-01  4.01107348E-01  1.23543851E+00  9.59860439E-01  2.75578068E-02
 -1.86135161E+00  1.00000000E+00  1.66602060E+00 -3.63732287E-01  4.01103762E-01  1.23543389E+00  9.59862968E-01  2.75570925E-02
 -1.83659838E+00  1.00000000E+00  1.64634875E+00 -3.63717088E-01  4.01101366E-01  1.23543458E+00  9.59854821E-01  2.75579761E-02
 -1.81184516E+00  1.00000000E+00  1.62667690E+00 -3.63701889E-01  4.01099035E-01  1.23543527E+00  9.59846675E-01  2.75588597E-02
 -1.78709193E+00  1.00000000E+00  1.60700793E+00 -3.63717266E-01  4.01094762E-01  1.23542780E+00  9.59859049E-01  2.75568751E-02
 -1.76233870E+00  1.00000000E+00  1.58733896E+00 -3.63732644E-01  4.01089057E-01  1.23542033E+00  9.59871425E-01  2.75548905E-02
 -1.73758548E+00  1.00000000E+00  1.56766927E+00 -3.63724478E-01  4.01084557E-01  1.23541596E+00  9.59869388E-01  2.75546567E-02
 -1.71283225E+00  1.00000000E+00  1.54799958E+00 -3.63716312E-01  4.01079773E-01  1.23541158E+00  9.59867352E-01  2.75544230E-02
 -1.68807903E+00  1.00000000E+00  1.52833127E+00 -3.63716938E-01  4.01074399E-01  1.23540193E+00  9.59872614E-01  2.75529313E-02
 -1.66332580E+00  1.00000000E+00  1.50866296E+00 -3.63717564E-01  4.01068537E-01  1.23539227E+00  9.59877877E-01  2.75514396E-02
 -1.63857257E+00  1.00000000E+00  1.48899739E+00 -3.63702091E-01  4.01062767E-01  1.23539188E+00  9.59870503E-01  2.75521373E-02
 -1.61381935E+00  1.00000000E+00  1.46933183E+00 -3.63686617E-01  4.01056623E-01  1.23539148E+00  9.59863128E-01  2.75528351E-02
 -1.58906612E+00  1.00000000E+00  1.44966750E+00 -3.63685115E-01  4.01048830E-01  1.23537920E+00  9.59868564E-01  2.75510638E-02
 -1.56431290E+00  1.00000000E+00  1.43000317E+00 -3.63683612E-01  4.01041038E-01  1.23536692E+00  9.59874000E-01  2.75492925E-02
 -1.53955967E+00  1.00000000E+00  1.41034236E+00 -3.63665533E-01  4.01033474E-01  1.23536352E+00  9.59866798E-01  2.75496718E-02
 -1.51480644E+00  1.00000000E+00  1.39068154E+00 -3.63647454E-01  4.01025565E-01  1.23536011E+00  9.59859596E-01  2.75500512E-02
 -1.49005322E+00  1.00000000E+00  1.37102516E+00 -3.63643240E-01  4.01016059E-01  1.23534862E+00  9.59863790E-01  2.75484826E-02
 -1.46529999E+00  1.00000000E+00  1.35136877E+00 -3.63639026E-01  4.01005758E-01  1.23533712E+00  9.59867984E-01  2.75469141E-02
 -1.44054677E+00  1.00000000E+00  1.33171731E+00 -3.63651396E-01  4.00994616E-01  1.23532127E+00  9.59883359E-01  2.75437910E-02
 -1.41579354E+00  1.00000000E+00  1.31206585E+00 -3.63663765E-01  4.00980796E-01  1.23530541E+00  9.59898735E-01  2.75406679E-02
 -1.39104031E+00  1.00000000E+00  1.29241760E+00 -3.63628097E-01  4.00969946E-01  1.23530068E+00  9.59882708E-01  2.75417976E-02
 -1.36628709E+00  1.00000000E+00  1.27276936E+00 -3.63592429E-01  4.00960167E-01  1.23529596E+00  9.59866682E-01  2.75429274E-02
 -1.34153386E+00  1.00000000E+00  1.25313134E+00 -3.63590539E-01  4.00947728E-01  1.23527975E+00  9.59874353E-01  2.75405393E-02
 -1.31678064E+00  1.00000000E+00  1.23349332E+00 -3.63588649E-01  4.00934667E-01  1.23526354E+00  9.59882024E-01  2.75381513E-02
 -1.29202741E+00  1.00000000E+00  1.21386368E+00 -3.63581925E-01  4.00921481E-01  1.23524980E+00  9.59886389E-01  2.75363415E-02
 -1.26727418E+00  1.00000000E+00  1.19423404E+00 -3.63575200E-01  4.00907508E-01  1.23523607E+00  9.59890754E-01  2.75345317E-02
 -1.24252096E+00  1.00000000E+00  1.17461746E+00 -3.63580686E-01  4.00895738E-01  1.23521758E+00  9.59903866E-01  2.75313715E-02
 -1.21776773E+00  1.00000000E+00  1.15500087E+00 -3.63586172E-01  4.00879368E-01  1.23519909E+00  9.59916978E-01  2.75282113E-02
 -1.19301451E+00  1.00000000E+00  1.13539293E+00 -3.63550841E-01  4.00867678E-01  1.23519719E+00  9.59899662E-01  2.75297524E-02
 -1.16826128E+00  1.00000000E+00  1.11578500E+00 -3.63515511E-01  4.00860495E-01  1.23519528E+00  9.59882347E-01  2.75312935E-02
 -1.14350806E+00  1.00000000E+00  1.09620012E+00 -3.63523836E-01  4.00851436E-01  1.23517995E+00  9.59895444E-01  2.75284507E-02
 -1.11875483E+00  1.00000000E+00  1.07661524E+00 -3.63532162E-01  4.00841458E-01  1.23516462E+00  9.59908541E-01  2.75256079E-02
 -1.09400160E+00  1.00000000E+00  1.05704992E+00 -3.63532692E-01  4.00839837E-01  1.23516284E+00  9.59909124E-01  2.75253719E-02
 -1.06924838E+00  1.00000000E+00  1.03748460E+00 -3.63533223E-01  4.00839113E-01  1.23516107E+00  9.59909706E-01  2.75251359E-02
 -1.04449515E+00  1.00000000E+00  1.01794318E+00 -3.63526499E-01  4.00840634E-01  1.23516560E+00  9.59904239E-01  2.75261356E-02
 -1.01974193E+00  1.00000000E+00  9.98401750E-01 -3.63519776E-01  4.00843139E-01  1.23517013E+00  9.59898772E-01  2.75271353E-02
 -9.94988700E-01  1.00000000E+00  9.78893138E-01 -3.63536670E-01  4.00859445E-01  1.23518643E+00  9.59899718E-01  2.75286714E-02
 -9.70235474E-01  1.00000000E+00  9.59384525E-01 -3.63553565E-01  4.00881204E-01  1.23520274E+00  9.59900664E-01  2.75302075E-02
 -9.45482248E-01  1.00000000E+00  9.39911982E-01 -3.63582645E-01  4.00916144E-01  1.23524572E+00  9.59890661E-01  2.75355062E-02
 -9.20729022E-01  1.00000000E+00  9.20439439E-01 -3.63611726E-01  4.00956816E-01  1.23528871E+00  9.59880659E-01  2.75408049E-02
 -8.95975796E-01  1.00000000E+00  9.01012865E-01 -3.63640964E-01  4.01013949E-01  1.23534951E+00  9.59862991E-01  2.75486520E-02
 -8.71222570E-01  1.00000000E+00  8.81586291E-01 -3.63670203E-01  4.01078202E-01  1.23541032E+00  9.59845324E-01  2.75564993E-02
 -8.46469344E-01  1.00000000E+00  8.62210630E-01 -3.63764718E-01  4.01180951E-01  1.23551600E+00  9.59838902E-01  2.75677097E-02
 -8.21716118E-01  1.00000000E+00  8.42834970E-01 -3.63859238E-01  4.01286971E-01  1.23562169E+00  9.59832487E-01  2.75789207E-02
 -7.97201467E-01  1.00000000E+00  8.23719060E-01 -3.63983555E-01  4.01443994E-01  1.23578033E+00  9.59810076E-01  2.75970258E-02
 -7.72686817E-01  1.00000000E+00  8.04603151E-01 -3.64107881E-01  4.01606696E-01  1.23593900E+00  9.59787680E-01  2.76151322E-02
 -7.49503432E-01  1.00000000E+00  7.86593481E-01 -3.64264183E-01  4.01809274E-01  1.23617098E+00  9.59739050E-01  2.76431931E-02
 -7.26320047E-01  1.00000000E+00  7.68583811E-01 -3.64420502E-01  4.02035131E-01  1.23640302E+00  9.59690447E-01  2.76712568E-02
 -7.04527831E-01  1.00000000E+00  7.51724127E-01 -3.64644603E-01  4.02305231E-01  1.23667451E+00  9.59666995E-01  2.77007520E-02
 -6.82735615E-01  1.00000000E+00  7.34864443E-01 -3.64868737E-01  4.02596343E-01  1.23694610E+00  9.59643589E-01  2.77302510E-02
 -6.62251087E-01  1.00000000E+00  7.19105955E-01 -3.65133255E-01  4.02949971E-01  1.23733706E+00  9.59558970E-01  2.77778093E-02
 -6.41766559E-01  1.00000000E+00  7.03347467E-01 -3.65397821E-01  4.03334616E-01  1.23772818E+00  9.59474430E-01  2.78253753E-02
 -6.22511254E-01  1.00000000E+00  6.88598807E-01 -3.65716272E-01  4.03755559E-01  1.23818606E+00  9.59389329E-01  2.78796728E-02
 -6.03255949E-01  1.00000000E+00  6.73850147E-01 -3.66034794E-01  4.04214340E-01  1.23864415E+00  9.59304337E-01  2.79339812E-02
 -5.85156097E-01  1.00000000E+00  6.60067965E-01 -3.66445459E-01  4.04737395E-01  1.23918140E+00  9.59229961E-01  2.79951442E-02
 -5.67056245E-01  1.00000000E+00  6.46285783E-01 -3.66856234E-01  4.05294746E-01  1.23971897E+00  9.59155753E-01  2.80563222E-02
 -5.50042515E-01  1.00000000E+00  6.33411573E-01 -3.67338228E-01  4.05939685E-01  1.24041809E+00  9.59017958E-01  2.81400127E-02
 -5.33028786E-01  1.00000000E+00  6.20537363E-01 -3.67820381E-01  4.06611917E-01  1.24111770E+00  9.58880418E-01  2.82237280E-02
 -5.17036006E-01  1.00000000E+00  6.08529242E-01 -3.68414708E-01  4.07356167E-01  1.24191384E+00  9.58764841E-01  2.83148998E-02
 -5.01043227E-01  1.00000000E+00  5.96521121E-01 -3.69009271E-01  4.08153089E-01  1.24271067E+00  9.58649620E-01  2.84061047E-02
 -4.86010125E-01  1.00000000E+00  5.85314444E-01 -3.69677337E-01  4.09010984E-01  1.24363317E+00  9.58497861E-01  2.85135313E-02
 -4.70977023E-01  1.00000000E+00  5.74107768E-01 -3.70345704E-01  4.09941524E-01  1.24455658E+00  9.58346563E-01  2.86210016E-02
 -4.56846016E-01  1.00000000E+00  5.63635990E-01 -3.71081851E-01  4.10927346E-01  1.24560452E+00  9.58159979E-01  2.87444539E-02
 -4.42715008E-01  1.00000000E+00  5.53164212E-01 -3.71818370E-01  4.11985920E-01  1.24665359E+00  9.57973968E-01  2.88679622E-02
 -4.29431964E-01  1.00000000E+00  5.43447762E-01 -3.72752046E-01  4.13150445E-01  1.24792777E+00  9.57782227E-01  2.90145545E-02
 -4.16148920E-01  1.00000000E+00  5.33731312E-01 -3.73686309E-01  4.14390457E-01  1.24920367E+00  9.57591367E-01  2.91612307E-02
 -4.03662954E-01  1.00000000E+00  5.24670267E-01 -3.74620623E-01  4.15625805E-01  1.25053664E+00  9.57360689E-01  2.93175952E-02
 -3.91176988E-01  1.00000000E+00  5.15609221E-01 -3.75555539E-01  4.16979430E-01  1.25187143E+00  9.57130926E-01  2.94740506E-02
 -3.79440270E-01  1.00000000E+00  5.07122498E-01 -3.76667145E-01  4.18439377E-01  1.25343032E+00  9.56880554E-01  2.96549769E-02
 -3.67703552E-01  1.00000000E+00  4.98635775E-01 -3.77779597E-01  4.19975688E-01  1.25499173E+00  9.56631452E-01  2.98360279E-02
 -3.56671122E-01  1.00000000E+00  4.90830302E-01 -3.78987238E-01  4.21595831E-01  1.25673384E+00  9.56331302E-01  3.00402538E-02
 -3.45638692E-01  1.00000000E+00  4.83024828E-01 -3.80195894E-01  4.23288014E-01  1.25847903E+00  9.56032681E-01  3.02446345E-02
 -3.35268287E-01  1.00000000E+00  4.75720079E-01 -3.81511655E-01  4.25003449E-01  1.26034571E+00  9.55739740E-01  3.04605966E-02
 -3.24897882E-01  1.00000000E+00  4.68415330E-01 -3.82828617E-01  4.26862300E-01  1.26221595E+00  9.55448571E-01  3.06767375E-02
 -3.15149775E-01  1.00000000E+00  4.61699824E-01 -3.84337418E-01  4.28832532E-01  1.26431417E+00  9.55152927E-01  3.09161243E-02
 -3.05401669E-01  1.00000000E+00  4.54984318E-01 -3.85847787E-01  4.30859915E-01  1.26641694E+00  9.54859554E-01  3.11557383E-02
 -2.96238520E-01  1.00000000E+00  4.48674011E-01 -3.87377455E-01  4.32914341E-01  1.26878432E+00  9.54402788E-01  3.14381534E-02
 -2.87075371E-01  1.00000000E+00  4.42363704E-01 -3.88908838E-01  4.35205156E-01  1.27115710E+00  9.53948591E-01  3.17208508E-02
 -2.78462077E-01  1.00000000E+00  4.36571124E-01 -3.90652183E-01  4.37547044E-01  1.27373107E+00  9.53521735E-01  3.20209333E-02
 -2.69848783E-01  1.00000000E+00  4.30778543E-01 -3.92397690E-01  4.40011392E-01  1.27631157E+00  9.53098045E-01  3.23213520E-02
 -2.61752348E-01  1.00000000E+00  4.25454571E-01 -3.94258520E-01  4.42496540E-01  1.27901153E+00  9.52703310E-01  3.26308220E-02
 -2.53655913E-01  1.00000000E+00  4.20130599E-01 -3.96121814E-01  4.45116881E-01  1.28171872E+00  9.52312063E-01  3.29406655E-02
 -2.46045323E-01  1.00000000E+00  4.15213362E-01 -3.98051660E-01  4.47847188E-01  1.28470410E+00  9.51781964E-01  3.32922134E-02
 -2.38434732E-01  1.00000000E+00  4.10296125E-01 -3.99984246E-01  4.50659257E-01  1.28769794E+00  9.51255847E-01  3.36442094E-02
 -2.31280830E-01  1.00000000E+00  4.05771611E-01 -4.02086209E-01  4.53564867E-01  1.29089972E+00  9.50743185E-01  3.40156538E-02
 -2.24126928E-01  1.00000000E+00  4.01247097E-01 -4.04191419E-01  4.56578174E-01  1.29411128E+00  9.50235097E-01  3.43876178E-02
 -2.17402314E-01  1.00000000E+00  3.97057606E-01 -4.06459211E-01  4.59701142E-01  1.29757367E+00  9.49700934E-01  3.47872732E-02
 -2.10677699E-01  1.00000000E+00  3.92868115E-01 -4.08730801E-01  4.62924786E-01  1.30104740E+00  9.49172043E-01  3.51875362E-02
 -2.04351753E-01  1.00000000E+00  3.89082873E-01 -4.11085940E-01  4.66308290E-01  1.30482288E+00  9.48519011E-01  3.56303868E-02
 -1.98025807E-01  1.00000000E+00  3.85297631E-01 -4.13445302E-01  4.69764076E-01  1.30861141E+00  9.47871894E-01  3.60739516E-02
 -1.91837501E-01  1.00000000E+00  3.81709025E-01 -4.16149145E-01  4.73526762E-01  1.31278321E+00  9.47271778E-01  3.65511428E-02
 -1.85649194E-01  1.00000000E+00  3.78120419E-01 -4.18858462E-01  4.77391423E-01  1.31697118E+00  9.46679027E-01  3.70292151E-02
 -1.79460888E-01  1.00000000E+00  3.74706825E-01 -4.21723167E-01  4.81661938E-01  1.32189112E+00  9.45743480E-01  3.76147643E-02
 -1.73272582E-01  1.00000000E+00  3.71293231E-01 -4.24594449E-01  4.86068120E-01  1.32683222E+00  9.44817113E-01  3.82015105E-02
 -1.67084275E-01  1.00000000E+00  3.67949449E-01 -4.28039461E-01  4.90920193E-01  1.33234279E+00  9.44027927E-01  3.88314859E-02
 -1.60895969E-01  1.00000000E+00  3.64605666E-01 -4.31493637E-01  4.95966996E-01  1.33788061E+00  9.43250709E-01  3.94629901E-02
 -1.54707662E-01  1.00000000E+00  3.61493400E-01 -4.35233071E-01  5.01678218E-01  1.34444042E+00  9.42067189E-01  4.02373234E-02
 -1.48519356E-01  1.00000000E+00  3.58381134E-01 -4.38983959E-01  5.07578206E-01  1.35103685E+00  9.40899071E-01  4.10137775E-02
 -1.42331049E-01  1.00000000E+00  3.55656766E-01 -4.43678025E-01  5.14242130E-01  1.35887791E+00  9.39774880E-01  4.19103030E-02
 -1.36142743E-01  1.00000000E+00  3.52932399E-01 -4.48389687E-01  5.21318383E-01  1.36677192E+00  9.38672990E-01  4.28098932E-02
 -1.29954436E-01  1.00000000E+00  3.50530067E-01 -4.53372141E-01  5.28907686E-01  1.37576407E+00  9.37183142E-01  4.38580924E-02
 -1.23766130E-01  1.00000000E+00  3.48127735E-01 -4.58375588E-01  5.37055436E-01  1.38482262E+00  9.35719922E-01  4.49102700E-02
 -1.17577823E-01  1.00000000E+00  3.45834716E-01 -4.64497308E-01  5.46419563E-01  1.39610062E+00  9.33909109E-01  4.62191514E-02
 -1.11389517E-01  1.00000000E+00  3.43541698E-01 -4.70651297E-01  5.56283545E-01  1.40748080E+00  9.32138176E-01  4.75342622E-02
 -1.05201210E-01  1.00000000E+00  3.42083960E-01 -4.77980140E-01  5.67802037E-01  1.42143699E+00  9.29912836E-01  4.91524153E-02
 -9.90129037E-02  1.00000000E+00  3.40626223E-01 -4.85356416E-01  5.79930842E-01  1.43554507E+00  9.27744863E-01  5.07800205E-02
 -9.28245972E-02  1.00000000E+00  3.40095910E-01 -4.93537721E-01  5.94101981E-01  1.45273072E+00  9.24631738E-01  5.28098979E-02
 -8.66362908E-02  1.00000000E+00  3.39565598E-01 -5.01782922E-01  6.09031297E-01  1.47013491E+00  9.21596309E-01  5.48538598E-02
 -8.04479843E-02  1.00000000E+00  3.39717072E-01 -5.13288723E-01  6.27241530E-01  1.49318413E+00  9.18465265E-01  5.74718863E-02
 -7.42596778E-02  1.00000000E+00  3.39868546E-01 -5.24917058E-01  6.46919291E-01  1.51662242E+00  9.15468236E-01  6.01154188E-02
 -6.80713713E-02  1.00000000E+00  3.42078083E-01 -5.36550473E-01  6.70432913E-01  1.54608804E+00  9.09574453E-01  6.36513592E-02
 -6.18830648E-02  1.00000000E+00  3.44287620E-01 -5.48336058E-01  6.96735390E-01  1.57613620E+00  9.03861967E-01  6.72274238E-02
 -5.56947583E-02  1.00000000E+00  3.48188642E-01 -5.67560451E-01  7.29199005E-01  1.61949572E+00  8.98358271E-01  7.21137452E-02
 -4.95064519E-02  1.00000000E+00  3.52089664E-01 -5.87157790E-01  7.67636777E-01  1.66409641E+00  8.93224360E-01  7.70872053E-02
 -4.33181454E-02  1.00000000E+00  3.75266116E-01 -6.13544202E-01  8.15789614E-01  1.74042589E+00  8.80387034E-01  8.60038853E-02
 -3.71298389E-02  1.00000000E+00  3.98442568E-01 -6.40804866E-01  8.74675183E-01  1.82025441E+00  8.68435191E-01  9.51819217E-02
 -3.09415324E-02  1.00000000E+00  3.56916446E-01 -6.60902087E-01  9.65156527E-01  1.87005853E+00  8.64287612E-01  1.00577091E-01
 -2.47532259E-02  1.00000000E+00  3.15390324E-01 -6.81412811E-01  1.04627104E+00  1.92125406E+00  8.60484570E-01  1.06076949E-01
 -1.85649194E-02  1.00000000E+00  7.66209783E-01 -8.19524646E-01  1.19330819E+00  2.31892157E+00  8.30936984E-01  1.48798458E-01
 -1.23766130E-02  1.00000000E+00  1.21702924E+00 -9.80178546E-01  1.59028515E+00  2.79876312E+00  8.16819131E-01  1.98194399E-01
 -6.18830648E-03  1.00000000E+00 -3.97232750E-01 -2.29493116E-01  2.49627309E+00  3.24091165E+00  4.38887433E-01  2.80202422E-01
  0.00000000E+00  1.00000000E+00 -2.01149474E+00  6.15744581E-01  4.40011379E+00  4.50555766E+00  3.98341775E-01  4.10721589E-01
