# model=oldroyd  theta_MLE: lambda=0.2, beta=0.882277, eta_0=0.844637
# delta(x) = y_clean(x) - y_model(x; theta_MLE)   (x from curve4_x.txt)
# columns: x  delta
5.000000000000000000e+00 -4.294488880729474545e-06
4.950333040000000295e+00 -4.289879387053829873e-06
4.900666089999999642e+00 -4.291081547647124239e-06
4.850999129999999937e+00 -4.284620201744360202e-06
4.801332180000000172e+00 -4.276175880724153444e-06
4.751665219999999579e+00 -4.261010450701263608e-06
4.701998269999999813e+00 -4.243183410634898678e-06
4.652331310000000109e+00 -4.229110081244158437e-06
4.602664360000000343e+00 -4.208172564190704179e-06
4.552997399999999750e+00 -4.174193504624668094e-06
4.503330449999999985e+00 -4.145548944789467782e-06
4.453663490000000280e+00 -4.112778431597519102e-06
4.403996539999999627e+00 -4.065493439453504720e-06
4.354329579999999922e+00 -4.030791767695163230e-06
4.304662630000000156e+00 -3.986147240064852326e-06
4.254995669999999564e+00 -3.930677529240256263e-06
4.205328709999999859e+00 -3.882183412740047856e-06
4.155661760000000093e+00 -3.824549207553928909e-06
4.105994800000000389e+00 -3.767401136611780998e-06
4.056327849999999735e+00 -3.706610463227733021e-06
4.006660890000000030e+00 -3.644327337681829704e-06
3.956993939999999821e+00 -3.577672676335907909e-06
3.907326980000000116e+00 -3.516492799393589053e-06
3.857660029999999907e+00 -3.445794939382906819e-06
3.807993070000000202e+00 -3.380011715181652221e-06
3.758326119999999992e+00 -3.312588342296862720e-06
3.708659159999999844e+00 -3.254591940171636111e-06
3.658992210000000078e+00 -3.191037369898452880e-06
3.609325249999999929e+00 -3.132712407483140282e-06
3.559658300000000164e+00 -3.082327219461333812e-06
3.509991340000000015e+00 -3.036540637380014118e-06
3.460324389999999806e+00 -2.991436394594870762e-06
3.410657430000000101e+00 -2.959165852800538232e-06
3.360990469999999952e+00 -2.942567190133971167e-06
3.311323520000000187e+00 -2.927513468753417669e-06
3.261656560000000038e+00 -2.937320230156359457e-06
3.211989609999999828e+00 -2.963172354597531921e-06
3.162322650000000124e+00 -2.994909760856145908e-06
3.112655699999999914e+00 -3.048105698066905234e-06
3.062988740000000210e+00 -3.135869326875706520e-06
3.013321790000000000e+00 -3.242577072626318113e-06
2.963654829999999851e+00 -3.373480965240815976e-06
2.913987880000000086e+00 -3.533040802139453262e-06
2.864320919999999937e+00 -3.729040053190857407e-06
2.814653970000000172e+00 -3.965713928355540929e-06
2.764987010000000023e+00 -4.226982787347566273e-06
2.715320059999999813e+00 -4.539714638651659584e-06
2.665653100000000109e+00 -4.886885555555053884e-06
2.615986139999999960e+00 -5.285189519144140036e-06
2.566319190000000194e+00 -5.711341813485759644e-06
2.516652230000000046e+00 -6.188566263887196328e-06
2.466985279999999836e+00 -6.701713570311795820e-06
2.417318320000000131e+00 -7.261977872374814069e-06
2.367651369999999922e+00 -7.882772227851830849e-06
2.317984410000000217e+00 -8.535828566635927928e-06
2.268317460000000008e+00 -9.231692209121789006e-06
2.218650499999999859e+00 -9.953838192799935314e-06
2.168983550000000093e+00 -1.070401411951138471e-05
2.119316589999999945e+00 -1.149011951318001934e-05
2.069649640000000179e+00 -1.229682340531113027e-05
2.019982680000000030e+00 -1.308656294374266338e-05
1.970315730000000043e+00 -1.389401840756754325e-05
1.920648769999999894e+00 -1.467061176496642361e-05
1.870981809999999967e+00 -1.544107418616214034e-05
1.821314859999999980e+00 -1.615815728572833621e-05
1.771647900000000053e+00 -1.683343795377822971e-05
1.721980950000000066e+00 -1.742416566452575921e-05
1.672313989999999917e+00 -1.788142601477638038e-05
1.622647039999999929e+00 -1.827945229448957321e-05
1.572980080000000003e+00 -1.853421461017745742e-05
1.523313130000000015e+00 -1.864472531321048621e-05
1.473646170000000089e+00 -1.862665634133620074e-05
1.423979220000000101e+00 -1.850693814930970404e-05
1.374312259999999952e+00 -1.808117741997072869e-05
1.324645309999999965e+00 -1.761489087881429327e-05
1.274978350000000038e+00 -1.693200840890973780e-05
1.225311400000000051e+00 -1.591885842167073406e-05
1.175644439999999902e+00 -1.485050690708256127e-05
1.125977479999999975e+00 -1.352484328376313272e-05
1.076310529999999988e+00 -1.204513233288295737e-05
1.026643570000000061e+00 -1.025477587290879455e-05
9.769766189999999906e-01 -8.990170242029194014e-06
9.273096640000000335e-01 -6.677111661579360202e-06
8.776427079999999936e-01 -4.816324921552705973e-06
8.279757530000000365e-01 -3.181512488348303691e-06
7.786002389999999718e-01 -1.190298144715384865e-06
7.317317880000000496e-01 4.695942490418048010e-07
6.876846269999999928e-01 2.591660535289364020e-06
6.462889219999999879e-01 3.796126069044447604e-06
6.073850619999999756e-01 5.271347079061072805e-06
5.708230460000000006e-01 6.931964326550854594e-06
5.364619149999999559e-01 8.480050297965391337e-06
5.041691750000000249e-01 9.020476444687730577e-06
4.738203240000000149e-01 1.128985792653303122e-05
4.452983460000000115e-01 1.356454619694247299e-05
4.184932690000000011e-01 1.533899894612389403e-05
3.933017460000000076e-01 1.742322775299953719e-05
3.696266380000000074e-01 2.026596345916509279e-05
3.473766770000000226e-01 2.320389720922300114e-05
3.264660690000000254e-01 2.677573853371306711e-05
3.068141939999999845e-01 3.010216751153649284e-05
2.883452770000000109e-01 3.328686562209526301e-05
2.709881089999999770e-01 3.829146097555913286e-05
2.546757709999999952e-01 4.273578755453755207e-05
2.393453670000000033e-01 4.739128121844515817e-05
2.249377889999999991e-01 5.362179460832727784e-05
2.113974849999999961e-01 5.808604249946114351e-05
1.986678209999999944e-01 6.332385122775896491e-05
1.862510820000000122e-01 6.970373153847297942e-05
1.738343440000000018e-01 7.641288796955691964e-05
1.614176049999999918e-01 8.337729332485999123e-05
1.490008660000000096e-01 9.138805339126143679e-05
1.365841269999999996e-01 9.881475235129499879e-05
1.241673880000000035e-01 1.087887135768905722e-04
1.117506489999999936e-01 1.165831053475674395e-04
9.933391060000000550e-02 1.271684289498864473e-04
8.691717179999999821e-02 1.357323684394451391e-04
7.450043300000000479e-02 1.459563094734495081e-04
6.208369419999999750e-02 1.545760791432648773e-04
4.966695530000000275e-02 1.578088099289942647e-04
3.725021650000000240e-02 1.585130564885073312e-04
2.483347769999999857e-02 1.439996224588124818e-04
1.241673880000000035e-02 8.869984774206862710e-05
0.000000000000000000e+00 0.000000000000000000e+00
