# model=oldroyd  theta_MLE: lambda=0.262732, beta=0.590455, eta_0=0.846488
# delta(x) = y_clean(x) - y_model(x; theta_MLE)   (x from curve4_x.txt)
# columns: x  delta
5.000000000000000000e+00 8.988325224112969636e-07
4.950333040000000295e+00 8.997895599716088100e-07
4.900666089999999642e+00 8.963046898013971031e-07
4.850999129999999937e+00 8.978379286705973072e-07
4.801332180000000172e+00 8.994924998173559061e-07
4.751665219999999579e+00 8.952143062401773932e-07
4.701998269999999813e+00 9.005959764607496254e-07
4.652331310000000109e+00 9.094457047442716657e-07
4.602664360000000343e+00 9.132770375508414418e-07
4.552997399999999750e+00 9.160604719227194437e-07
4.503330449999999985e+00 9.208062570209563091e-07
4.453663490000000280e+00 9.275409678100032806e-07
4.403996539999999627e+00 9.358381052315678517e-07
4.354329579999999922e+00 9.373377978239005870e-07
4.304662630000000156e+00 9.485744478787694334e-07
4.254995669999999564e+00 9.559267857284226011e-07
4.205328709999999859e+00 9.644280358767076677e-07
4.155661760000000093e+00 9.809984993225384642e-07
4.105994800000000389e+00 9.837227179509966390e-07
4.056327849999999735e+00 9.980679216425869527e-07
4.006660890000000030e+00 1.003825907508471005e-06
3.956993939999999821e+00 1.020877598900682415e-06
3.907326980000000116e+00 1.024569062257896235e-06
3.857660029999999907e+00 1.036327383019397530e-06
3.807993070000000202e+00 1.053141809315150113e-06
3.758326119999999992e+00 1.054757782670279198e-06
3.708659159999999844e+00 1.067656799635940956e-06
3.658992210000000078e+00 1.078577748891973442e-06
3.609325249999999929e+00 1.087721559267507132e-06
3.559658300000000164e+00 1.101159222249847858e-06
3.509991340000000015e+00 1.106972927322757982e-06
3.460324389999999806e+00 1.116918610044592697e-06
3.410657430000000101e+00 1.123395483304534537e-06
3.360990469999999952e+00 1.126515709160003098e-06
3.311323520000000187e+00 1.136174466953576712e-06
3.261656560000000038e+00 1.135164807708477497e-06
3.211989609999999828e+00 1.143179191309684484e-06
3.162322650000000124e+00 1.150222883605778179e-06
3.112655699999999914e+00 1.159326901811752464e-06
3.062988740000000210e+00 1.156775714328261984e-06
3.013321790000000000e+00 1.167613149277713092e-06
2.963654829999999851e+00 1.169840079251471820e-06
2.913987880000000086e+00 1.175177026802032287e-06
2.864320919999999937e+00 1.174856570695936853e-06
2.814653970000000172e+00 1.180421532076536550e-06
2.764987010000000023e+00 1.189379724486627765e-06
2.715320059999999813e+00 1.191730645055955051e-06
2.665653100000000109e+00 1.208664524687819153e-06
2.615986139999999960e+00 1.220564726844841630e-06
2.566319190000000194e+00 1.226267451581719570e-06
2.516652230000000046e+00 1.242025585268535792e-06
2.466985279999999836e+00 1.262284436531757592e-06
2.417318320000000131e+00 1.291375801182326200e-06
2.367651369999999922e+00 1.312909405415396691e-06
2.317984410000000217e+00 1.350094665397705285e-06
2.268317460000000008e+00 1.396646568618820083e-06
2.218650499999999859e+00 1.441585694372804483e-06
2.168983550000000093e+00 1.496437774584080671e-06
2.119316589999999945e+00 1.567228687271438048e-06
2.069649640000000179e+00 1.632583609634252753e-06
2.019982680000000030e+00 1.720038819819080800e-06
1.970315730000000043e+00 1.814068741001761964e-06
1.920648769999999894e+00 1.917614224078434404e-06
1.870981809999999967e+00 2.031706697103174974e-06
1.821314859999999980e+00 2.165440274648489094e-06
1.771647900000000053e+00 2.301301104568054257e-06
1.721980950000000066e+00 2.445514986071373187e-06
1.672313989999999917e+00 2.595602699884125286e-06
1.622647039999999929e+00 2.739967908560458909e-06
1.572980080000000003e+00 2.882032020146141349e-06
1.523313130000000015e+00 3.012995018147890391e-06
1.473646170000000089e+00 3.135254964536926536e-06
1.423979220000000101e+00 3.219279685273690461e-06
1.374312259999999952e+00 3.262494524314263344e-06
1.324645309999999965e+00 3.243686345744123400e-06
1.274978350000000038e+00 3.151088465935814042e-06
1.225311400000000051e+00 2.979766784427795301e-06
1.175644439999999902e+00 2.697484150049334062e-06
1.125977479999999975e+00 2.259931583425967005e-06
1.076310529999999988e+00 1.678381190473032802e-06
1.026643570000000061e+00 8.687360344428185499e-07
9.769766189999999906e-01 -1.667603812816054187e-07
9.273096640000000335e-01 -1.495424828412694751e-06
8.776427079999999936e-01 -3.124449627689429576e-06
8.279757530000000365e-01 -5.051145187895400568e-06
7.786002389999999718e-01 -7.311737598936218774e-06
7.317317880000000496e-01 -9.699259456263931156e-06
6.876846269999999928e-01 -1.237155013344981569e-05
6.462889219999999879e-01 -1.517536280126741133e-05
6.073850619999999756e-01 -1.799094509813414788e-05
5.708230460000000006e-01 -2.065161804276627322e-05
5.364619149999999559e-01 -2.335630700844859575e-05
5.041691750000000249e-01 -2.577974178441522213e-05
4.738203240000000149e-01 -2.775903369589549641e-05
4.452983460000000115e-01 -2.951650723304055646e-05
4.184932690000000011e-01 -3.098452645611260436e-05
3.933017460000000076e-01 -3.200887028942389634e-05
3.696266380000000074e-01 -3.256232577064643863e-05
3.473766770000000226e-01 -3.276315404909801998e-05
3.264660690000000254e-01 -3.217019749635063874e-05
3.068141939999999845e-01 -3.114031591633370510e-05
2.883452770000000109e-01 -2.977504210588399758e-05
2.709881089999999770e-01 -2.775064026594442623e-05
2.546757709999999952e-01 -2.486764038400757215e-05
2.393453670000000033e-01 -2.173517576120609363e-05
2.249377889999999991e-01 -1.804662375870513813e-05
2.113974849999999961e-01 -1.366361450538811084e-05
1.986678209999999944e-01 -9.111649796444964977e-06
1.862510820000000122e-01 -3.863901866907326621e-06
1.738343440000000018e-01 2.230567132333050040e-06
1.614176049999999918e-01 9.348795026120626517e-06
1.490008660000000096e-01 1.794254892617530572e-05
1.365841269999999996e-01 2.655483148950033012e-05
1.241673880000000035e-01 3.719491117215589782e-05
1.117506489999999936e-01 4.796041336851963877e-05
9.933391060000000550e-02 6.196042374240207096e-05
8.691717179999999821e-02 7.423516909765837113e-05
7.450043300000000479e-02 8.961420660846819430e-05
6.208369419999999750e-02 1.054190157043777276e-04
4.966695530000000275e-02 1.177946673467378247e-04
3.725021650000000240e-02 1.284074969123416565e-04
2.483347769999999857e-02 1.267967490026222777e-04
1.241673880000000035e-02 6.892555441950776185e-05
0.000000000000000000e+00 0.000000000000000000e+00
