# curve 5 (die wall), step =      200, time =   4.00000000E+01
# N1 = tau_xx - tau_yy = G ( c_xx - c_yy ),  G =  2.5000E-01  (polymer part only)
#              x               y        pressure            c_xy        gammadot            c_xx            c_yy              N1
 -3.00000000E+00  1.00000000E+00  2.60415295E+00 -3.20047995E-01  3.99989086E-01  1.20464750E+00  1.00005806E+00  5.11473599E-02
 -2.95108291E+00  1.00000000E+00  2.56502601E+00 -3.20055221E-01  3.99993448E-01  1.20464883E+00  1.00006026E+00  5.11471427E-02
 -2.90216582E+00  1.00000000E+00  2.52589907E+00 -3.20062447E-01  3.99998559E-01  1.20465017E+00  1.00006246E+00  5.11469255E-02
 -2.85324873E+00  1.00000000E+00  2.48675919E+00 -3.20066844E-01  3.99997420E-01  1.20461447E+00  1.00007298E+00  5.11353746E-02
 -2.80433164E+00  1.00000000E+00  2.44761931E+00 -3.20071241E-01  3.99994236E-01  1.20457878E+00  1.00008349E+00  5.11238240E-02
 -2.75541455E+00  1.00000000E+00  2.40848531E+00 -3.20052983E-01  3.99998075E-01  1.20464673E+00  1.00005902E+00  5.11469275E-02
 -2.70649746E+00  1.00000000E+00  2.36935132E+00 -3.20034724E-01  3.99997584E-01  1.20471469E+00  1.00003456E+00  5.11700320E-02
 -2.65758037E+00  1.00000000E+00  2.33021945E+00 -3.20041401E-01  3.99998227E-01  1.20468997E+00  1.00004380E+00  5.11615419E-02
 -2.60866328E+00  1.00000000E+00  2.29108758E+00 -3.20048078E-01  3.99997643E-01  1.20466525E+00  1.00005304E+00  5.11530519E-02
 -2.55974619E+00  1.00000000E+00  2.25195328E+00 -3.20039068E-01  3.99999158E-01  1.20470100E+00  1.00004048E+00  5.11651297E-02
 -2.51082911E+00  1.00000000E+00  2.21281899E+00 -3.20030057E-01  4.00004356E-01  1.20473674E+00  1.00002791E+00  5.11772077E-02
 -2.46191202E+00  1.00000000E+00  2.17368421E+00 -3.20037194E-01  3.99998525E-01  1.20470049E+00  1.00003954E+00  5.11652385E-02
 -2.41299493E+00  1.00000000E+00  2.13454943E+00 -3.20044332E-01  3.99994022E-01  1.20466424E+00  1.00005116E+00  5.11532696E-02
 -2.36407784E+00  1.00000000E+00  2.09541467E+00 -3.20031971E-01  3.99998394E-01  1.20470725E+00  1.00003528E+00  5.11679941E-02
 -2.31516075E+00  1.00000000E+00  2.05627992E+00 -3.20019610E-01  4.00000773E-01  1.20475026E+00  1.00001939E+00  5.11827190E-02
 -2.26624366E+00  1.00000000E+00  2.01714719E+00 -3.20036587E-01  3.99999207E-01  1.20470385E+00  1.00003834E+00  5.11663774E-02
 -2.21732657E+00  1.00000000E+00  1.97801446E+00 -3.20053563E-01  3.99999719E-01  1.20465744E+00  1.00005729E+00  5.11500363E-02
 -2.16840948E+00  1.00000000E+00  1.93888179E+00 -3.20054414E-01  3.99994678E-01  1.20464037E+00  1.00006185E+00  5.11446299E-02
 -2.11949239E+00  1.00000000E+00  1.89974913E+00 -3.20055265E-01  3.99987988E-01  1.20462329E+00  1.00006640E+00  5.11392236E-02
 -2.07057530E+00  1.00000000E+00  1.86061674E+00 -3.20057229E-01  3.99990784E-01  1.20462247E+00  1.00006854E+00  5.11384811E-02
 -2.02165821E+00  1.00000000E+00  1.82148435E+00 -3.20059194E-01  3.99992130E-01  1.20462164E+00  1.00007068E+00  5.11377387E-02
 -1.97274112E+00  1.00000000E+00  1.78235111E+00 -3.20060404E-01  3.99982647E-01  1.20458538E+00  1.00007984E+00  5.11263848E-02
 -1.92382403E+00  1.00000000E+00  1.74321788E+00 -3.20061613E-01  3.99973079E-01  1.20454912E+00  1.00008899E+00  5.11150312E-02
 -1.87490694E+00  1.00000000E+00  1.70408670E+00 -3.20037043E-01  3.99969941E-01  1.20460768E+00  1.00006473E+00  5.11357371E-02
 -1.82598985E+00  1.00000000E+00  1.66495551E+00 -3.20012472E-01  3.99964093E-01  1.20466625E+00  1.00004048E+00  5.11564438E-02
 -1.77707276E+00  1.00000000E+00  1.62583193E+00 -3.20023717E-01  3.99959804E-01  1.20461319E+00  1.00005941E+00  5.11384458E-02
 -1.72815567E+00  1.00000000E+00  1.58670835E+00 -3.20034962E-01  3.99951599E-01  1.20456014E+00  1.00007835E+00  5.11204484E-02
 -1.67923858E+00  1.00000000E+00  1.54757984E+00 -3.20015692E-01  3.99938979E-01  1.20457731E+00  1.00006665E+00  5.11276629E-02
 -1.63032150E+00  1.00000000E+00  1.50845134E+00 -3.19996422E-01  3.99931043E-01  1.20459447E+00  1.00005496E+00  5.11348774E-02
 -1.58140441E+00  1.00000000E+00  1.46934310E+00 -3.19990416E-01  3.99911372E-01  1.20455402E+00  1.00006450E+00  5.11223788E-02
 -1.53248732E+00  1.00000000E+00  1.43023485E+00 -3.19984409E-01  3.99893916E-01  1.20451356E+00  1.00007404E+00  5.11098805E-02
 -1.48357023E+00  1.00000000E+00  1.39113490E+00 -3.19966140E-01  3.99875137E-01  1.20449636E+00  1.00007309E+00  5.11058176E-02
 -1.43465314E+00  1.00000000E+00  1.35203495E+00 -3.19947872E-01  3.99850648E-01  1.20447916E+00  1.00007214E+00  5.11017548E-02
 -1.38573605E+00  1.00000000E+00  1.31294955E+00 -3.19914256E-01  3.99826370E-01  1.20449176E+00  1.00005698E+00  5.11086955E-02
 -1.33681896E+00  1.00000000E+00  1.27386415E+00 -3.19880640E-01  3.99806098E-01  1.20450437E+00  1.00004182E+00  5.11156363E-02
 -1.28790187E+00  1.00000000E+00  1.23481736E+00 -3.19865920E-01  3.99777279E-01  1.20446619E+00  1.00004593E+00  5.11050642E-02
 -1.23898478E+00  1.00000000E+00  1.19577056E+00 -3.19851200E-01  3.99747962E-01  1.20442801E+00  1.00005004E+00  5.10944923E-02
 -1.19006769E+00  1.00000000E+00  1.15677649E+00 -3.19836284E-01  3.99725771E-01  1.20438810E+00  1.00006145E+00  5.10816644E-02
 -1.14115060E+00  1.00000000E+00  1.11778242E+00 -3.19821369E-01  3.99701552E-01  1.20434820E+00  1.00007285E+00  5.10688368E-02
 -1.09223351E+00  1.00000000E+00  1.07886620E+00 -3.19821805E-01  3.99692443E-01  1.20432571E+00  1.00007616E+00  5.10623895E-02
 -1.04331642E+00  1.00000000E+00  1.03994997E+00 -3.19822240E-01  3.99686288E-01  1.20430323E+00  1.00007946E+00  5.10559422E-02
 -9.94399333E-01  1.00000000E+00  1.00113425E+00 -3.19825512E-01  3.99709133E-01  1.20438002E+00  1.00005760E+00  5.10806053E-02
 -9.45482243E-01  1.00000000E+00  9.62318526E-01 -3.19828785E-01  3.99745086E-01  1.20445682E+00  1.00003575E+00  5.11052696E-02
 -8.96565154E-01  1.00000000E+00  9.23681547E-01 -3.19939586E-01  3.99857587E-01  1.20455433E+00  1.00005408E+00  5.11250633E-02
 -8.47648064E-01  1.00000000E+00  8.85044568E-01 -3.20050395E-01  3.99998094E-01  1.20465185E+00  1.00007242E+00  5.11448585E-02
 -7.99501858E-01  1.00000000E+00  8.47271393E-01 -3.20270356E-01  4.00235645E-01  1.20493531E+00  1.00008829E+00  5.12117529E-02
 -7.51355652E-01  1.00000000E+00  8.09498218E-01 -3.20490359E-01  4.00555641E-01  1.20521885E+00  1.00010421E+00  5.12786602E-02
 -7.08111109E-01  1.00000000E+00  7.75835114E-01 -3.20886924E-01  4.00976972E-01  1.20578358E+00  1.00007616E+00  5.14268554E-02
 -6.64866566E-01  1.00000000E+00  7.42172011E-01 -3.21283630E-01  4.01582617E-01  1.20634865E+00  1.00004825E+00  5.15751012E-02
 -6.26599939E-01  1.00000000E+00  7.12703083E-01 -3.21990387E-01  4.02368695E-01  1.20717168E+00  1.00010935E+00  5.17655812E-02
 -5.88333313E-01  1.00000000E+00  6.83234155E-01 -3.22697548E-01  4.03263678E-01  1.20799554E+00  1.00017087E+00  5.19561675E-02
 -5.54471587E-01  1.00000000E+00  6.57524749E-01 -3.23622697E-01  4.04435860E-01  1.20938413E+00  1.00002303E+00  5.23402757E-02
 -5.20609860E-01  1.00000000E+00  6.31815344E-01 -3.24548604E-01  4.05741957E-01  1.21077471E+00  9.99875984E-01  5.27246822E-02
 -4.90645977E-01  1.00000000E+00  6.09306517E-01 -3.25983719E-01  4.07302003E-01  1.21242880E+00  1.00006325E+00  5.30913886E-02
 -4.60682095E-01  1.00000000E+00  5.86797689E-01 -3.27420545E-01  4.09031541E-01  1.21408629E+00  1.00025219E+00  5.34585247E-02
 -4.34167380E-01  1.00000000E+00  5.67431238E-01 -3.29088105E-01  4.11211632E-01  1.21654471E+00  1.00002517E+00  5.41298847E-02
 -4.07652666E-01  1.00000000E+00  5.48064787E-01 -3.30758096E-01  4.13582877E-01  1.21900939E+00  9.99800691E-01  5.48021760E-02
 -3.84190072E-01  1.00000000E+00  5.31069239E-01 -3.32987766E-01  4.16127881E-01  1.22180700E+00  9.99954266E-01  5.54631843E-02
 -3.60727478E-01  1.00000000E+00  5.14073691E-01 -3.35221683E-01  4.18923271E-01  1.22461360E+00  1.00011191E+00  5.61254231E-02
 -3.39965684E-01  1.00000000E+00  4.99530321E-01 -3.37859851E-01  4.22283132E-01  1.22832351E+00  9.99973992E-01  5.70873793E-02
 -3.19203889E-01  1.00000000E+00  4.84986950E-01 -3.40504101E-01  4.25833665E-01  1.23204794E+00  9.99842055E-01  5.80514715E-02
 -3.00831998E-01  1.00000000E+00  4.72509913E-01 -3.43886600E-01  4.29746604E-01  1.23648828E+00  1.00001011E+00  5.91195408E-02
 -2.82460107E-01  1.00000000E+00  4.60032876E-01 -3.47279076E-01  4.33959453E-01  1.24095024E+00  1.00018750E+00  6.01906851E-02
 -2.66203017E-01  1.00000000E+00  4.49398092E-01 -3.50993375E-01  4.38674803E-01  1.24644942E+00  9.99939114E-01  6.16275768E-02
 -2.49945927E-01  1.00000000E+00  4.38763309E-01 -3.54720159E-01  4.43662963E-01  1.25197903E+00  9.99702541E-01  6.30691227E-02
 -2.35560203E-01  1.00000000E+00  4.29762148E-01 -3.59215797E-01  4.48982571E-01  1.25827487E+00  9.99843079E-01  6.46079472E-02
 -2.21174479E-01  1.00000000E+00  4.20760988E-01 -3.63729757E-01  4.54706032E-01  1.26461151E+00  9.99999924E-01  6.61528969E-02
 -2.08421419E-01  1.00000000E+00  4.13224133E-01 -3.69052164E-01  4.61009178E-01  1.27231318E+00  1.00005444E+00  6.80646847E-02
 -1.95668358E-01  1.00000000E+00  4.05687278E-01 -3.74400459E-01  4.67718652E-01  1.28007399E+00  1.00013184E+00  6.99855377E-02
 -1.83439085E-01  1.00000000E+00  3.99240230E-01 -3.80408134E-01  4.75502770E-01  1.28971307E+00  9.99727187E-01  7.24964712E-02
 -1.71209813E-01  1.00000000E+00  3.92793181E-01 -3.86450519E-01  4.83704498E-01  1.29943841E+00  9.99352581E-01  7.50214579E-02
 -1.58980541E-01  1.00000000E+00  3.86854322E-01 -3.95070239E-01  4.93753882E-01  1.31234505E+00  9.99819095E-01  7.81314883E-02
 -1.46751268E-01  1.00000000E+00  3.80915463E-01 -4.03760681E-01  5.04455159E-01  1.32540935E+00  1.00034286E+00  8.12666223E-02
 -1.34521996E-01  1.00000000E+00  3.76673422E-01 -4.14474925E-01  5.18341276E-01  1.34445749E+00  9.99389667E-01  8.62669565E-02
 -1.22292724E-01  1.00000000E+00  3.72431381E-01 -4.25307644E-01  5.32862099E-01  1.36381460E+00  9.98530289E-01  9.13210766E-02
 -1.10063451E-01  1.00000000E+00  3.67967283E-01 -4.43317846E-01  5.53382299E-01  1.39032974E+00  1.00137525E+00  9.72386222E-02
 -9.78341789E-02  1.00000000E+00  3.63503184E-01 -4.61637226E-01  5.74459160E-01  1.41748156E+00  1.00445233E+00  1.03257309E-01
 -8.56049065E-02  1.00000000E+00  3.74247771E-01 -4.81793871E-01  6.04077654E-01  1.47442605E+00  9.94613276E-01  1.19953194E-01
 -7.33756342E-02  1.00000000E+00  3.84992358E-01 -5.02539746E-01  6.39354748E-01  1.53367452E+00  9.85243080E-01  1.37107860E-01
 -6.11463618E-02  1.00000000E+00  3.34226822E-01 -5.45512200E-01  7.01875212E-01  1.59368095E+00  9.99169181E-01  1.48627943E-01
 -4.89170895E-02  1.00000000E+00  2.83461287E-01 -5.90163323E-01  7.46103531E-01  1.65669410E+00  1.01430260E+00  1.60597875E-01
 -3.66878171E-02  1.00000000E+00  6.05829297E-01 -7.74008535E-01  8.40048117E-01  2.01369604E+00  1.04995634E+00  2.40934924E-01
 -2.44585447E-02  1.00000000E+00  9.28197307E-01 -9.93207668E-01  1.06448032E+00  2.45296441E+00  1.10476209E+00  3.37050580E-01
 -1.22292724E-02  1.00000000E+00 -2.69726375E-01 -3.60777829E-01  1.76452569E+00  3.33811143E+00  6.36378656E-01  6.75433193E-01
  0.00000000E+00  1.00000000E+00 -1.46765006E+00  4.41579157E-01  3.05854179E+00  5.26184660E+00  4.75555795E-01  1.19657270E+00
