# curve 5 (die wall), step =     1000, time =   4.00000000E+02
# N1 = tau_xx - tau_yy = G ( c_xx - c_yy ),  G =  8.1818E-02  (polymer part only)
#              x               y        pressure            c_xy        gammadot            c_xx            c_yy              N1
 -3.00000000E+00  1.00000000E+00  2.16884025E+00 -2.66620819E+00  4.72272048E-01  1.89025256E+01  7.85015540E-01  1.48234173E+00
 -2.97524677E+00  1.00000000E+00  2.15570013E+00 -2.66679756E+00  4.72416311E-01  1.89049772E+01  7.85105542E-01  1.48253495E+00
 -2.95049355E+00  1.00000000E+00  2.14256001E+00 -2.66738703E+00  4.72545245E-01  1.89074291E+01  7.85195570E-01  1.48272820E+00
 -2.92574032E+00  1.00000000E+00  2.12933194E+00 -2.66708767E+00  4.72627636E-01  1.89091543E+01  7.85091577E-01  1.48287786E+00
 -2.90098710E+00  1.00000000E+00  2.11610387E+00 -2.66678826E+00  4.72665919E-01  1.89108796E+01  7.84987596E-01  1.48302753E+00
 -2.87623387E+00  1.00000000E+00  2.10339408E+00 -2.66844539E+00  4.72587285E-01  1.89175503E+01  7.85326222E-01  1.48354561E+00
 -2.85148064E+00  1.00000000E+00  2.09068428E+00 -2.67010326E+00  4.72385233E-01  1.89242236E+01  7.85665058E-01  1.48406388E+00
 -2.82672742E+00  1.00000000E+00  2.07734798E+00 -2.66793976E+00  4.72397664E-01  1.89193200E+01  7.85168987E-01  1.48370327E+00
 -2.80197419E+00  1.00000000E+00  2.06401168E+00 -2.66577708E+00  4.72524696E-01  1.89144185E+01  7.84673326E-01  1.48334278E+00
 -2.77722097E+00  1.00000000E+00  2.05081675E+00 -2.66699122E+00  4.72540962E-01  1.89139100E+01  7.84987365E-01  1.48327549E+00
 -2.75246774E+00  1.00000000E+00  2.03762183E+00 -2.66820533E+00  4.72557386E-01  1.89134021E+01  7.85301551E-01  1.48320823E+00
 -2.72771451E+00  1.00000000E+00  2.02464620E+00 -2.66819203E+00  4.72564414E-01  1.89141829E+01  7.85302272E-01  1.48327205E+00
 -2.70296129E+00  1.00000000E+00  2.01167057E+00 -2.66817874E+00  4.72533290E-01  1.89149637E+01  7.85302992E-01  1.48333588E+00
 -2.67820806E+00  1.00000000E+00  1.99841782E+00 -2.66760040E+00  4.72518294E-01  1.89147947E+01  7.85120859E-01  1.48333695E+00
 -2.65345484E+00  1.00000000E+00  1.98516507E+00 -2.66702211E+00  4.72568302E-01  1.89146257E+01  7.84938765E-01  1.48333802E+00
 -2.62870161E+00  1.00000000E+00  1.97204930E+00 -2.66746319E+00  4.72613744E-01  1.89146903E+01  7.85046807E-01  1.48333447E+00
 -2.60394839E+00  1.00000000E+00  1.95893352E+00 -2.66790428E+00  4.72636848E-01  1.89147550E+01  7.85154867E-01  1.48333092E+00
 -2.57919516E+00  1.00000000E+00  1.94580025E+00 -2.66852013E+00  4.72739682E-01  1.89166570E+01  7.85301807E-01  1.48347452E+00
 -2.55444193E+00  1.00000000E+00  1.93266699E+00 -2.66913606E+00  4.72753833E-01  1.89185592E+01  7.85448780E-01  1.48361813E+00
 -2.52968871E+00  1.00000000E+00  1.91967238E+00 -2.66916658E+00  4.72684261E-01  1.89234523E+01  7.85370008E-01  1.48402492E+00
 -2.50493548E+00  1.00000000E+00  1.90667777E+00 -2.66919702E+00  4.72598399E-01  1.89283468E+01  7.85291233E-01  1.48443182E+00
 -2.48018226E+00  1.00000000E+00  1.89319757E+00 -2.66765530E+00  4.72748529E-01  1.89252784E+01  7.84900595E-01  1.48421273E+00
 -2.45542903E+00  1.00000000E+00  1.87971737E+00 -2.66611401E+00  4.72927299E-01  1.89222109E+01  7.84510182E-01  1.48399370E+00
 -2.43067580E+00  1.00000000E+00  1.86659749E+00 -2.66748719E+00  4.73030798E-01  1.89246592E+01  7.84795447E-01  1.48417067E+00
 -2.40592258E+00  1.00000000E+00  1.85347761E+00 -2.66886060E+00  4.73102028E-01  1.89271081E+01  7.85080876E-01  1.48434768E+00
 -2.38116935E+00  1.00000000E+00  1.84050439E+00 -2.66952704E+00  4.73091879E-01  1.89293760E+01  7.85250098E-01  1.48451939E+00
 -2.35641613E+00  1.00000000E+00  1.82753118E+00 -2.67019359E+00  4.73046250E-01  1.89316442E+01  7.85419360E-01  1.48469112E+00
 -2.33166290E+00  1.00000000E+00  1.81420078E+00 -2.66885182E+00  4.73061297E-01  1.89338608E+01  7.84984227E-01  1.48490808E+00
 -2.30690967E+00  1.00000000E+00  1.80087038E+00 -2.66750993E+00  4.73133212E-01  1.89360785E+01  7.84549312E-01  1.48512512E+00
 -2.28215645E+00  1.00000000E+00  1.78762288E+00 -2.66838850E+00  4.73202037E-01  1.89370433E+01  7.84749080E-01  1.48518771E+00
 -2.25740322E+00  1.00000000E+00  1.77437538E+00 -2.66926714E+00  4.73231941E-01  1.89380083E+01  7.84948918E-01  1.48525031E+00
 -2.23265000E+00  1.00000000E+00  1.76143002E+00 -2.67035739E+00  4.73187496E-01  1.89426574E+01  7.85183223E-01  1.48561153E+00
 -2.20789677E+00  1.00000000E+00  1.74848466E+00 -2.67144797E+00  4.73067615E-01  1.89473078E+01  7.85417620E-01  1.48597283E+00
 -2.18314354E+00  1.00000000E+00  1.73513902E+00 -2.66970606E+00  4.73121787E-01  1.89441867E+01  7.84979421E-01  1.48575333E+00
 -2.15839032E+00  1.00000000E+00  1.72179339E+00 -2.66796465E+00  4.73250076E-01  1.89410668E+01  7.84541507E-01  1.48553388E+00
 -2.13363709E+00  1.00000000E+00  1.70853540E+00 -2.66820110E+00  4.73360052E-01  1.89422802E+01  7.84552396E-01  1.48563228E+00
 -2.10888387E+00  1.00000000E+00  1.69527741E+00 -2.66843757E+00  4.73473969E-01  1.89434938E+01  7.84563290E-01  1.48573068E+00
 -2.08413064E+00  1.00000000E+00  1.68206475E+00 -2.66929914E+00  4.73552147E-01  1.89450872E+01  7.84750543E-01  1.48584573E+00
 -2.05937741E+00  1.00000000E+00  1.66885209E+00 -2.67016081E+00  4.73559696E-01  1.89466808E+01  7.84937861E-01  1.48596079E+00
 -2.03462419E+00  1.00000000E+00  1.65568605E+00 -2.66998890E+00  4.73523789E-01  1.89462013E+01  7.84939064E-01  1.48592145E+00
 -2.00987096E+00  1.00000000E+00  1.64252002E+00 -2.66981699E+00  4.73470881E-01  1.89457217E+01  7.84940271E-01  1.48588212E+00
 -1.98511774E+00  1.00000000E+00  1.62919704E+00 -2.67029334E+00  4.73377285E-01  1.89437566E+01  7.85122690E-01  1.48570641E+00
 -1.96036451E+00  1.00000000E+00  1.61587407E+00 -2.67076963E+00  4.73259057E-01  1.89417919E+01  7.85305141E-01  1.48553074E+00
 -1.93561128E+00  1.00000000E+00  1.60289700E+00 -2.67156820E+00  4.73096668E-01  1.89415987E+01  7.85589580E-01  1.48549166E+00
 -1.91085806E+00  1.00000000E+00  1.58991993E+00 -2.67236685E+00  4.72891809E-01  1.89414057E+01  7.85874109E-01  1.48545258E+00
 -1.88610483E+00  1.00000000E+00  1.57644928E+00 -2.66980690E+00  4.72761283E-01  1.89374555E+01  7.85222158E-01  1.48518273E+00
 -1.86135161E+00  1.00000000E+00  1.56297864E+00 -2.66724792E+00  4.72727586E-01  1.89335074E+01  7.84570833E-01  1.48491299E+00
 -1.83659838E+00  1.00000000E+00  1.54957099E+00 -2.66848858E+00  4.72714342E-01  1.89258751E+01  7.85120958E-01  1.48424352E+00
 -1.81184516E+00  1.00000000E+00  1.53616334E+00 -2.66972859E+00  4.72634639E-01  1.89182474E+01  7.85671350E-01  1.48357441E+00
 -1.78709193E+00  1.00000000E+00  1.52327034E+00 -2.67040243E+00  4.72406427E-01  1.89207233E+01  7.85861645E-01  1.48376141E+00
 -1.76233870E+00  1.00000000E+00  1.51037733E+00 -2.67107640E+00  4.72104012E-01  1.89231995E+01  7.86051986E-01  1.48394844E+00
 -1.73758548E+00  1.00000000E+00  1.49674898E+00 -2.66836166E+00  4.71929194E-01  1.89135779E+01  7.85512462E-01  1.48320536E+00
 -1.71283225E+00  1.00000000E+00  1.48312064E+00 -2.66564869E+00  4.71810808E-01  1.89039618E+01  7.84973512E-01  1.48246268E+00
 -1.68807903E+00  1.00000000E+00  1.46965028E+00 -2.66581650E+00  4.71582883E-01  1.88924815E+01  7.85311767E-01  1.48149570E+00
 -1.66332580E+00  1.00000000E+00  1.45617993E+00 -2.66598387E+00  4.71367651E-01  1.88810090E+01  7.85650073E-01  1.48052936E+00
 -1.63857257E+00  1.00000000E+00  1.44294040E+00 -2.66489639E+00  4.71209032E-01  1.88699256E+01  7.85628024E-01  1.47962435E+00
 -1.61381935E+00  1.00000000E+00  1.42970086E+00 -2.66380942E+00  4.70940499E-01  1.88588487E+01  7.85606023E-01  1.47871986E+00
 -1.58906612E+00  1.00000000E+00  1.41610015E+00 -2.66303835E+00  4.70524333E-01  1.88421945E+01  7.85791828E-01  1.47734204E+00
 -1.56431290E+00  1.00000000E+00  1.40249943E+00 -2.66226741E+00  4.70141767E-01  1.88255555E+01  7.85977632E-01  1.47596547E+00
 -1.53955967E+00  1.00000000E+00  1.38945855E+00 -2.66282747E+00  4.69663104E-01  1.88076086E+01  7.86599302E-01  1.47444622E+00
 -1.51480644E+00  1.00000000E+00  1.37641767E+00 -2.66338617E+00  4.69117525E-01  1.87896814E+01  7.87221182E-01  1.47292856E+00
 -1.49005322E+00  1.00000000E+00  1.36320948E+00 -2.66346973E+00  4.68403660E-01  1.87661237E+01  7.87929016E-01  1.47094320E+00
 -1.46529999E+00  1.00000000E+00  1.35000129E+00 -2.66355214E+00  4.67598185E-01  1.87425986E+01  7.88637157E-01  1.46896048E+00
 -1.44054677E+00  1.00000000E+00  1.33679694E+00 -2.66290663E+00  4.66757893E-01  1.87230696E+01  7.89098626E-01  1.46732490E+00
 -1.41579354E+00  1.00000000E+00  1.32359259E+00 -2.66226133E+00  4.65797095E-01  1.87035621E+01  7.89560335E-01  1.46569105E+00
 -1.39104031E+00  1.00000000E+00  1.30998024E+00 -2.65623866E+00  4.64898452E-01  1.86600238E+01  7.88934252E-01  1.46218006E+00
 -1.36628709E+00  1.00000000E+00  1.29636789E+00 -2.65022959E+00  4.64272878E-01  1.86165869E+01  7.88310096E-01  1.45867720E+00
 -1.34153386E+00  1.00000000E+00  1.28290148E+00 -2.64917730E+00  4.63499850E-01  1.85794110E+01  7.88937706E-01  1.45558418E+00
 -1.31678064E+00  1.00000000E+00  1.26943506E+00 -2.64812404E+00  4.62666211E-01  1.85423139E+01  7.89565349E-01  1.45249761E+00
 -1.29202741E+00  1.00000000E+00  1.25629177E+00 -2.64628448E+00  4.61617666E-01  1.85057692E+01  7.90048880E-01  1.44946803E+00
 -1.26727418E+00  1.00000000E+00  1.24314848E+00 -2.64444629E+00  4.60487117E-01  1.84692993E+01  7.90532620E-01  1.44644454E+00
 -1.24252096E+00  1.00000000E+00  1.22997761E+00 -2.64378323E+00  4.59383372E-01  1.84293827E+01  7.91467261E-01  1.44310217E+00
 -1.21776773E+00  1.00000000E+00  1.21680674E+00 -2.64311843E+00  4.58105720E-01  1.83895588E+01  7.92402344E-01  1.43976735E+00
 -1.19301451E+00  1.00000000E+00  1.20356914E+00 -2.63655294E+00  4.56472304E-01  1.83232365E+01  7.92253584E-01  1.43435315E+00
 -1.16826128E+00  1.00000000E+00  1.19033153E+00 -2.63000642E+00  4.55230606E-01  1.82571549E+01  7.92106556E-01  1.42895850E+00
 -1.14350806E+00  1.00000000E+00  1.17721691E+00 -2.62574684E+00  4.53841618E-01  1.82005700E+01  7.92394445E-01  1.42430527E+00
 -1.11875483E+00  1.00000000E+00  1.16410229E+00 -2.62149573E+00  4.52399518E-01  1.81441638E+01  7.92682935E-01  1.41966661E+00
 -1.09400160E+00  1.00000000E+00  1.15083804E+00 -2.61864602E+00  4.50944686E-01  1.80803023E+01  7.93570397E-01  1.41436897E+00
 -1.06924838E+00  1.00000000E+00  1.13757378E+00 -2.61579838E+00  4.49423903E-01  1.80166756E+01  7.94458150E-01  1.40909052E+00
 -1.04449515E+00  1.00000000E+00  1.12497789E+00 -2.61282725E+00  4.47585314E-01  1.79400262E+01  7.95666408E-01  1.40272035E+00
 -1.01974193E+00  1.00000000E+00  1.11238199E+00 -2.60985669E+00  4.45637421E-01  1.78637196E+01  7.96875102E-01  1.39637819E+00
 -9.94988700E-01  1.00000000E+00  1.09986963E+00 -2.60359741E+00  4.43376507E-01  1.77762234E+01  7.97556980E-01  1.38916362E+00
 -9.70235474E-01  1.00000000E+00  1.08735726E+00 -2.59735722E+00  4.41156103E-01  1.76891651E+01  7.98240624E-01  1.38198473E+00
 -9.45482248E-01  1.00000000E+00  1.07460268E+00 -2.59215579E+00  4.38873607E-01  1.75994679E+01  7.99228455E-01  1.37456504E+00
 -9.20729022E-01  1.00000000E+00  1.06184810E+00 -2.58696621E+00  4.36546523E-01  1.75102406E+01  8.00217260E-01  1.36718373E+00
 -8.95975796E-01  1.00000000E+00  1.04991855E+00 -2.58110478E+00  4.33926879E-01  1.73962128E+01  8.01654811E-01  1.35773656E+00
 -8.71222570E-01  1.00000000E+00  1.03798900E+00 -2.57525575E+00  4.31332228E-01  1.72829573E+01  8.03093327E-01  1.34835250E+00
 -8.46469344E-01  1.00000000E+00  1.02629966E+00 -2.56670554E+00  4.28252267E-01  1.71744072E+01  8.03827482E-01  1.33941107E+00
 -8.21716118E-01  1.00000000E+00  1.01461033E+00 -2.55819175E+00  4.25189642E-01  1.70665513E+01  8.04565311E-01  1.33052613E+00
 -7.97201467E-01  1.00000000E+00  1.00235127E+00 -2.55047517E+00  4.22749338E-01  1.69487901E+01  8.05615097E-01  1.32080523E+00
 -7.72686817E-01  1.00000000E+00  9.90092213E-01 -2.54278617E+00  4.20190412E-01  1.68318650E+01  8.06666562E-01  1.31115260E+00
 -7.49503432E-01  1.00000000E+00  9.80273456E-01 -2.53999901E+00  4.17184112E-01  1.67183308E+01  8.09218723E-01  1.30165462E+00
 -7.26320047E-01  1.00000000E+00  9.70454699E-01 -2.53720067E+00  4.14048353E-01  1.66056175E+01  8.11773398E-01  1.29222361E+00
 -7.04527831E-01  1.00000000E+00  9.61430003E-01 -2.52560043E+00  4.10676171E-01  1.64796977E+01  8.12179909E-01  1.28188782E+00
 -6.82735615E-01  1.00000000E+00  9.52405307E-01 -2.51406607E+00  4.07580648E-01  1.63547443E+01  8.12593131E-01  1.27163055E+00
 -6.62251087E-01  1.00000000E+00  9.42973262E-01 -2.50588171E+00  4.05178001E-01  1.62401617E+01  8.13467522E-01  1.26218407E+00
 -6.41766559E-01  1.00000000E+00  9.33541217E-01 -2.49772950E+00  4.02652055E-01  1.61264031E+01  8.14343724E-01  1.25280485E+00
 -6.22511254E-01  1.00000000E+00  9.26525785E-01 -2.49085282E+00  3.99631184E-01  1.60028144E+01  8.16048111E-01  1.24255360E+00
 -6.03255949E-01  1.00000000E+00  9.19510352E-01 -2.48399657E+00  3.96581523E-01  1.58802110E+01  8.17754568E-01  1.23238280E+00
 -5.85156097E-01  1.00000000E+00  9.12787408E-01 -2.47061412E+00  3.93446734E-01  1.57412336E+01  8.17874775E-01  1.22100209E+00
 -5.67056245E-01  1.00000000E+00  9.06064464E-01 -2.45731891E+00  3.90572653E-01  1.56034866E+01  8.18002475E-01  1.20972143E+00
 -5.50042515E-01  1.00000000E+00  8.99884427E-01 -2.45233775E+00  3.87982451E-01  1.54874283E+01  8.20107253E-01  1.20005354E+00
 -5.33028786E-01  1.00000000E+00  8.93704390E-01 -2.44736099E+00  3.85061486E-01  1.53722807E+01  8.22213611E-01  1.19046003E+00
 -5.17036006E-01  1.00000000E+00  8.90065325E-01 -2.44774660E+00  3.81716720E-01  1.52637999E+01  8.26202242E-01  1.18125799E+00
 -5.01043227E-01  1.00000000E+00  8.86426260E-01 -2.44810147E+00  3.78094352E-01  1.51561744E+01  8.30200263E-01  1.17212516E+00
 -4.86010125E-01  1.00000000E+00  8.81013345E-01 -2.42876020E+00  3.74492010E-01  1.50124143E+01  8.28672771E-01  1.16048794E+00
 -4.70977023E-01  1.00000000E+00  8.75600430E-01 -2.40958356E+00  3.72251730E-01  1.48700182E+01  8.27167015E-01  1.14896055E+00
 -4.56846016E-01  1.00000000E+00  8.72719883E-01 -2.40399576E+00  3.68906592E-01  1.47430825E+01  8.29528249E-01  1.13838171E+00
 -4.42715008E-01  1.00000000E+00  8.69839336E-01 -2.39841322E+00  3.65988836E-01  1.46172924E+01  8.31891029E-01  1.12789648E+00
 -4.29431964E-01  1.00000000E+00  8.66769886E-01 -2.39372690E+00  3.63568953E-01  1.45339481E+01  8.33545257E-01  1.12094205E+00
 -4.16148920E-01  1.00000000E+00  8.63700436E-01 -2.38905314E+00  3.61179873E-01  1.44510999E+01  8.35202715E-01  1.11402795E+00
 -4.03662954E-01  1.00000000E+00  8.61488927E-01 -2.37272453E+00  3.57326560E-01  1.42937234E+01  8.35311114E-01  1.10114282E+00
 -3.91176988E-01  1.00000000E+00  8.59277419E-01 -2.35653165E+00  3.54220926E-01  1.41380797E+01  8.35432722E-01  1.08839839E+00
 -3.79440270E-01  1.00000000E+00  8.57358757E-01 -2.34562255E+00  3.51404255E-01  1.40111203E+01  8.36101179E-01  1.07795611E+00
 -3.67703552E-01  1.00000000E+00  8.55440096E-01 -2.33477569E+00  3.48744591E-01  1.38853267E+01  8.36773396E-01  1.06760891E+00
 -3.56671122E-01  1.00000000E+00  8.53667612E-01 -2.32994459E+00  3.46378487E-01  1.37608894E+01  8.39686025E-01  1.05718937E+00
 -3.45638692E-01  1.00000000E+00  8.51895128E-01 -2.32511356E+00  3.43591363E-01  1.36376417E+01  8.42602235E-01  1.04686687E+00
 -3.35268287E-01  1.00000000E+00  8.52923138E-01 -2.31516794E+00  3.38677536E-01  1.34665125E+01  8.45640293E-01  1.03261681E+00
 -3.24897882E-01  1.00000000E+00  8.53951148E-01 -2.30527061E+00  3.34506608E-01  1.32976328E+01  8.48684929E-01  1.01855028E+00
 -3.15149775E-01  1.00000000E+00  8.55021820E-01 -2.29896268E+00  3.30358407E-01  1.31553383E+01  8.52592252E-01  1.00658831E+00
 -3.05401669E-01  1.00000000E+00  8.56092492E-01 -2.29267449E+00  3.26271293E-01  1.30146616E+01  8.56512534E-01  9.94757650E-01
 -2.96238520E-01  1.00000000E+00  8.56393842E-01 -2.26520347E+00  3.20816099E-01  1.28004504E+01  8.55216252E-01  9.77337338E-01
 -2.87075371E-01  1.00000000E+00  8.56695191E-01 -2.23811069E+00  3.16459411E-01  1.25897806E+01  8.53965572E-01  9.60203044E-01
 -2.78462077E-01  1.00000000E+00  8.56167097E-01 -2.22581141E+00  3.13939621E-01  1.24520857E+01  8.54982509E-01  9.48853901E-01
 -2.69848783E-01  1.00000000E+00  8.55639002E-01 -2.21359795E+00  3.11623745E-01  1.23159351E+01  8.56005653E-01  9.37630594E-01
 -2.61752348E-01  1.00000000E+00  8.58185644E-01 -2.19638682E+00  3.06611811E-01  1.20936560E+01  8.58971435E-01  9.19201462E-01
 -2.53655913E-01  1.00000000E+00  8.60732286E-01 -2.17934973E+00  3.01876332E-01  1.18755303E+01  8.61952511E-01  9.01110910E-01
 -2.46045323E-01  1.00000000E+00  8.62315834E-01 -2.16685837E+00  2.97280214E-01  1.16676362E+01  8.66424895E-01  8.83735474E-01
 -2.38434732E-01  1.00000000E+00  8.63899383E-01 -2.15445262E+00  2.92071636E-01  1.14635762E+01  8.70911705E-01  8.66672550E-01
 -2.31280830E-01  1.00000000E+00  8.69002959E-01 -2.13219076E+00  2.85300171E-01  1.12019503E+01  8.74699963E-01  8.44956845E-01
 -2.24126928E-01  1.00000000E+00  8.74106534E-01 -2.11024431E+00  2.78951376E-01  1.09464930E+01  8.78524881E-01  8.23742847E-01
 -2.17402314E-01  1.00000000E+00  8.77060309E-01 -2.07304207E+00  2.71999393E-01  1.06080387E+01  8.80073108E-01  7.95924453E-01
 -2.10677699E-01  1.00000000E+00  8.80014084E-01 -2.03667491E+00  2.65175284E-01  1.02802425E+01  8.81705027E-01  7.68971248E-01
 -2.04351753E-01  1.00000000E+00  8.84138658E-01 -2.01164465E+00  2.58563718E-01  9.95829422E+00  8.88188730E-01  7.42099540E-01
 -1.98025807E-01  1.00000000E+00  8.88263232E-01 -1.98704154E+00  2.51184369E-01  9.64688086E+00  8.94727444E-01  7.16085279E-01
 -1.91837501E-01  1.00000000E+00  8.94954263E-01 -1.95713814E+00  2.42031991E-01  9.26117865E+00  9.04637599E-01  6.83716995E-01
 -1.85649194E-01  1.00000000E+00  9.01645293E-01 -1.92791761E+00  2.32322951E-01  8.89165054E+00  9.14681258E-01  6.52661123E-01
 -1.79460888E-01  1.00000000E+00  9.10008822E-01 -1.88762482E+00  2.21354146E-01  8.48572764E+00  9.23314250E-01  6.18742913E-01
 -1.73272582E-01  1.00000000E+00  9.18372350E-01 -1.84858547E+00  2.09841982E-01  8.09899861E+00  9.32159027E-01  5.86377784E-01
 -1.67084275E-01  1.00000000E+00  9.25213782E-01 -1.75038356E+00  1.95971611E-01  7.43624248E+00  9.31450629E-01  5.32210242E-01
 -1.60895969E-01  1.00000000E+00  9.32055215E-01 -1.65859678E+00  1.84012615E-01  6.82832968E+00  9.31640891E-01  4.82456355E-01
 -1.54707662E-01  1.00000000E+00  9.47544867E-01 -1.59783109E+00  1.70961332E-01  6.22573634E+00  9.51597515E-01  4.31520450E-01
 -1.48519356E-01  1.00000000E+00  9.63034519E-01 -1.54067102E+00  1.55791893E-01  5.67875851E+00  9.72321401E-01  3.85072127E-01
 -1.42331049E-01  1.00000000E+00  9.85967445E-01 -1.45317072E+00  1.37016293E-01  5.02950279E+00  9.98647152E-01  3.29797280E-01
 -1.36142743E-01  1.00000000E+00  1.00890037E+00 -1.37361073E+00  1.18898127E-01  4.45673763E+00  1.02736877E+00  2.80584725E-01
 -1.29954436E-01  1.00000000E+00  1.03597057E+00 -1.15699479E+00  1.01541409E-01  3.60701457E+00  1.00329382E+00  2.13031698E-01
 -1.23766130E-01  1.00000000E+00  1.06304077E+00 -9.76417123E-01  8.70362874E-02  2.91887647E+00  9.88376966E-01  1.57949959E-01
 -1.17577823E-01  1.00000000E+00  1.09775864E+00 -7.90710463E-01  7.66700901E-02  2.24784825E+00  9.94922680E-01  1.02512092E-01
 -1.11389517E-01  1.00000000E+00  1.13247651E+00 -6.41064021E-01  6.00247611E-02  1.73040852E+00  1.01418650E+00  5.85999832E-02
 -1.05201210E-01  1.00000000E+00  1.19494459E+00 -4.35582924E-01  3.65150553E-02  1.23435646E+00  1.06981957E+00  1.34621090E-02
 -9.90129037E-02  1.00000000E+00  1.25741268E+00 -2.73312204E-01  1.59575417E-02  8.83085181E-01  1.16198810E+00 -2.28193299E-02
 -9.28245972E-02  1.00000000E+00  1.36189491E+00  9.16387896E-02  1.61381321E-02  7.73469539E-01  1.17708853E+00 -3.30233719E-02
 -8.66362908E-02  1.00000000E+00  1.46637713E+00  4.53590580E-01  4.62225580E-02  7.93025588E-01  1.33786647E+00 -4.45778906E-02
 -8.04479843E-02  1.00000000E+00  1.57118883E+00  6.90675961E-01  5.56558022E-02  1.11162846E+00  1.33240543E+00 -1.80635703E-02
 -7.42596778E-02  1.00000000E+00  1.67600052E+00  9.92526692E-01  6.84410977E-02  1.56478981E+00  1.38294931E+00  1.48778589E-02
 -6.80713713E-02  1.00000000E+00  1.81095083E+00  1.31702090E+00  9.61285028E-02  2.28957686E+00  1.40116699E+00  7.26880802E-02
 -6.18830648E-02  1.00000000E+00  1.94590114E+00  1.75857689E+00  1.24479132E-01  3.34310856E+00  1.47598421E+00  1.52764719E-01
 -5.56947583E-02  1.00000000E+00  2.06894431E+00  1.79485860E+00  1.16453763E-01  3.75032482E+00  1.40257397E+00  1.92088706E-01
 -4.95064519E-02  1.00000000E+00  2.19198747E+00  1.83591978E+00  1.23388325E-01  4.22225076E+00  1.33270867E+00  2.36417080E-01
 -4.33181454E-02  1.00000000E+00  2.35606627E+00  1.82149740E+00  1.33352537E-01  3.77033656E+00  1.39681431E+00  1.94197276E-01
 -3.71298389E-02  1.00000000E+00  2.52014507E+00  1.80658301E+00  1.25101711E-01  3.38434793E+00  1.46158758E+00  1.57316756E-01
 -3.09415324E-02  1.00000000E+00  2.48535795E+00  7.46972644E-01  1.40568605E-01  1.81752703E+00  1.07066526E+00  6.11068723E-02
 -2.47532259E-02  1.00000000E+00  2.45057082E+00  9.47771514E-02  1.27570422E-01  1.08388462E+00  1.06453499E+00  1.58315139E-03
 -1.85649194E-02  1.00000000E+00  3.69524858E+00  1.30607739E+00  4.73538866E-01  5.18585231E+00  8.58397207E-01  3.54064508E-01
 -1.23766130E-02  1.00000000E+00  4.93992633E+00  6.64387940E+00  8.49489231E-01  2.55712712E+01  1.98371354E+00  1.92989108E+00
 -6.18830648E-03  1.00000000E+00  2.07892804E+00  6.26589409E+00  2.66762551E-01  5.90137125E+00  8.04159995E+00 -1.75109621E-01
  0.00000000E+00  1.00000000E+00 -7.82070259E-01  2.26531776E+01  1.02035172E+00  7.48678014E+00  6.99052548E+01 -5.10696611E+00
