# curve 5 (die wall), step =      100, time =   4.00000000E+01
# N1 = tau_xx - tau_yy = G ( c_xx - c_yy ),  G =  8.1818E-02  (polymer part only)
#              x               y        pressure            c_xy        gammadot            c_xx            c_yy              N1
 -3.00000000E+00  1.00000000E+00  2.18280049E+00 -2.68757268E+00  4.74264065E-01  1.91918336E+01  7.82886192E-01  1.50618660E+00
 -2.97524677E+00  1.00000000E+00  2.16954895E+00 -2.68815644E+00  4.74398908E-01  1.91939324E+01  7.82982838E-01  1.50635042E+00
 -2.95049355E+00  1.00000000E+00  2.15629740E+00 -2.68874028E+00  4.74532090E-01  1.91960315E+01  7.83079510E-01  1.50651425E+00
 -2.92574032E+00  1.00000000E+00  2.14300735E+00 -2.68849572E+00  4.74627394E-01  1.91983527E+01  7.82971754E-01  1.50671299E+00
 -2.90098710E+00  1.00000000E+00  2.12971730E+00 -2.68825109E+00  4.74675918E-01  1.92006743E+01  7.82864007E-01  1.50691175E+00
 -2.87623387E+00  1.00000000E+00  2.11694878E+00 -2.68983935E+00  4.74600605E-01  1.92076049E+01  7.83176982E-01  1.50745319E+00
 -2.85148064E+00  1.00000000E+00  2.10418026E+00 -2.69142832E+00  4.74399734E-01  1.92145382E+01  7.83490142E-01  1.50799484E+00
 -2.82672742E+00  1.00000000E+00  2.09073242E+00 -2.68914399E+00  4.74422026E-01  1.92094314E+01  7.82965532E-01  1.50761994E+00
 -2.80197419E+00  1.00000000E+00  2.07728458E+00 -2.68686058E+00  4.74562720E-01  1.92043269E+01  7.82441376E-01  1.50724518E+00
 -2.77722097E+00  1.00000000E+00  2.06399221E+00 -2.68822244E+00  4.74589601E-01  1.92042332E+01  7.82780270E-01  1.50720978E+00
 -2.75246774E+00  1.00000000E+00  2.05069984E+00 -2.68958432E+00  4.74613901E-01  1.92041400E+01  7.83119344E-01  1.50717442E+00
 -2.72771451E+00  1.00000000E+00  2.03763709E+00 -2.68967177E+00  4.74631481E-01  1.92056210E+01  7.83130679E-01  1.50729466E+00
 -2.70296129E+00  1.00000000E+00  2.02457433E+00 -2.68975923E+00  4.74604451E-01  1.92071021E+01  7.83142013E-01  1.50741491E+00
 -2.67820806E+00  1.00000000E+00  2.01123262E+00 -2.68923146E+00  4.74587237E-01  1.92073917E+01  7.82964973E-01  1.50745309E+00
 -2.65345484E+00  1.00000000E+00  1.99789090E+00 -2.68870370E+00  4.74637797E-01  1.92076813E+01  7.82787969E-01  1.50749128E+00
 -2.62870161E+00  1.00000000E+00  1.98467996E+00 -2.68915186E+00  4.74687328E-01  1.92080948E+01  7.82888642E-01  1.50751687E+00
 -2.60394839E+00  1.00000000E+00  1.97146901E+00 -2.68960002E+00  4.74716094E-01  1.92085084E+01  7.82989333E-01  1.50754247E+00
 -2.57919516E+00  1.00000000E+00  1.95823565E+00 -2.69020959E+00  4.74827986E-01  1.92106726E+01  7.83126074E-01  1.50770835E+00
 -2.55444193E+00  1.00000000E+00  1.94500230E+00 -2.69081926E+00  4.74852366E-01  1.92128370E+01  7.83262846E-01  1.50787425E+00
 -2.52968871E+00  1.00000000E+00  1.93191730E+00 -2.69086716E+00  4.74789778E-01  1.92181042E+01  7.83178373E-01  1.50831211E+00
 -2.50493548E+00  1.00000000E+00  1.91883231E+00 -2.69091499E+00  4.74710173E-01  1.92233729E+01  7.83093895E-01  1.50875010E+00
 -2.48018226E+00  1.00000000E+00  1.90524459E+00 -2.68941030E+00  4.74870700E-01  1.92205102E+01  7.82708365E-01  1.50854742E+00
 -2.45542903E+00  1.00000000E+00  1.89165687E+00 -2.68790601E+00  4.75058366E-01  1.92176483E+01  7.82323049E-01  1.50834479E+00
 -2.43067580E+00  1.00000000E+00  1.87845066E+00 -2.68937144E+00  4.75166049E-01  1.92203792E+01  7.82623880E-01  1.50854361E+00
 -2.40592258E+00  1.00000000E+00  1.86524446E+00 -2.69083715E+00  4.75240427E-01  1.92231108E+01  7.82924895E-01  1.50874248E+00
 -2.38116935E+00  1.00000000E+00  1.85218295E+00 -2.69147279E+00  4.75230235E-01  1.92252225E+01  7.83086787E-01  1.50890201E+00
 -2.35641613E+00  1.00000000E+00  1.83912145E+00 -2.69210854E+00  4.75188643E-01  1.92273345E+01  7.83248716E-01  1.50906156E+00
 -2.33166290E+00  1.00000000E+00  1.82568674E+00 -2.69074294E+00  4.75208598E-01  1.92294696E+01  7.82808644E-01  1.50927226E+00
 -2.30690967E+00  1.00000000E+00  1.81225203E+00 -2.68937724E+00  4.75285497E-01  1.92316057E+01  7.82368796E-01  1.50948302E+00
 -2.28215645E+00  1.00000000E+00  1.79891161E+00 -2.69036134E+00  4.75357342E-01  1.92324850E+01  7.82594934E-01  1.50953646E+00
 -2.25740322E+00  1.00000000E+00  1.78557119E+00 -2.69134550E+00  4.75388173E-01  1.92333646E+01  7.82821161E-01  1.50958992E+00
 -2.23265000E+00  1.00000000E+00  1.77254351E+00 -2.69243929E+00  4.75339239E-01  1.92380102E+01  7.83054400E-01  1.50995093E+00
 -2.20789677E+00  1.00000000E+00  1.75951582E+00 -2.69353342E+00  4.75214159E-01  1.92426571E+01  7.83287729E-01  1.51031204E+00
 -2.18314354E+00  1.00000000E+00  1.74605928E+00 -2.69165425E+00  4.75269546E-01  1.92385955E+01  7.82829191E-01  1.51001724E+00
 -2.15839032E+00  1.00000000E+00  1.73260274E+00 -2.68977571E+00  4.75402380E-01  1.92345353E+01  7.82370973E-01  1.50972253E+00
 -2.13363709E+00  1.00000000E+00  1.71924772E+00 -2.69008590E+00  4.75515586E-01  1.92351533E+01  7.82410889E-01  1.50976984E+00
 -2.10888387E+00  1.00000000E+00  1.70589270E+00 -2.69039609E+00  4.75627457E-01  1.92357714E+01  7.82450814E-01  1.50981714E+00
 -2.08413064E+00  1.00000000E+00  1.69259896E+00 -2.69130474E+00  4.75694241E-01  1.92365888E+01  7.82666585E-01  1.50986636E+00
 -2.05937741E+00  1.00000000E+00  1.67930521E+00 -2.69221345E+00  4.75687619E-01  1.92374064E+01  7.82882433E-01  1.50991559E+00
 -2.03462419E+00  1.00000000E+00  1.66605911E+00 -2.69196194E+00  4.75626728E-01  1.92356603E+01  7.82892927E-01  1.50977188E+00
 -2.00987096E+00  1.00000000E+00  1.65281300E+00 -2.69171045E+00  4.75552800E-01  1.92339144E+01  7.82903428E-01  1.50962817E+00
 -1.98511774E+00  1.00000000E+00  1.63937386E+00 -2.69208600E+00  4.75453346E-01  1.92307969E+01  7.83077618E-01  1.50935885E+00
 -1.96036451E+00  1.00000000E+00  1.62593472E+00 -2.69246145E+00  4.75331314E-01  1.92276800E+01  7.83251832E-01  1.50908958E+00
 -1.93561128E+00  1.00000000E+00  1.61288075E+00 -2.69330985E+00  4.75151809E-01  1.92267409E+01  7.83565783E-01  1.50898705E+00
 -1.91085806E+00  1.00000000E+00  1.59982678E+00 -2.69415829E+00  4.74926534E-01  1.92258021E+01  7.83879842E-01  1.50888455E+00
 -1.88610483E+00  1.00000000E+00  1.58621771E+00 -2.69143513E+00  4.74783308E-01  1.92203855E+01  7.83213260E-01  1.50849591E+00
 -1.86135161E+00  1.00000000E+00  1.57260864E+00 -2.68871322E+00  4.74742318E-01  1.92149717E+01  7.82547352E-01  1.50810744E+00
 -1.83659838E+00  1.00000000E+00  1.55913395E+00 -2.69017330E+00  4.74712199E-01  1.92057883E+01  7.83184492E-01  1.50730395E+00
 -1.81184516E+00  1.00000000E+00  1.54565925E+00 -2.69163245E+00  4.74608800E-01  1.91966115E+01  7.83821989E-01  1.50650096E+00
 -1.78709193E+00  1.00000000E+00  1.53270157E+00 -2.69221592E+00  4.74339503E-01  1.91978270E+01  7.84021245E-01  1.50658411E+00
 -1.76233870E+00  1.00000000E+00  1.51974388E+00 -2.69279947E+00  4.73997281E-01  1.91990427E+01  7.84220548E-01  1.50666726E+00
 -1.73758548E+00  1.00000000E+00  1.50597254E+00 -2.68975875E+00  4.73787439E-01  1.91864560E+01  7.83656199E-01  1.50568362E+00
 -1.71283225E+00  1.00000000E+00  1.49220121E+00 -2.68672048E+00  4.73651050E-01  1.91738783E+01  7.83092524E-01  1.50470065E+00
 -1.68807903E+00  1.00000000E+00  1.47863658E+00 -2.68706317E+00  4.73404336E-01  1.91604190E+01  7.83516270E-01  1.50356477E+00
 -1.66332580E+00  1.00000000E+00  1.46507195E+00 -2.68740515E+00  4.73158477E-01  1.91469706E+01  7.83940102E-01  1.50242977E+00
 -1.63857257E+00  1.00000000E+00  1.45178097E+00 -2.68618610E+00  4.72944323E-01  1.91328758E+01  7.83953425E-01  1.50127547E+00
 -1.61381935E+00  1.00000000E+00  1.43848998E+00 -2.68496772E+00  4.72620770E-01  1.91187916E+01  7.83966799E-01  1.50012203E+00
 -1.58906612E+00  1.00000000E+00  1.42476676E+00 -2.68391619E+00  4.72161612E-01  1.90984427E+01  7.84157907E-01  1.49844148E+00
 -1.56431290E+00  1.00000000E+00  1.41104353E+00 -2.68286500E+00  4.71733425E-01  1.90781162E+01  7.84349015E-01  1.49676277E+00
 -1.53955967E+00  1.00000000E+00  1.39797787E+00 -2.68316671E+00  4.71177638E-01  1.90554412E+01  7.85012064E-01  1.49485329E+00
 -1.51480644E+00  1.00000000E+00  1.38491221E+00 -2.68346681E+00  4.70561666E-01  1.90327963E+01  7.85675315E-01  1.49294626E+00
 -1.49005322E+00  1.00000000E+00  1.37163213E+00 -2.68309022E+00  4.69771370E-01  1.90040130E+01  7.86374555E-01  1.49053405E+00
 -1.46529999E+00  1.00000000E+00  1.35835205E+00 -2.68271265E+00  4.68900975E-01  1.89752766E+01  7.87074070E-01  1.48812566E+00
 -1.44054677E+00  1.00000000E+00  1.34500939E+00 -2.68195034E+00  4.68012431E-01  1.89528463E+01  7.87569016E-01  1.48624996E+00
 -1.41579354E+00  1.00000000E+00  1.33166672E+00 -2.68118827E+00  4.66994604E-01  1.89304439E+01  7.88064225E-01  1.48437652E+00
 -1.39104031E+00  1.00000000E+00  1.31797597E+00 -2.67509527E+00  4.66024222E-01  1.88812927E+01  7.87543417E-01  1.48039767E+00
 -1.36628709E+00  1.00000000E+00  1.30428521E+00 -2.66901683E+00  4.65324253E-01  1.88322692E+01  7.87024370E-01  1.47642912E+00
 -1.34153386E+00  1.00000000E+00  1.29076101E+00 -2.66781580E+00  4.64471097E-01  1.87908015E+01  7.87713748E-01  1.47297991E+00
 -1.31678064E+00  1.00000000E+00  1.27723681E+00 -2.66661369E+00  4.63539518E-01  1.87494306E+01  7.88403172E-01  1.46953861E+00
 -1.29202741E+00  1.00000000E+00  1.26401825E+00 -2.66418802E+00  4.62385090E-01  1.87073822E+01  7.88856433E-01  1.46606120E+00
 -1.26727418E+00  1.00000000E+00  1.25079968E+00 -2.66176498E+00  4.61182882E-01  1.86654309E+01  7.89309972E-01  1.46259171E+00
 -1.24252096E+00  1.00000000E+00  1.23758048E+00 -2.66123977E+00  4.60011754E-01  1.86206590E+01  7.90403252E-01  1.45883911E+00
 -1.21776773E+00  1.00000000E+00  1.22436127E+00 -2.66071173E+00  4.58639380E-01  1.85760033E+01  7.91497116E-01  1.45509596E+00
 -1.19301451E+00  1.00000000E+00  1.21110070E+00 -2.65340937E+00  4.56840161E-01  1.85024083E+01  7.91327992E-01  1.44908839E+00
 -1.16826128E+00  1.00000000E+00  1.19784014E+00 -2.64613028E+00  4.55493791E-01  1.84291066E+01  7.91161023E-01  1.44310464E+00
 -1.14350806E+00  1.00000000E+00  1.18465390E+00 -2.64152003E+00  4.54017932E-01  1.83665069E+01  7.91504025E-01  1.43795478E+00
 -1.11875483E+00  1.00000000E+00  1.17146767E+00 -2.63691965E+00  4.52481996E-01  1.83041240E+01  7.91847720E-01  1.43282260E+00
 -1.09400160E+00  1.00000000E+00  1.15819929E+00 -2.63382074E+00  4.50947003E-01  1.82347411E+01  7.92812559E-01  1.42706688E+00
 -1.06924838E+00  1.00000000E+00  1.14493090E+00 -2.63072434E+00  4.49327917E-01  1.81656328E+01  7.93777778E-01  1.42133359E+00
 -1.04449515E+00  1.00000000E+00  1.13235040E+00 -2.62689025E+00  4.47365112E-01  1.80816053E+01  7.94955063E-01  1.41436229E+00
 -1.01974193E+00  1.00000000E+00  1.11976989E+00 -2.62306042E+00  4.45305331E-01  1.79979834E+01  7.96132996E-01  1.40742413E+00
 -9.94988700E-01  1.00000000E+00  1.10721016E+00 -2.61599356E+00  4.42939884E-01  1.79030936E+01  7.96784999E-01  1.39960706E+00
 -9.70235474E-01  1.00000000E+00  1.09465043E+00 -2.60895089E+00  4.40621536E-01  1.78087138E+01  7.97439240E-01  1.39183156E+00
 -9.45482248E-01  1.00000000E+00  1.08186845E+00 -2.60322159E+00  4.38262278E-01  1.77133761E+01  7.98441764E-01  1.38394917E+00
 -9.20729022E-01  1.00000000E+00  1.06908646E+00 -2.59750715E+00  4.35849653E-01  1.76185647E+01  7.99445553E-01  1.37610974E+00
 -8.95975796E-01  1.00000000E+00  1.05715221E+00 -2.59093282E+00  4.33141365E-01  1.74992490E+01  8.00861755E-01  1.36623169E+00
 -8.71222570E-01  1.00000000E+00  1.04521795E+00 -2.58437634E+00  4.30453201E-01  1.73807708E+01  8.02279473E-01  1.35642202E+00
 -8.46469344E-01  1.00000000E+00  1.03344470E+00 -2.57560584E+00  4.27271246E-01  1.72664867E+01  8.03120051E-01  1.34700272E+00
 -8.21716118E-01  1.00000000E+00  1.02167145E+00 -2.56687370E+00  4.24108032E-01  1.71529685E+01  8.03964557E-01  1.33764578E+00
 -7.97201467E-01  1.00000000E+00  1.00955340E+00 -2.55914804E+00  4.21562449E-01  1.70325568E+01  8.05146174E-01  1.32769724E+00
 -7.72686817E-01  1.00000000E+00  9.97435349E-01 -2.55145034E+00  4.18873709E-01  1.69130155E+01  8.06329903E-01  1.31781973E+00
 -7.49503432E-01  1.00000000E+00  9.87627106E-01 -2.54693083E+00  4.15782713E-01  1.67959461E+01  8.08533711E-01  1.30806102E+00
 -7.26320047E-01  1.00000000E+00  9.77818863E-01 -2.54241407E+00  4.12600521E-01  1.66797315E+01  8.10740114E-01  1.29837202E+00
 -7.04527831E-01  1.00000000E+00  9.68624595E-01 -2.53023269E+00  4.09224976E-01  1.65499019E+01  8.11118447E-01  1.28771865E+00
 -6.82735615E-01  1.00000000E+00  9.59430327E-01 -2.51812357E+00  4.06119245E-01  1.64210939E+01  8.11504456E-01  1.27714823E+00
 -6.62251087E-01  1.00000000E+00  9.50157603E-01 -2.51013423E+00  4.03656754E-01  1.63062994E+01  8.12541023E-01  1.26767114E+00
 -6.41766559E-01  1.00000000E+00  9.40884878E-01 -2.50217623E+00  4.01046412E-01  1.61923294E+01  8.13579940E-01  1.25826132E+00
 -6.22511254E-01  1.00000000E+00  9.33848129E-01 -2.49406681E+00  3.97980035E-01  1.60692301E+01  8.15008748E-01  1.24807265E+00
 -6.03255949E-01  1.00000000E+00  9.26811380E-01 -2.48599083E+00  3.94912192E-01  1.59470952E+01  8.16441112E-01  1.23796261E+00
 -5.85156097E-01  1.00000000E+00  9.20057017E-01 -2.47280286E+00  3.91792759E-01  1.58108707E+01  8.16693001E-01  1.22679636E+00
 -5.67056245E-01  1.00000000E+00  9.13302654E-01 -2.45970054E+00  3.88894041E-01  1.56758225E+01  8.16953360E-01  1.21572566E+00
 -5.50042515E-01  1.00000000E+00  9.07338625E-01 -2.45396050E+00  3.86236151E-01  1.55616191E+01  8.18913861E-01  1.20622134E+00
 -5.33028786E-01  1.00000000E+00  9.01374597E-01 -2.44823422E+00  3.83259039E-01  1.54482863E+01  8.20877177E-01  1.19678802E+00
 -5.17036006E-01  1.00000000E+00  8.97354775E-01 -2.44541737E+00  3.79979337E-01  1.53349397E+01  8.24032544E-01  1.18725604E+00
 -5.01043227E-01  1.00000000E+00  8.93334953E-01 -2.44259327E+00  3.76521837E-01  1.52224875E+01  8.27194378E-01  1.17779671E+00
 -4.86010125E-01  1.00000000E+00  8.88026563E-01 -2.42534607E+00  3.73045314E-01  1.50848608E+01  8.26347156E-01  1.16660566E+00
 -4.70977023E-01  1.00000000E+00  8.82718173E-01 -2.40823488E+00  3.70704260E-01  1.49484804E+01  8.25517508E-01  1.15551514E+00
 -4.56846016E-01  1.00000000E+00  8.79852801E-01 -2.40140689E+00  3.67344451E-01  1.48272338E+01  8.27500160E-01  1.14543275E+00
 -4.42715008E-01  1.00000000E+00  8.76987430E-01 -2.39460140E+00  3.64399632E-01  1.47070129E+01  8.29486216E-01  1.13543400E+00
 -4.29431964E-01  1.00000000E+00  8.73859385E-01 -2.38942465E+00  3.61899922E-01  1.46153608E+01  8.31284589E-01  1.12778806E+00
 -4.16148920E-01  1.00000000E+00  8.70731340E-01 -2.38426340E+00  3.59464407E-01  1.45243044E+01  8.33086915E-01  1.12019052E+00
 -4.03662954E-01  1.00000000E+00  8.68658294E-01 -2.36791676E+00  3.55563844E-01  1.43740035E+01  8.33233919E-01  1.10788115E+00
 -3.91176988E-01  1.00000000E+00  8.66585248E-01 -2.35170606E+00  3.52388140E-01  1.42252702E+01  8.33397318E-01  1.09569869E+00
 -3.79440270E-01  1.00000000E+00  8.64680047E-01 -2.33981412E+00  3.49455065E-01  1.40964816E+01  8.34139010E-01  1.08510075E+00
 -3.67703552E-01  1.00000000E+00  8.62774846E-01 -2.32799894E+00  3.46708576E-01  1.39688786E+01  8.34888456E-01  1.07459920E+00
 -3.56671122E-01  1.00000000E+00  8.61304468E-01 -2.32175636E+00  3.44240013E-01  1.38438555E+01  8.37590670E-01  1.06414894E+00
 -3.45638692E-01  1.00000000E+00  8.59834090E-01 -2.31553264E+00  3.41347851E-01  1.37200095E+01  8.40298888E-01  1.05379451E+00
 -3.35268287E-01  1.00000000E+00  8.60791783E-01 -2.30021104E+00  3.36508153E-01  1.35456198E+01  8.41985363E-01  1.03938828E+00
 -3.24897882E-01  1.00000000E+00  8.61749477E-01 -2.28502486E+00  3.32536240E-01  1.33734930E+01  8.43688474E-01  1.02516583E+00
 -3.15149775E-01  1.00000000E+00  8.62257172E-01 -2.27646249E+00  3.28567333E-01  1.32217489E+01  8.47222740E-01  1.01246123E+00
 -3.05401669E-01  1.00000000E+00  8.62764868E-01 -2.26794718E+00  3.24555700E-01  1.30718077E+01  8.50771791E-01  9.99902935E-01
 -2.96238520E-01  1.00000000E+00  8.63082943E-01 -2.24421949E+00  3.19235355E-01  1.28754953E+01  8.50531362E-01  9.83860685E-01
 -2.87075371E-01  1.00000000E+00  8.63401019E-01 -2.22078642E+00  3.14826789E-01  1.26821481E+01  8.50329083E-01  9.68057920E-01
 -2.78462077E-01  1.00000000E+00  8.63572073E-01 -2.20968631E+00  3.11961061E-01  1.25355873E+01  8.52643088E-01  9.55877255E-01
 -2.69848783E-01  1.00000000E+00  8.63743127E-01 -2.19866361E+00  3.09078709E-01  1.23907756E+01  8.54968247E-01  9.43838787E-01
 -2.61752348E-01  1.00000000E+00  8.66416281E-01 -2.17546265E+00  3.03694532E-01  1.21632820E+01  8.56621607E-01  9.25090392E-01
 -2.53655913E-01  1.00000000E+00  8.69089435E-01 -2.15258028E+00  2.98869333E-01  1.19400305E+01  8.58315354E-01  9.06685783E-01
 -2.46045323E-01  1.00000000E+00  8.70885242E-01 -2.13509507E+00  2.94190407E-01  1.17262429E+01  8.61820711E-01  8.88907267E-01
 -2.38434732E-01  1.00000000E+00  8.72681049E-01 -2.11781275E+00  2.88974765E-01  1.15163984E+01  8.65357949E-01  8.71448763E-01
 -2.31280830E-01  1.00000000E+00  8.77651638E-01 -2.09070261E+00  2.82369917E-01  1.12543138E+01  8.67955557E-01  8.49792947E-01
 -2.24126928E-01  1.00000000E+00  8.82622228E-01 -2.06405576E+00  2.76276914E-01  1.09982949E+01  8.70619950E-01  8.28627949E-01
 -2.17402314E-01  1.00000000E+00  8.85571151E-01 -2.02703778E+00  2.69824317E-01  1.06747623E+01  8.72509926E-01  8.02002464E-01
 -2.10677699E-01  1.00000000E+00  8.88520074E-01 -1.99086709E+00  2.63090332E-01  1.03608667E+01  8.74514636E-01  7.76156077E-01
 -2.04351753E-01  1.00000000E+00  8.93360710E-01 -1.96402444E+00  2.56153976E-01  1.00525062E+01  8.80826531E-01  7.50410152E-01
 -1.98025807E-01  1.00000000E+00  8.98201346E-01 -1.93772227E+00  2.48534329E-01  9.75360648E+00  8.87240854E-01  7.25429915E-01
 -1.91837501E-01  1.00000000E+00  9.04638983E-01 -1.89918338E+00  2.39539379E-01  9.36401957E+00  8.94608205E-01  6.92951839E-01
 -1.85649194E-01  1.00000000E+00  9.11076620E-01 -1.86176019E+00  2.30144526E-01  8.99038491E+00  9.02182635E-01  6.61762004E-01
 -1.79460888E-01  1.00000000E+00  9.19984702E-01 -1.82103371E+00  2.19073454E-01  8.60291004E+00  9.10709153E-01  6.29361890E-01
 -1.73272582E-01  1.00000000E+00  9.28892785E-01 -1.78162809E+00  2.07632253E-01  8.23253278E+00  9.19520355E-01  5.98337380E-01
 -1.67084275E-01  1.00000000E+00  9.36650531E-01 -1.68506253E+00  1.94743842E-01  7.63956159E+00  9.18449207E-01  5.49909195E-01
 -1.60895969E-01  1.00000000E+00  9.44408277E-01 -1.59450453E+00  1.83013406E-01  7.08937071E+00  9.18525354E-01  5.04887347E-01
 -1.54707662E-01  1.00000000E+00  9.60654589E-01 -1.53087320E+00  1.69537178E-01  6.54041916E+00  9.35481424E-01  4.58585815E-01
 -1.48519356E-01  1.00000000E+00  9.76900902E-01 -1.47108946E+00  1.54173745E-01  6.03490013E+00  9.53461358E-01  4.15754081E-01
 -1.42331049E-01  1.00000000E+00  9.98710205E-01 -1.37875746E+00  1.36475850E-01  5.39759033E+00  9.75081555E-01  3.61841627E-01
 -1.36142743E-01  1.00000000E+00  1.02051951E+00 -1.29450827E+00  1.18662133E-01  4.82835773E+00  9.99202437E-01  3.13294524E-01
 -1.29954436E-01  1.00000000E+00  1.04816766E+00 -1.10436582E+00  1.01208388E-01  4.15024125E+00  9.82282425E-01  2.59196631E-01
 -1.23766130E-01  1.00000000E+00  1.07581582E+00 -9.38741990E-01  8.56773980E-02  3.56777298E+00  9.73623943E-01  2.12248557E-01
 -1.17577823E-01  1.00000000E+00  1.11245521E+00 -7.61757008E-01  7.27467827E-02  2.94230158E+00  9.84764070E-01  1.60162160E-01
 -1.11389517E-01  1.00000000E+00  1.14909460E+00 -6.11797497E-01  5.47928835E-02  2.42720217E+00  1.00753156E+00  1.16154869E-01
 -1.05201210E-01  1.00000000E+00  1.21050352E+00 -4.24936147E-01  3.04985275E-02  1.90959314E+00  1.05404028E+00  6.99997797E-02
 -9.90129037E-02  1.00000000E+00  1.27191244E+00 -2.69130254E-01  9.68022310E-03  1.50725955E+00  1.12339708E+00  3.14069298E-02
 -9.28245972E-02  1.00000000E+00  1.36497592E+00  3.41120756E-02  1.95393761E-02  1.32318946E+00  1.12310729E+00  1.63703593E-02
 -8.66362908E-02  1.00000000E+00  1.45803939E+00  3.12736943E-01  4.75993646E-02  1.22525032E+00  1.19013999E+00  2.87266305E-03
 -8.04479843E-02  1.00000000E+00  1.55773525E+00  5.26130408E-01  5.84876448E-02  1.30667155E+00  1.22217636E+00  6.91324332E-03
 -7.42596778E-02  1.00000000E+00  1.65743111E+00  7.49766200E-01  7.19492773E-02  1.42730026E+00  1.29143441E+00  1.11162967E-02
 -6.80713713E-02  1.00000000E+00  1.78838612E+00  9.93731328E-01  9.89439823E-02  1.83438921E+00  1.28729118E+00  4.47625656E-02
 -6.18830648E-02  1.00000000E+00  1.91934113E+00  1.28778968E+00  1.24859009E-01  2.36080579E+00  1.32657578E+00  8.46188193E-02
 -5.56947583E-02  1.00000000E+00  2.04450498E+00  1.35297771E+00  1.20250844E-01  2.65310992E+00  1.28524425E+00  1.11916282E-01
 -4.95064519E-02  1.00000000E+00  2.16966884E+00  1.42539078E+00  1.26970086E-01  2.98436829E+00  1.24805802E+00  1.42061749E-01
 -4.33181454E-02  1.00000000E+00  2.35010867E+00  1.58790086E+00  1.30399307E-01  3.18613039E+00  1.33149601E+00  1.51742812E-01
 -3.71298389E-02  1.00000000E+00  2.53054850E+00  1.76213644E+00  1.24408588E-01  3.40671334E+00  1.42496358E+00  1.62143162E-01
 -3.09415324E-02  1.00000000E+00  2.45274084E+00  7.02614745E-01  1.37166859E-01  1.99813673E+00  1.01233708E+00  8.06563348E-02
 -2.47532259E-02  1.00000000E+00  2.37493318E+00  6.42345772E-03  1.24477226E-01  1.34427454E+00  9.94351977E-01  2.86300279E-02
 -1.85649194E-02  1.00000000E+00  3.62051701E+00  1.44424297E+00  4.71904978E-01  5.86062360E+00  8.85649178E-01  4.07043362E-01
 -1.23766130E-02  1.00000000E+00  4.86610085E+00  7.74216989E+00  8.53850003E-01  2.73932809E+01  2.45141501E+00  2.04069812E+00
 -6.18830648E-03  1.00000000E+00  2.03793187E+00  7.02423861E+00  2.57188658E-01  6.49742013E+00  8.94967057E+00 -2.00638672E-01
  0.00000000E+00  1.00000000E+00 -7.90237116E-01  2.42482963E+01  1.00619960E+00  8.08770241E+00  7.40312720E+01 -5.39538297E+00
