# curve 5 (die wall), step =      335, time =   6.70000000E+01
# N1 = tau_xx - tau_yy = G ( c_xx - c_yy ),  G =  9.0000E+00  (polymer part only)
#              x               y        pressure            c_xy        gammadot            c_xx            c_yy              N1
 -3.00000000E+00  1.00000000E+00  2.59551594E+00 -3.99992180E-02  3.99990983E-01  1.00319648E+00  1.00000128E+00  2.87567868E-02
 -2.95108291E+00  1.00000000E+00  2.55639618E+00 -3.99995380E-02  3.99994943E-01  1.00319706E+00  1.00000095E+00  2.87649797E-02
 -2.90216582E+00  1.00000000E+00  2.51727642E+00 -3.99998579E-02  3.99998298E-01  1.00319764E+00  1.00000062E+00  2.87731726E-02
 -2.85324873E+00  1.00000000E+00  2.47813876E+00 -3.99999786E-02  3.99998995E-01  1.00319626E+00  1.00000114E+00  2.87559954E-02
 -2.80433164E+00  1.00000000E+00  2.43900109E+00 -4.00000993E-02  3.99998847E-01  1.00319487E+00  1.00000166E+00  2.87388183E-02
 -2.75541455E+00  1.00000000E+00  2.39986783E+00 -4.00000856E-02  3.99999846E-01  1.00319663E+00  1.00000112E+00  2.87595820E-02
 -2.70649746E+00  1.00000000E+00  2.36073456E+00 -4.00000720E-02  3.99999683E-01  1.00319838E+00  1.00000057E+00  2.87803457E-02
 -2.65758037E+00  1.00000000E+00  2.32160087E+00 -4.00000642E-02  3.99999564E-01  1.00319773E+00  1.00000077E+00  2.87726706E-02
 -2.60866328E+00  1.00000000E+00  2.28246719E+00 -4.00000564E-02  3.99999368E-01  1.00319708E+00  1.00000097E+00  2.87649954E-02
 -2.55974619E+00  1.00000000E+00  2.24333294E+00 -4.00000145E-02  3.99999460E-01  1.00319791E+00  1.00000071E+00  2.87748004E-02
 -2.51082911E+00  1.00000000E+00  2.20419869E+00 -3.99999727E-02  3.99999953E-01  1.00319873E+00  1.00000044E+00  2.87846054E-02
 -2.46191202E+00  1.00000000E+00  2.16506507E+00 -3.99999463E-02  3.99998611E-01  1.00319783E+00  1.00000072E+00  2.87739582E-02
 -2.41299493E+00  1.00000000E+00  2.12593146E+00 -3.99999200E-02  3.99997722E-01  1.00319692E+00  1.00000100E+00  2.87633109E-02
 -2.36407784E+00  1.00000000E+00  2.08679750E+00 -3.99998409E-02  3.99997847E-01  1.00319782E+00  1.00000070E+00  2.87740830E-02
 -2.31516075E+00  1.00000000E+00  2.04766355E+00 -3.99997619E-02  3.99997406E-01  1.00319872E+00  1.00000041E+00  2.87848552E-02
 -2.26624366E+00  1.00000000E+00  2.00852989E+00 -3.99996908E-02  3.99996435E-01  1.00319786E+00  1.00000069E+00  2.87745753E-02
 -2.21732657E+00  1.00000000E+00  1.96939624E+00 -3.99996198E-02  3.99995578E-01  1.00319700E+00  1.00000097E+00  2.87642954E-02
 -2.16840948E+00  1.00000000E+00  1.93026294E+00 -3.99994925E-02  3.99993745E-01  1.00319649E+00  1.00000114E+00  2.87582047E-02
 -2.11949239E+00  1.00000000E+00  1.89112965E+00 -3.99993652E-02  3.99991499E-01  1.00319598E+00  1.00000130E+00  2.87521141E-02
 -2.07057530E+00  1.00000000E+00  1.85199711E+00 -3.99990762E-02  3.99989854E-01  1.00319623E+00  1.00000123E+00  2.87550273E-02
 -2.02165821E+00  1.00000000E+00  1.81286456E+00 -3.99987872E-02  3.99987398E-01  1.00319648E+00  1.00000115E+00  2.87579404E-02
 -1.97274112E+00  1.00000000E+00  1.77373196E+00 -3.99984391E-02  3.99983360E-01  1.00319547E+00  1.00000146E+00  2.87460625E-02
 -1.92382403E+00  1.00000000E+00  1.73459937E+00 -3.99980909E-02  3.99978572E-01  1.00319445E+00  1.00000177E+00  2.87341845E-02
 -1.87490694E+00  1.00000000E+00  1.69546921E+00 -3.99975204E-02  3.99973780E-01  1.00319584E+00  1.00000128E+00  2.87510997E-02
 -1.82598985E+00  1.00000000E+00  1.65633906E+00 -3.99969499E-02  3.99968196E-01  1.00319723E+00  1.00000078E+00  2.87680149E-02
 -1.77707276E+00  1.00000000E+00  1.61721265E+00 -3.99961717E-02  3.99961444E-01  1.00319622E+00  1.00000112E+00  2.87559044E-02
 -1.72815567E+00  1.00000000E+00  1.57808624E+00 -3.99953934E-02  3.99952356E-01  1.00319522E+00  1.00000146E+00  2.87437939E-02
 -1.67923858E+00  1.00000000E+00  1.53896265E+00 -3.99941672E-02  3.99940706E-01  1.00319567E+00  1.00000124E+00  2.87499201E-02
 -1.63032150E+00  1.00000000E+00  1.49983905E+00 -3.99929411E-02  3.99929577E-01  1.00319613E+00  1.00000101E+00  2.87560462E-02
 -1.58140441E+00  1.00000000E+00  1.46072483E+00 -3.99915908E-02  3.99914514E-01  1.00319508E+00  1.00000131E+00  2.87439260E-02
 -1.53248732E+00  1.00000000E+00  1.42161062E+00 -3.99902406E-02  3.99899966E-01  1.00319403E+00  1.00000161E+00  2.87318059E-02
 -1.48357023E+00  1.00000000E+00  1.38251171E+00 -3.99882716E-02  3.99882607E-01  1.00319380E+00  1.00000170E+00  2.87288934E-02
 -1.43465314E+00  1.00000000E+00  1.34341279E+00 -3.99863026E-02  3.99860592E-01  1.00319357E+00  1.00000180E+00  2.87259809E-02
 -1.38573605E+00  1.00000000E+00  1.30433021E+00 -3.99837929E-02  3.99835777E-01  1.00319407E+00  1.00000153E+00  2.87328989E-02
 -1.33681896E+00  1.00000000E+00  1.26524762E+00 -3.99812832E-02  3.99814009E-01  1.00319457E+00  1.00000126E+00  2.87398170E-02
 -1.28790187E+00  1.00000000E+00  1.22620025E+00 -3.99791178E-02  3.99789982E-01  1.00319374E+00  1.00000131E+00  2.87319156E-02
 -1.23898478E+00  1.00000000E+00  1.18715288E+00 -3.99769525E-02  3.99765820E-01  1.00319292E+00  1.00000136E+00  2.87240142E-02
 -1.19006769E+00  1.00000000E+00  1.14815294E+00 -3.99745814E-02  3.99743567E-01  1.00319193E+00  1.00000212E+00  2.87082886E-02
 -1.14115060E+00  1.00000000E+00  1.10915300E+00 -3.99722104E-02  3.99719697E-01  1.00319095E+00  1.00000288E+00  2.86925630E-02
 -1.09223351E+00  1.00000000E+00  1.07023650E+00 -3.99724904E-02  3.99719800E-01  1.00319030E+00  1.00000308E+00  2.86850287E-02
 -1.04331642E+00  1.00000000E+00  1.03131999E+00 -3.99727705E-02  3.99722914E-01  1.00318966E+00  1.00000327E+00  2.86774944E-02
 -9.94399333E-01  1.00000000E+00  9.92495679E-01 -3.99758185E-02  3.99750760E-01  1.00319191E+00  1.00000231E+00  2.87064204E-02
 -9.45482243E-01  1.00000000E+00  9.53671371E-01 -3.99788664E-02  3.99793827E-01  1.00319416E+00  1.00000134E+00  2.87353464E-02
 -8.96565154E-01  1.00000000E+00  9.15019345E-01 -3.99921600E-02  3.99912331E-01  1.00319507E+00  1.00000250E+00  2.87330955E-02
 -8.47648064E-01  1.00000000E+00  8.76367320E-01 -4.00054536E-02  4.00061228E-01  1.00319598E+00  1.00000366E+00  2.87308446E-02
 -7.99501858E-01  1.00000000E+00  8.38571884E-01 -4.00345284E-02  4.00312167E-01  1.00319780E+00  1.00000708E+00  2.87165161E-02
 -7.51355652E-01  1.00000000E+00  8.00776448E-01 -4.00636033E-02  4.00641962E-01  1.00319963E+00  1.00001049E+00  2.87021876E-02
 -7.08111109E-01  1.00000000E+00  7.67095838E-01 -4.01155945E-02  4.01078012E-01  1.00321069E+00  1.00000800E+00  2.88241893E-02
 -6.64866566E-01  1.00000000E+00  7.33415227E-01 -4.01675861E-02  4.01693171E-01  1.00322175E+00  1.00000550E+00  2.89461918E-02
 -6.26599939E-01  1.00000000E+00  7.03873743E-01 -4.02545988E-02  4.02488745E-01  1.00322926E+00  1.00001268E+00  2.89492164E-02
 -5.88333313E-01  1.00000000E+00  6.74332258E-01 -4.03416124E-02  4.03394863E-01  1.00323679E+00  1.00001987E+00  2.89522412E-02
 -5.54471587E-01  1.00000000E+00  6.48628255E-01 -4.04680863E-02  4.04584443E-01  1.00326906E+00  1.00000766E+00  2.93525907E-02
 -5.20609860E-01  1.00000000E+00  6.22924251E-01 -4.05945621E-02  4.05914685E-01  1.00330135E+00  9.99995470E-01  2.97529457E-02
 -4.90645977E-01  1.00000000E+00  6.00258700E-01 -4.07620273E-02  4.07488540E-01  1.00331277E+00  1.00001264E+00  2.97012308E-02
 -4.60682095E-01  1.00000000E+00  5.77593149E-01 -4.09294962E-02  4.09226460E-01  1.00332422E+00  1.00002983E+00  2.96495153E-02
 -4.34167380E-01  1.00000000E+00  5.58280323E-01 -4.11588512E-02  4.11413525E-01  1.00337787E+00  1.00001349E+00  3.02794716E-02
 -4.07652666E-01  1.00000000E+00  5.38967497E-01 -4.13882126E-02  4.13804921E-01  1.00343158E+00  9.99997199E-01  3.09094439E-02
 -3.84190072E-01  1.00000000E+00  5.21808399E-01 -4.16525815E-02  4.16352599E-01  1.00346394E+00  1.00000883E+00  3.10959981E-02
 -3.60727478E-01  1.00000000E+00  5.04649302E-01 -4.19169591E-02  4.19147702E-01  1.00349637E+00  1.00002053E+00  3.12825585E-02
 -3.39965684E-01  1.00000000E+00  4.90023772E-01 -4.22597707E-02  4.22504108E-01  1.00356738E+00  1.00000700E+00  3.20434601E-02
 -3.19203889E-01  1.00000000E+00  4.75398242E-01 -4.26025970E-02  4.26045916E-01  1.00363852E+00  9.99993586E-01  3.28043921E-02
 -3.00831998E-01  1.00000000E+00  4.62766016E-01 -4.30143285E-02  4.29956924E-01  1.00369454E+00  1.00000885E+00  3.31712003E-02
 -2.82460107E-01  1.00000000E+00  4.50133791E-01 -4.34260821E-02  4.34205952E-01  1.00375074E+00  1.00002429E+00  3.35380279E-02
 -2.66203017E-01  1.00000000E+00  4.39442075E-01 -4.39122033E-02  4.38930195E-01  1.00384993E+00  1.00001021E+00  3.45574928E-02
 -2.49945927E-01  1.00000000E+00  4.28750358E-01 -4.43983556E-02  4.43910046E-01  1.00394936E+00  9.99996359E-01  3.55770183E-02
 -2.35560203E-01  1.00000000E+00  4.19546130E-01 -4.49431204E-02  4.49204168E-01  1.00404453E+00  9.99998176E-01  3.64171721E-02
 -2.21174479E-01  1.00000000E+00  4.10341902E-01 -4.54879249E-02  4.54943081E-01  1.00414000E+00  1.00000029E+00  3.72573836E-02
 -2.08421419E-01  1.00000000E+00  4.02547344E-01 -4.61521120E-02  4.61249220E-01  1.00425208E+00  1.00001204E+00  3.81604233E-02
 -1.95668358E-01  1.00000000E+00  3.94752785E-01 -4.68163612E-02  4.67957038E-01  1.00436462E+00  1.00002422E+00  3.90635437E-02
 -1.83439085E-01  1.00000000E+00  3.88283541E-01 -4.76072170E-02  4.75699140E-01  1.00453976E+00  9.99998146E-01  4.08745557E-02
 -1.71209813E-01  1.00000000E+00  3.81814298E-01 -4.83981613E-02  4.83844528E-01  1.00471556E+00  9.99972694E-01  4.26857558E-02
 -1.58980541E-01  1.00000000E+00  3.75470510E-01 -4.94273688E-02  4.93856496E-01  1.00486804E+00  1.00002183E+00  4.36159072E-02
 -1.46751268E-01  1.00000000E+00  3.69126721E-01 -5.04567321E-02  5.04563785E-01  1.00502160E+00  1.00007202E+00  4.45461990E-02
 -1.34521996E-01  1.00000000E+00  3.64680454E-01 -5.18521345E-02  5.18219790E-01  1.00543105E+00  9.99950717E-01  4.93230232E-02
 -1.22292724E-01  1.00000000E+00  3.60234188E-01 -5.32478400E-02  5.32555366E-01  1.00584258E+00  9.99831379E-01  5.41008005E-02
 -1.10063451E-01  1.00000000E+00  3.53652103E-01 -5.53465888E-02  5.53313040E-01  1.00589288E+00  1.00023268E+00  5.09417965E-02
 -9.78341789E-02  1.00000000E+00  3.47070018E-01 -5.74460509E-02  5.74236584E-01  1.00594757E+00  1.00063847E+00  4.77819120E-02
 -8.56049065E-02  1.00000000E+00  3.62356300E-01 -6.04602818E-02  6.02348644E-01  1.00777836E+00  9.99546727E-01  7.40846701E-02
 -7.33756342E-02  1.00000000E+00  3.77642581E-01 -6.34762376E-02  6.36368973E-01  1.00962111E+00  9.98465466E-01  1.00400834E-01
 -6.11463618E-02  1.00000000E+00  3.07522561E-01 -6.85180407E-02  6.99684332E-01  1.00951751E+00  9.99801866E-01  8.74408316E-02
 -4.89170895E-02  1.00000000E+00  2.37402541E-01 -7.35644659E-02  7.49460461E-01  1.00943930E+00  1.00116473E+00  7.44711477E-02
 -3.66878171E-02  1.00000000E+00  5.72213980E-01 -9.27507984E-02  8.45185539E-01  1.00956381E+00  1.00708082E+00  2.23468625E-02
 -2.44585447E-02  1.00000000E+00  9.07025418E-01 -1.12025938E-01  1.04230516E+00  1.01005391E+00  1.01338571E+00 -2.99862438E-02
 -1.22292724E-02  1.00000000E+00 -2.43456875E-01 -1.09577862E-01  1.69656729E+00  1.12258321E+00  9.23047257E-01  1.79582361E+00
  0.00000000E+00  1.00000000E+00 -1.39393917E+00 -1.07439608E-01  2.89910682E+00  1.24775777E+00  8.40764487E-01  3.66293952E+00
