# curve 5 (die wall), step =      800, time =   1.60000000E+02
# N1 = tau_xx - tau_yy = G ( c_xx - c_yy ),  G =  1.0000E-01  (polymer part only)
#              x               y        pressure            c_xy        gammadot            c_xx            c_yy              N1
 -3.00000000E+00  1.00000000E+00  3.32653744E+00 -3.60254544E+00  4.00029067E-01  2.69853373E+01  9.99349567E-01  2.59859877E+00
 -2.95108291E+00  1.00000000E+00  3.29236117E+00 -3.61552542E+00  4.01502972E-01  2.70736087E+01  1.00078778E+00  2.60728209E+00
 -2.90216582E+00  1.00000000E+00  3.25818491E+00 -3.62854895E+00  4.01784099E-01  2.71621696E+01  1.00223295E+00  2.61599367E+00
 -2.85324873E+00  1.00000000E+00  3.21735012E+00 -3.61499873E+00  4.01400181E-01  2.71426409E+01  9.99424899E-01  2.61432160E+00
 -2.80433164E+00  1.00000000E+00  3.17651533E+00 -3.60146185E+00  4.01314912E-01  2.71231546E+01  9.96628343E-01  2.61265263E+00
 -2.75541455E+00  1.00000000E+00  3.13692733E+00 -3.60183608E+00  4.01987517E-01  2.71157965E+01  9.96856600E-01  2.61189399E+00
 -2.70649746E+00  1.00000000E+00  3.09733934E+00 -3.60221006E+00  4.02225087E-01  2.71084407E+01  9.97084876E-01  2.61113558E+00
 -2.65758037E+00  1.00000000E+00  3.05904806E+00 -3.61217598E+00  4.02326781E-01  2.71195243E+01  9.99499641E-01  2.61200247E+00
 -2.60866328E+00  1.00000000E+00  3.02075679E+00 -3.62214985E+00  4.01882567E-01  2.71306290E+01  1.00192116E+00  2.61287078E+00
 -2.55974619E+00  1.00000000E+00  2.98189753E+00 -3.62211491E+00  4.01568842E-01  2.71409608E+01  1.00182213E+00  2.61391386E+00
 -2.51082911E+00  1.00000000E+00  2.94303828E+00 -3.62207961E+00  4.01763116E-01  2.71512969E+01  1.00172308E+00  2.61495739E+00
 -2.46191202E+00  1.00000000E+00  2.90301417E+00 -3.62012844E+00  4.01388928E-01  2.71413151E+01  1.00138637E+00  2.61399287E+00
 -2.41299493E+00  1.00000000E+00  2.86299005E+00 -3.61817811E+00  4.00990033E-01  2.71313370E+01  1.00104984E+00  2.61302872E+00
 -2.36407784E+00  1.00000000E+00  2.82416356E+00 -3.61569489E+00  4.00594304E-01  2.71191974E+01  1.00074708E+00  2.61184503E+00
 -2.31516075E+00  1.00000000E+00  2.78533708E+00 -3.61321290E+00  4.00494010E-01  2.71070634E+01  1.00044463E+00  2.61066188E+00
 -2.26624366E+00  1.00000000E+00  2.74535419E+00 -3.61231319E+00  4.00602652E-01  2.71121973E+01  1.00008774E+00  2.61121095E+00
 -2.21732657E+00  1.00000000E+00  2.70537131E+00 -3.61141325E+00  4.00802866E-01  2.71173326E+01  9.99730931E-01  2.61176016E+00
 -2.16840948E+00  1.00000000E+00  2.66593644E+00 -3.61628567E+00  4.00735501E-01  2.71089560E+01  1.00110077E+00  2.61078552E+00
 -2.11949239E+00  1.00000000E+00  2.62650157E+00 -3.62115629E+00  4.00382207E-01  2.71005898E+01  1.00247246E+00  2.60981174E+00
 -2.07057530E+00  1.00000000E+00  2.58742541E+00 -3.61776213E+00  4.00056075E-01  2.70938985E+01  1.00199915E+00  2.60918993E+00
 -2.02165821E+00  1.00000000E+00  2.54834924E+00 -3.61436864E+00  3.99791085E-01  2.70872103E+01  1.00152658E+00  2.60856837E+00
 -1.97274112E+00  1.00000000E+00  2.50709229E+00 -3.61305149E+00  3.99458081E-01  2.70380346E+01  1.00205773E+00  2.60359769E+00
 -1.92382403E+00  1.00000000E+00  2.46583534E+00 -3.61173229E+00  3.98849452E-01  2.69889535E+01  1.00258858E+00  2.59863649E+00
 -1.87490694E+00  1.00000000E+00  2.42758263E+00 -3.61363681E+00  3.97615424E-01  2.69084099E+01  1.00484350E+00  2.59035664E+00
 -1.82598985E+00  1.00000000E+00  2.38932992E+00 -3.61552285E+00  3.96413631E-01  2.68281386E+01  1.00710009E+00  2.58210385E+00
 -1.77707276E+00  1.00000000E+00  2.34959535E+00 -3.61175316E+00  3.95188461E-01  2.67688909E+01  1.00753766E+00  2.57613532E+00
 -1.72815567E+00  1.00000000E+00  2.30986077E+00 -3.60798833E+00  3.94460249E-01  2.67097769E+01  1.00797566E+00  2.57018012E+00
 -1.67923858E+00  1.00000000E+00  2.27132210E+00 -3.59213646E+00  3.92044647E-01  2.65787940E+01  1.00634055E+00  2.55724534E+00
 -1.63032150E+00  1.00000000E+00  2.23278342E+00 -3.57635682E+00  3.90827965E-01  2.64484533E+01  1.00471362E+00  2.54437396E+00
 -1.58140441E+00  1.00000000E+00  2.19190019E+00 -3.56239340E+00  3.90108537E-01  2.62983996E+01  1.00414666E+00  2.52942529E+00
 -1.53248732E+00  1.00000000E+00  2.15101696E+00 -3.54849183E+00  3.88977580E-01  2.61492024E+01  1.00358410E+00  2.51456183E+00
 -1.48357023E+00  1.00000000E+00  2.10822390E+00 -3.52408295E+00  3.87096119E-01  2.59546986E+01  1.00011037E+00  2.49545882E+00
 -1.43465314E+00  1.00000000E+00  2.06543084E+00 -3.49984531E+00  3.87497053E-01  2.57616412E+01  9.96657140E-01  2.47649841E+00
 -1.38573605E+00  1.00000000E+00  2.02760966E+00 -3.49345417E+00  3.84753834E-01  2.54729114E+01  1.00095231E+00  2.44719590E+00
 -1.33681896E+00  1.00000000E+00  1.98978848E+00 -3.48698368E+00  3.82070724E-01  2.51876280E+01  1.00524251E+00  2.41823855E+00
 -1.28790187E+00  1.00000000E+00  1.95179454E+00 -3.46911370E+00  3.79810987E-01  2.49112178E+01  1.00604706E+00  2.39051707E+00
 -1.23898478E+00  1.00000000E+00  1.91380060E+00 -3.45133521E+00  3.77405333E-01  2.46379153E+01  1.00684919E+00  2.36310661E+00
 -1.19006769E+00  1.00000000E+00  1.87657295E+00 -3.40895990E+00  3.73002623E-01  2.43317667E+01  1.00189934E+00  2.33298674E+00
 -1.14115060E+00  1.00000000E+00  1.83934531E+00 -3.36710039E+00  3.69378824E-01  2.40294220E+01  9.97020977E-01  2.30324010E+00
 -1.09223351E+00  1.00000000E+00  1.79453225E+00 -3.34696817E+00  3.68709987E-01  2.36684629E+01  9.98413562E-01  2.26700493E+00
 -1.04331642E+00  1.00000000E+00  1.74971920E+00 -3.32691467E+00  3.67129606E-01  2.33131062E+01  9.99791216E-01  2.23133150E+00
 -9.94399333E-01  1.00000000E+00  1.71901209E+00 -3.32270735E+00  3.62251205E-01  2.28722092E+01  1.00834804E+00  2.18638612E+00
 -9.45482243E-01  1.00000000E+00  1.68830499E+00 -3.31813191E+00  3.57704228E-01  2.24403844E+01  1.01689431E+00  2.14234901E+00
 -8.96565154E-01  1.00000000E+00  1.65130888E+00 -3.26394095E+00  3.51700427E-01  2.20237113E+01  1.01142245E+00  2.10122889E+00
 -8.47648064E-01  1.00000000E+00  1.61431277E+00 -3.21067597E+00  3.48486217E-01  2.16147736E+01  1.00606417E+00  2.06087094E+00
 -7.99501858E-01  1.00000000E+00  1.58345078E+00 -3.18161217E+00  3.42133285E-01  2.10967358E+01  1.00953847E+00  2.00871973E+00
 -7.51355652E-01  1.00000000E+00  1.55258878E+00 -3.15272982E+00  3.37920980E-01  2.05915852E+01  1.01298289E+00  1.95786023E+00
 -7.08111109E-01  1.00000000E+00  1.52160278E+00 -3.08725520E+00  3.34256631E-01  2.00272978E+01  1.00593108E+00  1.90213667E+00
 -6.64866566E-01  1.00000000E+00  1.49061678E+00 -3.02325695E+00  3.31629051E-01  1.94785327E+01  9.99008369E-01  1.84795243E+00
 -6.26599939E-01  1.00000000E+00  1.46434949E+00 -2.99039851E+00  3.30097182E-01  1.90867385E+01  9.98330763E-01  1.80884077E+00
 -5.88333313E-01  1.00000000E+00  1.43808219E+00 -2.95792751E+00  3.27339703E-01  1.87029817E+01  9.97655494E-01  1.77053262E+00
 -5.54471587E-01  1.00000000E+00  1.41960633E+00 -2.94121486E+00  3.25223559E-01  1.83894433E+01  1.00064873E+00  1.73887946E+00
 -5.20609860E-01  1.00000000E+00  1.40113046E+00 -2.92454708E+00  3.22113151E-01  1.80814067E+01  1.00362720E+00  1.70777795E+00
 -4.90645977E-01  1.00000000E+00  1.38681477E+00 -2.91253152E+00  3.17315015E-01  1.77167564E+01  1.00982891E+00  1.67069275E+00
 -4.60682095E-01  1.00000000E+00  1.37249908E+00 -2.90038043E+00  3.12901159E-01  1.73599930E+01  1.01600855E+00  1.63439845E+00
 -4.34167380E-01  1.00000000E+00  1.36162929E+00 -2.86832100E+00  3.09468739E-01  1.70135803E+01  1.01671222E+00  1.59968681E+00
 -4.07652666E-01  1.00000000E+00  1.35075949E+00 -2.83668883E+00  3.03715591E-01  1.66742112E+01  1.01744026E+00  1.56567710E+00
 -3.84190072E-01  1.00000000E+00  1.33352755E+00 -2.75028338E+00  2.94719170E-01  1.60111765E+01  1.00897401E+00  1.50022025E+00
 -3.60727478E-01  1.00000000E+00  1.31629561E+00 -2.66677510E+00  2.89283915E-01  1.53745914E+01  1.00081383E+00  1.43737775E+00
 -3.39965684E-01  1.00000000E+00  1.30896910E+00 -2.64475416E+00  2.84622676E-01  1.47499176E+01  1.01516087E+00  1.37347567E+00
 -3.19203889E-01  1.00000000E+00  1.30164260E+00 -2.62244111E+00  2.75849501E-01  1.41525631E+01  1.02949852E+00  1.31230646E+00
 -3.00831998E-01  1.00000000E+00  1.29918711E+00 -2.54119986E+00  2.59847390E-01  1.31365263E+01  1.04109320E+00  1.20954331E+00
 -2.82460107E-01  1.00000000E+00  1.29673162E+00 -2.46301591E+00  2.45310699E-01  1.21962136E+01  1.05279681E+00  1.11434168E+00
 -2.66203017E-01  1.00000000E+00  1.29215131E+00 -2.34956332E+00  2.31257037E-01  1.11028624E+01  1.06131145E+00  1.00415509E+00
 -2.49945927E-01  1.00000000E+00  1.28757100E+00 -2.24284639E+00  2.12679325E-01  1.01102733E+01  1.07034167E+00  9.03993168E-01
 -2.35560203E-01  1.00000000E+00  1.28004991E+00 -1.94608099E+00  1.87383148E-01  8.11607553E+00  1.05406292E+00  7.06201261E-01
 -2.21174479E-01  1.00000000E+00  1.27252882E+00 -1.69566248E+00  1.65118483E-01  6.51941583E+00  1.04308549E+00  5.47633034E-01
 -2.08421419E-01  1.00000000E+00  1.30798968E+00 -1.51565095E+00  1.40513252E-01  4.82742719E+00  1.11741405E+00  3.71001314E-01
 -1.95668358E-01  1.00000000E+00  1.34345053E+00 -1.36821135E+00  1.13649333E-01  3.59662485E+00  1.19993308E+00  2.39669177E-01
 -1.83439085E-01  1.00000000E+00  1.44248860E+00 -9.20239247E-01  6.46025612E-02  2.14513241E+00  1.20306825E+00  9.42064164E-02
 -1.71209813E-01  1.00000000E+00  1.54152666E+00 -6.24737082E-01  1.90529901E-02  1.27670015E+00  1.26933715E+00  7.36300201E-04
 -1.58980541E-01  1.00000000E+00  1.65635476E+00 -4.75100897E-02  2.00210042E-02  8.27251402E-01  1.16679874E+00 -3.39547333E-02
 -1.46751268E-01  1.00000000E+00  1.77118285E+00  4.03046268E-01  4.81465902E-02  6.90876185E-01  1.32615388E+00 -6.35277696E-02
 -1.34521996E-01  1.00000000E+00  1.98063179E+00  6.53901866E-01  7.41779813E-02  1.11806689E+00  1.23648112E+00 -1.18414229E-02
 -1.22292724E-01  1.00000000E+00  2.19008073E+00  1.00491504E+00  9.56163279E-02  1.80652304E+00  1.22861263E+00  5.77910416E-02
 -1.10063451E-01  1.00000000E+00  2.39180937E+00  1.29071238E+00  1.04328293E-01  2.53157367E+00  1.30722966E+00  1.22434401E-01
 -9.78341789E-02  1.00000000E+00  2.59353802E+00  1.66839444E+00  1.30132913E-01  3.54675240E+00  1.41431489E+00  2.13243751E-01
 -8.56049065E-02  1.00000000E+00  2.83893724E+00  2.06028722E+00  1.53654346E-01  3.70845883E+00  1.70022785E+00  2.00823098E-01
 -7.33756342E-02  1.00000000E+00  3.08433646E+00  2.49148509E+00  1.69539428E-01  3.95263935E+00  2.05153659E+00  1.90110276E-01
 -6.11463618E-02  1.00000000E+00  3.12113974E+00  9.66863958E-01  2.50521526E-01  2.38821877E+00  1.07762482E+00  1.31059395E-01
 -4.89170895E-02  1.00000000E+00  3.15794303E+00  4.10494458E-02  2.86157349E-01  1.79873297E+00  7.86136838E-01  1.01259613E-01
 -3.66878171E-02  1.00000000E+00  4.37601553E+00  1.93321299E+00  4.98575652E-01  5.14579431E+00  1.27813614E+00  3.86765818E-01
 -2.44585447E-02  1.00000000E+00  5.59408803E+00  8.57427421E+00  1.17439557E+00  1.78606102E+01  4.43589153E+00  1.34247186E+00
 -1.22292724E-02  1.00000000E+00  2.93682935E+00  5.02623388E+00  2.99035610E-01  3.15343011E+00  1.15370901E+01 -8.38365999E-01
  0.00000000E+00  1.00000000E+00  2.79570673E-01  8.02703224E+00  6.67232235E-01  7.36983314E-01  1.16806448E+02 -1.16069465E+01
