# curve 5 (die wall), step =     1800, time =   3.60000000E+02
# N1 = tau_xx - tau_yy = G ( c_xx - c_yy ),  G =  1.0000E-01  (polymer part only)
#              x               y        pressure            c_xy        gammadot            c_xx            c_yy              N1
 -3.00000000E+00  1.00000000E+00  3.32653830E+00 -3.60254573E+00  4.00029083E-01  2.69853467E+01  9.99349624E-01  2.59859971E+00
 -2.95108291E+00  1.00000000E+00  3.29236200E+00 -3.61552653E+00  4.01502882E-01  2.70736171E+01  1.00078811E+00  2.60728290E+00
 -2.90216582E+00  1.00000000E+00  3.25818569E+00 -3.62855088E+00  4.01783963E-01  2.71621770E+01  1.00223355E+00  2.61599435E+00
 -2.85324873E+00  1.00000000E+00  3.21735095E+00 -3.61500044E+00  4.01400019E-01  2.71426496E+01  9.99425411E-01  2.61432242E+00
 -2.80433164E+00  1.00000000E+00  3.17651621E+00 -3.60146335E+00  4.01314734E-01  2.71231645E+01  9.96628773E-01  2.61265357E+00
 -2.75541455E+00  1.00000000E+00  3.13692813E+00 -3.60183729E+00  4.01987348E-01  2.71158066E+01  9.96856947E-01  2.61189497E+00
 -2.70649746E+00  1.00000000E+00  3.09734005E+00 -3.60221099E+00  4.02224927E-01  2.71084511E+01  9.97085142E-01  2.61113660E+00
 -2.65758037E+00  1.00000000E+00  3.05904886E+00 -3.61217573E+00  4.02326639E-01  2.71195347E+01  9.99499576E-01  2.61200352E+00
 -2.60866328E+00  1.00000000E+00  3.02075768E+00 -3.62214842E+00  4.01882500E-01  2.71306393E+01  1.00192076E+00  2.61287186E+00
 -2.55974619E+00  1.00000000E+00  2.98189839E+00 -3.62210951E+00  4.01568850E-01  2.71409630E+01  1.00182080E+00  2.61391422E+00
 -2.51082911E+00  1.00000000E+00  2.94303909E+00 -3.62207024E+00  4.01763271E-01  2.71512911E+01  1.00172083E+00  2.61495703E+00
 -2.46191202E+00  1.00000000E+00  2.90301435E+00 -3.62011928E+00  4.01389259E-01  2.71413022E+01  1.00138421E+00  2.61399180E+00
 -2.41299493E+00  1.00000000E+00  2.86298961E+00 -3.61816916E+00  4.00990573E-01  2.71313171E+01  1.00104778E+00  2.61302693E+00
 -2.36407784E+00  1.00000000E+00  2.82416332E+00 -3.61569332E+00  4.00594978E-01  2.71191860E+01  1.00074674E+00  2.61184393E+00
 -2.31516075E+00  1.00000000E+00  2.78533704E+00 -3.61321870E+00  4.00494494E-01  2.71070606E+01  1.00044602E+00  2.61066146E+00
 -2.26624366E+00  1.00000000E+00  2.74535468E+00 -3.61232115E+00  4.00602873E-01  2.71122013E+01  1.00008964E+00  2.61121116E+00
 -2.21732657E+00  1.00000000E+00  2.70537232E+00 -3.61142339E+00  4.00802818E-01  2.71173435E+01  9.99733359E-01  2.61176101E+00
 -2.16840948E+00  1.00000000E+00  2.66593780E+00 -3.61629328E+00  4.00735280E-01  2.71089696E+01  1.00110256E+00  2.61078670E+00
 -2.11949239E+00  1.00000000E+00  2.62650329E+00 -3.62116139E+00  4.00381864E-01  2.71006061E+01  1.00247359E+00  2.60981325E+00
 -2.07057530E+00  1.00000000E+00  2.58742674E+00 -3.61776244E+00  4.00055686E-01  2.70939079E+01  1.00199918E+00  2.60919087E+00
 -2.02165821E+00  1.00000000E+00  2.54835020E+00 -3.61436417E+00  3.99790824E-01  2.70872129E+01  1.00152551E+00  2.60856874E+00
 -1.97274112E+00  1.00000000E+00  2.50709282E+00 -3.61304740E+00  3.99457937E-01  2.70380319E+01  1.00205685E+00  2.60359751E+00
 -1.92382403E+00  1.00000000E+00  2.46583545E+00 -3.61172857E+00  3.98849414E-01  2.69889455E+01  1.00258788E+00  2.59863576E+00
 -1.87490694E+00  1.00000000E+00  2.42758290E+00 -3.61363619E+00  3.97615408E-01  2.69084029E+01  1.00484358E+00  2.59035593E+00
 -1.82598985E+00  1.00000000E+00  2.38933036E+00 -3.61552532E+00  3.96413536E-01  2.68281325E+01  1.00710094E+00  2.58210316E+00
 -1.77707276E+00  1.00000000E+00  2.34959601E+00 -3.61175621E+00  3.95188273E-01  2.67688844E+01  1.00753870E+00  2.57613457E+00
 -1.72815567E+00  1.00000000E+00  2.30986165E+00 -3.60799195E+00  3.94459974E-01  2.67097699E+01  1.00797689E+00  2.57017930E+00
 -1.67923858E+00  1.00000000E+00  2.27132328E+00 -3.59213843E+00  3.92044210E-01  2.65787842E+01  1.00634141E+00  2.55724428E+00
 -1.63032150E+00  1.00000000E+00  2.23278491E+00 -3.57635715E+00  3.90827486E-01  2.64484408E+01  1.00471410E+00  2.54437267E+00
 -1.58140441E+00  1.00000000E+00  2.19190174E+00 -3.56238935E+00  3.90108167E-01  2.62983791E+01  1.00414611E+00  2.52942330E+00
 -1.53248732E+00  1.00000000E+00  2.15101857E+00 -3.54848343E+00  3.88977357E-01  2.61491740E+01  1.00358253E+00  2.51455915E+00
 -1.48357023E+00  1.00000000E+00  2.10822464E+00 -3.52407085E+00  3.87096077E-01  2.59546585E+01  1.00010792E+00  2.49545506E+00
 -1.43465314E+00  1.00000000E+00  2.06543070E+00 -3.49982956E+00  3.87497280E-01  2.57615896E+01  9.96653807E-01  2.47649358E+00
 -1.38573605E+00  1.00000000E+00  2.02760937E+00 -3.49344333E+00  3.84754392E-01  2.54728585E+01  1.00095021E+00  2.44719083E+00
 -1.33681896E+00  1.00000000E+00  1.98978804E+00 -3.48697769E+00  3.82071330E-01  2.51875739E+01  1.00524164E+00  2.41823323E+00
 -1.28790187E+00  1.00000000E+00  1.95179440E+00 -3.46911164E+00  3.79811474E-01  2.49111720E+01  1.00604707E+00  2.39051250E+00
 -1.23898478E+00  1.00000000E+00  1.91380077E+00 -3.45133702E+00  3.77405618E-01  2.46378778E+01  1.00685008E+00  2.36310277E+00
 -1.19006769E+00  1.00000000E+00  1.87657321E+00 -3.40896463E+00  3.73002737E-01  2.43317345E+01  1.00190103E+00  2.33298335E+00
 -1.14115060E+00  1.00000000E+00  1.83934565E+00 -3.36710799E+00  3.69378754E-01  2.40293950E+01  9.97023454E-01  2.30323715E+00
 -1.09223351E+00  1.00000000E+00  1.79453344E+00 -3.34697624E+00  3.68709661E-01  2.36684428E+01  9.98416154E-01  2.26700267E+00
 -1.04331642E+00  1.00000000E+00  1.74972124E+00 -3.32692322E+00  3.67129009E-01  2.33130929E+01  9.99793924E-01  2.23132990E+00
 -9.94399333E-01  1.00000000E+00  1.71901389E+00 -3.32271052E+00  3.62250444E-01  2.28721907E+01  1.00834952E+00  2.18638412E+00
 -9.45482243E-01  1.00000000E+00  1.68830655E+00 -3.31812984E+00  3.57703478E-01  2.24403607E+01  1.01689456E+00  2.14234661E+00
 -8.96565154E-01  1.00000000E+00  1.65131015E+00 -3.26393930E+00  3.51699717E-01  2.20236841E+01  1.01142290E+00  2.10122612E+00
 -8.47648064E-01  1.00000000E+00  1.61431376E+00 -3.21067474E+00  3.48485579E-01  2.16147429E+01  1.00606482E+00  2.06086781E+00
 -7.99501858E-01  1.00000000E+00  1.58345201E+00 -3.18161187E+00  3.42132554E-01  2.10966986E+01  1.00953957E+00  2.00871590E+00
 -7.51355652E-01  1.00000000E+00  1.55259027E+00 -3.15273041E+00  3.37920263E-01  2.05915417E+01  1.01298444E+00  1.95785573E+00
 -7.08111109E-01  1.00000000E+00  1.52160484E+00 -3.08724248E+00  3.34255397E-01  2.00272033E+01  1.00592981E+00  1.90212735E+00
 -6.64866566E-01  1.00000000E+00  1.49061942E+00 -3.02323149E+00  3.31627923E-01  1.94783898E+01  9.99004361E-01  1.84793855E+00
 -6.26599939E-01  1.00000000E+00  1.46435042E+00 -2.99036153E+00  3.30096504E-01  1.90865331E+01  9.98324333E-01  1.80882088E+00
 -5.88333313E-01  1.00000000E+00  1.43808142E+00 -2.95787931E+00  3.27339536E-01  1.87027163E+01  9.97646663E-01  1.77050696E+00
 -5.54471587E-01  1.00000000E+00  1.41960398E+00 -2.94118075E+00  3.25223592E-01  1.83891443E+01  1.00064476E+00  1.73884996E+00
 -5.20609860E-01  1.00000000E+00  1.40112653E+00 -2.92452670E+00  3.22112705E-01  1.80810757E+01  1.00362807E+00  1.70774476E+00
 -4.90645977E-01  1.00000000E+00  1.38681405E+00 -2.91255286E+00  3.17313243E-01  1.77164459E+01  1.00984253E+00  1.67066034E+00
 -4.60682095E-01  1.00000000E+00  1.37250157E+00 -2.90044243E+00  3.12897277E-01  1.73597033E+01  1.01603493E+00  1.63436684E+00
 -4.34167380E-01  1.00000000E+00  1.36163900E+00 -2.86836596E+00  3.09463258E-01  1.70132655E+01  1.01673486E+00  1.59965306E+00
 -4.07652666E-01  1.00000000E+00  1.35077644E+00 -2.83671720E+00  3.03708118E-01  1.66738723E+01  1.01745921E+00  1.56564131E+00
 -3.84190072E-01  1.00000000E+00  1.33354231E+00 -2.75019841E+00  2.94708492E-01  1.60105188E+01  1.00896561E+00  1.50015532E+00
 -3.60727478E-01  1.00000000E+00  1.31630818E+00 -2.66658358E+00  2.89275337E-01  1.53736402E+01  1.00077931E+00  1.43728609E+00
 -3.39965684E-01  1.00000000E+00  1.30898193E+00 -2.64455451E+00  2.84617062E-01  1.47488852E+01  1.01512514E+00  1.37337600E+00
 -3.19203889E-01  1.00000000E+00  1.30165567E+00 -2.62223343E+00  2.75846856E-01  1.41514579E+01  1.02946152E+00  1.31219964E+00
 -3.00831998E-01  1.00000000E+00  1.29921591E+00 -2.54105570E+00  2.59848550E-01  1.31357017E+01  1.04107423E+00  1.20946275E+00
 -2.82460107E-01  1.00000000E+00  1.29677614E+00 -2.46293072E+00  2.45311135E-01  1.21956360E+01  1.05279586E+00  1.11428401E+00
 -2.66203017E-01  1.00000000E+00  1.29221115E+00 -2.34951159E+00  2.31253376E-01  1.11027618E+01  1.06131119E+00  1.00414506E+00
 -2.49945927E-01  1.00000000E+00  1.28764616E+00 -2.24282508E+00  2.12674499E-01  1.01105655E+01  1.07034261E+00  9.04022289E-01
 -2.35560203E-01  1.00000000E+00  1.28014959E+00 -1.94623341E+00  1.87384850E-01  8.11775080E+00  1.05408216E+00  7.06366864E-01
 -2.21174479E-01  1.00000000E+00  1.27265302E+00 -1.69593439E+00  1.65121524E-01  6.52190627E+00  1.04312065E+00  5.47878562E-01
 -2.08421419E-01  1.00000000E+00  1.30806787E+00 -1.51598832E+00  1.40521258E-01  4.83044818E+00  1.11738165E+00  3.71306652E-01
 -1.95668358E-01  1.00000000E+00  1.34348272E+00 -1.36857945E+00  1.13661196E-01  3.59969750E+00  1.19982215E+00  2.39987534E-01
 -1.83439085E-01  1.00000000E+00  1.44244238E+00 -9.21023494E-01  6.46331507E-02  2.14832270E+00  1.20299365E+00  9.45329051E-02
 -1.71209813E-01  1.00000000E+00  1.54140203E+00 -6.25661926E-01  1.90804754E-02  1.27942208E+00  1.26912109E+00  1.03009928E-03
 -1.58980541E-01  1.00000000E+00  1.65611197E+00 -4.81116655E-02  1.99444984E-02  8.27915453E-01  1.16655039E+00 -3.38634933E-02
 -1.46751268E-01  1.00000000E+00  1.77082192E+00  4.02091966E-01  4.80397742E-02  6.90206428E-01  1.32569437E+00 -6.35487937E-02
 -1.34521996E-01  1.00000000E+00  1.98037703E+00  6.53625292E-01  7.41031294E-02  1.11776219E+00  1.23653055E+00 -1.18768353E-02
 -1.22292724E-01  1.00000000E+00  2.18993214E+00  1.00580463E+00  9.56149019E-02  1.80738530E+00  1.22946069E+00  5.77924612E-02
 -1.10063451E-01  1.00000000E+00  2.39175395E+00  1.29173354E+00  1.04343936E-01  2.53358436E+00  1.30778480E+00  1.22579956E-01
 -9.78341789E-02  1.00000000E+00  2.59357575E+00  1.66965396E+00  1.30167529E-01  3.55073000E+00  1.41456668E+00  2.13616332E-01
 -8.56049065E-02  1.00000000E+00  2.83894325E+00  2.06089272E+00  1.53690284E-01  3.71053519E+00  1.70025022E+00  2.01028497E-01
 -7.33756342E-02  1.00000000E+00  3.08431076E+00  2.49115269E+00  1.69542135E-01  3.95266588E+00  2.05112708E+00  1.90153881E-01
 -6.11463618E-02  1.00000000E+00  3.12113138E+00  9.66790794E-01  2.50542151E-01  2.38840118E+00  1.07753317E+00  1.31086801E-01
 -4.89170895E-02  1.00000000E+00  3.15795200E+00  4.10602805E-02  2.86188237E-01  1.79888875E+00  7.86145424E-01  1.01274333E-01
 -3.66878171E-02  1.00000000E+00  4.37608900E+00  1.93337781E+00  4.98610185E-01  5.14606002E+00  1.27824036E+00  3.86781966E-01
 -2.44585447E-02  1.00000000E+00  5.59422600E+00  8.57493007E+00  1.17443790E+00  1.78612021E+01  4.43639695E+00  1.34248051E+00
 -1.22292724E-02  1.00000000E+00  2.93690300E+00  5.02682016E+00  2.99097605E-01  3.15369528E+00  1.15382666E+01 -8.38457136E-01
  0.00000000E+00  1.00000000E+00  2.79579987E-01  8.02847865E+00  6.67168831E-01  7.37143586E-01  1.16815096E+02 -1.16077952E+01
