# curve 5 (die wall), step =      200, time =   8.00000000E+01
# N1 = tau_xx - tau_yy = G ( c_xx - c_yy ),  G =  2.3333E-01  (polymer part only)
#              x               y        pressure            c_xy        gammadot            c_xx            c_yy              N1
 -3.00000000E+00  1.00000000E+00  2.42185744E+00 -9.66444709E-01  4.22146759E-01  2.96764041E+00  9.05803887E-01  4.81095190E-01
 -2.97524677E+00  1.00000000E+00  2.40440115E+00 -9.66364250E-01  4.22158120E-01  2.96751893E+00  9.05781009E-01  4.81072182E-01
 -2.95049355E+00  1.00000000E+00  2.38694487E+00 -9.66283795E-01  4.22168959E-01  2.96739746E+00  9.05758133E-01  4.81049175E-01
 -2.92574032E+00  1.00000000E+00  2.36952111E+00 -9.66371397E-01  4.22166229E-01  2.96748553E+00  9.05798648E-01  4.81060271E-01
 -2.90098710E+00  1.00000000E+00  2.35209735E+00 -9.66459003E-01  4.22146197E-01  2.96757360E+00  9.05839167E-01  4.81071368E-01
 -2.87623387E+00  1.00000000E+00  2.33469354E+00 -9.66597628E-01  4.22125250E-01  2.96784178E+00  9.05874401E-01  4.81125721E-01
 -2.85148064E+00  1.00000000E+00  2.31728974E+00 -9.66736265E-01  4.22091045E-01  2.96810998E+00  9.05909642E-01  4.81180079E-01
 -2.82672742E+00  1.00000000E+00  2.29981934E+00 -9.66511622E-01  4.22110385E-01  2.96782414E+00  9.05821933E-01  4.81133848E-01
 -2.80197419E+00  1.00000000E+00  2.28234894E+00 -9.66287003E-01  4.22141918E-01  2.96753834E+00  9.05734244E-01  4.81087622E-01
 -2.77722097E+00  1.00000000E+00  2.26491216E+00 -9.66353839E-01  4.22149177E-01  2.96754883E+00  9.05765892E-01  4.81082686E-01
 -2.75246774E+00  1.00000000E+00  2.24747539E+00 -9.66420676E-01  4.22157988E-01  2.96755933E+00  9.05797541E-01  4.81077751E-01
 -2.72771451E+00  1.00000000E+00  2.23006281E+00 -9.66407297E-01  4.22166045E-01  2.96756770E+00  9.05798212E-01  4.81079547E-01
 -2.70296129E+00  1.00000000E+00  2.21265024E+00 -9.66393918E-01  4.22160143E-01  2.96757606E+00  9.05798883E-01  4.81081342E-01
 -2.67820806E+00  1.00000000E+00  2.19520774E+00 -9.66407617E-01  4.22149143E-01  2.96757137E+00  9.05799247E-01  4.81080162E-01
 -2.65345484E+00  1.00000000E+00  2.17776524E+00 -9.66421316E-01  4.22150093E-01  2.96756668E+00  9.05799612E-01  4.81078983E-01
 -2.62870161E+00  1.00000000E+00  2.16033934E+00 -9.66416486E-01  4.22150528E-01  2.96753699E+00  9.05803563E-01  4.81071133E-01
 -2.60394839E+00  1.00000000E+00  2.14291343E+00 -9.66411656E-01  4.22147303E-01  2.96750730E+00  9.05807515E-01  4.81063283E-01
 -2.57919516E+00  1.00000000E+00  2.12548434E+00 -9.66392784E-01  4.22154837E-01  2.96748291E+00  9.05807171E-01  4.81057671E-01
 -2.55444193E+00  1.00000000E+00  2.10805524E+00 -9.66373912E-01  4.22152477E-01  2.96745851E+00  9.05806827E-01  4.81052060E-01
 -2.52968871E+00  1.00000000E+00  2.09063458E+00 -9.66476299E-01  4.22135500E-01  2.96761257E+00  9.05841078E-01  4.81080016E-01
 -2.50493548E+00  1.00000000E+00  2.07321392E+00 -9.66578692E-01  4.22108654E-01  2.96776665E+00  9.05875333E-01  4.81107973E-01
 -2.48018226E+00  1.00000000E+00  2.05574624E+00 -9.66420799E-01  4.22128693E-01  2.96757852E+00  9.05808552E-01  4.81079659E-01
 -2.45542903E+00  1.00000000E+00  2.03827856E+00 -9.66262918E-01  4.22155199E-01  2.96739041E+00  9.05741781E-01  4.81051347E-01
 -2.43067580E+00  1.00000000E+00  2.02085395E+00 -9.66299804E-01  4.22165493E-01  2.96743225E+00  9.05752992E-01  4.81058493E-01
 -2.40592258E+00  1.00000000E+00  2.00342935E+00 -9.66336690E-01  4.22178213E-01  2.96747408E+00  9.05764204E-01  4.81065638E-01
 -2.38116935E+00  1.00000000E+00  1.98601483E+00 -9.66337274E-01  4.22185518E-01  2.96745067E+00  9.05779520E-01  4.81056602E-01
 -2.35641613E+00  1.00000000E+00  1.96860030E+00 -9.66337859E-01  4.22176005E-01  2.96742726E+00  9.05794836E-01  4.81047565E-01
 -2.33166290E+00  1.00000000E+00  1.95116218E+00 -9.66355055E-01  4.22161414E-01  2.96747004E+00  9.05791757E-01  4.81058267E-01
 -2.30690967E+00  1.00000000E+00  1.93372405E+00 -9.66372252E-01  4.22152808E-01  2.96751283E+00  9.05788679E-01  4.81068968E-01
 -2.28215645E+00  1.00000000E+00  1.91628573E+00 -9.66398213E-01  4.22150987E-01  2.96752561E+00  9.05798069E-01  4.81069761E-01
 -2.25740322E+00  1.00000000E+00  1.89884741E+00 -9.66424175E-01  4.22147677E-01  2.96753840E+00  9.05807460E-01  4.81070553E-01
 -2.23265000E+00  1.00000000E+00  1.88143279E+00 -9.66496487E-01  4.22139440E-01  2.96766099E+00  9.05837717E-01  4.81092096E-01
 -2.20789677E+00  1.00000000E+00  1.86401816E+00 -9.66568803E-01  4.22115339E-01  2.96778358E+00  9.05867976E-01  4.81113641E-01
 -2.18314354E+00  1.00000000E+00  1.84655353E+00 -9.66420538E-01  4.22125346E-01  2.96754924E+00  9.05815900E-01  4.81071113E-01
 -2.15839032E+00  1.00000000E+00  1.82908890E+00 -9.66272285E-01  4.22142868E-01  2.96731493E+00  9.05763832E-01  4.81028588E-01
 -2.13363709E+00  1.00000000E+00  1.81167294E+00 -9.66283433E-01  4.22147909E-01  2.96733638E+00  9.05762092E-01  4.81033999E-01
 -2.10888387E+00  1.00000000E+00  1.79425698E+00 -9.66294580E-01  4.22158849E-01  2.96735783E+00  9.05760352E-01  4.81039410E-01
 -2.08413064E+00  1.00000000E+00  1.77681372E+00 -9.66310346E-01  4.22167393E-01  2.96736163E+00  9.05771441E-01  4.81037711E-01
 -2.05937741E+00  1.00000000E+00  1.75937045E+00 -9.66326112E-01  4.22165386E-01  2.96736544E+00  9.05782530E-01  4.81036012E-01
 -2.03462419E+00  1.00000000E+00  1.74195189E+00 -9.66316024E-01  4.22158577E-01  2.96734504E+00  9.05784487E-01  4.81030796E-01
 -2.00987096E+00  1.00000000E+00  1.72453334E+00 -9.66305937E-01  4.22148051E-01  2.96732465E+00  9.05786445E-01  4.81025581E-01
 -1.98511774E+00  1.00000000E+00  1.70708877E+00 -9.66327208E-01  4.22136955E-01  2.96728689E+00  9.05801879E-01  4.81013169E-01
 -1.96036451E+00  1.00000000E+00  1.68964420E+00 -9.66348478E-01  4.22126465E-01  2.96724913E+00  9.05817314E-01  4.81000758E-01
 -1.93561128E+00  1.00000000E+00  1.67223830E+00 -9.66402730E-01  4.22112400E-01  2.96732212E+00  9.05844361E-01  4.81011478E-01
 -1.91085806E+00  1.00000000E+00  1.65483240E+00 -9.66456984E-01  4.22086325E-01  2.96739511E+00  9.05871410E-01  4.81022198E-01
 -1.88610483E+00  1.00000000E+00  1.63737311E+00 -9.66414047E-01  4.22071845E-01  2.96733129E+00  9.05846687E-01  4.81013075E-01
 -1.86135161E+00  1.00000000E+00  1.61991383E+00 -9.66371110E-01  4.22059472E-01  2.96726748E+00  9.05821964E-01  4.81003953E-01
 -1.83659838E+00  1.00000000E+00  1.60247839E+00 -9.66312987E-01  4.22068659E-01  2.96708470E+00  9.05827516E-01  4.80960009E-01
 -1.81184516E+00  1.00000000E+00  1.58504296E+00 -9.66254866E-01  4.22071798E-01  2.96690192E+00  9.05833069E-01  4.80916066E-01
 -1.78709193E+00  1.00000000E+00  1.56765808E+00 -9.66375850E-01  4.22041241E-01  2.96707762E+00  9.05880628E-01  4.80945966E-01
 -1.76233870E+00  1.00000000E+00  1.55027320E+00 -9.66496842E-01  4.21995112E-01  2.96725334E+00  9.05928193E-01  4.80975867E-01
 -1.73758548E+00  1.00000000E+00  1.53279073E+00 -9.66403915E-01  4.21991301E-01  2.96709513E+00  9.05889861E-01  4.80947897E-01
 -1.71283225E+00  1.00000000E+00  1.51530825E+00 -9.66310994E-01  4.21989692E-01  2.96693694E+00  9.05851533E-01  4.80919929E-01
 -1.68807903E+00  1.00000000E+00  1.49787305E+00 -9.66324621E-01  4.21966722E-01  2.96679321E+00  9.05882132E-01  4.80879251E-01
 -1.66332580E+00  1.00000000E+00  1.48043785E+00 -9.66338248E-01  4.21946600E-01  2.96664948E+00  9.05912731E-01  4.80838574E-01
 -1.63857257E+00  1.00000000E+00  1.46302936E+00 -9.66253292E-01  4.21952030E-01  2.96656220E+00  9.05883404E-01  4.80825051E-01
 -1.61381935E+00  1.00000000E+00  1.44562087E+00 -9.66168339E-01  4.21944156E-01  2.96647492E+00  9.05854081E-01  4.80811529E-01
 -1.58906612E+00  1.00000000E+00  1.42816089E+00 -9.66123206E-01  4.21912676E-01  2.96623759E+00  9.05859174E-01  4.80754964E-01
 -1.56431290E+00  1.00000000E+00  1.41070091E+00 -9.66078076E-01  4.21893050E-01  2.96600029E+00  9.05864268E-01  4.80698404E-01
 -1.53955967E+00  1.00000000E+00  1.39330297E+00 -9.65995118E-01  4.21881705E-01  2.96577367E+00  9.05859844E-01  4.80646560E-01
 -1.51480644E+00  1.00000000E+00  1.37590503E+00 -9.65912165E-01  4.21863873E-01  2.96554708E+00  9.05855424E-01  4.80594720E-01
 -1.49005322E+00  1.00000000E+00  1.35850111E+00 -9.65910485E-01  4.21833691E-01  2.96531671E+00  9.05903976E-01  4.80529638E-01
 -1.46529999E+00  1.00000000E+00  1.34109719E+00 -9.65908806E-01  4.21781715E-01  2.96508637E+00  9.05952531E-01  4.80464561E-01
 -1.44054677E+00  1.00000000E+00  1.32369044E+00 -9.65991754E-01  4.21718589E-01  2.96506318E+00  9.06010101E-01  4.80445718E-01
 -1.41579354E+00  1.00000000E+00  1.30628370E+00 -9.66074704E-01  4.21632383E-01  2.96504000E+00  9.06067676E-01  4.80426876E-01
 -1.39104031E+00  1.00000000E+00  1.28884129E+00 -9.65778921E-01  4.21606366E-01  2.96444544E+00  9.05990060E-01  4.80306256E-01
 -1.36628709E+00  1.00000000E+00  1.27139888E+00 -9.65483195E-01  4.21596598E-01  2.96385102E+00  9.05912477E-01  4.80185659E-01
 -1.34153386E+00  1.00000000E+00  1.25400477E+00 -9.65474830E-01  4.21551588E-01  2.96353066E+00  9.05958364E-01  4.80100201E-01
 -1.31678064E+00  1.00000000E+00  1.23661065E+00 -9.65466465E-01  4.21501322E-01  2.96321033E+00  9.06004253E-01  4.80014752E-01
 -1.29202741E+00  1.00000000E+00  1.21924616E+00 -9.65422553E-01  4.21438926E-01  2.96290269E+00  9.06040162E-01  4.79934589E-01
 -1.26727418E+00  1.00000000E+00  1.20188168E+00 -9.65378645E-01  4.21360429E-01  2.96259507E+00  9.06076074E-01  4.79854433E-01
 -1.24252096E+00  1.00000000E+00  1.18453968E+00 -9.65378646E-01  4.21280697E-01  2.96228267E+00  9.06131376E-01  4.79768635E-01
 -1.21776773E+00  1.00000000E+00  1.16719769E+00 -9.65378647E-01  4.21187953E-01  2.96197030E+00  9.06186681E-01  4.79682845E-01
 -1.19301451E+00  1.00000000E+00  1.14980988E+00 -9.65054480E-01  4.21125077E-01  2.96114434E+00  9.06138377E-01  4.79501392E-01
 -1.16826128E+00  1.00000000E+00  1.13242207E+00 -9.64730395E-01  4.21071856E-01  2.96031862E+00  9.06090111E-01  4.79319986E-01
 -1.14350806E+00  1.00000000E+00  1.11511828E+00 -9.64720959E-01  4.20986075E-01  2.95992965E+00  9.06149174E-01  4.79215446E-01
 -1.11875483E+00  1.00000000E+00  1.09781448E+00 -9.64711523E-01  4.20896668E-01  2.95954074E+00  9.06208239E-01  4.79110918E-01
 -1.09400160E+00  1.00000000E+00  1.08052268E+00 -9.64569457E-01  4.20804182E-01  2.95894198E+00  9.06225266E-01  4.78967234E-01
 -1.06924838E+00  1.00000000E+00  1.06323088E+00 -9.64427415E-01  4.20717497E-01  2.95834334E+00  9.06242300E-01  4.78823575E-01
 -1.04449515E+00  1.00000000E+00  1.04599032E+00 -9.64248118E-01  4.20630961E-01  2.95763486E+00  9.06263387E-01  4.78653345E-01
 -1.01974193E+00  1.00000000E+00  1.02874976E+00 -9.64068858E-01  4.20537364E-01  2.95692656E+00  9.06284488E-01  4.78483150E-01
 -9.94988700E-01  1.00000000E+00  1.01156762E+00 -9.63934032E-01  4.20437310E-01  2.95629118E+00  9.06320518E-01  4.78326487E-01
 -9.70235474E-01  1.00000000E+00  9.94385480E-01 -9.63799231E-01  4.20343719E-01  2.95565593E+00  9.06356558E-01  4.78169854E-01
 -9.45482248E-01  1.00000000E+00  9.77228674E-01 -9.63660607E-01  4.20250744E-01  2.95507344E+00  9.06369790E-01  4.78030851E-01
 -9.20729022E-01  1.00000000E+00  9.60071868E-01 -9.63522006E-01  4.20162405E-01  2.95449105E+00  9.06383030E-01  4.77891872E-01
 -8.95975796E-01  1.00000000E+00  9.43038380E-01 -9.63313938E-01  4.20087158E-01  2.95376253E+00  9.06392455E-01  4.77719684E-01
 -8.71222570E-01  1.00000000E+00  9.26004892E-01 -9.63105914E-01  4.20015412E-01  2.95303419E+00  9.06401897E-01  4.77547534E-01
 -8.46469344E-01  1.00000000E+00  9.09044800E-01 -9.63134747E-01  4.19950220E-01  2.95279658E+00  9.06471971E-01  4.77475743E-01
 -8.21716118E-01  1.00000000E+00  8.92084708E-01 -9.63163581E-01  4.19872440E-01  2.95255900E+00  9.06542050E-01  4.77403956E-01
 -7.97201467E-01  1.00000000E+00  8.75411875E-01 -9.63164631E-01  4.19863643E-01  2.95252981E+00  9.06539136E-01  4.77397823E-01
 -7.72686817E-01  1.00000000E+00  8.58739042E-01 -9.63165680E-01  4.19863638E-01  2.95250061E+00  9.06536222E-01  4.77391690E-01
 -7.49503432E-01  1.00000000E+00  8.43089255E-01 -9.63189014E-01  4.19894552E-01  2.95275942E+00  9.06502457E-01  4.77459959E-01
 -7.26320047E-01  1.00000000E+00  8.27439469E-01 -9.63212350E-01  4.19940642E-01  2.95301826E+00  9.06468694E-01  4.77528232E-01
 -7.04527831E-01  1.00000000E+00  8.12899210E-01 -9.63412761E-01  4.20021956E-01  2.95372173E+00  9.06481140E-01  4.77689471E-01
 -6.82735615E-01  1.00000000E+00  7.98358952E-01 -9.63613214E-01  4.20138127E-01  2.95442537E+00  9.06493599E-01  4.77850746E-01
 -6.62251087E-01  1.00000000E+00  7.84770282E-01 -9.63809640E-01  4.20357333E-01  2.95578479E+00  9.06337413E-01  4.78204387E-01
 -6.41766559E-01  1.00000000E+00  7.71181613E-01 -9.64006146E-01  4.20604100E-01  2.95714485E+00  9.06181281E-01  4.78558166E-01
 -6.22511254E-01  1.00000000E+00  7.58616945E-01 -9.64354715E-01  4.20870457E-01  2.95891145E+00  9.06081787E-01  4.78993589E-01
 -6.03255949E-01  1.00000000E+00  7.46052278E-01 -9.64703456E-01  4.21170036E-01  2.96067912E+00  9.05982358E-01  4.79429244E-01
 -5.85156097E-01  1.00000000E+00  7.34420454E-01 -9.65312294E-01  4.21529770E-01  2.96312651E+00  9.05929337E-01  4.80012673E-01
 -5.67056245E-01  1.00000000E+00  7.22788630E-01 -9.65921557E-01  4.21929430E-01  2.96557591E+00  9.05876465E-01  4.80596537E-01
 -5.50042515E-01  1.00000000E+00  7.11959139E-01 -9.66596802E-01  4.22452830E-01  2.96901286E+00  9.05649357E-01  4.81451483E-01
 -5.33028786E-01  1.00000000E+00  7.01129647E-01 -9.67272697E-01  4.22987436E-01  2.97245381E+00  9.05422529E-01  4.82307300E-01
 -5.17036006E-01  1.00000000E+00  6.91211330E-01 -9.68312672E-01  4.23577139E-01  2.97674618E+00  9.05321282E-01  4.83332476E-01
 -5.01043227E-01  1.00000000E+00  6.81293012E-01 -9.69353908E-01  4.24210459E-01  2.98104473E+00  9.05220468E-01  4.84358993E-01
 -4.86010125E-01  1.00000000E+00  6.72068681E-01 -9.70408259E-01  4.24950968E-01  2.98605093E+00  9.04957282E-01  4.85588518E-01
 -4.70977023E-01  1.00000000E+00  6.62844351E-01 -9.71464081E-01  4.25777412E-01  2.99106557E+00  9.04694676E-01  4.86819875E-01
 -4.56846016E-01  1.00000000E+00  6.54418653E-01 -9.72798871E-01  4.26652239E-01  2.99718829E+00  9.04435909E-01  4.88308888E-01
 -4.42715008E-01  1.00000000E+00  6.45992954E-01 -9.74135932E-01  4.27614394E-01  3.00332355E+00  9.04177967E-01  4.89800637E-01
 -4.29431964E-01  1.00000000E+00  6.38253184E-01 -9.75793881E-01  4.28707610E-01  3.01083724E+00  9.03840859E-01  4.91632489E-01
 -4.16148920E-01  1.00000000E+00  6.30513413E-01 -9.77455290E-01  4.29866252E-01  3.01836973E+00  9.03505079E-01  4.93468418E-01
 -4.03662954E-01  1.00000000E+00  6.23423236E-01 -9.79108397E-01  4.31022731E-01  3.02634179E+00  9.03123773E-01  4.95417538E-01
 -3.91176988E-01  1.00000000E+00  6.16333059E-01 -9.80765122E-01  4.32309623E-01  3.03433500E+00  9.02743794E-01  4.97371280E-01
 -3.79440270E-01  1.00000000E+00  6.09871169E-01 -9.82956406E-01  4.33693805E-01  3.04387997E+00  9.02416135E-01  4.99674895E-01
 -3.67703552E-01  1.00000000E+00  6.03409280E-01 -9.85153459E-01  4.35167742E-01  3.05345492E+00  9.02090562E-01  5.01985018E-01
 -3.56671122E-01  1.00000000E+00  5.97622285E-01 -9.87362989E-01  4.36786928E-01  3.06410048E+00  9.01555787E-01  5.04593761E-01
 -3.45638692E-01  1.00000000E+00  5.91835290E-01 -9.89578925E-01  4.38459496E-01  3.07478327E+00  9.01023472E-01  5.07210620E-01
 -3.35268287E-01  1.00000000E+00  5.86514635E-01 -9.92079045E-01  4.40086951E-01  3.08626296E+00  9.00599530E-01  5.09988134E-01
 -3.24897882E-01  1.00000000E+00  5.81193980E-01 -9.94586936E-01  4.41881151E-01  3.09778556E+00  9.00178288E-01  5.12775030E-01
 -3.15149775E-01  1.00000000E+00  5.76471814E-01 -9.97479373E-01  4.43833358E-01  3.11109558E+00  8.99648966E-01  5.16004209E-01
 -3.05401669E-01  1.00000000E+00  5.71749648E-01 -1.00038218E+00  4.45868348E-01  3.12446283E+00  8.99123397E-01  5.19245868E-01
 -2.96238520E-01  1.00000000E+00  5.67446859E-01 -1.00319943E+00  4.47951145E-01  3.13911670E+00  8.98314081E-01  5.22853945E-01
 -2.87075371E-01  1.00000000E+00  5.63144070E-01 -1.00602763E+00  4.50261546E-01  3.15383988E+00  8.97508941E-01  5.26477220E-01
 -2.78462077E-01  1.00000000E+00  5.59472951E-01 -1.00936398E+00  4.52665199E-01  3.16967723E+00  8.96806762E-01  5.30336443E-01
 -2.69848783E-01  1.00000000E+00  5.55801833E-01 -1.01271432E+00  4.55190753E-01  3.18559428E+00  8.96109808E-01  5.34213043E-01
 -2.61752348E-01  1.00000000E+00  5.52584539E-01 -1.01648914E+00  4.57689624E-01  3.20289435E+00  8.95563291E-01  5.38377247E-01
 -2.53655913E-01  1.00000000E+00  5.49367245E-01 -1.02028108E+00  4.60308398E-01  3.22028845E+00  8.95022516E-01  5.42562051E-01
 -2.46045323E-01  1.00000000E+00  5.46543288E-01 -1.02369246E+00  4.63115204E-01  3.23849078E+00  8.94008481E-01  5.47045870E-01
 -2.38434732E-01  1.00000000E+00  5.43719332E-01 -1.02711983E+00  4.65988738E-01  3.25679700E+00  8.93000604E-01  5.51552491E-01
 -2.31280830E-01  1.00000000E+00  5.41355005E-01 -1.03115027E+00  4.68913855E-01  3.27643032E+00  8.92238345E-01  5.56311461E-01
 -2.24126928E-01  1.00000000E+00  5.38990678E-01 -1.03520093E+00  4.71930033E-01  3.29618246E+00  8.91483025E-01  5.61096535E-01
 -2.17402314E-01  1.00000000E+00  5.37075632E-01 -1.03971694E+00  4.75017108E-01  3.31763984E+00  8.90762578E-01  5.66271360E-01
 -2.10677699E-01  1.00000000E+00  5.35160586E-01 -1.04425750E+00  4.78208207E-01  3.33923721E+00  8.90050349E-01  5.71476935E-01
 -2.04351753E-01  1.00000000E+00  5.33601684E-01 -1.04856836E+00  4.81659767E-01  3.36206021E+00  8.88941907E-01  5.77060937E-01
 -1.98025807E-01  1.00000000E+00  5.32042782E-01 -1.05290365E+00  4.85175684E-01  3.38504057E+00  8.87842307E-01  5.82679594E-01
 -1.91837501E-01  1.00000000E+00  5.30847823E-01 -1.05803426E+00  4.88961059E-01  3.41067703E+00  8.86897916E-01  5.88881794E-01
 -1.85649194E-01  1.00000000E+00  5.29652863E-01 -1.06319719E+00  4.92853991E-01  3.43650863E+00  8.85964269E-01  5.95127017E-01
 -1.79460888E-01  1.00000000E+00  5.28703721E-01 -1.06807095E+00  4.97289155E-01  3.46538051E+00  8.84269869E-01  6.02259151E-01
 -1.73272582E-01  1.00000000E+00  5.27754578E-01 -1.07297857E+00  5.01840949E-01  3.49449902E+00  8.82588549E-01  6.09445776E-01
 -1.67084275E-01  1.00000000E+00  5.27513639E-01 -1.07987108E+00  5.06684213E-01  3.52789038E+00  8.81673311E-01  6.17450649E-01
 -1.60895969E-01  1.00000000E+00  5.27272699E-01 -1.08681865E+00  5.11679828E-01  3.56160171E+00  8.80775283E-01  6.25526165E-01
 -1.54707662E-01  1.00000000E+00  5.27252364E-01 -1.09316026E+00  5.17463305E-01  3.59943881E+00  8.78744837E-01  6.34828593E-01
 -1.48519356E-01  1.00000000E+00  5.27232030E-01 -1.09955742E+00  5.23406911E-01  3.63768460E+00  8.76734716E-01  6.44221640E-01
 -1.42331049E-01  1.00000000E+00  5.28239577E-01 -1.10836570E+00  5.30131609E-01  3.68317043E+00  8.75229288E-01  6.55186265E-01
 -1.36142743E-01  1.00000000E+00  5.29247123E-01 -1.11726580E+00  5.37147328E-01  3.72922835E+00  8.73753179E-01  6.66277540E-01
 -1.29954436E-01  1.00000000E+00  5.30781746E-01 -1.12586324E+00  5.44579893E-01  3.77942579E+00  8.71629179E-01  6.78485875E-01
 -1.23766130E-01  1.00000000E+00  5.32316369E-01 -1.13455564E+00  5.52500362E-01  3.83030876E+00  8.69535640E-01  6.90847060E-01
 -1.17577823E-01  1.00000000E+00  5.35003014E-01 -1.14530713E+00  5.61464169E-01  3.89211322E+00  8.67154086E-01  7.05823797E-01
 -1.11389517E-01  1.00000000E+00  5.37689659E-01 -1.15620159E+00  5.70969407E-01  3.95492750E+00  8.64817506E-01  7.21025666E-01
 -1.05201210E-01  1.00000000E+00  5.41954228E-01 -1.16837516E+00  5.82317271E-01  4.02985426E+00  8.61555901E-01  7.39269617E-01
 -9.90129037E-02  1.00000000E+00  5.46218797E-01 -1.18073818E+00  5.94056886E-01  4.10622456E+00  8.58356475E-01  7.57835886E-01
 -9.28245972E-02  1.00000000E+00  5.52077635E-01 -1.19271524E+00  6.08010846E-01  4.19321995E+00  8.53624317E-01  7.79238982E-01
 -8.66362908E-02  1.00000000E+00  5.57936473E-01 -1.20489776E+00  6.22392159E-01  4.28211301E+00  8.48967271E-01  8.01067338E-01
 -8.04479843E-02  1.00000000E+00  5.66669953E-01 -1.22578246E+00  6.38964813E-01  4.39485693E+00  8.46887818E-01  8.27859460E-01
 -7.42596778E-02  1.00000000E+00  5.75403433E-01 -1.24712687E+00  6.56364619E-01  4.51058651E+00  8.44930911E-01  8.55319640E-01
 -6.80713713E-02  1.00000000E+00  5.89428346E-01 -1.25742351E+00  6.78028967E-01  4.64655555E+00  8.34085827E-01  8.89576268E-01
 -6.18830648E-02  1.00000000E+00  6.03453259E-01 -1.26796104E+00  7.02018923E-01  4.78693776E+00  8.23408495E-01  9.24823495E-01
 -5.56947583E-02  1.00000000E+00  6.16604232E-01 -1.32887095E+00  7.30483141E-01  4.98994323E+00  8.33751188E-01  9.69778143E-01
 -4.95064519E-02  1.00000000E+00  6.29755204E-01 -1.39226782E+00  7.57219815E-01  5.20166893E+00  8.44930550E-01  1.01657229E+00
 -4.33181454E-02  1.00000000E+00  7.01178661E-01 -1.32309757E+00  7.89376378E-01  5.30390480E+00  8.00566825E-01  1.05077886E+00
 -3.71298389E-02  1.00000000E+00  7.72602119E-01 -1.25349138E+00  8.38221485E-01  5.41383868E+00  7.58482798E-01  1.08624971E+00
 -3.09415324E-02  1.00000000E+00  6.62875532E-01 -1.26912555E+00  8.75342380E-01  5.47710615E+00  7.60081724E-01  1.10063903E+00
 -2.47532259E-02  1.00000000E+00  5.53148946E-01 -1.28493308E+00  8.72413905E-01  5.54111655E+00  7.61731954E-01  1.11518974E+00
 -1.85649194E-02  1.00000000E+00  1.35868105E+00 -1.82098339E+00  9.21858907E-01  7.03128432E+00  8.87228237E-01  1.43361309E+00
 -1.23766130E-02  1.00000000E+00  2.16421316E+00 -2.51170918E+00  1.11433739E+00  8.95632841E+00  1.07544207E+00  1.83887348E+00
 -6.18830648E-03  1.00000000E+00  1.03410745E+00  7.70745146E-01  2.31286216E+00  8.97518466E+00  4.67981735E-01  1.98501402E+00
  0.00000000E+00  1.00000000E+00 -9.59982552E-02  5.86007691E+00  5.49876560E+00  1.58186261E+01  2.41826271E+00  3.12675145E+00
