# model=oldroyd  theta_MLE: lambda=1.6466, beta=0.08, eta_0=0.846172
# delta(x) = y_clean(x) - y_model(x; theta_MLE)   (x from curve4_x.txt)
# columns: x  delta
5.000000000000000000e+00 -1.102313441210700518e-03
4.950333040000000295e+00 -1.102537821886295788e-03
4.900666089999999642e+00 -1.102737371451611992e-03
4.850999129999999937e+00 -1.102909911763205741e-03
4.801332180000000172e+00 -1.103078986408156936e-03
4.751665219999999579e+00 -1.103235705420813062e-03
4.701998269999999813e+00 -1.103380872148784775e-03
4.652331310000000109e+00 -1.103528895659344755e-03
4.602664360000000343e+00 -1.103668518124933939e-03
4.552997399999999750e+00 -1.103804763929350230e-03
4.503330449999999985e+00 -1.103946908517006165e-03
4.453663490000000280e+00 -1.104087443315249217e-03
4.403996539999999627e+00 -1.104233323262038269e-03
4.354329579999999922e+00 -1.104379301090308019e-03
4.304662630000000156e+00 -1.104525345188456242e-03
4.254995669999999564e+00 -1.104689056279362092e-03
4.205328709999999859e+00 -1.104861679400270802e-03
4.155661760000000093e+00 -1.105027015802839685e-03
4.105994800000000389e+00 -1.105217547448855697e-03
4.056327849999999735e+00 -1.105420109822619068e-03
4.006660890000000030e+00 -1.105628119205448456e-03
3.956993939999999821e+00 -1.105838255320401586e-03
3.907326980000000116e+00 -1.106066192071430976e-03
3.857660029999999907e+00 -1.106281495379723978e-03
3.807993070000000202e+00 -1.106519468863531586e-03
3.758326119999999992e+00 -1.106738113739735851e-03
3.708659159999999844e+00 -1.106949835458781450e-03
3.658992210000000078e+00 -1.107148607753849490e-03
3.609325249999999929e+00 -1.107319872958090201e-03
3.559658300000000164e+00 -1.107452185088231289e-03
3.509991340000000015e+00 -1.107518405491614288e-03
3.460324389999999806e+00 -1.107527831712307176e-03
3.410657430000000101e+00 -1.107447304235842367e-03
3.360990469999999952e+00 -1.107237919595327469e-03
3.311323520000000187e+00 -1.106876408317081228e-03
3.261656560000000038e+00 -1.106345630891958365e-03
3.211989609999999828e+00 -1.105593056150322440e-03
3.162322650000000124e+00 -1.104575698850807086e-03
3.112655699999999914e+00 -1.103237994180883419e-03
3.062988740000000210e+00 -1.101528006809848748e-03
3.013321790000000000e+00 -1.099360969348150974e-03
2.963654829999999851e+00 -1.096656935566597824e-03
2.913987880000000086e+00 -1.093345096537134964e-03
2.864320919999999937e+00 -1.089335211155617600e-03
2.814653970000000172e+00 -1.084461270466130500e-03
2.764987010000000023e+00 -1.078649834825862186e-03
2.715320059999999813e+00 -1.071731745489801213e-03
2.665653100000000109e+00 -1.063540879296054342e-03
2.615986139999999960e+00 -1.053931091250959184e-03
2.566319190000000194e+00 -1.042671644239767659e-03
2.516652230000000046e+00 -1.029571108908333699e-03
2.466985279999999836e+00 -1.014365924637550265e-03
2.417318320000000131e+00 -9.968486728550995934e-04
2.367651369999999922e+00 -9.766906842312295112e-04
2.317984410000000217e+00 -9.536254900046614580e-04
2.268317460000000008e+00 -9.273288784599209578e-04
2.218650499999999859e+00 -8.973692262042032297e-04
2.168983550000000093e+00 -8.634723109690600751e-04
2.119316589999999945e+00 -8.252266587300827183e-04
2.069649640000000179e+00 -7.821899384614638961e-04
2.019982680000000030e+00 -7.339691733372344373e-04
1.970315730000000043e+00 -6.800011370688974210e-04
1.920648769999999894e+00 -6.199269157116660267e-04
1.870981809999999967e+00 -5.532947828197354312e-04
1.821314859999999980e+00 -4.795620690711821510e-04
1.771647900000000053e+00 -3.983129066045254518e-04
1.721980950000000066e+00 -3.089458973255521101e-04
1.672313989999999917e+00 -2.111221880845004506e-04
1.622647039999999929e+00 -1.045903679965931588e-04
1.572980080000000003e+00 1.157972568410770009e-05
1.523313130000000015e+00 1.367036120125675325e-04
1.473646170000000089e+00 2.717616525262922522e-04
1.423979220000000101e+00 4.165963871451960898e-04
1.374312259999999952e+00 5.713057246294894753e-04
1.324645309999999965e+00 7.359808655134081334e-04
1.274978350000000038e+00 9.087788016879372321e-04
1.225311400000000051e+00 1.091327296836919203e-03
1.175644439999999902e+00 1.282893805915952257e-03
1.125977479999999975e+00 1.482562384949703826e-03
1.076310529999999988e+00 1.687277063455505655e-03
1.026643570000000061e+00 1.895316194202356641e-03
9.769766189999999906e-01 2.106484483002102337e-03
9.273096640000000335e-01 2.317362084533813871e-03
8.776427079999999936e-01 2.528854347099818156e-03
8.279757530000000365e-01 2.735292872386496654e-03
7.786002389999999718e-01 2.932503719878631898e-03
7.317317880000000496e-01 3.107388322543869208e-03
6.876846269999999928e-01 3.250783479500363171e-03
6.462889219999999879e-01 3.380761177204982815e-03
6.073850619999999756e-01 3.469414877074639136e-03
5.708230460000000006e-01 3.533584898427921672e-03
5.364619149999999559e-01 3.577709310731425063e-03
5.041691750000000249e-01 3.604088885114098417e-03
4.738203240000000149e-01 3.600183329757200568e-03
4.452983460000000115e-01 3.577662477624699022e-03
4.184932690000000011e-01 3.538238492229561771e-03
3.933017460000000076e-01 3.469401637725910703e-03
3.696266380000000074e-01 3.389652751899507876e-03
3.473766770000000226e-01 3.300271755904748971e-03
3.264660690000000254e-01 3.183086681219027270e-03
3.068141939999999845e-01 3.066376010055993362e-03
2.883452770000000109e-01 2.945024916769067858e-03
2.709881089999999770e-01 2.802372039460099273e-03
2.546757709999999952e-01 2.668756918849268800e-03
2.393453670000000033e-01 2.540068772381998130e-03
2.249377889999999991e-01 2.361714997663799664e-03
2.113974849999999961e-01 2.231035500066536059e-03
1.986678209999999944e-01 2.090112241946329164e-03
1.862510820000000122e-01 1.929760694651116992e-03
1.738343440000000018e-01 1.760304421587477464e-03
1.614176049999999918e-01 1.590285239286171048e-03
1.490008660000000096e-01 1.433910242686353698e-03
1.365841269999999996e-01 1.270816176071942749e-03
1.241673880000000035e-01 1.040039352605770517e-03
1.117506489999999936e-01 8.537684478697737944e-04
9.933391060000000550e-02 6.804263838566804168e-04
8.691717179999999821e-02 5.163086459729626654e-04
7.450043300000000479e-02 2.523916641770096447e-04
6.208369419999999750e-02 1.010995512096268811e-04
4.966695530000000275e-02 -3.125825991046049523e-05
3.725021650000000240e-02 -2.187213805699972369e-04
2.483347769999999857e-02 -3.319867766702344625e-04
1.241673880000000035e-02 -4.059808128777930847e-04
0.000000000000000000e+00 0.000000000000000000e+00
