# curve 5 (die wall), step =      500, time =   2.00000000E+02
# N1 = tau_xx - tau_yy = G ( c_xx - c_yy ),  G =  2.0000E-02  (polymer part only)
#              x               y        pressure            c_xy        gammadot            c_xx            c_yy              N1
 -3.00000000E+00  1.00000000E+00  2.62840028E+00 -1.81703399E+00  4.01131804E-01  7.79481794E+00  9.67012998E-01  1.36556099E-01
 -2.97524677E+00  1.00000000E+00  2.60872218E+00 -1.81694008E+00  4.01133671E-01  7.79445565E+00  9.67004116E-01  1.36549031E-01
 -2.95049355E+00  1.00000000E+00  2.58904407E+00 -1.81684617E+00  4.01134673E-01  7.79409337E+00  9.66995235E-01  1.36541963E-01
 -2.92574032E+00  1.00000000E+00  2.56936937E+00 -1.81697374E+00  4.01136647E-01  7.79474370E+00  9.67008555E-01  1.36554703E-01
 -2.90098710E+00  1.00000000E+00  2.54969466E+00 -1.81710132E+00  4.01136626E-01  7.79539408E+00  9.67021876E-01  1.36567444E-01
 -2.87623387E+00  1.00000000E+00  2.53003512E+00 -1.81743571E+00  4.01134746E-01  7.79724376E+00  9.67056192E-01  1.36603751E-01
 -2.85148064E+00  1.00000000E+00  2.51037559E+00 -1.81777017E+00  4.01131216E-01  7.79909389E+00  9.67090518E-01  1.36640067E-01
 -2.82672742E+00  1.00000000E+00  2.49069635E+00 -1.81740030E+00  4.01126386E-01  7.79748444E+00  9.67042467E-01  1.36608839E-01
 -2.80197419E+00  1.00000000E+00  2.47101712E+00 -1.81703049E+00  4.01127553E-01  7.79587532E+00  9.66994434E-01  1.36577618E-01
 -2.77722097E+00  1.00000000E+00  2.45133756E+00 -1.81696662E+00  4.01128351E-01  7.79510928E+00  9.66994696E-01  1.36562292E-01
 -2.75246774E+00  1.00000000E+00  2.43165801E+00 -1.81690274E+00  4.01130952E-01  7.79434333E+00  9.66994957E-01  1.36546967E-01
 -2.72771451E+00  1.00000000E+00  2.41199662E+00 -1.81698812E+00  4.01131974E-01  7.79480505E+00  9.67014139E-01  1.36555818E-01
 -2.70296129E+00  1.00000000E+00  2.39233522E+00 -1.81707350E+00  4.01128799E-01  7.79526681E+00  9.67033323E-01  1.36564670E-01
 -2.67820806E+00  1.00000000E+00  2.37265689E+00 -1.81700678E+00  4.01127017E-01  7.79487884E+00  9.67013781E-01  1.36557301E-01
 -2.65345484E+00  1.00000000E+00  2.35297856E+00 -1.81694007E+00  4.01129832E-01  7.79449090E+00  9.66994239E-01  1.36549933E-01
 -2.62870161E+00  1.00000000E+00  2.33331161E+00 -1.81692911E+00  4.01132361E-01  7.79422550E+00  9.67002320E-01  1.36544464E-01
 -2.60394839E+00  1.00000000E+00  2.31364465E+00 -1.81691814E+00  4.01132959E-01  7.79396011E+00  9.67010400E-01  1.36538994E-01
 -2.57919516E+00  1.00000000E+00  2.29397246E+00 -1.81694764E+00  4.01134507E-01  7.79437505E+00  9.67012117E-01  1.36547259E-01
 -2.55444193E+00  1.00000000E+00  2.27430026E+00 -1.81697713E+00  4.01132283E-01  7.79479001E+00  9.67013834E-01  1.36555524E-01
 -2.52968871E+00  1.00000000E+00  2.25463261E+00 -1.81724140E+00  4.01128666E-01  7.79615198E+00  9.67049160E-01  1.36582056E-01
 -2.50493548E+00  1.00000000E+00  2.23496497E+00 -1.81750571E+00  4.01122779E-01  7.79751418E+00  9.67084492E-01  1.36608594E-01
 -2.48018226E+00  1.00000000E+00  2.21528480E+00 -1.81717730E+00  4.01121110E-01  7.79596632E+00  9.67035147E-01  1.36578624E-01
 -2.45542903E+00  1.00000000E+00  2.19560463E+00 -1.81684894E+00  4.01125162E-01  7.79441878E+00  9.66985815E-01  1.36548659E-01
 -2.43067580E+00  1.00000000E+00  2.17593201E+00 -1.81681659E+00  4.01129102E-01  7.79400075E+00  9.66985753E-01  1.36540300E-01
 -2.40592258E+00  1.00000000E+00  2.15625939E+00 -1.81678425E+00  4.01133733E-01  7.79358274E+00  9.66985692E-01  1.36531941E-01
 -2.38116935E+00  1.00000000E+00  2.13659515E+00 -1.81685732E+00  4.01134120E-01  7.79400880E+00  9.67006166E-01  1.36540053E-01
 -2.35641613E+00  1.00000000E+00  2.11693090E+00 -1.81693040E+00  4.01130004E-01  7.79443488E+00  9.67026642E-01  1.36548165E-01
 -2.33166290E+00  1.00000000E+00  2.09725742E+00 -1.81695820E+00  4.01127316E-01  7.79466571E+00  9.67017086E-01  1.36552972E-01
 -2.30690967E+00  1.00000000E+00  2.07758394E+00 -1.81698599E+00  4.01127892E-01  7.79489654E+00  9.67007531E-01  1.36557780E-01
 -2.28215645E+00  1.00000000E+00  2.05790737E+00 -1.81694484E+00  4.01129371E-01  7.79457296E+00  9.66998348E-01  1.36551492E-01
 -2.25740322E+00  1.00000000E+00  2.03823079E+00 -1.81690370E+00  4.01130907E-01  7.79424940E+00  9.66989165E-01  1.36545205E-01
 -2.23265000E+00  1.00000000E+00  2.01856823E+00 -1.81717591E+00  4.01130402E-01  7.79563321E+00  9.67035971E-01  1.36571945E-01
 -2.20789677E+00  1.00000000E+00  1.99890567E+00 -1.81744817E+00  4.01124110E-01  7.79701726E+00  9.67082785E-01  1.36598690E-01
 -2.18314354E+00  1.00000000E+00  1.97922532E+00 -1.81714159E+00  4.01119660E-01  7.79549001E+00  9.67044101E-01  1.36568918E-01
 -2.15839032E+00  1.00000000E+00  1.95954497E+00 -1.81683506E+00  4.01119760E-01  7.79396305E+00  9.67005428E-01  1.36539152E-01
 -2.13363709E+00  1.00000000E+00  1.93987841E+00 -1.81680311E+00  4.01119416E-01  7.79370211E+00  9.66998569E-01  1.36534071E-01
 -2.10888387E+00  1.00000000E+00  1.92021185E+00 -1.81677116E+00  4.01121592E-01  7.79344118E+00  9.66991710E-01  1.36528989E-01
 -2.08413064E+00  1.00000000E+00  1.90053485E+00 -1.81676048E+00  4.01124696E-01  7.79323730E+00  9.66994871E-01  1.36524849E-01
 -2.05937741E+00  1.00000000E+00  1.88085784E+00 -1.81674981E+00  4.01124608E-01  7.79303343E+00  9.66998032E-01  1.36520708E-01
 -2.03462419E+00  1.00000000E+00  1.86119374E+00 -1.81680502E+00  4.01121549E-01  7.79354399E+00  9.67003176E-01  1.36530816E-01
 -2.00987096E+00  1.00000000E+00  1.84152964E+00 -1.81686024E+00  4.01118076E-01  7.79405458E+00  9.67008320E-01  1.36540925E-01
 -1.98511774E+00  1.00000000E+00  1.82185074E+00 -1.81683344E+00  4.01115681E-01  7.79378361E+00  9.67004827E-01  1.36535576E-01
 -1.96036451E+00  1.00000000E+00  1.80217184E+00 -1.81680664E+00  4.01113726E-01  7.79351266E+00  9.67001334E-01  1.36530226E-01
 -1.93561128E+00  1.00000000E+00  1.78251533E+00 -1.81702951E+00  4.01110132E-01  7.79467443E+00  9.67038391E-01  1.36552721E-01
 -1.91085806E+00  1.00000000E+00  1.76285882E+00 -1.81725241E+00  4.01103454E-01  7.79583638E+00  9.67075454E-01  1.36575219E-01
 -1.88610483E+00  1.00000000E+00  1.74317572E+00 -1.81708590E+00  4.01098955E-01  7.79510865E+00  9.67031847E-01  1.36561536E-01
 -1.86135161E+00  1.00000000E+00  1.72349261E+00 -1.81691941E+00  4.01099390E-01  7.79438099E+00  9.66988244E-01  1.36547855E-01
 -1.83659838E+00  1.00000000E+00  1.70382370E+00 -1.81686165E+00  4.01098987E-01  7.79385028E+00  9.67008423E-01  1.36536837E-01
 -1.81184516E+00  1.00000000E+00  1.68415478E+00 -1.81680388E+00  4.01095891E-01  7.79331960E+00  9.67028603E-01  1.36525820E-01
 -1.78709193E+00  1.00000000E+00  1.66450201E+00 -1.81715590E+00  4.01087291E-01  7.79538595E+00  9.67064577E-01  1.36566427E-01
 -1.76233870E+00  1.00000000E+00  1.64484924E+00 -1.81750799E+00  4.01074302E-01  7.79745285E+00  9.67100562E-01  1.36607046E-01
 -1.73758548E+00  1.00000000E+00  1.62516251E+00 -1.81731454E+00  4.01069159E-01  7.79644547E+00  9.67069511E-01  1.36587519E-01
 -1.71283225E+00  1.00000000E+00  1.60547578E+00 -1.81712111E+00  4.01067201E-01  7.79543822E+00  9.67038465E-01  1.36567995E-01
 -1.68807903E+00  1.00000000E+00  1.58580843E+00 -1.81704091E+00  4.01060215E-01  7.79458236E+00  9.67045111E-01  1.36550745E-01
 -1.66332580E+00  1.00000000E+00  1.56614109E+00 -1.81696072E+00  4.01051809E-01  7.79372661E+00  9.67051756E-01  1.36533497E-01
 -1.63857257E+00  1.00000000E+00  1.54648582E+00 -1.81695920E+00  4.01047950E-01  7.79389236E+00  9.67052788E-01  1.36536792E-01
 -1.61381935E+00  1.00000000E+00  1.52683055E+00 -1.81695768E+00  4.01041065E-01  7.79405812E+00  9.67053819E-01  1.36540086E-01
 -1.58906612E+00  1.00000000E+00  1.50715286E+00 -1.81675474E+00  4.01030094E-01  7.79276944E+00  9.67031084E-01  1.36514767E-01
 -1.56431290E+00  1.00000000E+00  1.48747516E+00 -1.81655182E+00  4.01021290E-01  7.79148098E+00  9.67008352E-01  1.36489452E-01
 -1.53955967E+00  1.00000000E+00  1.46782720E+00 -1.81645864E+00  4.01014162E-01  7.79080692E+00  9.67012065E-01  1.36475897E-01
 -1.51480644E+00  1.00000000E+00  1.44817925E+00 -1.81636547E+00  4.01006477E-01  7.79013292E+00  9.67015778E-01  1.36462343E-01
 -1.49005322E+00  1.00000000E+00  1.42852285E+00 -1.81644863E+00  4.00994247E-01  7.79061785E+00  9.67038065E-01  1.36471596E-01
 -1.46529999E+00  1.00000000E+00  1.40886645E+00 -1.81653179E+00  4.00975396E-01  7.79110282E+00  9.67060353E-01  1.36480849E-01
 -1.44054677E+00  1.00000000E+00  1.38922050E+00 -1.81686960E+00  4.00956338E-01  7.79283557E+00  9.67110338E-01  1.36514505E-01
 -1.41579354E+00  1.00000000E+00  1.36957454E+00 -1.81720747E+00  4.00930848E-01  7.79456869E+00  9.67160335E-01  1.36548167E-01
 -1.39104031E+00  1.00000000E+00  1.34992059E+00 -1.81670378E+00  4.00909083E-01  7.79205114E+00  9.67101594E-01  1.36498991E-01
 -1.36628709E+00  1.00000000E+00  1.33026663E+00 -1.81620024E+00  4.00895764E-01  7.78953439E+00  9.67042883E-01  1.36449830E-01
 -1.34153386E+00  1.00000000E+00  1.31062574E+00 -1.81608539E+00  4.00879812E-01  7.78831339E+00  9.67044637E-01  1.36425375E-01
 -1.31678064E+00  1.00000000E+00  1.29098485E+00 -1.81597055E+00  4.00864410E-01  7.78709259E+00  9.67046390E-01  1.36400924E-01
 -1.29202741E+00  1.00000000E+00  1.27136571E+00 -1.81604288E+00  4.00847483E-01  7.78729285E+00  9.67067245E-01  1.36404512E-01
 -1.26727418E+00  1.00000000E+00  1.25174658E+00 -1.81611521E+00  4.00825648E-01  7.78749312E+00  9.67088101E-01  1.36408100E-01
 -1.24252096E+00  1.00000000E+00  1.23214104E+00 -1.81624088E+00  4.00802220E-01  7.78777502E+00  9.67127183E-01  1.36412957E-01
 -1.21776773E+00  1.00000000E+00  1.21253550E+00 -1.81636655E+00  4.00772198E-01  7.78805693E+00  9.67166267E-01  1.36417813E-01
 -1.19301451E+00  1.00000000E+00  1.19292451E+00 -1.81594160E+00  4.00746050E-01  7.78592776E+00  9.67122154E-01  1.36376112E-01
 -1.16826128E+00  1.00000000E+00  1.17331352E+00 -1.81551676E+00  4.00725274E-01  7.78379918E+00  9.67078062E-01  1.36334422E-01
 -1.14350806E+00  1.00000000E+00  1.15373696E+00 -1.81554990E+00  4.00701343E-01  7.78343129E+00  9.67097792E-01  1.36326670E-01
 -1.11875483E+00  1.00000000E+00  1.13416039E+00 -1.81558304E+00  4.00680450E-01  7.78306343E+00  9.67117522E-01  1.36318918E-01
 -1.09400160E+00  1.00000000E+00  1.11460737E+00 -1.81542552E+00  4.00661304E-01  7.78199223E+00  9.67107803E-01  1.36297689E-01
 -1.06924838E+00  1.00000000E+00  1.09505434E+00 -1.81526802E+00  4.00641658E-01  7.78092119E+00  9.67098086E-01  1.36276462E-01
 -1.04449515E+00  1.00000000E+00  1.07552946E+00 -1.81514509E+00  4.00622596E-01  7.78003111E+00  9.67103297E-01  1.36258556E-01
 -1.01974193E+00  1.00000000E+00  1.05600457E+00 -1.81502217E+00  4.00601580E-01  7.77914113E+00  9.67108510E-01  1.36240652E-01
 -9.94988700E-01  1.00000000E+00  1.03652044E+00 -1.81506408E+00  4.00589993E-01  7.77934806E+00  9.67122896E-01  1.36244503E-01
 -9.70235474E-01  1.00000000E+00  1.01703632E+00 -1.81510600E+00  4.00584132E-01  7.77955500E+00  9.67137281E-01  1.36248354E-01
 -9.45482248E-01  1.00000000E+00  9.97583795E-01 -1.81497865E+00  4.00587221E-01  7.77906959E+00  9.67096304E-01  1.36239466E-01
 -9.20729022E-01  1.00000000E+00  9.78131272E-01 -1.81485130E+00  4.00595165E-01  7.77858422E+00  9.67055329E-01  1.36230578E-01
 -8.95975796E-01  1.00000000E+00  9.58749003E-01 -1.81486033E+00  4.00614105E-01  7.77876952E+00  9.67061385E-01  1.36234163E-01
 -8.71222570E-01  1.00000000E+00  9.39366734E-01 -1.81486936E+00  4.00637371E-01  7.77895483E+00  9.67067440E-01  1.36237748E-01
 -8.46469344E-01  1.00000000E+00  9.20040416E-01 -1.81534662E+00  4.00692979E-01  7.78171231E+00  9.67114738E-01  1.36291951E-01
 -8.21716118E-01  1.00000000E+00  9.00714099E-01 -1.81582401E+00  4.00746707E-01  7.78447077E+00  9.67162056E-01  1.36346174E-01
 -7.97201467E-01  1.00000000E+00  8.81665695E-01 -1.81618538E+00  4.00847277E-01  7.78707031E+00  9.67144615E-01  1.36398514E-01
 -7.72686817E-01  1.00000000E+00  8.62617291E-01 -1.81654685E+00  4.00953047E-01  7.78967074E+00  9.67127187E-01  1.36450871E-01
 -7.49503432E-01  1.00000000E+00  8.44685965E-01 -1.81682496E+00  4.01096204E-01  7.79333535E+00  9.67004415E-01  1.36526619E-01
 -7.26320047E-01  1.00000000E+00  8.26754639E-01 -1.81710314E+00  4.01259043E-01  7.79700180E+00  9.66881655E-01  1.36602403E-01
 -7.04527831E-01  1.00000000E+00  8.09999951E-01 -1.81820450E+00  4.01461790E-01  7.80333024E+00  9.66996985E-01  1.36726665E-01
 -6.82735615E-01  1.00000000E+00  7.93245263E-01 -1.81930662E+00  4.01681280E-01  7.80966384E+00  9.67112426E-01  1.36851028E-01
 -6.62251087E-01  1.00000000E+00  7.77593692E-01 -1.81986601E+00  4.01962739E-01  7.81689117E+00  9.66868643E-01  1.37000451E-01
 -6.41766559E-01  1.00000000E+00  7.61942121E-01 -1.82042566E+00  4.02273202E-01  7.82412562E+00  9.66624916E-01  1.37150014E-01
 -6.22511254E-01  1.00000000E+00  7.47329058E-01 -1.82151405E+00  4.02618695E-01  7.83364501E+00  9.66509411E-01  1.37342712E-01
 -6.03255949E-01  1.00000000E+00  7.32715994E-01 -1.82260333E+00  4.02998622E-01  7.84317636E+00  9.66393989E-01  1.37535647E-01
 -5.85156097E-01  1.00000000E+00  7.19098219E-01 -1.82468862E+00  4.03437691E-01  7.85688141E+00  9.66496709E-01  1.37807694E-01
 -5.67056245E-01  1.00000000E+00  7.05480443E-01 -1.82677678E+00  4.03903932E-01  7.87061066E+00  9.66599776E-01  1.38080218E-01
 -5.50042515E-01  1.00000000E+00  6.92776883E-01 -1.82844954E+00  4.04458328E-01  7.88614893E+00  9.66341157E-01  1.38396156E-01
 -5.33028786E-01  1.00000000E+00  6.80073323E-01 -1.83012445E+00  4.05036804E-01  7.90171902E+00  9.66082768E-01  1.38712725E-01
 -5.17036006E-01  1.00000000E+00  6.68274871E-01 -1.83277744E+00  4.05683167E-01  7.92122064E+00  9.66056729E-01  1.39103278E-01
 -5.01043227E-01  1.00000000E+00  6.56476418E-01 -1.83543533E+00  4.06370510E-01  7.94077127E+00  9.66031223E-01  1.39494801E-01
 -4.86010125E-01  1.00000000E+00  6.45492651E-01 -1.83837142E+00  4.07134115E-01  7.96357047E+00  9.65932631E-01  1.39952757E-01
 -4.70977023E-01  1.00000000E+00  6.34508884E-01 -1.84131359E+00  4.07952886E-01  7.98643659E+00  9.65834652E-01  1.40412039E-01
 -4.56846016E-01  1.00000000E+00  6.24283517E-01 -1.84486065E+00  4.08837755E-01  8.01430180E+00  9.65720856E-01  1.40971619E-01
 -4.42715008E-01  1.00000000E+00  6.14058150E-01 -1.84841653E+00  4.09785523E-01  8.04226650E+00  9.65607895E-01  1.41533172E-01
 -4.29431964E-01  1.00000000E+00  6.04621317E-01 -1.85191687E+00  4.10839347E-01  8.07019344E+00  9.65348727E-01  1.42096894E-01
 -4.16148920E-01  1.00000000E+00  5.95184485E-01 -1.85542608E+00  4.11956452E-01  8.09821960E+00  9.65090648E-01  1.42662579E-01
 -4.03662954E-01  1.00000000E+00  5.86419663E-01 -1.85984633E+00  4.13088604E-01  8.13465319E+00  9.64898466E-01  1.43395094E-01
 -3.91176988E-01  1.00000000E+00  5.77654842E-01 -1.86428022E+00  4.14330690E-01  8.17125508E+00  9.64707396E-01  1.44130954E-01
 -3.79440270E-01  1.00000000E+00  5.69495745E-01 -1.86973203E+00  4.15670706E-01  8.21225853E+00  9.64667280E-01  1.44951825E-01
 -3.67703552E-01  1.00000000E+00  5.61336649E-01 -1.87520402E+00  4.17074617E-01  8.25347165E+00  9.64629219E-01  1.45776849E-01
 -3.56671122E-01  1.00000000E+00  5.53923968E-01 -1.88058599E+00  4.18562885E-01  8.29715355E+00  9.64344219E-01  1.46656187E-01
 -3.45638692E-01  1.00000000E+00  5.46511287E-01 -1.88598823E+00  4.20102411E-01  8.34107223E+00  9.64061260E-01  1.47540219E-01
 -3.35268287E-01  1.00000000E+00  5.39559864E-01 -1.89248320E+00  4.21702034E-01  8.39270478E+00  9.63944946E-01  1.48575197E-01
 -3.24897882E-01  1.00000000E+00  5.32608441E-01 -1.89900664E+00  4.23429574E-01  8.44466423E+00  9.63831081E-01  1.49616663E-01
 -3.15149775E-01  1.00000000E+00  5.26301282E-01 -1.90524731E+00  4.25269430E-01  8.49567486E+00  9.63504256E-01  1.50643412E-01
 -3.05401669E-01  1.00000000E+00  5.19994123E-01 -1.91151483E+00  4.27173973E-01  8.54700095E+00  9.63180147E-01  1.51676416E-01
 -2.96238520E-01  1.00000000E+00  5.14115878E-01 -1.91879817E+00  4.29128549E-01  8.61123999E+00  9.62654890E-01  1.52971702E-01
 -2.87075371E-01  1.00000000E+00  5.08237632E-01 -1.92611799E+00  4.31299028E-01  8.67597620E+00  9.62132548E-01  1.54276873E-01
 -2.78462077E-01  1.00000000E+00  5.02963498E-01 -1.93386257E+00  4.33499381E-01  8.73944751E+00  9.61776145E-01  1.55553427E-01
 -2.69848783E-01  1.00000000E+00  4.97689364E-01 -1.94164766E+00  4.35794315E-01  8.80339379E+00  9.61423793E-01  1.56839400E-01
 -2.61752348E-01  1.00000000E+00  4.92837872E-01 -1.95133417E+00  4.38158282E-01  8.87972327E+00  9.61398804E-01  1.58366489E-01
 -2.53655913E-01  1.00000000E+00  4.87986381E-01 -1.96108132E+00  4.40629084E-01  8.95672778E+00  9.61379187E-01  1.59906972E-01
 -2.46045323E-01  1.00000000E+00  4.83644736E-01 -1.96944537E+00  4.43203940E-01  9.03398411E+00  9.60656168E-01  1.61466559E-01
 -2.38434732E-01  1.00000000E+00  4.79303090E-01 -1.97785650E+00  4.45863503E-01  9.11192764E+00  9.59936798E-01  1.63039817E-01
 -2.31280830E-01  1.00000000E+00  4.75300462E-01 -1.98725831E+00  4.48637224E-01  9.19624250E+00  9.59385132E-01  1.64737147E-01
 -2.24126928E-01  1.00000000E+00  4.71297833E-01 -1.99671794E+00  4.51514245E-01  9.28135963E+00  9.58837711E-01  1.66450438E-01
 -2.17402314E-01  1.00000000E+00  4.67728886E-01 -2.00930232E+00  4.54508294E-01  9.37938410E+00  9.58960636E-01  1.68408469E-01
 -2.10677699E-01  1.00000000E+00  4.64159939E-01 -2.02198495E+00  4.57587739E-01  9.47846146E+00  9.59092783E-01  1.70387373E-01
 -2.04351753E-01  1.00000000E+00  4.61027474E-01 -2.03304352E+00  4.60811738E-01  9.57942602E+00  9.58401441E-01  1.72420492E-01
 -1.98025807E-01  1.00000000E+00  4.57895008E-01 -2.04418044E+00  4.64102386E-01  9.68149610E+00  9.57716006E-01  1.74475602E-01
 -1.91837501E-01  1.00000000E+00  4.54985078E-01 -2.05729526E+00  4.67716334E-01  9.79198229E+00  9.57453347E-01  1.76690579E-01
 -1.85649194E-01  1.00000000E+00  4.52075147E-01 -2.07051640E+00  4.71432931E-01  9.90375585E+00  9.57199793E-01  1.78931121E-01
 -1.79460888E-01  1.00000000E+00  4.49442139E-01 -2.08144483E+00  4.75552850E-01  1.00259716E+01  9.55410168E-01  1.81411228E-01
 -1.73272582E-01  1.00000000E+00  4.46809132E-01 -2.09244929E+00  4.79817294E-01  1.01497577E+01  9.53625618E-01  1.83922642E-01
 -1.67084275E-01  1.00000000E+00  4.44378281E-01 -2.11182935E+00  4.84542333E-01  1.03071741E+01  9.53922756E-01  1.87065026E-01
 -1.60895969E-01  1.00000000E+00  4.41947431E-01 -2.13142937E+00  4.89405611E-01  1.04670727E+01  9.54238667E-01  1.90256680E-01
 -1.54707662E-01  1.00000000E+00  4.39865929E-01 -2.14761505E+00  4.94902343E-01  1.06367968E+01  9.52551340E-01  1.93684908E-01
 -1.48519356E-01  1.00000000E+00  4.37784428E-01 -2.16395942E+00  5.00567616E-01  1.08093662E+01  9.50873643E-01  1.97169851E-01
 -1.42331049E-01  1.00000000E+00  4.36289002E-01 -2.18478183E+00  5.07077258E-01  1.09986776E+01  9.49974847E-01  2.00974056E-01
 -1.36142743E-01  1.00000000E+00  4.34793575E-01 -2.20586053E+00  5.13938096E-01  1.11913759E+01  9.49098866E-01  2.04845540E-01
 -1.29954436E-01  1.00000000E+00  4.33738489E-01 -2.23012915E+00  5.21352656E-01  1.14415736E+01  9.47673446E-01  2.09878003E-01
 -1.23766130E-01  1.00000000E+00  4.32683402E-01 -2.25472877E+00  5.29292614E-01  1.16975325E+01  9.46262576E-01  2.15025398E-01
 -1.17577823E-01  1.00000000E+00  4.32003956E-01 -2.28528890E+00  5.38519212E-01  1.20007884E+01  9.44967583E-01  2.21116416E-01
 -1.11389517E-01  1.00000000E+00  4.31324511E-01 -2.31636640E+00  5.48221576E-01  1.23121016E+01  9.43704060E-01  2.27367950E-01
 -1.05201210E-01  1.00000000E+00  4.31998062E-01 -2.35021251E+00  5.59455327E-01  1.26679310E+01  9.41517464E-01  2.34528271E-01
 -9.90129037E-02  1.00000000E+00  4.32671612E-01 -2.38468212E+00  5.71228980E-01  1.30343161E+01  9.39370042E-01  2.41898922E-01
 -9.28245972E-02  1.00000000E+00  4.34717612E-01 -2.41691124E+00  5.85166760E-01  1.34680930E+01  9.34282442E-01  2.50676212E-01
 -8.66362908E-02  1.00000000E+00  4.36763612E-01 -2.44965056E+00  5.99825482E-01  1.39168930E+01  9.29209628E-01  2.59753668E-01
 -8.04479843E-02  1.00000000E+00  4.39692249E-01 -2.50537165E+00  6.17966900E-01  1.44956636E+01  9.27780916E-01  2.71357653E-01
 -7.42596778E-02  1.00000000E+00  4.42620885E-01 -2.56264594E+00  6.37450071E-01  1.50989861E+01  9.26448706E-01  2.83450749E-01
 -6.80713713E-02  1.00000000E+00  4.49774729E-01 -2.59747756E+00  6.60703051E-01  1.58351911E+01  9.13762798E-01  2.98428567E-01
 -6.18830648E-02  1.00000000E+00  4.56928572E-01 -2.63247293E+00  6.86788135E-01  1.66094194E+01  9.01073836E-01  3.14166912E-01
 -5.56947583E-02  1.00000000E+00  4.63687053E-01 -2.79083794E+00  7.19622718E-01  1.77535585E+01  9.15644661E-01  3.36758277E-01
 -4.95064519E-02  1.00000000E+00  4.70445534E-01 -2.95922744E+00  7.55451833E-01  1.89764770E+01  9.31577954E-01  3.60897981E-01
 -4.33181454E-02  1.00000000E+00  5.23266117E-01 -2.90741241E+00  8.02740746E-01  2.05928442E+01  8.75996222E-01  3.94336959E-01
 -3.71298389E-02  1.00000000E+00  5.76086700E-01 -2.84254002E+00  8.66301011E-01  2.23707179E+01  8.21654568E-01  4.30981266E-01
 -3.09415324E-02  1.00000000E+00  4.72472948E-01 -2.38638971E+00  9.56418658E-01  2.18239832E+01  7.36590586E-01  4.21747852E-01
 -2.47532259E-02  1.00000000E+00  3.68859197E-01 -1.94479155E+00  1.03586000E+00  2.13325157E+01  6.67658184E-01  4.13297150E-01
 -1.85649194E-02  1.00000000E+00  1.02481604E+00 -5.06001027E+00  1.19082642E+00  3.73079543E+01  1.07451944E+00  7.24668698E-01
 -1.23766130E-02  1.00000000E+00  1.68077289E+00 -1.10375695E+01  1.51933923E+00  6.60799665E+01  2.14715557E+00  1.27865622E+00
 -6.18830648E-03  1.00000000E+00 -2.69265079E-02  6.14087264E+00  2.45614907E+00  5.23836855E+01  1.10919587E+00  1.02548979E+00
  0.00000000E+00  1.00000000E+00 -1.73462590E+00  3.12642841E+01  4.78522827E+00  8.06695403E+01  1.23738404E+01  1.36591400E+00
