# curve 5 (die wall), step =      100, time =   4.00000000E+01
# N1 = tau_xx - tau_yy = G ( c_xx - c_yy ),  G =  1.8000E+00  (polymer part only)
#              x               y        pressure            c_xy        gammadot            c_xx            c_yy              N1
 -3.00000000E+00  1.00000000E+00  2.60995021E+00 -1.98747972E-01  4.01071487E-01  1.07606967E+00  9.96847643E-01  1.42599643E-01
 -2.97524677E+00  1.00000000E+00  2.59025221E+00 -1.98746445E-01  4.01073850E-01  1.07607761E+00  9.96843881E-01  1.42620714E-01
 -2.95049355E+00  1.00000000E+00  2.57055421E+00 -1.98744919E-01  4.01075159E-01  1.07608555E+00  9.96840119E-01  1.42641785E-01
 -2.92574032E+00  1.00000000E+00  2.55085699E+00 -1.98746585E-01  4.01076362E-01  1.07608193E+00  9.96842008E-01  1.42631853E-01
 -2.90098710E+00  1.00000000E+00  2.53115978E+00 -1.98748251E-01  4.01076685E-01  1.07607830E+00  9.96843897E-01  1.42621922E-01
 -2.87623387E+00  1.00000000E+00  2.51147139E+00 -1.98750433E-01  4.01075897E-01  1.07606706E+00  9.96849226E-01  1.42592100E-01
 -2.85148064E+00  1.00000000E+00  2.49178300E+00 -1.98752615E-01  4.01073702E-01  1.07605582E+00  9.96854555E-01  1.42562278E-01
 -2.82672742E+00  1.00000000E+00  2.47207952E+00 -1.98749204E-01  4.01073177E-01  1.07606786E+00  9.96848683E-01  1.42594517E-01
 -2.80197419E+00  1.00000000E+00  2.45237604E+00 -1.98745794E-01  4.01075672E-01  1.07607990E+00  9.96842811E-01  1.42626756E-01
 -2.77722097E+00  1.00000000E+00  2.43268157E+00 -1.98747138E-01  4.01073123E-01  1.07607621E+00  9.96844423E-01  1.42617211E-01
 -2.75246774E+00  1.00000000E+00  2.41298710E+00 -1.98748483E-01  4.01073008E-01  1.07607252E+00  9.96846036E-01  1.42607666E-01
 -2.72771451E+00  1.00000000E+00  2.39329070E+00 -1.98747939E-01  4.01075571E-01  1.07607572E+00  9.96844804E-01  1.42615658E-01
 -2.70296129E+00  1.00000000E+00  2.37359431E+00 -1.98747395E-01  4.01076643E-01  1.07607893E+00  9.96843572E-01  1.42623650E-01
 -2.67820806E+00  1.00000000E+00  2.35389803E+00 -1.98748396E-01  4.01075036E-01  1.07607505E+00  9.96845382E-01  1.42613400E-01
 -2.65345484E+00  1.00000000E+00  2.33420176E+00 -1.98749396E-01  4.01074508E-01  1.07607116E+00  9.96847193E-01  1.42603150E-01
 -2.62870161E+00  1.00000000E+00  2.31450734E+00 -1.98748732E-01  4.01073737E-01  1.07607231E+00  9.96846619E-01  1.42606249E-01
 -2.60394839E+00  1.00000000E+00  2.29481293E+00 -1.98748069E-01  4.01072745E-01  1.07607346E+00  9.96846046E-01  1.42609349E-01
 -2.57919516E+00  1.00000000E+00  2.27511407E+00 -1.98747362E-01  4.01074564E-01  1.07607709E+00  9.96844437E-01  1.42618768E-01
 -2.55444193E+00  1.00000000E+00  2.25541521E+00 -1.98746656E-01  4.01075329E-01  1.07608071E+00  9.96842828E-01  1.42628186E-01
 -2.52968871E+00  1.00000000E+00  2.23572262E+00 -1.98748244E-01  4.01074212E-01  1.07607265E+00  9.96846447E-01  1.42607169E-01
 -2.50493548E+00  1.00000000E+00  2.21603004E+00 -1.98749832E-01  4.01072796E-01  1.07606460E+00  9.96850067E-01  1.42586151E-01
 -2.48018226E+00  1.00000000E+00  2.19633026E+00 -1.98747330E-01  4.01072692E-01  1.07607329E+00  9.96845948E-01  1.42609207E-01
 -2.45542903E+00  1.00000000E+00  2.17663047E+00 -1.98744827E-01  4.01074146E-01  1.07608198E+00  9.96841830E-01  1.42632263E-01
 -2.43067580E+00  1.00000000E+00  2.15693453E+00 -1.98745519E-01  4.01072556E-01  1.07608028E+00  9.96842483E-01  1.42628038E-01
 -2.40592258E+00  1.00000000E+00  2.13723860E+00 -1.98746210E-01  4.01072469E-01  1.07607859E+00  9.96843136E-01  1.42623814E-01
 -2.38116935E+00  1.00000000E+00  2.11754246E+00 -1.98745933E-01  4.01074368E-01  1.07608081E+00  9.96842444E-01  1.42629053E-01
 -2.35641613E+00  1.00000000E+00  2.09784632E+00 -1.98745655E-01  4.01075167E-01  1.07608302E+00  9.96841751E-01  1.42634293E-01
 -2.33166290E+00  1.00000000E+00  2.07815091E+00 -1.98745958E-01  4.01073656E-01  1.07607935E+00  9.96843132E-01  1.42625185E-01
 -2.30690967E+00  1.00000000E+00  2.05845551E+00 -1.98746261E-01  4.01072935E-01  1.07607567E+00  9.96844513E-01  1.42616078E-01
 -2.28215645E+00  1.00000000E+00  2.03875936E+00 -1.98746603E-01  4.01071742E-01  1.07607333E+00  9.96845589E-01  1.42609929E-01
 -2.25740322E+00  1.00000000E+00  2.01906321E+00 -1.98746945E-01  4.01069908E-01  1.07607099E+00  9.96846666E-01  1.42603780E-01
 -2.23265000E+00  1.00000000E+00  1.99936941E+00 -1.98747057E-01  4.01069576E-01  1.07606755E+00  9.96848083E-01  1.42595034E-01
 -2.20789677E+00  1.00000000E+00  1.97967560E+00 -1.98747168E-01  4.01068242E-01  1.07606411E+00  9.96849501E-01  1.42586289E-01
 -2.18314354E+00  1.00000000E+00  1.95997533E+00 -1.98744655E-01  4.01067377E-01  1.07607152E+00  9.96845924E-01  1.42606077E-01
 -2.15839032E+00  1.00000000E+00  1.94027506E+00 -1.98742142E-01  4.01067853E-01  1.07607894E+00  9.96842348E-01  1.42625864E-01
 -2.13363709E+00  1.00000000E+00  1.92058025E+00 -1.98742123E-01  4.01065496E-01  1.07607748E+00  9.96842661E-01  1.42622677E-01
 -2.10888387E+00  1.00000000E+00  1.90088544E+00 -1.98742104E-01  4.01065123E-01  1.07607602E+00  9.96842975E-01  1.42619489E-01
 -2.08413064E+00  1.00000000E+00  1.88118898E+00 -1.98741936E-01  4.01065571E-01  1.07607724E+00  9.96842528E-01  1.42622476E-01
 -2.05937741E+00  1.00000000E+00  1.86149253E+00 -1.98741767E-01  4.01064604E-01  1.07607845E+00  9.96842081E-01  1.42625464E-01
 -2.03462419E+00  1.00000000E+00  1.84179711E+00 -1.98740775E-01  4.01063713E-01  1.07607731E+00  9.96842406E-01  1.42622818E-01
 -2.00987096E+00  1.00000000E+00  1.82210169E+00 -1.98739782E-01  4.01062570E-01  1.07607616E+00  9.96842731E-01  1.42620172E-01
 -1.98511774E+00  1.00000000E+00  1.80240694E+00 -1.98739549E-01  4.01059107E-01  1.07607237E+00  9.96844193E-01  1.42610723E-01
 -1.96036451E+00  1.00000000E+00  1.78271218E+00 -1.98739316E-01  4.01055903E-01  1.07606859E+00  9.96845655E-01  1.42601274E-01
 -1.93561128E+00  1.00000000E+00  1.76301855E+00 -1.98738501E-01  4.01054273E-01  1.07606527E+00  9.96846740E-01  1.42593351E-01
 -1.91085806E+00  1.00000000E+00  1.74332492E+00 -1.98737685E-01  4.01051472E-01  1.07606195E+00  9.96847824E-01  1.42585429E-01
 -1.88610483E+00  1.00000000E+00  1.72363158E+00 -1.98736407E-01  4.01047214E-01  1.07605849E+00  9.96849021E-01  1.42577052E-01
 -1.86135161E+00  1.00000000E+00  1.70393824E+00 -1.98735129E-01  4.01042771E-01  1.07605504E+00  9.96850219E-01  1.42568675E-01
 -1.83659838E+00  1.00000000E+00  1.68423910E+00 -1.98731722E-01  4.01039111E-01  1.07606077E+00  9.96846740E-01  1.42585248E-01
 -1.81184516E+00  1.00000000E+00  1.66453997E+00 -1.98728315E-01  4.01036422E-01  1.07606650E+00  9.96843262E-01  1.42601822E-01
 -1.78709193E+00  1.00000000E+00  1.64485205E+00 -1.98728593E-01  4.01033833E-01  1.07605678E+00  9.96847461E-01  1.42576771E-01
 -1.76233870E+00  1.00000000E+00  1.62516413E+00 -1.98728871E-01  4.01029964E-01  1.07604706E+00  9.96851661E-01  1.42551719E-01
 -1.73758548E+00  1.00000000E+00  1.60546951E+00 -1.98725501E-01  4.01024053E-01  1.07604728E+00  9.96850506E-01  1.42554190E-01
 -1.71283225E+00  1.00000000E+00  1.58577490E+00 -1.98722130E-01  4.01019303E-01  1.07604750E+00  9.96849351E-01  1.42556661E-01
 -1.68807903E+00  1.00000000E+00  1.56608377E+00 -1.98720249E-01  4.01010944E-01  1.07604053E+00  9.96851606E-01  1.42540063E-01
 -1.66332580E+00  1.00000000E+00  1.54639265E+00 -1.98718367E-01  4.01002000E-01  1.07603356E+00  9.96853862E-01  1.42523464E-01
 -1.63857257E+00  1.00000000E+00  1.52670317E+00 -1.98713075E-01  4.00998221E-01  1.07603826E+00  9.96850500E-01  1.42537960E-01
 -1.61381935E+00  1.00000000E+00  1.50701369E+00 -1.98707784E-01  4.00993661E-01  1.07604295E+00  9.96847138E-01  1.42552456E-01
 -1.58906612E+00  1.00000000E+00  1.48732567E+00 -1.98704807E-01  4.00982907E-01  1.07603590E+00  9.96849060E-01  1.42536303E-01
 -1.56431290E+00  1.00000000E+00  1.46763766E+00 -1.98701831E-01  4.00972735E-01  1.07602884E+00  9.96850982E-01  1.42520151E-01
 -1.53955967E+00  1.00000000E+00  1.44795267E+00 -1.98696101E-01  4.00966080E-01  1.07603268E+00  9.96847892E-01  1.42532623E-01
 -1.51480644E+00  1.00000000E+00  1.42826768E+00 -1.98690370E-01  4.00957930E-01  1.07603652E+00  9.96844801E-01  1.42545096E-01
 -1.49005322E+00  1.00000000E+00  1.40858782E+00 -1.98685515E-01  4.00947443E-01  1.07603094E+00  9.96845802E-01  1.42533254E-01
 -1.46529999E+00  1.00000000E+00  1.38890795E+00 -1.98680660E-01  4.00936828E-01  1.07602537E+00  9.96846803E-01  1.42521413E-01
 -1.44054677E+00  1.00000000E+00  1.36923759E+00 -1.98676782E-01  4.00924663E-01  1.07601042E+00  9.96852034E-01  1.42485104E-01
 -1.41579354E+00  1.00000000E+00  1.34956723E+00 -1.98672904E-01  4.00909122E-01  1.07599548E+00  9.96857264E-01  1.42448794E-01
 -1.39104031E+00  1.00000000E+00  1.32989074E+00 -1.98662872E-01  4.00895985E-01  1.07600382E+00  9.96850888E-01  1.42475280E-01
 -1.36628709E+00  1.00000000E+00  1.31021425E+00 -1.98652841E-01  4.00886007E-01  1.07601216E+00  9.96844511E-01  1.42501765E-01
 -1.34153386E+00  1.00000000E+00  1.29055443E+00 -1.98647698E-01  4.00870892E-01  1.07600332E+00  9.96846468E-01  1.42482343E-01
 -1.31678064E+00  1.00000000E+00  1.27089461E+00 -1.98642556E-01  4.00856820E-01  1.07599449E+00  9.96848424E-01  1.42462920E-01
 -1.29202741E+00  1.00000000E+00  1.25124228E+00 -1.98635591E-01  4.00842972E-01  1.07598717E+00  9.96849823E-01  1.42447229E-01
 -1.26727418E+00  1.00000000E+00  1.23158994E+00 -1.98628627E-01  4.00827334E-01  1.07597985E+00  9.96851222E-01  1.42431537E-01
 -1.24252096E+00  1.00000000E+00  1.21195442E+00 -1.98623376E-01  4.00812350E-01  1.07596579E+00  9.96855820E-01  1.42397945E-01
 -1.21776773E+00  1.00000000E+00  1.19231889E+00 -1.98618126E-01  4.00793757E-01  1.07595173E+00  9.96860418E-01  1.42364353E-01
 -1.19301451E+00  1.00000000E+00  1.17268497E+00 -1.98607116E-01  4.00779807E-01  1.07596118E+00  9.96853152E-01  1.42394450E-01
 -1.16826128E+00  1.00000000E+00  1.15305105E+00 -1.98596106E-01  4.00770122E-01  1.07597064E+00  9.96845887E-01  1.42424547E-01
 -1.14350806E+00  1.00000000E+00  1.13344642E+00 -1.98593022E-01  4.00757168E-01  1.07595827E+00  9.96850458E-01  1.42394055E-01
 -1.11875483E+00  1.00000000E+00  1.11384180E+00 -1.98589937E-01  4.00746404E-01  1.07594590E+00  9.96855029E-01  1.42363563E-01
 -1.09400160E+00  1.00000000E+00  1.09425841E+00 -1.98588358E-01  4.00739625E-01  1.07594219E+00  9.96856018E-01  1.42355108E-01
 -1.06924838E+00  1.00000000E+00  1.07467503E+00 -1.98586779E-01  4.00733945E-01  1.07593848E+00  9.96857006E-01  1.42346652E-01
 -1.04449515E+00  1.00000000E+00  1.05511394E+00 -1.98584847E-01  4.00733118E-01  1.07594300E+00  9.96854757E-01  1.42358834E-01
 -1.01974193E+00  1.00000000E+00  1.03555284E+00 -1.98582915E-01  4.00732918E-01  1.07594752E+00  9.96852507E-01  1.42371015E-01
 -9.94988700E-01  1.00000000E+00  1.01602984E+00 -1.98590587E-01  4.00745060E-01  1.07595092E+00  9.96854239E-01  1.42374018E-01
 -9.70235474E-01  1.00000000E+00  9.96506842E-01 -1.98598260E-01  4.00764079E-01  1.07595432E+00  9.96855972E-01  1.42377021E-01
 -9.45482248E-01  1.00000000E+00  9.77021141E-01 -1.98615341E-01  4.00794297E-01  1.07596772E+00  9.96854394E-01  1.42403981E-01
 -9.20729022E-01  1.00000000E+00  9.57535440E-01 -1.98632421E-01  4.00829385E-01  1.07598112E+00  9.96852816E-01  1.42430940E-01
 -8.95975796E-01  1.00000000E+00  9.38102348E-01 -1.98655617E-01  4.00881772E-01  1.07600756E+00  9.96848467E-01  1.42486360E-01
 -8.71222570E-01  1.00000000E+00  9.18669256E-01 -1.98678812E-01  4.00942576E-01  1.07603400E+00  9.96844119E-01  1.42541781E-01
 -8.46469344E-01  1.00000000E+00  8.99289733E-01 -1.98731397E-01  4.01040828E-01  1.07606663E+00  9.96847626E-01  1.42594212E-01
 -8.21716118E-01  1.00000000E+00  8.79910210E-01 -1.98783983E-01  4.01144222E-01  1.07609927E+00  9.96851135E-01  1.42646644E-01
 -7.97201467E-01  1.00000000E+00  8.60801901E-01 -1.98860875E-01  4.01296221E-01  1.07615406E+00  9.96850229E-01  1.42746895E-01
 -7.72686817E-01  1.00000000E+00  8.41693592E-01 -1.98937770E-01  4.01456455E-01  1.07620886E+00  9.96849328E-01  1.42847150E-01
 -7.49503432E-01  1.00000000E+00  8.23698040E-01 -1.99039390E-01  4.01655189E-01  1.07629268E+00  9.96842064E-01  1.43011103E-01
 -7.26320047E-01  1.00000000E+00  8.05702487E-01 -1.99141016E-01  4.01875285E-01  1.07637651E+00  9.96834811E-01  1.43175065E-01
 -7.04527831E-01  1.00000000E+00  7.88868164E-01 -1.99279692E-01  4.02138784E-01  1.07647416E+00  9.96840330E-01  1.43340887E-01
 -6.82735615E-01  1.00000000E+00  7.72033842E-01 -1.99418378E-01  4.02430045E-01  1.07657182E+00  9.96845866E-01  1.43506721E-01
 -6.62251087E-01  1.00000000E+00  7.56305825E-01 -1.99595699E-01  4.02784846E-01  1.07671554E+00  9.96831743E-01  1.43790840E-01
 -6.41766559E-01  1.00000000E+00  7.40577808E-01 -1.99773035E-01  4.03169727E-01  1.07685931E+00  9.96817651E-01  1.44074983E-01
 -6.22511254E-01  1.00000000E+00  7.25874518E-01 -1.99981242E-01  4.03586708E-01  1.07702857E+00  9.96806981E-01  1.44398860E-01
 -6.03255949E-01  1.00000000E+00  7.11171228E-01 -2.00189472E-01  4.04042327E-01  1.07719789E+00  9.96796352E-01  1.44722771E-01
 -5.85156097E-01  1.00000000E+00  6.97451086E-01 -2.00453881E-01  4.04563683E-01  1.07739701E+00  9.96793161E-01  1.45086937E-01
 -5.67056245E-01  1.00000000E+00  6.83730944E-01 -2.00718327E-01  4.05124879E-01  1.07759623E+00  9.96790035E-01  1.45451151E-01
 -5.50042515E-01  1.00000000E+00  6.70920659E-01 -2.01036167E-01  4.05773582E-01  1.07785594E+00  9.96767619E-01  1.45958985E-01
 -5.33028786E-01  1.00000000E+00  6.58110375E-01 -2.01354060E-01  4.06447711E-01  1.07811580E+00  9.96745300E-01  1.46466898E-01
 -5.17036006E-01  1.00000000E+00  6.46192876E-01 -2.01737147E-01  4.07191709E-01  1.07840581E+00  9.96742075E-01  1.46994731E-01
 -5.01043227E-01  1.00000000E+00  6.34275378E-01 -2.02120311E-01  4.07994433E-01  1.07869602E+00  9.96738989E-01  1.47522663E-01
 -4.86010125E-01  1.00000000E+00  6.23161547E-01 -2.02556714E-01  4.08854154E-01  1.07903843E+00  9.96724482E-01  1.48165111E-01
 -4.70977023E-01  1.00000000E+00  6.12047717E-01 -2.02993217E-01  4.09792386E-01  1.07938110E+00  9.96710156E-01  1.48807696E-01
 -4.56846016E-01  1.00000000E+00  6.01697969E-01 -2.03480099E-01  4.10782325E-01  1.07977363E+00  9.96685519E-01  1.49558600E-01
 -4.42715008E-01  1.00000000E+00  5.91348221E-01 -2.03967105E-01  4.11854083E-01  1.08016649E+00  9.96661110E-01  1.50309683E-01
 -4.29431964E-01  1.00000000E+00  5.81752700E-01 -2.04578537E-01  4.13024530E-01  1.08063757E+00  9.96653168E-01  1.51171930E-01
 -4.16148920E-01  1.00000000E+00  5.72157179E-01 -2.05190165E-01  4.14274947E-01  1.08110916E+00  9.96645580E-01  1.52034438E-01
 -4.03662954E-01  1.00000000E+00  5.63243676E-01 -2.05809891E-01  4.15518282E-01  1.08160726E+00  9.96620930E-01  1.52975393E-01
 -3.91176988E-01  1.00000000E+00  5.54330173E-01 -2.06429819E-01  4.16883260E-01  1.08210589E+00  9.96596646E-01  1.53916639E-01
 -3.79440270E-01  1.00000000E+00  5.46008722E-01 -2.07165971E-01  4.18353592E-01  1.08269415E+00  9.96572317E-01  1.55019295E-01
 -3.67703552E-01  1.00000000E+00  5.37687272E-01 -2.07902410E-01  4.19905964E-01  1.08328314E+00  9.96548502E-01  1.56122357E-01
 -3.56671122E-01  1.00000000E+00  5.30062961E-01 -2.08711820E-01  4.21544790E-01  1.08394779E+00  9.96509820E-01  1.57388346E-01
 -3.45638692E-01  1.00000000E+00  5.22438651E-01 -2.09521581E-01  4.23272713E-01  1.08461335E+00  9.96471763E-01  1.58654851E-01
 -3.35268287E-01  1.00000000E+00  5.15331105E-01 -2.10391634E-01  4.24997633E-01  1.08531088E+00  9.96452395E-01  1.59945278E-01
 -3.24897882E-01  1.00000000E+00  5.08223560E-01 -2.11262095E-01  4.26868633E-01  1.08600945E+00  9.96433742E-01  1.61236278E-01
 -3.15149775E-01  1.00000000E+00  5.01718113E-01 -2.12274567E-01  4.28855806E-01  1.08680266E+00  9.96432437E-01  1.62666401E-01
 -3.05401669E-01  1.00000000E+00  4.95212667E-01 -2.13287590E-01  4.30919369E-01  1.08759724E+00  9.96432092E-01  1.64097265E-01
 -2.96238520E-01  1.00000000E+00  4.89132705E-01 -2.14325386E-01  4.33004123E-01  1.08850628E+00  9.96355155E-01  1.65872032E-01
 -2.87075371E-01  1.00000000E+00  4.83052744E-01 -2.15363780E-01  4.35305136E-01  1.08941690E+00  9.96279253E-01  1.67647757E-01
 -2.78462077E-01  1.00000000E+00  4.77517622E-01 -2.16554057E-01  4.37680105E-01  1.09042512E+00  9.96223377E-01  1.69563130E-01
 -2.69848783E-01  1.00000000E+00  4.71982500E-01 -2.17745113E-01  4.40198028E-01  1.09143534E+00  9.96168845E-01  1.71479687E-01
 -2.61752348E-01  1.00000000E+00  4.66941114E-01 -2.19007004E-01  4.42712394E-01  1.09246465E+00  9.96161194E-01  1.73346228E-01
 -2.53655913E-01  1.00000000E+00  4.61899728E-01 -2.20269779E-01  4.45369569E-01  1.09349615E+00  9.96155031E-01  1.75214015E-01
 -2.46045323E-01  1.00000000E+00  4.57253280E-01 -2.21613147E-01  4.48151826E-01  1.09467109E+00  9.96081818E-01  1.77460691E-01
 -2.38434732E-01  1.00000000E+00  4.52606832E-01 -2.22957530E-01  4.51007440E-01  1.09584864E+00  9.96010319E-01  1.79708969E-01
 -2.31280830E-01  1.00000000E+00  4.48423771E-01 -2.24407922E-01  4.53948236E-01  1.09709716E+00  9.95967962E-01  1.82032553E-01
 -2.24126928E-01  1.00000000E+00  4.44240711E-01 -2.25859513E-01  4.57001114E-01  1.09834867E+00  9.95927579E-01  1.84357957E-01
 -2.17402314E-01  1.00000000E+00  4.40380521E-01 -2.27419911E-01  4.60165442E-01  1.09971278E+00  9.95878269E-01  1.86902120E-01
 -2.10677699E-01  1.00000000E+00  4.36520330E-01 -2.28981714E-01  4.63432343E-01  1.10108038E+00  9.95831242E-01  1.89448451E-01
 -2.04351753E-01  1.00000000E+00  4.33098171E-01 -2.30648178E-01  4.66873705E-01  1.10259043E+00  9.95747205E-01  1.92317809E-01
 -1.98025807E-01  1.00000000E+00  4.29676011E-01 -2.32316267E-01  4.70392534E-01  1.10410457E+00  9.95665788E-01  1.95189808E-01
 -1.91837501E-01  1.00000000E+00  4.26470102E-01 -2.34206308E-01  4.74209655E-01  1.10576771E+00  9.95637689E-01  1.98234033E-01
 -1.85649194E-01  1.00000000E+00  4.23264194E-01 -2.36098454E-01  4.78137767E-01  1.10743595E+00  9.95612907E-01  2.01281483E-01
 -1.79460888E-01  1.00000000E+00  4.20276728E-01 -2.38197038E-01  4.82505760E-01  1.10945145E+00  9.95459492E-01  2.05185521E-01
 -1.73272582E-01  1.00000000E+00  4.17289262E-01 -2.40298287E-01  4.86996320E-01  1.11147372E+00  9.95310254E-01  2.09094230E-01
 -1.67084275E-01  1.00000000E+00  4.14487843E-01 -2.42742081E-01  4.91917827E-01  1.11371505E+00  9.95265402E-01  2.13209361E-01
 -1.60895969E-01  1.00000000E+00  4.11686424E-01 -2.45189519E-01  4.97059949E-01  1.11596514E+00  9.95226072E-01  2.17330331E-01
 -1.54707662E-01  1.00000000E+00  4.09145125E-01 -2.47961204E-01  5.02887571E-01  1.11872026E+00  9.95026649E-01  2.22648491E-01
 -1.48519356E-01  1.00000000E+00  4.06603826E-01 -2.50737696E-01  5.08924853E-01  1.12148744E+00  9.94834471E-01  2.27975348E-01
 -1.42331049E-01  1.00000000E+00  4.04580987E-01 -2.54179572E-01  5.15704184E-01  1.12477531E+00  9.94772483E-01  2.34005082E-01
 -1.36142743E-01  1.00000000E+00  4.02558148E-01 -2.57628936E-01  5.22936812E-01  1.12808099E+00  9.94721371E-01  2.40047308E-01
 -1.29954436E-01  1.00000000E+00  4.00936622E-01 -2.61415676E-01  5.30722225E-01  1.13192509E+00  9.94557769E-01  2.47261174E-01
 -1.23766130E-01  1.00000000E+00  3.99315096E-01 -2.65211803E-01  5.39026825E-01  1.13579185E+00  9.94407400E-01  2.54492016E-01
 -1.17577823E-01  1.00000000E+00  3.98097323E-01 -2.69865147E-01  5.48507798E-01  1.14070984E+00  9.94158147E-01  2.63793056E-01
 -1.11389517E-01  1.00000000E+00  3.96879550E-01 -2.74533065E-01  5.58565662E-01  1.14566316E+00  9.93928866E-01  2.73121728E-01
 -1.05201210E-01  1.00000000E+00  3.96533751E-01 -2.80327248E-01  5.70348291E-01  1.15197808E+00  9.93619199E-01  2.85045994E-01
 -9.90129037E-02  1.00000000E+00  3.96187952E-01 -2.86144609E-01  5.82806660E-01  1.15834894E+00  9.93340302E-01  2.97015548E-01
 -9.28245972E-02  1.00000000E+00  3.97015771E-01 -2.92956589E-01  5.97491982E-01  1.16643337E+00  9.92697666E-01  3.12724267E-01
 -8.66362908E-02  1.00000000E+00  3.97843589E-01 -2.99802198E-01  6.12982582E-01  1.17460162E+00  9.92098126E-01  3.28506289E-01
 -8.04479843E-02  1.00000000E+00  3.99573080E-01 -3.09320965E-01  6.31762770E-01  1.18550144E+00  9.92018317E-01  3.48269630E-01
 -7.42596778E-02  1.00000000E+00  4.01302571E-01 -3.18907123E-01  6.51826630E-01  1.19655559E+00  9.92018217E-01  3.68167267E-01
 -6.80713713E-02  1.00000000E+00  4.07239923E-01 -3.29563957E-01  6.75983652E-01  1.21186963E+00  9.90094281E-01  3.99195622E-01
 -6.18830648E-02  1.00000000E+00  4.13177275E-01 -3.40314317E-01  7.03474551E-01  1.22743486E+00  9.88279600E-01  4.30479468E-01
 -5.56947583E-02  1.00000000E+00  4.15807886E-01 -3.58316555E-01  7.37174941E-01  1.24992120E+00  9.88772491E-01  4.70067669E-01
 -4.95064519E-02  1.00000000E+00  4.18438497E-01 -3.76579701E-01  7.75907766E-01  1.27298737E+00  9.89536239E-01  5.10212029E-01
 -4.33181454E-02  1.00000000E+00  4.67119248E-01 -4.00367818E-01  8.26991855E-01  1.31642426E+00  9.84079531E-01  5.98220516E-01
 -3.71298389E-02  1.00000000E+00  5.15799998E-01 -4.24732894E-01  8.91957835E-01  1.36152410E+00  9.79163712E-01  6.88248698E-01
 -3.09415324E-02  1.00000000E+00  4.25999749E-01 -4.58889599E-01  9.84592206E-01  1.41206473E+00  9.80649227E-01  7.76547913E-01
 -2.47532259E-02  1.00000000E+00  3.36199500E-01 -4.94067594E-01  1.07734645E+00  1.46493128E+00  9.83025145E-01  8.67431045E-01
 -1.85649194E-02  1.00000000E+00  8.18802715E-01 -5.93173404E-01  1.27802792E+00  1.72464059E+00  9.56786911E-01  1.38213662E+00
 -1.23766130E-02  1.00000000E+00  1.30140593E+00 -7.05733584E-01  1.60005299E+00  2.03092602E+00  9.39160837E-01  1.96517732E+00
 -6.18830648E-03  1.00000000E+00  3.49763361E-01 -4.47029152E-01  2.50879850E+00  2.69019533E+00  6.56911483E-01  3.65991092E+00
  0.00000000E+00  1.00000000E+00 -6.01879208E-01 -1.48082373E-01  3.93404805E+00  3.73867893E+00  4.72124989E-01  5.87979710E+00
