# curve 5 (die wall), step =      237, time =   9.48000000E+01
# N1 = tau_xx - tau_yy = G ( c_xx - c_yy ),  G =  1.1111E-02  (polymer part only)
#              x               y        pressure            c_xy        gammadot            c_xx            c_yy              N1
 -3.00000000E+00  1.00000000E+00  2.49793491E+00 -1.61038747E+00  4.03257689E-01  7.80344124E+00  7.33611187E-01  7.85536672E-02
 -2.97524677E+00  1.00000000E+00  2.47908360E+00 -1.61033148E+00  4.03259779E-01  7.80310532E+00  7.33612187E-01  7.85499237E-02
 -2.95049355E+00  1.00000000E+00  2.46023229E+00 -1.61027549E+00  4.03261198E-01  7.80276942E+00  7.33613188E-01  7.85461803E-02
 -2.92574032E+00  1.00000000E+00  2.44137919E+00 -1.61033168E+00  4.03261550E-01  7.80320402E+00  7.33611016E-01  7.85510333E-02
 -2.90098710E+00  1.00000000E+00  2.42252609E+00 -1.61038787E+00  4.03260787E-01  7.80363864E+00  7.33608844E-01  7.85558866E-02
 -2.87623387E+00  1.00000000E+00  2.40367259E+00 -1.61050455E+00  4.03259857E-01  7.80478785E+00  7.33592439E-01  7.85688379E-02
 -2.85148064E+00  1.00000000E+00  2.38481909E+00 -1.61062124E+00  4.03258499E-01  7.80593724E+00  7.33576036E-01  7.85817911E-02
 -2.82672742E+00  1.00000000E+00  2.36596520E+00 -1.61045357E+00  4.03258577E-01  7.80474545E+00  7.33581849E-01  7.85684844E-02
 -2.80197419E+00  1.00000000E+00  2.34711131E+00 -1.61028592E+00  4.03258747E-01  7.80355383E+00  7.33587667E-01  7.85551796E-02
 -2.77722097E+00  1.00000000E+00  2.32825529E+00 -1.61030506E+00  4.03259911E-01  7.80325936E+00  7.33601830E-01  7.85517503E-02
 -2.75246774E+00  1.00000000E+00  2.30939928E+00 -1.61032420E+00  4.03260986E-01  7.80296489E+00  7.33615993E-01  7.85483211E-02
 -2.72771451E+00  1.00000000E+00  2.29054898E+00 -1.61033944E+00  4.03260491E-01  7.80319841E+00  7.33614511E-01  7.85509322E-02
 -2.70296129E+00  1.00000000E+00  2.27169868E+00 -1.61035467E+00  4.03258366E-01  7.80343193E+00  7.33613028E-01  7.85535434E-02
 -2.67820806E+00  1.00000000E+00  2.25284391E+00 -1.61035223E+00  4.03257889E-01  7.80331115E+00  7.33611966E-01  7.85522132E-02
 -2.65345484E+00  1.00000000E+00  2.23398914E+00 -1.61034979E+00  4.03258670E-01  7.80319037E+00  7.33610904E-01  7.85508830E-02
 -2.62870161E+00  1.00000000E+00  2.21513651E+00 -1.61035396E+00  4.03259712E-01  7.80306927E+00  7.33617264E-01  7.85494668E-02
 -2.60394839E+00  1.00000000E+00  2.19628387E+00 -1.61035812E+00  4.03260498E-01  7.80294818E+00  7.33623625E-01  7.85480506E-02
 -2.57919516E+00  1.00000000E+00  2.17743115E+00 -1.61033624E+00  4.03260384E-01  7.80305191E+00  7.33616756E-01  7.85492795E-02
 -2.55444193E+00  1.00000000E+00  2.15857842E+00 -1.61031436E+00  4.03259199E-01  7.80315565E+00  7.33609888E-01  7.85505085E-02
 -2.52968871E+00  1.00000000E+00  2.13972382E+00 -1.61041413E+00  4.03258043E-01  7.80403154E+00  7.33603505E-01  7.85603115E-02
 -2.50493548E+00  1.00000000E+00  2.12086922E+00 -1.61051390E+00  4.03255842E-01  7.80490754E+00  7.33597122E-01  7.85701157E-02
 -2.48018226E+00  1.00000000E+00  2.10201484E+00 -1.61038963E+00  4.03256381E-01  7.80391999E+00  7.33600988E-01  7.85591000E-02
 -2.45542903E+00  1.00000000E+00  2.08316046E+00 -1.61026537E+00  4.03257740E-01  7.80293257E+00  7.33604856E-01  7.85480857E-02
 -2.43067580E+00  1.00000000E+00  2.06430749E+00 -1.61027551E+00  4.03259335E-01  7.80276141E+00  7.33613057E-01  7.85460929E-02
 -2.40592258E+00  1.00000000E+00  2.04545453E+00 -1.61028565E+00  4.03260722E-01  7.80259026E+00  7.33621258E-01  7.85441001E-02
 -2.38116935E+00  1.00000000E+00  2.02660260E+00 -1.61027607E+00  4.03259818E-01  7.80269569E+00  7.33618526E-01  7.85453019E-02
 -2.35641613E+00  1.00000000E+00  2.00775066E+00 -1.61026648E+00  4.03257295E-01  7.80280113E+00  7.33615793E-01  7.85465037E-02
 -2.33166290E+00  1.00000000E+00  1.98889652E+00 -1.61030176E+00  4.03256424E-01  7.80302763E+00  7.33613837E-01  7.85490421E-02
 -2.30690967E+00  1.00000000E+00  1.97004237E+00 -1.61033704E+00  4.03255787E-01  7.80325413E+00  7.33611881E-01  7.85515806E-02
 -2.28215645E+00  1.00000000E+00  1.95118861E+00 -1.61033979E+00  4.03255730E-01  7.80314773E+00  7.33613418E-01  7.85503812E-02
 -2.25740322E+00  1.00000000E+00  1.93233485E+00 -1.61034254E+00  4.03256470E-01  7.80304132E+00  7.33614956E-01  7.85491818E-02
 -2.23265000E+00  1.00000000E+00  1.91348168E+00 -1.61042094E+00  4.03255548E-01  7.80382738E+00  7.33609251E-01  7.85579793E-02
 -2.20789677E+00  1.00000000E+00  1.89462852E+00 -1.61049935E+00  4.03252474E-01  7.80461353E+00  7.33603546E-01  7.85667776E-02
 -2.18314354E+00  1.00000000E+00  1.87577389E+00 -1.61038329E+00  4.03251446E-01  7.80362691E+00  7.33611770E-01  7.85557238E-02
 -2.15839032E+00  1.00000000E+00  1.85691927E+00 -1.61026724E+00  4.03251014E-01  7.80264042E+00  7.33619995E-01  7.85446713E-02
 -2.13363709E+00  1.00000000E+00  1.83806831E+00 -1.61027659E+00  4.03250868E-01  7.80258227E+00  7.33623315E-01  7.85439884E-02
 -2.10888387E+00  1.00000000E+00  1.81921735E+00 -1.61028594E+00  4.03250768E-01  7.80252412E+00  7.33626634E-01  7.85433054E-02
 -2.08413064E+00  1.00000000E+00  1.80036240E+00 -1.61028556E+00  4.03250293E-01  7.80242732E+00  7.33629957E-01  7.85421930E-02
 -2.05937741E+00  1.00000000E+00  1.78150745E+00 -1.61028517E+00  4.03249146E-01  7.80233053E+00  7.33633279E-01  7.85410805E-02
 -2.03462419E+00  1.00000000E+00  1.76265608E+00 -1.61027476E+00  4.03246714E-01  7.80250693E+00  7.33625393E-01  7.85431281E-02
 -2.00987096E+00  1.00000000E+00  1.74380471E+00 -1.61026435E+00  4.03243768E-01  7.80268333E+00  7.33617506E-01  7.85451758E-02
 -1.98511774E+00  1.00000000E+00  1.72495010E+00 -1.61027507E+00  4.03242043E-01  7.80259289E+00  7.33622826E-01  7.85441118E-02
 -1.96036451E+00  1.00000000E+00  1.70609549E+00 -1.61028579E+00  4.03240514E-01  7.80250245E+00  7.33628146E-01  7.85430478E-02
 -1.93561128E+00  1.00000000E+00  1.68724594E+00 -1.61035538E+00  4.03237214E-01  7.80318708E+00  7.33623847E-01  7.85507026E-02
 -1.91085806E+00  1.00000000E+00  1.66839640E+00 -1.61042498E+00  4.03232960E-01  7.80387177E+00  7.33619548E-01  7.85583581E-02
 -1.88610483E+00  1.00000000E+00  1.64954030E+00 -1.61038503E+00  4.03229982E-01  7.80351445E+00  7.33616108E-01  7.85544260E-02
 -1.86135161E+00  1.00000000E+00  1.63068419E+00 -1.61034508E+00  4.03227750E-01  7.80315713E+00  7.33612667E-01  7.85504941E-02
 -1.83659838E+00  1.00000000E+00  1.61183523E+00 -1.61030593E+00  4.03225896E-01  7.80272965E+00  7.33627152E-01  7.85455833E-02
 -1.81184516E+00  1.00000000E+00  1.59298627E+00 -1.61026677E+00  4.03222915E-01  7.80230219E+00  7.33641637E-01  7.85406728E-02
 -1.78709193E+00  1.00000000E+00  1.57413790E+00 -1.61037973E+00  4.03215583E-01  7.80356267E+00  7.33623268E-01  7.85548823E-02
 -1.76233870E+00  1.00000000E+00  1.55528952E+00 -1.61049269E+00  4.03206314E-01  7.80482337E+00  7.33604899E-01  7.85690941E-02
 -1.73758548E+00  1.00000000E+00  1.53643549E+00 -1.61043922E+00  4.03202093E-01  7.80423679E+00  7.33612590E-01  7.85624911E-02
 -1.71283225E+00  1.00000000E+00  1.51758146E+00 -1.61038574E+00  4.03197348E-01  7.80365025E+00  7.33620281E-01  7.85558885E-02
 -1.68807903E+00  1.00000000E+00  1.49873307E+00 -1.61038348E+00  4.03191840E-01  7.80327555E+00  7.33634326E-01  7.85515692E-02
 -1.66332580E+00  1.00000000E+00  1.47988468E+00 -1.61038122E+00  4.03185818E-01  7.80290087E+00  7.33648371E-01  7.85472500E-02
 -1.63857257E+00  1.00000000E+00  1.46104199E+00 -1.61035190E+00  4.03178078E-01  7.80290020E+00  7.33644474E-01  7.85472858E-02
 -1.61381935E+00  1.00000000E+00  1.44219929E+00 -1.61032258E+00  4.03168940E-01  7.80289952E+00  7.33640578E-01  7.85473216E-02
 -1.58906612E+00  1.00000000E+00  1.42335035E+00 -1.61027148E+00  4.03159902E-01  7.80219489E+00  7.33653638E-01  7.85393472E-02
 -1.56431290E+00  1.00000000E+00  1.40450141E+00 -1.61022038E+00  4.03151360E-01  7.80149032E+00  7.33666697E-01  7.85313736E-02
 -1.53955967E+00  1.00000000E+00  1.38566516E+00 -1.61017671E+00  4.03141366E-01  7.80103825E+00  7.33677011E-01  7.85262360E-02
 -1.51480644E+00  1.00000000E+00  1.36682891E+00 -1.61013305E+00  4.03131091E-01  7.80058621E+00  7.33687325E-01  7.85210987E-02
 -1.49005322E+00  1.00000000E+00  1.34799135E+00 -1.61012983E+00  4.03118314E-01  7.80075366E+00  7.33686445E-01  7.85229691E-02
 -1.46529999E+00  1.00000000E+00  1.32915379E+00 -1.61012660E+00  4.03103038E-01  7.80092112E+00  7.33685565E-01  7.85248395E-02
 -1.44054677E+00  1.00000000E+00  1.31031965E+00 -1.61025003E+00  4.03087322E-01  7.80203499E+00  7.33679837E-01  7.85372795E-02
 -1.41579354E+00  1.00000000E+00  1.29148552E+00 -1.61037347E+00  4.03068050E-01  7.80314901E+00  7.33674111E-01  7.85497212E-02
 -1.39104031E+00  1.00000000E+00  1.27265891E+00 -1.61017045E+00  4.03051838E-01  7.80151303E+00  7.33687887E-01  7.85313905E-02
 -1.36628709E+00  1.00000000E+00  1.25383231E+00 -1.60996747E+00  4.03037300E-01  7.79987740E+00  7.33701668E-01  7.85130636E-02
 -1.34153386E+00  1.00000000E+00  1.23501347E+00 -1.60997839E+00  4.03020615E-01  7.79940074E+00  7.33723452E-01  7.85075254E-02
 -1.31678064E+00  1.00000000E+00  1.21619464E+00 -1.60998932E+00  4.03002435E-01  7.79892412E+00  7.33745236E-01  7.85019876E-02
 -1.29202741E+00  1.00000000E+00  1.19738948E+00 -1.61001067E+00  4.02981951E-01  7.79909459E+00  7.33748388E-01  7.85038467E-02
 -1.26727418E+00  1.00000000E+00  1.17858431E+00 -1.61003202E+00  4.02960175E-01  7.79926508E+00  7.33751539E-01  7.85057060E-02
 -1.24252096E+00  1.00000000E+00  1.15978819E+00 -1.61009090E+00  4.02940191E-01  7.79949946E+00  7.33765089E-01  7.85081597E-02
 -1.21776773E+00  1.00000000E+00  1.14099207E+00 -1.61014978E+00  4.02913447E-01  7.79973386E+00  7.33778639E-01  7.85106135E-02
 -1.19301451E+00  1.00000000E+00  1.12220743E+00 -1.60996448E+00  4.02890380E-01  7.79837586E+00  7.33787578E-01  7.84954253E-02
 -1.16826128E+00  1.00000000E+00  1.10342279E+00 -1.60977921E+00  4.02872272E-01  7.79701810E+00  7.33796523E-01  7.84802397E-02
 -1.14350806E+00  1.00000000E+00  1.08466279E+00 -1.60983966E+00  4.02850591E-01  7.79702903E+00  7.33815148E-01  7.84801543E-02
 -1.11875483E+00  1.00000000E+00  1.06590280E+00 -1.60990010E+00  4.02826973E-01  7.79703997E+00  7.33833774E-01  7.84800688E-02
 -1.09400160E+00  1.00000000E+00  1.04716371E+00 -1.60984103E+00  4.02811445E-01  7.79651574E+00  7.33837633E-01  7.84742012E-02
 -1.06924838E+00  1.00000000E+00  1.02842462E+00 -1.60978195E+00  4.02795649E-01  7.79599154E+00  7.33841493E-01  7.84683339E-02
 -1.04449515E+00  1.00000000E+00  1.00971425E+00 -1.60973846E+00  4.02778333E-01  7.79549164E+00  7.33856485E-01  7.84626128E-02
 -1.01974193E+00  1.00000000E+00  9.91003881E-01 -1.60969496E+00  4.02760673E-01  7.79499177E+00  7.33871477E-01  7.84568921E-02
 -9.94988700E-01  1.00000000E+00  9.72328159E-01 -1.60971429E+00  4.02753771E-01  7.79512659E+00  7.33877387E-01  7.84583245E-02
 -9.70235474E-01  1.00000000E+00  9.53652437E-01 -1.60973362E+00  4.02751902E-01  7.79526142E+00  7.33883297E-01  7.84597569E-02
 -9.45482248E-01  1.00000000E+00  9.35015427E-01 -1.60966722E+00  4.02761262E-01  7.79516052E+00  7.33853316E-01  7.84589689E-02
 -9.20729022E-01  1.00000000E+00  9.16378418E-01 -1.60960082E+00  4.02775824E-01  7.79505962E+00  7.33823338E-01  7.84581810E-02
 -8.95975796E-01  1.00000000E+00  8.97797362E-01 -1.60960190E+00  4.02800678E-01  7.79511095E+00  7.33825094E-01  7.84587317E-02
 -8.71222570E-01  1.00000000E+00  8.79216307E-01 -1.60960298E+00  4.02830932E-01  7.79516227E+00  7.33826851E-01  7.84592824E-02
 -8.46469344E-01  1.00000000E+00  8.60691803E-01 -1.60984169E+00  4.02894648E-01  7.79693732E+00  7.33820365E-01  7.84790773E-02
 -8.21716118E-01  1.00000000E+00  8.42167300E-01 -1.61008044E+00  4.02958879E-01  7.79871279E+00  7.33813886E-01  7.84988767E-02
 -7.97201467E-01  1.00000000E+00  8.23904904E-01 -1.61028023E+00  4.03073250E-01  7.80056164E+00  7.33769981E-01  7.85199073E-02
 -7.72686817E-01  1.00000000E+00  8.05642509E-01 -1.61048005E+00  4.03189550E-01  7.80241094E+00  7.33726086E-01  7.85409428E-02
 -7.49503432E-01  1.00000000E+00  7.88450507E-01 -1.61044979E+00  4.03343687E-01  7.80477229E+00  7.33555211E-01  7.85690787E-02
 -7.26320047E-01  1.00000000E+00  7.71258506E-01 -1.61041950E+00  4.03520103E-01  7.80713448E+00  7.33384365E-01  7.85972235E-02
 -7.04527831E-01  1.00000000E+00  7.55181945E-01 -1.61101861E+00  4.03734902E-01  7.81074578E+00  7.33410695E-01  7.86370565E-02
 -6.82735615E-01  1.00000000E+00  7.39105383E-01 -1.61161795E+00  4.03967725E-01  7.81435875E+00  7.33437073E-01  7.86769075E-02
 -6.62251087E-01  1.00000000E+00  7.24093611E-01 -1.61161966E+00  4.04265881E-01  7.81895075E+00  7.33123318E-01  7.87314159E-02
 -6.41766559E-01  1.00000000E+00  7.09081839E-01 -1.61162134E+00  4.04592773E-01  7.82354583E+00  7.32809663E-01  7.87859574E-02
 -6.22511254E-01  1.00000000E+00  6.95054238E-01 -1.61192589E+00  4.04951663E-01  7.82909578E+00  7.32577851E-01  7.88501992E-02
 -6.03255949E-01  1.00000000E+00  6.81026636E-01 -1.61223056E+00  4.05347251E-01  7.83464993E+00  7.32346111E-01  7.89144869E-02
 -5.85156097E-01  1.00000000E+00  6.67940084E-01 -1.61324688E+00  4.05802544E-01  7.84242400E+00  7.32273797E-01  7.90016690E-02
 -5.67056245E-01  1.00000000E+00  6.54853532E-01 -1.61426402E+00  4.06288365E-01  7.85020586E+00  7.32201643E-01  7.90889358E-02
 -5.50042515E-01  1.00000000E+00  6.42647845E-01 -1.61471525E+00  4.06864295E-01  7.85958481E+00  7.31773035E-01  7.91979086E-02
 -5.33028786E-01  1.00000000E+00  6.30442159E-01 -1.61516676E+00  4.07464478E-01  7.86897581E+00  7.31344665E-01  7.93070127E-02
 -5.17036006E-01  1.00000000E+00  6.19085797E-01 -1.61622391E+00  4.08132849E-01  7.88046615E+00  7.31059403E-01  7.94378527E-02
 -5.01043227E-01  1.00000000E+00  6.07729434E-01 -1.61728217E+00  4.08846661E-01  7.89197382E+00  7.30774402E-01  7.95688825E-02
 -4.86010125E-01  1.00000000E+00  5.97153302E-01 -1.61844117E+00  4.09627590E-01  7.90491294E+00  7.30422266E-01  7.97165630E-02
 -4.70977023E-01  1.00000000E+00  5.86577170E-01 -1.61960154E+00  4.10475459E-01  7.91787401E+00  7.30070499E-01  7.98644834E-02
 -4.56846016E-01  1.00000000E+00  5.76720234E-01 -1.62093736E+00  4.11378437E-01  7.93359762E+00  7.29630904E-01  8.00440746E-02
 -4.42715008E-01  1.00000000E+00  5.66863299E-01 -1.62227501E+00  4.12352236E-01  7.94935367E+00  7.29191807E-01  8.02240207E-02
 -4.29431964E-01  1.00000000E+00  5.57752779E-01 -1.62361576E+00  4.13434748E-01  7.96656298E+00  7.28626660E-01  8.04215146E-02
 -4.16148920E-01  1.00000000E+00  5.48642259E-01 -1.62495851E+00  4.14581621E-01  7.98381118E+00  7.28062213E-01  8.06194330E-02
 -4.03662954E-01  1.00000000E+00  5.40166709E-01 -1.62639055E+00  4.15726722E-01  8.00329240E+00  7.27448542E-01  8.08427096E-02
 -3.91176988E-01  1.00000000E+00  5.31691158E-01 -1.62782478E+00  4.16993435E-01  8.02282347E+00  7.26835580E-01  8.10665321E-02
 -3.79440270E-01  1.00000000E+00  5.23786281E-01 -1.63003341E+00  4.18361185E-01  8.04565343E+00  7.26314732E-01  8.13259856E-02
 -3.67703552E-01  1.00000000E+00  5.15881404E-01 -1.63224669E+00  4.19800136E-01  8.06855022E+00  7.25794966E-01  8.15861695E-02
 -3.56671122E-01  1.00000000E+00  5.08659070E-01 -1.63426615E+00  4.21328793E-01  8.09362037E+00  7.25042008E-01  8.18730929E-02
 -3.45638692E-01  1.00000000E+00  5.01436737E-01 -1.63628994E+00  4.22913394E-01  8.11877160E+00  7.24290390E-01  8.21609024E-02
 -3.35268287E-01  1.00000000E+00  4.94688433E-01 -1.63868562E+00  4.24525941E-01  8.14618650E+00  7.23607626E-01  8.24730986E-02
 -3.24897882E-01  1.00000000E+00  4.87940130E-01 -1.64108691E+00  4.26284107E-01  8.17369726E+00  7.22926215E-01  8.27863449E-02
 -3.15149775E-01  1.00000000E+00  4.81779975E-01 -1.64328384E+00  4.28155476E-01  8.20208149E+00  7.22073286E-01  8.31112023E-02
 -3.05401669E-01  1.00000000E+00  4.75619820E-01 -1.64548588E+00  4.30079376E-01  8.23056854E+00  7.21221954E-01  8.34371843E-02
 -2.96238520E-01  1.00000000E+00  4.69862374E-01 -1.64770702E+00  4.32036207E-01  8.26480696E+00  7.20040836E-01  8.38307347E-02
 -2.87075371E-01  1.00000000E+00  4.64104927E-01 -1.64993372E+00  4.34231174E-01  8.29919557E+00  7.18862023E-01  8.42259283E-02
 -2.78462077E-01  1.00000000E+00  4.58883872E-01 -1.65285711E+00  4.36474831E-01  8.33458316E+00  7.17874661E-01  8.46300945E-02
 -2.69848783E-01  1.00000000E+00  4.53662816E-01 -1.65578927E+00  4.38821552E-01  8.37012729E+00  7.16889858E-01  8.50359715E-02
 -2.61752348E-01  1.00000000E+00  4.48880793E-01 -1.65947761E+00  4.41195428E-01  8.40980665E+00  7.16042155E-01  8.54862722E-02
 -2.53655913E-01  1.00000000E+00  4.44098770E-01 -1.66317857E+00  4.43701374E-01  8.44967965E+00  7.15197214E-01  8.59386937E-02
 -2.46045323E-01  1.00000000E+00  4.39744707E-01 -1.66566177E+00  4.46319098E-01  8.49046388E+00  7.13777855E-01  8.64076225E-02
 -2.38434732E-01  1.00000000E+00  4.35390645E-01 -1.66815192E+00  4.49016363E-01  8.53145616E+00  7.12361661E-01  8.68788277E-02
 -2.31280830E-01  1.00000000E+00  4.31406144E-01 -1.67099923E+00  4.51808254E-01  8.57443682E+00  7.11017229E-01  8.73713288E-02
 -2.24126928E-01  1.00000000E+00  4.27421643E-01 -1.67385512E+00  4.54709024E-01  8.61764508E+00  7.09675918E-01  8.78663240E-02
 -2.17402314E-01  1.00000000E+00  4.23791967E-01 -1.67893899E+00  4.57715516E-01  8.66742657E+00  7.08821516E-01  8.84289450E-02
 -2.10677699E-01  1.00000000E+00  4.20162291E-01 -1.68404530E+00  4.60816372E-01  8.71750174E+00  7.07971713E-01  8.89947781E-02
 -2.04351753E-01  1.00000000E+00  4.16940438E-01 -1.68762854E+00  4.64079340E-01  8.76949411E+00  7.06411592E-01  8.95898058E-02
 -1.98025807E-01  1.00000000E+00  4.13718584E-01 -1.69122525E+00  4.67410365E-01  8.82181113E+00  7.04856143E-01  9.01883887E-02
 -1.91837501E-01  1.00000000E+00  4.10711041E-01 -1.69601157E+00  4.71044904E-01  8.87781295E+00  7.03593846E-01  9.08246567E-02
 -1.85649194E-01  1.00000000E+00  4.07703497E-01 -1.70081931E+00  4.74778923E-01  8.93418168E+00  7.02336657E-01  9.14649447E-02
 -1.79460888E-01  1.00000000E+00  4.04917153E-01 -1.70290058E+00  4.78918067E-01  8.99610359E+00  6.99707972E-01  9.21821736E-02
 -1.73272582E-01  1.00000000E+00  4.02130809E-01 -1.70498555E+00  4.83195652E-01  9.05849072E+00  6.97087088E-01  9.29044848E-02
 -1.67084275E-01  1.00000000E+00  3.99480078E-01 -1.71245201E+00  4.87902864E-01  9.13372260E+00  6.95905759E-01  9.37535204E-02
 -1.60895969E-01  1.00000000E+00  3.96829347E-01 -1.71996547E+00  4.92789738E-01  9.20959222E+00  6.94733580E-01  9.46095405E-02
 -1.54707662E-01  1.00000000E+00  3.94461385E-01 -1.72410407E+00  4.98338228E-01  9.29260644E+00  6.91874561E-01  9.55636875E-02
 -1.48519356E-01  1.00000000E+00  3.92093422E-01 -1.72826079E+00  5.04062928E-01  9.37641581E+00  6.89026867E-01  9.65265438E-02
 -1.42331049E-01  1.00000000E+00  3.90216711E-01 -1.73573688E+00  5.10564758E-01  9.47231493E+00  6.86762894E-01  9.76172448E-02
 -1.36142743E-01  1.00000000E+00  3.88339999E-01 -1.74326593E+00  5.17438465E-01  9.56922826E+00  6.84513289E-01  9.87190552E-02
 -1.29954436E-01  1.00000000E+00  3.86842475E-01 -1.74964519E+00  5.24811324E-01  9.68083621E+00  6.81331647E-01  9.99944951E-02
 -1.23766130E-01  1.00000000E+00  3.85344952E-01 -1.75606339E+00  5.32750934E-01  9.79381442E+00  6.78165720E-01  1.01284986E-01
 -1.17577823E-01  1.00000000E+00  3.84098136E-01 -1.76561624E+00  5.41905775E-01  9.93091147E+00  6.74906425E-01  1.02844500E-01
 -1.11389517E-01  1.00000000E+00  3.82851320E-01 -1.77525451E+00  5.51543877E-01  1.00700020E+01  6.71671452E-01  1.04425895E-01
 -1.05201210E-01  1.00000000E+00  3.82648171E-01 -1.78570468E+00  5.62820129E-01  1.02348038E+01  6.67489290E-01  1.06303495E-01
 -9.90129037E-02  1.00000000E+00  3.82445022E-01 -1.79625946E+00  5.74660120E-01  1.04024175E+01  6.63342512E-01  1.08211945E-01
 -9.28245972E-02  1.00000000E+00  3.83352756E-01 -1.80171836E+00  5.88539404E-01  1.05921141E+01  6.56620446E-01  1.10394374E-01
 -8.66362908E-02  1.00000000E+00  3.84260490E-01 -1.80718540E+00  6.03149035E-01  1.07855410E+01  6.49949206E-01  1.12617687E-01
 -8.04479843E-02  1.00000000E+00  3.86109725E-01 -1.82577437E+00  6.21024672E-01  1.10348199E+01  6.45462847E-01  1.15437300E-01
 -7.42596778E-02  1.00000000E+00  3.87958959E-01 -1.84465714E+00  6.40331960E-01  1.12900232E+01  6.41043314E-01  1.18321999E-01
 -6.80713713E-02  1.00000000E+00  3.92435988E-01 -1.84304987E+00  6.63495413E-01  1.15886103E+01  6.28397803E-01  1.21780139E-01
 -6.18830648E-02  1.00000000E+00  3.96913016E-01 -1.84118745E+00  6.89412041E-01  1.18960420E+01  6.15907274E-01  1.25334831E-01
 -5.56947583E-02  1.00000000E+00  4.03029003E-01 -1.89125655E+00  7.21623026E-01  1.23714984E+01  6.13277434E-01  1.30646899E-01
 -4.95064519E-02  1.00000000E+00  4.09144990E-01 -1.94302112E+00  7.58883745E-01  1.28660556E+01  6.10943390E-01  1.36167913E-01
 -4.33181454E-02  1.00000000E+00  4.41243849E-01 -1.96878213E+00  8.05896494E-01  1.36425603E+01  5.91596680E-01  1.45010707E-01
 -3.71298389E-02  1.00000000E+00  4.73342708E-01 -1.99490999E+00  8.64949980E-01  1.44686541E+01  5.72761719E-01  1.54398804E-01
 -3.09415324E-02  1.00000000E+00  4.19963419E-01 -1.67072789E+00  9.55325219E-01  1.38684024E+01  5.11751775E-01  1.48407230E-01
 -2.47532259E-02  1.00000000E+00  3.66584130E-01 -1.36341116E+00  1.03538138E+00  1.33190346E+01  4.62733313E-01  1.42847792E-01
 -1.85649194E-02  1.00000000E+00  8.73941431E-01 -2.83105368E+00  1.18185200E+00  2.02671869E+01  6.34714396E-01  2.18138583E-01
 -1.23766130E-02  1.00000000E+00  1.38129873E+00 -5.18685474E+00  1.56500862E+00  3.11228023E+01  1.03994982E+00  3.34253916E-01
 -6.18830648E-03  1.00000000E+00 -2.62620092E-01  2.71610317E+00  2.50271857E+00  2.41630711E+01  5.33233286E-01  2.62553754E-01
  0.00000000E+00  1.00000000E+00 -1.90653892E+00  1.33945498E+01  4.64259317E+00  3.48133343E+01  5.31308812E+00  3.27780513E-01
