# curve 5 (die wall), step =      100, time =   4.00000000E+01
# N1 = tau_xx - tau_yy = G ( c_xx - c_yy ),  G =  3.3333E-02  (polymer part only)
#              x               y        pressure            c_xy        gammadot            c_xx            c_yy              N1
 -3.00000000E+00  1.00000000E+00  2.53560438E+00 -2.28918302E+00  4.10882771E-01  1.33222255E+01  8.41464210E-01  4.16025375E-01
 -2.97524677E+00  1.00000000E+00  2.51758033E+00 -2.28915689E+00  4.10890464E-01  1.33216815E+01  8.41478519E-01  4.16006765E-01
 -2.95049355E+00  1.00000000E+00  2.49955628E+00 -2.28913075E+00  4.10895207E-01  1.33211375E+01  8.41492829E-01  4.15988155E-01
 -2.92574032E+00  1.00000000E+00  2.48154043E+00 -2.28926806E+00  4.10896006E-01  1.33222701E+01  8.41503761E-01  4.16025543E-01
 -2.90098710E+00  1.00000000E+00  2.46352457E+00 -2.28940538E+00  4.10890632E-01  1.33234027E+01  8.41514694E-01  4.16062934E-01
 -2.87623387E+00  1.00000000E+00  2.44552188E+00 -2.28962950E+00  4.10882808E-01  1.33265697E+01  8.41495177E-01  4.16169150E-01
 -2.85148064E+00  1.00000000E+00  2.42751919E+00 -2.28985363E+00  4.10870374E-01  1.33297374E+01  8.41475660E-01  4.16275391E-01
 -2.82672742E+00  1.00000000E+00  2.40949447E+00 -2.28935454E+00  4.10867111E-01  1.33265560E+01  8.41424178E-01  4.16171061E-01
 -2.80197419E+00  1.00000000E+00  2.39146976E+00 -2.28885555E+00  4.10871050E-01  1.33233754E+01  8.41372715E-01  4.16066755E-01
 -2.77722097E+00  1.00000000E+00  2.37342850E+00 -2.28893425E+00  4.10880025E-01  1.33222799E+01  8.41413690E-01  4.16028875E-01
 -2.75246774E+00  1.00000000E+00  2.35538725E+00 -2.28901294E+00  4.10888257E-01  1.33211846E+01  8.41454665E-01  4.15990998E-01
 -2.72771451E+00  1.00000000E+00  2.33740776E+00 -2.28925392E+00  4.10884459E-01  1.33220200E+01  8.41518417E-01  4.16016720E-01
 -2.70296129E+00  1.00000000E+00  2.31942827E+00 -2.28949493E+00  4.10867167E-01  1.33228555E+01  8.41582175E-01  4.16042444E-01
 -2.67820806E+00  1.00000000E+00  2.30139231E+00 -2.28920328E+00  4.10863152E-01  1.33221562E+01  8.41493343E-01  4.16022095E-01
 -2.65345484E+00  1.00000000E+00  2.28335634E+00 -2.28891165E+00  4.10872371E-01  1.33214570E+01  8.41404521E-01  4.16001748E-01
 -2.62870161E+00  1.00000000E+00  2.26534596E+00 -2.28903028E+00  4.10882026E-01  1.33210448E+01  8.41450487E-01  4.15986477E-01
 -2.60394839E+00  1.00000000E+00  2.24733558E+00 -2.28914891E+00  4.10887145E-01  1.33206326E+01  8.41496455E-01  4.15971206E-01
 -2.57919516E+00  1.00000000E+00  2.22932813E+00 -2.28920957E+00  4.10889485E-01  1.33213318E+01  8.41509480E-01  4.15994078E-01
 -2.55444193E+00  1.00000000E+00  2.21132069E+00 -2.28927023E+00  4.10879631E-01  1.33220310E+01  8.41522506E-01  4.16016951E-01
 -2.52968871E+00  1.00000000E+00  2.19331048E+00 -2.28954275E+00  4.10867363E-01  1.33243980E+01  8.41549914E-01  4.16094938E-01
 -2.50493548E+00  1.00000000E+00  2.17530027E+00 -2.28981531E+00  4.10848412E-01  1.33267655E+01  8.41577324E-01  4.16172938E-01
 -2.48018226E+00  1.00000000E+00  2.15726261E+00 -2.28930529E+00  4.10852450E-01  1.33239362E+01  8.41490981E-01  4.16081506E-01
 -2.45542903E+00  1.00000000E+00  2.13922496E+00 -2.28879538E+00  4.10867056E-01  1.33211075E+01  8.41404658E-01  4.15990093E-01
 -2.43067580E+00  1.00000000E+00  2.12120558E+00 -2.28889116E+00  4.10883097E-01  1.33205789E+01  8.41437821E-01  4.15971370E-01
 -2.40592258E+00  1.00000000E+00  2.10318620E+00 -2.28898694E+00  4.10896302E-01  1.33200504E+01  8.41470985E-01  4.15952647E-01
 -2.38116935E+00  1.00000000E+00  2.08519344E+00 -2.28917147E+00  4.10891144E-01  1.33207455E+01  8.41526079E-01  4.15973980E-01
 -2.35641613E+00  1.00000000E+00  2.06720068E+00 -2.28935602E+00  4.10872736E-01  1.33214406E+01  8.41581176E-01  4.15995315E-01
 -2.33166290E+00  1.00000000E+00  2.04917752E+00 -2.28924643E+00  4.10868193E-01  1.33218853E+01  8.41525503E-01  4.16011993E-01
 -2.30690967E+00  1.00000000E+00  2.03115435E+00 -2.28913684E+00  4.10871111E-01  1.33223300E+01  8.41469834E-01  4.16028672E-01
 -2.28215645E+00  1.00000000E+00  2.01312479E+00 -2.28903634E+00  4.10877965E-01  1.33218310E+01  8.41439107E-01  4.16013062E-01
 -2.25740322E+00  1.00000000E+00  1.99509523E+00 -2.28893585E+00  4.10888914E-01  1.33213319E+01  8.41408382E-01  4.15997452E-01
 -2.23265000E+00  1.00000000E+00  1.97709796E+00 -2.28942473E+00  4.10885864E-01  1.33237596E+01  8.41510233E-01  4.16074980E-01
 -2.20789677E+00  1.00000000E+00  1.95910068E+00 -2.28991372E+00  4.10862755E-01  1.33261878E+01  8.41612104E-01  4.16152523E-01
 -2.18314354E+00  1.00000000E+00  1.94107183E+00 -2.28951269E+00  4.10854143E-01  1.33235461E+01  8.41561841E-01  4.16066141E-01
 -2.15839032E+00  1.00000000E+00  1.92304298E+00 -2.28911173E+00  4.10855645E-01  1.33209049E+01  8.41511589E-01  4.15979775E-01
 -2.13363709E+00  1.00000000E+00  1.90503583E+00 -2.28905394E+00  4.10861379E-01  1.33204035E+01  8.41500010E-01  4.15963448E-01
 -2.10888387E+00  1.00000000E+00  1.88702868E+00 -2.28899614E+00  4.10870003E-01  1.33199021E+01  8.41488432E-01  4.15947122E-01
 -2.08413064E+00  1.00000000E+00  1.86899601E+00 -2.28903050E+00  4.10878076E-01  1.33195863E+01  8.41502278E-01  4.15936134E-01
 -2.05937741E+00  1.00000000E+00  1.85096334E+00 -2.28906485E+00  4.10879044E-01  1.33192705E+01  8.41516125E-01  4.15925146E-01
 -2.03462419E+00  1.00000000E+00  1.83296530E+00 -2.28904299E+00  4.10872242E-01  1.33200074E+01  8.41499263E-01  4.15950271E-01
 -2.00987096E+00  1.00000000E+00  1.81496726E+00 -2.28902112E+00  4.10863520E-01  1.33207444E+01  8.41482401E-01  4.15975398E-01
 -1.98511774E+00  1.00000000E+00  1.79692860E+00 -2.28898966E+00  4.10863805E-01  1.33203669E+01  8.41476417E-01  4.15963016E-01
 -1.96036451E+00  1.00000000E+00  1.77888994E+00 -2.28895820E+00  4.10865796E-01  1.33199894E+01  8.41470433E-01  4.15950634E-01
 -1.93561128E+00  1.00000000E+00  1.76091281E+00 -2.28937734E+00  4.10854690E-01  1.33221669E+01  8.41555966E-01  4.16020365E-01
 -1.91085806E+00  1.00000000E+00  1.74293568E+00 -2.28979655E+00  4.10832945E-01  1.33243448E+01  8.41641513E-01  4.16090108E-01
 -1.88610483E+00  1.00000000E+00  1.72487349E+00 -2.28922463E+00  4.10826234E-01  1.33229575E+01  8.41478394E-01  4.16049303E-01
 -1.86135161E+00  1.00000000E+00  1.70681130E+00 -2.28865278E+00  4.10835398E-01  1.33215704E+01  8.41315315E-01  4.16008503E-01
 -1.83659838E+00  1.00000000E+00  1.68880859E+00 -2.28899073E+00  4.10844559E-01  1.33206018E+01  8.41469890E-01  4.15971065E-01
 -1.81184516E+00  1.00000000E+00  1.67080587E+00 -2.28932865E+00  4.10839574E-01  1.33196335E+01  8.41624488E-01  4.15933632E-01
 -1.78709193E+00  1.00000000E+00  1.65282713E+00 -2.28953107E+00  4.10811620E-01  1.33231367E+01  8.41599349E-01  4.16051245E-01
 -1.76233870E+00  1.00000000E+00  1.63484840E+00 -2.28973350E+00  4.10773765E-01  1.33266409E+01  8.41574206E-01  4.16168890E-01
 -1.73758548E+00  1.00000000E+00  1.61678811E+00 -2.28942290E+00  4.10769940E-01  1.33248651E+01  8.41520284E-01  4.16111494E-01
 -1.71283225E+00  1.00000000E+00  1.59872783E+00 -2.28911235E+00  4.10768903E-01  1.33230896E+01  8.41466370E-01  4.16054107E-01
 -1.68807903E+00  1.00000000E+00  1.58070028E+00 -2.28904638E+00  4.10760442E-01  1.33214349E+01  8.41488752E-01  4.15998206E-01
 -1.66332580E+00  1.00000000E+00  1.56267273E+00 -2.28898040E+00  4.10753530E-01  1.33197805E+01  8.41511132E-01  4.15942312E-01
 -1.63857257E+00  1.00000000E+00  1.54469106E+00 -2.28904490E+00  4.10747119E-01  1.33199341E+01  8.41536794E-01  4.15946577E-01
 -1.61381935E+00  1.00000000E+00  1.52670938E+00 -2.28910940E+00  4.10727264E-01  1.33200877E+01  8.41562456E-01  4.15950842E-01
 -1.58906612E+00  1.00000000E+00  1.50865292E+00 -2.28880104E+00  4.10708222E-01  1.33177829E+01  8.41522473E-01  4.15875347E-01
 -1.56431290E+00  1.00000000E+00  1.49059646E+00 -2.28849273E+00  4.10698393E-01  1.33154784E+01  8.41482495E-01  4.15799865E-01
 -1.53955967E+00  1.00000000E+00  1.47262178E+00 -2.28853387E+00  4.10683480E-01  1.33141328E+01  8.41542583E-01  4.15753007E-01
 -1.51480644E+00  1.00000000E+00  1.45464710E+00 -2.28857500E+00  4.10666023E-01  1.33127873E+01  8.41602672E-01  4.15706153E-01
 -1.49005322E+00  1.00000000E+00  1.43664323E+00 -2.28867167E+00  4.10637389E-01  1.33132247E+01  8.41646241E-01  4.15719280E-01
 -1.46529999E+00  1.00000000E+00  1.41863936E+00 -2.28876835E+00  4.10588653E-01  1.33136620E+01  8.41689812E-01  4.15732408E-01
 -1.44054677E+00  1.00000000E+00  1.40063652E+00 -2.28901812E+00  4.10539708E-01  1.33161338E+01  8.41720393E-01  4.15813780E-01
 -1.41579354E+00  1.00000000E+00  1.38263369E+00 -2.28926790E+00  4.10474856E-01  1.33186060E+01  8.41750975E-01  4.15895167E-01
 -1.39104031E+00  1.00000000E+00  1.36462465E+00 -2.28854984E+00  4.10428051E-01  1.33132771E+01  8.41692405E-01  4.15719490E-01
 -1.36628709E+00  1.00000000E+00  1.34661561E+00 -2.28783202E+00  4.10397253E-01  1.33079504E+01  8.41633866E-01  4.15543884E-01
 -1.34153386E+00  1.00000000E+00  1.32861270E+00 -2.28775268E+00  4.10360287E-01  1.33052281E+01  8.41678863E-01  4.15451642E-01
 -1.31678064E+00  1.00000000E+00  1.31060979E+00 -2.28767333E+00  4.10320360E-01  1.33025065E+01  8.41723856E-01  4.15359421E-01
 -1.29202741E+00  1.00000000E+00  1.29266263E+00 -2.28766528E+00  4.10265719E-01  1.33018794E+01  8.41751246E-01  4.15337604E-01
 -1.26727418E+00  1.00000000E+00  1.27471548E+00 -2.28765724E+00  4.10198176E-01  1.33012523E+01  8.41778635E-01  4.15315788E-01
 -1.24252096E+00  1.00000000E+00  1.25676625E+00 -2.28780079E+00  4.10127690E-01  1.33006170E+01  8.41864882E-01  4.15291738E-01
 -1.21776773E+00  1.00000000E+00  1.23881703E+00 -2.28794435E+00  4.10039191E-01  1.32999818E+01  8.41951135E-01  4.15267690E-01
 -1.19301451E+00  1.00000000E+00  1.22085501E+00 -2.28722744E+00  4.09956325E-01  1.32942737E+01  8.41918375E-01  4.15078510E-01
 -1.16826128E+00  1.00000000E+00  1.20289300E+00 -2.28651079E+00  4.09884304E-01  1.32885680E+01  8.41885645E-01  4.14889410E-01
 -1.14350806E+00  1.00000000E+00  1.18498953E+00 -2.28640918E+00  4.09793859E-01  1.32860969E+01  8.41930817E-01  4.14805537E-01
 -1.11875483E+00  1.00000000E+00  1.16708607E+00 -2.28630757E+00  4.09700442E-01  1.32836264E+01  8.41975988E-01  4.14721681E-01
 -1.09400160E+00  1.00000000E+00  1.14919665E+00 -2.28596724E+00  4.09606955E-01  1.32793669E+01  8.42012127E-01  4.14578493E-01
 -1.06924838E+00  1.00000000E+00  1.13130723E+00 -2.28562696E+00  4.09509944E-01  1.32751088E+01  8.42048270E-01  4.14435352E-01
 -1.04449515E+00  1.00000000E+00  1.11347746E+00 -2.28535855E+00  4.09394676E-01  1.32704471E+01  8.42131867E-01  4.14277173E-01
 -1.01974193E+00  1.00000000E+00  1.09564770E+00 -2.28509016E+00  4.09269614E-01  1.32657870E+01  8.42215469E-01  4.14119052E-01
 -9.94988700E-01  1.00000000E+00  1.07787112E+00 -2.28467903E+00  4.09134275E-01  1.32618587E+01  8.42241529E-01  4.13987239E-01
 -9.70235474E-01  1.00000000E+00  1.06009455E+00 -2.28426799E+00  4.09003295E-01  1.32579316E+01  8.42267602E-01  4.13855466E-01
 -9.45482248E-01  1.00000000E+00  1.04234302E+00 -2.28376198E+00  4.08871006E-01  1.32524727E+01  8.42288758E-01  4.13672799E-01
 -9.20729022E-01  1.00000000E+00  1.02459150E+00 -2.28325612E+00  4.08742108E-01  1.32470162E+01  8.42309923E-01  4.13490209E-01
 -8.95975796E-01  1.00000000E+00  1.00697332E+00 -2.28287235E+00  4.08596866E-01  1.32407416E+01  8.42421107E-01  4.13277349E-01
 -8.71222570E-01  1.00000000E+00  9.89355138E-01 -2.28248867E+00  4.08446938E-01  1.32344701E+01  8.42532302E-01  4.13064593E-01
 -8.46469344E-01  1.00000000E+00  9.71822908E-01 -2.28232178E+00  4.08289839E-01  1.32311469E+01  8.42631677E-01  4.12950507E-01
 -8.21716118E-01  1.00000000E+00  9.54290678E-01 -2.28215492E+00  4.08117795E-01  1.32278246E+01  8.42731064E-01  4.12836450E-01
 -7.97201467E-01  1.00000000E+00  9.37040276E-01 -2.28176664E+00  4.08001862E-01  1.32229334E+01  8.42774112E-01  4.12671975E-01
 -7.72686817E-01  1.00000000E+00  9.19789875E-01 -2.28137843E+00  4.07879708E-01  1.32180440E+01  8.42817164E-01  4.12507562E-01
 -7.49503432E-01  1.00000000E+00  9.03635264E-01 -2.28091052E+00  4.07773004E-01  1.32141136E+01  8.42804071E-01  4.12376985E-01
 -7.26320047E-01  1.00000000E+00  8.87480653E-01 -2.28044272E+00  4.07677650E-01  1.32101844E+01  8.42790991E-01  4.12246448E-01
 -7.04527831E-01  1.00000000E+00  8.72465228E-01 -2.28038805E+00  4.07588346E-01  1.32071900E+01  8.42915650E-01  4.12142477E-01
 -6.82735615E-01  1.00000000E+00  8.57449803E-01 -2.28033338E+00  4.07510854E-01  1.32041963E+01  8.43040324E-01  4.12038531E-01
 -6.62251087E-01  1.00000000E+00  8.43448167E-01 -2.27961481E+00  4.07519416E-01  1.32030201E+01  8.42813971E-01  4.12006871E-01
 -6.41766559E-01  1.00000000E+00  8.29446532E-01 -2.27889635E+00  4.07548004E-01  1.32018442E+01  8.42587689E-01  4.11975216E-01
 -6.22511254E-01  1.00000000E+00  8.16508429E-01 -2.27867018E+00  4.07580343E-01  1.32018819E+01  8.42512542E-01  4.11978977E-01
 -6.03255949E-01  1.00000000E+00  8.03570326E-01 -2.27844401E+00  4.07642560E-01  1.32019195E+01  8.42437402E-01  4.11982738E-01
 -5.85156097E-01  1.00000000E+00  7.91596981E-01 -2.27894739E+00  4.07744665E-01  1.32049539E+01  8.42512732E-01  4.12081373E-01
 -5.67056245E-01  1.00000000E+00  7.79623636E-01 -2.27945089E+00  4.07867021E-01  1.32079890E+01  8.42588079E-01  4.12180031E-01
 -5.50042515E-01  1.00000000E+00  7.68530235E-01 -2.27956492E+00  4.08088544E-01  1.32151779E+01  8.42342980E-01  4.12427830E-01
 -5.33028786E-01  1.00000000E+00  7.57436835E-01 -2.27967886E+00  4.08314929E-01  1.32223711E+01  8.42097911E-01  4.12675772E-01
 -5.17036006E-01  1.00000000E+00  7.47285918E-01 -2.28100367E+00  4.08580045E-01  1.32333454E+01  8.42171654E-01  4.13039125E-01
 -5.01043227E-01  1.00000000E+00  7.37135002E-01 -2.28232937E+00  4.08855365E-01  1.32443289E+01  8.42245484E-01  4.13402780E-01
 -4.86010125E-01  1.00000000E+00  7.27733805E-01 -2.28278601E+00  4.09226353E-01  1.32563301E+01  8.41956023E-01  4.13812468E-01
 -4.70977023E-01  1.00000000E+00  7.18332608E-01 -2.28324262E+00  4.09667996E-01  1.32683429E+01  8.41666591E-01  4.14222543E-01
 -4.56846016E-01  1.00000000E+00  7.09755992E-01 -2.28502282E+00  4.10152196E-01  1.32876886E+01  8.41558249E-01  4.14871011E-01
 -4.42715008E-01  1.00000000E+00  7.01179375E-01 -2.28680478E+00  4.10698278E-01  1.33070631E+01  8.41450049E-01  4.15520433E-01
 -4.29431964E-01  1.00000000E+00  6.93369150E-01 -2.28816827E+00  4.11350039E-01  1.33276306E+01  8.41110611E-01  4.16217335E-01
 -4.16148920E-01  1.00000000E+00  6.85558924E-01 -2.28953284E+00  4.12039044E-01  1.33482313E+01  8.40771319E-01  4.16915333E-01
 -4.03662954E-01  1.00000000E+00  6.78429640E-01 -2.29100621E+00  4.12728291E-01  1.33748423E+01  8.40330181E-01  4.17817071E-01
 -3.91176988E-01  1.00000000E+00  6.71300357E-01 -2.29248042E+00  4.13552810E-01  1.34015091E+01  8.39889086E-01  4.18720667E-01
 -3.79440270E-01  1.00000000E+00  6.64809751E-01 -2.29566737E+00  4.14455556E-01  1.34338235E+01  8.39797309E-01  4.19800874E-01
 -3.67703552E-01  1.00000000E+00  6.58319146E-01 -2.29885982E+00  4.15407491E-01  1.34662171E+01  8.39705996E-01  4.20883704E-01
 -3.56671122E-01  1.00000000E+00  6.52618735E-01 -2.30168820E+00  4.16475946E-01  1.35034773E+01  8.39272244E-01  4.22140167E-01
 -3.45638692E-01  1.00000000E+00  6.46918325E-01 -2.30452109E+00  4.17542176E-01  1.35408437E+01  8.38838897E-01  4.23400161E-01
 -3.35268287E-01  1.00000000E+00  6.41673234E-01 -2.30741968E+00  4.18625047E-01  1.35823801E+01  8.38376594E-01  4.24800116E-01
 -3.24897882E-01  1.00000000E+00  6.36428144E-01 -2.31032250E+00  4.19873030E-01  1.36240485E+01  8.37914454E-01  4.26204470E-01
 -3.15149775E-01  1.00000000E+00  6.31821315E-01 -2.31315466E+00  4.21245461E-01  1.36669475E+01  8.37289067E-01  4.27655282E-01
 -3.05401669E-01  1.00000000E+00  6.27214485E-01 -2.31599113E+00  4.22672413E-01  1.37099869E+01  8.36664106E-01  4.29110760E-01
 -2.96238520E-01  1.00000000E+00  6.23084676E-01 -2.31955485E+00  4.24149214E-01  1.37671689E+01  8.35793688E-01  4.31045839E-01
 -2.87075371E-01  1.00000000E+00  6.18954867E-01 -2.32312501E+00  4.25846321E-01  1.38245995E+01  8.34923885E-01  4.32989186E-01
 -2.78462077E-01  1.00000000E+00  6.15531304E-01 -2.32775239E+00  4.27595294E-01  1.38822314E+01  8.34363636E-01  4.34928924E-01
 -2.69848783E-01  1.00000000E+00  6.12107741E-01 -2.33239174E+00  4.29383661E-01  1.39401099E+01  8.33804482E-01  4.36876847E-01
 -2.61752348E-01  1.00000000E+00  6.09092878E-01 -2.33838663E+00  4.31201549E-01  1.40084797E+01  8.33447312E-01  4.39167747E-01
 -2.53655913E-01  1.00000000E+00  6.06078014E-01 -2.34440069E+00  4.33134269E-01  1.40771921E+01  8.33091454E-01  4.41470021E-01
 -2.46045323E-01  1.00000000E+00  6.03629361E-01 -2.34802656E+00  4.35191596E-01  1.41471811E+01  8.31831981E-01  4.43844970E-01
 -2.38434732E-01  1.00000000E+00  6.01180707E-01 -2.35165756E+00  4.37317069E-01  1.42175359E+01  8.30573303E-01  4.46232088E-01
 -2.31280830E-01  1.00000000E+00  5.99079317E-01 -2.35613188E+00  4.39523844E-01  1.42915510E+01  8.29534440E-01  4.48733887E-01
 -2.24126928E-01  1.00000000E+00  5.96977928E-01 -2.36061549E+00  4.41845863E-01  1.43659678E+01  8.28496205E-01  4.51249053E-01
 -2.17402314E-01  1.00000000E+00  5.95389722E-01 -2.36907553E+00  4.44261236E-01  1.44533502E+01  8.28274298E-01  4.54169196E-01
 -2.10677699E-01  1.00000000E+00  5.93801515E-01 -2.37757303E+00  4.46737264E-01  1.45412716E+01  8.28055702E-01  4.57107198E-01
 -2.04351753E-01  1.00000000E+00  5.92712103E-01 -2.38397795E+00  4.49379884E-01  1.46348939E+01  8.26938809E-01  4.60265169E-01
 -1.98025807E-01  1.00000000E+00  5.91622690E-01 -2.39040432E+00  4.52065779E-01  1.47291392E+01  8.25823719E-01  4.63443851E-01
 -1.91837501E-01  1.00000000E+00  5.90862539E-01 -2.39813499E+00  4.55023982E-01  1.48291700E+01  8.24976188E-01  4.66806459E-01
 -1.85649194E-01  1.00000000E+00  5.90102387E-01 -2.40589720E+00  4.58075725E-01  1.49298978E+01  8.24131032E-01  4.70192224E-01
 -1.79460888E-01  1.00000000E+00  5.89792961E-01 -2.41008457E+00  4.61525323E-01  1.50430295E+01  8.21666367E-01  4.74045439E-01
 -1.73272582E-01  1.00000000E+00  5.89483535E-01 -2.41427122E+00  4.65108924E-01  1.51570731E+01  8.19204412E-01  4.77928958E-01
 -1.67084275E-01  1.00000000E+00  5.89724463E-01 -2.42718499E+00  4.69022437E-01  1.52950318E+01  8.18897511E-01  4.82537809E-01
 -1.60895969E-01  1.00000000E+00  5.89965391E-01 -2.44018348E+00  4.73048784E-01  1.54342637E+01  8.18597589E-01  4.87188872E-01
 -1.54707662E-01  1.00000000E+00  5.90780744E-01 -2.44823637E+00  4.77692355E-01  1.55889806E+01  8.16122204E-01  4.92428614E-01
 -1.48519356E-01  1.00000000E+00  5.91596098E-01 -2.45631598E+00  4.82447376E-01  1.57453189E+01  8.13650800E-01  4.97722269E-01
 -1.42331049E-01  1.00000000E+00  5.93452564E-01 -2.46981847E+00  4.87974131E-01  1.59196008E+01  8.12201005E-01  5.03579992E-01
 -1.36142743E-01  1.00000000E+00  5.95309030E-01 -2.48341694E+00  4.93743262E-01  1.60958547E+01  8.10760529E-01  5.09503140E-01
 -1.29954436E-01  1.00000000E+00  5.97941618E-01 -2.49522516E+00  4.99855604E-01  1.63089566E+01  8.08058554E-01  5.16696600E-01
 -1.23766130E-01  1.00000000E+00  6.00574207E-01 -2.50708991E+00  5.06539171E-01  1.65249932E+01  8.05360244E-01  5.23987767E-01
 -1.17577823E-01  1.00000000E+00  6.04279777E-01 -2.52525465E+00  5.14325648E-01  1.67851600E+01  8.03104577E-01  5.32735180E-01
 -1.11389517E-01  1.00000000E+00  6.07985347E-01 -2.54358323E+00  5.22490255E-01  1.70495292E+01  8.00861734E-01  5.41622249E-01
 -1.05201210E-01  1.00000000E+00  6.13933488E-01 -2.56352122E+00  5.32138779E-01  1.73629788E+01  7.97540341E-01  5.52181281E-01
 -9.90129037E-02  1.00000000E+00  6.19881628E-01 -2.58365393E+00  5.42134549E-01  1.76823599E+01  7.94238098E-01  5.62937392E-01
 -9.28245972E-02  1.00000000E+00  6.27949553E-01 -2.59735822E+00  5.54010197E-01  1.80515444E+01  7.87962803E-01  5.75452719E-01
 -8.66362908E-02  1.00000000E+00  6.36017478E-01 -2.61107086E+00  5.66377880E-01  1.84288454E+01  7.81704799E-01  5.88238019E-01
 -8.04479843E-02  1.00000000E+00  6.47141252E-01 -2.64631219E+00  5.81400491E-01  1.89036685E+01  7.79200413E-01  6.04148936E-01
 -7.42596778E-02  1.00000000E+00  6.58265027E-01 -2.68214332E+00  5.97558146E-01  1.93909421E+01  7.76741683E-01  6.20473347E-01
 -6.80713713E-02  1.00000000E+00  6.74241013E-01 -2.67516164E+00  6.17411178E-01  1.99858954E+01  7.59888179E-01  6.40866906E-01
 -6.18830648E-02  1.00000000E+00  6.90216998E-01 -2.66717761E+00  6.39543717E-01  2.06011691E+01  7.43183658E-01  6.61932847E-01
 -5.56947583E-02  1.00000000E+00  7.10549903E-01 -2.92283655E+00  6.66955900E-01  2.16537101E+01  7.84304734E-01  6.95646845E-01
 -4.95064519E-02  1.00000000E+00  7.30882809E-01 -3.19424004E+00  6.91630558E-01  2.27649681E+01  8.29961899E-01  7.31166873E-01
 -4.33181454E-02  1.00000000E+00  8.14451681E-01 -2.47451675E+00  7.25780805E-01  2.23884078E+01  6.66601511E-01  7.24060210E-01
 -3.71298389E-02  1.00000000E+00  8.98020553E-01 -1.77655279E+00  7.88444039E-01  2.21446739E+01  5.44983084E-01  7.19989695E-01
 -3.09415324E-02  1.00000000E+00  7.51465574E-01 -1.40759092E+00  8.52401162E-01  2.12024875E+01  5.05492925E-01  6.89899820E-01
 -2.47532259E-02  1.00000000E+00  6.04910595E-01 -1.05940924E+00  8.74650540E-01  2.03258281E+01  4.76550265E-01  6.61642593E-01
 -1.85649194E-02  1.00000000E+00  1.58098009E+00 -7.28736690E+00  9.08011367E-01  3.62629580E+01  1.76693036E+00  1.14986759E+00
 -1.23766130E-02  1.00000000E+00  2.55704958E+00 -2.20044099E+01  1.05451585E+00  7.33496165E+01  6.79270128E+00  2.21856384E+00
 -6.18830648E-03  1.00000000E+00  8.21215032E-01  4.56441182E+00  2.13446059E+00  3.56188212E+01  9.81788204E-01  1.15456777E+00
  0.00000000E+00  1.00000000E+00 -9.14619521E-01  4.65002978E+01  6.03100253E+00  8.53091709E+01  2.55131168E+01  1.99320180E+00
