# curve 5 (die wall), step =      100, time =   4.00000000E+01
# N1 = tau_xx - tau_yy = G ( c_xx - c_yy ),  G =  1.2857E-01  (polymer part only)
#              x               y        pressure            c_xy        gammadot            c_xx            c_yy              N1
 -3.00000000E+00  1.00000000E+00  2.83472286E+00 -2.46461097E+00  4.21474509E-01  1.37947172E+01  9.39888073E-01  1.65276374E+00
 -2.97524677E+00  1.00000000E+00  2.81686958E+00 -2.46462665E+00  4.21535669E-01  1.37958275E+01  9.39852981E-01  1.65291101E+00
 -2.95049355E+00  1.00000000E+00  2.79901630E+00 -2.46464233E+00  4.21596972E-01  1.37969380E+01  9.39817890E-01  1.65305829E+00
 -2.92574032E+00  1.00000000E+00  2.78108835E+00 -2.46483325E+00  4.21664473E-01  1.37982103E+01  9.39838137E-01  1.65321928E+00
 -2.90098710E+00  1.00000000E+00  2.76316039E+00 -2.46502419E+00  4.21693097E-01  1.37994827E+01  9.39858387E-01  1.65338027E+00
 -2.87623387E+00  1.00000000E+00  2.74585889E+00 -2.46617146E+00  4.21636105E-01  1.38026888E+01  9.40176903E-01  1.65375153E+00
 -2.85148064E+00  1.00000000E+00  2.72855738E+00 -2.46731909E+00  4.21533185E-01  1.38058958E+01  9.40495563E-01  1.65412289E+00
 -2.82672742E+00  1.00000000E+00  2.71058748E+00 -2.46566127E+00  4.21461288E-01  1.38028148E+01  9.40025309E-01  1.65378722E+00
 -2.80197419E+00  1.00000000E+00  2.69261757E+00 -2.46400400E+00  4.21543469E-01  1.37997349E+01  9.39555375E-01  1.65345166E+00
 -2.77722097E+00  1.00000000E+00  2.67474437E+00 -2.46461851E+00  4.21550402E-01  1.37992417E+01  9.39758009E-01  1.65336219E+00
 -2.75246774E+00  1.00000000E+00  2.65687116E+00 -2.46523300E+00  4.21561117E-01  1.37987487E+01  9.39960695E-01  1.65327274E+00
 -2.72771451E+00  1.00000000E+00  2.63926169E+00 -2.46532509E+00  4.21575283E-01  1.37995796E+01  9.39985763E-01  1.65337636E+00
 -2.70296129E+00  1.00000000E+00  2.62165223E+00 -2.46541718E+00  4.21564353E-01  1.38004107E+01  9.40010831E-01  1.65347998E+00
 -2.67820806E+00  1.00000000E+00  2.60377269E+00 -2.46518452E+00  4.21546757E-01  1.38004976E+01  9.39902858E-01  1.65350504E+00
 -2.65345484E+00  1.00000000E+00  2.58589315E+00 -2.46495187E+00  4.21580234E-01  1.38005846E+01  9.39794896E-01  1.65353010E+00
 -2.62870161E+00  1.00000000E+00  2.56817701E+00 -2.46518025E+00  4.21607739E-01  1.38007016E+01  9.39864713E-01  1.65353617E+00
 -2.60394839E+00  1.00000000E+00  2.55046087E+00 -2.46540863E+00  4.21613349E-01  1.38008186E+01  9.39934537E-01  1.65354224E+00
 -2.57919516E+00  1.00000000E+00  2.53265029E+00 -2.46575822E+00  4.21704238E-01  1.38023291E+01  9.40017910E-01  1.65372573E+00
 -2.55444193E+00  1.00000000E+00  2.51483970E+00 -2.46610786E+00  4.21723761E-01  1.38038398E+01  9.40101294E-01  1.65390924E+00
 -2.52968871E+00  1.00000000E+00  2.49723154E+00 -2.46631339E+00  4.21672889E-01  1.38063787E+01  9.40101656E-01  1.65423562E+00
 -2.50493548E+00  1.00000000E+00  2.47962339E+00 -2.46651893E+00  4.21632452E-01  1.38089181E+01  9.40102018E-01  1.65456207E+00
 -2.48018226E+00  1.00000000E+00  2.46154384E+00 -2.46562409E+00  4.21691149E-01  1.38074358E+01  9.39818561E-01  1.65440793E+00
 -2.45542903E+00  1.00000000E+00  2.44346429E+00 -2.46472941E+00  4.21794233E-01  1.38059538E+01  9.39535205E-01  1.65425382E+00
 -2.43067580E+00  1.00000000E+00  2.42571249E+00 -2.46551188E+00  4.21845405E-01  1.38075246E+01  9.39727462E-01  1.65443106E+00
 -2.40592258E+00  1.00000000E+00  2.40796069E+00 -2.46629446E+00  4.21874753E-01  1.38090958E+01  9.39919786E-01  1.65460834E+00
 -2.38116935E+00  1.00000000E+00  2.39038102E+00 -2.46673557E+00  4.21842295E-01  1.38104957E+01  9.40063101E-01  1.65476990E+00
 -2.35641613E+00  1.00000000E+00  2.37280136E+00 -2.46717675E+00  4.21812969E-01  1.38118958E+01  9.40206440E-01  1.65493149E+00
 -2.33166290E+00  1.00000000E+00  2.35480896E+00 -2.46628322E+00  4.21831602E-01  1.38130550E+01  9.39829925E-01  1.65512893E+00
 -2.30690967E+00  1.00000000E+00  2.33681656E+00 -2.46538966E+00  4.21906420E-01  1.38142147E+01  9.39453550E-01  1.65532643E+00
 -2.28215645E+00  1.00000000E+00  2.31896960E+00 -2.46617618E+00  4.21963891E-01  1.38148081E+01  9.39690639E-01  1.65537224E+00
 -2.25740322E+00  1.00000000E+00  2.30112264E+00 -2.46696276E+00  4.21959097E-01  1.38154017E+01  9.39927806E-01  1.65541808E+00
 -2.23265000E+00  1.00000000E+00  2.28359858E+00 -2.46768662E+00  4.21910890E-01  1.38177291E+01  9.40138363E-01  1.65569024E+00
 -2.20789677E+00  1.00000000E+00  2.26607452E+00 -2.46841064E+00  4.21841809E-01  1.38200570E+01  9.40348978E-01  1.65596246E+00
 -2.18314354E+00  1.00000000E+00  2.24809940E+00 -2.46711603E+00  4.21828797E-01  1.38174357E+01  9.39971788E-01  1.65567394E+00
 -2.15839032E+00  1.00000000E+00  2.23012427E+00 -2.46582180E+00  4.21902079E-01  1.38148153E+01  9.39594793E-01  1.65538549E+00
 -2.13363709E+00  1.00000000E+00  2.21222338E+00 -2.46590286E+00  4.21970203E-01  1.38152805E+01  9.39574805E-01  1.65544788E+00
 -2.10888387E+00  1.00000000E+00  2.19432249E+00 -2.46598393E+00  4.22048727E-01  1.38157458E+01  9.39554819E-01  1.65551026E+00
 -2.08413064E+00  1.00000000E+00  2.17653729E+00 -2.46663242E+00  4.22102169E-01  1.38167538E+01  9.39737403E-01  1.65561639E+00
 -2.05937741E+00  1.00000000E+00  2.15875209E+00 -2.46728097E+00  4.22083154E-01  1.38177619E+01  9.39920035E-01  1.65572253E+00
 -2.03462419E+00  1.00000000E+00  2.14097886E+00 -2.46710063E+00  4.22035687E-01  1.38168129E+01  9.39922378E-01  1.65560021E+00
 -2.00987096E+00  1.00000000E+00  2.12320563E+00 -2.46692031E+00  4.22013518E-01  1.38158639E+01  9.39924725E-01  1.65547789E+00
 -1.98511774E+00  1.00000000E+00  2.10529146E+00 -2.46707168E+00  4.21948667E-01  1.38140797E+01  9.40042137E-01  1.65523340E+00
 -1.96036451E+00  1.00000000E+00  2.08737728E+00 -2.46722302E+00  4.21853497E-01  1.38122958E+01  9.40159557E-01  1.65498894E+00
 -1.93561128E+00  1.00000000E+00  2.06973019E+00 -2.46749530E+00  4.21751201E-01  1.38111725E+01  9.40342173E-01  1.65482105E+00
 -1.91085806E+00  1.00000000E+00  2.05208310E+00 -2.46776758E+00  4.21657441E-01  1.38100495E+01  9.40524818E-01  1.65465317E+00
 -1.88610483E+00  1.00000000E+00  2.03406341E+00 -2.46639448E+00  4.21578818E-01  1.38074790E+01  9.40091372E-01  1.65437842E+00
 -1.86135161E+00  1.00000000E+00  2.01604372E+00 -2.46502180E+00  4.21572569E-01  1.38049094E+01  9.39658162E-01  1.65410373E+00
 -1.83659838E+00  1.00000000E+00  1.99803305E+00 -2.46539412E+00  4.21512054E-01  1.37990039E+01  9.40027152E-01  1.65329702E+00
 -1.81184516E+00  1.00000000E+00  1.98002237E+00 -2.46576617E+00  4.21433618E-01  1.37931016E+01  9.40396221E-01  1.65249070E+00
 -1.78709193E+00  1.00000000E+00  1.96254641E+00 -2.46606299E+00  4.21295314E-01  1.37940254E+01  9.40508589E-01  1.65259502E+00
 -1.76233870E+00  1.00000000E+00  1.94507045E+00 -2.46635985E+00  4.21144195E-01  1.37949493E+01  9.40620971E-01  1.65269935E+00
 -1.73758548E+00  1.00000000E+00  1.92679253E+00 -2.46443583E+00  4.21032703E-01  1.37875590E+01  9.40180642E-01  1.65180578E+00
 -1.71283225E+00  1.00000000E+00  1.90851461E+00 -2.46251301E+00  4.20984944E-01  1.37801728E+01  9.39740656E-01  1.65091270E+00
 -1.68807903E+00  1.00000000E+00  1.89049180E+00 -2.46243966E+00  4.20831850E-01  1.37717722E+01  9.40026722E-01  1.64979584E+00
 -1.66332580E+00  1.00000000E+00  1.87246899E+00 -2.46236610E+00  4.20657908E-01  1.37633773E+01  9.40312808E-01  1.64867972E+00
 -1.63857257E+00  1.00000000E+00  1.85471433E+00 -2.46129687E+00  4.20520726E-01  1.37547181E+01  9.40259007E-01  1.64757331E+00
 -1.61381935E+00  1.00000000E+00  1.83695966E+00 -2.46022818E+00  4.20338538E-01  1.37460644E+01  9.40205261E-01  1.64646761E+00
 -1.58906612E+00  1.00000000E+00  1.81873114E+00 -2.45903681E+00  4.20076426E-01  1.37330373E+01  9.40248106E-01  1.64478718E+00
 -1.56431290E+00  1.00000000E+00  1.80050261E+00 -2.45784614E+00  4.19817198E-01  1.37200228E+01  9.40290974E-01  1.64310838E+00
 -1.53955967E+00  1.00000000E+00  1.78296707E+00 -2.45727806E+00  4.19459100E-01  1.37051158E+01  9.40662786E-01  1.64114396E+00
 -1.51480644E+00  1.00000000E+00  1.76543152E+00 -2.45670989E+00  4.19076134E-01  1.36902262E+01  9.41034624E-01  1.63918177E+00
 -1.49005322E+00  1.00000000E+00  1.74757984E+00 -2.45533242E+00  4.18589090E-01  1.36714708E+01  9.41305194E-01  1.63673558E+00
 -1.46529999E+00  1.00000000E+00  1.72972816E+00 -2.45395594E+00  4.18090932E-01  1.36527422E+01  9.41575854E-01  1.63429281E+00
 -1.44054677E+00  1.00000000E+00  1.71184745E+00 -2.45316976E+00  4.17602589E-01  1.36398936E+01  9.41876893E-01  1.63260215E+00
 -1.41579354E+00  1.00000000E+00  1.69396674E+00 -2.45238395E+00  4.17060804E-01  1.36270577E+01  9.42178030E-01  1.63091310E+00
 -1.39104031E+00  1.00000000E+00  1.67585296E+00 -2.44765958E+00  4.16384892E-01  1.35940956E+01  9.41684091E-01  1.62673862E+00
 -1.36628709E+00  1.00000000E+00  1.65773918E+00 -2.44294514E+00  4.15966621E-01  1.35612133E+01  9.41191386E-01  1.62257425E+00
 -1.34153386E+00  1.00000000E+00  1.63965336E+00 -2.44089390E+00  4.15497875E-01  1.35336246E+01  9.41454031E-01  1.61899336E+00
 -1.31678064E+00  1.00000000E+00  1.62156754E+00 -2.43884455E+00  4.14966144E-01  1.35060943E+01  9.41716658E-01  1.61541998E+00
 -1.29202741E+00  1.00000000E+00  1.60399510E+00 -2.43654916E+00  4.14231172E-01  1.34795773E+01  9.41951080E-01  1.61198051E+00
 -1.26727418E+00  1.00000000E+00  1.58642265E+00 -2.43425654E+00  4.13500209E-01  1.34531139E+01  9.42185692E-01  1.60854791E+00
 -1.24252096E+00  1.00000000E+00  1.56863218E+00 -2.43258083E+00  4.12869585E-01  1.34253739E+01  9.42689042E-01  1.60491662E+00
 -1.21776773E+00  1.00000000E+00  1.55084171E+00 -2.43090634E+00  4.12144642E-01  1.33976940E+01  9.43192488E-01  1.60129306E+00
 -1.19301451E+00  1.00000000E+00  1.53306296E+00 -2.42473525E+00  4.10889296E-01  1.33473617E+01  9.42876252E-01  1.59486242E+00
 -1.16826128E+00  1.00000000E+00  1.51528422E+00 -2.41858243E+00  4.10079787E-01  1.32972201E+01  9.42561752E-01  1.58845608E+00
 -1.14350806E+00  1.00000000E+00  1.49761786E+00 -2.41419117E+00  4.09287060E-01  1.32585698E+01  9.42430174E-01  1.58350367E+00
 -1.11875483E+00  1.00000000E+00  1.47995151E+00 -2.40980938E+00  4.08454967E-01  1.32200333E+01  9.42299339E-01  1.57856579E+00
 -1.09400160E+00  1.00000000E+00  1.46210370E+00 -2.40620428E+00  4.07668109E-01  1.31751875E+01  9.42704704E-01  1.57274779E+00
 -1.06924838E+00  1.00000000E+00  1.44425589E+00 -2.40260558E+00  4.06806571E-01  1.31304993E+01  9.43110230E-01  1.56695003E+00
 -1.04449515E+00  1.00000000E+00  1.42725305E+00 -2.39844195E+00  4.05635960E-01  1.30761708E+01  9.43723306E-01  1.55988611E+00
 -1.01974193E+00  1.00000000E+00  1.41025020E+00 -2.39428692E+00  4.04432339E-01  1.30220759E+01  9.44336653E-01  1.55285219E+00
 -9.94988700E-01  1.00000000E+00  1.39312316E+00 -2.38768181E+00  4.03063486E-01  1.29631932E+01  9.44323012E-01  1.54528332E+00
 -9.70235474E-01  1.00000000E+00  1.37599611E+00 -2.38109895E+00  4.01735226E-01  1.29045806E+01  9.44311371E-01  1.53774890E+00
 -9.45482248E-01  1.00000000E+00  1.35862717E+00 -2.37539534E+00  4.00490106E-01  1.28455659E+01  9.44542698E-01  1.53013155E+00
 -9.20729022E-01  1.00000000E+00  1.34125822E+00 -2.36970854E+00  3.99199396E-01  1.27868276E+01  9.44774941E-01  1.52254963E+00
 -8.95975796E-01  1.00000000E+00  1.32480128E+00 -2.36386540E+00  3.97705451E-01  1.27136798E+01  9.45537553E-01  1.51304686E+00
 -8.71222570E-01  1.00000000E+00  1.30834434E+00 -2.35803958E+00  3.96244226E-01  1.26409661E+01  9.46300694E-01  1.50359984E+00
 -8.46469344E-01  1.00000000E+00  1.29196677E+00 -2.34981335E+00  3.94445437E-01  1.25754123E+01  9.46044351E-01  1.49520445E+00
 -8.21716118E-01  1.00000000E+00  1.27558920E+00 -2.34162117E+00  3.92679834E-01  1.25102013E+01  9.45791761E-01  1.48685266E+00
 -7.97201467E-01  1.00000000E+00  1.25896485E+00 -2.33498317E+00  3.91513760E-01  1.24416595E+01  9.46041641E-01  1.47800801E+00
 -7.72686817E-01  1.00000000E+00  1.24234050E+00 -2.32836815E+00  3.90280779E-01  1.23735027E+01  9.46292583E-01  1.46921273E+00
 -7.49503432E-01  1.00000000E+00  1.22823287E+00 -2.32380583E+00  3.88722817E-01  1.23089747E+01  9.47304089E-01  1.46078622E+00
 -7.26320047E-01  1.00000000E+00  1.21412524E+00 -2.31925397E+00  3.87153423E-01  1.22447990E+01  9.48316075E-01  1.45240494E+00
 -7.04527831E-01  1.00000000E+00  1.20097889E+00 -2.31096815E+00  3.85507192E-01  1.21786049E+01  9.48084409E-01  1.44392407E+00
 -6.82735615E-01  1.00000000E+00  1.18783254E+00 -2.30271767E+00  3.83983258E-01  1.21127721E+01  9.47856540E-01  1.43548915E+00
 -6.62251087E-01  1.00000000E+00  1.17483863E+00 -2.29648375E+00  3.82971421E-01  1.20551340E+01  9.47829750E-01  1.42808197E+00
 -6.41766559E-01  1.00000000E+00  1.16184472E+00 -2.29027024E+00  3.81930755E-01  1.19977755E+01  9.47804204E-01  1.42071059E+00
 -6.22511254E-01  1.00000000E+00  1.15120791E+00 -2.28509084E+00  3.80637467E-01  1.19413835E+01  9.48274104E-01  1.41339978E+00
 -6.03255949E-01  1.00000000E+00  1.14057110E+00 -2.27992627E+00  3.79361581E-01  1.18852647E+01  9.48744874E-01  1.40612398E+00
 -5.85156097E-01  1.00000000E+00  1.13056482E+00 -2.27354603E+00  3.78206886E-01  1.18311135E+01  9.48636257E-01  1.39917564E+00
 -5.67056245E-01  1.00000000E+00  1.12055854E+00 -2.26718742E+00  3.77102445E-01  1.17772125E+01  9.48529511E-01  1.39225924E+00
 -5.50042515E-01  1.00000000E+00  1.11148237E+00 -2.26330289E+00  3.76196821E-01  1.17339235E+01  9.48927107E-01  1.38664239E+00
 -5.33028786E-01  1.00000000E+00  1.10240620E+00 -2.25942676E+00  3.75197042E-01  1.16907989E+01  9.49325137E-01  1.38104663E+00
 -5.17036006E-01  1.00000000E+00  1.09504294E+00 -2.25725368E+00  3.74106902E-01  1.16537163E+01  9.50281281E-01  1.37615593E+00
 -5.01043227E-01  1.00000000E+00  1.08767968E+00 -2.25508316E+00  3.72972704E-01  1.16167585E+01  9.51238033E-01  1.37128120E+00
 -4.86010125E-01  1.00000000E+00  1.07996818E+00 -2.24859908E+00  3.72090481E-01  1.15788823E+01  9.50353425E-01  1.36652514E+00
 -4.70977023E-01  1.00000000E+00  1.07225669E+00 -2.24213441E+00  3.71625343E-01  1.15411295E+01  9.49471916E-01  1.36178455E+00
 -4.56846016E-01  1.00000000E+00  1.06652597E+00 -2.24100650E+00  3.70971199E-01  1.15156469E+01  9.50196488E-01  1.35841506E+00
 -4.42715008E-01  1.00000000E+00  1.06079525E+00 -2.23987864E+00  3.70349391E-01  1.14902251E+01  9.50921204E-01  1.35505335E+00
 -4.29431964E-01  1.00000000E+00  1.05522977E+00 -2.23710711E+00  3.69918503E-01  1.14740321E+01  9.50571032E-01  1.35301642E+00
 -4.16148920E-01  1.00000000E+00  1.04966429E+00 -2.23433915E+00  3.69587513E-01  1.14578619E+01  9.50221441E-01  1.35098235E+00
 -4.03662954E-01  1.00000000E+00  1.04508907E+00 -2.23176035E+00  3.69093727E-01  1.14370708E+01  9.50229764E-01  1.34830814E+00
 -3.91176988E-01  1.00000000E+00  1.04051386E+00 -2.22918521E+00  3.68721124E-01  1.14163179E+01  9.50238523E-01  1.34563878E+00
 -3.79440270E-01  1.00000000E+00  1.03671587E+00 -2.22876506E+00  3.68408260E-01  1.14045827E+01  9.50627441E-01  1.34407996E+00
 -3.67703552E-01  1.00000000E+00  1.03291788E+00 -2.22834483E+00  3.68127030E-01  1.13928606E+01  9.51016413E-01  1.34252282E+00
 -3.56671122E-01  1.00000000E+00  1.02971329E+00 -2.22765605E+00  3.68039247E-01  1.13851495E+01  9.51125373E-01  1.34151739E+00
 -3.45638692E-01  1.00000000E+00  1.02650869E+00 -2.22696756E+00  3.67888607E-01  1.13774438E+01  9.51234364E-01  1.34051264E+00
 -3.35268287E-01  1.00000000E+00  1.02417254E+00 -2.22516414E+00  3.67303920E-01  1.13646278E+01  9.51252542E-01  1.33886254E+00
 -3.24897882E-01  1.00000000E+00  1.02183640E+00 -2.22336246E+00  3.67038496E-01  1.13518264E+01  9.51271037E-01  1.33721426E+00
 -3.15149775E-01  1.00000000E+00  1.01987107E+00 -2.22372589E+00  3.66893365E-01  1.13489651E+01  9.51616412E-01  1.33680197E+00
 -3.05401669E-01  1.00000000E+00  1.01790574E+00 -2.22408927E+00  3.66783422E-01  1.13461048E+01  9.51961881E-01  1.33638980E+00
 -2.96238520E-01  1.00000000E+00  1.01638193E+00 -2.22209415E+00  3.66413057E-01  1.13388202E+01  9.51567415E-01  1.33550393E+00
 -2.87075371E-01  1.00000000E+00  1.01485811E+00 -2.22010041E+00  3.66284623E-01  1.13315404E+01  9.51173376E-01  1.33461862E+00
 -2.78462077E-01  1.00000000E+00  1.01366563E+00 -2.22069295E+00  3.66541011E-01  1.13347942E+01  9.51220860E-01  1.33503085E+00
 -2.69848783E-01  1.00000000E+00  1.01247315E+00 -2.22128565E+00  3.66855647E-01  1.13380488E+01  9.51268377E-01  1.33544320E+00
 -2.61752348E-01  1.00000000E+00  1.01226352E+00 -2.22027395E+00  3.66515720E-01  1.13279254E+01  9.51432382E-01  1.33412054E+00
 -2.53655913E-01  1.00000000E+00  1.01205388E+00 -2.21926291E+00  3.66358171E-01  1.13178113E+01  9.51596504E-01  1.33279905E+00
 -2.46045323E-01  1.00000000E+00  1.01167753E+00 -2.21853554E+00  3.66310550E-01  1.13076360E+01  9.51827460E-01  1.33146110E+00
 -2.38434732E-01  1.00000000E+00  1.01130118E+00 -2.21780850E+00  3.66104903E-01  1.12974702E+01  9.52058474E-01  1.33012437E+00
 -2.31280830E-01  1.00000000E+00  1.01219938E+00 -2.21580193E+00  3.65391436E-01  1.12735543E+01  9.52529999E-01  1.32698884E+00
 -2.24126928E-01  1.00000000E+00  1.01309759E+00 -2.21379802E+00  3.64754168E-01  1.12496909E+01  9.53001960E-01  1.32386000E+00
 -2.17402314E-01  1.00000000E+00  1.01348858E+00 -2.20809628E+00  3.63779723E-01  1.12030007E+01  9.52912053E-01  1.31786854E+00
 -2.10677699E-01  1.00000000E+00  1.01387958E+00 -2.20241242E+00  3.62945368E-01  1.11565069E+01  9.52823841E-01  1.31190211E+00
 -2.04351753E-01  1.00000000E+00  1.01462374E+00 -2.19910873E+00  3.62198488E-01  1.11080004E+01  9.53871470E-01  1.30553086E+00
 -1.98025807E-01  1.00000000E+00  1.01536791E+00 -2.19581124E+00  3.61117019E-01  1.10597161E+01  9.54919817E-01  1.29918810E+00
 -1.91837501E-01  1.00000000E+00  1.01711008E+00 -2.19121415E+00  3.59066764E-01  1.09843919E+01  9.56960160E-01  1.28924122E+00
 -1.85649194E-01  1.00000000E+00  1.01885224E+00 -2.18662953E+00  3.56879408E-01  1.09096120E+01  9.59003462E-01  1.27936395E+00
 -1.79460888E-01  1.00000000E+00  1.02075673E+00 -2.17909668E+00  3.54325700E-01  1.08176710E+01  9.60855367E-01  1.26730486E+00
 -1.73272582E-01  1.00000000E+00  1.02266121E+00 -2.17160111E+00  3.51159876E-01  1.07265372E+01  9.62712637E-01  1.25534888E+00
 -1.67084275E-01  1.00000000E+00  1.02360923E+00 -2.14245476E+00  3.45699580E-01  1.05129529E+01  9.61384435E-01  1.22805881E+00
 -1.60895969E-01  1.00000000E+00  1.02455726E+00 -2.11377121E+00  3.41790210E-01  1.03036590E+01  9.60108503E-01  1.20131363E+00
 -1.54707662E-01  1.00000000E+00  1.02802946E+00 -2.09654280E+00  3.37866176E-01  1.00926209E+01  9.64096015E-01  1.17366749E+00
 -1.48519356E-01  1.00000000E+00  1.03150166E+00 -2.07950395E+00  3.32745303E-01  9.88610196E+00  9.68101536E-01  1.14660006E+00
 -1.42331049E-01  1.00000000E+00  1.03488098E+00 -2.06361141E+00  3.23474309E-01  9.60419718E+00  9.79010410E-01  1.10895259E+00
 -1.36142743E-01  1.00000000E+00  1.03826031E+00 -2.04791878E+00  3.14334972E-01  9.33090676E+00  9.90020188E-01  1.07239970E+00
 -1.29954436E-01  1.00000000E+00  1.04413278E+00 -1.96751239E+00  2.99443769E-01  8.75118765E+00  9.89417352E-01  9.97941896E-01
 -1.23766130E-01  1.00000000E+00  1.05000525E+00 -1.89100044E+00  2.85913483E-01  8.20795658E+00  9.89288848E-01  9.28114423E-01
 -1.17577823E-01  1.00000000E+00  1.05780836E+00 -1.77069441E+00  2.65824875E-01  7.36296487E+00  9.92820528E-01  8.19018558E-01
 -1.11389517E-01  1.00000000E+00  1.06561147E+00 -1.66009821E+00  2.44535748E-01  6.60619315E+00  9.97743745E-01  7.21086352E-01
 -1.05201210E-01  1.00000000E+00  1.08610855E+00 -1.54529586E+00  2.21450811E-01  5.70293895E+00  1.02358380E+00  6.01631376E-01
 -9.90129037E-02  1.00000000E+00  1.10660562E+00 -1.44236185E+00  1.94524440E-01  4.92670616E+00  1.05199292E+00  4.98177417E-01
 -9.28245972E-02  1.00000000E+00  1.16198542E+00 -1.23547790E+00  1.52336606E-01  3.91101904E+00  1.06850435E+00  3.65466174E-01
 -8.66362908E-02  1.00000000E+00  1.21736522E+00 -1.06446947E+00  1.13009870E-01  3.10547976E+00  1.09514812E+00  2.58471210E-01
 -8.04479843E-02  1.00000000E+00  1.30728692E+00 -6.73633937E-01  8.29961474E-02  2.01521046E+00  1.08276749E+00  1.19885525E-01
 -7.42596778E-02  1.00000000E+00  1.39720861E+00 -4.00033679E-01  4.60901623E-02  1.31062580E+00  1.12695367E+00  2.36149886E-02
 -6.80713713E-02  1.00000000E+00  1.56593702E+00 -4.65872327E-02  2.21747254E-02  8.71746442E-01  1.19621865E+00 -4.17178549E-02
 -6.18830648E-02  1.00000000E+00  1.73466544E+00  2.35643388E-01  8.27649990E-02  6.36408799E-01  1.37928586E+00 -9.55127656E-02
 -5.56947583E-02  1.00000000E+00  2.02688543E+00  6.53873539E-01  1.06066804E-01  1.03008503E+00  1.36860221E+00 -4.35236366E-02
 -4.95064519E-02  1.00000000E+00  2.31910543E+00  1.24684737E+00  1.64968479E-01  1.75021185E+00  1.55863320E+00  2.46315400E-02
 -4.33181454E-02  1.00000000E+00  2.61123601E+00  1.45967968E+00  1.73436847E-01  2.19071987E+00  1.58865516E+00  7.74083192E-02
 -3.71298389E-02  1.00000000E+00  2.90336659E+00  1.71467814E+00  1.70550181E-01  2.74043984E+00  1.63936321E+00  1.41566996E-01
 -3.09415324E-02  1.00000000E+00  2.99812154E+00  1.01140329E+00  2.01105880E-01  1.96931420E+00  1.26155687E+00  9.09973714E-02
 -2.47532259E-02  1.00000000E+00  3.09287648E+00  4.83386458E-01  2.24332583E-01  1.49333526E+00  1.07776924E+00  5.34299179E-02
 -1.85649194E-02  1.00000000E+00  4.64739343E+00  1.73579437E+00  6.63584880E-01  4.75540053E+00  1.22484043E+00  4.53929156E-01
 -1.23766130E-02  1.00000000E+00  6.20191037E+00  5.37284510E+00  1.04798947E+00  1.52080883E+01  2.27598279E+00  1.66269928E+00
 -6.18830648E-03  1.00000000E+00  2.75068118E+00  7.18444449E+00  4.23915928E-01  6.25994985E+00  9.60726706E+00 -4.30369355E-01
  0.00000000E+00  1.00000000E+00 -7.00548011E-01  2.34308064E+01  1.17837635E+00  8.94016096E+00  6.28232866E+01 -6.92783044E+00
