# curve 5 (die wall), step =      500, time =   2.00000000E+02
# N1 = tau_xx - tau_yy = G ( c_xx - c_yy ),  G =  8.1818E-02  (polymer part only)
#              x               y        pressure            c_xy        gammadot            c_xx            c_yy              N1
 -3.00000000E+00  1.00000000E+00  9.89394981E-01 -1.03850582E+00  5.27607321E-01  5.28602240E+00  4.45643664E-01  3.96030988E-01
 -2.97524677E+00  1.00000000E+00  9.82590784E-01 -1.03851895E+00  5.27651822E-01  5.28552933E+00  4.45687744E-01  3.95987039E-01
 -2.95049355E+00  1.00000000E+00  9.75786586E-01 -1.03853208E+00  5.27682057E-01  5.28503631E+00  4.45731828E-01  3.95943094E-01
 -2.92574032E+00  1.00000000E+00  9.68992349E-01 -1.03864158E+00  5.27678706E-01  5.28552840E+00  4.45739008E-01  3.95982769E-01
 -2.90098710E+00  1.00000000E+00  9.62198113E-01 -1.03875110E+00  5.27628959E-01  5.28602054E+00  4.45746191E-01  3.96022447E-01
 -2.87623387E+00  1.00000000E+00  9.55348527E-01 -1.03861751E+00  5.27586539E-01  5.28760050E+00  4.45575126E-01  3.96165713E-01
 -2.85148064E+00  1.00000000E+00  9.48498940E-01 -1.03848391E+00  5.27521750E-01  5.28918107E+00  4.45404111E-01  3.96309024E-01
 -2.82672742E+00  1.00000000E+00  9.41669574E-01 -1.03824339E+00  5.27628224E-01  5.28747080E+00  4.45440182E-01  3.96166142E-01
 -2.80197419E+00  1.00000000E+00  9.34840209E-01 -1.03800295E+00  5.27688177E-01  5.28576109E+00  4.45476281E-01  3.96023302E-01
 -2.77722097E+00  1.00000000E+00  9.28014192E-01 -1.03835983E+00  5.27725043E-01  5.28590325E+00  4.45599290E-01  3.96024869E-01
 -2.75246774E+00  1.00000000E+00  9.21188175E-01 -1.03871674E+00  5.27738079E-01  5.28604551E+00  4.45722343E-01  3.96026441E-01
 -2.72771451E+00  1.00000000E+00  9.14411974E-01 -1.03871712E+00  5.27699134E-01  5.28592406E+00  4.45737338E-01  3.96015277E-01
 -2.70296129E+00  1.00000000E+00  9.07635773E-01 -1.03871750E+00  5.27631420E-01  5.28580261E+00  4.45752333E-01  3.96004113E-01
 -2.67820806E+00  1.00000000E+00  9.00801890E-01 -1.03857970E+00  5.27608264E-01  5.28576011E+00  4.45697487E-01  3.96005124E-01
 -2.65345484E+00  1.00000000E+00  8.93968006E-01 -1.03844190E+00  5.27616746E-01  5.28571763E+00  4.45642648E-01  3.96006135E-01
 -2.62870161E+00  1.00000000E+00  8.87139245E-01 -1.03857227E+00  5.27624764E-01  5.28561533E+00  4.45700161E-01  3.95993060E-01
 -2.60394839E+00  1.00000000E+00  8.80310484E-01 -1.03870265E+00  5.27626062E-01  5.28551306E+00  4.45757681E-01  3.95979986E-01
 -2.57919516E+00  1.00000000E+00  8.73526264E-01 -1.03864875E+00  5.27618961E-01  5.28531234E+00  4.45756412E-01  3.95963667E-01
 -2.55444193E+00  1.00000000E+00  8.66742045E-01 -1.03859486E+00  5.27590835E-01  5.28511163E+00  4.45755144E-01  3.95947349E-01
 -2.52968871E+00  1.00000000E+00  8.59897408E-01 -1.03862397E+00  5.27559935E-01  5.28620536E+00  4.45685903E-01  3.96042501E-01
 -2.50493548E+00  1.00000000E+00  8.53052771E-01 -1.03865309E+00  5.27506488E-01  5.28729935E+00  4.45616674E-01  3.96137673E-01
 -2.48018226E+00  1.00000000E+00  8.46204772E-01 -1.03844042E+00  5.27609321E-01  5.28624118E+00  4.45609952E-01  3.96051646E-01
 -2.45542903E+00  1.00000000E+00  8.39356773E-01 -1.03822779E+00  5.27688975E-01  5.28518323E+00  4.45603242E-01  3.95965636E-01
 -2.43067580E+00  1.00000000E+00  8.32556482E-01 -1.03845064E+00  5.27730598E-01  5.28528839E+00  4.45679342E-01  3.95968013E-01
 -2.40592258E+00  1.00000000E+00  8.25756190E-01 -1.03867349E+00  5.27753073E-01  5.28539359E+00  4.45755458E-01  3.95970392E-01
 -2.38116935E+00  1.00000000E+00  8.18956174E-01 -1.03860208E+00  5.27728979E-01  5.28512767E+00  4.45753065E-01  3.95948832E-01
 -2.35641613E+00  1.00000000E+00  8.12156157E-01 -1.03853067E+00  5.27672516E-01  5.28486177E+00  4.45750673E-01  3.95927272E-01
 -2.33166290E+00  1.00000000E+00  8.05316141E-01 -1.03851655E+00  5.27657046E-01  5.28528557E+00  4.45711156E-01  3.95965180E-01
 -2.30690967E+00  1.00000000E+00  7.98476125E-01 -1.03850242E+00  5.27644817E-01  5.28570941E+00  4.45671641E-01  3.96003090E-01
 -2.28215645E+00  1.00000000E+00  7.91665660E-01 -1.03855669E+00  5.27648293E-01  5.28582102E+00  4.45680741E-01  3.96011477E-01
 -2.25740322E+00  1.00000000E+00  7.84855195E-01 -1.03861096E+00  5.27669006E-01  5.28593263E+00  4.45689841E-01  3.96019864E-01
 -2.23265000E+00  1.00000000E+00  7.78014515E-01 -1.03870335E+00  5.27644542E-01  5.28669478E+00  4.45673550E-01  3.96083555E-01
 -2.20789677E+00  1.00000000E+00  7.71173834E-01 -1.03879575E+00  5.27564139E-01  5.28745704E+00  4.45657262E-01  3.96147254E-01
 -2.18314354E+00  1.00000000E+00  7.64355758E-01 -1.03861422E+00  5.27587944E-01  5.28620464E+00  4.45679090E-01  3.96043000E-01
 -2.15839032E+00  1.00000000E+00  7.57537682E-01 -1.03843274E+00  5.27619350E-01  5.28495255E+00  4.45700931E-01  3.95938769E-01
 -2.13363709E+00  1.00000000E+00  7.50739985E-01 -1.03852139E+00  5.27655710E-01  5.28503803E+00  4.45727107E-01  3.95943621E-01
 -2.10888387E+00  1.00000000E+00  7.43942289E-01 -1.03861005E+00  5.27682944E-01  5.28512352E+00  4.45753286E-01  3.95948474E-01
 -2.08413064E+00  1.00000000E+00  7.37094656E-01 -1.03860818E+00  5.27694316E-01  5.28504217E+00  4.45757962E-01  3.95941436E-01
 -2.05937741E+00  1.00000000E+00  7.30247023E-01 -1.03860632E+00  5.27693978E-01  5.28496082E+00  4.45762638E-01  3.95934397E-01
 -2.03462419E+00  1.00000000E+00  7.23434101E-01 -1.03851427E+00  5.27686557E-01  5.28503987E+00  4.45723849E-01  3.95944038E-01
 -2.00987096E+00  1.00000000E+00  7.16621179E-01 -1.03842223E+00  5.27661718E-01  5.28511892E+00  4.45685064E-01  3.95953679E-01
 -1.98511774E+00  1.00000000E+00  7.09786542E-01 -1.03848509E+00  5.27653082E-01  5.28513095E+00  4.45706244E-01  3.95952931E-01
 -1.96036451E+00  1.00000000E+00  7.02951904E-01 -1.03854795E+00  5.27652778E-01  5.28514299E+00  4.45727426E-01  3.95952182E-01
 -1.93561128E+00  1.00000000E+00  6.96154820E-01 -1.03870712E+00  5.27610505E-01  5.28588440E+00  4.45738112E-01  3.96011969E-01
 -1.91085806E+00  1.00000000E+00  6.89357736E-01 -1.03886630E+00  5.27524668E-01  5.28662592E+00  4.45748805E-01  3.96071764E-01
 -1.88610483E+00  1.00000000E+00  6.82478964E-01 -1.03856561E+00  5.27489125E-01  5.28624421E+00  4.45655000E-01  3.96048208E-01
 -1.86135161E+00  1.00000000E+00  6.75600192E-01 -1.03826495E+00  5.27481538E-01  5.28586258E+00  4.45561223E-01  3.96024657E-01
 -1.83659838E+00  1.00000000E+00  6.68814741E-01 -1.03854158E+00  5.27529398E-01  5.28511561E+00  4.45729441E-01  3.95949777E-01
 -1.81184516E+00  1.00000000E+00  6.62029290E-01 -1.03881820E+00  5.27520811E-01  5.28436888E+00  4.45897712E-01  3.95874914E-01
 -1.78709193E+00  1.00000000E+00  6.55235540E-01 -1.03872724E+00  5.27405912E-01  5.28566938E+00  4.45769345E-01  3.95991821E-01
 -1.76233870E+00  1.00000000E+00  6.48441791E-01 -1.03863627E+00  5.27261386E-01  5.28697027E+00  4.45641006E-01  3.96108758E-01
 -1.73758548E+00  1.00000000E+00  6.41550992E-01 -1.03849394E+00  5.27263811E-01  5.28627528E+00  4.45634986E-01  3.96052388E-01
 -1.71283225E+00  1.00000000E+00  6.34660193E-01 -1.03835163E+00  5.27241357E-01  5.28558038E+00  4.45628971E-01  3.95996025E-01
 -1.68807903E+00  1.00000000E+00  6.27825250E-01 -1.03847575E+00  5.27211400E-01  5.28519216E+00  4.45703558E-01  3.95958158E-01
 -1.66332580E+00  1.00000000E+00  6.20990307E-01 -1.03859986E+00  5.27206432E-01  5.28480400E+00  4.45778154E-01  3.95920296E-01
 -1.63857257E+00  1.00000000E+00  6.14194818E-01 -1.03853331E+00  5.27195024E-01  5.28448415E+00  4.45780359E-01  3.95893946E-01
 -1.61381935E+00  1.00000000E+00  6.07399329E-01 -1.03846677E+00  5.27115232E-01  5.28416431E+00  4.45782565E-01  3.95867598E-01
 -1.58906612E+00  1.00000000E+00  6.00536190E-01 -1.03845020E+00  5.27023430E-01  5.28328558E+00  4.45839326E-01  3.95791057E-01
 -1.56431290E+00  1.00000000E+00  5.93673051E-01 -1.03843363E+00  5.26969767E-01  5.28240701E+00  4.45896093E-01  3.95714530E-01
 -1.53955967E+00  1.00000000E+00  5.86901951E-01 -1.03846181E+00  5.26883361E-01  5.28137683E+00  4.45988229E-01  3.95622704E-01
 -1.51480644E+00  1.00000000E+00  5.80130852E-01 -1.03848999E+00  5.26779166E-01  5.28034689E+00  4.46080381E-01  3.95530896E-01
 -1.49005322E+00  1.00000000E+00  5.73330643E-01 -1.03852423E+00  5.26650705E-01  5.27971536E+00  4.46149009E-01  3.95473610E-01
 -1.46529999E+00  1.00000000E+00  5.66530435E-01 -1.03855848E+00  5.26462786E-01  5.27908392E+00  4.46217647E-01  3.95416331E-01
 -1.44054677E+00  1.00000000E+00  5.59659879E-01 -1.03849481E+00  5.26262548E-01  5.27975587E+00  4.46147128E-01  3.95477079E-01
 -1.41579354E+00  1.00000000E+00  5.52789324E-01 -1.03843115E+00  5.26004995E-01  5.28042793E+00  4.46076616E-01  3.95537835E-01
 -1.39104031E+00  1.00000000E+00  5.45980473E-01 -1.03810574E+00  5.25899829E-01  5.27753260E+00  4.46171071E-01  3.95293216E-01
 -1.36628709E+00  1.00000000E+00  5.39171621E-01 -1.03778049E+00  5.25783830E-01  5.27463888E+00  4.46265599E-01  3.95048723E-01
 -1.34153386E+00  1.00000000E+00  5.32372134E-01 -1.03803783E+00  5.25595047E-01  5.27361686E+00  4.46441874E-01  3.94950681E-01
 -1.31678064E+00  1.00000000E+00  5.25572647E-01 -1.03829515E+00  5.25371846E-01  5.27259520E+00  4.46618205E-01  3.94852663E-01
 -1.29202741E+00  1.00000000E+00  5.18822031E-01 -1.03819527E+00  5.25084185E-01  5.27158494E+00  4.46661113E-01  3.94766495E-01
 -1.26727418E+00  1.00000000E+00  5.12071414E-01 -1.03809542E+00  5.24764995E-01  5.27057488E+00  4.46704033E-01  3.94680342E-01
 -1.24252096E+00  1.00000000E+00  5.05274233E-01 -1.03817344E+00  5.24452231E-01  5.26958576E+00  4.46814720E-01  3.94590358E-01
 -1.21776773E+00  1.00000000E+00  4.98477053E-01 -1.03825146E+00  5.24067590E-01  5.26859689E+00  4.46925430E-01  3.94500392E-01
 -1.19301451E+00  1.00000000E+00  4.91710251E-01 -1.03781684E+00  5.23772798E-01  5.26498348E+00  4.47037714E-01  3.94195563E-01
 -1.16826128E+00  1.00000000E+00  4.84943448E-01 -1.03738249E+00  5.23491763E-01  5.26137257E+00  4.47150122E-01  3.93890928E-01
 -1.14350806E+00  1.00000000E+00  4.78224350E-01 -1.03749686E+00  5.23096140E-01  5.25987443E+00  4.47310513E-01  3.93755229E-01
 -1.11875483E+00  1.00000000E+00  4.71505252E-01 -1.03761122E+00  5.22637914E-01  5.25837682E+00  4.47470950E-01  3.93619571E-01
 -1.09400160E+00  1.00000000E+00  4.64778323E-01 -1.03748460E+00  5.22203234E-01  5.25568578E+00  4.47632778E-01  3.93386155E-01
 -1.06924838E+00  1.00000000E+00  4.58051395E-01 -1.03735804E+00  5.21778581E-01  5.25299621E+00  4.47794681E-01  3.93152852E-01
 -1.04449515E+00  1.00000000E+00  4.51404530E-01 -1.03734188E+00  5.21282219E-01  5.24961565E+00  4.48056632E-01  3.92854828E-01
 -1.01974193E+00  1.00000000E+00  4.44757664E-01 -1.03732575E+00  5.20732054E-01  5.24623751E+00  4.48318731E-01  3.92556991E-01
 -9.94988700E-01  1.00000000E+00  4.38145417E-01 -1.03700090E+00  5.20096372E-01  5.24257522E+00  4.48483469E-01  3.92243870E-01
 -9.70235474E-01  1.00000000E+00  4.31533169E-01 -1.03667626E+00  5.19465182E-01  5.23891554E+00  4.48648337E-01  3.91930953E-01
 -9.45482248E-01  1.00000000E+00  4.24915068E-01 -1.03660991E+00  5.18811386E-01  5.23517495E+00  4.48918606E-01  3.91602792E-01
 -9.20729022E-01  1.00000000E+00  4.18296967E-01 -1.03654363E+00  5.18167021E-01  5.23143730E+00  4.49189042E-01  3.91274857E-01
 -8.95975796E-01  1.00000000E+00  4.11848708E-01 -1.03635581E+00  5.17398558E-01  5.22603049E+00  4.49547943E-01  3.90803118E-01
 -8.71222570E-01  1.00000000E+00  4.05400449E-01 -1.03616822E+00  5.16578191E-01  5.22062971E+00  4.49907177E-01  3.90331844E-01
 -8.46469344E-01  1.00000000E+00  3.98986640E-01 -1.03613302E+00  5.15648924E-01  5.21606108E+00  4.50263121E-01  3.89928924E-01
 -8.21716118E-01  1.00000000E+00  3.92572831E-01 -1.03609791E+00  5.14690547E-01  5.21149690E+00  4.50619345E-01  3.89526345E-01
 -7.97201467E-01  1.00000000E+00  3.86293951E-01 -1.03589081E+00  5.13888366E-01  5.20654969E+00  4.50933220E-01  3.89095893E-01
 -7.72686817E-01  1.00000000E+00  3.80015072E-01 -1.03568393E+00  5.13024968E-01  5.20160751E+00  4.51247362E-01  3.88665830E-01
 -7.49503432E-01  1.00000000E+00  3.74212300E-01 -1.03553602E+00  5.12153487E-01  5.19671486E+00  4.51585013E-01  3.88237897E-01
 -7.26320047E-01  1.00000000E+00  3.68409529E-01 -1.03538829E+00  5.11276631E-01  5.19182721E+00  4.51922949E-01  3.87810349E-01
 -7.04527831E-01  1.00000000E+00  3.63085420E-01 -1.03508848E+00  5.10307490E-01  5.18598016E+00  4.52280411E-01  3.87302707E-01
 -6.82735615E-01  1.00000000E+00  3.57761310E-01 -1.03478903E+00  5.09395807E-01  5.18014008E+00  4.52638252E-01  3.86795604E-01
 -6.62251087E-01  1.00000000E+00  3.52803453E-01 -1.03432915E+00  5.08729690E-01  5.17609968E+00  4.52778152E-01  3.86453580E-01
 -6.41766559E-01  1.00000000E+00  3.47845596E-01 -1.03386960E+00  5.08055971E-01  5.17206247E+00  4.52918206E-01  3.86111804E-01
 -6.22511254E-01  1.00000000E+00  3.43386355E-01 -1.03371573E+00  5.07266397E-01  5.16718740E+00  4.53255972E-01  3.85685299E-01
 -6.03255949E-01  1.00000000E+00  3.38927114E-01 -1.03356204E+00  5.06493886E-01  5.16231731E+00  4.53594025E-01  3.85259178E-01
 -5.85156097E-01  1.00000000E+00  3.34892772E-01 -1.03327976E+00  5.05665223E-01  5.15677828E+00  4.53932803E-01  3.84778267E-01
 -5.67056245E-01  1.00000000E+00  3.30858430E-01 -1.03299781E+00  5.04890574E-01  5.15124556E+00  4.54271916E-01  3.84297844E-01
 -5.50042515E-01  1.00000000E+00  3.27131383E-01 -1.03284219E+00  5.04322275E-01  5.14824806E+00  4.54453347E-01  3.84037749E-01
 -5.33028786E-01  1.00000000E+00  3.23404337E-01 -1.03268666E+00  5.03675826E-01  5.14525241E+00  4.54634874E-01  3.83777798E-01
 -5.17036006E-01  1.00000000E+00  3.20107905E-01 -1.03313656E+00  5.03010301E-01  5.14173871E+00  4.55116595E-01  3.83450901E-01
 -5.01043227E-01  1.00000000E+00  3.16811472E-01 -1.03358637E+00  5.02271969E-01  5.13822835E+00  4.55598722E-01  3.83124243E-01
 -4.86010125E-01  1.00000000E+00  3.13780679E-01 -1.03295550E+00  5.01698860E-01  5.13424732E+00  4.55668613E-01  3.82792804E-01
 -4.70977023E-01  1.00000000E+00  3.10749886E-01 -1.03232507E+00  5.01299576E-01  5.13026937E+00  4.55738677E-01  3.82461602E-01
 -4.56846016E-01  1.00000000E+00  3.08200159E-01 -1.03243446E+00  5.00722861E-01  5.12887442E+00  4.55893834E-01  3.82334775E-01
 -4.42715008E-01  1.00000000E+00  3.05650431E-01 -1.03254383E+00  5.00377742E-01  5.12747996E+00  4.56049033E-01  3.82207985E-01
 -4.29431964E-01  1.00000000E+00  3.03226226E-01 -1.03279404E+00  5.00370104E-01  5.12685043E+00  4.56212896E-01  3.82143071E-01
 -4.16148920E-01  1.00000000E+00  3.00802020E-01 -1.03304426E+00  5.00315035E-01  5.12622108E+00  4.56376808E-01  3.82078168E-01
 -4.03662954E-01  1.00000000E+00  2.98833625E-01 -1.03255179E+00  4.99892703E-01  5.12479225E+00  4.56293643E-01  3.81968068E-01
 -3.91176988E-01  1.00000000E+00  2.96865230E-01 -1.03205947E+00  4.99797322E-01  5.12336387E+00  4.56210544E-01  3.81857999E-01
 -3.79440270E-01  1.00000000E+00  2.95067604E-01 -1.03230589E+00  4.99720606E-01  5.12297043E+00  4.56340257E-01  3.81815196E-01
 -3.67703552E-01  1.00000000E+00  2.93269979E-01 -1.03255230E+00  4.99856827E-01  5.12257712E+00  4.56470004E-01  3.81772400E-01
 -3.56671122E-01  1.00000000E+00  2.91790745E-01 -1.03284422E+00  5.00325851E-01  5.12494875E+00  4.56390456E-01  3.81972951E-01
 -3.45638692E-01  1.00000000E+00  2.90311511E-01 -1.03313626E+00  5.00560842E-01  5.12732148E+00  4.56310967E-01  3.82173588E-01
 -3.35268287E-01  1.00000000E+00  2.89165663E-01 -1.03285860E+00  5.00287502E-01  5.12710143E+00  4.56220685E-01  3.82162970E-01
 -3.24897882E-01  1.00000000E+00  2.88019815E-01 -1.03258096E+00  5.00494055E-01  5.12688144E+00  4.56130428E-01  3.82152356E-01
 -3.15149775E-01  1.00000000E+00  2.86928852E-01 -1.03290994E+00  5.00974157E-01  5.12971864E+00  4.56041233E-01  3.82391788E-01
 -3.05401669E-01  1.00000000E+00  2.85837889E-01 -1.03323909E+00  5.01510926E-01  5.13255742E+00  4.55952108E-01  3.82631344E-01
 -2.96238520E-01  1.00000000E+00  2.85111445E-01 -1.03271641E+00  5.01930173E-01  5.13712650E+00  4.55350551E-01  3.83054396E-01
 -2.87075371E-01  1.00000000E+00  2.84385000E-01 -1.03219360E+00  5.02845686E-01  5.14170108E+00  4.54749628E-01  3.83477846E-01
 -2.78462077E-01  1.00000000E+00  2.83812633E-01 -1.03298561E+00  5.04025764E-01  5.14700123E+00  4.54632420E-01  3.83921084E-01
 -2.69848783E-01  1.00000000E+00  2.83240267E-01 -1.03377837E+00  5.05050541E-01  5.15230683E+00  4.54515517E-01  3.84364744E-01
 -2.61752348E-01  1.00000000E+00  2.83039293E-01 -1.03435198E+00  5.05706878E-01  5.15761437E+00  4.54313672E-01  3.84815511E-01
 -2.53655913E-01  1.00000000E+00  2.82838320E-01 -1.03492613E+00  5.06657870E-01  5.16292745E+00  4.54112103E-01  3.85266710E-01
 -2.46045323E-01  1.00000000E+00  2.82668283E-01 -1.03438408E+00  5.07930608E-01  5.16958836E+00  4.53345510E-01  3.85874415E-01
 -2.38434732E-01  1.00000000E+00  2.82498246E-01 -1.03384179E+00  5.09152891E-01  5.17626026E+00  4.52579958E-01  3.86482934E-01
 -2.31280830E-01  1.00000000E+00  2.82621342E-01 -1.03409668E+00  5.10117738E-01  5.18215043E+00  4.52207822E-01  3.86995305E-01
 -2.24126928E-01  1.00000000E+00  2.82744438E-01 -1.03435188E+00  5.11307134E-01  5.18804778E+00  4.51836063E-01  3.87508231E-01
 -2.17402314E-01  1.00000000E+00  2.83086362E-01 -1.03553500E+00  5.12279961E-01  5.19464158E+00  4.51775197E-01  3.88052704E-01
 -2.10677699E-01  1.00000000E+00  2.83428285E-01 -1.03671950E+00  5.13395105E-01  5.20124375E+00  4.51714855E-01  3.88597818E-01
 -2.04351753E-01  1.00000000E+00  2.83929480E-01 -1.03683394E+00  5.14994745E-01  5.21102811E+00  4.50965127E-01  3.89459699E-01
 -1.98025807E-01  1.00000000E+00  2.84430675E-01 -1.03694885E+00  5.16552502E-01  5.22083288E+00  4.50216658E-01  3.90323145E-01
 -1.91837501E-01  1.00000000E+00  2.85069607E-01 -1.03743000E+00  5.18227263E-01  5.23071515E+00  4.49629981E-01  3.91179696E-01
 -1.85649194E-01  1.00000000E+00  2.85708540E-01 -1.03791208E+00  5.20013282E-01  5.24061732E+00  4.49044289E-01  3.92037793E-01
 -1.79460888E-01  1.00000000E+00  2.86520147E-01 -1.03762765E+00  5.22299294E-01  5.25475926E+00  4.47800076E-01  3.93296661E-01
 -1.73272582E-01  1.00000000E+00  2.87331754E-01 -1.03734341E+00  5.24677144E-01  5.26894537E+00  4.46558927E-01  3.94558891E-01
 -1.67084275E-01  1.00000000E+00  2.88776392E-01 -1.03912230E+00  5.26643699E-01  5.28047416E+00  4.46360260E-01  3.95518410E-01
 -1.60895969E-01  1.00000000E+00  2.90221030E-01 -1.04090474E+00  5.28804787E-01  5.29202812E+00  4.46162948E-01  3.96479878E-01
 -1.54707662E-01  1.00000000E+00  2.91628225E-01 -1.04048720E+00  5.31893998E-01  5.31062976E+00  4.44533410E-01  3.98135156E-01
 -1.48519356E-01  1.00000000E+00  2.93035419E-01 -1.04006983E+00  5.34904614E-01  5.32930730E+00  4.42909116E-01  3.99796215E-01
 -1.42331049E-01  1.00000000E+00  2.95102241E-01 -1.04381496E+00  5.38530146E-01  5.35056260E+00  4.42767267E-01  4.01546891E-01
 -1.36142743E-01  1.00000000E+00  2.97169063E-01 -1.04757383E+00  5.42021790E-01  5.37190247E+00  4.42630262E-01  4.03304090E-01
 -1.29954436E-01  1.00000000E+00  2.99802886E-01 -1.04710739E+00  5.44382489E-01  5.38824146E+00  4.41197717E-01  4.04758124E-01
 -1.23766130E-01  1.00000000E+00  3.02436709E-01 -1.04664079E+00  5.47646762E-01  5.40463866E+00  4.39769152E-01  4.06216596E-01
 -1.17577823E-01  1.00000000E+00  3.05794813E-01 -1.04845350E+00  5.50826766E-01  5.42620670E+00  4.38849333E-01  4.08056512E-01
 -1.11389517E-01  1.00000000E+00  3.09152918E-01 -1.05027288E+00  5.54837105E-01  5.44786325E+00  4.37933530E-01  4.09903340E-01
 -1.05201210E-01  1.00000000E+00  3.13375934E-01 -1.05215751E+00  5.60941715E-01  5.48351915E+00  4.36005204E-01  4.12978413E-01
 -9.90129037E-02  1.00000000E+00  3.17598950E-01 -1.05405435E+00  5.66862140E-01  5.51942141E+00  4.34088529E-01  4.16072690E-01
 -9.28245972E-02  1.00000000E+00  3.22717591E-01 -1.05449646E+00  5.73673573E-01  5.55413377E+00  4.31715751E-01  4.19106929E-01
 -8.66362908E-02  1.00000000E+00  3.27836232E-01 -1.05494346E+00  5.79282864E-01  5.58908703E+00  4.29355985E-01  4.22159813E-01
 -8.04479843E-02  1.00000000E+00  3.35839433E-01 -1.06258490E+00  5.84196748E-01  5.62205019E+00  4.29970162E-01  4.24806548E-01
 -7.42596778E-02  1.00000000E+00  3.43842634E-01 -1.07027008E+00  5.90221203E-01  5.65521152E+00  4.30599580E-01  4.27468250E-01
 -6.80713713E-02  1.00000000E+00  3.52401752E-01 -1.06035786E+00  5.99393218E-01  5.70293586E+00  4.23470468E-01  4.31956259E-01
 -6.18830648E-02  1.00000000E+00  3.60960869E-01 -1.05040968E+00  6.06535558E-01  5.75132163E+00  4.16432963E-01  4.36490891E-01
 -5.56947583E-02  1.00000000E+00  3.73038282E-01 -1.13378700E+00  6.13541044E-01  5.81963033E+00  4.43295137E-01  4.39881970E-01
 -4.95064519E-02  1.00000000E+00  3.85115695E-01 -1.21908929E+00  6.09206139E-01  5.89309043E+00  4.72279614E-01  4.43520885E-01
 -4.33181454E-02  1.00000000E+00  4.28759597E-01 -1.08091961E+00  5.74397550E-01  5.52839612E+00  4.45032349E-01  4.15911581E-01
 -3.71298389E-02  1.00000000E+00  4.72403498E-01 -9.51674574E-01  5.51610351E-01  5.19060013E+00  4.22408268E-01  3.90124789E-01
 -3.09415324E-02  1.00000000E+00  4.45613818E-01 -7.90610977E-01  5.14924188E-01  4.97424965E+00  3.83016726E-01  3.75646330E-01
 -2.47532259E-02  1.00000000E+00  4.18824137E-01 -6.38034619E-01  4.59154678E-01  4.78088200E+00  3.51517873E-01  3.62402520E-01
 -1.85649194E-02  1.00000000E+00  7.64548536E-01 -1.41893900E+00  4.19304220E-01  5.69125996E+00  5.80987654E-01  4.18113188E-01
 -1.23766130E-02  1.00000000E+00  1.11027293E+00 -2.46602788E+00  5.27229505E-01  7.17688706E+00  1.03031415E+00  5.02901420E-01
 -6.18830648E-03  1.00000000E+00  6.77864662E-01  8.79984955E-01  1.72347230E+00  5.85707495E+00  3.60780629E-01  4.49696808E-01
  0.00000000E+00  1.00000000E+00  2.45456390E-01  7.33981537E+00  5.62681711E+00  1.44714247E+01  3.81702049E+00  8.71723984E-01
