# curve 5 (die wall), step =      300, time =   1.20000000E+02
# N1 = tau_xx - tau_yy = G ( c_xx - c_yy ),  G =  1.4286E-02  (polymer part only)
#              x               y        pressure            c_xy        gammadot            c_xx            c_yy              N1
 -3.00000000E+00  1.00000000E+00  2.63457027E+00 -2.37358423E+00  4.01744113E-01  1.28838549E+01  9.43650334E-01  1.70574352E-01
 -2.97524677E+00  1.00000000E+00  2.61498515E+00 -2.37349356E+00  4.01746907E-01  1.28832337E+01  9.43649210E-01  1.70565492E-01
 -2.95049355E+00  1.00000000E+00  2.59540003E+00 -2.37340291E+00  4.01748577E-01  1.28826124E+01  9.43648087E-01  1.70556633E-01
 -2.92574032E+00  1.00000000E+00  2.57581823E+00 -2.37356169E+00  4.01750866E-01  1.28838741E+01  9.43657329E-01  1.70574525E-01
 -2.90098710E+00  1.00000000E+00  2.55623643E+00 -2.37372048E+00  4.01750635E-01  1.28851359E+01  9.43666572E-01  1.70592419E-01
 -2.87623387E+00  1.00000000E+00  2.53667073E+00 -2.37413000E+00  4.01748154E-01  1.28887258E+01  9.43687623E-01  1.70643402E-01
 -2.85148064E+00  1.00000000E+00  2.51710503E+00 -2.37453961E+00  4.01743174E-01  1.28923166E+01  9.43708679E-01  1.70694399E-01
 -2.82672742E+00  1.00000000E+00  2.49751891E+00 -2.37405629E+00  4.01737554E-01  1.28892780E+01  9.43663597E-01  1.70651634E-01
 -2.80197419E+00  1.00000000E+00  2.47793280E+00 -2.37357307E+00  4.01738051E-01  1.28862400E+01  9.43618532E-01  1.70608878E-01
 -2.77722097E+00  1.00000000E+00  2.45834276E+00 -2.37348575E+00  4.01739392E-01  1.28846845E+01  9.43624453E-01  1.70586571E-01
 -2.75246774E+00  1.00000000E+00  2.43875272E+00 -2.37339843E+00  4.01742856E-01  1.28831291E+01  9.43630372E-01  1.70564268E-01
 -2.72771451E+00  1.00000000E+00  2.41918838E+00 -2.37356696E+00  4.01743396E-01  1.28840426E+01  9.43664524E-01  1.70576830E-01
 -2.70296129E+00  1.00000000E+00  2.39962404E+00 -2.37373550E+00  4.01737927E-01  1.28849562E+01  9.43698679E-01  1.70589393E-01
 -2.67820806E+00  1.00000000E+00  2.38003673E+00 -2.37358231E+00  4.01735930E-01  1.28841281E+01  9.43660015E-01  1.70578115E-01
 -2.65345484E+00  1.00000000E+00  2.36044941E+00 -2.37342913E+00  4.01739937E-01  1.28833000E+01  9.43621353E-01  1.70566838E-01
 -2.62870161E+00  1.00000000E+00  2.34087573E+00 -2.37343979E+00  4.01743888E-01  1.28827305E+01  9.43639768E-01  1.70558439E-01
 -2.60394839E+00  1.00000000E+00  2.32130204E+00 -2.37345044E+00  4.01745765E-01  1.28821610E+01  9.43658182E-01  1.70550040E-01
 -2.57919516E+00  1.00000000E+00  2.30172386E+00 -2.37350915E+00  4.01747945E-01  1.28830819E+01  9.43661144E-01  1.70563154E-01
 -2.55444193E+00  1.00000000E+00  2.28214569E+00 -2.37356787E+00  4.01744624E-01  1.28840029E+01  9.43664106E-01  1.70576268E-01
 -2.52968871E+00  1.00000000E+00  2.26257146E+00 -2.37392454E+00  4.01739818E-01  1.28867734E+01  9.43698749E-01  1.70615352E-01
 -2.50493548E+00  1.00000000E+00  2.24299722E+00 -2.37428127E+00  4.01731518E-01  1.28895445E+01  9.43733398E-01  1.70654445E-01
 -2.48018226E+00  1.00000000E+00  2.22340856E+00 -2.37381482E+00  4.01729591E-01  1.28864827E+01  9.43676529E-01  1.70611517E-01
 -2.45542903E+00  1.00000000E+00  2.20381989E+00 -2.37334848E+00  4.01734692E-01  1.28834216E+01  9.43619673E-01  1.70568599E-01
 -2.43067580E+00  1.00000000E+00  2.18423960E+00 -2.37331107E+00  4.01740450E-01  1.28824987E+01  9.43625141E-01  1.70555337E-01
 -2.40592258E+00  1.00000000E+00  2.16465930E+00 -2.37327365E+00  4.01746801E-01  1.28815760E+01  9.43630609E-01  1.70542076E-01
 -2.38116935E+00  1.00000000E+00  2.14509025E+00 -2.37342109E+00  4.01746908E-01  1.28824741E+01  9.43664125E-01  1.70554428E-01
 -2.35641613E+00  1.00000000E+00  2.12552120E+00 -2.37356853E+00  4.01740650E-01  1.28833722E+01  9.43697642E-01  1.70566780E-01
 -2.33166290E+00  1.00000000E+00  2.10594027E+00 -2.37356595E+00  4.01737788E-01  1.28838247E+01  9.43674914E-01  1.70573568E-01
 -2.30690967E+00  1.00000000E+00  2.08635934E+00 -2.37356337E+00  4.01738689E-01  1.28842771E+01  9.43652186E-01  1.70580356E-01
 -2.28215645E+00  1.00000000E+00  2.06677449E+00 -2.37347114E+00  4.01740817E-01  1.28835687E+01  9.43633149E-01  1.70570508E-01
 -2.25740322E+00  1.00000000E+00  2.04718963E+00 -2.37337890E+00  4.01744182E-01  1.28828603E+01  9.43614112E-01  1.70560660E-01
 -2.23265000E+00  1.00000000E+00  2.02762156E+00 -2.37379819E+00  4.01743817E-01  1.28856129E+01  9.43676797E-01  1.70599087E-01
 -2.20789677E+00  1.00000000E+00  2.00805348E+00 -2.37421755E+00  4.01734995E-01  1.28883660E+01  9.43739492E-01  1.70637521E-01
 -2.18314354E+00  1.00000000E+00  1.98846560E+00 -2.37381238E+00  4.01729403E-01  1.28855002E+01  9.43701471E-01  1.70597125E-01
 -2.15839032E+00  1.00000000E+00  1.96887772E+00 -2.37340729E+00  4.01729179E-01  1.28826351E+01  9.43663459E-01  1.70556738E-01
 -2.13363709E+00  1.00000000E+00  1.94930504E+00 -2.37334449E+00  4.01729474E-01  1.28820363E+01  9.43653245E-01  1.70548329E-01
 -2.10888387E+00  1.00000000E+00  1.92973236E+00 -2.37328170E+00  4.01732516E-01  1.28814375E+01  9.43643030E-01  1.70539921E-01
 -2.08413064E+00  1.00000000E+00  1.91014642E+00 -2.37327136E+00  4.01736492E-01  1.28809606E+01  9.43649068E-01  1.70533022E-01
 -2.05937741E+00  1.00000000E+00  1.89056048E+00 -2.37326102E+00  4.01736927E-01  1.28804837E+01  9.43655106E-01  1.70526123E-01
 -2.03462419E+00  1.00000000E+00  1.87099168E+00 -2.37333356E+00  4.01733509E-01  1.28815262E+01  9.43657096E-01  1.70540988E-01
 -2.00987096E+00  1.00000000E+00  1.85142288E+00 -2.37340610E+00  4.01728878E-01  1.28825688E+01  9.43659085E-01  1.70555853E-01
 -1.98511774E+00  1.00000000E+00  1.83183431E+00 -2.37335551E+00  4.01726732E-01  1.28820784E+01  9.43651669E-01  1.70548953E-01
 -1.96036451E+00  1.00000000E+00  1.81224574E+00 -2.37330493E+00  4.01725598E-01  1.28815880E+01  9.43644253E-01  1.70542053E-01
 -1.93561128E+00  1.00000000E+00  1.79268620E+00 -2.37365544E+00  4.01721195E-01  1.28839977E+01  9.43694766E-01  1.70575756E-01
 -1.91085806E+00  1.00000000E+00  1.77312665E+00 -2.37400600E+00  4.01712268E-01  1.28864079E+01  9.43745286E-01  1.70609465E-01
 -1.88610483E+00  1.00000000E+00  1.75353149E+00 -2.37367831E+00  4.01707208E-01  1.28849072E+01  9.43667795E-01  1.70589134E-01
 -1.86135161E+00  1.00000000E+00  1.73393634E+00 -2.37335066E+00  4.01709390E-01  1.28834067E+01  9.43590313E-01  1.70568805E-01
 -1.83659838E+00  1.00000000E+00  1.71436210E+00 -2.37337876E+00  4.01710760E-01  1.28824386E+01  9.43646529E-01  1.70554173E-01
 -1.81184516E+00  1.00000000E+00  1.69478786E+00 -2.37340686E+00  4.01707845E-01  1.28814706E+01  9.43702747E-01  1.70539541E-01
 -1.78709193E+00  1.00000000E+00  1.67523169E+00 -2.37384318E+00  4.01696998E-01  1.28856269E+01  9.43721206E-01  1.70598652E-01
 -1.76233870E+00  1.00000000E+00  1.65567552E+00 -2.37427960E+00  4.01680125E-01  1.28897845E+01  9.43739668E-01  1.70657783E-01
 -1.73758548E+00  1.00000000E+00  1.63607756E+00 -2.37400065E+00  4.01674701E-01  1.28878893E+01  9.43703124E-01  1.70631230E-01
 -1.71283225E+00  1.00000000E+00  1.61647960E+00 -2.37372173E+00  4.01672637E-01  1.28859943E+01  9.43666583E-01  1.70604682E-01
 -1.68807903E+00  1.00000000E+00  1.59690353E+00 -2.37360214E+00  4.01665467E-01  1.28842576E+01  9.43675990E-01  1.70579737E-01
 -1.66332580E+00  1.00000000E+00  1.57732745E+00 -2.37348256E+00  4.01657500E-01  1.28825211E+01  9.43685396E-01  1.70554796E-01
 -1.63857257E+00  1.00000000E+00  1.55776859E+00 -2.37351896E+00  4.01653656E-01  1.28828408E+01  9.43695364E-01  1.70559220E-01
 -1.61381935E+00  1.00000000E+00  1.53820972E+00 -2.37355535E+00  4.01645040E-01  1.28831604E+01  9.43705331E-01  1.70563644E-01
 -1.58906612E+00  1.00000000E+00  1.51862030E+00 -2.37325275E+00  4.01633321E-01  1.28806972E+01  9.43675171E-01  1.70528886E-01
 -1.56431290E+00  1.00000000E+00  1.49903087E+00 -2.37295020E+00  4.01624992E-01  1.28782345E+01  9.43645015E-01  1.70494135E-01
 -1.53955967E+00  1.00000000E+00  1.47947933E+00 -2.37286986E+00  4.01617744E-01  1.28769575E+01  9.43663564E-01  1.70475627E-01
 -1.51480644E+00  1.00000000E+00  1.45992780E+00 -2.37278952E+00  4.01610052E-01  1.28756806E+01  9.43682113E-01  1.70457121E-01
 -1.49005322E+00  1.00000000E+00  1.44036396E+00 -2.37293120E+00  4.01596957E-01  1.28768971E+01  9.43708485E-01  1.70474123E-01
 -1.46529999E+00  1.00000000E+00  1.42080013E+00 -2.37307288E+00  4.01574612E-01  1.28781137E+01  9.43734857E-01  1.70491127E-01
 -1.44054677E+00  1.00000000E+00  1.40124712E+00 -2.37351601E+00  4.01552237E-01  1.28816957E+01  9.43779452E-01  1.70541660E-01
 -1.41579354E+00  1.00000000E+00  1.38169410E+00 -2.37395923E+00  4.01521355E-01  1.28852786E+01  9.43824054E-01  1.70592208E-01
 -1.39104031E+00  1.00000000E+00  1.36213244E+00 -2.37327747E+00  4.01495787E-01  1.28804737E+01  9.43765586E-01  1.70524402E-01
 -1.36628709E+00  1.00000000E+00  1.34257079E+00 -2.37259594E+00  4.01480169E-01  1.28756707E+01  9.43707145E-01  1.70456622E-01
 -1.34153386E+00  1.00000000E+00  1.32302101E+00 -2.37242353E+00  4.01462235E-01  1.28731766E+01  9.43712913E-01  1.70420909E-01
 -1.31678064E+00  1.00000000E+00  1.30347123E+00 -2.37225112E+00  4.01445197E-01  1.28706829E+01  9.43718678E-01  1.70385204E-01
 -1.29202741E+00  1.00000000E+00  1.28394900E+00 -2.37234438E+00  4.01425513E-01  1.28710185E+01  9.43738735E-01  1.70389711E-01
 -1.26727418E+00  1.00000000E+00  1.26442678E+00 -2.37243764E+00  4.01399666E-01  1.28713541E+01  9.43758792E-01  1.70394219E-01
 -1.24252096E+00  1.00000000E+00  1.24491541E+00 -2.37262615E+00  4.01371938E-01  1.28719810E+01  9.43808370E-01  1.70402466E-01
 -1.21776773E+00  1.00000000E+00  1.22540405E+00 -2.37281467E+00  4.01335775E-01  1.28726078E+01  9.43857951E-01  1.70410712E-01
 -1.19301451E+00  1.00000000E+00  1.20588654E+00 -2.37223793E+00  4.01303723E-01  1.28685310E+01  9.43815118E-01  1.70353084E-01
 -1.16826128E+00  1.00000000E+00  1.18636904E+00 -2.37166134E+00  4.01277584E-01  1.28644555E+01  9.43772305E-01  1.70295474E-01
 -1.14350806E+00  1.00000000E+00  1.16688943E+00 -2.37166826E+00  4.01246721E-01  1.28635318E+01  9.43791938E-01  1.70281998E-01
 -1.11875483E+00  1.00000000E+00  1.14740982E+00 -2.37167518E+00  4.01218723E-01  1.28626082E+01  9.43811570E-01  1.70268523E-01
 -1.09400160E+00  1.00000000E+00  1.12795261E+00 -2.37143374E+00  4.01192530E-01  1.28603038E+01  9.43804061E-01  1.70235710E-01
 -1.06924838E+00  1.00000000E+00  1.10849541E+00 -2.37119232E+00  4.01165500E-01  1.28579997E+01  9.43796553E-01  1.70202902E-01
 -1.04449515E+00  1.00000000E+00  1.08907032E+00 -2.37103166E+00  4.01137082E-01  1.28560138E+01  9.43815807E-01  1.70174257E-01
 -1.01974193E+00  1.00000000E+00  1.06964523E+00 -2.37087101E+00  4.01105769E-01  1.28540282E+01  9.43835062E-01  1.70145616E-01
 -9.94988700E-01  1.00000000E+00  1.05026336E+00 -2.37087087E+00  4.01081983E-01  1.28540032E+01  9.43848218E-01  1.70145071E-01
 -9.70235474E-01  1.00000000E+00  1.03088149E+00 -2.37087074E+00  4.01063189E-01  1.28539782E+01  9.43861374E-01  1.70144526E-01
 -9.45482248E-01  1.00000000E+00  1.01152964E+00 -2.37059670E+00  4.01052438E-01  1.28523049E+01  9.43811330E-01  1.70121337E-01
 -9.20729022E-01  1.00000000E+00  9.92177792E-01 -2.37032270E+00  4.01047069E-01  1.28506319E+01  9.43761290E-01  1.70098151E-01
 -8.95975796E-01  1.00000000E+00  9.72905169E-01 -2.37029557E+00  4.01049552E-01  1.28499704E+01  9.43786532E-01  1.70088340E-01
 -8.71222570E-01  1.00000000E+00  9.53632546E-01 -2.37026845E+00  4.01054999E-01  1.28493089E+01  9.43811774E-01  1.70078530E-01
 -8.46469344E-01  1.00000000E+00  9.34419971E-01 -2.37079565E+00  4.01089073E-01  1.28532126E+01  9.43865224E-01  1.70133535E-01
 -8.21716118E-01  1.00000000E+00  9.15207395E-01 -2.37132299E+00  4.01118685E-01  1.28571176E+01  9.43918687E-01  1.70188556E-01
 -7.97201467E-01  1.00000000E+00  8.96275973E-01 -2.37164268E+00  4.01195912E-01  1.28600474E+01  9.43901991E-01  1.70230648E-01
 -7.72686817E-01  1.00000000E+00  8.77344550E-01 -2.37196243E+00  4.01277241E-01  1.28629778E+01  9.43885302E-01  1.70272749E-01
 -7.49503432E-01  1.00000000E+00  8.59532448E-01 -2.37202877E+00  4.01394072E-01  1.28673030E+01  9.43724369E-01  1.70336837E-01
 -7.26320047E-01  1.00000000E+00  8.41720346E-01 -2.37209508E+00  4.01530363E-01  1.28716298E+01  9.43563446E-01  1.70400947E-01
 -7.04527831E-01  1.00000000E+00  8.25087237E-01 -2.37330236E+00  4.01703385E-01  1.28799408E+01  9.43694887E-01  1.70517799E-01
 -6.82735615E-01  1.00000000E+00  8.08454128E-01 -2.37451031E+00  4.01891370E-01  1.28882573E+01  9.43826412E-01  1.70634727E-01
 -6.62251087E-01  1.00000000E+00  7.92921843E-01 -2.37479180E+00  4.02142854E-01  1.28979143E+01  9.43511884E-01  1.70777178E-01
 -6.41766559E-01  1.00000000E+00  7.77389558E-01 -2.37507320E+00  4.02422501E-01  1.29075792E+01  9.43197396E-01  1.70919740E-01
 -6.22511254E-01  1.00000000E+00  7.62902513E-01 -2.37602044E+00  4.02734550E-01  1.29204736E+01  9.43031402E-01  1.71106317E-01
 -6.03255949E-01  1.00000000E+00  7.48415469E-01 -2.37696811E+00  4.03081106E-01  1.29333813E+01  9.42865422E-01  1.71293084E-01
 -5.85156097E-01  1.00000000E+00  7.34926917E-01 -2.37939686E+00  4.03485387E-01  1.29531434E+01  9.42994932E-01  1.71573550E-01
 -5.67056245E-01  1.00000000E+00  7.21438366E-01 -2.38182851E+00  4.03914189E-01  1.29729360E+01  9.43124709E-01  1.71854447E-01
 -5.50042515E-01  1.00000000E+00  7.08867131E-01 -2.38343508E+00  4.04431386E-01  1.29957447E+01  9.42788162E-01  1.72185094E-01
 -5.33028786E-01  1.00000000E+00  6.96295896E-01 -2.38504294E+00  4.04970848E-01  1.30185953E+01  9.42451681E-01  1.72516337E-01
 -5.17036006E-01  1.00000000E+00  6.84636665E-01 -2.38795705E+00  4.05576153E-01  1.30473276E+01  9.42397421E-01  1.72927574E-01
 -5.01043227E-01  1.00000000E+00  6.72977435E-01 -2.39087552E+00  4.06218674E-01  1.30761246E+01  9.42343434E-01  1.73339731E-01
 -4.86010125E-01  1.00000000E+00  6.62136379E-01 -2.39404846E+00  4.06940901E-01  1.31099048E+01  9.42193044E-01  1.73824453E-01
 -4.70977023E-01  1.00000000E+00  6.51295324E-01 -2.39722656E+00  4.07715342E-01  1.31437744E+01  9.42042914E-01  1.74310449E-01
 -4.56846016E-01  1.00000000E+00  6.41218375E-01 -2.40126677E+00  4.08557763E-01  1.31860488E+01  9.41896573E-01  1.74916460E-01
 -4.42715008E-01  1.00000000E+00  6.31141426E-01 -2.40531529E+00  4.09460769E-01  1.32284624E+01  9.41750652E-01  1.75524454E-01
 -4.29431964E-01  1.00000000E+00  6.21860806E-01 -2.40886313E+00  4.10468999E-01  1.32690330E+01  9.41371331E-01  1.76109453E-01
 -4.16148920E-01  1.00000000E+00  6.12580187E-01 -2.41241772E+00  4.11537829E-01  1.33097316E+01  9.40992530E-01  1.76696273E-01
 -4.03662954E-01  1.00000000E+00  6.03976340E-01 -2.41724800E+00  4.12624385E-01  1.33651927E+01  9.40697144E-01  1.77492793E-01
 -3.91176988E-01  1.00000000E+00  5.95372494E-01 -2.42208976E+00  4.13822335E-01  1.34208917E+01  9.40402045E-01  1.78292709E-01
 -3.79440270E-01  1.00000000E+00  5.87380415E-01 -2.42846356E+00  4.15116307E-01  1.34835615E+01  9.40354546E-01  1.79188671E-01
 -3.67703552E-01  1.00000000E+00  5.79388335E-01 -2.43485767E+00  4.16468870E-01  1.35465296E+01  9.40308281E-01  1.80088876E-01
 -3.56671122E-01  1.00000000E+00  5.72165767E-01 -2.44094869E+00  4.17905778E-01  1.36133282E+01  9.39947841E-01  1.81048291E-01
 -3.45638692E-01  1.00000000E+00  5.64943198E-01 -2.44705856E+00  4.19384273E-01  1.36804645E+01  9.39588427E-01  1.82012516E-01
 -3.35268287E-01  1.00000000E+00  5.58167458E-01 -2.45430847E+00  4.20930587E-01  1.37594308E+01  9.39353077E-01  1.83143968E-01
 -3.24897882E-01  1.00000000E+00  5.51391718E-01 -2.46158400E+00  4.22606484E-01  1.38388644E+01  9.39118620E-01  1.84282082E-01
 -3.15149775E-01  1.00000000E+00  5.45271232E-01 -2.46790789E+00  4.24395499E-01  1.39134867E+01  9.38561662E-01  1.85356072E-01
 -3.05401669E-01  1.00000000E+00  5.39150746E-01 -2.47425182E+00  4.26254015E-01  1.39885232E+01  9.38005685E-01  1.86435964E-01
 -2.96238520E-01  1.00000000E+00  5.33469924E-01 -2.48240847E+00  4.28165767E-01  1.40875688E+01  9.37328134E-01  1.87860581E-01
 -2.87075371E-01  1.00000000E+00  5.27789101E-01 -2.49059715E+00  4.30290268E-01  1.41873374E+01  9.36651493E-01  1.89295513E-01
 -2.78462077E-01  1.00000000E+00  5.22742055E-01 -2.49933794E+00  4.32439169E-01  1.42838958E+01  9.36190095E-01  1.90681511E-01
 -2.69848783E-01  1.00000000E+00  5.17695010E-01 -2.50811651E+00  4.34669291E-01  1.43811271E+01  9.35730800E-01  1.92077090E-01
 -2.61752348E-01  1.00000000E+00  5.13046951E-01 -2.51937216E+00  4.36980656E-01  1.44983116E+01  9.35627922E-01  1.93752624E-01
 -2.53655913E-01  1.00000000E+00  5.08398893E-01 -2.53068813E+00  4.39397872E-01  1.46164701E+01  9.35527970E-01  1.95442031E-01
 -2.46045323E-01  1.00000000E+00  5.04305166E-01 -2.53975582E+00  4.41912742E-01  1.47351402E+01  9.34565245E-01  1.97151071E-01
 -2.38434732E-01  1.00000000E+00  5.00211440E-01 -2.54886117E+00  4.44509838E-01  1.48548062E+01  9.33603253E-01  1.98874328E-01
 -2.31280830E-01  1.00000000E+00  4.96431086E-01 -2.55869112E+00  4.47224601E-01  1.49820009E+01  9.32731426E-01  2.00703850E-01
 -2.24126928E-01  1.00000000E+00  4.92650732E-01 -2.56856444E+00  4.50048146E-01  1.51103199E+01  9.31860108E-01  2.02549425E-01
 -2.17402314E-01  1.00000000E+00  4.89323176E-01 -2.58351530E+00  4.52994907E-01  1.52593523E+01  9.31997289E-01  2.04676500E-01
 -2.10677699E-01  1.00000000E+00  4.85995620E-01 -2.59856977E+00  4.56026573E-01  1.54098773E+01  9.32140948E-01  2.06824805E-01
 -2.04351753E-01  1.00000000E+00  4.83137497E-01 -2.61116751E+00  4.59192112E-01  1.55653975E+01  9.31274195E-01  2.09058904E-01
 -1.98025807E-01  1.00000000E+00  4.80279373E-01 -2.62383752E+00  4.62416842E-01  1.57225306E+01  9.30409680E-01  2.11316013E-01
 -1.91837501E-01  1.00000000E+00  4.77633341E-01 -2.63839926E+00  4.65970261E-01  1.58874281E+01  9.29930378E-01  2.13678539E-01
 -1.85649194E-01  1.00000000E+00  4.74987310E-01 -2.65305796E+00  4.69632481E-01  1.60540922E+01  9.29455605E-01  2.16066237E-01
 -1.79460888E-01  1.00000000E+00  4.72681362E-01 -2.66364864E+00  4.73687779E-01  1.62379496E+01  9.27081426E-01  2.18726688E-01
 -1.73272582E-01  1.00000000E+00  4.70375414E-01 -2.67427669E+00  4.77886026E-01  1.64240093E+01  9.24706883E-01  2.21418606E-01
 -1.67084275E-01  1.00000000E+00  4.68275968E-01 -2.69691641E+00  4.82551350E-01  1.66601115E+01  9.24970711E-01  2.24787725E-01
 -1.60895969E-01  1.00000000E+00  4.66176523E-01 -2.71978174E+00  4.87350473E-01  1.68996588E+01  9.25247119E-01  2.28205881E-01
 -1.54707662E-01  1.00000000E+00  4.64506257E-01 -2.73684920E+00  4.92768211E-01  1.71544806E+01  9.23061255E-01  2.31877420E-01
 -1.48519356E-01  1.00000000E+00  4.62835991E-01 -2.75403244E+00  4.98340829E-01  1.74132781E+01  9.20876257E-01  2.35605740E-01
 -1.42331049E-01  1.00000000E+00  4.61788295E-01 -2.77607759E+00  5.04777183E-01  1.76855446E+01  9.19508307E-01  2.39514804E-01
 -1.36142743E-01  1.00000000E+00  4.60740598E-01 -2.79833818E+00  5.11565540E-01  1.79621607E+01  9.18152833E-01  2.43485827E-01
 -1.29954436E-01  1.00000000E+00  4.60204986E-01 -2.82412346E+00  5.18877202E-01  1.83334890E+01  9.16124747E-01  2.48819490E-01
 -1.23766130E-01  1.00000000E+00  4.59669374E-01 -2.85016159E+00  5.26727879E-01  1.87127246E+01  9.14094516E-01  2.54266144E-01
 -1.17577823E-01  1.00000000E+00  4.59580855E-01 -2.88334004E+00  5.35873120E-01  1.91561833E+01  9.12283034E-01  2.60627147E-01
 -1.11389517E-01  1.00000000E+00  4.59492336E-01 -2.91696243E+00  5.45494936E-01  1.96103999E+01  9.10483179E-01  2.67141668E-01
 -1.05201210E-01  1.00000000E+00  4.60917089E-01 -2.95374945E+00  5.56631175E-01  2.01299205E+01  9.07720476E-01  2.74602858E-01
 -9.90129037E-02  1.00000000E+00  4.62341842E-01 -2.99107235E+00  5.68284820E-01  2.06635417E+01  9.04975369E-01  2.82265233E-01
 -9.28245972E-02  1.00000000E+00  4.65327166E-01 -3.02237163E+00  5.82083328E-01  2.12968054E+01  8.98623368E-01  2.91402601E-01
 -8.66362908E-02  1.00000000E+00  4.68312490E-01 -3.05388734E+00  5.96566098E-01  2.19502675E+01  8.92257283E-01  3.00828718E-01
 -8.04479843E-02  1.00000000E+00  4.72327353E-01 -3.11291145E+00  6.14517233E-01  2.27649935E+01  8.89975119E-01  3.12500263E-01
 -7.42596778E-02  1.00000000E+00  4.76342215E-01 -3.17325429E+00  6.33852330E-01  2.36105156E+01  8.87741427E-01  3.24611060E-01
 -6.80713713E-02  1.00000000E+00  4.84937289E-01 -3.19540567E+00  6.56969645E-01  2.46576227E+01  8.71720582E-01  3.39798602E-01
 -6.18830648E-02  1.00000000E+00  4.93532363E-01 -3.21649871E+00  6.82905294E-01  2.57541580E+01  8.55685831E-01  3.55692460E-01
 -5.56947583E-02  1.00000000E+00  5.01886829E-01 -3.44430508E+00  7.15584977E-01  2.74058161E+01  8.79268181E-01  3.78950684E-01
 -4.95064519E-02  1.00000000E+00  5.10241296E-01 -3.68713487E+00  7.50530120E-01  2.91636708E+01  9.05103993E-01  4.03693812E-01
 -4.33181454E-02  1.00000000E+00  5.70191745E-01 -3.45997539E+00  7.96596685E-01  3.11173151E+01  8.21407252E-01  4.32798684E-01
 -3.71298389E-02  1.00000000E+00  6.30142195E-01 -3.20616497E+00  8.60733758E-01  3.32487264E+01  7.43001346E-01  4.64367501E-01
 -3.09415324E-02  1.00000000E+00  5.15549060E-01 -2.38094382E+00  9.50340480E-01  3.15477008E+01  6.35591268E-01  4.41601565E-01
 -2.47532259E-02  1.00000000E+00  4.00955926E-01 -1.60907233E+00  1.02874920E+00  3.00284772E+01  5.63797474E-01  4.20923997E-01
 -1.85649194E-02  1.00000000E+00  1.10976200E+00 -6.76797209E+00  1.18209260E+00  5.52368395E+01  1.17976438E+00  7.72243930E-01
 -1.23766130E-02  1.00000000E+00  1.81856808E+00 -1.78426431E+01  1.49802491E+00  1.04788692E+02  3.28755329E+00  1.45001627E+00
 -6.18830648E-03  1.00000000E+00  5.62016293E-02  9.39303911E+00  2.45864020E+00  7.41677835E+01  1.54394115E+00  1.03748346E+00
  0.00000000E+00  1.00000000E+00 -1.70616482E+00  5.01827756E+01  4.97263658E+00  1.20273949E+02  2.11578342E+01  1.41594450E+00
