# curve 5 (die wall), step =      200, time =   8.00000000E+01
# N1 = tau_xx - tau_yy = G ( c_xx - c_yy ),  G =  1.4286E-02  (polymer part only)
#              x               y        pressure            c_xy        gammadot            c_xx            c_yy              N1
 -3.00000000E+00  1.00000000E+00  2.63457085E+00 -2.37357729E+00  4.01744202E-01  1.28838963E+01  9.43649752E-01  1.70574951E-01
 -2.97524677E+00  1.00000000E+00  2.61498573E+00 -2.37348664E+00  4.01746996E-01  1.28832751E+01  9.43648627E-01  1.70566092E-01
 -2.95049355E+00  1.00000000E+00  2.59540061E+00 -2.37339598E+00  4.01748666E-01  1.28826539E+01  9.43647503E-01  1.70557234E-01
 -2.92574032E+00  1.00000000E+00  2.57581881E+00 -2.37355475E+00  4.01750955E-01  1.28839155E+01  9.43656747E-01  1.70575125E-01
 -2.90098710E+00  1.00000000E+00  2.55623701E+00 -2.37371354E+00  4.01750724E-01  1.28851772E+01  9.43665991E-01  1.70593018E-01
 -2.87623387E+00  1.00000000E+00  2.53667131E+00 -2.37412300E+00  4.01748243E-01  1.28887667E+01  9.43687036E-01  1.70643995E-01
 -2.85148064E+00  1.00000000E+00  2.51710561E+00 -2.37453254E+00  4.01743265E-01  1.28923572E+01  9.43708087E-01  1.70694987E-01
 -2.82672742E+00  1.00000000E+00  2.49751950E+00 -2.37404923E+00  4.01737644E-01  1.28893185E+01  9.43663007E-01  1.70652222E-01
 -2.80197419E+00  1.00000000E+00  2.47793338E+00 -2.37356602E+00  4.01738141E-01  1.28862806E+01  9.43617943E-01  1.70609467E-01
 -2.77722097E+00  1.00000000E+00  2.45834335E+00 -2.37347872E+00  4.01739482E-01  1.28847251E+01  9.43623865E-01  1.70587161E-01
 -2.75246774E+00  1.00000000E+00  2.43875331E+00 -2.37339142E+00  4.01742947E-01  1.28831698E+01  9.43629785E-01  1.70564858E-01
 -2.72771451E+00  1.00000000E+00  2.41918897E+00 -2.37355997E+00  4.01743487E-01  1.28840835E+01  9.43663941E-01  1.70577423E-01
 -2.70296129E+00  1.00000000E+00  2.39962462E+00 -2.37372853E+00  4.01738018E-01  1.28849973E+01  9.43698099E-01  1.70589988E-01
 -2.67820806E+00  1.00000000E+00  2.38003731E+00 -2.37357537E+00  4.01736021E-01  1.28841693E+01  9.43659437E-01  1.70578713E-01
 -2.65345484E+00  1.00000000E+00  2.36045000E+00 -2.37342221E+00  4.01740028E-01  1.28833414E+01  9.43620776E-01  1.70567438E-01
 -2.62870161E+00  1.00000000E+00  2.34087631E+00 -2.37343286E+00  4.01743978E-01  1.28827720E+01  9.43639188E-01  1.70559040E-01
 -2.60394839E+00  1.00000000E+00  2.32130263E+00 -2.37344352E+00  4.01745855E-01  1.28822025E+01  9.43657599E-01  1.70550642E-01
 -2.57919516E+00  1.00000000E+00  2.30172445E+00 -2.37350220E+00  4.01748035E-01  1.28831233E+01  9.43660558E-01  1.70563754E-01
 -2.55444193E+00  1.00000000E+00  2.28214628E+00 -2.37356089E+00  4.01744714E-01  1.28840442E+01  9.43663517E-01  1.70576867E-01
 -2.52968871E+00  1.00000000E+00  2.26257205E+00 -2.37391754E+00  4.01739909E-01  1.28868147E+01  9.43698162E-01  1.70615950E-01
 -2.50493548E+00  1.00000000E+00  2.24299781E+00 -2.37427425E+00  4.01731609E-01  1.28895857E+01  9.43732813E-01  1.70655041E-01
 -2.48018226E+00  1.00000000E+00  2.22340915E+00 -2.37380784E+00  4.01729682E-01  1.28865241E+01  9.43675946E-01  1.70612116E-01
 -2.45542903E+00  1.00000000E+00  2.20382049E+00 -2.37334153E+00  4.01734782E-01  1.28834631E+01  9.43619092E-01  1.70569200E-01
 -2.43067580E+00  1.00000000E+00  2.18424019E+00 -2.37330412E+00  4.01740541E-01  1.28825403E+01  9.43624558E-01  1.70555939E-01
 -2.40592258E+00  1.00000000E+00  2.16465990E+00 -2.37326670E+00  4.01746891E-01  1.28816175E+01  9.43630024E-01  1.70542678E-01
 -2.38116935E+00  1.00000000E+00  2.14509085E+00 -2.37341413E+00  4.01746998E-01  1.28825155E+01  9.43663537E-01  1.70555027E-01
 -2.35641613E+00  1.00000000E+00  2.12552180E+00 -2.37356156E+00  4.01740740E-01  1.28834135E+01  9.43697053E-01  1.70567378E-01
 -2.33166290E+00  1.00000000E+00  2.10594087E+00 -2.37355900E+00  4.01737879E-01  1.28838660E+01  9.43674330E-01  1.70574166E-01
 -2.30690967E+00  1.00000000E+00  2.08635994E+00 -2.37355644E+00  4.01738779E-01  1.28843185E+01  9.43651607E-01  1.70580955E-01
 -2.28215645E+00  1.00000000E+00  2.06677508E+00 -2.37346421E+00  4.01740907E-01  1.28836101E+01  9.43632569E-01  1.70571107E-01
 -2.25740322E+00  1.00000000E+00  2.04719023E+00 -2.37337198E+00  4.01744273E-01  1.28829017E+01  9.43613531E-01  1.70561260E-01
 -2.23265000E+00  1.00000000E+00  2.02762216E+00 -2.37379122E+00  4.01743907E-01  1.28856541E+01  9.43676212E-01  1.70599684E-01
 -2.20789677E+00  1.00000000E+00  2.00805408E+00 -2.37421054E+00  4.01735086E-01  1.28884070E+01  9.43738904E-01  1.70638116E-01
 -2.18314354E+00  1.00000000E+00  1.98846620E+00 -2.37380541E+00  4.01729494E-01  1.28855414E+01  9.43700887E-01  1.70597722E-01
 -2.15839032E+00  1.00000000E+00  1.96887832E+00 -2.37340036E+00  4.01729269E-01  1.28826765E+01  9.43662880E-01  1.70557337E-01
 -2.13363709E+00  1.00000000E+00  1.94930564E+00 -2.37333758E+00  4.01729564E-01  1.28820778E+01  9.43652667E-01  1.70548930E-01
 -2.10888387E+00  1.00000000E+00  1.92973296E+00 -2.37327480E+00  4.01732605E-01  1.28814791E+01  9.43642454E-01  1.70540524E-01
 -2.08413064E+00  1.00000000E+00  1.91014703E+00 -2.37326447E+00  4.01736581E-01  1.28810023E+01  9.43648491E-01  1.70533625E-01
 -2.05937741E+00  1.00000000E+00  1.89056109E+00 -2.37325413E+00  4.01737016E-01  1.28805254E+01  9.43654527E-01  1.70526727E-01
 -2.03462419E+00  1.00000000E+00  1.87099229E+00 -2.37332662E+00  4.01733597E-01  1.28815676E+01  9.43656510E-01  1.70541587E-01
 -2.00987096E+00  1.00000000E+00  1.85142348E+00 -2.37339911E+00  4.01728967E-01  1.28826099E+01  9.43658493E-01  1.70556448E-01
 -1.98511774E+00  1.00000000E+00  1.83183491E+00 -2.37334853E+00  4.01726821E-01  1.28821194E+01  9.43651078E-01  1.70549548E-01
 -1.96036451E+00  1.00000000E+00  1.81224635E+00 -2.37329796E+00  4.01725687E-01  1.28816290E+01  9.43643663E-01  1.70542647E-01
 -1.93561128E+00  1.00000000E+00  1.79268680E+00 -2.37364845E+00  4.01721285E-01  1.28840387E+01  9.43694179E-01  1.70576351E-01
 -1.91085806E+00  1.00000000E+00  1.77312726E+00 -2.37399901E+00  4.01712359E-01  1.28864489E+01  9.43744701E-01  1.70610060E-01
 -1.88610483E+00  1.00000000E+00  1.75353210E+00 -2.37367134E+00  4.01707299E-01  1.28849483E+01  9.43667212E-01  1.70589730E-01
 -1.86135161E+00  1.00000000E+00  1.73393695E+00 -2.37334371E+00  4.01709481E-01  1.28834479E+01  9.43589733E-01  1.70569403E-01
 -1.83659838E+00  1.00000000E+00  1.71436271E+00 -2.37337181E+00  4.01710850E-01  1.28824799E+01  9.43645947E-01  1.70554771E-01
 -1.81184516E+00  1.00000000E+00  1.69478847E+00 -2.37339991E+00  4.01707935E-01  1.28815120E+01  9.43702163E-01  1.70540141E-01
 -1.78709193E+00  1.00000000E+00  1.67523230E+00 -2.37383617E+00  4.01697088E-01  1.28856680E+01  9.43720619E-01  1.70599248E-01
 -1.76233870E+00  1.00000000E+00  1.65567613E+00 -2.37427253E+00  4.01680216E-01  1.28898254E+01  9.43739079E-01  1.70658376E-01
 -1.73758548E+00  1.00000000E+00  1.63607817E+00 -2.37399360E+00  4.01674791E-01  1.28879302E+01  9.43702539E-01  1.70631824E-01
 -1.71283225E+00  1.00000000E+00  1.61648021E+00 -2.37371471E+00  4.01672728E-01  1.28860353E+01  9.43666003E-01  1.70605276E-01
 -1.68807903E+00  1.00000000E+00  1.59690414E+00 -2.37359514E+00  4.01665558E-01  1.28842987E+01  9.43675409E-01  1.70580332E-01
 -1.66332580E+00  1.00000000E+00  1.57732807E+00 -2.37347557E+00  4.01657590E-01  1.28825623E+01  9.43684814E-01  1.70555392E-01
 -1.63857257E+00  1.00000000E+00  1.55776920E+00 -2.37351196E+00  4.01653746E-01  1.28828818E+01  9.43694780E-01  1.70559815E-01
 -1.61381935E+00  1.00000000E+00  1.53821034E+00 -2.37354835E+00  4.01645130E-01  1.28832014E+01  9.43704746E-01  1.70564238E-01
 -1.58906612E+00  1.00000000E+00  1.51862091E+00 -2.37324576E+00  4.01633411E-01  1.28807382E+01  9.43674588E-01  1.70529481E-01
 -1.56431290E+00  1.00000000E+00  1.49903149E+00 -2.37294323E+00  4.01625082E-01  1.28782756E+01  9.43644432E-01  1.70494730E-01
 -1.53955967E+00  1.00000000E+00  1.47947995E+00 -2.37286289E+00  4.01617834E-01  1.28769986E+01  9.43662980E-01  1.70476223E-01
 -1.51480644E+00  1.00000000E+00  1.45992841E+00 -2.37278256E+00  4.01610141E-01  1.28757217E+01  9.43681527E-01  1.70457717E-01
 -1.49005322E+00  1.00000000E+00  1.44036458E+00 -2.37292421E+00  4.01597046E-01  1.28769381E+01  9.43707896E-01  1.70474718E-01
 -1.46529999E+00  1.00000000E+00  1.42080075E+00 -2.37306587E+00  4.01574701E-01  1.28781547E+01  9.43734266E-01  1.70491720E-01
 -1.44054677E+00  1.00000000E+00  1.40124774E+00 -2.37350895E+00  4.01552327E-01  1.28817364E+01  9.43778861E-01  1.70542251E-01
 -1.41579354E+00  1.00000000E+00  1.38169472E+00 -2.37395212E+00  4.01521446E-01  1.28853192E+01  9.43823464E-01  1.70592796E-01
 -1.39104031E+00  1.00000000E+00  1.36213306E+00 -2.37327039E+00  4.01495878E-01  1.28805145E+01  9.43764998E-01  1.70524992E-01
 -1.36628709E+00  1.00000000E+00  1.34257141E+00 -2.37258888E+00  4.01480259E-01  1.28757115E+01  9.43706559E-01  1.70457213E-01
 -1.34153386E+00  1.00000000E+00  1.32302163E+00 -2.37241649E+00  4.01462325E-01  1.28732174E+01  9.43712329E-01  1.70421501E-01
 -1.31678064E+00  1.00000000E+00  1.30347186E+00 -2.37224410E+00  4.01445286E-01  1.28707238E+01  9.43718096E-01  1.70385796E-01
 -1.29202741E+00  1.00000000E+00  1.28394963E+00 -2.37233736E+00  4.01425602E-01  1.28710593E+01  9.43738153E-01  1.70390303E-01
 -1.26727418E+00  1.00000000E+00  1.26442740E+00 -2.37243062E+00  4.01399755E-01  1.28713949E+01  9.43758210E-01  1.70394809E-01
 -1.24252096E+00  1.00000000E+00  1.24491604E+00 -2.37261911E+00  4.01372026E-01  1.28720215E+01  9.43807786E-01  1.70403054E-01
 -1.21776773E+00  1.00000000E+00  1.22540467E+00 -2.37280762E+00  4.01335863E-01  1.28726482E+01  9.43857365E-01  1.70411298E-01
 -1.19301451E+00  1.00000000E+00  1.20588717E+00 -2.37223089E+00  4.01303811E-01  1.28685714E+01  9.43814534E-01  1.70353670E-01
 -1.16826128E+00  1.00000000E+00  1.18636967E+00 -2.37165432E+00  4.01277671E-01  1.28644959E+01  9.43771724E-01  1.70296060E-01
 -1.14350806E+00  1.00000000E+00  1.16689006E+00 -2.37166125E+00  4.01246807E-01  1.28635721E+01  9.43791359E-01  1.70282583E-01
 -1.11875483E+00  1.00000000E+00  1.14741045E+00 -2.37166817E+00  4.01218808E-01  1.28626485E+01  9.43810994E-01  1.70269107E-01
 -1.09400160E+00  1.00000000E+00  1.12795324E+00 -2.37142673E+00  4.01192615E-01  1.28603439E+01  9.43803483E-01  1.70236292E-01
 -1.06924838E+00  1.00000000E+00  1.10849604E+00 -2.37118532E+00  4.01165585E-01  1.28580398E+01  9.43795974E-01  1.70203483E-01
 -1.04449515E+00  1.00000000E+00  1.08907095E+00 -2.37102465E+00  4.01137166E-01  1.28560537E+01  9.43815228E-01  1.70174835E-01
 -1.01974193E+00  1.00000000E+00  1.06964586E+00 -2.37086400E+00  4.01105852E-01  1.28540679E+01  9.43834483E-01  1.70146192E-01
 -9.94988700E-01  1.00000000E+00  1.05026400E+00 -2.37086385E+00  4.01082065E-01  1.28540427E+01  9.43847641E-01  1.70145644E-01
 -9.70235474E-01  1.00000000E+00  1.03088213E+00 -2.37086371E+00  4.01063270E-01  1.28540175E+01  9.43860800E-01  1.70145096E-01
 -9.45482248E-01  1.00000000E+00  1.01153028E+00 -2.37058967E+00  4.01052518E-01  1.28523440E+01  9.43810756E-01  1.70121904E-01
 -9.20729022E-01  1.00000000E+00  9.92178431E-01 -2.37031566E+00  4.01047148E-01  1.28506708E+01  9.43760717E-01  1.70098716E-01
 -8.95975796E-01  1.00000000E+00  9.72905809E-01 -2.37028853E+00  4.01049629E-01  1.28500089E+01  9.43785962E-01  1.70088899E-01
 -8.71222570E-01  1.00000000E+00  9.53633188E-01 -2.37026140E+00  4.01055075E-01  1.28493470E+01  9.43811208E-01  1.70079083E-01
 -8.46469344E-01  1.00000000E+00  9.34420615E-01 -2.37078857E+00  4.01089147E-01  1.28532503E+01  9.43864661E-01  1.70134081E-01
 -8.21716118E-01  1.00000000E+00  9.15208043E-01 -2.37131587E+00  4.01118757E-01  1.28571549E+01  9.43918127E-01  1.70189097E-01
 -7.97201467E-01  1.00000000E+00  8.96276621E-01 -2.37163553E+00  4.01195983E-01  1.28600840E+01  9.43901429E-01  1.70231180E-01
 -7.72686817E-01  1.00000000E+00  8.77345199E-01 -2.37195524E+00  4.01277310E-01  1.28630138E+01  9.43884738E-01  1.70273272E-01
 -7.49503432E-01  1.00000000E+00  8.59533100E-01 -2.37202157E+00  4.01394140E-01  1.28673383E+01  9.43723812E-01  1.70337350E-01
 -7.26320047E-01  1.00000000E+00  8.41721001E-01 -2.37208787E+00  4.01530430E-01  1.28716645E+01  9.43562895E-01  1.70401452E-01
 -7.04527831E-01  1.00000000E+00  8.25087896E-01 -2.37329516E+00  4.01703448E-01  1.28799750E+01  9.43694348E-01  1.70518295E-01
 -6.82735615E-01  1.00000000E+00  8.08454792E-01 -2.37450312E+00  4.01891430E-01  1.28882908E+01  9.43825883E-01  1.70635213E-01
 -6.62251087E-01  1.00000000E+00  7.92922509E-01 -2.37478456E+00  4.02142912E-01  1.28979469E+01  9.43511355E-01  1.70777651E-01
 -6.41766559E-01  1.00000000E+00  7.77390226E-01 -2.37506592E+00  4.02422557E-01  1.29076109E+01  9.43196866E-01  1.70920201E-01
 -6.22511254E-01  1.00000000E+00  7.62903186E-01 -2.37601312E+00  4.02734603E-01  1.29205041E+01  9.43030881E-01  1.71106760E-01
 -6.03255949E-01  1.00000000E+00  7.48416146E-01 -2.37696077E+00  4.03081156E-01  1.29334107E+01  9.42864910E-01  1.71293511E-01
 -5.85156097E-01  1.00000000E+00  7.34927599E-01 -2.37938946E+00  4.03485433E-01  1.29531712E+01  9.42994424E-01  1.71573954E-01
 -5.67056245E-01  1.00000000E+00  7.21439052E-01 -2.38182104E+00  4.03914231E-01  1.29729621E+01  9.43124204E-01  1.71854828E-01
 -5.50042515E-01  1.00000000E+00  7.08867820E-01 -2.38342756E+00  4.04431427E-01  1.29957695E+01  9.42787661E-01  1.72185455E-01
 -5.33028786E-01  1.00000000E+00  6.96296588E-01 -2.38503536E+00  4.04970887E-01  1.30186187E+01  9.42451184E-01  1.72516679E-01
 -5.17036006E-01  1.00000000E+00  6.84637366E-01 -2.38794952E+00  4.05576188E-01  1.30473504E+01  9.42396952E-01  1.72927906E-01
 -5.01043227E-01  1.00000000E+00  6.72978143E-01 -2.39086804E+00  4.06218705E-01  1.30761468E+01  9.42342994E-01  1.73340054E-01
 -4.86010125E-01  1.00000000E+00  6.62137090E-01 -2.39404087E+00  4.06940927E-01  1.31099249E+01  9.42192599E-01  1.73824747E-01
 -4.70977023E-01  1.00000000E+00  6.51296038E-01 -2.39721887E+00  4.07715366E-01  1.31437925E+01  9.42042466E-01  1.74310715E-01
 -4.56846016E-01  1.00000000E+00  6.41219097E-01 -2.40125904E+00  4.08557782E-01  1.31860647E+01  9.41896146E-01  1.74916694E-01
 -4.42715008E-01  1.00000000E+00  6.31142157E-01 -2.40530752E+00  4.09460784E-01  1.32284762E+01  9.41750246E-01  1.75524656E-01
 -4.29431964E-01  1.00000000E+00  6.21861544E-01 -2.40885537E+00  4.10469011E-01  1.32690461E+01  9.41370933E-01  1.76109645E-01
 -4.16148920E-01  1.00000000E+00  6.12580932E-01 -2.41240996E+00  4.11537837E-01  1.33097440E+01  9.40992140E-01  1.76696455E-01
 -4.03662954E-01  1.00000000E+00  6.03977092E-01 -2.41724012E+00  4.12624387E-01  1.33652019E+01  9.40696763E-01  1.77492931E-01
 -3.91176988E-01  1.00000000E+00  5.95373252E-01 -2.42208178E+00  4.13822332E-01  1.34208978E+01  9.40401674E-01  1.78292802E-01
 -3.79440270E-01  1.00000000E+00  5.87381181E-01 -2.42845547E+00  4.15116300E-01  1.34835648E+01  9.40354179E-01  1.79188723E-01
 -3.67703552E-01  1.00000000E+00  5.79389110E-01 -2.43484949E+00  4.16468861E-01  1.35465300E+01  9.40307918E-01  1.80088887E-01
 -3.56671122E-01  1.00000000E+00  5.72166544E-01 -2.44094047E+00  4.17905769E-01  1.36133265E+01  9.39947489E-01  1.81048272E-01
 -3.45638692E-01  1.00000000E+00  5.64943978E-01 -2.44705030E+00  4.19384265E-01  1.36804608E+01  9.39588087E-01  1.82012467E-01
 -3.35268287E-01  1.00000000E+00  5.58168252E-01 -2.45430032E+00  4.20930576E-01  1.37594251E+01  9.39352788E-01  1.83143890E-01
 -3.24897882E-01  1.00000000E+00  5.51392525E-01 -2.46157595E+00  4.22606467E-01  1.38388567E+01  9.39118381E-01  1.84281976E-01
 -3.15149775E-01  1.00000000E+00  5.45272050E-01 -2.46789995E+00  4.24395477E-01  1.39134782E+01  9.38561469E-01  1.85355953E-01
 -3.05401669E-01  1.00000000E+00  5.39151574E-01 -2.47424399E+00  4.26253985E-01  1.39885138E+01  9.38005539E-01  1.86435832E-01
 -2.96238520E-01  1.00000000E+00  5.33470764E-01 -2.48240044E+00  4.28165723E-01  1.40875551E+01  9.37327981E-01  1.87860387E-01
 -2.87075371E-01  1.00000000E+00  5.27789954E-01 -2.49058891E+00  4.30290216E-01  1.41873193E+01  9.36651333E-01  1.89295257E-01
 -2.78462077E-01  1.00000000E+00  5.22742909E-01 -2.49932953E+00  4.32439115E-01  1.42838741E+01  9.36189920E-01  1.90681203E-01
 -2.69848783E-01  1.00000000E+00  5.17695865E-01 -2.50810792E+00  4.34669242E-01  1.43811017E+01  9.35730610E-01  1.92076729E-01
 -2.61752348E-01  1.00000000E+00  5.13047822E-01 -2.51936356E+00  4.36980602E-01  1.44982818E+01  9.35627762E-01  1.93752201E-01
 -2.53655913E-01  1.00000000E+00  5.08399779E-01 -2.53067952E+00  4.39397815E-01  1.46164359E+01  9.35527840E-01  1.95441544E-01
 -2.46045323E-01  1.00000000E+00  5.04306055E-01 -2.53974727E+00  4.41912688E-01  1.47351031E+01  9.34565141E-01  1.97150542E-01
 -2.38434732E-01  1.00000000E+00  5.00212331E-01 -2.54885269E+00  4.44509785E-01  1.48547661E+01  9.33603175E-01  1.98873756E-01
 -2.31280830E-01  1.00000000E+00  4.96431995E-01 -2.55868293E+00  4.47224547E-01  1.49819592E+01  9.32731420E-01  2.00703254E-01
 -2.24126928E-01  1.00000000E+00  4.92651659E-01 -2.56855653E+00  4.50048087E-01  1.51102766E+01  9.31860175E-01  2.02548806E-01
 -2.17402314E-01  1.00000000E+00  4.89324119E-01 -2.58350755E+00  4.52994841E-01  1.52593070E+01  9.31997402E-01  2.04675851E-01
 -2.10677699E-01  1.00000000E+00  4.85996578E-01 -2.59856220E+00  4.56026496E-01  1.54098299E+01  9.32141109E-01  2.06824125E-01
 -2.04351753E-01  1.00000000E+00  4.83138461E-01 -2.61115985E+00  4.59192028E-01  1.55653457E+01  9.31274350E-01  2.09058162E-01
 -1.98025807E-01  1.00000000E+00  4.80280343E-01 -2.62382977E+00  4.62416756E-01  1.57224743E+01  9.30409831E-01  2.11315207E-01
 -1.91837501E-01  1.00000000E+00  4.77634328E-01 -2.63839158E+00  4.65970171E-01  1.58873688E+01  9.29930551E-01  2.13677690E-01
 -1.85649194E-01  1.00000000E+00  4.74988314E-01 -2.65305035E+00  4.69632385E-01  1.60540298E+01  9.29455802E-01  2.16065343E-01
 -1.79460888E-01  1.00000000E+00  4.72682372E-01 -2.66364112E+00  4.73687682E-01  1.62378838E+01  9.27081643E-01  2.18725745E-01
 -1.73272582E-01  1.00000000E+00  4.70376430E-01 -2.67426927E+00  4.77885930E-01  1.64239400E+01  9.24707119E-01  2.21417612E-01
 -1.67084275E-01  1.00000000E+00  4.68277007E-01 -2.69690934E+00  4.82551250E-01  1.66600394E+01  9.24970999E-01  2.24786691E-01
 -1.60895969E-01  1.00000000E+00  4.66177585E-01 -2.71977504E+00  4.87350366E-01  1.68995839E+01  9.25247463E-01  2.28204807E-01
 -1.54707662E-01  1.00000000E+00  4.64507331E-01 -2.73684269E+00  4.92768104E-01  1.71544030E+01  9.23061610E-01  2.31876305E-01
 -1.48519356E-01  1.00000000E+00  4.62837076E-01 -2.75402613E+00  4.98340725E-01  1.74131976E+01  9.20876625E-01  2.35604585E-01
 -1.42331049E-01  1.00000000E+00  4.61789403E-01 -2.77607144E+00  5.04777076E-01  1.76854647E+01  9.19508701E-01  2.39513657E-01
 -1.36142743E-01  1.00000000E+00  4.60741730E-01 -2.79833220E+00  5.11565426E-01  1.79620815E+01  9.18153253E-01  2.43484689E-01
 -1.29954436E-01  1.00000000E+00  4.60206139E-01 -2.82411794E+00  5.18877085E-01  1.83334065E+01  9.16125213E-01  2.48818305E-01
 -1.23766130E-01  1.00000000E+00  4.59670548E-01 -2.85015655E+00  5.26727758E-01  1.87126387E+01  9.14095030E-01  2.54264910E-01
 -1.17577823E-01  1.00000000E+00  4.59582056E-01 -2.88333544E+00  5.35872996E-01  1.91560961E+01  9.12283578E-01  2.60625894E-01
 -1.11389517E-01  1.00000000E+00  4.59493564E-01 -2.91695830E+00  5.45494805E-01  1.96103114E+01  9.10483756E-01  2.67140395E-01
 -1.05201210E-01  1.00000000E+00  4.60918350E-01 -2.95374568E+00  5.56631043E-01  2.01298310E+01  9.07721067E-01  2.74601571E-01
 -9.90129037E-02  1.00000000E+00  4.62343136E-01 -2.99106897E+00  5.68284685E-01  2.06634513E+01  9.04975978E-01  2.82263933E-01
 -9.28245972E-02  1.00000000E+00  4.65328489E-01 -3.02236862E+00  5.82083190E-01  2.12967122E+01  8.98623957E-01  2.91401261E-01
 -8.66362908E-02  1.00000000E+00  4.68313841E-01 -3.05388473E+00  5.96565964E-01  2.19501714E+01  8.92257856E-01  3.00827337E-01
 -8.04479843E-02  1.00000000E+00  4.72328751E-01 -3.11290921E+00  6.14517105E-01  2.27648977E+01  8.89975700E-01  3.12498885E-01
 -7.42596778E-02  1.00000000E+00  4.76343661E-01 -3.17325244E+00  6.33852203E-01  2.36104202E+01  8.87742019E-01  3.24609688E-01
 -6.80713713E-02  1.00000000E+00  4.84938787E-01 -3.19540456E+00  6.56969525E-01  2.46575277E+01  8.71721158E-01  3.39797237E-01
 -6.18830648E-02  1.00000000E+00  4.93533914E-01 -3.21649839E+00  6.82905180E-01  2.57540638E+01  8.55686393E-01  3.55691105E-01
 -5.56947583E-02  1.00000000E+00  5.01888462E-01 -3.44430496E+00  7.15584876E-01  2.74057246E+01  8.79268799E-01  3.78949369E-01
 -4.95064519E-02  1.00000000E+00  5.10243010E-01 -3.68713501E+00  7.50530019E-01  2.91635830E+01  9.05104671E-01  4.03692547E-01
 -4.33181454E-02  1.00000000E+00  5.70193592E-01 -3.45997513E+00  7.96596585E-01  3.11172250E+01  8.21407508E-01  4.32797393E-01
 -3.71298389E-02  1.00000000E+00  6.30144174E-01 -3.20616425E+00  8.60733682E-01  3.32486344E+01  7.43001221E-01  4.64366188E-01
 -3.09415324E-02  1.00000000E+00  5.15550992E-01 -2.38094172E+00  9.50340452E-01  3.15476100E+01  6.35590669E-01  4.41600276E-01
 -2.47532259E-02  1.00000000E+00  4.00957810E-01 -1.60906903E+00  1.02874918E+00  3.00283884E+01  5.63796616E-01  4.20922739E-01
 -1.85649194E-02  1.00000000E+00  1.10976537E+00 -6.76799810E+00  1.18209253E+00  5.52368085E+01  1.17977034E+00  7.72243402E-01
 -1.23766130E-02  1.00000000E+00  1.81857294E+00 -1.78427690E+01  1.49802472E+00  1.04788928E+02  3.28758837E+00  1.45001914E+00
 -6.18830648E-03  1.00000000E+00  5.62039822E-02  9.39302041E+00  2.45864147E+00  7.41676711E+01  1.54393828E+00  1.03748190E+00
  0.00000000E+00  1.00000000E+00 -1.70616497E+00  5.01828877E+01  4.97264634E+00  1.20273941E+02  2.11579288E+01  1.41594304E+00
