# curve 5 (die wall), step =      100, time =   4.00000000E+01
# N1 = tau_xx - tau_yy = G ( c_xx - c_yy ),  G =  1.4286E-02  (polymer part only)
#              x               y        pressure            c_xy        gammadot            c_xx            c_yy              N1
 -3.00000000E+00  1.00000000E+00  2.63470191E+00 -2.37866457E+00  4.01738261E-01  1.28936131E+01  9.43823877E-01  1.70711274E-01
 -2.97524677E+00  1.00000000E+00  2.61511358E+00 -2.37857315E+00  4.01741099E-01  1.28929773E+01  9.43823011E-01  1.70702204E-01
 -2.95049355E+00  1.00000000E+00  2.59552525E+00 -2.37848173E+00  4.01742818E-01  1.28923416E+01  9.43822145E-01  1.70693134E-01
 -2.92574032E+00  1.00000000E+00  2.57594026E+00 -2.37864167E+00  4.01745146E-01  1.28936284E+01  9.43830935E-01  1.70711393E-01
 -2.90098710E+00  1.00000000E+00  2.55635526E+00 -2.37880163E+00  4.01744906E-01  1.28949154E+01  9.43839726E-01  1.70729653E-01
 -2.87623387E+00  1.00000000E+00  2.53678667E+00 -2.37921881E+00  4.01742376E-01  1.28986037E+01  9.43860608E-01  1.70782044E-01
 -2.85148064E+00  1.00000000E+00  2.51721807E+00 -2.37963608E+00  4.01737205E-01  1.29022930E+01  9.43881495E-01  1.70834450E-01
 -2.82672742E+00  1.00000000E+00  2.49762873E+00 -2.37914752E+00  4.01731490E-01  1.28992031E+01  9.43836314E-01  1.70790954E-01
 -2.80197419E+00  1.00000000E+00  2.47803940E+00 -2.37865906E+00  4.01731977E-01  1.28961140E+01  9.43791149E-01  1.70747469E-01
 -2.77722097E+00  1.00000000E+00  2.45844604E+00 -2.37857037E+00  4.01733327E-01  1.28945244E+01  9.43797505E-01  1.70724670E-01
 -2.75246774E+00  1.00000000E+00  2.43885268E+00 -2.37848167E+00  4.01736845E-01  1.28929350E+01  9.43803859E-01  1.70701874E-01
 -2.72771451E+00  1.00000000E+00  2.41928551E+00 -2.37865156E+00  4.01737362E-01  1.28938561E+01  9.43838396E-01  1.70714539E-01
 -2.70296129E+00  1.00000000E+00  2.39971834E+00 -2.37882147E+00  4.01731758E-01  1.28947773E+01  9.43872936E-01  1.70727205E-01
 -2.67820806E+00  1.00000000E+00  2.38012772E+00 -2.37866353E+00  4.01729730E-01  1.28939162E+01  9.43833431E-01  1.70715468E-01
 -2.65345484E+00  1.00000000E+00  2.36053709E+00 -2.37850561E+00  4.01733829E-01  1.28930552E+01  9.43793929E-01  1.70703732E-01
 -2.62870161E+00  1.00000000E+00  2.34096032E+00 -2.37851712E+00  4.01737882E-01  1.28924669E+01  9.43813103E-01  1.70695054E-01
 -2.60394839E+00  1.00000000E+00  2.32138356E+00 -2.37852864E+00  4.01739834E-01  1.28918787E+01  9.43832278E-01  1.70686377E-01
 -2.57919516E+00  1.00000000E+00  2.30180233E+00 -2.37859006E+00  4.01742088E-01  1.28928289E+01  9.43835375E-01  1.70699908E-01
 -2.55444193E+00  1.00000000E+00  2.28222110E+00 -2.37865149E+00  4.01738691E-01  1.28937792E+01  9.43838472E-01  1.70713439E-01
 -2.52968871E+00  1.00000000E+00  2.26264382E+00 -2.37901284E+00  4.01733774E-01  1.28966086E+01  9.43872850E-01  1.70753368E-01
 -2.50493548E+00  1.00000000E+00  2.24306653E+00 -2.37937426E+00  4.01725288E-01  1.28994386E+01  9.43907233E-01  1.70793305E-01
 -2.48018226E+00  1.00000000E+00  2.22347456E+00 -2.37890123E+00  4.01723336E-01  1.28963141E+01  9.43849978E-01  1.70749488E-01
 -2.45542903E+00  1.00000000E+00  2.20388259E+00 -2.37842830E+00  4.01728534E-01  1.28931904E+01  9.43792736E-01  1.70705681E-01
 -2.43067580E+00  1.00000000E+00  2.18429915E+00 -2.37839074E+00  4.01734414E-01  1.28922480E+01  9.43798670E-01  1.70692133E-01
 -2.40592258E+00  1.00000000E+00  2.16471570E+00 -2.37835318E+00  4.01740893E-01  1.28913055E+01  9.43804604E-01  1.70678585E-01
 -2.38116935E+00  1.00000000E+00  2.14514373E+00 -2.37850330E+00  4.01740992E-01  1.28922246E+01  9.43838764E-01  1.70691226E-01
 -2.35641613E+00  1.00000000E+00  2.12557175E+00 -2.37865342E+00  4.01734586E-01  1.28931437E+01  9.43872925E-01  1.70703868E-01
 -2.33166290E+00  1.00000000E+00  2.10598764E+00 -2.37864824E+00  4.01731676E-01  1.28935974E+01  9.43849145E-01  1.70710689E-01
 -2.30690967E+00  1.00000000E+00  2.08640352E+00 -2.37864306E+00  4.01732606E-01  1.28940512E+01  9.43825365E-01  1.70717512E-01
 -2.28215645E+00  1.00000000E+00  2.06681541E+00 -2.37854894E+00  4.01734799E-01  1.28933245E+01  9.43806045E-01  1.70707407E-01
 -2.25740322E+00  1.00000000E+00  2.04722730E+00 -2.37845482E+00  4.01738281E-01  1.28925980E+01  9.43786726E-01  1.70697303E-01
 -2.23265000E+00  1.00000000E+00  2.02765632E+00 -2.37888248E+00  4.01737941E-01  1.28954198E+01  9.43850353E-01  1.70736706E-01
 -2.20789677E+00  1.00000000E+00  2.00808534E+00 -2.37931023E+00  4.01728939E-01  1.28982422E+01  9.43913991E-01  1.70776117E-01
 -2.18314354E+00  1.00000000E+00  1.98849420E+00 -2.37889930E+00  4.01723260E-01  1.28953178E+01  9.43875772E-01  1.70734886E-01
 -2.15839032E+00  1.00000000E+00  1.96890307E+00 -2.37848844E+00  4.01723047E-01  1.28923941E+01  9.43837563E-01  1.70693665E-01
 -2.13363709E+00  1.00000000E+00  1.94932735E+00 -2.37842299E+00  4.01723383E-01  1.28917694E+01  9.43827032E-01  1.70684892E-01
 -2.10888387E+00  1.00000000E+00  1.92975163E+00 -2.37835753E+00  4.01726527E-01  1.28911448E+01  9.43816501E-01  1.70676119E-01
 -2.08413064E+00  1.00000000E+00  1.91016239E+00 -2.37834724E+00  4.01730635E-01  1.28906527E+01  9.43822872E-01  1.70668997E-01
 -2.05937741E+00  1.00000000E+00  1.89057315E+00 -2.37833695E+00  4.01731157E-01  1.28901605E+01  9.43829243E-01  1.70661876E-01
 -2.03462419E+00  1.00000000E+00  1.87100147E+00 -2.37841333E+00  4.01727730E-01  1.28912493E+01  9.43831527E-01  1.70677396E-01
 -2.00987096E+00  1.00000000E+00  1.85142980E+00 -2.37848971E+00  4.01722973E-01  1.28923381E+01  9.43833809E-01  1.70692918E-01
 -1.98511774E+00  1.00000000E+00  1.83183790E+00 -2.37843770E+00  4.01720797E-01  1.28918375E+01  9.43826071E-01  1.70685877E-01
 -1.96036451E+00  1.00000000E+00  1.81224600E+00 -2.37838570E+00  4.01719695E-01  1.28913369E+01  9.43818333E-01  1.70678837E-01
 -1.93561128E+00  1.00000000E+00  1.79268370E+00 -2.37874172E+00  4.01715232E-01  1.28937997E+01  9.43869224E-01  1.70713292E-01
 -1.91085806E+00  1.00000000E+00  1.77312140E+00 -2.37909780E+00  4.01706149E-01  1.28962629E+01  9.43920121E-01  1.70747755E-01
 -1.88610483E+00  1.00000000E+00  1.75352274E+00 -2.37876299E+00  4.01701058E-01  1.28947275E+01  9.43840932E-01  1.70726951E-01
 -1.86135161E+00  1.00000000E+00  1.73392408E+00 -2.37842823E+00  4.01703367E-01  1.28931923E+01  9.43761754E-01  1.70706151E-01
 -1.83659838E+00  1.00000000E+00  1.71434682E+00 -2.37845930E+00  4.01704888E-01  1.28922085E+01  9.43819660E-01  1.70691269E-01
 -1.81184516E+00  1.00000000E+00  1.69476957E+00 -2.37849036E+00  4.01702033E-01  1.28912248E+01  9.43877568E-01  1.70676388E-01
 -1.78709193E+00  1.00000000E+00  1.67521065E+00 -2.37893276E+00  4.01691082E-01  1.28954782E+01  9.43895119E-01  1.70736901E-01
 -1.76233870E+00  1.00000000E+00  1.65565173E+00 -2.37937526E+00  4.01673950E-01  1.28997330E+01  9.43912674E-01  1.70797434E-01
 -1.73758548E+00  1.00000000E+00  1.63605027E+00 -2.37909204E+00  4.01668524E-01  1.28978048E+01  9.43875515E-01  1.70770419E-01
 -1.71283225E+00  1.00000000E+00  1.61644881E+00 -2.37880886E+00  4.01666526E-01  1.28958769E+01  9.43838361E-01  1.70743408E-01
 -1.68807903E+00  1.00000000E+00  1.59686955E+00 -2.37868795E+00  4.01659366E-01  1.28941091E+01  9.43848244E-01  1.70718012E-01
 -1.66332580E+00  1.00000000E+00  1.57729029E+00 -2.37856705E+00  4.01651437E-01  1.28923415E+01  9.43858125E-01  1.70692620E-01
 -1.63857257E+00  1.00000000E+00  1.55772859E+00 -2.37860515E+00  4.01647708E-01  1.28926789E+01  9.43868335E-01  1.70697294E-01
 -1.61381935E+00  1.00000000E+00  1.53816689E+00 -2.37864325E+00  4.01639080E-01  1.28930163E+01  9.43878546E-01  1.70701968E-01
 -1.58906612E+00  1.00000000E+00  1.51857399E+00 -2.37833573E+00  4.01627350E-01  1.28905076E+01  9.43847991E-01  1.70666566E-01
 -1.56431290E+00  1.00000000E+00  1.49898108E+00 -2.37802827E+00  4.01619118E-01  1.28879994E+01  9.43817439E-01  1.70631171E-01
 -1.53955967E+00  1.00000000E+00  1.47942668E+00 -2.37794775E+00  4.01611994E-01  1.28867035E+01  9.43836592E-01  1.70612385E-01
 -1.51480644E+00  1.00000000E+00  1.45987228E+00 -2.37786724E+00  4.01604438E-01  1.28854078E+01  9.43855745E-01  1.70593601E-01
 -1.49005322E+00  1.00000000E+00  1.44030531E+00 -2.37801281E+00  4.01591430E-01  1.28866705E+01  9.43882194E-01  1.70611262E-01
 -1.46529999E+00  1.00000000E+00  1.42073834E+00 -2.37815839E+00  4.01568980E-01  1.28879333E+01  9.43908644E-01  1.70628924E-01
 -1.44054677E+00  1.00000000E+00  1.40118229E+00 -2.37860778E+00  4.01546529E-01  1.28916061E+01  9.43952475E-01  1.70680766E-01
 -1.41579354E+00  1.00000000E+00  1.38162623E+00 -2.37905726E+00  4.01515433E-01  1.28952798E+01  9.43996312E-01  1.70732622E-01
 -1.39104031E+00  1.00000000E+00  1.36206132E+00 -2.37836940E+00  4.01489809E-01  1.28904166E+01  9.43937727E-01  1.70663984E-01
 -1.36628709E+00  1.00000000E+00  1.34249640E+00 -2.37768175E+00  4.01474275E-01  1.28855552E+01  9.43879170E-01  1.70595372E-01
 -1.34153386E+00  1.00000000E+00  1.32294337E+00 -2.37750708E+00  4.01456432E-01  1.28830334E+01  9.43884952E-01  1.70559263E-01
 -1.31678064E+00  1.00000000E+00  1.30339035E+00 -2.37733241E+00  4.01439541E-01  1.28805121E+01  9.43890731E-01  1.70523162E-01
 -1.29202741E+00  1.00000000E+00  1.28386512E+00 -2.37742560E+00  4.01420031E-01  1.28808667E+01  9.43910261E-01  1.70527949E-01
 -1.26727418E+00  1.00000000E+00  1.26433989E+00 -2.37751879E+00  4.01394273E-01  1.28812214E+01  9.43929792E-01  1.70532737E-01
 -1.24252096E+00  1.00000000E+00  1.24482551E+00 -2.37771030E+00  4.01366570E-01  1.28818861E+01  9.43979470E-01  1.70541523E-01
 -1.21776773E+00  1.00000000E+00  1.22531114E+00 -2.37790183E+00  4.01330397E-01  1.28825508E+01  9.44029151E-01  1.70550310E-01
 -1.19301451E+00  1.00000000E+00  1.20579024E+00 -2.37731935E+00  4.01298462E-01  1.28784435E+01  9.43985842E-01  1.70492252E-01
 -1.16826128E+00  1.00000000E+00  1.18626935E+00 -2.37673703E+00  4.01272432E-01  1.28743375E+01  9.43942553E-01  1.70434213E-01
 -1.14350806E+00  1.00000000E+00  1.16678655E+00 -2.37674327E+00  4.01241689E-01  1.28734322E+01  9.43961540E-01  1.70421009E-01
 -1.11875483E+00  1.00000000E+00  1.14730375E+00 -2.37674950E+00  4.01213899E-01  1.28725269E+01  9.43980527E-01  1.70407806E-01
 -1.09400160E+00  1.00000000E+00  1.12784337E+00 -2.37650763E+00  4.01187797E-01  1.28702324E+01  9.43973170E-01  1.70375132E-01
 -1.06924838E+00  1.00000000E+00  1.10838299E+00 -2.37626579E+00  4.01160873E-01  1.28679383E+01  9.43965814E-01  1.70342465E-01
 -1.04449515E+00  1.00000000E+00  1.08895467E+00 -2.37610513E+00  4.01132673E-01  1.28659903E+01  9.43984925E-01  1.70314362E-01
 -1.01974193E+00  1.00000000E+00  1.06952635E+00 -2.37594448E+00  4.01101515E-01  1.28640425E+01  9.44004037E-01  1.70286264E-01
 -9.94988700E-01  1.00000000E+00  1.05014114E+00 -2.37594176E+00  4.01077934E-01  1.28640658E+01  9.44015668E-01  1.70286431E-01
 -9.70235474E-01  1.00000000E+00  1.03075594E+00 -2.37593903E+00  4.01059387E-01  1.28640891E+01  9.44027299E-01  1.70286598E-01
 -9.45482248E-01  1.00000000E+00  1.01140069E+00 -2.37566513E+00  4.01048829E-01  1.28624626E+01  9.43977067E-01  1.70264079E-01
 -9.20729022E-01  1.00000000E+00  9.92045436E-01 -2.37539127E+00  4.01043652E-01  1.28608362E+01  9.43926840E-01  1.70241563E-01
 -8.95975796E-01  1.00000000E+00  9.72769450E-01 -2.37536295E+00  4.01046480E-01  1.28602800E+01  9.43950897E-01  1.70233274E-01
 -8.71222570E-01  1.00000000E+00  9.53493464E-01 -2.37533463E+00  4.01052214E-01  1.28597239E+01  9.43974955E-01  1.70224985E-01
 -8.46469344E-01  1.00000000E+00  9.34277087E-01 -2.37585791E+00  4.01086743E-01  1.28637032E+01  9.44025732E-01  1.70281107E-01
 -8.21716118E-01  1.00000000E+00  9.15060710E-01 -2.37638133E+00  4.01116891E-01  1.28676837E+01  9.44076522E-01  1.70337246E-01
 -7.97201467E-01  1.00000000E+00  8.96126020E-01 -2.37670652E+00  4.01194317E-01  1.28707621E+01  9.44060118E-01  1.70381457E-01
 -7.72686817E-01  1.00000000E+00  8.77191329E-01 -2.37703176E+00  4.01275840E-01  1.28738413E+01  9.44043721E-01  1.70425679E-01
 -7.49503432E-01  1.00000000E+00  8.59375785E-01 -2.37709428E+00  4.01392979E-01  1.28783150E+01  9.43880184E-01  1.70491926E-01
 -7.26320047E-01  1.00000000E+00  8.41560240E-01 -2.37715675E+00  4.01529527E-01  1.28827904E+01  9.43716656E-01  1.70558197E-01
 -7.04527831E-01  1.00000000E+00  8.24923053E-01 -2.37834904E+00  4.01703266E-01  1.28912110E+01  9.43842777E-01  1.70676689E-01
 -6.82735615E-01  1.00000000E+00  8.08285865E-01 -2.37954199E+00  4.01892189E-01  1.28996372E+01  9.43968975E-01  1.70795260E-01
 -6.62251087E-01  1.00000000E+00  7.92750848E-01 -2.37983139E+00  4.02144019E-01  1.29095457E+01  9.43654754E-01  1.70941299E-01
 -6.41766559E-01  1.00000000E+00  7.77215832E-01 -2.38012069E+00  4.02423912E-01  1.29194625E+01  9.43340567E-01  1.71087456E-01
 -6.22511254E-01  1.00000000E+00  7.62725110E-01 -2.38106794E+00  4.02736588E-01  1.29327065E+01  9.43170738E-01  1.71279083E-01
 -6.03255949E-01  1.00000000E+00  7.48234388E-01 -2.38201562E+00  4.03083737E-01  1.29459648E+01  9.43000913E-01  1.71470912E-01
 -5.85156097E-01  1.00000000E+00  7.34742324E-01 -2.38444886E+00  4.03489028E-01  1.29662130E+01  9.43127660E-01  1.71758362E-01
 -5.67056245E-01  1.00000000E+00  7.21250260E-01 -2.38688500E+00  4.03918764E-01  1.29864933E+01  9.43254651E-01  1.72046266E-01
 -5.50042515E-01  1.00000000E+00  7.08676573E-01 -2.38850146E+00  4.04436130E-01  1.30097496E+01  9.42917327E-01  1.72383318E-01
 -5.33028786E-01  1.00000000E+00  6.96102886E-01 -2.39011916E+00  4.04975561E-01  1.30330494E+01  9.42580048E-01  1.72720991E-01
 -5.17036006E-01  1.00000000E+00  6.84439107E-01 -2.39299947E+00  4.05581691E-01  1.30619236E+01  9.42514464E-01  1.73134417E-01
 -5.01043227E-01  1.00000000E+00  6.72775327E-01 -2.39588403E+00  4.06225549E-01  1.30908632E+01  9.42449126E-01  1.73548772E-01
 -4.86010125E-01  1.00000000E+00  6.61932514E-01 -2.39908478E+00  4.06949178E-01  1.31253492E+01  9.42301881E-01  1.74043534E-01
 -4.70977023E-01  1.00000000E+00  6.51089700E-01 -2.40229072E+00  4.07723554E-01  1.31599286E+01  9.42154854E-01  1.74539624E-01
 -4.56846016E-01  1.00000000E+00  6.41008317E-01 -2.40631509E+00  4.08566912E-01  1.32028379E+01  9.41998184E-01  1.75154853E-01
 -4.42715008E-01  1.00000000E+00  6.30926933E-01 -2.41034763E+00  4.09470778E-01  1.32458907E+01  9.41841861E-01  1.75772127E-01
 -4.29431964E-01  1.00000000E+00  6.21643069E-01 -2.41387946E+00  4.10479745E-01  1.32865393E+01  9.41458092E-01  1.76358303E-01
 -4.16148920E-01  1.00000000E+00  6.12359205E-01 -2.41741796E+00  4.11549508E-01  1.33273162E+01  9.41074822E-01  1.76946305E-01
 -4.03662954E-01  1.00000000E+00  6.03752178E-01 -2.42225993E+00  4.12637864E-01  1.33837638E+01  9.40774213E-01  1.77756994E-01
 -3.91176988E-01  1.00000000E+00  5.95145151E-01 -2.42711326E+00  4.13837104E-01  1.34404580E+01  9.40473784E-01  1.78571203E-01
 -3.79440270E-01  1.00000000E+00  5.87149302E-01 -2.43350249E+00  4.15132308E-01  1.35040967E+01  9.40424999E-01  1.79481024E-01
 -3.67703552E-01  1.00000000E+00  5.79153454E-01 -2.43991199E+00  4.16485360E-01  1.35680427E+01  9.40377323E-01  1.80395220E-01
 -3.56671122E-01  1.00000000E+00  5.71929795E-01 -2.44601075E+00  4.17921740E-01  1.36356238E+01  9.40014966E-01  1.81365841E-01
 -3.45638692E-01  1.00000000E+00  5.64706136E-01 -2.45212822E+00  4.19399312E-01  1.37035505E+01  9.39653523E-01  1.82341385E-01
 -3.35268287E-01  1.00000000E+00  5.57925278E-01 -2.45933965E+00  4.20946971E-01  1.37834560E+01  9.39402679E-01  1.83486476E-01
 -3.24897882E-01  1.00000000E+00  5.51144420E-01 -2.46657613E+00  4.22624165E-01  1.38638398E+01  9.39152519E-01  1.84638389E-01
 -3.15149775E-01  1.00000000E+00  5.45019876E-01 -2.47284584E+00  4.24414267E-01  1.39387387E+01  9.38578818E-01  1.85716570E-01
 -3.05401669E-01  1.00000000E+00  5.38895333E-01 -2.47913508E+00  4.26275349E-01  1.40140545E+01  9.38006000E-01  1.86800692E-01
 -2.96238520E-01  1.00000000E+00  5.33210623E-01 -2.48733078E+00  4.28190683E-01  1.41145674E+01  9.37329526E-01  1.88246255E-01
 -2.87075371E-01  1.00000000E+00  5.27525914E-01 -2.49555831E+00  4.30317077E-01  1.42158241E+01  9.36653722E-01  1.89702433E-01
 -2.78462077E-01  1.00000000E+00  5.22478337E-01 -2.50432421E+00  4.32465869E-01  1.43134693E+01  9.36195377E-01  1.91103914E-01
 -2.69848783E-01  1.00000000E+00  5.17430761E-01 -2.51312778E+00  4.34694112E-01  1.44118017E+01  9.35738947E-01  1.92515183E-01
 -2.61752348E-01  1.00000000E+00  5.12776495E-01 -2.52434564E+00  4.37006623E-01  1.45302208E+01  9.35621306E-01  1.94208564E-01
 -2.53655913E-01  1.00000000E+00  5.08122229E-01 -2.53562300E+00  4.39424994E-01  1.46496333E+01  9.35506231E-01  1.95916101E-01
 -2.46045323E-01  1.00000000E+00  5.04027496E-01 -2.54467579E+00  4.41939468E-01  1.47694753E+01  9.34538488E-01  1.97641954E-01
 -2.38434732E-01  1.00000000E+00  4.99932763E-01 -2.55376546E+00  4.44536313E-01  1.48903315E+01  9.33571183E-01  1.99382291E-01
 -2.31280830E-01  1.00000000E+00  4.96146851E-01 -2.56353448E+00  4.47251867E-01  1.50186076E+01  9.32681707E-01  2.01227512E-01
 -2.24126928E-01  1.00000000E+00  4.92360940E-01 -2.57334555E+00  4.50076669E-01  1.51480255E+01  9.31792404E-01  2.03089044E-01
 -2.17402314E-01  1.00000000E+00  4.89028581E-01 -2.58825156E+00  4.53025857E-01  1.52982173E+01  9.31917319E-01  2.05232856E-01
 -2.10677699E-01  1.00000000E+00  4.85696223E-01 -2.60326016E+00  4.56060631E-01  1.54499221E+01  9.32048269E-01  2.07398197E-01
 -2.04351753E-01  1.00000000E+00  4.82836574E-01 -2.61585576E+00  4.59226968E-01  1.56069241E+01  9.31180374E-01  2.09653482E-01
 -1.98025807E-01  1.00000000E+00  4.79976924E-01 -2.62852278E+00  4.62451586E-01  1.57655667E+01  9.30314305E-01  2.11932177E-01
 -1.91837501E-01  1.00000000E+00  4.77324542E-01 -2.64302689E+00  4.66006060E-01  1.59313228E+01  9.29822086E-01  2.14307152E-01
 -1.85649194E-01  1.00000000E+00  4.74672161E-01 -2.65762665E+00  4.69670467E-01  1.60988599E+01  9.29334028E-01  2.16707512E-01
 -1.79460888E-01  1.00000000E+00  4.72364637E-01 -2.66816566E+00  4.73726268E-01  1.62839463E+01  9.26951179E-01  2.19385644E-01
 -1.73272582E-01  1.00000000E+00  4.70057114E-01 -2.67874007E+00  4.77924563E-01  1.64712597E+01  9.24567540E-01  2.22095602E-01
 -1.67084275E-01  1.00000000E+00  4.67949750E-01 -2.70127510E+00  4.82592113E-01  1.67086837E+01  9.24813487E-01  2.25483860E-01
 -1.60895969E-01  1.00000000E+00  4.65842386E-01 -2.72403276E+00  4.87393653E-01  1.69495834E+01  9.25071124E-01  2.28921604E-01
 -1.54707662E-01  1.00000000E+00  4.64169344E-01 -2.74104201E+00  4.92811276E-01  1.72058751E+01  9.22881953E-01  2.32614188E-01
 -1.48519356E-01  1.00000000E+00  4.62496302E-01 -2.75816423E+00  4.98382797E-01  1.74661785E+01  9.20692944E-01  2.36364079E-01
 -1.42331049E-01  1.00000000E+00  4.61441103E-01 -2.78010232E+00  5.04820210E-01  1.77385360E+01  9.19309030E-01  2.40274671E-01
 -1.36142743E-01  1.00000000E+00  4.60385903E-01 -2.80225320E+00  5.11611095E-01  1.80152337E+01  9.17937264E-01  2.44247092E-01
 -1.29954436E-01  1.00000000E+00  4.59843716E-01 -2.82784804E+00  5.18923643E-01  1.83883035E+01  9.15887661E-01  2.49605940E-01
 -1.23766130E-01  1.00000000E+00  4.59301529E-01 -2.85368747E+00  5.26775829E-01  1.87693360E+01  9.13834388E-01  2.55078594E-01
 -1.17577823E-01  1.00000000E+00  4.59203823E-01 -2.88667177E+00  5.35922914E-01  1.92139627E+01  9.12005311E-01  2.61456535E-01
 -1.11389517E-01  1.00000000E+00  4.59106117E-01 -2.92009154E+00  5.45548165E-01  1.96693751E+01  9.10186336E-01  2.67988411E-01
 -1.05201210E-01  1.00000000E+00  4.60520654E-01 -2.95673904E+00  5.56684649E-01  2.01899827E+01  9.07420061E-01  2.75465180E-01
 -9.90129037E-02  1.00000000E+00  4.61935191E-01 -2.99391532E+00  5.68339003E-01  2.07247098E+01  9.04670101E-01  2.83143424E-01
 -9.28245972E-02  1.00000000E+00  4.64914293E-01 -3.02502275E+00  5.82137475E-01  2.13598394E+01  8.98318794E-01  2.92307438E-01
 -8.66362908E-02  1.00000000E+00  4.67893396E-01 -3.05633400E+00  5.96617462E-01  2.20152318E+01  8.91951531E-01  3.01761146E-01
 -8.04479843E-02  1.00000000E+00  4.71889872E-01 -3.11504801E+00  6.14565526E-01  2.28298520E+01  8.89645566E-01  3.13431521E-01
 -7.42596778E-02  1.00000000E+00  4.75886349E-01 -3.17506339E+00  6.33901288E-01  2.36751723E+01  8.87386227E-01  3.25539801E-01
 -6.80713713E-02  1.00000000E+00  4.84466110E-01 -3.19678364E+00  6.57016209E-01  2.47225697E+01  8.71365966E-01  3.40731482E-01
 -6.18830648E-02  1.00000000E+00  4.93045871E-01 -3.21742065E+00  6.82949436E-01  2.58192999E+01  8.55330637E-01  3.56628132E-01
 -5.56947583E-02  1.00000000E+00  5.01373022E-01 -3.44518557E+00  7.15624607E-01  2.74703226E+01  8.78898061E-01  3.79877493E-01
 -4.95064519E-02  1.00000000E+00  5.09700173E-01 -3.68794244E+00  7.50572391E-01  2.92272012E+01  9.04716843E-01  4.04606920E-01
 -4.33181454E-02  1.00000000E+00  5.69609978E-01 -3.46031515E+00  7.96638920E-01  3.11821440E+01  8.21150371E-01  4.33728480E-01
 -3.71298389E-02  1.00000000E+00  6.29519782E-01 -3.20600946E+00  8.60773544E-01  3.33147000E+01  7.42872512E-01  4.65311822E-01
 -3.09415324E-02  1.00000000E+00  5.14923747E-01 -2.38174984E+00  9.50362546E-01  3.16150844E+01  6.35837844E-01  4.42560665E-01
 -2.47532259E-02  1.00000000E+00  4.00327711E-01 -1.61060767E+00  1.02875976E+00  3.00966403E+01  5.64274381E-01  4.21890941E-01
 -1.85649194E-02  1.00000000E+00  1.10866118E+00 -6.75489634E+00  1.18210438E+00  5.52800740E+01  1.17646127E+00  7.72908754E-01
 -1.23766130E-02  1.00000000E+00  1.81699466E+00 -1.77763749E+01  1.49812625E+00  1.04692293E+02  3.26836822E+00  1.44891322E+00
 -6.18830648E-03  1.00000000E+00  5.55382419E-02  9.40900814E+00  2.45810307E+00  7.42344509E+01  1.54701647E+00  1.03839192E+00
  0.00000000E+00  1.00000000E+00 -1.70591817E+00  5.01412927E+01  4.96810555E+00  1.20287260E+02  2.11211185E+01  1.41665917E+00
