# curve 5 (die wall), step =      200, time =   8.00000000E+01
# N1 = tau_xx - tau_yy = G ( c_xx - c_yy ),  G =  1.0000E-01  (polymer part only)
#              x               y        pressure            c_xy        gammadot            c_xx            c_yy              N1
 -3.00000000E+00  1.00000000E+00  1.20727284E+00 -1.15159380E+00  5.22971594E-01  5.46710677E+00  5.38132788E-01  4.92897398E-01
 -2.97524677E+00  1.00000000E+00  1.19898629E+00 -1.15159001E+00  5.23024547E-01  5.46650057E+00  5.38182649E-01  4.92831792E-01
 -2.95049355E+00  1.00000000E+00  1.19069975E+00 -1.15158622E+00  5.23062422E-01  5.46589445E+00  5.38232513E-01  4.92766194E-01
 -2.92574032E+00  1.00000000E+00  1.18245150E+00 -1.15180357E+00  5.23043667E-01  5.46637679E+00  5.38289545E-01  4.92808724E-01
 -2.90098710E+00  1.00000000E+00  1.17420325E+00 -1.15202093E+00  5.22957261E-01  5.46685918E+00  5.38346589E-01  4.92851259E-01
 -2.87623387E+00  1.00000000E+00  1.16588726E+00 -1.15193187E+00  5.22882473E-01  5.46853413E+00  5.38180933E-01  4.93035319E-01
 -2.85148064E+00  1.00000000E+00  1.15757128E+00 -1.15184280E+00  5.22760346E-01  5.47020971E+00  5.38015315E-01  4.93219439E-01
 -2.82672742E+00  1.00000000E+00  1.14924311E+00 -1.15143523E+00  5.22907591E-01  5.46849365E+00  5.37978552E-01  4.93051509E-01
 -2.80197419E+00  1.00000000E+00  1.14091494E+00 -1.15102778E+00  5.23007850E-01  5.46677813E+00  5.37941830E-01  4.92883630E-01
 -2.77722097E+00  1.00000000E+00  1.13262367E+00 -1.15145194E+00  5.23058021E-01  5.46697795E+00  5.38090064E-01  4.92888788E-01
 -2.75246774E+00  1.00000000E+00  1.12433239E+00 -1.15187614E+00  5.23086584E-01  5.46717789E+00  5.38238353E-01  4.92893954E-01
 -2.72771451E+00  1.00000000E+00  1.11609530E+00 -1.15185270E+00  5.23066139E-01  5.46703113E+00  5.38252849E-01  4.92877828E-01
 -2.70296129E+00  1.00000000E+00  1.10785820E+00 -1.15182927E+00  5.23000169E-01  5.46688438E+00  5.38267345E-01  4.92861703E-01
 -2.67820806E+00  1.00000000E+00  1.09954418E+00 -1.15170693E+00  5.22969773E-01  5.46681945E+00  5.38213022E-01  4.92860643E-01
 -2.65345484E+00  1.00000000E+00  1.09123016E+00 -1.15158460E+00  5.22976425E-01  5.46675454E+00  5.38158704E-01  4.92859583E-01
 -2.62870161E+00  1.00000000E+00  1.08292773E+00 -1.15169411E+00  5.22979766E-01  5.46661684E+00  5.38212895E-01  4.92840395E-01
 -2.60394839E+00  1.00000000E+00  1.07462530E+00 -1.15180362E+00  5.22977739E-01  5.46647917E+00  5.38267092E-01  4.92821208E-01
 -2.57919516E+00  1.00000000E+00  1.06637900E+00 -1.15178687E+00  5.22977461E-01  5.46622416E+00  5.38290600E-01  4.92793356E-01
 -2.55444193E+00  1.00000000E+00  1.05813270E+00 -1.15177013E+00  5.22945378E-01  5.46596916E+00  5.38314111E-01  4.92765504E-01
 -2.52968871E+00  1.00000000E+00  1.04982367E+00 -1.15183843E+00  5.22895037E-01  5.46711262E+00  5.38256288E-01  4.92885633E-01
 -2.50493548E+00  1.00000000E+00  1.04151465E+00 -1.15190673E+00  5.22810580E-01  5.46825633E+00  5.38198474E-01  4.93005786E-01
 -2.48018226E+00  1.00000000E+00  1.03316835E+00 -1.15157633E+00  5.22938670E-01  5.46715162E+00  5.38138976E-01  4.92901264E-01
 -2.45542903E+00  1.00000000E+00  1.02482205E+00 -1.15124599E+00  5.23042929E-01  5.46604714E+00  5.38079502E-01  4.92796764E-01
 -2.43067580E+00  1.00000000E+00  1.01655773E+00 -1.15150619E+00  5.23098044E-01  5.46624906E+00  5.38164634E-01  4.92808442E-01
 -2.40592258E+00  1.00000000E+00  1.00829341E+00 -1.15176641E+00  5.23136970E-01  5.46645102E+00  5.38249785E-01  4.92820123E-01
 -2.38116935E+00  1.00000000E+00  1.00002891E+00 -1.15171798E+00  5.23126753E-01  5.46615989E+00  5.38265514E-01  4.92789438E-01
 -2.35641613E+00  1.00000000E+00  9.91764418E-01 -1.15166955E+00  5.23064611E-01  5.46586878E+00  5.38281246E-01  4.92758753E-01
 -2.33166290E+00  1.00000000E+00  9.83449569E-01 -1.15164597E+00  5.23035256E-01  5.46629493E+00  5.38234152E-01  4.92806078E-01
 -2.30690967E+00  1.00000000E+00  9.75134720E-01 -1.15162239E+00  5.23008054E-01  5.46672112E+00  5.38187061E-01  4.92853406E-01
 -2.28215645E+00  1.00000000E+00  9.66850492E-01 -1.15169243E+00  5.23004451E-01  5.46684343E+00  5.38198934E-01  4.92864450E-01
 -2.25740322E+00  1.00000000E+00  9.58566264E-01 -1.15176247E+00  5.23023454E-01  5.46696575E+00  5.38210808E-01  4.92875494E-01
 -2.23265000E+00  1.00000000E+00  9.50262795E-01 -1.15188911E+00  5.22992517E-01  5.46779114E+00  5.38210203E-01  4.92958094E-01
 -2.20789677E+00  1.00000000E+00  9.41959326E-01 -1.15201577E+00  5.22889939E-01  5.46861667E+00  5.38209602E-01  4.93040706E-01
 -2.18314354E+00  1.00000000E+00  9.33648862E-01 -1.15172606E+00  5.22944280E-01  5.46731550E+00  5.38185271E-01  4.92913023E-01
 -2.15839032E+00  1.00000000E+00  9.25338397E-01 -1.15143641E+00  5.23002819E-01  5.46601465E+00  5.38160960E-01  4.92785369E-01
 -2.13363709E+00  1.00000000E+00  9.17078158E-01 -1.15154628E+00  5.23053344E-01  5.46614047E+00  5.38191977E-01  4.92794850E-01
 -2.10888387E+00  1.00000000E+00  9.08817919E-01 -1.15165615E+00  5.23094174E-01  5.46626631E+00  5.38222996E-01  4.92804331E-01
 -2.08413064E+00  1.00000000E+00  9.00493529E-01 -1.15167856E+00  5.23113332E-01  5.46619434E+00  5.38237060E-01  4.92795728E-01
 -2.05937741E+00  1.00000000E+00  8.92169138E-01 -1.15170097E+00  5.23115533E-01  5.46612237E+00  5.38251124E-01  4.92787125E-01
 -2.03462419E+00  1.00000000E+00  8.83891516E-01 -1.15163771E+00  5.23101449E-01  5.46614823E+00  5.38231185E-01  4.92791705E-01
 -2.00987096E+00  1.00000000E+00  8.75613895E-01 -1.15157445E+00  5.23053462E-01  5.46617409E+00  5.38211248E-01  4.92796285E-01
 -1.98511774E+00  1.00000000E+00  8.67299188E-01 -1.15163771E+00  5.23029253E-01  5.46614901E+00  5.38233959E-01  4.92791505E-01
 -1.96036451E+00  1.00000000E+00  8.58984482E-01 -1.15170096E+00  5.23020778E-01  5.46612393E+00  5.38256672E-01  4.92786726E-01
 -1.93561128E+00  1.00000000E+00  8.50731543E-01 -1.15189405E+00  5.22962997E-01  5.46682637E+00  5.38292494E-01  4.92853387E-01
 -1.91085806E+00  1.00000000E+00  8.42478604E-01 -1.15208716E+00  5.22845187E-01  5.46752890E+00  5.38328325E-01  4.92920057E-01
 -1.88610483E+00  1.00000000E+00  8.34103689E-01 -1.15173572E+00  5.22798894E-01  5.46714220E+00  5.38201540E-01  4.92894066E-01
 -1.86135161E+00  1.00000000E+00  8.25728774E-01 -1.15138433E+00  5.22778266E-01  5.46675558E+00  5.38074793E-01  4.92868079E-01
 -1.83659838E+00  1.00000000E+00  8.17475248E-01 -1.15165502E+00  5.22846030E-01  5.46590280E+00  5.38262162E-01  4.92764064E-01
 -1.81184516E+00  1.00000000E+00  8.09221721E-01 -1.15192570E+00  5.22852251E-01  5.46505029E+00  5.38449584E-01  4.92660070E-01
 -1.78709193E+00  1.00000000E+00  8.00982519E-01 -1.15194821E+00  5.22715266E-01  5.46637798E+00  5.38367564E-01  4.92801042E-01
 -1.76233870E+00  1.00000000E+00  7.92743317E-01 -1.15197072E+00  5.22524740E-01  5.46770604E+00  5.38285555E-01  4.92942048E-01
 -1.73758548E+00  1.00000000E+00  7.84350533E-01 -1.15170426E+00  5.22528207E-01  5.46693915E+00  5.38227940E-01  4.92871121E-01
 -1.71283225E+00  1.00000000E+00  7.75957749E-01 -1.15143785E+00  5.22510000E-01  5.46617238E+00  5.38170341E-01  4.92800204E-01
 -1.68807903E+00  1.00000000E+00  7.67640186E-01 -1.15157837E+00  5.22474638E-01  5.46572282E+00  5.38256813E-01  4.92746601E-01
 -1.66332580E+00  1.00000000E+00  7.59322623E-01 -1.15171888E+00  5.22474358E-01  5.46527333E+00  5.38343295E-01  4.92693003E-01
 -1.63857257E+00  1.00000000E+00  7.51061519E-01 -1.15161120E+00  5.22486826E-01  5.46491435E+00  5.38335985E-01  4.92657836E-01
 -1.61381935E+00  1.00000000E+00  7.42800415E-01 -1.15150353E+00  5.22411615E-01  5.46455540E+00  5.38328679E-01  4.92622672E-01
 -1.58906612E+00  1.00000000E+00  7.34448075E-01 -1.15144836E+00  5.22309931E-01  5.46363215E+00  5.38370019E-01  4.92526213E-01
 -1.56431290E+00  1.00000000E+00  7.26095735E-01 -1.15139319E+00  5.22265729E-01  5.46270908E+00  5.38411363E-01  4.92429771E-01
 -1.53955967E+00  1.00000000E+00  7.17859252E-01 -1.15139553E+00  5.22196817E-01  5.46154113E+00  5.38511610E-01  4.92302952E-01
 -1.51480644E+00  1.00000000E+00  7.09622769E-01 -1.15139787E+00  5.22100137E-01  5.46037347E+00  5.38611874E-01  4.92176159E-01
 -1.49005322E+00  1.00000000E+00  7.01367870E-01 -1.15151994E+00  5.21964175E-01  5.45949750E+00  5.38749975E-01  4.92074752E-01
 -1.46529999E+00  1.00000000E+00  6.93112972E-01 -1.15164201E+00  5.21742846E-01  5.45862173E+00  5.38888106E-01  4.91973362E-01
 -1.44054677E+00  1.00000000E+00  6.84774883E-01 -1.15161552E+00  5.21499305E-01  5.45915813E+00  5.38848261E-01  4.92030987E-01
 -1.41579354E+00  1.00000000E+00  6.76436794E-01 -1.15158902E+00  5.21175360E-01  5.45969460E+00  5.38808418E-01  4.92088618E-01
 -1.39104031E+00  1.00000000E+00  6.68126519E-01 -1.15104982E+00  5.21094329E-01  5.45650381E+00  5.38838117E-01  4.91766569E-01
 -1.36628709E+00  1.00000000E+00  6.59816244E-01 -1.15051090E+00  5.21009743E-01  5.45331488E+00  5.38867906E-01  4.91444698E-01
 -1.34153386E+00  1.00000000E+00  6.51551655E-01 -1.15077770E+00  5.20822446E-01  5.45206131E+00  5.39074196E-01  4.91298711E-01
 -1.31678064E+00  1.00000000E+00  6.43287065E-01 -1.15104446E+00  5.20598073E-01  5.45080822E+00  5.39280547E-01  4.91152767E-01
 -1.29202741E+00  1.00000000E+00  6.35069491E-01 -1.15092518E+00  5.20302727E-01  5.44954509E+00  5.39345531E-01  4.91019955E-01
 -1.26727418E+00  1.00000000E+00  6.26851917E-01 -1.15080593E+00  5.19957134E-01  5.44828226E+00  5.39410531E-01  4.90887172E-01
 -1.24252096E+00  1.00000000E+00  6.18599895E-01 -1.15088109E+00  5.19621090E-01  5.44705330E+00  5.39551557E-01  4.90750174E-01
 -1.21776773E+00  1.00000000E+00  6.10347874E-01 -1.15095625E+00  5.19206713E-01  5.44582469E+00  5.39692614E-01  4.90613207E-01
 -1.19301451E+00  1.00000000E+00  6.02094998E-01 -1.15031882E+00  5.18923529E-01  5.44164478E+00  5.39772688E-01  4.90187209E-01
 -1.16826128E+00  1.00000000E+00  5.93842123E-01 -1.14968182E+00  5.18658053E-01  5.43746808E+00  5.39852915E-01  4.89761517E-01
 -1.14350806E+00  1.00000000E+00  5.85670931E-01 -1.14978738E+00  5.18251551E-01  5.43565927E+00  5.40045948E-01  4.89561332E-01
 -1.11875483E+00  1.00000000E+00  5.77499739E-01 -1.14989293E+00  5.17770365E-01  5.43385120E+00  5.40239035E-01  4.89361217E-01
 -1.09400160E+00  1.00000000E+00  5.69309283E-01 -1.14966369E+00  5.17315682E-01  5.43072945E+00  5.40403087E-01  4.89032636E-01
 -1.06924838E+00  1.00000000E+00  5.61118828E-01 -1.14943457E+00  5.16884046E-01  5.42760958E+00  5.40567218E-01  4.88704236E-01
 -1.04449515E+00  1.00000000E+00  5.53028909E-01 -1.14931948E+00  5.16384492E-01  5.42365131E+00  5.40855740E-01  4.88279557E-01
 -1.01974193E+00  1.00000000E+00  5.44938990E-01 -1.14920449E+00  5.15829393E-01  5.41969619E+00  5.41144422E-01  4.87855177E-01
 -9.94988700E-01  1.00000000E+00  5.36892358E-01 -1.14878099E+00  5.15180075E-01  5.41534331E+00  5.41343539E-01  4.87399977E-01
 -9.70235474E-01  1.00000000E+00  5.28845726E-01 -1.14835780E+00  5.14527810E-01  5.41099401E+00  5.41542823E-01  4.86945119E-01
 -9.45482248E-01  1.00000000E+00  5.20782199E-01 -1.14816229E+00  5.13845194E-01  5.40660689E+00  5.41830175E-01  4.86477671E-01
 -9.20729022E-01  1.00000000E+00  5.12718673E-01 -1.14796693E+00  5.13180039E-01  5.40222360E+00  5.42117703E-01  4.86010589E-01
 -8.95975796E-01  1.00000000E+00  5.04865100E-01 -1.14760428E+00  5.12410945E-01  5.39591446E+00  5.42506548E-01  4.85340792E-01
 -8.71222570E-01  1.00000000E+00  4.97011527E-01 -1.14724203E+00  5.11590780E-01  5.38961316E+00  5.42895761E-01  4.84671740E-01
 -8.46469344E-01  1.00000000E+00  4.89202370E-01 -1.14711465E+00  5.10639736E-01  5.38420602E+00  5.43319247E-01  4.84088677E-01
 -8.21716118E-01  1.00000000E+00  4.81393212E-01 -1.14698744E+00  5.09641468E-01  5.37880486E+00  5.43743075E-01  4.83506178E-01
 -7.97201467E-01  1.00000000E+00  4.73730314E-01 -1.14662272E+00  5.08812766E-01  5.37302631E+00  5.44082177E-01  4.82894413E-01
 -7.72686817E-01  1.00000000E+00  4.66067416E-01 -1.14625836E+00  5.07936391E-01  5.36725433E+00  5.44421571E-01  4.82283275E-01
 -7.49503432E-01  1.00000000E+00  4.58990730E-01 -1.14596246E+00  5.07043075E-01  5.36150503E+00  5.44797241E-01  4.81670779E-01
 -7.26320047E-01  1.00000000E+00  4.51914043E-01 -1.14566688E+00  5.06143661E-01  5.35576231E+00  5.45173233E-01  4.81058908E-01
 -7.04527831E-01  1.00000000E+00  4.45420564E-01 -1.14516230E+00  5.05156442E-01  5.34905214E+00  5.45551909E-01  4.80350024E-01
 -6.82735615E-01  1.00000000E+00  4.38927086E-01 -1.14465830E+00  5.04233238E-01  5.34235076E+00  5.45931011E-01  4.79641975E-01
 -6.62251087E-01  1.00000000E+00  4.32856425E-01 -1.14408612E+00  5.03565011E-01  5.33766386E+00  5.46081315E-01  4.79158255E-01
 -6.41766559E-01  1.00000000E+00  4.26785765E-01 -1.14351437E+00  5.02892302E-01  5.33298113E+00  5.46231790E-01  4.78674934E-01
 -6.22511254E-01  1.00000000E+00  4.21341637E-01 -1.14319261E+00  5.02095248E-01  5.32732301E+00  5.46592723E-01  4.78073029E-01
 -6.03255949E-01  1.00000000E+00  4.15897509E-01 -1.14287118E+00  5.01315182E-01  5.32167127E+00  5.46953968E-01  4.77471730E-01
 -5.85156097E-01  1.00000000E+00  4.10961512E-01 -1.14241498E+00  5.00481143E-01  5.31530523E+00  5.47313756E-01  4.76799147E-01
 -5.67056245E-01  1.00000000E+00  4.06025515E-01 -1.14195927E+00  4.99706373E-01  5.30894718E+00  5.47673906E-01  4.76127328E-01
 -5.50042515E-01  1.00000000E+00  4.01458938E-01 -1.14172095E+00  4.99135339E-01  5.30537308E+00  5.47881287E-01  4.75749179E-01
 -5.33028786E-01  1.00000000E+00  3.96892362E-01 -1.14148277E+00  4.98478566E-01  5.30180152E+00  5.48088781E-01  4.75371274E-01
 -5.17036006E-01  1.00000000E+00  3.92875798E-01 -1.14188948E+00  4.97792261E-01  5.29780342E+00  5.48646793E-01  4.74915663E-01
 -5.01043227E-01  1.00000000E+00  3.88859233E-01 -1.14229611E+00  4.97034940E-01  5.29380933E+00  5.49205265E-01  4.74460407E-01
 -4.86010125E-01  1.00000000E+00  3.85121318E-01 -1.14148471E+00  4.96426622E-01  5.28913257E+00  5.49256187E-01  4.73987639E-01
 -4.70977023E-01  1.00000000E+00  3.81383402E-01 -1.14067395E+00  4.96035879E-01  5.28445994E+00  5.49307322E-01  4.73515262E-01
 -4.56846016E-01  1.00000000E+00  3.78251681E-01 -1.14067638E+00  4.95439976E-01  5.28251379E+00  5.49471902E-01  4.73304188E-01
 -4.42715008E-01  1.00000000E+00  3.75119960E-01 -1.14067881E+00  4.95090913E-01  5.28056845E+00  5.49636525E-01  4.73093192E-01
 -4.29431964E-01  1.00000000E+00  3.72146181E-01 -1.14103000E+00  4.95067102E-01  5.28021451E+00  5.49845380E-01  4.73036913E-01
 -4.16148920E-01  1.00000000E+00  3.69172401E-01 -1.14138121E+00  4.95004838E-01  5.27986073E+00  5.50054307E-01  4.72980643E-01
 -4.03662954E-01  1.00000000E+00  3.66735107E-01 -1.14070061E+00  4.94521652E-01  5.27764493E+00  5.49950893E-01  4.72769403E-01
 -3.91176988E-01  1.00000000E+00  3.64297814E-01 -1.14002030E+00  4.94395123E-01  5.27543010E+00  5.49847594E-01  4.72558251E-01
 -3.79440270E-01  1.00000000E+00  3.62081059E-01 -1.14027655E+00  4.94311335E-01  5.27504658E+00  5.49983400E-01  4.72506318E-01
 -3.67703552E-01  1.00000000E+00  3.59864304E-01 -1.14053279E+00  4.94437623E-01  5.27466317E+00  5.50119237E-01  4.72454394E-01
 -3.56671122E-01  1.00000000E+00  3.58021919E-01 -1.14091484E+00  4.94879820E-01  5.27695434E+00  5.50078658E-01  4.72687568E-01
 -3.45638692E-01  1.00000000E+00  3.56179534E-01 -1.14129703E+00  4.95078977E-01  5.27924649E+00  5.50038133E-01  4.72920836E-01
 -3.35268287E-01  1.00000000E+00  3.54766852E-01 -1.14093570E+00  4.94702645E-01  5.27841338E+00  5.49965296E-01  4.72844808E-01
 -3.24897882E-01  1.00000000E+00  3.53354170E-01 -1.14057442E+00  4.94830980E-01  5.27758043E+00  5.49892493E-01  4.72768793E-01
 -3.15149775E-01  1.00000000E+00  3.52033932E-01 -1.14114274E+00  4.95222187E-01  5.28066410E+00  5.49891463E-01  4.73077264E-01
 -3.05401669E-01  1.00000000E+00  3.50713693E-01 -1.14171137E+00  4.95659890E-01  5.28374957E+00  5.49890517E-01  4.73385905E-01
 -2.96238520E-01  1.00000000E+00  3.49785096E-01 -1.14110235E+00  4.95926868E-01  5.28780392E+00  5.49237073E-01  4.73856685E-01
 -2.87075371E-01  1.00000000E+00  3.48856498E-01 -1.14049321E+00  4.96713158E-01  5.29186278E+00  5.48584248E-01  4.74327854E-01
 -2.78462077E-01  1.00000000E+00  3.48129582E-01 -1.14142118E+00  4.97818285E-01  5.29754359E+00  5.48478543E-01  4.74906505E-01
 -2.69848783E-01  1.00000000E+00  3.47402665E-01 -1.14235005E+00  4.98795560E-01  5.30323048E+00  5.48373168E-01  4.75485732E-01
 -2.61752348E-01  1.00000000E+00  3.47156545E-01 -1.14299223E+00  4.99293034E-01  5.30813803E+00  5.48225392E-01  4.75991263E-01
 -2.53655913E-01  1.00000000E+00  3.46910424E-01 -1.14363493E+00  5.00089990E-01  5.31305015E+00  5.48077819E-01  4.76497233E-01
 -2.46045323E-01  1.00000000E+00  3.46662423E-01 -1.14329638E+00  5.01202762E-01  5.31958579E+00  5.47345378E-01  4.77224041E-01
 -2.38434732E-01  1.00000000E+00  3.46414423E-01 -1.14295770E+00  5.02240408E-01  5.32613129E+00  5.46613738E-01  4.77951756E-01
 -2.31280830E-01  1.00000000E+00  3.46604769E-01 -1.14339555E+00  5.02962156E-01  5.33157468E+00  5.46337887E-01  4.78523680E-01
 -2.24126928E-01  1.00000000E+00  3.46795116E-01 -1.14383378E+00  5.03904755E-01  5.33702387E+00  5.46062274E-01  4.79096160E-01
 -2.17402314E-01  1.00000000E+00  3.47220845E-01 -1.14497190E+00  5.04615679E-01  5.34261263E+00  5.46061358E-01  4.79655127E-01
 -2.10677699E-01  1.00000000E+00  3.47646575E-01 -1.14611111E+00  5.05461342E-01  5.34820723E+00  5.46060824E-01  4.80214641E-01
 -2.04351753E-01  1.00000000E+00  3.48244262E-01 -1.14643240E+00  5.06780493E-01  5.35729437E+00  5.45393780E-01  4.81190059E-01
 -1.98025807E-01  1.00000000E+00  3.48841949E-01 -1.14675430E+00  5.08036168E-01  5.36639832E+00  5.44727637E-01  4.82167068E-01
 -1.91837501E-01  1.00000000E+00  3.49671049E-01 -1.14742850E+00  5.09320142E-01  5.37536018E+00  5.44271479E-01  4.83108870E-01
 -1.85649194E-01  1.00000000E+00  3.50500149E-01 -1.14810366E+00  5.10689011E-01  5.38433771E+00  5.43815926E-01  4.84052179E-01
 -1.79460888E-01  1.00000000E+00  3.51511043E-01 -1.14821410E+00  5.12503848E-01  5.39777620E+00  5.42693242E-01  4.85508295E-01
 -1.73272582E-01  1.00000000E+00  3.52521937E-01 -1.14832519E+00  5.14382226E-01  5.41125238E+00  5.41572748E-01  4.86967963E-01
 -1.67084275E-01  1.00000000E+00  3.54340650E-01 -1.15002506E+00  5.15727370E-01  5.42027357E+00  5.41540388E-01  4.87873318E-01
 -1.60895969E-01  1.00000000E+00  3.56159363E-01 -1.15172752E+00  5.17281527E-01  5.42930976E+00  5.41508876E-01  4.88780088E-01
 -1.54707662E-01  1.00000000E+00  3.57965902E-01 -1.15178789E+00  5.19666814E-01  5.44596641E+00  5.40095856E-01  4.90587055E-01
 -1.48519356E-01  1.00000000E+00  3.59772441E-01 -1.15184907E+00  5.21889417E-01  5.46268081E+00  5.38686264E-01  4.92399455E-01
 -1.42331049E-01  1.00000000E+00  3.62415488E-01 -1.15638662E+00  5.24501612E-01  5.48128894E+00  5.39130821E-01  4.94215812E-01
 -1.36142743E-01  1.00000000E+00  3.65058534E-01 -1.16093912E+00  5.26895345E-01  5.49996129E+00  5.39580309E-01  4.96038098E-01
 -1.29954436E-01  1.00000000E+00  3.68400490E-01 -1.16017338E+00  5.27812666E-01  5.50997433E+00  5.38424191E-01  4.97155014E-01
 -1.23766130E-01  1.00000000E+00  3.71742446E-01 -1.15940696E+00  5.29669345E-01  5.52001068E+00  5.37269997E-01  4.98274069E-01
 -1.17577823E-01  1.00000000E+00  3.76165806E-01 -1.16154258E+00  5.31028414E-01  5.53340113E+00  5.37077433E-01  4.99632369E-01
 -1.11389517E-01  1.00000000E+00  3.80589167E-01 -1.16368285E+00  5.33121845E-01  5.54682403E+00  5.36886403E-01  5.00993763E-01
 -1.05201210E-01  1.00000000E+00  3.86007007E-01 -1.16635802E+00  5.37056064E-01  5.57305098E+00  5.35865699E-01  5.03718528E-01
 -9.90129037E-02  1.00000000E+00  3.91424847E-01 -1.16904425E+00  5.40415319E-01  5.59940488E+00  5.34850113E-01  5.06455476E-01
 -9.28245972E-02  1.00000000E+00  3.98111175E-01 -1.17099343E+00  5.43920400E-01  5.62004064E+00  5.33992546E-01  5.08604809E-01
 -8.66362908E-02  1.00000000E+00  4.04797503E-01 -1.17294889E+00  5.45634797E-01  5.64075463E+00  5.33138117E-01  5.10761651E-01
 -8.04479843E-02  1.00000000E+00  4.16009420E-01 -1.18056048E+00  5.44894244E-01  5.64614619E+00  5.36146389E-01  5.10999980E-01
 -7.42596778E-02  1.00000000E+00  4.27221336E-01 -1.18819012E+00  5.45137362E-01  5.65157562E+00  5.39173811E-01  5.11240181E-01
 -6.80713713E-02  1.00000000E+00  4.37652149E-01 -1.18004838E+00  5.47925853E-01  5.66675284E+00  5.34437313E-01  5.13231552E-01
 -6.18830648E-02  1.00000000E+00  4.48082962E-01 -1.17190476E+00  5.46467558E-01  5.68206030E+00  5.29736571E-01  5.15232373E-01
 -5.56947583E-02  1.00000000E+00  4.68643959E-01 -1.26892523E+00  5.41623772E-01  5.68484027E+00  5.71806440E-01  5.11303383E-01
 -4.95064519E-02  1.00000000E+00  4.89204956E-01 -1.36781051E+00  5.23133270E-01  5.69463702E+00  6.17281526E-01  5.07735549E-01
 -4.33181454E-02  1.00000000E+00  5.41177953E-01 -1.21882961E+00  4.61356905E-01  5.17639851E+00  5.99448697E-01  4.57694982E-01
 -3.71298389E-02  1.00000000E+00  5.93150950E-01 -1.08265563E+00  4.13832924E-01  4.70650403E+00  5.87096580E-01  4.11940745E-01
 -3.09415324E-02  1.00000000E+00  5.96731411E-01 -8.86156777E-01  3.52725952E-01  4.38672362E+00  5.35587378E-01  3.85113624E-01
 -2.47532259E-02  1.00000000E+00  6.00311871E-01 -7.04800609E-01  2.79517469E-01  4.10320400E+00  4.95848378E-01  3.60735562E-01
 -1.85649194E-02  1.00000000E+00  9.86306889E-01 -1.37846608E+00  2.44872732E-01  4.86045544E+00  7.16702379E-01  4.14375306E-01
 -1.23766130E-02  1.00000000E+00  1.37230191E+00 -2.25372455E+00  3.88196144E-01  6.02358401E+00  1.11386516E+00  4.90971885E-01
 -6.18830648E-03  1.00000000E+00  8.40118866E-01  9.69968861E-01  1.60270220E+00  5.45871162E+00  4.92678181E-01  4.96603344E-01
  0.00000000E+00  1.00000000E+00  3.07935826E-01  7.93207179E+00  5.83297654E+00  1.48913710E+01  4.35106129E+00  1.05403097E+00
