# curve 5 (die wall), step =      300, time =   1.20000000E+02
# N1 = tau_xx - tau_yy = G ( c_xx - c_yy ),  G =  1.0000E-01  (polymer part only)
#              x               y        pressure            c_xy        gammadot            c_xx            c_yy              N1
 -3.00000000E+00  1.00000000E+00  1.20727294E+00 -1.15159396E+00  5.22971055E-01  5.46710318E+00  5.38133128E-01  4.92897005E-01
 -2.97524677E+00  1.00000000E+00  1.19898639E+00 -1.15159018E+00  5.23024006E-01  5.46649697E+00  5.38182993E-01  4.92831397E-01
 -2.95049355E+00  1.00000000E+00  1.19069984E+00 -1.15158640E+00  5.23061880E-01  5.46589083E+00  5.38232862E-01  4.92765797E-01
 -2.92574032E+00  1.00000000E+00  1.18245160E+00 -1.15180376E+00  5.23043122E-01  5.46637318E+00  5.38289900E-01  4.92808328E-01
 -2.90098710E+00  1.00000000E+00  1.17420336E+00 -1.15202115E+00  5.22956712E-01  5.46685559E+00  5.38346950E-01  4.92850864E-01
 -2.87623387E+00  1.00000000E+00  1.16588737E+00 -1.15193209E+00  5.22881921E-01  5.46853053E+00  5.38181295E-01  4.93034923E-01
 -2.85148064E+00  1.00000000E+00  1.15757138E+00 -1.15184302E+00  5.22759790E-01  5.47020610E+00  5.38015678E-01  4.93219042E-01
 -2.82672742E+00  1.00000000E+00  1.14924322E+00 -1.15143542E+00  5.22907037E-01  5.46849003E+00  5.37978908E-01  4.93051113E-01
 -2.80197419E+00  1.00000000E+00  1.14091505E+00 -1.15102795E+00  5.23007298E-01  5.46677451E+00  5.37942177E-01  4.92883233E-01
 -2.77722097E+00  1.00000000E+00  1.13262378E+00 -1.15145211E+00  5.23057470E-01  5.46697431E+00  5.38090411E-01  4.92888390E-01
 -2.75246774E+00  1.00000000E+00  1.12433251E+00 -1.15187631E+00  5.23086035E-01  5.46717423E+00  5.38238701E-01  4.92893553E-01
 -2.72771451E+00  1.00000000E+00  1.11609541E+00 -1.15185288E+00  5.23065591E-01  5.46702747E+00  5.38253199E-01  4.92877427E-01
 -2.70296129E+00  1.00000000E+00  1.10785832E+00 -1.15182945E+00  5.22999620E-01  5.46688072E+00  5.38267697E-01  4.92861302E-01
 -2.67820806E+00  1.00000000E+00  1.09954430E+00 -1.15170712E+00  5.22969223E-01  5.46681578E+00  5.38213377E-01  4.92860241E-01
 -2.65345484E+00  1.00000000E+00  1.09123028E+00 -1.15158479E+00  5.22975874E-01  5.46675086E+00  5.38159063E-01  4.92859180E-01
 -2.62870161E+00  1.00000000E+00  1.08292786E+00 -1.15169430E+00  5.22979212E-01  5.46661316E+00  5.38213253E-01  4.92839990E-01
 -2.60394839E+00  1.00000000E+00  1.07462543E+00 -1.15180381E+00  5.22977183E-01  5.46647547E+00  5.38267449E-01  4.92820802E-01
 -2.57919516E+00  1.00000000E+00  1.06637913E+00 -1.15178707E+00  5.22976903E-01  5.46622045E+00  5.38290961E-01  4.92792948E-01
 -2.55444193E+00  1.00000000E+00  1.05813283E+00 -1.15177033E+00  5.22944818E-01  5.46596543E+00  5.38314475E-01  4.92765096E-01
 -2.52968871E+00  1.00000000E+00  1.04982380E+00 -1.15183864E+00  5.22894476E-01  5.46710889E+00  5.38256656E-01  4.92885223E-01
 -2.50493548E+00  1.00000000E+00  1.04151478E+00 -1.15190695E+00  5.22810016E-01  5.46825260E+00  5.38198845E-01  4.93005375E-01
 -2.48018226E+00  1.00000000E+00  1.03316849E+00 -1.15157654E+00  5.22938103E-01  5.46714786E+00  5.38139344E-01  4.92900852E-01
 -2.45542903E+00  1.00000000E+00  1.02482220E+00 -1.15124619E+00  5.23042361E-01  5.46604336E+00  5.38079868E-01  4.92796349E-01
 -2.43067580E+00  1.00000000E+00  1.01655788E+00 -1.15150638E+00  5.23097477E-01  5.46624526E+00  5.38164997E-01  4.92808026E-01
 -2.40592258E+00  1.00000000E+00  1.00829356E+00 -1.15176659E+00  5.23136405E-01  5.46644721E+00  5.38250147E-01  4.92819706E-01
 -2.38116935E+00  1.00000000E+00  1.00002906E+00 -1.15171816E+00  5.23126189E-01  5.46615608E+00  5.38265875E-01  4.92789021E-01
 -2.35641613E+00  1.00000000E+00  9.91764563E-01 -1.15166972E+00  5.23064049E-01  5.46586497E+00  5.38281606E-01  4.92758337E-01
 -2.33166290E+00  1.00000000E+00  9.83449716E-01 -1.15164614E+00  5.23034694E-01  5.46629114E+00  5.38234510E-01  4.92805663E-01
 -2.30690967E+00  1.00000000E+00  9.75134869E-01 -1.15162256E+00  5.23007493E-01  5.46671735E+00  5.38187418E-01  4.92852993E-01
 -2.28215645E+00  1.00000000E+00  9.66850643E-01 -1.15169260E+00  5.23003892E-01  5.46683967E+00  5.38199290E-01  4.92864038E-01
 -2.25740322E+00  1.00000000E+00  9.58566417E-01 -1.15176265E+00  5.23022896E-01  5.46696200E+00  5.38211164E-01  4.92875084E-01
 -2.23265000E+00  1.00000000E+00  9.50262950E-01 -1.15188928E+00  5.22991960E-01  5.46778741E+00  5.38210555E-01  4.92957686E-01
 -2.20789677E+00  1.00000000E+00  9.41959483E-01 -1.15201594E+00  5.22889385E-01  5.46861295E+00  5.38209949E-01  4.93040300E-01
 -2.18314354E+00  1.00000000E+00  9.33649018E-01 -1.15172622E+00  5.22943730E-01  5.46731180E+00  5.38185617E-01  4.92912618E-01
 -2.15839032E+00  1.00000000E+00  9.25338553E-01 -1.15143657E+00  5.23002271E-01  5.46601096E+00  5.38161305E-01  4.92784965E-01
 -2.13363709E+00  1.00000000E+00  9.17078317E-01 -1.15154644E+00  5.23052798E-01  5.46613680E+00  5.38192321E-01  4.92794447E-01
 -2.10888387E+00  1.00000000E+00  9.08818080E-01 -1.15165632E+00  5.23093628E-01  5.46626264E+00  5.38223342E-01  4.92803930E-01
 -2.08413064E+00  1.00000000E+00  9.00493691E-01 -1.15167873E+00  5.23112787E-01  5.46619068E+00  5.38237406E-01  4.92795328E-01
 -2.05937741E+00  1.00000000E+00  8.92169303E-01 -1.15170114E+00  5.23114988E-01  5.46611873E+00  5.38251471E-01  4.92786726E-01
 -2.03462419E+00  1.00000000E+00  8.83891683E-01 -1.15163789E+00  5.23100904E-01  5.46614459E+00  5.38231535E-01  4.92791306E-01
 -2.00987096E+00  1.00000000E+00  8.75614063E-01 -1.15157463E+00  5.23052914E-01  5.46617046E+00  5.38211600E-01  4.92795886E-01
 -1.98511774E+00  1.00000000E+00  8.67299359E-01 -1.15163789E+00  5.23028705E-01  5.46614537E+00  5.38234310E-01  4.92791106E-01
 -1.96036451E+00  1.00000000E+00  8.58984655E-01 -1.15170114E+00  5.23020229E-01  5.46612029E+00  5.38257022E-01  4.92786327E-01
 -1.93561128E+00  1.00000000E+00  8.50731717E-01 -1.15189422E+00  5.22962449E-01  5.46682272E+00  5.38292842E-01  4.92852988E-01
 -1.91085806E+00  1.00000000E+00  8.42478780E-01 -1.15208733E+00  5.22844638E-01  5.46752525E+00  5.38328671E-01  4.92919657E-01
 -1.88610483E+00  1.00000000E+00  8.34103866E-01 -1.15173589E+00  5.22798345E-01  5.46713855E+00  5.38201887E-01  4.92893666E-01
 -1.86135161E+00  1.00000000E+00  8.25728952E-01 -1.15138450E+00  5.22777716E-01  5.46675193E+00  5.38075142E-01  4.92867679E-01
 -1.83659838E+00  1.00000000E+00  8.17475427E-01 -1.15165519E+00  5.22845481E-01  5.46589915E+00  5.38262510E-01  4.92763664E-01
 -1.81184516E+00  1.00000000E+00  8.09221902E-01 -1.15192587E+00  5.22851703E-01  5.46504664E+00  5.38449931E-01  4.92659671E-01
 -1.78709193E+00  1.00000000E+00  8.00982704E-01 -1.15194840E+00  5.22714716E-01  5.46637434E+00  5.38367921E-01  4.92800642E-01
 -1.76233870E+00  1.00000000E+00  7.92743506E-01 -1.15197093E+00  5.22524185E-01  5.46770239E+00  5.38285919E-01  4.92941647E-01
 -1.73758548E+00  1.00000000E+00  7.84350724E-01 -1.15170446E+00  5.22527651E-01  5.46693550E+00  5.38228298E-01  4.92870720E-01
 -1.71283225E+00  1.00000000E+00  7.75957943E-01 -1.15143803E+00  5.22509444E-01  5.46616872E+00  5.38170693E-01  4.92799803E-01
 -1.68807903E+00  1.00000000E+00  7.67640379E-01 -1.15157855E+00  5.22474082E-01  5.46571914E+00  5.38257163E-01  4.92746198E-01
 -1.66332580E+00  1.00000000E+00  7.59322816E-01 -1.15171905E+00  5.22473803E-01  5.46526964E+00  5.38343646E-01  4.92692599E-01
 -1.63857257E+00  1.00000000E+00  7.51061714E-01 -1.15161137E+00  5.22486273E-01  5.46491065E+00  5.38336333E-01  4.92657432E-01
 -1.61381935E+00  1.00000000E+00  7.42800612E-01 -1.15150369E+00  5.22411063E-01  5.46455169E+00  5.38329025E-01  4.92622267E-01
 -1.58906612E+00  1.00000000E+00  7.34448273E-01 -1.15144852E+00  5.22309380E-01  5.46362846E+00  5.38370364E-01  4.92525809E-01
 -1.56431290E+00  1.00000000E+00  7.26095933E-01 -1.15139335E+00  5.22265179E-01  5.46270539E+00  5.38411707E-01  4.92429368E-01
 -1.53955967E+00  1.00000000E+00  7.17859451E-01 -1.15139569E+00  5.22196269E-01  5.46153745E+00  5.38511956E-01  4.92302550E-01
 -1.51480644E+00  1.00000000E+00  7.09622970E-01 -1.15139804E+00  5.22099590E-01  5.46036980E+00  5.38612222E-01  4.92175758E-01
 -1.49005322E+00  1.00000000E+00  7.01368075E-01 -1.15152013E+00  5.21963624E-01  5.45949384E+00  5.38750332E-01  4.92074351E-01
 -1.46529999E+00  1.00000000E+00  6.93113181E-01 -1.15164223E+00  5.21742291E-01  5.45861807E+00  5.38888471E-01  4.91972960E-01
 -1.44054677E+00  1.00000000E+00  6.84775097E-01 -1.15161574E+00  5.21498746E-01  5.45915447E+00  5.38848629E-01  4.92030584E-01
 -1.41579354E+00  1.00000000E+00  6.76437014E-01 -1.15158925E+00  5.21174796E-01  5.45969094E+00  5.38808789E-01  4.92088215E-01
 -1.39104031E+00  1.00000000E+00  6.68126740E-01 -1.15105002E+00  5.21093765E-01  5.45650013E+00  5.38838482E-01  4.91766164E-01
 -1.36628709E+00  1.00000000E+00  6.59816466E-01 -1.15051108E+00  5.21009181E-01  5.45331118E+00  5.38868263E-01  4.91444291E-01
 -1.34153386E+00  1.00000000E+00  6.51551878E-01 -1.15077787E+00  5.20821885E-01  5.45205757E+00  5.39074553E-01  4.91298302E-01
 -1.31678064E+00  1.00000000E+00  6.43287290E-01 -1.15104463E+00  5.20597512E-01  5.45080445E+00  5.39280904E-01  4.91152355E-01
 -1.29202741E+00  1.00000000E+00  6.35069717E-01 -1.15092536E+00  5.20302167E-01  5.44954132E+00  5.39345891E-01  4.91019543E-01
 -1.26727418E+00  1.00000000E+00  6.26852144E-01 -1.15080611E+00  5.19956573E-01  5.44827850E+00  5.39410894E-01  4.90886761E-01
 -1.24252096E+00  1.00000000E+00  6.18600126E-01 -1.15088128E+00  5.19620528E-01  5.44704955E+00  5.39551921E-01  4.90749763E-01
 -1.21776773E+00  1.00000000E+00  6.10348108E-01 -1.15095644E+00  5.19206150E-01  5.44582094E+00  5.39692978E-01  4.90612797E-01
 -1.19301451E+00  1.00000000E+00  6.02095235E-01 -1.15031901E+00  5.18922967E-01  5.44164103E+00  5.39773053E-01  4.90186797E-01
 -1.16826128E+00  1.00000000E+00  5.93842363E-01 -1.14968201E+00  5.18657490E-01  5.43746432E+00  5.39853280E-01  4.89761104E-01
 -1.14350806E+00  1.00000000E+00  5.85671174E-01 -1.14978757E+00  5.18250988E-01  5.43565551E+00  5.40046313E-01  4.89560919E-01
 -1.11875483E+00  1.00000000E+00  5.77499985E-01 -1.14989312E+00  5.17769801E-01  5.43384744E+00  5.40239400E-01  4.89360804E-01
 -1.09400160E+00  1.00000000E+00  5.69309532E-01 -1.14966388E+00  5.17315118E-01  5.43072569E+00  5.40403454E-01  4.89032223E-01
 -1.06924838E+00  1.00000000E+00  5.61119080E-01 -1.14943476E+00  5.16883482E-01  5.42760581E+00  5.40567586E-01  4.88703823E-01
 -1.04449515E+00  1.00000000E+00  5.53029165E-01 -1.14931968E+00  5.16383927E-01  5.42364753E+00  5.40856111E-01  4.88279142E-01
 -1.01974193E+00  1.00000000E+00  5.44939251E-01 -1.14920470E+00  5.15828827E-01  5.41969241E+00  5.41144796E-01  4.87854761E-01
 -9.94988700E-01  1.00000000E+00  5.36892623E-01 -1.14878120E+00  5.15179507E-01  5.41533951E+00  5.41343916E-01  4.87399560E-01
 -9.70235474E-01  1.00000000E+00  5.28845996E-01 -1.14835801E+00  5.14527240E-01  5.41099021E+00  5.41543203E-01  4.86944700E-01
 -9.45482248E-01  1.00000000E+00  5.20782473E-01 -1.14816250E+00  5.13844623E-01  5.40660307E+00  5.41830556E-01  4.86477252E-01
 -9.20729022E-01  1.00000000E+00  5.12718951E-01 -1.14796714E+00  5.13179466E-01  5.40221977E+00  5.42118085E-01  4.86010169E-01
 -8.95975796E-01  1.00000000E+00  5.04865383E-01 -1.14760450E+00  5.12410371E-01  5.39591062E+00  5.42506934E-01  4.85340369E-01
 -8.71222570E-01  1.00000000E+00  4.97011816E-01 -1.14724225E+00  5.11590203E-01  5.38960929E+00  5.42896151E-01  4.84671314E-01
 -8.46469344E-01  1.00000000E+00  4.89202664E-01 -1.14711489E+00  5.10639157E-01  5.38420215E+00  5.43319645E-01  4.84088250E-01
 -8.21716118E-01  1.00000000E+00  4.81393513E-01 -1.14698770E+00  5.09640885E-01  5.37880097E+00  5.43743481E-01  4.83505749E-01
 -7.97201467E-01  1.00000000E+00  4.73730620E-01 -1.14662298E+00  5.08812182E-01  5.37302241E+00  5.44082583E-01  4.82893982E-01
 -7.72686817E-01  1.00000000E+00  4.66067728E-01 -1.14625861E+00  5.07935805E-01  5.36725040E+00  5.44421978E-01  4.82282842E-01
 -7.49503432E-01  1.00000000E+00  4.58991045E-01 -1.14596271E+00  5.07042488E-01  5.36150107E+00  5.44797648E-01  4.81670343E-01
 -7.26320047E-01  1.00000000E+00  4.51914363E-01 -1.14566712E+00  5.06143073E-01  5.35575833E+00  5.45173641E-01  4.81058469E-01
 -7.04527831E-01  1.00000000E+00  4.45420888E-01 -1.14516254E+00  5.05155853E-01  5.34904814E+00  5.45552319E-01  4.80349582E-01
 -6.82735615E-01  1.00000000E+00  4.38927414E-01 -1.14465854E+00  5.04232649E-01  5.34234674E+00  5.45931423E-01  4.79641532E-01
 -6.62251087E-01  1.00000000E+00  4.32856757E-01 -1.14408635E+00  5.03564425E-01  5.33765984E+00  5.46081726E-01  4.79157811E-01
 -6.41766559E-01  1.00000000E+00  4.26786100E-01 -1.14351461E+00  5.02891718E-01  5.33297710E+00  5.46232200E-01  4.78674490E-01
 -6.22511254E-01  1.00000000E+00  4.21341977E-01 -1.14319285E+00  5.02094663E-01  5.32731897E+00  5.46593136E-01  4.78072583E-01
 -6.03255949E-01  1.00000000E+00  4.15897853E-01 -1.14287142E+00  5.01314597E-01  5.32166722E+00  5.46954384E-01  4.77471283E-01
 -5.85156097E-01  1.00000000E+00  4.10961860E-01 -1.14241522E+00  5.00480557E-01  5.31530116E+00  5.47314173E-01  4.76798699E-01
 -5.67056245E-01  1.00000000E+00  4.06025866E-01 -1.14195951E+00  4.99705787E-01  5.30894310E+00  5.47674325E-01  4.76126878E-01
 -5.50042515E-01  1.00000000E+00  4.01459292E-01 -1.14172119E+00  4.99134754E-01  5.30536900E+00  5.47881704E-01  4.75748729E-01
 -5.33028786E-01  1.00000000E+00  3.96892718E-01 -1.14148300E+00  4.98477983E-01  5.30179743E+00  5.48089195E-01  4.75370824E-01
 -5.17036006E-01  1.00000000E+00  3.92876156E-01 -1.14188971E+00  4.97791679E-01  5.29779933E+00  5.48647207E-01  4.74915212E-01
 -5.01043227E-01  1.00000000E+00  3.88859594E-01 -1.14229633E+00  4.97034360E-01  5.29380524E+00  5.49205680E-01  4.74459956E-01
 -4.86010125E-01  1.00000000E+00  3.85121680E-01 -1.14148493E+00  4.96426043E-01  5.28912848E+00  5.49256601E-01  4.73987188E-01
 -4.70977023E-01  1.00000000E+00  3.81383766E-01 -1.14067417E+00  4.96035303E-01  5.28445584E+00  5.49307734E-01  4.73514811E-01
 -4.56846016E-01  1.00000000E+00  3.78252046E-01 -1.14067659E+00  4.95439401E-01  5.28250969E+00  5.49472311E-01  4.73303738E-01
 -4.42715008E-01  1.00000000E+00  3.75120325E-01 -1.14067901E+00  4.95090341E-01  5.28056436E+00  5.49636931E-01  4.73092743E-01
 -4.29431964E-01  1.00000000E+00  3.72146545E-01 -1.14103019E+00  4.95066534E-01  5.28021043E+00  5.49845781E-01  4.73036465E-01
 -4.16148920E-01  1.00000000E+00  3.69172764E-01 -1.14138139E+00  4.95004275E-01  5.27985665E+00  5.50054702E-01  4.72980195E-01
 -4.03662954E-01  1.00000000E+00  3.66735470E-01 -1.14070079E+00  4.94521092E-01  5.27764086E+00  5.49951288E-01  4.72768957E-01
 -3.91176988E-01  1.00000000E+00  3.64298176E-01 -1.14002048E+00  4.94394565E-01  5.27542605E+00  5.49847990E-01  4.72557806E-01
 -3.79440270E-01  1.00000000E+00  3.62081421E-01 -1.14027673E+00  4.94310779E-01  5.27504254E+00  5.49983795E-01  4.72505875E-01
 -3.67703552E-01  1.00000000E+00  3.59864666E-01 -1.14053297E+00  4.94437069E-01  5.27465915E+00  5.50119631E-01  4.72453952E-01
 -3.56671122E-01  1.00000000E+00  3.58022279E-01 -1.14091500E+00  4.94879268E-01  5.27695032E+00  5.50079047E-01  4.72687127E-01
 -3.45638692E-01  1.00000000E+00  3.56179893E-01 -1.14129719E+00  4.95078428E-01  5.27924248E+00  5.50038518E-01  4.72920396E-01
 -3.35268287E-01  1.00000000E+00  3.54767209E-01 -1.14093584E+00  4.94702099E-01  5.27840936E+00  5.49965677E-01  4.72844368E-01
 -3.24897882E-01  1.00000000E+00  3.53354525E-01 -1.14057455E+00  4.94830437E-01  5.27757641E+00  5.49892871E-01  4.72768354E-01
 -3.15149775E-01  1.00000000E+00  3.52034284E-01 -1.14114287E+00  4.95221647E-01  5.28066009E+00  5.49891837E-01  4.73076825E-01
 -3.05401669E-01  1.00000000E+00  3.50714043E-01 -1.14171149E+00  4.95659353E-01  5.28374556E+00  5.49890887E-01  4.73385468E-01
 -2.96238520E-01  1.00000000E+00  3.49785443E-01 -1.14110247E+00  4.95926334E-01  5.28779993E+00  5.49237442E-01  4.73856249E-01
 -2.87075371E-01  1.00000000E+00  3.48856843E-01 -1.14049332E+00  4.96712626E-01  5.29185881E+00  5.48584616E-01  4.74327419E-01
 -2.78462077E-01  1.00000000E+00  3.48129925E-01 -1.14142129E+00  4.97817753E-01  5.29753962E+00  5.48478910E-01  4.74906071E-01
 -2.69848783E-01  1.00000000E+00  3.47403006E-01 -1.14235016E+00  4.98795029E-01  5.30322652E+00  5.48373533E-01  4.75485299E-01
 -2.61752348E-01  1.00000000E+00  3.47156882E-01 -1.14299232E+00  4.99292505E-01  5.30813405E+00  5.48225753E-01  4.75990830E-01
 -2.53655913E-01  1.00000000E+00  3.46910758E-01 -1.14363501E+00  5.00089461E-01  5.31304617E+00  5.48078177E-01  4.76496799E-01
 -2.46045323E-01  1.00000000E+00  3.46662755E-01 -1.14329646E+00  5.01202233E-01  5.31958180E+00  5.47345736E-01  4.77223607E-01
 -2.38434732E-01  1.00000000E+00  3.46414752E-01 -1.14295779E+00  5.02239879E-01  5.32612730E+00  5.46614096E-01  4.77951321E-01
 -2.31280830E-01  1.00000000E+00  3.46605096E-01 -1.14339563E+00  5.02961627E-01  5.33157069E+00  5.46338244E-01  4.78523244E-01
 -2.24126928E-01  1.00000000E+00  3.46795440E-01 -1.14383386E+00  5.03904227E-01  5.33701987E+00  5.46062630E-01  4.79095724E-01
 -2.17402314E-01  1.00000000E+00  3.47221166E-01 -1.14497197E+00  5.04615150E-01  5.34260861E+00  5.46061712E-01  4.79654690E-01
 -2.10677699E-01  1.00000000E+00  3.47646893E-01 -1.14611117E+00  5.05460813E-01  5.34820320E+00  5.46061176E-01  4.80214202E-01
 -2.04351753E-01  1.00000000E+00  3.48244578E-01 -1.14643247E+00  5.06779961E-01  5.35729032E+00  5.45394136E-01  4.81189618E-01
 -1.98025807E-01  1.00000000E+00  3.48842262E-01 -1.14675438E+00  5.08035633E-01  5.36639423E+00  5.44727996E-01  4.82166624E-01
 -1.91837501E-01  1.00000000E+00  3.49671361E-01 -1.14742858E+00  5.09319602E-01  5.37535607E+00  5.44271842E-01  4.83108423E-01
 -1.85649194E-01  1.00000000E+00  3.50500459E-01 -1.14810374E+00  5.10688465E-01  5.38433357E+00  5.43816293E-01  4.84051728E-01
 -1.79460888E-01  1.00000000E+00  3.51511352E-01 -1.14821420E+00  5.12503294E-01  5.39777201E+00  5.42693614E-01  4.85507840E-01
 -1.73272582E-01  1.00000000E+00  3.52522245E-01 -1.14832529E+00  5.14381664E-01  5.41124815E+00  5.41573127E-01  4.86967502E-01
 -1.67084275E-01  1.00000000E+00  3.54340956E-01 -1.15002516E+00  5.15726798E-01  5.42026926E+00  5.41540771E-01  4.87872849E-01
 -1.60895969E-01  1.00000000E+00  3.56159667E-01 -1.15172762E+00  5.17280945E-01  5.42930537E+00  5.41509263E-01  4.88779611E-01
 -1.54707662E-01  1.00000000E+00  3.57966207E-01 -1.15178800E+00  5.19666218E-01  5.44596194E+00  5.40096254E-01  4.90586568E-01
 -1.48519356E-01  1.00000000E+00  3.59772747E-01 -1.15184920E+00  5.21888806E-01  5.46267625E+00  5.38686674E-01  4.92398958E-01
 -1.42331049E-01  1.00000000E+00  3.62415793E-01 -1.15638676E+00  5.24500982E-01  5.48128427E+00  5.39131245E-01  4.94215302E-01
 -1.36142743E-01  1.00000000E+00  3.65058839E-01 -1.16093927E+00  5.26894694E-01  5.49995649E+00  5.39580746E-01  4.96037574E-01
 -1.29954436E-01  1.00000000E+00  3.68400797E-01 -1.16017354E+00  5.27811991E-01  5.50996938E+00  5.38424643E-01  4.97154474E-01
 -1.23766130E-01  1.00000000E+00  3.71742754E-01 -1.15940713E+00  5.29668645E-01  5.52000558E+00  5.37270463E-01  4.98273512E-01
 -1.17577823E-01  1.00000000E+00  3.76166120E-01 -1.16154279E+00  5.31027680E-01  5.53339580E+00  5.37077930E-01  4.99631787E-01
 -1.11389517E-01  1.00000000E+00  3.80589486E-01 -1.16368309E+00  5.33121072E-01  5.54681848E+00  5.36886929E-01  5.00993155E-01
 -1.05201210E-01  1.00000000E+00  3.86007333E-01 -1.16635830E+00  5.37055242E-01  5.57304511E+00  5.35866262E-01  5.03717885E-01
 -9.90129037E-02  1.00000000E+00  3.91425179E-01 -1.16904455E+00  5.40414441E-01  5.59939868E+00  5.34850712E-01  5.06454797E-01
 -9.28245972E-02  1.00000000E+00  3.98111518E-01 -1.17099381E+00  5.43919450E-01  5.62003404E+00  5.33993206E-01  5.08604084E-01
 -8.66362908E-02  1.00000000E+00  4.04797857E-01 -1.17294936E+00  5.45633763E-01  5.64074763E+00  5.33138839E-01  5.10760879E-01
 -8.04479843E-02  1.00000000E+00  4.16009807E-01 -1.18056101E+00  5.44893089E-01  5.64613846E+00  5.36147200E-01  5.10999126E-01
 -7.42596778E-02  1.00000000E+00  4.27221757E-01 -1.18819071E+00  5.45136082E-01  5.65156716E+00  5.39174711E-01  5.11239245E-01
 -6.80713713E-02  1.00000000E+00  4.37652586E-01 -1.18004912E+00  5.47924429E-01  5.66674355E+00  5.34438330E-01  5.13230522E-01
 -6.18830648E-02  1.00000000E+00  4.48083415E-01 -1.17190565E+00  5.46465945E-01  5.68205018E+00  5.29737704E-01  5.15231247E-01
 -5.56947583E-02  1.00000000E+00  4.68644543E-01 -1.26892666E+00  5.41621909E-01  5.68482880E+00  5.71808037E-01  5.11302077E-01
 -4.95064519E-02  1.00000000E+00  4.89205671E-01 -1.36781249E+00  5.23131120E-01  5.69462432E+00  6.17283644E-01  5.07734068E-01
 -4.33181454E-02  1.00000000E+00  5.41178782E-01 -1.21883203E+00  4.61354245E-01  5.17638350E+00  5.99451266E-01  4.57693223E-01
 -3.71298389E-02  1.00000000E+00  5.93151893E-01 -1.08265852E+00  4.13829790E-01  4.70648714E+00  5.87099590E-01  4.11938755E-01
 -3.09415324E-02  1.00000000E+00  5.96732883E-01 -8.86158655E-01  3.52722424E-01  4.38670334E+00  5.35590045E-01  3.85111329E-01
 -2.47532259E-02  1.00000000E+00  6.00313874E-01 -7.04801729E-01  2.79513839E-01  4.10318088E+00  4.95850834E-01  3.60733004E-01
 -1.85649194E-02  1.00000000E+00  9.86308273E-01 -1.37846326E+00  2.44869672E-01  4.86042493E+00  7.16704569E-01  4.14372036E-01
 -1.23766130E-02  1.00000000E+00  1.37230267E+00 -2.25371569E+00  3.88193574E-01  6.02354117E+00  1.11386579E+00  4.90967538E-01
 -6.18830648E-03  1.00000000E+00  8.40119136E-01  9.69967685E-01  1.60269835E+00  5.45868053E+00  4.92680107E-01  4.96600042E-01
  0.00000000E+00  1.00000000E+00  3.07935598E-01  7.93206801E+00  5.83297768E+00  1.48913363E+01  4.35106733E+00  1.05402690E+00
