# curve 5 (die wall), step =      100, time =   5.00000000E+00
# N1 = tau_xx - tau_yy = G ( c_xx - c_yy ),  G =  8.8889E-01  (polymer part only)
#              x               y        pressure            c_xy        gammadot            c_xx            c_yy              N1
 -3.00000000E+00  1.00000000E+00  1.51111338E+01 -1.99540507E+00  2.00065556E+00  8.71011946E+00  1.00144407E+00  6.85215590E+00
 -2.90035477E+00  1.00000000E+00  1.46987365E+01 -1.99442329E+00  2.00009519E+00  8.70755850E+00  1.00112869E+00  6.85015983E+00
 -2.80070953E+00  1.00000000E+00  1.42863392E+01 -1.99344186E+00  1.99963670E+00  8.70499839E+00  1.00081346E+00  6.84816438E+00
 -2.70106430E+00  1.00000000E+00  1.38938655E+01 -1.99498152E+00  2.00119280E+00  8.72194193E+00  1.00056908E+00  6.86344253E+00
 -2.60141906E+00  1.00000000E+00  1.35013919E+01 -1.99652262E+00  2.00668475E+00  8.73892021E+00  1.00032469E+00  6.87875157E+00
 -2.50177383E+00  1.00000000E+00  1.30981384E+01 -1.99645974E+00  2.00259159E+00  8.73485475E+00  1.00016744E+00  6.87527760E+00
 -2.40212860E+00  1.00000000E+00  1.26948850E+01 -1.99639648E+00  2.00268571E+00  8.73079154E+00  1.00001027E+00  6.87180557E+00
 -2.30248336E+00  1.00000000E+00  1.23009015E+01 -1.99656137E+00  2.00217945E+00  8.72212780E+00  1.00053557E+00  6.86363754E+00
 -2.20283813E+00  1.00000000E+00  1.19069180E+01 -1.99672557E+00  2.00002803E+00  8.71347444E+00  1.00106096E+00  6.85547865E+00
 -2.10319289E+00  1.00000000E+00  1.15129815E+01 -1.99664236E+00  2.00270277E+00  8.71375281E+00  1.00124073E+00  6.85556629E+00
 -2.00354766E+00  1.00000000E+00  1.11190450E+01 -1.99655910E+00  2.00334582E+00  8.71403121E+00  1.00142058E+00  6.85565389E+00
 -1.90390242E+00  1.00000000E+00  1.07234659E+01 -1.99770353E+00  2.00142962E+00  8.71822494E+00  1.00181119E+00  6.85903444E+00
 -1.80425719E+00  1.00000000E+00  1.03278868E+01 -1.99884856E+00  2.00028363E+00  8.72242070E+00  1.00220199E+00  6.86241664E+00
 -1.70461196E+00  1.00000000E+00  9.92610116E+00 -1.99432762E+00  1.99669535E+00  8.69966830E+00  1.00142215E+00  6.84288546E+00
 -1.60496672E+00  1.00000000E+00  9.52431546E+00 -1.98981735E+00  1.99380860E+00  8.67697519E+00  1.00064423E+00  6.82340530E+00
 -1.50532149E+00  1.00000000E+00  9.12667128E+00 -1.98906112E+00  1.99251861E+00  8.65043307E+00  1.00225317E+00  6.79838214E+00
 -1.40567625E+00  1.00000000E+00  8.72902709E+00 -1.98830499E+00  1.98657130E+00  8.62398182E+00  1.00386389E+00  6.77343816E+00
 -1.30603102E+00  1.00000000E+00  8.34520966E+00 -1.99014571E+00  1.97955283E+00  8.61026426E+00  1.00615488E+00  6.75920834E+00
 -1.20638579E+00  1.00000000E+00  7.96139222E+00 -1.99198576E+00  1.97103747E+00  8.59657777E+00  1.00845005E+00  6.74500241E+00
 -1.10674055E+00  1.00000000E+00  7.55484973E+00 -1.97032434E+00  1.95349521E+00  8.49887189E+00  1.00453948E+00  6.66162881E+00
 -1.00709532E+00  1.00000000E+00  7.14830724E+00 -1.94889609E+00  1.94783022E+00  8.40227543E+00  1.00067910E+00  6.57919674E+00
 -9.07450084E-01  1.00000000E+00  6.76560909E+00 -1.94138358E+00  1.93707558E+00  8.32863949E+00  1.00195782E+00  6.51260592E+00
 -8.07804850E-01  1.00000000E+00  6.38291094E+00 -1.93391141E+00  1.92464020E+00  8.25567652E+00  1.00324019E+00  6.44661008E+00
 -7.21154870E-01  1.00000000E+00  6.07432406E+00 -1.91988082E+00  1.91014167E+00  8.16617340E+00  1.00268499E+00  6.36754526E+00
 -6.34504891E-01  1.00000000E+00  5.76573718E+00 -1.90597284E+00  1.90012397E+00  8.07764974E+00  1.00214674E+00  6.28933600E+00
 -5.71022587E-01  1.00000000E+00  5.55310901E+00 -1.89586950E+00  1.89752723E+00  8.04102101E+00  9.99579125E-01  6.25905946E+00
 -5.07540284E-01  1.00000000E+00  5.34048084E+00 -1.88581370E+00  1.89641623E+00  8.00456055E+00  9.97025008E-01  6.22892049E+00
 -4.61044117E-01  1.00000000E+00  5.21214592E+00 -1.88467891E+00  1.89975253E+00  8.01432474E+00  9.95813465E-01  6.23867668E+00
 -4.14547950E-01  1.00000000E+00  5.08381101E+00 -1.88354259E+00  1.90602395E+00  8.02410566E+00  9.94602924E-01  6.24844687E+00
 -3.80492895E-01  1.00000000E+00  5.00579906E+00 -1.89592340E+00  1.92051789E+00  8.10357916E+00  9.95209811E-01  6.31855053E+00
 -3.46437839E-01  1.00000000E+00  4.92778712E+00 -1.90840201E+00  1.93076357E+00  8.18384769E+00  9.95829323E-01  6.38934966E+00
 -3.21494993E-01  1.00000000E+00  4.89571289E+00 -1.93150641E+00  1.94211809E+00  8.29692340E+00  1.00017083E+00  6.48600228E+00
 -2.96552146E-01  1.00000000E+00  4.86363866E+00 -1.95490110E+00  1.95149068E+00  8.41155975E+00  1.00456573E+00  6.58399469E+00
 -2.78283324E-01  1.00000000E+00  4.84566377E+00 -1.96098400E+00  1.96230772E+00  8.51563119E+00  1.00084224E+00  6.67981240E+00
 -2.60014503E-01  1.00000000E+00  4.82768887E+00 -1.96708450E+00  1.97790737E+00  8.62110271E+00  9.97123558E-01  6.77687036E+00
 -2.46633923E-01  1.00000000E+00  4.80970485E+00 -1.98923314E+00  2.00370657E+00  8.76948708E+00  9.98657868E-01  6.90740374E+00
 -2.33253344E-01  1.00000000E+00  4.79172083E+00 -2.01167827E+00  2.02117727E+00  8.92045532E+00  1.00022423E+00  7.04020541E+00
 -2.23453042E-01  1.00000000E+00  4.79662745E+00 -2.02848806E+00  2.03333666E+00  9.05282550E+00  1.00027444E+00  7.15782317E+00
 -2.13652739E-01  1.00000000E+00  4.80153407E+00 -2.04547361E+00  2.04804811E+00  9.18720455E+00  1.00033840E+00  7.27721436E+00
 -2.06471604E-01  1.00000000E+00  4.80243560E+00 -2.05730816E+00  2.06135219E+00  9.29481380E+00  9.99646176E-01  7.37348233E+00
 -1.99290468E-01  1.00000000E+00  4.80333714E+00 -2.06923030E+00  2.07565836E+00  9.40372526E+00  9.98958698E-01  7.47090361E+00
 -1.93062641E-01  1.00000000E+00  4.80901872E+00 -2.08171641E+00  2.08865338E+00  9.50734035E+00  9.98825525E-01  7.56312429E+00
 -1.86834814E-01  1.00000000E+00  4.81470030E+00 -2.09429708E+00  2.10201019E+00  9.61212517E+00  9.98699053E-01  7.65637877E+00
 -1.80606987E-01  1.00000000E+00  4.82140539E+00 -2.10956444E+00  2.11736271E+00  9.73497845E+00  9.98923868E-01  7.76538185E+00
 -1.74379160E-01  1.00000000E+00  4.82811049E+00 -2.12496886E+00  2.13220079E+00  9.85943569E+00  9.99158574E-01  7.87580188E+00
 -1.68151333E-01  1.00000000E+00  4.84229602E+00 -2.14103874E+00  2.14860851E+00  9.98842526E+00  9.99508305E-01  7.99014840E+00
 -1.61923505E-01  1.00000000E+00  4.85648155E+00 -2.15725727E+00  2.16338148E+00  1.01191369E+01  9.99868823E-01  8.10601604E+00
 -1.55695678E-01  1.00000000E+00  4.86794019E+00 -2.17324477E+00  2.18012319E+00  1.02603553E+01  9.99554415E-01  8.23182304E+00
 -1.49467851E-01  1.00000000E+00  4.87939884E+00 -2.18938007E+00  2.19745135E+00  1.04035971E+01  9.99248683E-01  8.35942078E+00
 -1.43240024E-01  1.00000000E+00  4.89793845E+00 -2.20905975E+00  2.21603717E+00  1.05595945E+01  1.00010955E+00  8.49731996E+00
 -1.37012197E-01  1.00000000E+00  4.91647807E+00 -2.22895150E+00  2.23387044E+00  1.07179726E+01  1.00098589E+00  8.63732154E+00
 -1.30784370E-01  1.00000000E+00  4.93731608E+00 -2.24590752E+00  2.24955229E+00  1.08651400E+01  1.00147256E+00  8.76770437E+00
 -1.24556543E-01  1.00000000E+00  4.95815409E+00 -2.26301701E+00  2.26363976E+00  1.10143764E+01  1.00196605E+00  8.89992030E+00
 -1.18328716E-01  1.00000000E+00  4.97837921E+00 -2.28005969E+00  2.27352794E+00  1.11393477E+01  1.00402866E+00  9.00917250E+00
 -1.12100888E-01  1.00000000E+00  4.99860433E+00 -2.29724708E+00  2.27895639E+00  1.12657539E+01  1.00610311E+00  9.11968958E+00
 -1.05873061E-01  1.00000000E+00  5.01805352E+00 -2.29305717E+00  2.26711612E+00  1.12614035E+01  1.00631914E+00  9.11563054E+00
 -9.96452341E-02  1.00000000E+00  5.03750270E+00 -2.28886417E+00  2.25444729E+00  1.12570608E+01  1.00654089E+00  9.11157322E+00
 -9.34174070E-02  1.00000000E+00  5.05797488E+00 -2.28578530E+00  2.22777989E+00  1.10778805E+01  1.01767347E+00  8.94240624E+00
 -8.71895798E-02  1.00000000E+00  5.07844705E+00 -2.28272255E+00  2.17333803E+00  1.09018739E+01  1.02890876E+00  8.77596900E+00
 -8.09617527E-02  1.00000000E+00  5.18058532E+00 -2.21520124E+00  2.05433851E+00  1.03628747E+01  1.03541492E+00  8.29107533E+00
 -7.47339256E-02  1.00000000E+00  5.28272358E+00 -2.15036055E+00  1.91720799E+00  9.85090954E+00  1.04243771E+00  7.82975273E+00
 -6.85060984E-02  1.00000000E+00  5.27105163E+00 -2.07929555E+00  1.68593901E+00  8.90240659E+00  1.08042919E+00  6.95286880E+00
 -6.22782713E-02  1.00000000E+00  5.25937968E+00 -2.01266150E+00  1.50195057E+00  8.05034992E+00  1.12013677E+00  6.16018947E+00
 -5.60504442E-02  1.00000000E+00  5.57734661E+00 -1.48197571E+00  1.05550239E+00  5.39176491E+00  1.10283434E+00  3.81238273E+00
 -4.98226171E-02  1.00000000E+00  5.89531354E+00 -1.10500026E+00  6.96736943E-01  3.61097887E+00  1.12222948E+00  2.21222168E+00
 -4.35947899E-02  1.00000000E+00  7.82957668E+00 -1.04357702E-01  1.03201196E-01  1.52236633E+00  1.11113632E+00  3.65537790E-01
 -3.73669628E-02  1.00000000E+00  9.76383981E+00  4.39991411E-01  9.62860765E-01  7.93534932E-01  1.50117146E+00 -6.29010250E-01
 -3.11391357E-02  1.00000000E+00  1.42946429E+01  7.49964536E-01  1.33886078E+00  7.45534918E-01  2.01774053E+00 -1.13084943E+00
 -2.49113085E-02  1.00000000E+00  1.88254461E+01  1.13136132E+00  1.66016550E+00  7.88219148E-01  2.75197226E+00 -1.74555833E+00
 -1.86834814E-02  1.00000000E+00  2.49940096E+01  9.65469765E-01  3.03156339E+00  1.68580904E+00  1.53216842E+00  1.36569446E-01
 -1.24556543E-02  1.00000000E+00  3.11625731E+01  9.32705974E-01  3.93681561E+00  4.68162611E+00  8.40470105E-01  3.41436089E+00
 -6.22782713E-03  1.00000000E+00  1.64863405E+01  5.67613227E+00  5.75014210E+00  6.43707558E+00  6.14850743E+00  2.56505026E-01
  0.00000000E+00  1.00000000E+00  1.81010800E+00  2.82813143E+01  1.21871642E+02  2.06010325E+01  3.96828171E+01 -1.69615863E+01
