# curve 5 (die wall), step =        1, time =   5.00000000E-02
# N1 = tau_xx - tau_yy = G ( c_xx - c_yy ),  G =  8.8889E-01  (polymer part only)
#              x               y        pressure            c_xy        gammadot            c_xx            c_yy              N1
 -3.00000000E+00  1.00000000E+00  1.96880051E+00  0.00000000E+00  1.99990570E+00  1.00000000E+00  1.00000000E+00  0.00000000E+00
 -2.90035477E+00  1.00000000E+00  1.90767482E+00  0.00000000E+00  1.99993970E+00  1.00000000E+00  1.00000000E+00  0.00000000E+00
 -2.80070953E+00  1.00000000E+00  1.84654913E+00  0.00000000E+00  1.99997041E+00  1.00000000E+00  1.00000000E+00  0.00000000E+00
 -2.70106430E+00  1.00000000E+00  1.78538695E+00  0.00000000E+00  1.99998183E+00  1.00000000E+00  1.00000000E+00  0.00000000E+00
 -2.60141906E+00  1.00000000E+00  1.72422477E+00  0.00000000E+00  1.99998550E+00  1.00000000E+00  1.00000000E+00  0.00000000E+00
 -2.50177383E+00  1.00000000E+00  1.66306773E+00  0.00000000E+00  1.99998546E+00  1.00000000E+00  1.00000000E+00  0.00000000E+00
 -2.40212860E+00  1.00000000E+00  1.60191069E+00  0.00000000E+00  1.99998250E+00  1.00000000E+00  1.00000000E+00  0.00000000E+00
 -2.30248336E+00  1.00000000E+00  1.54075242E+00  0.00000000E+00  1.99997545E+00  1.00000000E+00  1.00000000E+00  0.00000000E+00
 -2.20283813E+00  1.00000000E+00  1.47959414E+00  0.00000000E+00  1.99996301E+00  1.00000000E+00  1.00000000E+00  0.00000000E+00
 -2.10319289E+00  1.00000000E+00  1.41843842E+00  0.00000000E+00  1.99993945E+00  1.00000000E+00  1.00000000E+00  0.00000000E+00
 -2.00354766E+00  1.00000000E+00  1.35728270E+00  0.00000000E+00  1.99990680E+00  1.00000000E+00  1.00000000E+00  0.00000000E+00
 -1.90390242E+00  1.00000000E+00  1.29612786E+00  0.00000000E+00  1.99985572E+00  1.00000000E+00  1.00000000E+00  0.00000000E+00
 -1.80425719E+00  1.00000000E+00  1.23497301E+00  0.00000000E+00  1.99978917E+00  1.00000000E+00  1.00000000E+00  0.00000000E+00
 -1.70461196E+00  1.00000000E+00  1.17383861E+00  0.00000000E+00  1.99970585E+00  1.00000000E+00  1.00000000E+00  0.00000000E+00
 -1.60496672E+00  1.00000000E+00  1.11270420E+00  0.00000000E+00  1.99959363E+00  1.00000000E+00  1.00000000E+00  0.00000000E+00
 -1.50532149E+00  1.00000000E+00  1.05158697E+00  0.00000000E+00  1.99942480E+00  1.00000000E+00  1.00000000E+00  0.00000000E+00
 -1.40567625E+00  1.00000000E+00  9.90469743E-01  0.00000000E+00  1.99923927E+00  1.00000000E+00  1.00000000E+00  0.00000000E+00
 -1.30603102E+00  1.00000000E+00  9.29379579E-01  0.00000000E+00  1.99909817E+00  1.00000000E+00  1.00000000E+00  0.00000000E+00
 -1.20638579E+00  1.00000000E+00  8.68289415E-01  0.00000000E+00  1.99885845E+00  1.00000000E+00  1.00000000E+00  0.00000000E+00
 -1.10674055E+00  1.00000000E+00  8.07518474E-01  0.00000000E+00  1.99862449E+00  1.00000000E+00  1.00000000E+00  0.00000000E+00
 -1.00709532E+00  1.00000000E+00  7.46747533E-01  0.00000000E+00  1.99875229E+00  1.00000000E+00  1.00000000E+00  0.00000000E+00
 -9.07450084E-01  1.00000000E+00  6.86199026E-01  0.00000000E+00  2.00020890E+00  1.00000000E+00  1.00000000E+00  0.00000000E+00
 -8.07804850E-01  1.00000000E+00  6.25650519E-01  0.00000000E+00  2.00197828E+00  1.00000000E+00  1.00000000E+00  0.00000000E+00
 -7.21154870E-01  1.00000000E+00  5.73761152E-01  0.00000000E+00  2.00659741E+00  1.00000000E+00  1.00000000E+00  0.00000000E+00
 -6.34504891E-01  1.00000000E+00  5.21871785E-01  0.00000000E+00  2.01322939E+00  1.00000000E+00  1.00000000E+00  0.00000000E+00
 -5.71022587E-01  1.00000000E+00  4.84767979E-01  0.00000000E+00  2.02391569E+00  1.00000000E+00  1.00000000E+00  0.00000000E+00
 -5.07540284E-01  1.00000000E+00  4.47664174E-01  0.00000000E+00  2.03563312E+00  1.00000000E+00  1.00000000E+00  0.00000000E+00
 -4.61044117E-01  1.00000000E+00  4.21996628E-01  0.00000000E+00  2.05122014E+00  1.00000000E+00  1.00000000E+00  0.00000000E+00
 -4.14547950E-01  1.00000000E+00  3.96329083E-01  0.00000000E+00  2.06901787E+00  1.00000000E+00  1.00000000E+00  0.00000000E+00
 -3.80492895E-01  1.00000000E+00  3.76114746E-01  0.00000000E+00  2.08837655E+00  1.00000000E+00  1.00000000E+00  0.00000000E+00
 -3.46437839E-01  1.00000000E+00  3.55900409E-01  0.00000000E+00  2.10984514E+00  1.00000000E+00  1.00000000E+00  0.00000000E+00
 -3.21494993E-01  1.00000000E+00  3.42136505E-01  0.00000000E+00  2.13248032E+00  1.00000000E+00  1.00000000E+00  0.00000000E+00
 -2.96552146E-01  1.00000000E+00  3.28372601E-01  0.00000000E+00  2.15787454E+00  1.00000000E+00  1.00000000E+00  0.00000000E+00
 -2.78283324E-01  1.00000000E+00  3.19100864E-01  0.00000000E+00  2.18131216E+00  1.00000000E+00  1.00000000E+00  0.00000000E+00
 -2.60014503E-01  1.00000000E+00  3.09829128E-01  0.00000000E+00  2.20589775E+00  1.00000000E+00  1.00000000E+00  0.00000000E+00
 -2.46633923E-01  1.00000000E+00  3.02790707E-01  0.00000000E+00  2.22887212E+00  1.00000000E+00  1.00000000E+00  0.00000000E+00
 -2.33253344E-01  1.00000000E+00  2.95752285E-01  0.00000000E+00  2.25327856E+00  1.00000000E+00  1.00000000E+00  0.00000000E+00
 -2.23453042E-01  1.00000000E+00  2.91055904E-01  0.00000000E+00  2.27293700E+00  1.00000000E+00  1.00000000E+00  0.00000000E+00
 -2.13652739E-01  1.00000000E+00  2.86359523E-01  0.00000000E+00  2.29373004E+00  1.00000000E+00  1.00000000E+00  0.00000000E+00
 -2.06471604E-01  1.00000000E+00  2.82604895E-01  0.00000000E+00  2.31117944E+00  1.00000000E+00  1.00000000E+00  0.00000000E+00
 -1.99290468E-01  1.00000000E+00  2.78850268E-01  0.00000000E+00  2.32943368E+00  1.00000000E+00  1.00000000E+00  0.00000000E+00
 -1.93062641E-01  1.00000000E+00  2.76192362E-01  0.00000000E+00  2.34702941E+00  1.00000000E+00  1.00000000E+00  0.00000000E+00
 -1.86834814E-01  1.00000000E+00  2.73534456E-01  0.00000000E+00  2.36536530E+00  1.00000000E+00  1.00000000E+00  0.00000000E+00
 -1.80606987E-01  1.00000000E+00  2.70502246E-01  0.00000000E+00  2.38529078E+00  1.00000000E+00  1.00000000E+00  0.00000000E+00
 -1.74379160E-01  1.00000000E+00  2.67470037E-01  0.00000000E+00  2.40595568E+00  1.00000000E+00  1.00000000E+00  0.00000000E+00
 -1.68151333E-01  1.00000000E+00  2.64638634E-01  0.00000000E+00  2.42872854E+00  1.00000000E+00  1.00000000E+00  0.00000000E+00
 -1.61923505E-01  1.00000000E+00  2.61807230E-01  0.00000000E+00  2.45231210E+00  1.00000000E+00  1.00000000E+00  0.00000000E+00
 -1.55695678E-01  1.00000000E+00  2.59533165E-01  0.00000000E+00  2.47928054E+00  1.00000000E+00  1.00000000E+00  0.00000000E+00
 -1.49467851E-01  1.00000000E+00  2.57259099E-01  0.00000000E+00  2.50721796E+00  1.00000000E+00  1.00000000E+00  0.00000000E+00
 -1.43240024E-01  1.00000000E+00  2.54153199E-01  0.00000000E+00  2.53790764E+00  1.00000000E+00  1.00000000E+00  0.00000000E+00
 -1.37012197E-01  1.00000000E+00  2.51047299E-01  0.00000000E+00  2.56954916E+00  1.00000000E+00  1.00000000E+00  0.00000000E+00
 -1.30784370E-01  1.00000000E+00  2.49184224E-01  0.00000000E+00  2.60598283E+00  1.00000000E+00  1.00000000E+00  0.00000000E+00
 -1.24556543E-01  1.00000000E+00  2.47321149E-01  0.00000000E+00  2.64320660E+00  1.00000000E+00  1.00000000E+00  0.00000000E+00
 -1.18328716E-01  1.00000000E+00  2.45625848E-01  0.00000000E+00  2.68748949E+00  1.00000000E+00  1.00000000E+00  0.00000000E+00
 -1.12100888E-01  1.00000000E+00  2.43930546E-01  0.00000000E+00  2.73367152E+00  1.00000000E+00  1.00000000E+00  0.00000000E+00
 -1.05873061E-01  1.00000000E+00  2.41622833E-01  0.00000000E+00  2.78553923E+00  1.00000000E+00  1.00000000E+00  0.00000000E+00
 -9.96452341E-02  1.00000000E+00  2.39315120E-01  0.00000000E+00  2.84016140E+00  1.00000000E+00  1.00000000E+00  0.00000000E+00
 -9.34174070E-02  1.00000000E+00  2.38583188E-01  0.00000000E+00  2.90471800E+00  1.00000000E+00  1.00000000E+00  0.00000000E+00
 -8.71895798E-02  1.00000000E+00  2.37851257E-01  0.00000000E+00  2.97292406E+00  1.00000000E+00  1.00000000E+00  0.00000000E+00
 -8.09617527E-02  1.00000000E+00  2.36414137E-01  0.00000000E+00  3.05680478E+00  1.00000000E+00  1.00000000E+00  0.00000000E+00
 -7.47339256E-02  1.00000000E+00  2.34977017E-01  0.00000000E+00  3.14527043E+00  1.00000000E+00  1.00000000E+00  0.00000000E+00
 -6.85060984E-02  1.00000000E+00  2.36964989E-01  0.00000000E+00  3.25666708E+00  1.00000000E+00  1.00000000E+00  0.00000000E+00
 -6.22782713E-02  1.00000000E+00  2.38952960E-01  0.00000000E+00  3.37564823E+00  1.00000000E+00  1.00000000E+00  0.00000000E+00
 -5.60504442E-02  1.00000000E+00  2.37021283E-01  0.00000000E+00  3.52810244E+00  1.00000000E+00  1.00000000E+00  0.00000000E+00
 -4.98226171E-02  1.00000000E+00  2.35089607E-01  0.00000000E+00  3.69717005E+00  1.00000000E+00  1.00000000E+00  0.00000000E+00
 -4.35947899E-02  1.00000000E+00  2.57180304E-01  0.00000000E+00  3.92043221E+00  1.00000000E+00  1.00000000E+00  0.00000000E+00
 -3.73669628E-02  1.00000000E+00  2.79271002E-01  0.00000000E+00  4.18555360E+00  1.00000000E+00  1.00000000E+00  0.00000000E+00
 -3.11391357E-02  1.00000000E+00  1.95102081E-01  0.00000000E+00  4.66435924E+00  1.00000000E+00  1.00000000E+00  0.00000000E+00
 -2.49113085E-02  1.00000000E+00  1.10933160E-01  0.00000000E+00  5.17520395E+00  1.00000000E+00  1.00000000E+00  0.00000000E+00
 -1.86834814E-02  1.00000000E+00  3.65070950E-01  0.00000000E+00  5.75790140E+00  1.00000000E+00  1.00000000E+00  0.00000000E+00
 -1.24556543E-02  1.00000000E+00  6.19208741E-01  0.00000000E+00  6.89319903E+00  1.00000000E+00  1.00000000E+00  0.00000000E+00
 -6.22782713E-03  1.00000000E+00  1.77359897E-02  0.00000000E+00  1.00690614E+01  1.00000000E+00  1.00000000E+00  0.00000000E+00
  0.00000000E+00  1.00000000E+00 -5.83736761E-01  0.00000000E+00  1.41615113E+01  1.00000000E+00  1.00000000E+00  0.00000000E+00
