# curve 5 (die wall), step =      589, time =   2.94500000E+01
# N1 = tau_xx - tau_yy = G ( c_xx - c_yy ),  G =  8.8889E-01  (polymer part only)
#              x               y        pressure            c_xy        gammadot            c_xx            c_yy              N1
 -3.00000000E+00  1.00000000E+00  1.52728528E+01 -2.01006135E+00  2.00052509E+00  9.04891946E+00  1.00162392E+00  7.15315159E+00
 -2.90035477E+00  1.00000000E+00  1.48576189E+01 -2.00841415E+00  1.99996903E+00  9.04594344E+00  1.00104763E+00  7.15101849E+00
 -2.80070953E+00  1.00000000E+00  1.44423850E+01 -2.00676772E+00  1.99956535E+00  9.04296887E+00  1.00047180E+00  7.14888629E+00
 -2.70106430E+00  1.00000000E+00  1.40473600E+01 -2.00807090E+00  2.00140412E+00  9.05955415E+00  1.00019101E+00  7.16387835E+00
 -2.60141906E+00  1.00000000E+00  1.36523350E+01 -2.00937497E+00  2.00721451E+00  9.07617167E+00  9.99910164E-01  7.17889912E+00
 -2.50177383E+00  1.00000000E+00  1.32461832E+01 -2.00933880E+00  2.00304596E+00  9.07161278E+00  9.99737259E-01  7.17500046E+00
 -2.40212860E+00  1.00000000E+00  1.28400313E+01 -2.00930216E+00  2.00320837E+00  9.06705662E+00  9.99564454E-01  7.17110414E+00
 -2.30248336E+00  1.00000000E+00  1.24438394E+01 -2.01004044E+00  2.00272211E+00  9.05838039E+00  1.00026935E+00  7.16276537E+00
 -2.20283813E+00  1.00000000E+00  1.20476475E+01 -2.01077741E+00  2.00045557E+00  9.04971526E+00  1.00097452E+00  7.15443621E+00
 -2.10319289E+00  1.00000000E+00  1.16517679E+01 -2.01110418E+00  2.00311736E+00  9.05119042E+00  1.00129721E+00  7.15546064E+00
 -2.00354766E+00  1.00000000E+00  1.12558884E+01 -2.01143099E+00  2.00355673E+00  9.05266583E+00  1.00162002E+00  7.15648516E+00
 -1.90390242E+00  1.00000000E+00  1.08582700E+01 -2.01221738E+00  2.00144893E+00  9.05773574E+00  1.00186029E+00  7.16077818E+00
 -1.80425719E+00  1.00000000E+00  1.04606517E+01 -2.01300408E+00  2.00028335E+00  9.06280853E+00  1.00210062E+00  7.16507370E+00
 -1.70461196E+00  1.00000000E+00  1.00553892E+01 -2.00814986E+00  1.99665105E+00  9.03732931E+00  1.00127264E+00  7.14316148E+00
 -1.60496672E+00  1.00000000E+00  9.65012682E+00 -2.00330792E+00  1.99375288E+00  9.01192168E+00  1.00044674E+00  7.12131105E+00
 -1.50532149E+00  1.00000000E+00  9.24989707E+00 -2.00334814E+00  1.99228276E+00  8.98239434E+00  1.00245926E+00  7.09327562E+00
 -1.40567625E+00  1.00000000E+00  8.84966733E+00 -2.00338539E+00  1.98584009E+00  8.95297896E+00  1.00447419E+00  7.06533757E+00
 -1.30603102E+00  1.00000000E+00  8.46508229E+00 -2.00541800E+00  1.97815950E+00  8.93713681E+00  1.00696652E+00  7.04904026E+00
 -1.20638579E+00  1.00000000E+00  8.08049726E+00 -2.00744954E+00  1.96925698E+00  8.92133389E+00  1.00946378E+00  7.03277343E+00
 -1.10674055E+00  1.00000000E+00  7.67054668E+00 -1.98259861E+00  1.94990123E+00  8.80434272E+00  1.00491910E+00  6.93282099E+00
 -1.00709532E+00  1.00000000E+00  7.26059610E+00 -1.95805508E+00  1.94417166E+00  8.68888406E+00  1.00043667E+00  6.83417546E+00
 -9.07450084E-01  1.00000000E+00  6.87544443E+00 -1.94971152E+00  1.93427132E+00  8.59877139E+00  1.00182900E+00  6.75283768E+00
 -8.07804850E-01  1.00000000E+00  6.49029276E+00 -1.94141361E+00  1.92197474E+00  8.50963787E+00  1.00322281E+00  6.67236894E+00
 -7.21154870E-01  1.00000000E+00  6.18259090E+00 -1.92586337E+00  1.90632747E+00  8.39734225E+00  1.00275079E+00  6.57297019E+00
 -6.34504891E-01  1.00000000E+00  5.87488903E+00 -1.91046600E+00  1.89582970E+00  8.28655318E+00  1.00229335E+00  6.47489763E+00
 -5.71022587E-01  1.00000000E+00  5.66195533E+00 -1.89871881E+00  1.89410875E+00  8.23473310E+00  9.99513043E-01  6.43130672E+00
 -5.07540284E-01  1.00000000E+00  5.44902163E+00 -1.88704255E+00  1.89344662E+00  8.18323700E+00  9.96748259E-01  6.38798999E+00
 -4.61044117E-01  1.00000000E+00  5.32438741E+00 -1.88492017E+00  1.89617202E+00  8.17835581E+00  9.95717587E-01  6.38456731E+00
 -4.14547950E-01  1.00000000E+00  5.19975318E+00 -1.88279975E+00  1.90201098E+00  8.17347800E+00  9.94688016E-01  6.38114665E+00
 -3.80492895E-01  1.00000000E+00  5.12308641E+00 -1.89403808E+00  1.91673926E+00  8.24131216E+00  9.95105261E-01  6.44107280E+00
 -3.46437839E-01  1.00000000E+00  5.04641965E+00 -1.90535499E+00  1.92732613E+00  8.30971161E+00  9.95535670E-01  6.50148972E+00
 -3.21494993E-01  1.00000000E+00  5.01699017E+00 -1.92945403E+00  1.93937077E+00  8.42221728E+00  1.00026596E+00  6.59729006E+00
 -2.96552146E-01  1.00000000E+00  4.98756070E+00 -1.95385931E+00  1.94828474E+00  8.53624434E+00  1.00505782E+00  6.69438802E+00
 -2.78283324E-01  1.00000000E+00  4.97296789E+00 -1.95951044E+00  1.95927018E+00  8.64187418E+00  1.00113289E+00  6.79177004E+00
 -2.60014503E-01  1.00000000E+00  4.95837509E+00 -1.96517340E+00  1.97519102E+00  8.74892816E+00  9.97213344E-01  6.89041317E+00
 -2.46633923E-01  1.00000000E+00  4.94177916E+00 -1.98741771E+00  2.00208685E+00  8.90321363E+00  9.98564028E-01  7.02635520E+00
 -2.33253344E-01  1.00000000E+00  4.92518323E+00 -2.00996312E+00  2.02037045E+00  9.06025438E+00  9.99945386E-01  7.16471910E+00
 -2.23453042E-01  1.00000000E+00  4.93183356E+00 -2.02779641E+00  2.03322264E+00  9.20183281E+00  1.00010712E+00  7.29042284E+00
 -2.13652739E-01  1.00000000E+00  4.93848390E+00 -2.04582620E+00  2.04843650E+00  9.34567123E+00  1.00028376E+00  7.41812220E+00
 -2.06471604E-01  1.00000000E+00  4.94068031E+00 -2.05848913E+00  2.06241824E+00  9.46286462E+00  9.99595821E-01  7.52290560E+00
 -1.99290468E-01  1.00000000E+00  4.94287672E+00 -2.07125133E+00  2.07743662E+00  9.58157516E+00  9.98912687E-01  7.62903331E+00
 -1.93062641E-01  1.00000000E+00  4.95017406E+00 -2.08428122E+00  2.09096889E+00  9.69584330E+00  9.98609176E-01  7.73087477E+00
 -1.86834814E-01  1.00000000E+00  4.95747140E+00 -2.09741386E+00  2.10517015E+00  9.81151076E+00  9.98311716E-01  7.83395470E+00
 -1.80606987E-01  1.00000000E+00  4.96312764E+00 -2.11409045E+00  2.12237021E+00  9.95115260E+00  9.98436871E-01  7.95796953E+00
 -1.74379160E-01  1.00000000E+00  4.96878388E+00 -2.13093022E+00  2.13883004E+00  1.00928265E+01  9.98572584E-01  8.08378124E+00
 -1.68151333E-01  1.00000000E+00  4.98537568E+00 -2.14900004E+00  2.15756720E+00  1.02419147E+01  9.98882599E-01  8.21602853E+00
 -1.61923505E-01  1.00000000E+00  5.00196747E+00 -2.16725721E+00  2.17370720E+00  1.03932498E+01  9.99205662E-01  8.35026145E+00
 -1.55695678E-01  1.00000000E+00  5.01234884E+00 -2.18491736E+00  2.19361661E+00  1.05608211E+01  9.98380710E-01  8.49994703E+00
 -1.49467851E-01  1.00000000E+00  5.02273021E+00 -2.20275818E+00  2.21494155E+00  1.07311734E+01  9.97565103E-01  8.65209627E+00
 -1.43240024E-01  1.00000000E+00  5.03952559E+00 -2.22851191E+00  2.24104608E+00  1.09379889E+01  9.98564245E-01  8.83504414E+00
 -1.37012197E-01  1.00000000E+00  5.05632096E+00 -2.25462725E+00  2.26462335E+00  1.11488544E+01  9.99591397E-01  9.02156708E+00
 -1.30784370E-01  1.00000000E+00  5.07553120E+00 -2.27848974E+00  2.28396655E+00  1.13564918E+01  1.00016732E+00  9.20562176E+00
 -1.24556543E-01  1.00000000E+00  5.09474143E+00 -2.30265535E+00  2.30278799E+00  1.15680767E+01  1.00076021E+00  9.39317023E+00
 -1.18328716E-01  1.00000000E+00  5.09954292E+00 -2.32921013E+00  2.32311063E+00  1.17488028E+01  1.00405674E+00  9.55088536E+00
 -1.12100888E-01  1.00000000E+00  5.10434442E+00 -2.35610548E+00  2.33405125E+00  1.19323666E+01  1.00739115E+00  9.71108928E+00
 -1.05873061E-01  1.00000000E+00  5.10024473E+00 -2.35745505E+00  2.31887608E+00  1.19307287E+01  1.00927594E+00  9.70795804E+00
 -9.96452341E-02  1.00000000E+00  5.09614503E+00 -2.35880631E+00  2.30343040E+00  1.19290916E+01  1.01116486E+00  9.70482376E+00
 -9.34174070E-02  1.00000000E+00  5.06301870E+00 -2.35697869E+00  2.27261915E+00  1.16062857E+01  1.02802783E+00  9.40289589E+00
 -8.71895798E-02  1.00000000E+00  5.02989236E+00 -2.35491351E+00  2.20219875E+00  1.12933686E+01  1.04504445E+00  9.10962150E+00
 -8.09617527E-02  1.00000000E+00  5.09980056E+00 -2.27857734E+00  2.03725820E+00  1.03605345E+01  1.06723973E+00  8.26070644E+00
 -7.47339256E-02  1.00000000E+00  5.16970876E+00 -2.20589156E+00  1.85102813E+00  9.50846466E+00  1.09002684E+00  7.48305585E+00
 -6.85060984E-02  1.00000000E+00  5.24483040E+00 -2.04040452E+00  1.51936439E+00  8.14344636E+00  1.11402781E+00  6.24837205E+00
 -6.22782713E-02  1.00000000E+00  5.31995205E+00 -1.89251917E+00  1.30519049E+00  6.97992340E+00  1.14097369E+00  5.19017752E+00
 -5.60504442E-02  1.00000000E+00  5.27704670E+00 -1.34147627E+00  9.18239852E-01  3.93011184E+00  1.16662330E+00  2.45643425E+00
 -4.98226171E-02  1.00000000E+00  5.23414136E+00 -9.89131876E-01  6.31458908E-01  2.22737357E+00  1.23409851E+00  8.82911163E-01
 -4.35947899E-02  1.00000000E+00  8.82217169E+00  8.34075313E-01  3.53169857E-01  2.10505526E+00  1.30965454E+00  7.07022855E-01
 -3.73669628E-02  1.00000000E+00  1.24102020E+01  4.43848260E+00  1.76753190E+00  5.17855242E+00  4.26758310E+00  8.09750501E-01
 -3.11391357E-02  1.00000000E+00  1.67449528E+01  2.48452886E+00  2.35523892E+00  2.99883120E+00  2.65892442E+00  3.02139363E-01
 -2.49113085E-02  1.00000000E+00  2.10797036E+01  1.32599851E+00  2.58624051E+00  1.77193466E+00  1.75490207E+00  1.51400803E-02
 -1.86834814E-02  1.00000000E+00  2.56908138E+01  8.97520010E-01  3.84768898E+00  2.46218551E+00  1.06809079E+00  1.23919530E+00
 -1.24556543E-02  1.00000000E+00  3.03019239E+01  4.19671953E-01  4.09850097E+00  4.04679673E+00  6.52115433E-01  3.01749449E+00
 -6.22782713E-03  1.00000000E+00  1.59281470E+01  4.57641741E+00  5.99660620E+00  5.31918587E+00  5.17781472E+00  1.25663243E-01
  0.00000000E+00  1.00000000E+00  1.55437019E+00  2.67015350E+01  1.57994361E+02  1.90225869E+01  3.84095457E+01 -1.72328523E+01
