# model=oldroyd  theta_MLE: lambda=1.00787, beta=0.883257, eta_0=0.846094
# delta(x) = y_clean(x) - y_model(x; theta_MLE)   (x from curve4_x.txt)
# columns: x  delta
5.000000000000000000e+00 -5.876017618033912981e-06
4.950333040000000295e+00 -5.873457072036458726e-06
4.900666089999999642e+00 -5.877153022249004266e-06
4.850999129999999937e+00 -5.874201348676777457e-06
4.801332180000000172e+00 -5.869983704664960555e-06
4.751665219999999579e+00 -5.859013313624927832e-06
4.701998269999999813e+00 -5.837840617139988808e-06
4.652331310000000109e+00 -5.820374650689075224e-06
4.602664360000000343e+00 -5.807944231106532129e-06
4.552997399999999750e+00 -5.783706698681001512e-06
4.503330449999999985e+00 -5.755439840049447753e-06
4.453663490000000280e+00 -5.724946045448930931e-06
4.403996539999999627e+00 -5.691801930218787220e-06
4.354329579999999922e+00 -5.651797567951533097e-06
4.304662630000000156e+00 -5.614964884825823788e-06
4.254995669999999564e+00 -5.566751786201251662e-06
4.205328709999999859e+00 -5.518620896038939350e-06
4.155661760000000093e+00 -5.463098776914421251e-06
4.105994800000000389e+00 -5.411361666318725838e-06
4.056327849999999735e+00 -5.357844689468649335e-06
4.006660890000000030e+00 -5.294469342498331343e-06
3.956993939999999821e+00 -5.240245456894498943e-06
3.907326980000000116e+00 -5.172892871163625728e-06
3.857660029999999907e+00 -5.110111159334351782e-06
3.807993070000000202e+00 -5.047733153018540975e-06
3.758326119999999992e+00 -4.994671053637489422e-06
3.708659159999999844e+00 -4.935636681580035656e-06
3.658992210000000078e+00 -4.876936947395549282e-06
3.609325249999999929e+00 -4.827735803791810554e-06
3.559658300000000164e+00 -4.782424763760673159e-06
3.509991340000000015e+00 -4.736255077020246063e-06
3.460324389999999806e+00 -4.707040647256022226e-06
3.410657430000000101e+00 -4.687679570958280806e-06
3.360990469999999952e+00 -4.678801231339235756e-06
3.311323520000000187e+00 -4.688764405402778834e-06
3.261656560000000038e+00 -4.710246774397575109e-06
3.211989609999999828e+00 -4.763628922210827454e-06
3.162322650000000124e+00 -4.830713048686874345e-06
3.112655699999999914e+00 -4.927679067456836037e-06
3.062988740000000210e+00 -5.043722707043230002e-06
3.013321790000000000e+00 -5.204822536297726288e-06
2.963654829999999851e+00 -5.402470138804460476e-06
2.913987880000000086e+00 -5.643263601529113771e-06
2.864320919999999937e+00 -5.919630410966547629e-06
2.814653970000000172e+00 -6.252999082301258227e-06
2.764987010000000023e+00 -6.638277868731279341e-06
2.715320059999999813e+00 -7.084756930231250749e-06
2.665653100000000109e+00 -7.594303927938028664e-06
2.615986139999999960e+00 -8.166038498735872508e-06
2.566319190000000194e+00 -8.802071837399338960e-06
2.516652230000000046e+00 -9.506074988951951354e-06
2.466985279999999836e+00 -1.029063755897396959e-05
2.417318320000000131e+00 -1.114213050112944359e-05
2.367651369999999922e+00 -1.209135523128068712e-05
2.317984410000000217e+00 -1.311243092994018866e-05
2.268317460000000008e+00 -1.421607382212641824e-05
2.218650499999999859e+00 -1.538841038639660042e-05
2.168983550000000093e+00 -1.662838209171013659e-05
2.119316589999999945e+00 -1.795961367401233133e-05
2.069649640000000179e+00 -1.935159518784423938e-05
2.019982680000000030e+00 -2.078238718516978167e-05
1.970315730000000043e+00 -2.227345641636624407e-05
1.920648769999999894e+00 -2.379911468897155657e-05
1.870981809999999967e+00 -2.534740349480202326e-05
1.821314859999999980e+00 -2.689951786516431298e-05
1.771647900000000053e+00 -2.844017987801983338e-05
1.721980950000000066e+00 -2.994892202790033764e-05
1.672313989999999917e+00 -3.135885404592642089e-05
1.622647039999999929e+00 -3.272839288404050251e-05
1.572980080000000003e+00 -3.393386725947244997e-05
1.523313130000000015e+00 -3.500310112292126519e-05
1.473646170000000089e+00 -3.589664036329764940e-05
1.423979220000000101e+00 -3.659548325152250925e-05
1.374312259999999952e+00 -3.693679301264296555e-05
1.324645309999999965e+00 -3.705745706250596072e-05
1.274978350000000038e+00 -3.678371522397583249e-05
1.225311400000000051e+00 -3.598990796471746023e-05
1.175644439999999902e+00 -3.483631427503297573e-05
1.125977479999999975e+00 -3.304121800806747444e-05
1.076310529999999988e+00 -3.070054997911242367e-05
1.026643570000000061e+00 -2.760795502099178123e-05
9.769766189999999906e-01 -2.430222875093868140e-05
9.273096640000000335e-01 -1.951376681641470157e-05
8.776427079999999936e-01 -1.438784786800262339e-05
8.279757530000000365e-01 -8.527209909736654936e-06
7.786002389999999718e-01 -1.682482029474741125e-06
7.317317880000000496e-01 5.373568829014629955e-06
6.876846269999999928e-01 1.305972928511422992e-05
6.462889219999999879e-01 2.047395909077209808e-05
6.073850619999999756e-01 2.780735471019646354e-05
5.708230460000000006e-01 3.536797533176816444e-05
5.364619149999999559e-01 4.273386415598601218e-05
5.041691750000000249e-01 4.907329096082158060e-05
4.738203240000000149e-01 5.581871970927743121e-05
4.452983460000000115e-01 6.227863854468829174e-05
4.184932690000000011e-01 6.800350246471964510e-05
3.933017460000000076e-01 7.304719466327824762e-05
3.696266380000000074e-01 7.804032610314592944e-05
3.473766770000000226e-01 8.263477556602616403e-05
3.264660690000000254e-01 8.673538970205285636e-05
3.068141939999999845e-01 8.985916334180998888e-05
2.883452770000000109e-01 9.248226525060410097e-05
2.709881089999999770e-01 9.570683175086358574e-05
2.546757709999999952e-01 9.748593588110310293e-05
2.393453670000000033e-01 9.903543171829731762e-05
2.249377889999999991e-01 1.010827663650015751e-04
2.113974849999999961e-01 1.014950487792098954e-04
1.986678209999999944e-01 1.019823521350993190e-04
1.862510820000000122e-01 1.026077230235067361e-04
1.738343440000000018e-01 1.027965590481016989e-04
1.614176049999999918e-01 1.022950561953006599e-04
1.490008660000000096e-01 1.015594018680676669e-04
1.365841269999999996e-01 1.015796093948306833e-04
1.241673880000000035e-01 9.974402061629916716e-05
1.117506489999999936e-01 9.865659287999761773e-05
9.933391060000000550e-02 9.419467360749500529e-05
8.691717179999999821e-02 9.366374807440180916e-05
7.450043300000000479e-02 8.608253284103639658e-05
6.208369419999999750e-02 8.955287143019852181e-05
4.966695530000000275e-02 7.876919485516609143e-05
3.725021650000000240e-02 7.653228995874172824e-05
2.483347769999999857e-02 6.822342115064827794e-05
1.241673880000000035e-02 6.722903821620995757e-05
0.000000000000000000e+00 0.000000000000000000e+00
