# curve 5 (die wall), step =      400, time =   1.60000000E+02
# N1 = tau_xx - tau_yy = G ( c_xx - c_yy ),  G =  7.7778E-02  (polymer part only)
#              x               y        pressure            c_xy        gammadot            c_xx            c_yy              N1
 -3.00000000E+00  1.00000000E+00  2.39248688E+00 -2.35287890E+00  4.35714635E-01  1.41268229E+01  8.32974826E-01  1.03396596E+00
 -2.97524677E+00  1.00000000E+00  2.37689839E+00 -2.35293720E+00  4.35750335E-01  1.41263321E+01  8.33011946E-01  1.03392490E+00
 -2.95049355E+00  1.00000000E+00  2.36130990E+00 -2.35299549E+00  4.35778122E-01  1.41258413E+01  8.33049067E-01  1.03388384E+00
 -2.92574032E+00  1.00000000E+00  2.34577307E+00 -2.35328635E+00  4.35781169E-01  1.41270189E+01  8.33113359E-01  1.03397043E+00
 -2.90098710E+00  1.00000000E+00  2.33023624E+00 -2.35357724E+00  4.35754094E-01  1.41281965E+01  8.33177659E-01  1.03405702E+00
 -2.87623387E+00  1.00000000E+00  2.31480000E+00 -2.35384922E+00  4.35713710E-01  1.41321189E+01  8.33158550E-01  1.03436358E+00
 -2.85148064E+00  1.00000000E+00  2.29936376E+00 -2.35412122E+00  4.35650472E-01  1.41360423E+01  8.33139439E-01  1.03467023E+00
 -2.82672742E+00  1.00000000E+00  2.28375403E+00 -2.35309713E+00  4.35662651E-01  1.41320847E+01  8.32934624E-01  1.03437834E+00
 -2.80197419E+00  1.00000000E+00  2.26814430E+00 -2.35207337E+00  4.35709359E-01  1.41281283E+01  8.32729907E-01  1.03408654E+00
 -2.77722097E+00  1.00000000E+00  2.25255731E+00 -2.35264297E+00  4.35733363E-01  1.41273932E+01  8.32910126E-01  1.03401535E+00
 -2.75246774E+00  1.00000000E+00  2.23697032E+00 -2.35321254E+00  4.35745660E-01  1.41266583E+01  8.33090390E-01  1.03394417E+00
 -2.72771451E+00  1.00000000E+00  2.22156542E+00 -2.35344957E+00  4.35726261E-01  1.41272101E+01  8.33173116E-01  1.03398065E+00
 -2.70296129E+00  1.00000000E+00  2.20616052E+00 -2.35368662E+00  4.35680744E-01  1.41277619E+01  8.33255850E-01  1.03401713E+00
 -2.67820806E+00  1.00000000E+00  2.19054952E+00 -2.35312809E+00  4.35666589E-01  1.41270444E+01  8.33076797E-01  1.03397526E+00
 -2.65345484E+00  1.00000000E+00  2.17493851E+00 -2.35256963E+00  4.35691354E-01  1.41263270E+01  8.32897785E-01  1.03393339E+00
 -2.62870161E+00  1.00000000E+00  2.15942521E+00 -2.35287305E+00  4.35710634E-01  1.41258656E+01  8.33003584E-01  1.03388927E+00
 -2.60394839E+00  1.00000000E+00  2.14391190E+00 -2.35317645E+00  4.35712892E-01  1.41254043E+01  8.33109395E-01  1.03384516E+00
 -2.57919516E+00  1.00000000E+00  2.12841281E+00 -2.35337353E+00  4.35731611E-01  1.41259543E+01  8.33176454E-01  1.03388272E+00
 -2.55444193E+00  1.00000000E+00  2.11291372E+00 -2.35357062E+00  4.35711020E-01  1.41265044E+01  8.33243517E-01  1.03392029E+00
 -2.52968871E+00  1.00000000E+00  2.09743316E+00 -2.35377846E+00  4.35666324E-01  1.41290621E+01  8.33250673E-01  1.03411867E+00
 -2.50493548E+00  1.00000000E+00  2.08195261E+00 -2.35398632E+00  4.35612180E-01  1.41316203E+01  8.33257828E-01  1.03431708E+00
 -2.48018226E+00  1.00000000E+00  2.06628722E+00 -2.35306982E+00  4.35659436E-01  1.41285997E+01  8.33033441E-01  1.03409960E+00
 -2.45542903E+00  1.00000000E+00  2.05062183E+00 -2.35215358E+00  4.35726910E-01  1.41255798E+01  8.32809139E-01  1.03388216E+00
 -2.43067580E+00  1.00000000E+00  2.03509015E+00 -2.35264520E+00  4.35775198E-01  1.41257751E+01  8.32938915E-01  1.03388726E+00
 -2.40592258E+00  1.00000000E+00  2.01955846E+00 -2.35313682E+00  4.35805760E-01  1.41259704E+01  8.33068721E-01  1.03389235E+00
 -2.38116935E+00  1.00000000E+00  2.00412996E+00 -2.35350659E+00  4.35778944E-01  1.41266784E+01  8.33196982E-01  1.03393744E+00
 -2.35641613E+00  1.00000000E+00  1.98870146E+00 -2.35387639E+00  4.35728102E-01  1.41273864E+01  8.33325263E-01  1.03398253E+00
 -2.33166290E+00  1.00000000E+00  1.97310424E+00 -2.35329790E+00  4.35725811E-01  1.41281636E+01  8.33101600E-01  1.03406038E+00
 -2.30690967E+00  1.00000000E+00  1.95750702E+00 -2.35271939E+00  4.35754921E-01  1.41289411E+01  8.32877993E-01  1.03413824E+00
 -2.28215645E+00  1.00000000E+00  1.94191775E+00 -2.35287787E+00  4.35788138E-01  1.41288211E+01  8.32914048E-01  1.03412611E+00
 -2.25740322E+00  1.00000000E+00  1.92632848E+00 -2.35303636E+00  4.35810727E-01  1.41287012E+01  8.32950106E-01  1.03411398E+00
 -2.23265000E+00  1.00000000E+00  1.91090376E+00 -2.35393101E+00  4.35783655E-01  1.41313917E+01  8.33189785E-01  1.03430460E+00
 -2.20789677E+00  1.00000000E+00  1.89547903E+00 -2.35482589E+00  4.35704097E-01  1.41340828E+01  8.33429552E-01  1.03449526E+00
 -2.18314354E+00  1.00000000E+00  1.87988990E+00 -2.35389061E+00  4.35689473E-01  1.41309785E+01  8.33211680E-01  1.03427075E+00
 -2.15839032E+00  1.00000000E+00  1.86430077E+00 -2.35295559E+00  4.35722305E-01  1.41278748E+01  8.32993896E-01  1.03404630E+00
 -2.13363709E+00  1.00000000E+00  1.84874997E+00 -2.35291750E+00  4.35767816E-01  1.41277560E+01  8.32968239E-01  1.03403905E+00
 -2.10888387E+00  1.00000000E+00  1.83319918E+00 -2.35287941E+00  4.35817541E-01  1.41276372E+01  8.32942583E-01  1.03403180E+00
 -2.08413064E+00  1.00000000E+00  1.81762362E+00 -2.35312583E+00  4.35859750E-01  1.41279559E+01  8.33001242E-01  1.03405203E+00
 -2.05937741E+00  1.00000000E+00  1.80204807E+00 -2.35337226E+00  4.35869919E-01  1.41282747E+01  8.33059909E-01  1.03407226E+00
 -2.03462419E+00  1.00000000E+00  1.78655295E+00 -2.35328408E+00  4.35861371E-01  1.41291659E+01  8.33022844E-01  1.03414446E+00
 -2.00987096E+00  1.00000000E+00  1.77105783E+00 -2.35319588E+00  4.35851447E-01  1.41300573E+01  8.32985779E-01  1.03421667E+00
 -1.98511774E+00  1.00000000E+00  1.75543386E+00 -2.35328918E+00  4.35850966E-01  1.41296817E+01  8.33019163E-01  1.03418487E+00
 -1.96036451E+00  1.00000000E+00  1.73980989E+00 -2.35338248E+00  4.35843622E-01  1.41293062E+01  8.33052548E-01  1.03415306E+00
 -1.93561128E+00  1.00000000E+00  1.72441851E+00 -2.35410828E+00  4.35796724E-01  1.41312813E+01  8.33258219E-01  1.03429068E+00
 -1.91085806E+00  1.00000000E+00  1.70902713E+00 -2.35483423E+00  4.35721606E-01  1.41332567E+01  8.33463951E-01  1.03442833E+00
 -1.88610483E+00  1.00000000E+00  1.69331943E+00 -2.35353589E+00  4.35703871E-01  1.41319320E+01  8.33051932E-01  1.03435734E+00
 -1.86135161E+00  1.00000000E+00  1.67761172E+00 -2.35223782E+00  4.35733210E-01  1.41306078E+01  8.32640138E-01  1.03428637E+00
 -1.83659838E+00  1.00000000E+00  1.66205879E+00 -2.35314043E+00  4.35769321E-01  1.41287904E+01  8.33009043E-01  1.03411633E+00
 -1.81184516E+00  1.00000000E+00  1.64650586E+00 -2.35404297E+00  4.35757745E-01  1.41269738E+01  8.33378091E-01  1.03394633E+00
 -1.78709193E+00  1.00000000E+00  1.63110652E+00 -2.35423262E+00  4.35679556E-01  1.41306889E+01  8.33354332E-01  1.03423714E+00
 -1.76233870E+00  1.00000000E+00  1.61570719E+00 -2.35442226E+00  4.35580216E-01  1.41344051E+01  8.33330567E-01  1.03452802E+00
 -1.73758548E+00  1.00000000E+00  1.59996987E+00 -2.35357502E+00  4.35577355E-01  1.41320407E+01  8.33113366E-01  1.03436102E+00
 -1.71283225E+00  1.00000000E+00  1.58423256E+00 -2.35272797E+00  4.35581019E-01  1.41296768E+01  8.32896242E-01  1.03419404E+00
 -1.68807903E+00  1.00000000E+00  1.56859751E+00 -2.35277364E+00  4.35542653E-01  1.41267518E+01  8.32999949E-01  1.03395848E+00
 -1.66332580E+00  1.00000000E+00  1.55296247E+00 -2.35281926E+00  4.35513621E-01  1.41238276E+01  8.33103660E-01  1.03372297E+00
 -1.63857257E+00  1.00000000E+00  1.53746834E+00 -2.35276472E+00  4.35511307E-01  1.41230034E+01  8.33121674E-01  1.03365746E+00
 -1.61381935E+00  1.00000000E+00  1.52197421E+00 -2.35271018E+00  4.35459833E-01  1.41221792E+01  8.33139689E-01  1.03359196E+00
 -1.58906612E+00  1.00000000E+00  1.50624963E+00 -2.35218490E+00  4.35379218E-01  1.41181870E+01  8.33080787E-01  1.03328604E+00
 -1.56431290E+00  1.00000000E+00  1.49052506E+00 -2.35165975E+00  4.35326720E-01  1.41141960E+01  8.33021899E-01  1.03298020E+00
 -1.53955967E+00  1.00000000E+00  1.47505357E+00 -2.35193064E+00  4.35255534E-01  1.41108555E+01  8.33226110E-01  1.03270451E+00
 -1.51480644E+00  1.00000000E+00  1.45958209E+00 -2.35220144E+00  4.35164804E-01  1.41075161E+01  8.33430349E-01  1.03242889E+00
 -1.49005322E+00  1.00000000E+00  1.44402200E+00 -2.35239908E+00  4.35029701E-01  1.41044020E+01  8.33645936E-01  1.03216992E+00
 -1.46529999E+00  1.00000000E+00  1.42846192E+00 -2.35259667E+00  4.34830486E-01  1.41012888E+01  8.33861561E-01  1.03191101E+00
 -1.44054677E+00  1.00000000E+00  1.41289804E+00 -2.35261571E+00  4.34615591E-01  1.41000504E+01  8.33972449E-01  1.03180606E+00
 -1.41579354E+00  1.00000000E+00  1.39733416E+00 -2.35263475E+00  4.34352131E-01  1.40988122E+01  8.34083355E-01  1.03170113E+00
 -1.39104031E+00  1.00000000E+00  1.38164534E+00 -2.35070795E+00  4.34143048E-01  1.40868313E+01  8.33845829E-01  1.03078776E+00
 -1.36628709E+00  1.00000000E+00  1.36595652E+00 -2.34878274E+00  4.34013895E-01  1.40748607E+01  8.33608558E-01  1.02987516E+00
 -1.34153386E+00  1.00000000E+00  1.35030156E+00 -2.34862445E+00  4.33834847E-01  1.40663913E+01  8.33818454E-01  1.02920011E+00
 -1.31678064E+00  1.00000000E+00  1.33464661E+00 -2.34846599E+00  4.33632537E-01  1.40579274E+01  8.34028348E-01  1.02852549E+00
 -1.29202741E+00  1.00000000E+00  1.31916273E+00 -2.34805578E+00  4.33353700E-01  1.40504370E+01  8.34178589E-01  1.02793121E+00
 -1.26727418E+00  1.00000000E+00  1.30367884E+00 -2.34764565E+00  4.33032777E-01  1.40429507E+01  8.34328851E-01  1.02733726E+00
 -1.24252096E+00  1.00000000E+00  1.28817379E+00 -2.34747643E+00  4.32702257E-01  1.40344406E+01  8.34603989E-01  1.02665396E+00
 -1.21776773E+00  1.00000000E+00  1.27266874E+00 -2.34730713E+00  4.32317855E-01  1.40259361E+01  8.34879172E-01  1.02597110E+00
 -1.19301451E+00  1.00000000E+00  1.25705156E+00 -2.34513632E+00  4.31890035E-01  1.40073324E+01  8.34806995E-01  1.02452975E+00
 -1.16826128E+00  1.00000000E+00  1.24143437E+00 -2.34296785E+00  4.31534852E-01  1.39887535E+01  8.34735068E-01  1.02309032E+00
 -1.14350806E+00  1.00000000E+00  1.22597478E+00 -2.34194082E+00  4.31090138E-01  1.39744111E+01  8.34894662E-01  1.02196239E+00
 -1.11875483E+00  1.00000000E+00  1.21051520E+00 -2.34091434E+00  4.30627088E-01  1.39600839E+01  8.35054293E-01  1.02083564E+00
 -1.09400160E+00  1.00000000E+00  1.19501033E+00 -2.33973962E+00  4.30136329E-01  1.39417407E+01  8.35314960E-01  1.01938867E+00
 -1.06924838E+00  1.00000000E+00  1.17950547E+00 -2.33856559E+00  4.29625665E-01  1.39234226E+01  8.35575689E-01  1.01794365E+00
 -1.04449515E+00  1.00000000E+00  1.16420132E+00 -2.33720958E+00  4.29009386E-01  1.39008180E+01  8.35928435E-01  1.01615808E+00
 -1.01974193E+00  1.00000000E+00  1.14889717E+00 -2.33585445E+00  4.28354117E-01  1.38782517E+01  8.36281267E-01  1.01437548E+00
 -9.94988700E-01  1.00000000E+00  1.13368568E+00 -2.33357580E+00  4.27584645E-01  1.38528398E+01  8.36472418E-01  1.01238413E+00
 -9.70235474E-01  1.00000000E+00  1.11847419E+00 -2.33130005E+00  4.26826036E-01  1.38274753E+01  8.36663872E-01  1.01039645E+00
 -9.45482248E-01  1.00000000E+00  1.10320263E+00 -2.32933852E+00  4.26018914E-01  1.37995591E+01  8.37011368E-01  1.00819816E+00
 -9.20729022E-01  1.00000000E+00  1.08793107E+00 -2.32737905E+00  4.25195652E-01  1.37717012E+01  8.37359031E-01  1.00600439E+00
 -8.95975796E-01  1.00000000E+00  1.07304186E+00 -2.32507908E+00  4.24253071E-01  1.37353983E+01  8.37885661E-01  1.00313987E+00
 -8.71222570E-01  1.00000000E+00  1.05815265E+00 -2.32278176E+00  4.23293759E-01  1.36991951E+01  8.38412503E-01  1.00028309E+00
 -8.46469344E-01  1.00000000E+00  1.04344650E+00 -2.31980549E+00  4.22126372E-01  1.36642959E+01  8.38767250E-01  9.97541114E-01
 -8.21716118E-01  1.00000000E+00  1.02874036E+00 -2.31683433E+00  4.20932702E-01  1.36294876E+01  8.39122602E-01  9.94806165E-01
 -7.97201467E-01  1.00000000E+00  1.01408609E+00 -2.31364829E+00  4.19931068E-01  1.35897132E+01  8.39480965E-01  9.91684726E-01
 -7.72686817E-01  1.00000000E+00  9.99431826E-01 -2.31046779E+00  4.18891660E-01  1.35500581E+01  8.39839721E-01  9.88572539E-01
 -7.49503432E-01  1.00000000E+00  9.86259037E-01 -2.30887239E+00  4.17703187E-01  1.35115063E+01  8.40743990E-01  9.85503735E-01
 -7.26320047E-01  1.00000000E+00  9.73086247E-01 -2.30727735E+00  4.16465699E-01  1.34730714E+01  8.41648641E-01  9.82443991E-01
 -7.04527831E-01  1.00000000E+00  9.61008564E-01 -2.30300423E+00  4.15113661E-01  1.34293297E+01  8.41898008E-01  9.79022462E-01
 -6.82735615E-01  1.00000000E+00  9.48930881E-01 -2.29874126E+00  4.13843452E-01  1.33857323E+01  8.42148494E-01  9.75612070E-01
 -6.62251087E-01  1.00000000E+00  9.37405369E-01 -2.29500137E+00  4.12849916E-01  1.33463672E+01  8.42290794E-01  9.72539277E-01
 -6.41766559E-01  1.00000000E+00  9.25879856E-01 -2.29126903E+00  4.11844307E-01  1.33071201E+01  8.42433656E-01  9.69475614E-01
 -6.22511254E-01  1.00000000E+00  9.15862479E-01 -2.28838617E+00  4.10682151E-01  1.32655461E+01  8.43001787E-01  9.66197888E-01
 -6.03255949E-01  1.00000000E+00  9.05845102E-01 -2.28550783E+00  4.09526911E-01  1.32241068E+01  8.43570292E-01  9.62930620E-01
 -5.85156097E-01  1.00000000E+00  8.96657111E-01 -2.28109138E+00  4.08365271E-01  1.31792571E+01  8.43716196E-01  9.59430956E-01
 -5.67056245E-01  1.00000000E+00  8.87469121E-01 -2.27668556E+00  4.07281685E-01  1.31345620E+01  8.43862992E-01  9.55943254E-01
 -5.50042515E-01  1.00000000E+00  8.79043362E-01 -2.27431802E+00  4.06367551E-01  1.30996411E+01  8.44346874E-01  9.53189554E-01
 -5.33028786E-01  1.00000000E+00  8.70617602E-01 -2.27195344E+00  4.05363014E-01  1.30648169E+01  8.44830960E-01  9.50443351E-01
 -5.17036006E-01  1.00000000E+00  8.63625151E-01 -2.27199102E+00  4.04247901E-01  1.30343466E+01  8.46145145E-01  9.47971225E-01
 -5.01043227E-01  1.00000000E+00  8.56632700E-01 -2.27202609E+00  4.03026730E-01  1.30039562E+01  8.47460415E-01  9.45505229E-01
 -4.86010125E-01  1.00000000E+00  8.49720211E-01 -2.26617376E+00  4.01937836E-01  1.29647397E+01  8.46884302E-01  9.42499866E-01
 -4.70977023E-01  1.00000000E+00  8.42807721E-01 -2.26033744E+00  4.01257781E-01  1.29256415E+01  8.46310492E-01  9.39503521E-01
 -4.56846016E-01  1.00000000E+00  8.37330265E-01 -2.25950305E+00  4.00361912E-01  1.28976569E+01  8.47052198E-01  9.37269251E-01
 -4.42715008E-01  1.00000000E+00  8.31852808E-01 -2.25866776E+00  3.99585390E-01  1.28697379E+01  8.47794025E-01  9.35040079E-01
 -4.29431964E-01  1.00000000E+00  8.26839146E-01 -2.25729591E+00  3.98991454E-01  1.28529157E+01  8.48058651E-01  9.33711104E-01
 -4.16148920E-01  1.00000000E+00  8.21825485E-01 -2.25592527E+00  3.98428833E-01  1.28361161E+01  8.48323486E-01  9.32383871E-01
 -4.03662954E-01  1.00000000E+00  8.17607642E-01 -2.25223850E+00  3.97585450E-01  1.28079070E+01  8.48119349E-01  9.30205708E-01
 -3.91176988E-01  1.00000000E+00  8.13389800E-01 -2.24855858E+00  3.97030507E-01  1.27797602E+01  8.47916050E-01  9.28032319E-01
 -3.79440270E-01  1.00000000E+00  8.09836706E-01 -2.24781454E+00  3.96593003E-01  1.27627143E+01  8.48256088E-01  9.26680080E-01
 -3.67703552E-01  1.00000000E+00  8.06283613E-01 -2.24707046E+00  3.96213549E-01  1.27456926E+01  8.48596108E-01  9.25329731E-01
 -3.56671122E-01  1.00000000E+00  8.03385445E-01 -2.24672777E+00  3.96055062E-01  1.27352156E+01  8.48860608E-01  9.24494281E-01
 -3.45638692E-01  1.00000000E+00  8.00487277E-01 -2.24638497E+00  3.95785579E-01  1.27247480E+01  8.49125118E-01  9.23659554E-01
 -3.35268287E-01  1.00000000E+00  7.98533023E-01 -2.24532118E+00  3.95086513E-01  1.27095344E+01  8.49392938E-01  9.22455444E-01
 -3.24897882E-01  1.00000000E+00  7.96578770E-01 -2.24425810E+00  3.94698117E-01  1.26943397E+01  8.49660867E-01  9.21252795E-01
 -3.15149775E-01  1.00000000E+00  7.95081033E-01 -2.24482810E+00  3.94463182E-01  1.26901587E+01  8.50143433E-01  9.20890076E-01
 -3.05401669E-01  1.00000000E+00  7.93583297E-01 -2.24539803E+00  3.94234863E-01  1.26859797E+01  8.50626211E-01  9.20527492E-01
 -2.96238520E-01  1.00000000E+00  7.92513656E-01 -2.24262720E+00  3.93869651E-01  1.26791486E+01  8.49846920E-01  9.20056798E-01
 -2.87075371E-01  1.00000000E+00  7.91444014E-01 -2.23985847E+00  3.93870661E-01  1.26723223E+01  8.49068573E-01  9.19586398E-01
 -2.78462077E-01  1.00000000E+00  7.90901853E-01 -2.24045296E+00  3.94242413E-01  1.26775978E+01  8.48996806E-01  9.20002298E-01
 -2.69848783E-01  1.00000000E+00  7.90359691E-01 -2.24104766E+00  3.94649097E-01  1.26828755E+01  8.48925093E-01  9.20418366E-01
 -2.61752348E-01  1.00000000E+00  7.90747593E-01 -2.24225678E+00  3.94609499E-01  1.26857355E+01  8.49257373E-01  9.20614968E-01
 -2.53655913E-01  1.00000000E+00  7.91135495E-01 -2.24346627E+00  3.94710525E-01  1.26885964E+01  8.49589831E-01  9.20811623E-01
 -2.46045323E-01  1.00000000E+00  7.91712918E-01 -2.24315445E+00  3.95028297E-01  1.26964294E+01  8.49131583E-01  9.21456496E-01
 -2.38434732E-01  1.00000000E+00  7.92290342E-01 -2.24284229E+00  3.95290972E-01  1.27042681E+01  8.48673476E-01  9.22101807E-01
 -2.31280830E-01  1.00000000E+00  7.93802150E-01 -2.24375144E+00  3.95294888E-01  1.27097360E+01  8.48843780E-01  9.22513842E-01
 -2.24126928E-01  1.00000000E+00  7.95313958E-01 -2.24466097E+00  3.95429045E-01  1.27152063E+01  8.49014144E-01  9.22926055E-01
 -2.17402314E-01  1.00000000E+00  7.97177806E-01 -2.24593721E+00  3.95473609E-01  1.27189048E+01  8.49326809E-01  9.23189401E-01
 -2.10677699E-01  1.00000000E+00  7.99041654E-01 -2.24721392E+00  3.95567222E-01  1.27226046E+01  8.49639656E-01  9.23452831E-01
 -2.04351753E-01  1.00000000E+00  8.01337986E-01 -2.24812824E+00  3.95928663E-01  1.27337710E+01  8.49480902E-01  9.24333675E-01
 -1.98025807E-01  1.00000000E+00  8.03634319E-01 -2.24904308E+00  3.96237525E-01  1.27449475E+01  8.49322221E-01  9.25215298E-01
 -1.91837501E-01  1.00000000E+00  8.06685192E-01 -2.25073109E+00  3.96435518E-01  1.27559199E+01  8.49615342E-01  9.26045913E-01
 -1.85649194E-01  1.00000000E+00  8.09736064E-01 -2.25242042E+00  3.96598163E-01  1.27669019E+01  8.49908647E-01  9.26877250E-01
 -1.79460888E-01  1.00000000E+00  8.13429694E-01 -2.25316122E+00  3.96951548E-01  1.27874940E+01  8.49345655E-01  9.28522647E-01
 -1.73272582E-01  1.00000000E+00  8.17123324E-01 -2.25390192E+00  3.97332339E-01  1.28081218E+01  8.48782808E-01  9.30170813E-01
 -1.67084275E-01  1.00000000E+00  8.21946004E-01 -2.25473790E+00  3.97298723E-01  1.28093602E+01  8.49090161E-01  9.30243226E-01
 -1.60895969E-01  1.00000000E+00  8.26768685E-01 -2.25557406E+00  3.97475582E-01  1.28105989E+01  8.49397628E-01  9.30315651E-01
 -1.54707662E-01  1.00000000E+00  8.32607680E-01 -2.25750143E+00  3.97999367E-01  1.28302496E+01  8.49255446E-01  9.31855099E-01
 -1.48519356E-01  1.00000000E+00  8.38446675E-01 -2.25943096E+00  3.98311997E-01  1.28499310E+01  8.49113518E-01  9.33396913E-01
 -1.42331049E-01  1.00000000E+00  8.46063504E-01 -2.26843584E+00  3.98372309E-01  1.28741409E+01  8.51796255E-01  9.35071249E-01
 -1.36142743E-01  1.00000000E+00  8.53680332E-01 -2.27746510E+00  3.98323354E-01  1.28984058E+01  8.54489195E-01  9.36749072E-01
 -1.29954436E-01  1.00000000E+00  8.62953823E-01 -2.27298863E+00  3.96978699E-01  1.28776864E+01  8.53804151E-01  9.35190845E-01
 -1.23766130E-01  1.00000000E+00  8.72227315E-01 -2.26851965E+00  3.96292161E-01  1.28570008E+01  8.53120927E-01  9.33635103E-01
 -1.17577823E-01  1.00000000E+00  8.84258291E-01 -2.26750259E+00  3.94769341E-01  1.28204722E+01  8.54425891E-01  9.30692491E-01
 -1.11389517E-01  1.00000000E+00  8.96289268E-01 -2.26648531E+00  3.93445834E-01  1.27840561E+01  8.55732164E-01  9.27758525E-01
 -1.05201210E-01  1.00000000E+00  9.10653346E-01 -2.27193984E+00  3.92917216E-01  1.27585462E+01  8.59022161E-01  9.25518534E-01
 -9.90129037E-02  1.00000000E+00  9.25017425E-01 -2.27738631E+00  3.91500129E-01  1.27331216E+01  8.62321640E-01  9.23284444E-01
 -9.28245972E-02  1.00000000E+00  9.45663303E-01 -2.27796561E+00  3.88421544E-01  1.26575582E+01  8.66055183E-01  9.17116901E-01
 -8.66362908E-02  1.00000000E+00  9.66309181E-01 -2.27852830E+00  3.83912674E-01  1.25825054E+01  8.69798098E-01  9.10988346E-01
 -8.04479843E-02  1.00000000E+00  9.92859010E-01 -2.26936773E+00  3.75204173E-01  1.23497814E+01  8.77967759E-01  8.92252176E-01
 -7.42596778E-02  1.00000000E+00  1.01940884E+00 -2.26026049E+00  3.66671124E-01  1.21216755E+01  8.86198656E-01  8.73870422E-01
 -6.80713713E-02  1.00000000E+00  1.05443200E+00 -2.22733673E+00  3.59420524E-01  1.18652548E+01  8.85001251E-01  8.54019724E-01
 -6.18830648E-02  1.00000000E+00  1.08945516E+00 -2.19497776E+00  3.48049431E-01  1.16142982E+01  8.83869477E-01  8.34588905E-01
 -5.56947583E-02  1.00000000E+00  1.12682166E+00 -2.34323505E+00  3.26839370E-01  1.08225138E+01  9.90259011E-01  7.64730930E-01
 -4.95064519E-02  1.00000000E+00  1.16418815E+00 -2.48388904E+00  2.98532700E-01  1.01168668E+01  1.10545860E+00  7.00887302E-01
 -4.33181454E-02  1.00000000E+00  1.31552473E+00 -1.29751005E+00  1.94571164E-01  5.25805914E+00  9.43845863E-01  3.35549922E-01
 -3.71298389E-02  1.00000000E+00  1.46686131E+00 -6.49741565E-01  1.14556834E-01  2.73480791E+00  9.38582804E-01  1.39706397E-01
 -3.09415324E-02  1.00000000E+00  1.88253241E+00  4.68760079E-01  6.14428699E-02  8.34713781E-01  1.98202384E+00 -8.92352270E-02
 -2.47532259E-02  1.00000000E+00  2.29820350E+00  1.90423430E+00  3.36682046E-01  8.06977687E-01  5.68273957E+00 -3.79225924E-01
 -1.85649194E-02  1.00000000E+00  3.20914529E+00  5.13920783E-01  6.59640532E-01  5.52054964E-01  2.25150969E+00 -1.32179812E-01
 -1.23766130E-02  1.00000000E+00  4.12008708E+00 -2.36416128E-01  5.41512686E-01  9.85875859E-01  1.06932559E+00 -6.49053454E-03
 -6.18830648E-03  1.00000000E+00  2.04795409E+00  2.94027386E+00  9.38979220E-01  3.14689641E+00  3.83293291E+00 -5.33583946E-02
  0.00000000E+00  1.00000000E+00 -2.41788879E-02  2.59541464E+01  6.33444109E+01  2.39141295E+01  2.86571427E+01 -3.68901032E-01
