# curve 5 (die wall), step =      500, time =   2.00000000E+02
# N1 = tau_xx - tau_yy = G ( c_xx - c_yy ),  G =  3.0000E-01  (polymer part only)
#              x               y        pressure            c_xy        gammadot            c_xx            c_yy              N1
 -3.00000000E+00  1.00000000E+00  2.36493012E+00 -9.81986232E-01  4.32802576E-01  3.03849153E+00  9.02750307E-01  6.40722368E-01
 -2.97524677E+00  1.00000000E+00  2.34815476E+00 -9.81877167E-01  4.32821022E-01  3.03834943E+00  9.02713366E-01  6.40690820E-01
 -2.95049355E+00  1.00000000E+00  2.33137940E+00 -9.81768107E-01  4.32841923E-01  3.03820734E+00  9.02676430E-01  6.40659274E-01
 -2.92574032E+00  1.00000000E+00  2.31467110E+00 -9.81893427E-01  4.32836652E-01  3.03826496E+00  9.02747403E-01  6.40655267E-01
 -2.90098710E+00  1.00000000E+00  2.29796280E+00 -9.82018751E-01  4.32798617E-01  3.03832259E+00  9.02818383E-01  6.40651261E-01
 -2.87623387E+00  1.00000000E+00  2.28129762E+00 -9.82152851E-01  4.32759019E-01  3.03850619E+00  9.02863829E-01  6.40692709E-01
 -2.85148064E+00  1.00000000E+00  2.26463244E+00 -9.82286959E-01  4.32695537E-01  3.03868981E+00  9.02909281E-01  6.40734159E-01
 -2.82672742E+00  1.00000000E+00  2.24782882E+00 -9.82012745E-01  4.32737670E-01  3.03849057E+00  9.02772227E-01  6.40715504E-01
 -2.80197419E+00  1.00000000E+00  2.23102521E+00 -9.81738559E-01  4.32802906E-01  3.03829139E+00  9.02635207E-01  6.40696854E-01
 -2.77722097E+00  1.00000000E+00  2.21430661E+00 -9.81851591E-01  4.32807868E-01  3.03836035E+00  9.02687609E-01  6.40701821E-01
 -2.75246774E+00  1.00000000E+00  2.19758802E+00 -9.81964626E-01  4.32819905E-01  3.03842931E+00  9.02740017E-01  6.40706789E-01
 -2.72771451E+00  1.00000000E+00  2.18088187E+00 -9.81939596E-01  4.32845623E-01  3.03844658E+00  9.02730833E-01  6.40714725E-01
 -2.70296129E+00  1.00000000E+00  2.16417573E+00 -9.81914566E-01  4.32846686E-01  3.03846385E+00  9.02721650E-01  6.40722660E-01
 -2.67820806E+00  1.00000000E+00  2.14744248E+00 -9.81953718E-01  4.32823857E-01  3.03846352E+00  9.02740040E-01  6.40717045E-01
 -2.65345484E+00  1.00000000E+00  2.13070923E+00 -9.81992870E-01  4.32817847E-01  3.03846320E+00  9.02758431E-01  6.40711430E-01
 -2.62870161E+00  1.00000000E+00  2.11399446E+00 -9.81969554E-01  4.32809514E-01  3.03840743E+00  9.02756775E-01  6.40695196E-01
 -2.60394839E+00  1.00000000E+00  2.09727969E+00 -9.81946238E-01  4.32798746E-01  3.03835166E+00  9.02755119E-01  6.40678963E-01
 -2.57919516E+00  1.00000000E+00  2.08054933E+00 -9.81927195E-01  4.32817087E-01  3.03831233E+00  9.02755907E-01  6.40666929E-01
 -2.55444193E+00  1.00000000E+00  2.06381897E+00 -9.81908152E-01  4.32818697E-01  3.03827301E+00  9.02756694E-01  6.40654894E-01
 -2.52968871E+00  1.00000000E+00  2.04712699E+00 -9.82011295E-01  4.32789155E-01  3.03837323E+00  9.02799022E-01  6.40672262E-01
 -2.50493548E+00  1.00000000E+00  2.03043500E+00 -9.82114443E-01  4.32744897E-01  3.03847346E+00  9.02841355E-01  6.40689630E-01
 -2.48018226E+00  1.00000000E+00  2.01364514E+00 -9.81928630E-01  4.32780735E-01  3.03834213E+00  9.02746848E-01  6.40678585E-01
 -2.45542903E+00  1.00000000E+00  1.99685528E+00 -9.81742832E-01  4.32827630E-01  3.03821083E+00  9.02652358E-01  6.40667543E-01
 -2.43067580E+00  1.00000000E+00  1.98014582E+00 -9.81804144E-01  4.32840571E-01  3.03831253E+00  9.02668324E-01  6.40693262E-01
 -2.40592258E+00  1.00000000E+00  1.96343636E+00 -9.81865458E-01  4.32860779E-01  3.03841423E+00  9.02684291E-01  6.40718982E-01
 -2.38116935E+00  1.00000000E+00  1.94673369E+00 -9.81877960E-01  4.32885933E-01  3.03840222E+00  9.02705804E-01  6.40708925E-01
 -2.35641613E+00  1.00000000E+00  1.93003102E+00 -9.81890462E-01  4.32880672E-01  3.03839021E+00  9.02727318E-01  6.40698869E-01
 -2.33166290E+00  1.00000000E+00  1.91329831E+00 -9.81897261E-01  4.32851995E-01  3.03839183E+00  9.02725207E-01  6.40699988E-01
 -2.30690967E+00  1.00000000E+00  1.89656561E+00 -9.81904060E-01  4.32832437E-01  3.03839345E+00  9.02723096E-01  6.40701106E-01
 -2.28215645E+00  1.00000000E+00  1.87983651E+00 -9.81946964E-01  4.32822517E-01  3.03840159E+00  9.02746203E-01  6.40696617E-01
 -2.25740322E+00  1.00000000E+00  1.86310742E+00 -9.81989868E-01  4.32808314E-01  3.03840974E+00  9.02769311E-01  6.40692128E-01
 -2.23265000E+00  1.00000000E+00  1.84641144E+00 -9.82045400E-01  4.32794713E-01  3.03846894E+00  9.02796730E-01  6.40701662E-01
 -2.20789677E+00  1.00000000E+00  1.82971546E+00 -9.82100934E-01  4.32758108E-01  3.03852813E+00  9.02824150E-01  6.40711195E-01
 -2.18314354E+00  1.00000000E+00  1.81293268E+00 -9.81932276E-01  4.32780156E-01  3.03834959E+00  9.02750418E-01  6.40679751E-01
 -2.15839032E+00  1.00000000E+00  1.79614989E+00 -9.81763632E-01  4.32815215E-01  3.03817106E+00  9.02676697E-01  6.40648310E-01
 -2.13363709E+00  1.00000000E+00  1.77944429E+00 -9.81781393E-01  4.32822012E-01  3.03822002E+00  9.02673011E-01  6.40664103E-01
 -2.10888387E+00  1.00000000E+00  1.76273868E+00 -9.81799155E-01  4.32840908E-01  3.03826898E+00  9.02669325E-01  6.40679896E-01
 -2.08413064E+00  1.00000000E+00  1.74600597E+00 -9.81834703E-01  4.32857120E-01  3.03830301E+00  9.02688732E-01  6.40684283E-01
 -2.05937741E+00  1.00000000E+00  1.72927325E+00 -9.81870253E-01  4.32855594E-01  3.03833704E+00  9.02708139E-01  6.40688670E-01
 -2.03462419E+00  1.00000000E+00  1.71256257E+00 -9.81852561E-01  4.32852329E-01  3.03826035E+00  9.02714358E-01  6.40663797E-01
 -2.00987096E+00  1.00000000E+00  1.69585188E+00 -9.81834870E-01  4.32839701E-01  3.03818366E+00  9.02720576E-01  6.40638926E-01
 -1.98511774E+00  1.00000000E+00  1.67911542E+00 -9.81869328E-01  4.32811660E-01  3.03811517E+00  9.02753445E-01  6.40608518E-01
 -1.96036451E+00  1.00000000E+00  1.66237895E+00 -9.81903785E-01  4.32783256E-01  3.03804668E+00  9.02786315E-01  6.40578111E-01
 -1.93561128E+00  1.00000000E+00  1.64568453E+00 -9.81935468E-01  4.32759627E-01  3.03801653E+00  9.02814765E-01  6.40560530E-01
 -1.91085806E+00  1.00000000E+00  1.62899010E+00 -9.81967151E-01  4.32716925E-01  3.03798638E+00  9.02843217E-01  6.40542950E-01
 -1.88610483E+00  1.00000000E+00  1.61223961E+00 -9.81921175E-01  4.32685880E-01  3.03790834E+00  9.02822340E-01  6.40525801E-01
 -1.86135161E+00  1.00000000E+00  1.59548911E+00 -9.81875201E-01  4.32657340E-01  3.03783030E+00  9.02801464E-01  6.40508652E-01
 -1.83659838E+00  1.00000000E+00  1.57873409E+00 -9.81787715E-01  4.32665212E-01  3.03759702E+00  9.02795846E-01  6.40440351E-01
 -1.81184516E+00  1.00000000E+00  1.56197907E+00 -9.81700234E-01  4.32671473E-01  3.03736375E+00  9.02790231E-01  6.40372055E-01
 -1.78709193E+00  1.00000000E+00  1.54534046E+00 -9.81837623E-01  4.32630130E-01  3.03744767E+00  9.02862670E-01  6.40375500E-01
 -1.76233870E+00  1.00000000E+00  1.52870185E+00 -9.81975019E-01  4.32564850E-01  3.03753160E+00  9.02935118E-01  6.40378945E-01
 -1.73758548E+00  1.00000000E+00  1.51189250E+00 -9.81843185E-01  4.32555082E-01  3.03733962E+00  9.02877851E-01  6.40338531E-01
 -1.71283225E+00  1.00000000E+00  1.49508315E+00 -9.81711362E-01  4.32550675E-01  3.03714766E+00  9.02820592E-01  6.40298120E-01
 -1.68807903E+00  1.00000000E+00  1.47835430E+00 -9.81734750E-01  4.32504424E-01  3.03694649E+00  9.02868325E-01  6.40223449E-01
 -1.66332580E+00  1.00000000E+00  1.46162545E+00 -9.81758137E-01  4.32465446E-01  3.03674533E+00  9.02916060E-01  6.40148782E-01
 -1.63857257E+00  1.00000000E+00  1.44491813E+00 -9.81626065E-01  4.32484883E-01  3.03659383E+00  9.02864694E-01  6.40118740E-01
 -1.61381935E+00  1.00000000E+00  1.42821081E+00 -9.81494000E-01  4.32482130E-01  3.03644234E+00  9.02813335E-01  6.40088700E-01
 -1.58906612E+00  1.00000000E+00  1.41145412E+00 -9.81449430E-01  4.32424126E-01  3.03615225E+00  9.02830862E-01  6.39996416E-01
 -1.56431290E+00  1.00000000E+00  1.39469743E+00 -9.81404862E-01  4.32387012E-01  3.03586219E+00  9.02848389E-01  6.39904141E-01
 -1.53955967E+00  1.00000000E+00  1.37800236E+00 -9.81289898E-01  4.32376549E-01  3.03555866E+00  9.02836087E-01  6.39816772E-01
 -1.51480644E+00  1.00000000E+00  1.36130729E+00 -9.81174944E-01  4.32351216E-01  3.03525516E+00  9.02823789E-01  6.39729410E-01
 -1.49005322E+00  1.00000000E+00  1.34462036E+00 -9.81174774E-01  4.32303875E-01  3.03482239E+00  9.02911259E-01  6.39573341E-01
 -1.46529999E+00  1.00000000E+00  1.32793343E+00 -9.81174606E-01  4.32220239E-01  3.03438970E+00  9.02998736E-01  6.39417290E-01
 -1.44054677E+00  1.00000000E+00  1.31125874E+00 -9.81217072E-01  4.32110765E-01  3.03409068E+00  9.03078768E-01  6.39303574E-01
 -1.41579354E+00  1.00000000E+00  1.29458405E+00 -9.81259537E-01  4.31964379E-01  3.03379170E+00  9.03158805E-01  6.39189868E-01
 -1.39104031E+00  1.00000000E+00  1.27780550E+00 -9.80873971E-01  4.31928969E-01  3.03308965E+00  9.03039604E-01  6.39015013E-01
 -1.36628709E+00  1.00000000E+00  1.26102695E+00 -9.80488497E-01  4.31922182E-01  3.03238779E+00  9.02920460E-01  6.38840198E-01
 -1.34153386E+00  1.00000000E+00  1.24435647E+00 -9.80472686E-01  4.31844970E-01  3.03188778E+00  9.02995399E-01  6.38667714E-01
 -1.31678064E+00  1.00000000E+00  1.22768599E+00 -9.80456878E-01  4.31763262E-01  3.03138787E+00  9.03070345E-01  6.38495257E-01
 -1.29202741E+00  1.00000000E+00  1.21102983E+00 -9.80370116E-01  4.31665499E-01  3.03079999E+00  9.03129773E-01  6.38301064E-01
 -1.26727418E+00  1.00000000E+00  1.19437367E+00 -9.80283370E-01  4.31537256E-01  3.03021222E+00  9.03189210E-01  6.38106903E-01
 -1.24252096E+00  1.00000000E+00  1.17777210E+00 -9.80236899E-01  4.31402267E-01  3.02959266E+00  9.03269708E-01  6.37896884E-01
 -1.21776773E+00  1.00000000E+00  1.16117053E+00 -9.80190437E-01  4.31248724E-01  3.02897323E+00  9.03350215E-01  6.37686904E-01
 -1.19301451E+00  1.00000000E+00  1.14447260E+00 -9.79737491E-01  4.31145983E-01  3.02780942E+00  9.03278445E-01  6.37359293E-01
 -1.16826128E+00  1.00000000E+00  1.12777468E+00 -9.79284704E-01  4.31064822E-01  3.02664608E+00  9.03206749E-01  6.37031798E-01
 -1.14350806E+00  1.00000000E+00  1.11120300E+00 -9.79236322E-01  4.30924564E-01  3.02591854E+00  9.03301009E-01  6.36785258E-01
 -1.11875483E+00  1.00000000E+00  1.09463131E+00 -9.79187950E-01  4.30777202E-01  3.02519119E+00  9.03395279E-01  6.36538772E-01
 -1.09400160E+00  1.00000000E+00  1.07806889E+00 -9.78966473E-01  4.30616493E-01  3.02424258E+00  9.03424902E-01  6.36245304E-01
 -1.06924838E+00  1.00000000E+00  1.06150646E+00 -9.78745053E-01  4.30468201E-01  3.02329427E+00  9.03454545E-01  6.35951918E-01
 -1.04449515E+00  1.00000000E+00  1.04499895E+00 -9.78464722E-01  4.30328845E-01  3.02217203E+00  9.03482962E-01  6.35606722E-01
 -1.01974193E+00  1.00000000E+00  1.02849143E+00 -9.78184479E-01  4.30180679E-01  3.02105021E+00  9.03511411E-01  6.35261640E-01
 -9.94988700E-01  1.00000000E+00  1.01206255E+00 -9.77957663E-01  4.30015335E-01  3.01992088E+00  9.03577063E-01  6.34903146E-01
 -9.70235474E-01  1.00000000E+00  9.95633663E-01 -9.77730918E-01  4.29854369E-01  3.01879198E+00  9.03642744E-01  6.34544771E-01
 -9.45482248E-01  1.00000000E+00  9.79227957E-01 -9.77494059E-01  4.29679549E-01  3.01775261E+00  9.03677623E-01  6.34222495E-01
 -9.20729022E-01  1.00000000E+00  9.62822250E-01 -9.77257268E-01  4.29511850E-01  3.01671359E+00  9.03712527E-01  6.33900319E-01
 -8.95975796E-01  1.00000000E+00  9.46560094E-01 -9.76915781E-01  4.29373356E-01  3.01546646E+00  9.03725967E-01  6.33522147E-01
 -8.71222570E-01  1.00000000E+00  9.30297939E-01 -9.76574415E-01  4.29239164E-01  3.01421983E+00  9.03739454E-01  6.33144114E-01
 -8.46469344E-01  1.00000000E+00  9.14125496E-01 -9.76520469E-01  4.29096776E-01  3.01344925E+00  9.03854467E-01  6.32878435E-01
 -8.21716118E-01  1.00000000E+00  8.97953054E-01 -9.76466537E-01  4.28932496E-01  3.01267888E+00  9.03969498E-01  6.32612816E-01
 -7.97201467E-01  1.00000000E+00  8.82075827E-01 -9.76368827E-01  4.28847262E-01  3.01221039E+00  9.03982584E-01  6.32468343E-01
 -7.72686817E-01  1.00000000E+00  8.66198601E-01 -9.76271131E-01  4.28778900E-01  3.01174198E+00  9.03995674E-01  6.32323891E-01
 -7.49503432E-01  1.00000000E+00  8.51312865E-01 -9.76200818E-01  4.28741622E-01  3.01156682E+00  9.03985758E-01  6.32274318E-01
 -7.26320047E-01  1.00000000E+00  8.36427129E-01 -9.76130508E-01  4.28717160E-01  3.01139167E+00  9.03975844E-01  6.32224748E-01
 -7.04527831E-01  1.00000000E+00  8.22638137E-01 -9.76223243E-01  4.28738850E-01  3.01175189E+00  9.03980371E-01  6.32331455E-01
 -6.82735615E-01  1.00000000E+00  8.08849146E-01 -9.76315988E-01  4.28812353E-01  3.01211215E+00  9.03984901E-01  6.32438174E-01
 -6.62251087E-01  1.00000000E+00  7.95951257E-01 -9.76468449E-01  4.29011203E-01  3.01329264E+00  9.03835232E-01  6.32837223E-01
 -6.41766559E-01  1.00000000E+00  7.83053368E-01 -9.76620965E-01  4.29237890E-01  3.01447361E+00  9.03685605E-01  6.33236403E-01
 -6.22511254E-01  1.00000000E+00  7.71188991E-01 -9.76924227E-01  4.29486675E-01  3.01609235E+00  9.03591044E-01  6.33750391E-01
 -6.03255949E-01  1.00000000E+00  7.59324614E-01 -9.77227622E-01  4.29767359E-01  3.01771196E+00  9.03496533E-01  6.34264629E-01
 -5.85156097E-01  1.00000000E+00  7.48380728E-01 -9.77817165E-01  4.30113334E-01  3.02008450E+00  9.03452373E-01  6.34989637E-01
 -5.67056245E-01  1.00000000E+00  7.37436842E-01 -9.78407099E-01  4.30506336E-01  3.02245889E+00  9.03408349E-01  6.35715161E-01
 -5.50042515E-01  1.00000000E+00  7.27245543E-01 -9.79080289E-01  4.31043762E-01  3.02595967E+00  9.03177372E-01  6.36834691E-01
 -5.33028786E-01  1.00000000E+00  7.17054244E-01 -9.79754128E-01  4.31586737E-01  3.02946455E+00  9.02946674E-01  6.37955363E-01
 -5.17036006E-01  1.00000000E+00  7.07788949E-01 -9.80819670E-01  4.32185278E-01  3.03389717E+00  9.02850416E-01  6.39314026E-01
 -5.01043227E-01  1.00000000E+00  6.98523654E-01 -9.81886523E-01  4.32837829E-01  3.03833625E+00  9.02754599E-01  6.40674496E-01
 -4.86010125E-01  1.00000000E+00  6.89894904E-01 -9.82956181E-01  4.33617408E-01  3.04361584E+00  9.02462327E-01  6.42346054E-01
 -4.70977023E-01  1.00000000E+00  6.81266154E-01 -9.84027383E-01  4.34496783E-01  3.04890465E+00  9.02170669E-01  6.44020195E-01
 -4.56846016E-01  1.00000000E+00  6.73460990E-01 -9.85438581E-01  4.35428907E-01  3.05543084E+00  9.01908266E-01  6.46056771E-01
 -4.42715008E-01  1.00000000E+00  6.65655826E-01 -9.86852291E-01  4.36455929E-01  3.06197101E+00  9.01646757E-01  6.48097276E-01
 -4.29431964E-01  1.00000000E+00  6.58487758E-01 -9.88595657E-01  4.37635158E-01  3.07013528E+00  9.01263530E-01  6.50661524E-01
 -4.16148920E-01  1.00000000E+00  6.51319690E-01 -9.90342897E-01  4.38889250E-01  3.07832135E+00  9.00881789E-01  6.53231869E-01
 -4.03662954E-01  1.00000000E+00  6.44788269E-01 -9.92099340E-01  4.40148785E-01  3.08688113E+00  9.00488008E-01  6.55917937E-01
 -3.91176988E-01  1.00000000E+00  6.38256848E-01 -9.93859829E-01  4.41529477E-01  3.09546482E+00  9.00095681E-01  6.58610741E-01
 -3.79440270E-01  1.00000000E+00  6.32379580E-01 -9.96208857E-01  4.43009685E-01  3.10583069E+00  8.99749425E-01  6.61824379E-01
 -3.67703552E-01  1.00000000E+00  6.26502312E-01 -9.98564473E-01  4.44604175E-01  3.11623123E+00  8.99405517E-01  6.65047715E-01
 -3.56671122E-01  1.00000000E+00  6.21256089E-01 -1.00090315E+00  4.46372888E-01  3.12778087E+00  8.98822020E-01  6.68687655E-01
 -3.45638692E-01  1.00000000E+00  6.16009866E-01 -1.00324903E+00  4.48198546E-01  3.13937352E+00  8.98241265E-01  6.72339677E-01
 -3.35268287E-01  1.00000000E+00  6.11216418E-01 -1.00586131E+00  4.49922702E-01  3.15161882E+00  8.97798162E-01  6.76146197E-01
 -3.24897882E-01  1.00000000E+00  6.06422970E-01 -1.00848206E+00  4.51828256E-01  3.16391199E+00  8.97357933E-01  6.79966216E-01
 -3.15149775E-01  1.00000000E+00  6.02220111E-01 -1.01155083E+00  4.53929195E-01  3.17847760E+00  8.96753906E-01  6.84517107E-01
 -3.05401669E-01  1.00000000E+00  5.98017252E-01 -1.01463138E+00  4.56148313E-01  3.19311042E+00  8.96154123E-01  6.89086890E-01
 -2.96238520E-01  1.00000000E+00  5.94211638E-01 -1.01762153E+00  4.58437035E-01  3.20888667E+00  8.95306290E-01  6.94074113E-01
 -2.87075371E-01  1.00000000E+00  5.90406024E-01 -1.02062392E+00  4.60929863E-01  3.22474158E+00  8.94463048E-01  6.99083559E-01
 -2.78462077E-01  1.00000000E+00  5.87255132E-01 -1.02413958E+00  4.63531336E-01  3.24191800E+00  8.93686656E-01  7.04469404E-01
 -2.69848783E-01  1.00000000E+00  5.84104239E-01 -1.02767086E+00  4.66276356E-01  3.25918625E+00  8.92916059E-01  7.09881058E-01
 -2.61752348E-01  1.00000000E+00  5.81397034E-01 -1.03167897E+00  4.68979320E-01  3.27780671E+00  8.92352201E-01  7.15636352E-01
 -2.53655913E-01  1.00000000E+00  5.78689828E-01 -1.03570621E+00  4.71784405E-01  3.29653368E+00  8.91794629E-01  7.21421716E-01
 -2.46045323E-01  1.00000000E+00  5.76328674E-01 -1.03928709E+00  4.74807541E-01  3.31603582E+00  8.90727513E-01  7.27592493E-01
 -2.38434732E-01  1.00000000E+00  5.73967521E-01 -1.04288553E+00  4.77879312E-01  3.33565459E+00  8.89667060E-01  7.33796260E-01
 -2.31280830E-01  1.00000000E+00  5.72094667E-01 -1.04709686E+00  4.80964594E-01  3.35643734E+00  8.88899753E-01  7.40261277E-01
 -2.24126928E-01  1.00000000E+00  5.70221812E-01 -1.05133003E+00  4.84137458E-01  3.37735015E+00  8.88139750E-01  7.46763119E-01
 -2.17402314E-01  1.00000000E+00  5.68815211E-01 -1.05592946E+00  4.87354361E-01  3.39990492E+00  8.87359545E-01  7.53763613E-01
 -2.10677699E-01  1.00000000E+00  5.67408610E-01 -1.06055449E+00  4.90704291E-01  3.42261091E+00  8.86587793E-01  7.60806934E-01
 -2.04351753E-01  1.00000000E+00  5.66282460E-01 -1.06498990E+00  4.94365802E-01  3.44665715E+00  8.85430094E-01  7.68368117E-01
 -1.98025807E-01  1.00000000E+00  5.65156309E-01 -1.06945114E+00  4.98080130E-01  3.47087405E+00  8.84281630E-01  7.75977726E-01
 -1.91837501E-01  1.00000000E+00  5.64436403E-01 -1.07463472E+00  5.02034402E-01  3.49778486E+00  8.83251954E-01  7.84359871E-01
 -1.85649194E-01  1.00000000E+00  5.63716496E-01 -1.07985164E+00  5.06109024E-01  3.52490581E+00  8.82233225E-01  7.92801777E-01
 -1.79460888E-01  1.00000000E+00  5.63195579E-01 -1.08492001E+00  5.10783178E-01  3.55509123E+00  8.80548332E-01  8.02362869E-01
 -1.73272582E-01  1.00000000E+00  5.62674662E-01 -1.09002424E+00  5.15545129E-01  3.58553943E+00  8.78876939E-01  8.11998749E-01
 -1.67084275E-01  1.00000000E+00  5.63047922E-01 -1.09688629E+00  5.20499302E-01  3.61961033E+00  8.77944061E-01  8.22499880E-01
 -1.60895969E-01  1.00000000E+00  5.63421181E-01 -1.10380277E+00  5.25602161E-01  3.65400625E+00  8.77027861E-01  8.33093516E-01
 -1.54707662E-01  1.00000000E+00  5.63886727E-01 -1.11013211E+00  5.31517217E-01  3.69259980E+00  8.74998618E-01  8.45280354E-01
 -1.48519356E-01  1.00000000E+00  5.64352273E-01 -1.11651646E+00  5.37547919E-01  3.73160830E+00  8.72989219E-01  8.57585724E-01
 -1.42331049E-01  1.00000000E+00  5.65911097E-01 -1.12529474E+00  5.44262457E-01  3.77713629E+00  8.71627041E-01  8.71652776E-01
 -1.36142743E-01  1.00000000E+00  5.67469921E-01 -1.13416233E+00  5.51199591E-01  3.82322301E+00  8.70292376E-01  8.85879190E-01
 -1.29954436E-01  1.00000000E+00  5.69561753E-01 -1.14230384E+00  5.58173837E-01  3.87071117E+00  8.68454890E-01  9.00676884E-01
 -1.23766130E-01  1.00000000E+00  5.71653586E-01 -1.15052826E+00  5.65547983E-01  3.91879750E+00  8.66642912E-01  9.15646378E-01
 -1.17577823E-01  1.00000000E+00  5.75250485E-01 -1.16015778E+00  5.73473209E-01  3.97507913E+00  8.64536788E-01  9.33162701E-01
 -1.11389517E-01  1.00000000E+00  5.78847385E-01 -1.16990103E+00  5.82072229E-01  4.03217998E+00  8.62465652E-01  9.50914298E-01
 -1.05201210E-01  1.00000000E+00  5.83639969E-01 -1.18080803E+00  5.92431098E-01  4.09892197E+00  8.59767503E-01  9.71746339E-01
 -9.90129037E-02  1.00000000E+00  5.88432552E-01 -1.19186325E+00  6.02717877E-01  4.16678656E+00  8.57116302E-01  9.92901077E-01
 -9.28245972E-02  1.00000000E+00  5.94862541E-01 -1.20299450E+00  6.14231708E-01  4.23770781E+00  8.54267832E-01  1.01503199E+00
 -8.66362908E-02  1.00000000E+00  6.01292529E-01 -1.21428034E+00  6.24973859E-01  4.30985870E+00  8.51467289E-01  1.03751742E+00
 -8.04479843E-02  1.00000000E+00  6.13590281E-01 -1.23070627E+00  6.34704408E-01  4.38473482E+00  8.51949567E-01  1.05983558E+00
 -7.42596778E-02  1.00000000E+00  6.25888033E-01 -1.24737901E+00  6.45372208E-01  4.46090950E+00  8.52493990E-01  1.08252465E+00
 -6.80713713E-02  1.00000000E+00  6.39180838E-01 -1.25330330E+00  6.59138741E-01  4.54244732E+00  8.45652717E-01  1.10903838E+00
 -6.18830648E-02  1.00000000E+00  6.52473644E-01 -1.25931243E+00  6.71156023E-01  4.62559722E+00  8.38875342E-01  1.13601656E+00
 -5.56947583E-02  1.00000000E+00  6.74823379E-01 -1.32221998E+00  6.79640838E-01  4.70021137E+00  8.66984431E-01  1.14996808E+00
 -4.95064519E-02  1.00000000E+00  6.97173115E-01 -1.38671720E+00  6.78569981E-01  4.77739470E+00  8.96408416E-01  1.16429589E+00
 -4.33181454E-02  1.00000000E+00  7.80246625E-01 -1.29518865E+00  6.45399785E-01  4.55043391E+00  8.76508110E-01  1.10217774E+00
 -3.71298389E-02  1.00000000E+00  8.63320135E-01 -1.20791742E+00  6.29952573E-01  4.33505985E+00  8.58698117E-01  1.04290852E+00
 -3.09415324E-02  1.00000000E+00  8.58709052E-01 -1.14333774E+00  5.91832008E-01  4.13705922E+00  8.49469224E-01  9.86276998E-01
 -2.47532259E-02  1.00000000E+00  8.54097968E-01 -1.08153291E+00  5.25044128E-01  3.94828231E+00  8.41338057E-01  9.32083277E-01
 -1.85649194E-02  1.00000000E+00  1.63991816E+00 -1.50595653E+00  5.21271505E-01  4.96891001E+00  9.40510156E-01  1.20851996E+00
 -1.23766130E-02  1.00000000E+00  2.42573835E+00 -2.04159632E+00  6.98869903E-01  6.27754066E+00  1.09224415E+00  1.55558895E+00
 -6.18830648E-03  1.00000000E+00  1.43373503E+00  8.24249571E-01  2.06177022E+00  6.98207854E+00  5.53758739E-01  1.92849594E+00
  0.00000000E+00  1.00000000E+00  4.41731718E-01  6.23471049E+00  5.89852072E+00  1.49357877E+01  2.85552784E+00  3.62407795E+00
