# curve 5 (die wall), step =     1000, time =   4.00000000E+02
# N1 = tau_xx - tau_yy = G ( c_xx - c_yy ),  G =  4.7500E-01  (polymer part only)
#              x               y        pressure            c_xy        gammadot            c_xx            c_yy              N1
 -3.00000000E+00  1.00000000E+00  2.80986134E+00 -8.00468480E-01  4.00028109E-01  2.28022789E+00  1.00015217E+00  6.08035966E-01
 -2.95108291E+00  1.00000000E+00  2.77044320E+00 -8.00579045E-01  4.00024944E-01  2.28031368E+00  1.00020427E+00  6.08051967E-01
 -2.90216582E+00  1.00000000E+00  2.73102505E+00 -8.00689615E-01  4.00060797E-01  2.28039947E+00  1.00025638E+00  6.08067968E-01
 -2.85324873E+00  1.00000000E+00  2.69190805E+00 -8.00644079E-01  4.00000335E-01  2.28006887E+00  1.00029221E+00  6.07893911E-01
 -2.80433164E+00  1.00000000E+00  2.65279104E+00 -8.00598549E-01  3.99922489E-01  2.27973832E+00  1.00032805E+00  6.07719876E-01
 -2.75541455E+00  1.00000000E+00  2.61365897E+00 -8.00435816E-01  3.99969757E-01  2.27988506E+00  1.00021152E+00  6.07844927E-01
 -2.70649746E+00  1.00000000E+00  2.57452690E+00 -8.00273078E-01  3.99969301E-01  2.28003184E+00  1.00009502E+00  6.07969990E-01
 -2.65758037E+00  1.00000000E+00  2.53540114E+00 -8.00360726E-01  3.99988295E-01  2.28003471E+00  1.00014956E+00  6.07945445E-01
 -2.60866328E+00  1.00000000E+00  2.49627537E+00 -8.00448376E-01  3.99994758E-01  2.28003758E+00  1.00020410E+00  6.07920900E-01
 -2.55974619E+00  1.00000000E+00  2.45716606E+00 -8.00370821E-01  3.99975826E-01  2.28016424E+00  1.00014346E+00  6.08009873E-01
 -2.51082911E+00  1.00000000E+00  2.41805675E+00 -8.00293263E-01  4.00050714E-01  2.28029093E+00  1.00008282E+00  6.08098853E-01
 -2.46191202E+00  1.00000000E+00  2.37885591E+00 -8.00309039E-01  3.99997782E-01  2.28009398E+00  1.00011289E+00  6.07991020E-01
 -2.41299493E+00  1.00000000E+00  2.33965507E+00 -8.00324813E-01  3.99959441E-01  2.27989706E+00  1.00014296E+00  6.07883198E-01
 -2.36407784E+00  1.00000000E+00  2.30055590E+00 -8.00278917E-01  4.00027392E-01  2.28009689E+00  1.00009777E+00  6.07999585E-01
 -2.31516075E+00  1.00000000E+00  2.26145673E+00 -8.00233017E-01  4.00058734E-01  2.28029676E+00  1.00005258E+00  6.08115983E-01
 -2.26624366E+00  1.00000000E+00  2.22232102E+00 -8.00377989E-01  4.00024857E-01  2.28022650E+00  1.00013762E+00  6.08042218E-01
 -2.21732657E+00  1.00000000E+00  2.18318532E+00 -8.00522959E-01  4.00031441E-01  2.28015627E+00  1.00022267E+00  6.07968459E-01
 -2.16840948E+00  1.00000000E+00  2.14404902E+00 -8.00516134E-01  3.99998928E-01  2.28002814E+00  1.00023897E+00  6.07899855E-01
 -2.11949239E+00  1.00000000E+00  2.10491273E+00 -8.00509309E-01  3.99936904E-01  2.27990001E+00  1.00025526E+00  6.07831256E-01
 -2.07057530E+00  1.00000000E+00  2.06578918E+00 -8.00575527E-01  3.99972027E-01  2.28000473E+00  1.00027907E+00  6.07869686E-01
 -2.02165821E+00  1.00000000E+00  2.02666563E+00 -8.00641749E-01  3.99999942E-01  2.28010944E+00  1.00030288E+00  6.07908118E-01
 -1.97274112E+00  1.00000000E+00  1.98749753E+00 -8.00559911E-01  3.99923703E-01  2.27981929E+00  1.00028321E+00  6.07779641E-01
 -1.92382403E+00  1.00000000E+00  1.94832944E+00 -8.00478083E-01  3.99875465E-01  2.27952918E+00  1.00026354E+00  6.07651181E-01
 -1.87490694E+00  1.00000000E+00  1.90919255E+00 -8.00347943E-01  3.99912667E-01  2.27955510E+00  1.00021224E+00  6.07687858E-01
 -1.82598985E+00  1.00000000E+00  1.87005567E+00 -8.00217800E-01  3.99903118E-01  2.27958104E+00  1.00016096E+00  6.07724539E-01
 -1.77707276E+00  1.00000000E+00  1.83097807E+00 -8.00373638E-01  3.99915706E-01  2.27958281E+00  1.00024193E+00  6.07686917E-01
 -1.72815567E+00  1.00000000E+00  1.79190046E+00 -8.00529478E-01  3.99907626E-01  2.27958460E+00  1.00032292E+00  6.07649298E-01
 -1.67923858E+00  1.00000000E+00  1.75267566E+00 -8.00391810E-01  3.99844066E-01  2.27950019E+00  1.00025429E+00  6.07641804E-01
 -1.63032150E+00  1.00000000E+00  1.71345087E+00 -8.00254150E-01  3.99882835E-01  2.27941579E+00  1.00018566E+00  6.07634311E-01
 -1.58140441E+00  1.00000000E+00  1.67441986E+00 -8.00186414E-01  3.99779548E-01  2.27884824E+00  1.00027267E+00  6.07323397E-01
 -1.53248732E+00  1.00000000E+00  1.63538886E+00 -8.00118691E-01  3.99710449E-01  2.27828084E+00  1.00035968E+00  6.07012549E-01
 -1.48357023E+00  1.00000000E+00  1.59622928E+00 -7.99960905E-01  3.99656261E-01  2.27806843E+00  1.00028173E+00  6.06948680E-01
 -1.43465314E+00  1.00000000E+00  1.55706969E+00 -7.99803136E-01  3.99604669E-01  2.27785605E+00  1.00020380E+00  6.06884819E-01
 -1.38573605E+00  1.00000000E+00  1.51792367E+00 -7.99524507E-01  3.99525046E-01  2.27726968E+00  1.00016292E+00  6.06625711E-01
 -1.33681896E+00  1.00000000E+00  1.47877766E+00 -7.99245941E-01  3.99488267E-01  2.27668348E+00  1.00012208E+00  6.06366662E-01
 -1.28790187E+00  1.00000000E+00  1.43972639E+00 -7.99059621E-01  3.99330886E-01  2.27589240E+00  1.00016596E+00  6.05970057E-01
 -1.23898478E+00  1.00000000E+00  1.40067512E+00 -7.98873353E-01  3.99163831E-01  2.27510159E+00  1.00020986E+00  6.05573573E-01
 -1.19006769E+00  1.00000000E+00  1.36172938E+00 -7.98633980E-01  3.99037408E-01  2.27418016E+00  1.00024204E+00  6.05120608E-01
 -1.14115060E+00  1.00000000E+00  1.32278364E+00 -7.98394686E-01  3.98911157E-01  2.27325910E+00  1.00027424E+00  6.04667806E-01
 -1.09223351E+00  1.00000000E+00  1.28388815E+00 -7.98023050E-01  3.98676175E-01  2.27197914E+00  1.00029497E+00  6.04049979E-01
 -1.04331642E+00  1.00000000E+00  1.24499266E+00 -7.97651589E-01  3.98447593E-01  2.27069989E+00  1.00031576E+00  6.03432463E-01
 -9.94399333E-01  1.00000000E+00  1.20630008E+00 -7.97109916E-01  3.98273755E-01  2.26943728E+00  1.00023547E+00  6.02870860E-01
 -9.45482243E-01  1.00000000E+00  1.16760750E+00 -7.96568511E-01  3.98076429E-01  2.26817540E+00  1.00015532E+00  6.02309540E-01
 -8.96565154E-01  1.00000000E+00  1.12923597E+00 -7.96287693E-01  3.97891717E-01  2.26696494E+00  1.00022471E+00  6.01701609E-01
 -8.47648064E-01  1.00000000E+00  1.09086444E+00 -7.96006996E-01  3.97707232E-01  2.26575514E+00  1.00029415E+00  6.01093966E-01
 -7.99501858E-01  1.00000000E+00  1.05359972E+00 -7.95727065E-01  3.97530266E-01  2.26495023E+00  1.00030358E+00  6.00707158E-01
 -7.51355652E-01  1.00000000E+00  1.01633501E+00 -7.95447216E-01  3.97503714E-01  2.26414561E+00  1.00031304E+00  6.00320468E-01
 -7.08111109E-01  1.00000000E+00  9.83334046E-01 -7.95476280E-01  3.97420378E-01  2.26457372E+00  1.00023323E+00  6.00561735E-01
 -6.64866566E-01  1.00000000E+00  9.50333087E-01 -7.95505349E-01  3.97623724E-01  2.26500192E+00  1.00015342E+00  6.00803040E-01
 -6.26599939E-01  1.00000000E+00  9.21797570E-01 -7.96327183E-01  3.97955005E-01  2.26733171E+00  1.00021100E+00  6.01882337E-01
 -5.88333313E-01  1.00000000E+00  8.93262052E-01 -7.97149743E-01  3.98387698E-01  2.26966390E+00  1.00026887E+00  6.02962637E-01
 -5.54471587E-01  1.00000000E+00  8.68687541E-01 -7.98373950E-01  3.99159419E-01  2.27451893E+00  9.99961820E-01  6.05414626E-01
 -5.20609860E-01  1.00000000E+00  8.44113031E-01 -7.99600284E-01  4.00007364E-01  2.27938430E+00  9.99655653E-01  6.07871108E-01
 -4.90645977E-01  1.00000000E+00  8.23308024E-01 -8.02330426E-01  4.01003352E-01  2.28701879E+00  1.00003283E+00  6.11318331E-01
 -4.60682095E-01  1.00000000E+00  8.02503018E-01 -8.05068587E-01  4.02217998E-01  2.29467893E+00  1.00041297E+00  6.14776330E-01
 -4.34167380E-01  1.00000000E+00  7.84723644E-01 -8.07806709E-01  4.04002353E-01  2.30534867E+00  9.99780853E-01  6.20144711E-01
 -4.07652666E-01  1.00000000E+00  7.66944271E-01 -8.10555194E-01  4.05949172E-01  2.31606779E+00  9.99153029E-01  6.25534509E-01
 -3.84190072E-01  1.00000000E+00  7.52307415E-01 -8.15607860E-01  4.08059274E-01  2.33107485E+00  9.99639419E-01  6.32431829E-01
 -3.60727478E-01  1.00000000E+00  7.37670558E-01 -8.20688810E-01  4.10319427E-01  2.34617900E+00  1.00013585E+00  6.39370497E-01
 -3.39965684E-01  1.00000000E+00  7.25528434E-01 -8.25810687E-01  4.13208220E-01  2.36440431E+00  9.99677407E-01  6.48245278E-01
 -3.19203889E-01  1.00000000E+00  7.13386310E-01 -8.30965471E-01  4.16289569E-01  2.38277036E+00  9.99230963E-01  6.57181213E-01
 -3.00831998E-01  1.00000000E+00  7.03850384E-01 -8.38557002E-01  4.19601288E-01  2.40693019E+00  9.99647120E-01  6.68459458E-01
 -2.82460107E-01  1.00000000E+00  6.94314458E-01 -8.46214162E-01  4.23108299E-01  2.43133392E+00  1.00008560E+00  6.79842952E-01
 -2.66203017E-01  1.00000000E+00  6.86512137E-01 -8.53649471E-01  4.27489514E-01  2.45928055E+00  9.99212390E-01  6.93532378E-01
 -2.49945927E-01  1.00000000E+00  6.78709816E-01 -8.61155219E-01  4.32167140E-01  2.48754680E+00  9.98364346E-01  7.07361666E-01
 -2.35560203E-01  1.00000000E+00  6.73763352E-01 -8.72219870E-01  4.36985752E-01  2.52340682E+00  9.99189074E-01  7.24003427E-01
 -2.21174479E-01  1.00000000E+00  6.68816889E-01 -8.83421187E-01  4.41869520E-01  2.55978145E+00  1.00005808E+00  7.40868598E-01
 -2.08421419E-01  1.00000000E+00  6.64895577E-01 -8.94588357E-01  4.47511755E-01  2.60065692E+00  9.99683424E-01  7.60462410E-01
 -1.95668358E-01  1.00000000E+00  6.60974265E-01 -9.05904358E-01  4.53569221E-01  2.64218180E+00  9.99356670E-01  7.80341939E-01
 -1.83439085E-01  1.00000000E+00  6.59038960E-01 -9.18928993E-01  4.61003835E-01  2.69363165E+00  9.98182082E-01  8.05338544E-01
 -1.71209813E-01  1.00000000E+00  6.57103655E-01 -9.32163243E-01  4.69100464E-01  2.74608001E+00  9.97074790E-01  8.30777482E-01
 -1.58980541E-01  1.00000000E+00  6.55901805E-01 -9.54126092E-01  4.79095396E-01  2.82259582E+00  9.98676823E-01  8.66361523E-01
 -1.46751268E-01  1.00000000E+00  6.54699956E-01 -9.76612233E-01  4.88811624E-01  2.90123319E+00  1.00043368E+00  9.02879767E-01
 -1.34521996E-01  1.00000000E+00  6.60294320E-01 -1.00092054E+00  5.01828220E-01  3.00309759E+00  9.99157756E-01  9.51871421E-01
 -1.22292724E-01  1.00000000E+00  6.65888685E-01 -1.02593261E+00  5.14505665E-01  3.10853673E+00  9.98075271E-01  1.00246919E+00
 -1.10063451E-01  1.00000000E+00  6.53652158E-01 -1.06351675E+00  5.28505155E-01  3.22279663E+00  1.00563025E+00  1.05315403E+00
 -9.78341789E-02  1.00000000E+00  6.41415632E-01 -1.10235647E+00  5.37900669E-01  3.34125921E+00  1.01359075E+00  1.10564252E+00
 -8.56049065E-02  1.00000000E+00  6.85215267E-01 -1.10979778E+00  5.48559516E-01  3.38045456E+00  1.01629545E+00  1.12297558E+00
 -7.33756342E-02  1.00000000E+00  7.29014902E-01 -1.11729542E+00  5.37398298E-01  3.42012258E+00  1.01900795E+00  1.14052945E+00
 -6.11463618E-02  1.00000000E+00  7.66201511E-01 -1.12628590E+00  4.55781320E-01  3.06987005E+00  1.09730510E+00  9.36968350E-01
 -4.89170895E-02  1.00000000E+00  8.03388120E-01 -1.13623444E+00  3.90243521E-01  2.76286858E+00  1.18092139E+00  7.51424916E-01
 -3.66878171E-02  1.00000000E+00  1.54689244E+00 -1.41484922E+00  4.23978256E-01  3.51139574E+00  1.21398139E+00  1.09127182E+00
 -2.44585447E-02  1.00000000E+00  2.29039676E+00 -1.75784558E+00  5.84572094E-01  4.46112290E+00  1.27382713E+00  1.51396549E+00
 -1.22292724E-02  1.00000000E+00  1.19165823E+00  5.15837685E-01  1.68419134E+00  6.01947309E+00  6.53376872E-01  2.54889570E+00
  0.00000000E+00  1.00000000E+00  9.29196932E-02  5.32578292E+00  3.96696226E+00  1.43206666E+01  2.34277887E+00  5.68949670E+00
