# curve 5 (die wall), step =     1400, time =   2.80000000E+02
# N1 = tau_xx - tau_yy = G ( c_xx - c_yy ),  G =  1.3571E-01  (polymer part only)
#              x               y        pressure            c_xy        gammadot            c_xx            c_yy              N1
 -3.00000000E+00  1.00000000E+00  3.21902968E+00 -2.80197806E+00  4.00167862E-01  1.67157433E+01  9.99458260E-01  2.13292440E+00
 -2.95108291E+00  1.00000000E+00  3.18114582E+00 -2.80460137E+00  4.00648450E-01  1.67368272E+01  9.99652712E-01  2.13575939E+00
 -2.90216582E+00  1.00000000E+00  3.14326197E+00 -2.80722744E+00  4.00904265E-01  1.67579377E+01  9.99847449E-01  2.13859797E+00
 -2.85324873E+00  1.00000000E+00  3.10296960E+00 -2.80301456E+00  4.00666256E-01  1.67459983E+01  9.98897467E-01  2.13710654E+00
 -2.80433164E+00  1.00000000E+00  3.06267723E+00 -2.79880546E+00  4.00660276E-01  1.67340691E+01  9.97949021E-01  2.13561630E+00
 -2.75541455E+00  1.00000000E+00  3.02373239E+00 -2.80134290E+00  4.01158650E-01  1.67368154E+01  9.98617792E-01  2.13589824E+00
 -2.70649746E+00  1.00000000E+00  2.98478754E+00 -2.80388096E+00  4.01176770E-01  1.67395635E+01  9.99287210E-01  2.13618035E+00
 -2.65758037E+00  1.00000000E+00  2.94608588E+00 -2.80692439E+00  4.01251211E-01  1.67473680E+01  1.00011638E+00  2.13712700E+00
 -2.60866328E+00  1.00000000E+00  2.90738422E+00 -2.80996984E+00  4.00982127E-01  1.67551771E+01  1.00094643E+00  2.13807416E+00
 -2.55974619E+00  1.00000000E+00  2.86845024E+00 -2.80951415E+00  4.00795540E-01  1.67604184E+01  1.00071906E+00  2.13881634E+00
 -2.51082911E+00  1.00000000E+00  2.82951626E+00 -2.80905810E+00  4.01052391E-01  1.67656619E+01  1.00049172E+00  2.13955881E+00
 -2.46191202E+00  1.00000000E+00  2.78963821E+00 -2.80837922E+00  4.00832270E-01  1.67610242E+01  1.00037592E+00  2.13894512E+00
 -2.41299493E+00  1.00000000E+00  2.74976016E+00 -2.80770051E+00  4.00606222E-01  1.67563877E+01  1.00026014E+00  2.13833159E+00
 -2.36407784E+00  1.00000000E+00  2.71105056E+00 -2.80736230E+00  4.00433847E-01  1.67539087E+01  1.00032879E+00  2.13798585E+00
 -2.31516075E+00  1.00000000E+00  2.67234097E+00 -2.80702413E+00  4.00362480E-01  1.67514301E+01  1.00039746E+00  2.13764015E+00
 -2.26624366E+00  1.00000000E+00  2.63272892E+00 -2.80627889E+00  4.00407069E-01  1.67564311E+01  9.99952386E-01  2.13837925E+00
 -2.21732657E+00  1.00000000E+00  2.59311688E+00 -2.80553339E+00  4.00604611E-01  1.67614342E+01  9.99507445E-01  2.13911863E+00
 -2.16840948E+00  1.00000000E+00  2.55370007E+00 -2.80801961E+00  4.00603897E-01  1.67594293E+01  1.00033510E+00  2.13873421E+00
 -2.11949239E+00  1.00000000E+00  2.51428327E+00 -2.81050563E+00  4.00422879E-01  1.67574270E+01  1.00116350E+00  2.13835005E+00
 -2.07057530E+00  1.00000000E+00  2.47539801E+00 -2.80909878E+00  4.00399045E-01  1.67603075E+01  1.00080531E+00  2.13878958E+00
 -2.02165821E+00  1.00000000E+00  2.43651274E+00 -2.80769137E+00  4.00307083E-01  1.67631896E+01  1.00044736E+00  2.13922931E+00
 -1.97274112E+00  1.00000000E+00  2.39600133E+00 -2.80634452E+00  4.00047133E-01  1.67461527E+01  1.00042489E+00  2.13692021E+00
 -1.92382403E+00  1.00000000E+00  2.35548991E+00 -2.80499827E+00  3.99761977E-01  1.67291337E+01  1.00040238E+00  2.13461353E+00
 -1.87490694E+00  1.00000000E+00  2.31673077E+00 -2.80628782E+00  3.99277095E-01  1.67023609E+01  1.00177465E+00  2.13079385E+00
 -1.82598985E+00  1.00000000E+00  2.27797163E+00 -2.80757324E+00  3.98661630E-01  1.66756399E+01  1.00314785E+00  2.12698107E+00
 -1.77707276E+00  1.00000000E+00  2.23864851E+00 -2.80654610E+00  3.98075853E-01  1.66594620E+01  1.00347290E+00  2.12474137E+00
 -1.72815567E+00  1.00000000E+00  2.19932539E+00 -2.80551953E+00  3.97617559E-01  1.66433003E+01  1.00379809E+00  2.12250387E+00
 -1.67923858E+00  1.00000000E+00  2.16026033E+00 -2.79750113E+00  3.96307602E-01  1.65954330E+01  1.00263650E+00  2.11616524E+00
 -1.63032150E+00  1.00000000E+00  2.12119528E+00 -2.78950526E+00  3.95765409E-01  1.65477035E+01  1.00147866E+00  2.10984479E+00
 -1.58140441E+00  1.00000000E+00  2.08078067E+00 -2.78497898E+00  3.95126436E-01  1.64864431E+01  1.00202088E+00  2.10145730E+00
 -1.53248732E+00  1.00000000E+00  2.04036606E+00 -2.78046131E+00  3.94349077E-01  1.64254170E+01  1.00256338E+00  2.09310156E+00
 -1.48357023E+00  1.00000000E+00  1.99999689E+00 -2.77037601E+00  3.93192982E-01  1.63563345E+01  1.00087360E+00  2.08395541E+00
 -1.43465314E+00  1.00000000E+00  1.95962772E+00 -2.76032885E+00  3.93163036E-01  1.62875427E+01  9.99188841E-01  2.07484803E+00
 -1.38573605E+00  1.00000000E+00  1.92072618E+00 -2.75286928E+00  3.91304666E-01  1.61660615E+01  1.00072863E+00  2.05815233E+00
 -1.33681896E+00  1.00000000E+00  1.88182464E+00 -2.74542901E+00  3.89647182E-01  1.60455272E+01  1.00226820E+00  2.04158514E+00
 -1.28790187E+00  1.00000000E+00  1.84314807E+00 -2.73645771E+00  3.87978247E-01  1.59267074E+01  1.00306380E+00  2.02535162E+00
 -1.23898478E+00  1.00000000E+00  1.80447151E+00 -2.72751868E+00  3.86208905E-01  1.58087972E+01  1.00385918E+00  2.00924159E+00
 -1.19006769E+00  1.00000000E+00  1.76670141E+00 -2.70752874E+00  3.83338596E-01  1.56750482E+01  1.00151769E+00  1.99140772E+00
 -1.14115060E+00  1.00000000E+00  1.72893132E+00 -2.68769288E+00  3.80967491E-01  1.55424305E+01  9.99197530E-01  1.97372448E+00
 -1.09223351E+00  1.00000000E+00  1.68694818E+00 -2.67530414E+00  3.80139030E-01  1.53834518E+01  9.99797945E-01  1.95206730E+00
 -1.04331642E+00  1.00000000E+00  1.64496505E+00 -2.66297456E+00  3.78751412E-01  1.52261536E+01  1.00039602E+00  1.93063853E+00
 -9.94399333E-01  1.00000000E+00  1.61086239E+00 -2.65471792E+00  3.75423214E-01  1.50272847E+01  1.00427897E+00  1.90312221E+00
 -9.45482243E-01  1.00000000E+00  1.57675973E+00 -2.64644458E+00  3.72255692E-01  1.48311965E+01  1.00815769E+00  1.87598384E+00
 -8.96565154E-01  1.00000000E+00  1.53945321E+00 -2.61802165E+00  3.68198490E-01  1.46376302E+01  1.00514725E+00  1.85012269E+00
 -8.47648064E-01  1.00000000E+00  1.50214668E+00 -2.58992754E+00  3.65941464E-01  1.44465918E+01  1.00218039E+00  1.82459870E+00
 -7.99501858E-01  1.00000000E+00  1.46930422E+00 -2.57221392E+00  3.61890446E-01  1.42167910E+01  1.00368610E+00  1.79320709E+00
 -7.51355652E-01  1.00000000E+00  1.43646176E+00 -2.55462830E+00  3.59085515E-01  1.39907827E+01  1.00518729E+00  1.76233080E+00
 -7.08111109E-01  1.00000000E+00  1.40580405E+00 -2.52551284E+00  3.56914133E-01  1.37613476E+01  1.00213786E+00  1.73160704E+00
 -6.64866566E-01  1.00000000E+00  1.37514633E+00 -2.49676878E+00  3.55261927E-01  1.35357054E+01  9.99119717E-01  1.70139378E+00
 -6.26599939E-01  1.00000000E+00  1.34962572E+00 -2.48130878E+00  3.54139353E-01  1.33796174E+01  9.98881544E-01  1.68024272E+00
 -5.88333313E-01  1.00000000E+00  1.32410511E+00 -2.46595891E+00  3.52362013E-01  1.32253717E+01  9.98645882E-01  1.65934136E+00
 -5.54471587E-01  1.00000000E+00  1.30450785E+00 -2.45606009E+00  3.51116203E-01  1.31142701E+01  9.98977048E-01  1.64421834E+00
 -5.20609860E-01  1.00000000E+00  1.28491059E+00 -2.44620613E+00  3.49678799E-01  1.30041313E+01  9.99307980E-01  1.62922602E+00
 -4.90645977E-01  1.00000000E+00  1.26940080E+00 -2.44315953E+00  3.47949395E-01  1.28984245E+01  1.00213427E+00  1.61449653E+00
 -4.60682095E-01  1.00000000E+00  1.25389100E+00 -2.44009106E+00  3.46121920E-01  1.27936600E+01  1.00495919E+00  1.59989511E+00
 -4.34167380E-01  1.00000000E+00  1.24132251E+00 -2.42943974E+00  3.44773971E-01  1.27089669E+01  1.00445912E+00  1.58846891E+00
 -4.07652666E-01  1.00000000E+00  1.22875402E+00 -2.41884321E+00  3.42668370E-01  1.26248401E+01  1.00396427E+00  1.57711887E+00
 -3.84190072E-01  1.00000000E+00  1.21604962E+00 -2.40048125E+00  3.39591317E-01  1.24753159E+01  1.00311255E+00  1.55694188E+00
 -3.60727478E-01  1.00000000E+00  1.20334521E+00 -2.38228387E+00  3.37577571E-01  1.23275838E+01  1.00227482E+00  1.53700622E+00
 -3.39965684E-01  1.00000000E+00  1.19514128E+00 -2.37641646E+00  3.35766790E-01  1.21757609E+01  1.00679136E+00  1.51578873E+00
 -3.19203889E-01  1.00000000E+00  1.18693734E+00 -2.37053742E+00  3.32058366E-01  1.20259676E+01  1.01131210E+00  1.49484610E+00
 -3.00831998E-01  1.00000000E+00  1.18086254E+00 -2.34680615E+00  3.24779029E-01  1.17366056E+01  1.01575736E+00  1.45497227E+00
 -2.82460107E-01  1.00000000E+00  1.17478775E+00 -2.32338482E+00  3.18240164E-01  1.14544959E+01  1.02022571E+00  1.41607953E+00
 -2.66203017E-01  1.00000000E+00  1.16886480E+00 -2.29503666E+00  3.12391137E-01  1.11060829E+01  1.02647689E+00  1.36794653E+00
 -2.49945927E-01  1.00000000E+00  1.16294186E+00 -2.26714970E+00  3.03050455E-01  1.07687486E+01  1.03276882E+00  1.32131155E+00
 -2.35560203E-01  1.00000000E+00  1.15840637E+00 -2.15740972E+00  2.87187663E-01  1.00146765E+01  1.02500098E+00  1.22002740E+00
 -2.21174479E-01  1.00000000E+00  1.15387088E+00 -2.05384422E+00  2.76140218E-01  9.31383777E+00  1.01793726E+00  1.12587221E+00
 -2.08421419E-01  1.00000000E+00  1.14614435E+00 -1.98498160E+00  2.65336361E-01  8.56620578E+00  1.03197365E+00  1.02250293E+00
 -1.95668358E-01  1.00000000E+00  1.13841781E+00 -1.91926106E+00  2.49816569E-01  7.88129945E+00  1.04625191E+00  9.27613595E-01
 -1.83439085E-01  1.00000000E+00  1.14663311E+00 -1.82652063E+00  2.28328868E-01  6.92943398E+00  1.07777377E+00  7.94153886E-01
 -1.71209813E-01  1.00000000E+00  1.15484842E+00 -1.74100880E+00  1.97277210E-01  6.09843644E+00  1.11073748E+00  6.76902002E-01
 -1.58980541E-01  1.00000000E+00  1.18037992E+00 -1.27368755E+00  1.48532892E-01  3.88649752E+00  1.09094017E+00  3.79397069E-01
 -1.46751268E-01  1.00000000E+00  1.20591142E+00 -9.50100714E-01  1.14738512E-01  2.47960678E+00  1.10239771E+00  1.86906945E-01
 -1.34521996E-01  1.00000000E+00  1.38607775E+00 -4.87005037E-01  4.54528734E-02  1.36000712E+00  1.09534572E+00  3.59183327E-02
 -1.22292724E-01  1.00000000E+00  1.56624408E+00 -1.95833795E-01  2.02092232E-02  7.53396637E-01  1.18823951E+00 -5.90143904E-02
 -1.10063451E-01  1.00000000E+00  1.75437130E+00  1.56239699E-01  2.86827730E-02  7.27044917E-01  1.23820553E+00 -6.93717971E-02
 -9.78341789E-02  1.00000000E+00  1.94249852E+00  5.40652420E-01  6.48088119E-02  8.24097041E-01  1.44097104E+00 -8.37186146E-02
 -8.56049065E-02  1.00000000E+00  2.29767331E+00  1.08401826E+00  1.29164430E-01  1.52804223E+00  1.53710068E+00 -1.22936088E-03
 -7.33756342E-02  1.00000000E+00  2.65284811E+00  1.96006858E+00  1.88631108E-01  2.84549136E+00  1.89092574E+00  1.29548191E-01
 -6.11463618E-02  1.00000000E+00  2.89284266E+00  1.34193553E+00  2.31024750E-01  2.66949734E+00  1.30881283E+00  1.84664326E-01
 -4.89170895E-02  1.00000000E+00  3.13283721E+00  8.10411613E-01  2.79513291E-01  2.72574404E+00  9.24395648E-01  2.44468711E-01
 -3.66878171E-02  1.00000000E+00  4.16731106E+00  1.69402879E+00  4.03964945E-01  4.69952413E+00  1.19298829E+00  4.75887006E-01
 -2.44585447E-02  1.00000000E+00  5.20178491E+00  3.23227556E+00  6.90744389E-01  8.21310833E+00  1.76158580E+00  8.75563772E-01
 -1.22292724E-02  1.00000000E+00  2.55725429E+00  4.79284840E+00  7.20952290E-01  4.12049765E+00  7.16941598E+00 -4.13781773E-01
  0.00000000E+00  1.00000000E+00 -8.72763307E-02  1.31564659E+01  3.82380769E+00  4.96246224E+00  3.70439830E+01 -4.35392068E+00
