# curve 5 (die wall), step =      100, time =   4.00000000E+01
# N1 = tau_xx - tau_yy = G ( c_xx - c_yy ),  G =  1.2857E-01  (polymer part only)
#              x               y        pressure            c_xy        gammadot            c_xx            c_yy              N1
 -3.00000000E+00  1.00000000E+00  2.43318078E+00 -2.09464004E+00  4.46009668E-01  1.09889278E+01  8.67659031E-01  1.30130598E+00
 -2.97524677E+00  1.00000000E+00  2.41751375E+00 -2.09451211E+00  4.46062556E-01  1.09886174E+01  8.67627821E-01  1.30127009E+00
 -2.95049355E+00  1.00000000E+00  2.40184672E+00 -2.09438417E+00  4.46120710E-01  1.09883070E+01  8.67596614E-01  1.30123419E+00
 -2.92574032E+00  1.00000000E+00  2.38627111E+00 -2.09482280E+00  4.46146818E-01  1.09892081E+01  8.67725831E-01  1.30133343E+00
 -2.90098710E+00  1.00000000E+00  2.37069550E+00 -2.09526147E+00  4.46114212E-01  1.09901092E+01  8.67855075E-01  1.30143268E+00
 -2.87623387E+00  1.00000000E+00  2.35543246E+00 -2.09578387E+00  4.46038646E-01  1.09926728E+01  8.67963670E-01  1.30174831E+00
 -2.85148064E+00  1.00000000E+00  2.34016942E+00 -2.09630640E+00  4.45912401E-01  1.09952369E+01  8.68072291E-01  1.30206402E+00
 -2.82672742E+00  1.00000000E+00  2.32444390E+00 -2.09504358E+00  4.45919528E-01  1.09926535E+01  8.67704535E-01  1.30177916E+00
 -2.80197419E+00  1.00000000E+00  2.30871837E+00 -2.09378118E+00  4.46026626E-01  1.09900711E+01  8.67337002E-01  1.30149438E+00
 -2.77722097E+00  1.00000000E+00  2.29313763E+00 -2.09441003E+00  4.46042996E-01  1.09899555E+01  8.67548618E-01  1.30145231E+00
 -2.75246774E+00  1.00000000E+00  2.27755690E+00 -2.09503888E+00  4.46058786E-01  1.09898400E+01  8.67760299E-01  1.30141025E+00
 -2.72771451E+00  1.00000000E+00  2.26214102E+00 -2.09504219E+00  4.46073096E-01  1.09901930E+01  8.67770698E-01  1.30145429E+00
 -2.70296129E+00  1.00000000E+00  2.24672515E+00 -2.09504549E+00  4.46052223E-01  1.09905460E+01  8.67781098E-01  1.30149834E+00
 -2.67820806E+00  1.00000000E+00  2.23110655E+00 -2.09488992E+00  4.46022784E-01  1.09903777E+01  8.67712034E-01  1.30148559E+00
 -2.65345484E+00  1.00000000E+00  2.21548796E+00 -2.09473435E+00  4.46040933E-01  1.09902095E+01  8.67642975E-01  1.30147283E+00
 -2.62870161E+00  1.00000000E+00  2.19999319E+00 -2.09485623E+00  4.46051037E-01  1.09899636E+01  8.67695996E-01  1.30143440E+00
 -2.60394839E+00  1.00000000E+00  2.18449842E+00 -2.09497810E+00  4.46044870E-01  1.09897177E+01  8.67749020E-01  1.30139597E+00
 -2.57919516E+00  1.00000000E+00  2.16894201E+00 -2.09513804E+00  4.46110323E-01  1.09901429E+01  8.67806490E-01  1.30144325E+00
 -2.55444193E+00  1.00000000E+00  2.15338560E+00 -2.09529798E+00  4.46119863E-01  1.09905682E+01  8.67863964E-01  1.30149054E+00
 -2.52968871E+00  1.00000000E+00  2.13796315E+00 -2.09547002E+00  4.46063320E-01  1.09924517E+01  8.67862009E-01  1.30173296E+00
 -2.50493548E+00  1.00000000E+00  2.12254071E+00 -2.09564207E+00  4.45996961E-01  1.09943355E+01  8.67860054E-01  1.30197542E+00
 -2.48018226E+00  1.00000000E+00  2.10676458E+00 -2.09486699E+00  4.46082893E-01  1.09928644E+01  8.67608911E-01  1.30181856E+00
 -2.45542903E+00  1.00000000E+00  2.09098846E+00 -2.09409207E+00  4.46197439E-01  1.09913935E+01  8.67357859E-01  1.30166173E+00
 -2.43067580E+00  1.00000000E+00  2.07547821E+00 -2.09468133E+00  4.46251728E-01  1.09923990E+01  8.67511426E-01  1.30177126E+00
 -2.40592258E+00  1.00000000E+00  2.05996796E+00 -2.09527066E+00  4.46288463E-01  1.09934047E+01  8.67665042E-01  1.30188081E+00
 -2.38116935E+00  1.00000000E+00  2.04456053E+00 -2.09555153E+00  4.46272870E-01  1.09939536E+01  8.67782374E-01  1.30193630E+00
 -2.35641613E+00  1.00000000E+00  2.02915310E+00 -2.09583242E+00  4.46236206E-01  1.09945026E+01  8.67899721E-01  1.30199180E+00
 -2.33166290E+00  1.00000000E+00  2.01348307E+00 -2.09527488E+00  4.46229903E-01  1.09951919E+01  8.67647013E-01  1.30211291E+00
 -2.30690967E+00  1.00000000E+00  1.99781304E+00 -2.09471733E+00  4.46267838E-01  1.09958814E+01  8.67394373E-01  1.30223405E+00
 -2.28215645E+00  1.00000000E+00  1.98222546E+00 -2.09518897E+00  4.46304448E-01  1.09961926E+01  8.67541446E-01  1.30225515E+00
 -2.25740322E+00  1.00000000E+00  1.96663788E+00 -2.09566062E+00  4.46301858E-01  1.09965040E+01  8.67688554E-01  1.30227627E+00
 -2.23265000E+00  1.00000000E+00  1.95126715E+00 -2.09615373E+00  4.46254962E-01  1.09981533E+01  8.67836416E-01  1.30246932E+00
 -2.20789677E+00  1.00000000E+00  1.93589643E+00 -2.09664692E+00  4.46166373E-01  1.09998029E+01  8.67984310E-01  1.30266240E+00
 -2.18314354E+00  1.00000000E+00  1.92019813E+00 -2.09568438E+00  4.46189584E-01  1.09977829E+01  8.67692430E-01  1.30244021E+00
 -2.15839032E+00  1.00000000E+00  1.90449983E+00 -2.09472209E+00  4.46276586E-01  1.09957634E+01  8.67400683E-01  1.30221807E+00
 -2.13363709E+00  1.00000000E+00  1.88890730E+00 -2.09484363E+00  4.46344804E-01  1.09962844E+01  8.67398068E-01  1.30228538E+00
 -2.10888387E+00  1.00000000E+00  1.87331477E+00 -2.09496519E+00  4.46420267E-01  1.09968053E+01  8.67395456E-01  1.30235270E+00
 -2.08413064E+00  1.00000000E+00  1.85775679E+00 -2.09540185E+00  4.46474773E-01  1.09975768E+01  8.67518611E-01  1.30243605E+00
 -2.05937741E+00  1.00000000E+00  1.84219880E+00 -2.09583856E+00  4.46471724E-01  1.09983483E+01  8.67641794E-01  1.30251941E+00
 -2.03462419E+00  1.00000000E+00  1.82667229E+00 -2.09574994E+00  4.46446542E-01  1.09980422E+01  8.67647322E-01  1.30247935E+00
 -2.00987096E+00  1.00000000E+00  1.81114578E+00 -2.09566133E+00  4.46423557E-01  1.09977362E+01  8.67652853E-01  1.30243929E+00
 -1.98511774E+00  1.00000000E+00  1.79550702E+00 -2.09583943E+00  4.46369931E-01  1.09969815E+01  8.67749893E-01  1.30232977E+00
 -1.96036451E+00  1.00000000E+00  1.77986825E+00 -2.09601752E+00  4.46297465E-01  1.09962269E+01  8.67846941E-01  1.30222027E+00
 -1.93561128E+00  1.00000000E+00  1.76444329E+00 -2.09629995E+00  4.46212928E-01  1.09961585E+01  8.67993024E-01  1.30219270E+00
 -1.91085806E+00  1.00000000E+00  1.74901832E+00 -2.09658240E+00  4.46111293E-01  1.09960901E+01  8.68139129E-01  1.30216513E+00
 -1.88610483E+00  1.00000000E+00  1.73330557E+00 -2.09565548E+00  4.46047703E-01  1.09949846E+01  8.67805860E-01  1.30206584E+00
 -1.86135161E+00  1.00000000E+00  1.71759281E+00 -2.09472875E+00  4.46035913E-01  1.09938795E+01  8.67472735E-01  1.30196659E+00
 -1.83659838E+00  1.00000000E+00  1.70188784E+00 -2.09505876E+00  4.46038573E-01  1.09908731E+01  8.67744037E-01  1.30154517E+00
 -1.81184516E+00  1.00000000E+00  1.68618287E+00 -2.09538866E+00  4.46009958E-01  1.09878679E+01  8.68015394E-01  1.30112389E+00
 -1.78709193E+00  1.00000000E+00  1.67087486E+00 -2.09577081E+00  4.45897110E-01  1.09896250E+01  8.68115116E-01  1.30133698E+00
 -1.76233870E+00  1.00000000E+00  1.65556685E+00 -2.09615302E+00  4.45749744E-01  1.09913823E+01  8.68214853E-01  1.30155010E+00
 -1.73758548E+00  1.00000000E+00  1.63967685E+00 -2.09501184E+00  4.45691112E-01  1.09880145E+01  8.67911962E-01  1.30115604E+00
 -1.71283225E+00  1.00000000E+00  1.62378686E+00 -2.09387110E+00  4.45662163E-01  1.09846478E+01  8.67609234E-01  1.30076210E+00
 -1.68807903E+00  1.00000000E+00  1.60810104E+00 -2.09397365E+00  4.45535270E-01  1.09806236E+01  8.67823210E-01  1.30021720E+00
 -1.66332580E+00  1.00000000E+00  1.59241523E+00 -2.09407608E+00  4.45413090E-01  1.09766012E+01  8.68037210E-01  1.29967251E+00
 -1.63857257E+00  1.00000000E+00  1.57686468E+00 -2.09352781E+00  4.45369980E-01  1.09731763E+01  8.67987872E-01  1.29923851E+00
 -1.61381935E+00  1.00000000E+00  1.56131414E+00 -2.09297969E+00  4.45261977E-01  1.09697524E+01  8.67938559E-01  1.29880464E+00
 -1.58906612E+00  1.00000000E+00  1.54551360E+00 -2.09244865E+00  4.45051146E-01  1.09638165E+01  8.67987253E-01  1.29803518E+00
 -1.56431290E+00  1.00000000E+00  1.52971305E+00 -2.09191778E+00  4.44869068E-01  1.09578838E+01  8.68035954E-01  1.29726616E+00
 -1.53955967E+00  1.00000000E+00  1.51427089E+00 -2.09174546E+00  4.44661084E-01  1.09512772E+01  8.68277405E-01  1.29638569E+00
 -1.51480644E+00  1.00000000E+00  1.49882874E+00 -2.09157309E+00  4.44420096E-01  1.09446750E+01  8.68518883E-01  1.29550578E+00
 -1.49005322E+00  1.00000000E+00  1.48325304E+00 -2.09131967E+00  4.44092487E-01  1.09360975E+01  8.68860315E-01  1.29435907E+00
 -1.46529999E+00  1.00000000E+00  1.46767735E+00 -2.09106622E+00  4.43700770E-01  1.09275274E+01  8.69201829E-01  1.29321329E+00
 -1.44054677E+00  1.00000000E+00  1.45213280E+00 -2.09075473E+00  4.43279793E-01  1.09214830E+01  8.69432209E-01  1.29240653E+00
 -1.41579354E+00  1.00000000E+00  1.43658826E+00 -2.09044333E+00  4.42787158E-01  1.09154421E+01  8.69662652E-01  1.29160021E+00
 -1.39104031E+00  1.00000000E+00  1.42075680E+00 -2.08763823E+00  4.42349791E-01  1.08990632E+01  8.69309751E-01  1.28953972E+00
 -1.36628709E+00  1.00000000E+00  1.40492535E+00 -2.08483702E+00  4.42080441E-01  1.08827088E+01  8.68957493E-01  1.28748231E+00
 -1.34153386E+00  1.00000000E+00  1.38924008E+00 -2.08425967E+00  4.41701624E-01  1.08697493E+01  8.69297397E-01  1.28577239E+00
 -1.31678064E+00  1.00000000E+00  1.37355480E+00 -2.08368231E+00  4.41276274E-01  1.08568064E+01  8.69637321E-01  1.28406460E+00
 -1.29202741E+00  1.00000000E+00  1.35809628E+00 -2.08264046E+00  4.40722595E-01  1.08436272E+01  8.69887523E-01  1.28233796E+00
 -1.26727418E+00  1.00000000E+00  1.34263775E+00 -2.08159937E+00  4.40126995E-01  1.08304646E+01  8.70137836E-01  1.28061345E+00
 -1.24252096E+00  1.00000000E+00  1.32717636E+00 -2.08088985E+00  4.39545113E-01  1.08161679E+01  8.70570323E-01  1.27871968E+00
 -1.21776773E+00  1.00000000E+00  1.31171498E+00 -2.08018060E+00  4.38877682E-01  1.08018913E+01  8.71002943E-01  1.27682850E+00
 -1.19301451E+00  1.00000000E+00  1.29610558E+00 -2.07669534E+00  4.38002695E-01  1.07759515E+01  8.70862530E-01  1.27351144E+00
 -1.16826128E+00  1.00000000E+00  1.28049618E+00 -2.07321693E+00  4.37367404E-01  1.07500745E+01  8.70722959E-01  1.27020234E+00
 -1.14350806E+00  1.00000000E+00  1.26508932E+00 -2.07135372E+00  4.36635604E-01  1.07297712E+01  8.70944350E-01  1.26756345E+00
 -1.11875483E+00  1.00000000E+00  1.24968246E+00 -2.06949272E+00  4.35875092E-01  1.07095074E+01  8.71165925E-01  1.26492962E+00
 -1.09400160E+00  1.00000000E+00  1.23420995E+00 -2.06753700E+00  4.35096438E-01  1.06855532E+01  8.71535392E-01  1.26180228E+00
 -1.06924838E+00  1.00000000E+00  1.21873745E+00 -2.06558376E+00  4.34282771E-01  1.06616546E+01  8.71905089E-01  1.25868208E+00
 -1.04449515E+00  1.00000000E+00  1.20363944E+00 -2.06320609E+00  4.33298974E-01  1.06322422E+01  8.72383433E-01  1.25483898E+00
 -1.01974193E+00  1.00000000E+00  1.18854143E+00 -2.06083210E+00  4.32271746E-01  1.06029142E+01  8.72862149E-01  1.25100669E+00
 -9.94988700E-01  1.00000000E+00  1.17351678E+00 -2.05742541E+00  4.31091327E-01  1.05703933E+01  8.73145934E-01  1.24678895E+00
 -9.70235474E-01  1.00000000E+00  1.15849212E+00 -2.05402619E+00  4.29940201E-01  1.05379744E+01  8.73430581E-01  1.24258420E+00
 -9.45482248E-01  1.00000000E+00  1.14336325E+00 -2.05095430E+00  4.28763627E-01  1.05048259E+01  8.73829940E-01  1.23827091E+00
 -9.20729022E-01  1.00000000E+00  1.12823438E+00 -2.04788857E+00  4.27556851E-01  1.04717849E+01  8.74229894E-01  1.23397136E+00
 -8.95975796E-01  1.00000000E+00  1.11364938E+00 -2.04426971E+00  4.26218133E-01  1.04298986E+01  8.74830811E-01  1.22850872E+00
 -8.71222570E-01  1.00000000E+00  1.09906437E+00 -2.04065945E+00  4.24893745E-01  1.03881859E+01  8.75432529E-01  1.22306829E+00
 -8.46469344E-01  1.00000000E+00  1.08464472E+00 -2.03657585E+00  4.23301303E-01  1.03495617E+01  8.75813208E-01  1.21805337E+00
 -8.21716118E-01  1.00000000E+00  1.07022507E+00 -2.03250321E+00  4.21702794E-01  1.03110842E+01  8.76195266E-01  1.21305714E+00
 -7.97201467E-01  1.00000000E+00  1.05580421E+00 -2.02860145E+00  4.20469076E-01  1.02705141E+01  8.76619552E-01  1.20778644E+00
 -7.72686817E-01  1.00000000E+00  1.04138334E+00 -2.02470959E+00  4.19185253E-01  1.02301084E+01  8.77044705E-01  1.20253675E+00
 -7.49503432E-01  1.00000000E+00  1.02869251E+00 -2.02192891E+00  4.17692594E-01  1.01909848E+01  8.77939570E-01  1.19739152E+00
 -7.26320047E-01  1.00000000E+00  1.01600168E+00 -2.01915355E+00  4.16168731E-01  1.01520183E+01  8.78835289E-01  1.19226639E+00
 -7.04527831E-01  1.00000000E+00  1.00428475E+00 -2.01400185E+00  4.14579352E-01  1.01105189E+01  8.78950794E-01  1.18691590E+00
 -6.82735615E-01  1.00000000E+00  9.92567823E-01 -2.00886665E+00  4.13138322E-01  1.00691911E+01  8.79068440E-01  1.18158721E+00
 -6.62251087E-01  1.00000000E+00  9.81234712E-01 -2.00506757E+00  4.12097578E-01  1.00340630E+01  8.79263003E-01  1.17704571E+00
 -6.41766559E-01  1.00000000E+00  9.69901602E-01 -2.00127770E+00  4.11020392E-01  9.99906007E+00  8.79458375E-01  1.17252022E+00
 -6.22511254E-01  1.00000000E+00  9.60325238E-01 -1.99802445E+00  4.09741129E-01  9.96326828E+00  8.80006718E-01  1.16784792E+00
 -6.03255949E-01  1.00000000E+00  9.50748874E-01 -1.99477852E+00  4.08469073E-01  9.92760902E+00  8.80555891E-01  1.16319255E+00
 -5.85156097E-01  1.00000000E+00  9.41898047E-01 -1.99054322E+00  4.07237101E-01  9.89119796E+00  8.80722169E-01  1.15848974E+00
 -5.67056245E-01  1.00000000E+00  9.33047219E-01 -1.98631943E+00  4.06102313E-01  9.85492278E+00  8.80889714E-01  1.15380425E+00
 -5.50042515E-01  1.00000000E+00  9.24950730E-01 -1.98386345E+00  4.05178244E-01  9.82699662E+00  8.81341906E-01  1.15015561E+00
 -5.33028786E-01  1.00000000E+00  9.16854241E-01 -1.98141166E+00  4.04143495E-01  9.79915258E+00  8.81794540E-01  1.14651746E+00
 -5.17036006E-01  1.00000000E+00  9.10210264E-01 -1.98041791E+00  4.03015833E-01  9.77447081E+00  8.82823989E-01  1.14321173E+00
 -5.01043227E-01  1.00000000E+00  9.03566287E-01 -1.97942474E+00  4.01848953E-01  9.74985648E+00  8.83854287E-01  1.13991457E+00
 -4.86010125E-01  1.00000000E+00  8.96765999E-01 -1.97466390E+00  4.00834833E-01  9.72221270E+00  8.83328210E-01  1.13642801E+00
 -4.70977023E-01  1.00000000E+00  8.89965710E-01 -1.96991524E+00  4.00292390E-01  9.69464725E+00  8.82804145E-01  1.13295126E+00
 -4.56846016E-01  1.00000000E+00  8.84820204E-01 -1.96899539E+00  3.99464275E-01  9.67570992E+00  8.83437764E-01  1.13043499E+00
 -4.42715008E-01  1.00000000E+00  8.79674698E-01 -1.96807592E+00  3.98780771E-01  9.65681245E+00  8.84071620E-01  1.12792382E+00
 -4.29431964E-01  1.00000000E+00  8.74732726E-01 -1.96685901E+00  3.98334737E-01  9.64745140E+00  8.84118849E-01  1.12671419E+00
 -4.16148920E-01  1.00000000E+00  8.69790754E-01 -1.96564306E+00  3.97965109E-01  9.63809952E+00  8.84166228E-01  1.12550571E+00
 -4.03662954E-01  1.00000000E+00  8.65697324E-01 -1.96288520E+00  3.97235101E-01  9.61964346E+00  8.84073630E-01  1.12314469E+00
 -3.91176988E-01  1.00000000E+00  8.61603893E-01 -1.96013185E+00  3.96773589E-01  9.60122287E+00  8.83981738E-01  1.12078814E+00
 -3.79440270E-01  1.00000000E+00  8.58158786E-01 -1.95969855E+00  3.96420392E-01  9.59204623E+00  8.84270617E-01  1.11957115E+00
 -3.67703552E-01  1.00000000E+00  8.54713678E-01 -1.95926530E+00  3.96145428E-01  9.58287908E+00  8.84559529E-01  1.11835537E+00
 -3.56671122E-01  1.00000000E+00  8.51799339E-01 -1.95909487E+00  3.96110869E-01  9.57718909E+00  8.84803673E-01  1.11759241E+00
 -3.45638692E-01  1.00000000E+00  8.48885000E-01 -1.95892442E+00  3.95950086E-01  9.57150281E+00  8.85047853E-01  1.11682992E+00
 -3.35268287E-01  1.00000000E+00  8.46993963E-01 -1.95729532E+00  3.95117177E-01  9.55823645E+00  8.85203206E-01  1.11510427E+00
 -3.24897882E-01  1.00000000E+00  8.45102926E-01 -1.95566803E+00  3.94713334E-01  9.54498873E+00  8.85358902E-01  1.11338098E+00
 -3.15149775E-01  1.00000000E+00  8.43488385E-01 -1.95609654E+00  3.94473463E-01  9.54233014E+00  8.85777741E-01  1.11298531E+00
 -3.05401669E-01  1.00000000E+00  8.41873844E-01 -1.95652503E+00  3.94268667E-01  9.53967265E+00  8.86196738E-01  1.11258976E+00
 -2.96238520E-01  1.00000000E+00  8.40628324E-01 -1.95411024E+00  3.93753982E-01  9.53150844E+00  8.85634624E-01  1.11161235E+00
 -2.87075371E-01  1.00000000E+00  8.39382805E-01 -1.95169776E+00  3.93596678E-01  9.52335156E+00  8.85073257E-01  1.11063578E+00
 -2.78462077E-01  1.00000000E+00  8.38469150E-01 -1.95234247E+00  3.93932306E-01  9.52679950E+00  8.85098146E-01  1.11107589E+00
 -2.69848783E-01  1.00000000E+00  8.37555496E-01 -1.95298740E+00  3.94315629E-01  9.53024868E+00  8.85123091E-01  1.11151615E+00
 -2.61752348E-01  1.00000000E+00  8.37763775E-01 -1.95256770E+00  3.93906117E-01  9.52268813E+00  8.85443902E-01  1.11050283E+00
 -2.53655913E-01  1.00000000E+00  8.37972054E-01 -1.95214820E+00  3.93688715E-01  9.51513397E+00  8.85764835E-01  1.10949032E+00
 -2.46045323E-01  1.00000000E+00  8.38016389E-01 -1.95149060E+00  3.93623406E-01  9.50927012E+00  8.85835672E-01  1.10872729E+00
 -2.38434732E-01  1.00000000E+00  8.38060724E-01 -1.95083331E+00  3.93388840E-01  9.50340996E+00  8.85906555E-01  1.10796472E+00
 -2.31280830E-01  1.00000000E+00  8.39411719E-01 -1.94971741E+00  3.92609501E-01  9.48860335E+00  8.86381241E-01  1.10599999E+00
 -2.24126928E-01  1.00000000E+00  8.40762714E-01 -1.94860264E+00  3.91986330E-01  9.47382090E+00  8.86856289E-01  1.10403831E+00
 -2.17402314E-01  1.00000000E+00  8.41942897E-01 -1.94548630E+00  3.91075946E-01  9.44638248E+00  8.87065455E-01  1.10048362E+00
 -2.10677699E-01  1.00000000E+00  8.43123080E-01 -1.94237651E+00  3.90245161E-01  9.41902519E+00  8.87275371E-01  1.09693926E+00
 -2.04351753E-01  1.00000000E+00  8.44706716E-01 -1.94093393E+00  3.89571916E-01  9.39512937E+00  8.88036309E-01  1.09376911E+00
 -1.98025807E-01  1.00000000E+00  8.46290352E-01 -1.93949287E+00  3.88645991E-01  9.37129815E+00  8.88797739E-01  1.09060720E+00
 -1.91837501E-01  1.00000000E+00  8.48827112E-01 -1.93715465E+00  3.87037161E-01  9.33362442E+00  8.90183727E-01  1.08558523E+00
 -1.85649194E-01  1.00000000E+00  8.51363871E-01 -1.93482151E+00  3.85302808E-01  9.29611156E+00  8.91571917E-01  1.08058367E+00
 -1.79460888E-01  1.00000000E+00  8.54379341E-01 -1.93192597E+00  3.83331964E-01  9.25671709E+00  8.92808287E-01  1.07535970E+00
 -1.73272582E-01  1.00000000E+00  8.57394811E-01 -1.92903774E+00  3.81067125E-01  9.21749823E+00  8.94046791E-01  1.07015804E+00
 -1.67084275E-01  1.00000000E+00  8.60876114E-01 -1.91560240E+00  3.77272272E-01  9.11587946E+00  8.94183148E-01  1.05707524E+00
 -1.60895969E-01  1.00000000E+00  8.64357417E-01 -1.90228365E+00  3.74301140E-01  9.01539443E+00  8.94334708E-01  1.04413625E+00
 -1.54707662E-01  1.00000000E+00  8.69482695E-01 -1.89579129E+00  3.71278961E-01  8.92333547E+00  8.97055553E-01  1.03195028E+00
 -1.48519356E-01  1.00000000E+00  8.74607974E-01 -1.88933236E+00  3.67406072E-01  8.83227085E+00  8.99784080E-01  1.01989116E+00
 -1.42331049E-01  1.00000000E+00  8.81054764E-01 -1.88815197E+00  3.61245945E-01  8.70869529E+00  9.08146825E-01  1.00292766E+00
 -1.36142743E-01  1.00000000E+00  8.87501554E-01 -1.88695930E+00  3.54827664E-01  8.58707526E+00  9.16567059E-01  9.86208197E-01
 -1.29954436E-01  1.00000000E+00  8.96323309E-01 -1.85167290E+00  3.43787442E-01  8.31289411E+00  9.18539325E-01  9.50702758E-01
 -1.23766130E-01  1.00000000E+00  9.05145065E-01 -1.81724928E+00  3.33879893E-01  8.04761996E+00  9.20631963E-01  9.16327029E-01
 -1.17577823E-01  1.00000000E+00  9.17840619E-01 -1.76788601E+00  3.19224340E-01  7.65027011E+00  9.25766301E-01  8.64579061E-01
 -1.11389517E-01  1.00000000E+00  9.30536172E-01 -1.72035392E+00  3.05034413E-01  7.27296952E+00  9.31180309E-01  8.15372899E-01
 -1.05201210E-01  1.00000000E+00  9.45713306E-01 -1.68660193E+00  2.91026527E-01  6.84772966E+00  9.49170237E-01  7.58386211E-01
 -9.90129037E-02  1.00000000E+00  9.60890441E-01 -1.65406003E+00  2.73660960E-01  6.44888090E+00  9.67561152E-01  7.04741111E-01
 -9.28245972E-02  1.00000000E+00  9.93957068E-01 -1.57714484E+00  2.48919342E-01  5.85283201E+00  9.85070712E-01  6.25855024E-01
 -8.66362908E-02  1.00000000E+00  1.02702370E+00 -1.50567413E+00  2.22231358E-01  5.31352831E+00  1.00384464E+00  5.54102186E-01
 -8.04479843E-02  1.00000000E+00  1.06939579E+00 -1.31801959E+00  1.87050466E-01  4.29169334E+00  1.02188338E+00  4.20404138E-01
 -7.42596778E-02  1.00000000E+00  1.11176789E+00 -1.16029803E+00  1.50426054E-01  3.46819931E+00  1.04762045E+00  3.11217282E-01
 -6.80713713E-02  1.00000000E+00  1.20591582E+00 -9.36415604E-01  1.10531830E-01  2.57672878E+00  1.07478065E+00  1.93107617E-01
 -6.18830648E-02  1.00000000E+00  1.30006375E+00 -7.60814210E-01  6.46715394E-02  1.91382166E+00  1.12075052E+00  1.01966290E-01
 -5.56947583E-02  1.00000000E+00  1.49254789E+00 -3.94997460E-01  7.14636217E-03  1.16245222E+00  1.16175681E+00  8.94093825E-05
 -4.95064519E-02  1.00000000E+00  1.68503203E+00 -1.35725775E-01  5.46774130E-02  7.18785681E-01  1.29308516E+00 -7.38385044E-02
 -4.33181454E-02  1.00000000E+00  1.88904918E+00  1.30168059E-01  5.05480539E-02  7.01042294E-01  1.24009511E+00 -6.93067907E-02
 -3.71298389E-02  1.00000000E+00  2.09306633E+00  3.88168171E-01  7.40936884E-02  7.48409088E-01  1.26701676E+00 -6.66781299E-02
 -3.09415324E-02  1.00000000E+00  2.39559988E+00  8.22203756E-01  1.27822003E-01  1.15767708E+00  1.47828144E+00 -4.12205605E-02
 -2.47532259E-02  1.00000000E+00  2.69813343E+00  1.46623226E+00  2.33321299E-01  1.85702920E+00  1.88142531E+00 -3.13664279E-03
 -1.85649194E-02  1.00000000E+00  3.67277449E+00  1.66357772E+00  5.74666296E-01  2.88326771E+00  1.65487644E+00  1.57936020E-01
 -1.23766130E-02  1.00000000E+00  4.64741554E+00  1.96251568E+00  6.13702312E-01  4.64020972E+00  1.47394278E+00  4.07091463E-01
 -6.18830648E-03  1.00000000E+00  2.36504569E+00  5.76779564E+00  6.69250335E-01  6.37134074E+00  6.01793397E+00  4.54380135E-02
  0.00000000E+00  1.00000000E+00  8.26758306E-02  1.73182748E+01  1.10460584E+01  1.36169265E+01  2.26587091E+01 -1.16251492E+00
