# curve 5 (die wall), step =      200, time =   8.00000000E+01
# N1 = tau_xx - tau_yy = G ( c_xx - c_yy ),  G =  1.2857E-01  (polymer part only)
#              x               y        pressure            c_xy        gammadot            c_xx            c_yy              N1
 -3.00000000E+00  1.00000000E+00  2.43144876E+00 -2.09304045E+00  4.45811194E-01  1.09616633E+01  8.68043715E-01  1.29775109E+00
 -2.97524677E+00  1.00000000E+00  2.41579150E+00 -2.09291317E+00  4.45864034E-01  1.09613521E+01  8.68012777E-01  1.29771505E+00
 -2.95049355E+00  1.00000000E+00  2.40013424E+00 -2.09278590E+00  4.45921977E-01  1.09610408E+01  8.67981840E-01  1.29767901E+00
 -2.92574032E+00  1.00000000E+00  2.38456803E+00 -2.09322603E+00  4.45947855E-01  1.09619340E+01  8.68112040E-01  1.29777711E+00
 -2.90098710E+00  1.00000000E+00  2.36900181E+00 -2.09366621E+00  4.45915074E-01  1.09628273E+01  8.68242268E-01  1.29787522E+00
 -2.87623387E+00  1.00000000E+00  2.35374576E+00 -2.09418830E+00  4.45839729E-01  1.09653813E+01  8.68351055E-01  1.29818960E+00
 -2.85148064E+00  1.00000000E+00  2.33848971E+00 -2.09471050E+00  4.45714018E-01  1.09679358E+01  8.68459868E-01  1.29850405E+00
 -2.82672742E+00  1.00000000E+00  2.32277566E+00 -2.09345512E+00  4.45720751E-01  1.09653615E+01  8.68094281E-01  1.29822007E+00
 -2.80197419E+00  1.00000000E+00  2.30706160E+00 -2.09220014E+00  4.45826976E-01  1.09627881E+01  8.67728914E-01  1.29793618E+00
 -2.77722097E+00  1.00000000E+00  2.29149084E+00 -2.09282143E+00  4.45842980E-01  1.09626494E+01  8.67939179E-01  1.29789131E+00
 -2.75246774E+00  1.00000000E+00  2.27592007E+00 -2.09344271E+00  4.45858513E-01  1.09625109E+01  8.68149509E-01  1.29784646E+00
 -2.72771451E+00  1.00000000E+00  2.26051377E+00 -2.09344296E+00  4.45872056E-01  1.09628279E+01  8.68159975E-01  1.29788588E+00
 -2.70296129E+00  1.00000000E+00  2.24510746E+00 -2.09344321E+00  4.45850803E-01  1.09631450E+01  8.68170442E-01  1.29792530E+00
 -2.67820806E+00  1.00000000E+00  2.22949860E+00 -2.09328499E+00  4.45821605E-01  1.09629484E+01  8.68101261E-01  1.29790892E+00
 -2.65345484E+00  1.00000000E+00  2.21388973E+00 -2.09312678E+00  4.45839682E-01  1.09627518E+01  8.68032085E-01  1.29789254E+00
 -2.62870161E+00  1.00000000E+00  2.19840542E+00 -2.09324644E+00  4.45849196E-01  1.09624741E+01  8.68085702E-01  1.29784994E+00
 -2.60394839E+00  1.00000000E+00  2.18292110E+00 -2.09336610E+00  4.45842388E-01  1.09621964E+01  8.68139321E-01  1.29780734E+00
 -2.57919516E+00  1.00000000E+00  2.16737550E+00 -2.09352209E+00  4.45906637E-01  1.09625800E+01  8.68197145E-01  1.29784922E+00
 -2.55444193E+00  1.00000000E+00  2.15182991E+00 -2.09367808E+00  4.45915261E-01  1.09629636E+01  8.68254974E-01  1.29789111E+00
 -2.52968871E+00  1.00000000E+00  2.13641708E+00 -2.09384764E+00  4.45858308E-01  1.09648162E+01  8.68253380E-01  1.29812950E+00
 -2.50493548E+00  1.00000000E+00  2.12100426E+00 -2.09401721E+00  4.45791578E-01  1.09666691E+01  8.68251785E-01  1.29836794E+00
 -2.48018226E+00  1.00000000E+00  2.10523980E+00 -2.09323692E+00  4.45876723E-01  1.09651574E+01  8.68000108E-01  1.29820594E+00
 -2.45542903E+00  1.00000000E+00  2.08947535E+00 -2.09245679E+00  4.45990454E-01  1.09636460E+01  8.67748522E-01  1.29804397E+00
 -2.43067580E+00  1.00000000E+00  2.07397527E+00 -2.09303914E+00  4.46044375E-01  1.09646182E+01  8.67901265E-01  1.29814932E+00
 -2.40592258E+00  1.00000000E+00  2.05847518E+00 -2.09362157E+00  4.46080718E-01  1.09655906E+01  8.68054056E-01  1.29825470E+00
 -2.38116935E+00  1.00000000E+00  2.04307773E+00 -2.09390413E+00  4.46064971E-01  1.09661356E+01  8.68172856E-01  1.29830949E+00
 -2.35641613E+00  1.00000000E+00  2.02768027E+00 -2.09418671E+00  4.46027373E-01  1.09666806E+01  8.68291672E-01  1.29836429E+00
 -2.33166290E+00  1.00000000E+00  2.01202209E+00 -2.09362977E+00  4.46020003E-01  1.09673613E+01  8.68039937E-01  1.29848417E+00
 -2.30690967E+00  1.00000000E+00  1.99636392E+00 -2.09307282E+00  4.46056805E-01  1.09680422E+01  8.67788269E-01  1.29860408E+00
 -2.28215645E+00  1.00000000E+00  1.98078637E+00 -2.09353180E+00  4.46092608E-01  1.09683418E+01  8.67932067E-01  1.29862410E+00
 -2.25740322E+00  1.00000000E+00  1.96520881E+00 -2.09399080E+00  4.46089635E-01  1.09686414E+01  8.68075897E-01  1.29864414E+00
 -2.23265000E+00  1.00000000E+00  1.94984680E+00 -2.09448271E+00  4.46042980E-01  1.09702710E+01  8.68224376E-01  1.29883457E+00
 -2.20789677E+00  1.00000000E+00  1.93448478E+00 -2.09497472E+00  4.45954481E-01  1.09719010E+01  8.68372887E-01  1.29902504E+00
 -2.18314354E+00  1.00000000E+00  1.91879917E+00 -2.09402198E+00  4.45977469E-01  1.09699487E+01  8.68083276E-01  1.29881127E+00
 -2.15839032E+00  1.00000000E+00  1.90311356E+00 -2.09306949E+00  4.46063609E-01  1.09679970E+01  8.67793795E-01  1.29859756E+00
 -2.13363709E+00  1.00000000E+00  1.88753187E+00 -2.09318099E+00  4.46130684E-01  1.09685390E+01  8.67787901E-01  1.29866800E+00
 -2.10888387E+00  1.00000000E+00  1.87195018E+00 -2.09329248E+00  4.46205789E-01  1.09690810E+01  8.67782009E-01  1.29873844E+00
 -2.08413064E+00  1.00000000E+00  1.85640088E+00 -2.09372433E+00  4.46260793E-01  1.09698887E+01  8.67902707E-01  1.29882677E+00
 -2.05937741E+00  1.00000000E+00  1.84085158E+00 -2.09415621E+00  4.46258508E-01  1.09706966E+01  8.68023430E-01  1.29891512E+00
 -2.03462419E+00  1.00000000E+00  1.82533399E+00 -2.09407638E+00  4.46235387E-01  1.09704685E+01  8.68029216E-01  1.29888505E+00
 -2.00987096E+00  1.00000000E+00  1.80981640E+00 -2.09399655E+00  4.46213597E-01  1.09702404E+01  8.68035003E-01  1.29885498E+00
 -1.98511774E+00  1.00000000E+00  1.79419187E+00 -2.09418053E+00  4.46158890E-01  1.09695489E+01  8.68133735E-01  1.29875338E+00
 -1.96036451E+00  1.00000000E+00  1.77856735E+00 -2.09436450E+00  4.46085081E-01  1.09688576E+01  8.68232477E-01  1.29865180E+00
 -1.93561128E+00  1.00000000E+00  1.76315069E+00 -2.09463648E+00  4.46001223E-01  1.09687975E+01  8.68374761E-01  1.29862578E+00
 -1.91085806E+00  1.00000000E+00  1.74773404E+00 -2.09490848E+00  4.45900865E-01  1.09687374E+01  8.68517066E-01  1.29859976E+00
 -1.88610483E+00  1.00000000E+00  1.73203807E+00 -2.09398953E+00  4.45836999E-01  1.09677012E+01  8.68185636E-01  1.29850915E+00
 -1.86135161E+00  1.00000000E+00  1.71634211E+00 -2.09307075E+00  4.45824831E-01  1.09666654E+01  8.67854349E-01  1.29841856E+00
 -1.83659838E+00  1.00000000E+00  1.70064460E+00 -2.09337465E+00  4.45828125E-01  1.09637390E+01  8.68114738E-01  1.29800883E+00
 -1.81184516E+00  1.00000000E+00  1.68494709E+00 -2.09367845E+00  4.45801203E-01  1.09608137E+01  8.68375177E-01  1.29759923E+00
 -1.78709193E+00  1.00000000E+00  1.66964535E+00 -2.09406547E+00  4.45691841E-01  1.09626166E+01  8.68474479E-01  1.29781827E+00
 -1.76233870E+00  1.00000000E+00  1.65434361E+00 -2.09445256E+00  4.45547374E-01  1.09644198E+01  8.68573797E-01  1.29803735E+00
 -1.73758548E+00  1.00000000E+00  1.63847106E+00 -2.09334189E+00  4.45491158E-01  1.09612669E+01  8.68275934E-01  1.29767027E+00
 -1.71283225E+00  1.00000000E+00  1.62259850E+00 -2.09223161E+00  4.45462185E-01  1.09581151E+01  8.67978230E-01  1.29730331E+00
 -1.68807903E+00  1.00000000E+00  1.60692581E+00 -2.09231791E+00  4.45334957E-01  1.09542317E+01  8.68183162E-01  1.29677767E+00
 -1.66332580E+00  1.00000000E+00  1.59125312E+00 -2.09240411E+00  4.45213764E-01  1.09503499E+01  8.68388115E-01  1.29625223E+00
 -1.63857257E+00  1.00000000E+00  1.57570686E+00 -2.09186180E+00  4.45175361E-01  1.09471385E+01  8.68333456E-01  1.29584637E+00
 -1.61381935E+00  1.00000000E+00  1.56016061E+00 -2.09131964E+00  4.45072121E-01  1.09439281E+01  8.68278822E-01  1.29544062E+00
 -1.58906612E+00  1.00000000E+00  1.54437704E+00 -2.09081539E+00  4.44863730E-01  1.09382934E+01  8.68328002E-01  1.29470984E+00
 -1.56431290E+00  1.00000000E+00  1.52859347E+00 -2.09031129E+00  4.44684202E-01  1.09326617E+01  8.68377188E-01  1.29397944E+00
 -1.53955967E+00  1.00000000E+00  1.51315237E+00 -2.09015478E+00  4.44483794E-01  1.09264563E+01  8.68609873E-01  1.29315169E+00
 -1.51480644E+00  1.00000000E+00  1.49771127E+00 -2.08999822E+00  4.44249841E-01  1.09202549E+01  8.68842585E-01  1.29232443E+00
 -1.49005322E+00  1.00000000E+00  1.48214132E+00 -2.08978725E+00  4.43930483E-01  1.09121215E+01  8.69184288E-01  1.29123479E+00
 -1.46529999E+00  1.00000000E+00  1.46657138E+00 -2.08957624E+00  4.43545009E-01  1.09039948E+01  8.69526074E-01  1.29014598E+00
 -1.44054677E+00  1.00000000E+00  1.45104521E+00 -2.08927772E+00  4.43127443E-01  1.08981383E+01  8.69754802E-01  1.28936359E+00
 -1.41579354E+00  1.00000000E+00  1.43551904E+00 -2.08897930E+00  4.42639023E-01  1.08922851E+01  8.69983593E-01  1.28858162E+00
 -1.39104031E+00  1.00000000E+00  1.41969628E+00 -2.08617782E+00  4.42207280E-01  1.08764090E+01  8.69615384E-01  1.28658776E+00
 -1.36628709E+00  1.00000000E+00  1.40387352E+00 -2.08338017E+00  4.41944865E-01  1.08605561E+01  8.69247837E-01  1.28459678E+00
 -1.34153386E+00  1.00000000E+00  1.38819475E+00 -2.08281930E+00  4.41573497E-01  1.08479665E+01  8.69579597E-01  1.28293546E+00
 -1.31678064E+00  1.00000000E+00  1.37251598E+00 -2.08225842E+00  4.41158434E-01  1.08353927E+01  8.69911375E-01  1.28127617E+00
 -1.29202741E+00  1.00000000E+00  1.35706511E+00 -2.08129086E+00  4.40616670E-01  1.08227162E+01  8.70170633E-01  1.27961301E+00
 -1.26727418E+00  1.00000000E+00  1.34161423E+00 -2.08032396E+00  4.40027001E-01  1.08100552E+01  8.70429998E-01  1.27795181E+00
 -1.24252096E+00  1.00000000E+00  1.32616214E+00 -2.07961051E+00  4.39449635E-01  1.07961847E+01  8.70844837E-01  1.27611513E+00
 -1.21776773E+00  1.00000000E+00  1.31071004E+00 -2.07889736E+00  4.38789773E-01  1.07823332E+01  8.71259806E-01  1.27428086E+00
 -1.19301451E+00  1.00000000E+00  1.29510235E+00 -2.07547668E+00  4.37931682E-01  1.07570559E+01  8.71116841E-01  1.27104931E+00
 -1.16826128E+00  1.00000000E+00  1.27949465E+00 -2.07206259E+00  4.37306838E-01  1.07318383E+01  8.70974696E-01  1.26782532E+00
 -1.14350806E+00  1.00000000E+00  1.26409399E+00 -2.07022889E+00  4.36584603E-01  1.07120878E+01  8.71184411E-01  1.26525901E+00
 -1.11875483E+00  1.00000000E+00  1.24869333E+00 -2.06839732E+00  4.35835389E-01  1.06923748E+01  8.71394309E-01  1.26269749E+00
 -1.09400160E+00  1.00000000E+00  1.23321655E+00 -2.06647800E+00  4.35065587E-01  1.06689310E+01  8.71754916E-01  1.25963693E+00
 -1.06924838E+00  1.00000000E+00  1.21773977E+00 -2.06456107E+00  4.34262798E-01  1.06455407E+01  8.72115744E-01  1.25658321E+00
 -1.04449515E+00  1.00000000E+00  1.20263815E+00 -2.06230235E+00  4.33293293E-01  1.06168627E+01  8.72604027E-01  1.25283325E+00
 -1.01974193E+00  1.00000000E+00  1.18753654E+00 -2.06004694E+00  4.32277069E-01  1.05882651E+01  8.73092649E-01  1.24909360E+00
 -9.94988700E-01  1.00000000E+00  1.17251785E+00 -2.05671720E+00  4.31106429E-01  1.05564553E+01  8.73375220E-01  1.24496744E+00
 -9.70235474E-01  1.00000000E+00  1.15749915E+00 -2.05339460E+00  4.29965900E-01  1.05247431E+01  8.73658622E-01  1.24085372E+00
 -9.45482248E-01  1.00000000E+00  1.14236712E+00 -2.05037279E+00  4.28798169E-01  1.04920500E+01  8.74053671E-01  1.23659953E+00
 -9.20729022E-01  1.00000000E+00  1.12723509E+00 -2.04735694E+00  4.27601428E-01  1.04594617E+01  8.74449288E-01  1.23235873E+00
 -8.95975796E-01  1.00000000E+00  1.11265118E+00 -2.04384796E+00  4.26268840E-01  1.04179631E+01  8.75066069E-01  1.22694390E+00
 -8.71222570E-01  1.00000000E+00  1.09806728E+00 -2.04034702E+00  4.24951436E-01  1.03766354E+01  8.75683575E-01  1.22155095E+00
 -8.46469344E-01  1.00000000E+00  1.08366446E+00 -2.03625813E+00  4.23368614E-01  1.03385604E+01  8.76036866E-01  1.21661017E+00
 -8.21716118E-01  1.00000000E+00  1.06926165E+00 -2.03218017E+00  4.21781711E-01  1.03006280E+01  8.76391539E-01  1.21168754E+00
 -7.97201467E-01  1.00000000E+00  1.05480037E+00 -2.02825723E+00  4.20566064E-01  1.02601481E+01  8.76788023E-01  1.20643201E+00
 -7.72686817E-01  1.00000000E+00  1.04033908E+00 -2.02434424E+00  4.19304184E-01  1.02198319E+01  8.77185334E-01  1.20119742E+00
 -7.49503432E-01  1.00000000E+00  1.02764573E+00 -2.02181557E+00  4.17821677E-01  1.01809614E+01  8.78152234E-01  1.19607547E+00
 -7.26320047E-01  1.00000000E+00  1.01495238E+00 -2.01929108E+00  4.16298501E-01  1.01422472E+01  8.79119912E-01  1.19097350E+00
 -7.04527831E-01  1.00000000E+00  1.00327513E+00 -2.01418399E+00  4.14698830E-01  1.01010316E+01  8.79236769E-01  1.18565934E+00
 -6.82735615E-01  1.00000000E+00  9.91597868E-01 -2.00909313E+00  4.13252041E-01  1.00599857E+01  8.79355720E-01  1.18036671E+00
 -6.62251087E-01  1.00000000E+00  9.80219730E-01 -2.00521966E+00  4.12221453E-01  1.00245817E+01  8.79511012E-01  1.17579480E+00
 -6.41766559E-01  1.00000000E+00  9.68841592E-01 -2.00135569E+00  4.11158911E-01  9.98930505E+00  8.79667094E-01  1.17123917E+00
 -6.22511254E-01  1.00000000E+00  9.59272223E-01 -1.99826672E+00  4.09881823E-01  9.95316054E+00  8.80272615E-01  1.16651416E+00
 -6.03255949E-01  1.00000000E+00  9.49702853E-01 -1.99518430E+00  4.08605068E-01  9.91715195E+00  8.80878833E-01  1.16180654E+00
 -5.85156097E-01  1.00000000E+00  9.40863629E-01 -1.99090685E+00  4.07360622E-01  9.88010239E+00  8.81029989E-01  1.15702359E+00
 -5.67056245E-01  1.00000000E+00  9.32024405E-01 -1.98664108E+00  4.06220687E-01  9.84319379E+00  8.81182346E-01  1.15225861E+00
 -5.50042515E-01  1.00000000E+00  9.23888031E-01 -1.98422643E+00  4.05303334E-01  9.81475830E+00  8.81647691E-01  1.14854279E+00
 -5.33028786E-01  1.00000000E+00  9.15751657E-01 -1.98181573E+00  4.04272958E-01  9.78640830E+00  8.82113397E-01  1.14483792E+00
 -5.17036006E-01  1.00000000E+00  9.09179576E-01 -1.98114114E+00  4.03125979E-01  9.76195009E+00  8.83261486E-01  1.14154568E+00
 -5.01043227E-01  1.00000000E+00  9.02607494E-01 -1.98046635E+00  4.01925384E-01  9.73755921E+00  8.84410536E-01  1.13826197E+00
 -4.86010125E-01  1.00000000E+00  8.95771343E-01 -1.97538363E+00  4.00883791E-01  9.70869529E+00  8.83774962E-01  1.13463261E+00
 -4.70977023E-01  1.00000000E+00  8.88935192E-01 -1.97031461E+00  4.00358314E-01  9.67991686E+00  8.83141674E-01  1.13101395E+00
 -4.56846016E-01  1.00000000E+00  8.83808021E-01 -1.96954535E+00  3.99527222E-01  9.66008925E+00  8.83846791E-01  1.12837403E+00
 -4.42715008E-01  1.00000000E+00  8.78680850E-01 -1.96877596E+00  3.98838129E-01  9.64030596E+00  8.84552121E-01  1.12573978E+00
 -4.29431964E-01  1.00000000E+00  8.73743689E-01 -1.96754336E+00  3.98396296E-01  9.63152535E+00  8.84562532E-01  1.12460950E+00
 -4.16148920E-01  1.00000000E+00  8.68806527E-01 -1.96631169E+00  3.98028752E-01  9.62275279E+00  8.84573098E-01  1.12348025E+00
 -4.03662954E-01  1.00000000E+00  8.64695122E-01 -1.96351630E+00  3.97299984E-01  9.60321094E+00  8.84477949E-01  1.12097996E+00
 -3.91176988E-01  1.00000000E+00  8.60583717E-01 -1.96072560E+00  3.96841376E-01  9.58370903E+00  8.84383448E-01  1.11848472E+00
 -3.79440270E-01  1.00000000E+00  8.57149648E-01 -1.96041065E+00  3.96497417E-01  9.57446057E+00  8.84682456E-01  1.11725719E+00
 -3.67703552E-01  1.00000000E+00  8.53715580E-01 -1.96009554E+00  3.96222083E-01  9.56522192E+00  8.84981469E-01  1.11603092E+00
 -3.56671122E-01  1.00000000E+00  8.50779383E-01 -1.95999959E+00  3.96189615E-01  9.55935901E+00  8.85238982E-01  1.11524400E+00
 -3.45638692E-01  1.00000000E+00  8.47843187E-01 -1.95990353E+00  3.96031040E-01  9.55350014E+00  8.85496521E-01  1.11445761E+00
 -3.35268287E-01  1.00000000E+00  8.45971661E-01 -1.95866600E+00  3.95186514E-01  9.54037605E+00  8.85771712E-01  1.11273484E+00
 -3.24897882E-01  1.00000000E+00  8.44100136E-01 -1.95742965E+00  3.94752166E-01  9.52727058E+00  8.86047126E-01  1.11101444E+00
 -3.15149775E-01  1.00000000E+00  8.42558605E-01 -1.95796870E+00  3.94483420E-01  9.52512707E+00  8.86489109E-01  1.11068202E+00
 -3.05401669E-01  1.00000000E+00  8.41017075E-01 -1.95850775E+00  3.94260355E-01  9.52298441E+00  8.86931272E-01  1.11034969E+00
 -2.96238520E-01  1.00000000E+00  8.39781799E-01 -1.95573088E+00  3.93732312E-01  9.51341404E+00  8.86254293E-01  1.10920625E+00
 -2.87075371E-01  1.00000000E+00  8.38546524E-01 -1.95295715E+00  3.93579923E-01  9.50385370E+00  8.85578299E-01  1.10806398E+00
 -2.78462077E-01  1.00000000E+00  8.37568404E-01 -1.95346612E+00  3.93946843E-01  9.50777054E+00  8.85478946E-01  1.10858035E+00
 -2.69848783E-01  1.00000000E+00  8.36590284E-01 -1.95397527E+00  3.94382715E-01  9.51168899E+00  8.85379661E-01  1.10909691E+00
 -2.61752348E-01  1.00000000E+00  8.36797686E-01 -1.95405119E+00  3.94025546E-01  9.50506342E+00  8.85819433E-01  1.10818851E+00
 -2.53655913E-01  1.00000000E+00  8.37005088E-01 -1.95412694E+00  3.93815894E-01  9.49844320E+00  8.86259344E-01  1.10728078E+00
 -2.46045323E-01  1.00000000E+00  8.37071750E-01 -1.95381129E+00  3.93747273E-01  9.49380459E+00  8.86377653E-01  1.10666918E+00
 -2.38434732E-01  1.00000000E+00  8.37138412E-01 -1.95349571E+00  3.93506789E-01  9.48916838E+00  8.86495974E-01  1.10605788E+00
 -2.31280830E-01  1.00000000E+00  8.38495787E-01 -1.95271295E+00  3.92722828E-01  9.47577392E+00  8.87013833E-01  1.10426915E+00
 -2.24126928E-01  1.00000000E+00  8.39853163E-01 -1.95193078E+00  3.92093371E-01  9.46239960E+00  8.87531992E-01  1.10248298E+00
 -2.17402314E-01  1.00000000E+00  8.41068872E-01 -1.94893352E+00  3.91172416E-01  9.43620505E+00  8.87702942E-01  1.09909313E+00
 -2.10677699E-01  1.00000000E+00  8.42284581E-01 -1.94594225E+00  3.90352491E-01  9.41008454E+00  8.87874539E-01  1.09571271E+00
 -2.04351753E-01  1.00000000E+00  8.43815391E-01 -1.94454004E+00  3.89709914E-01  9.38699243E+00  8.88558882E-01  1.09265574E+00
 -1.98025807E-01  1.00000000E+00  8.45346201E-01 -1.94313911E+00  3.88826561E-01  9.36396076E+00  8.89243554E-01  1.08960650E+00
 -1.91837501E-01  1.00000000E+00  8.47896123E-01 -1.94123490E+00  3.87261735E-01  9.32861978E+00  8.90669267E-01  1.08487935E+00
 -1.85649194E-01  1.00000000E+00  8.50446045E-01 -1.93933408E+00  3.85553050E-01  9.29342173E+00  8.92097023E-01  1.08017032E+00
 -1.79460888E-01  1.00000000E+00  8.53429705E-01 -1.93667120E+00  3.83623307E-01  9.25601984E+00  8.93283665E-01  1.07520894E+00
 -1.73272582E-01  1.00000000E+00  8.56413366E-01 -1.93401442E+00  3.81413265E-01  9.21877673E+00  8.94472112E-01  1.07026774E+00
 -1.67084275E-01  1.00000000E+00  8.59899337E-01 -1.92104547E+00  3.77684665E-01  9.12023146E+00  8.94575897E-01  1.05758429E+00
 -1.60895969E-01  1.00000000E+00  8.63385308E-01 -1.90818489E+00  3.74763267E-01  9.02275292E+00  8.94693344E-01  1.04503623E+00
 -1.54707662E-01  1.00000000E+00  8.68357015E-01 -1.90211913E+00  3.71795064E-01  8.93323359E+00  8.97377943E-01  1.03318144E+00
 -1.48519356E-01  1.00000000E+00  8.73328722E-01 -1.89608145E+00  3.67984130E-01  8.84465696E+00  9.00069098E-01  1.02144701E+00
 -1.42331049E-01  1.00000000E+00  8.79777664E-01 -1.89630124E+00  3.61878786E-01  8.72568157E+00  9.08804674E-01  1.00502703E+00
 -1.36142743E-01  1.00000000E+00  8.86226605E-01 -1.89649695E+00  3.55449762E-01  8.60854514E+00  9.17601842E-01  9.88835566E-01
 -1.29954436E-01  1.00000000E+00  8.95022493E-01 -1.86214517E+00  3.44332639E-01  8.33608394E+00  9.19734186E-01  9.53530682E-01
 -1.23766130E-01  1.00000000E+00  9.03818380E-01 -1.82861339E+00  3.34377001E-01  8.07241337E+00  9.21976533E-01  9.19341879E-01
 -1.17577823E-01  1.00000000E+00  9.16434313E-01 -1.77906312E+00  3.19641469E-01  7.67442906E+00  9.26750004E-01  8.67558735E-01
 -1.11389517E-01  1.00000000E+00  9.29050247E-01 -1.73133718E+00  3.05535319E-01  7.29650613E+00  9.31789167E-01  8.18320753E-01
 -1.05201210E-01  1.00000000E+00  9.43684060E-01 -1.69835209E+00  2.91725580E-01  6.87181042E+00  9.49665376E-01  7.61418649E-01
 -9.90129037E-02  1.00000000E+00  9.58317872E-01 -1.66650191E+00  2.74501459E-01  6.47342650E+00  9.67911966E-01  7.07851869E-01
 -9.28245972E-02  1.00000000E+00  9.90984151E-01 -1.59063524E+00  2.49871923E-01  5.87171209E+00  9.85742471E-01  6.28196094E-01
 -8.66362908E-02  1.00000000E+00  1.02365043E+00 -1.52008357E+00  2.23153557E-01  5.32778260E+00  1.00476519E+00  5.55816523E-01
 -8.04479843E-02  1.00000000E+00  1.06527494E+00 -1.32906376E+00  1.87510241E-01  4.27844622E+00  1.02240002E+00  4.18634512E-01
 -7.42596778E-02  1.00000000E+00  1.10689944E+00 -1.16905195E+00  1.50576727E-01  3.43806579E+00  1.04768319E+00  3.07334905E-01
 -6.80713713E-02  1.00000000E+00  1.20170740E+00 -9.36104656E-01  1.10794756E-01  2.51066149E+00  1.07275619E+00  1.84873539E-01
 -6.18830648E-02  1.00000000E+00  1.29651536E+00 -7.55799056E-01  6.50402907E-02  1.83302186E+00  1.11741945E+00  9.20060246E-02
 -5.56947583E-02  1.00000000E+00  1.49353991E+00 -3.62750214E-01  7.14317244E-03  1.04716980E+00  1.15724273E+00 -1.41522345E-02
 -4.95064519E-02  1.00000000E+00  1.69056445E+00 -9.41602294E-02  5.60164627E-02  6.12775470E-01  1.30376799E+00 -8.88418952E-02
 -4.33181454E-02  1.00000000E+00  1.89240802E+00  1.31109848E-01  5.10618898E-02  6.29771106E-01  1.24872963E+00 -7.95803812E-02
 -3.71298389E-02  1.00000000E+00  2.09425158E+00  3.56755126E-01  7.60012950E-02  6.96846696E-01  1.25740776E+00 -7.20721368E-02
 -3.09415324E-02  1.00000000E+00  2.39775422E+00  8.00527649E-01  1.29868479E-01  1.11726561E+00  1.47389375E+00 -4.58521892E-02
 -2.47532259E-02  1.00000000E+00  2.70125685E+00  1.47961125E+00  2.34214157E-01  1.86217735E+00  1.90112071E+00 -5.00700320E-03
 -1.85649194E-02  1.00000000E+00  3.67347896E+00  1.64642202E+00  5.78932293E-01  2.85307479E+00  1.64168406E+00  1.55750236E-01
 -1.23766130E-02  1.00000000E+00  4.64570108E+00  1.90485543E+00  6.18533448E-01  4.54167179E+00  1.43346157E+00  3.99627029E-01
 -6.18830648E-03  1.00000000E+00  2.36482804E+00  5.68518432E+00  6.73656467E-01  6.29638764E+00  5.92283860E+00  4.80277327E-02
  0.00000000E+00  1.00000000E+00  8.39549966E-02  1.72750739E+01  1.10428015E+01  1.36157742E+01  2.25476298E+01 -1.14838144E+00
