# curve 5 (die wall), step =      200, time =   4.00000000E+01
# N1 = tau_xx - tau_yy = G ( c_xx - c_yy ),  G =  2.0000E+00  (polymer part only)
#              x               y        pressure            c_xy        gammadot            c_xx            c_yy              N1
 -3.00000000E+00  1.00000000E+00  2.58799950E+00 -3.99991494E-02  3.99989731E-01  1.00319641E+00  1.00000134E+00  6.39015608E-03
 -2.95108291E+00  1.00000000E+00  2.54887844E+00 -3.99995041E-02  3.99994111E-01  1.00319709E+00  1.00000091E+00  6.39235730E-03
 -2.90216582E+00  1.00000000E+00  2.50975738E+00 -3.99998588E-02  3.99998075E-01  1.00319777E+00  1.00000049E+00  6.39455851E-03
 -2.85324873E+00  1.00000000E+00  2.47062106E+00 -4.00000212E-02  3.99999544E-01  1.00319632E+00  1.00000109E+00  6.39045839E-03
 -2.80433164E+00  1.00000000E+00  2.43148475E+00 -4.00001837E-02  3.99999827E-01  1.00319486E+00  1.00000168E+00  6.38635827E-03
 -2.75541455E+00  1.00000000E+00  2.39235130E+00 -4.00001370E-02  4.00000111E-01  1.00319663E+00  1.00000112E+00  6.39101477E-03
 -2.70649746E+00  1.00000000E+00  2.35321785E+00 -4.00000904E-02  4.00000021E-01  1.00319839E+00  1.00000056E+00  6.39567128E-03
 -2.65758037E+00  1.00000000E+00  2.31408397E+00 -4.00000835E-02  3.99999850E-01  1.00319774E+00  1.00000076E+00  6.39395178E-03
 -2.60866328E+00  1.00000000E+00  2.27495009E+00 -4.00000766E-02  3.99999627E-01  1.00319708E+00  1.00000097E+00  6.39223228E-03
 -2.55974619E+00  1.00000000E+00  2.23581618E+00 -4.00000219E-02  3.99999462E-01  1.00319792E+00  1.00000069E+00  6.39446016E-03
 -2.51082911E+00  1.00000000E+00  2.19668228E+00 -3.99999673E-02  3.99999378E-01  1.00319876E+00  1.00000041E+00  6.39668804E-03
 -2.46191202E+00  1.00000000E+00  2.15754848E+00 -3.99999567E-02  3.99998751E-01  1.00319783E+00  1.00000072E+00  6.39422534E-03
 -2.41299493E+00  1.00000000E+00  2.11841469E+00 -3.99999461E-02  3.99998185E-01  1.00319690E+00  1.00000102E+00  6.39176264E-03
 -2.36407784E+00  1.00000000E+00  2.07928092E+00 -3.99998505E-02  3.99997748E-01  1.00319781E+00  1.00000072E+00  6.39417931E-03
 -2.31516075E+00  1.00000000E+00  2.04014715E+00 -3.99997549E-02  3.99997133E-01  1.00319871E+00  1.00000041E+00  6.39659598E-03
 -2.26624366E+00  1.00000000E+00  2.00101352E+00 -3.99996769E-02  3.99996162E-01  1.00319786E+00  1.00000069E+00  6.39432465E-03
 -2.21732657E+00  1.00000000E+00  1.96187988E+00 -3.99995990E-02  3.99994997E-01  1.00319700E+00  1.00000097E+00  6.39205332E-03
 -2.16840948E+00  1.00000000E+00  1.92274647E+00 -3.99994693E-02  3.99993489E-01  1.00319648E+00  1.00000114E+00  6.39067292E-03
 -2.11949239E+00  1.00000000E+00  1.88361306E+00 -3.99993396E-02  3.99991645E-01  1.00319596E+00  1.00000132E+00  6.38929252E-03
 -2.07057530E+00  1.00000000E+00  1.84448039E+00 -3.99990517E-02  3.99989380E-01  1.00319624E+00  1.00000121E+00  6.39006883E-03
 -2.02165821E+00  1.00000000E+00  1.80534772E+00 -3.99987637E-02  3.99986684E-01  1.00319653E+00  1.00000110E+00  6.39084515E-03
 -1.97274112E+00  1.00000000E+00  1.76621561E+00 -3.99984511E-02  3.99983444E-01  1.00319549E+00  1.00000144E+00  6.38809310E-03
 -1.92382403E+00  1.00000000E+00  1.72708349E+00 -3.99981384E-02  3.99979216E-01  1.00319445E+00  1.00000178E+00  6.38534105E-03
 -1.87490694E+00  1.00000000E+00  1.68795325E+00 -3.99975531E-02  3.99974146E-01  1.00319584E+00  1.00000128E+00  6.38912458E-03
 -1.82598985E+00  1.00000000E+00  1.64882301E+00 -3.99969678E-02  3.99968658E-01  1.00319724E+00  1.00000078E+00  6.39290812E-03
 -1.77707276E+00  1.00000000E+00  1.60969639E+00 -3.99961885E-02  3.99961615E-01  1.00319624E+00  1.00000111E+00  6.39026346E-03
 -1.72815567E+00  1.00000000E+00  1.57056976E+00 -3.99954093E-02  3.99952319E-01  1.00319524E+00  1.00000144E+00  6.38761879E-03
 -1.67923858E+00  1.00000000E+00  1.53144737E+00 -3.99941717E-02  3.99940767E-01  1.00319570E+00  1.00000121E+00  6.38896882E-03
 -1.63032150E+00  1.00000000E+00  1.49232498E+00 -3.99929342E-02  3.99929247E-01  1.00319615E+00  1.00000099E+00  6.39031886E-03
 -1.58140441E+00  1.00000000E+00  1.45321056E+00 -3.99916185E-02  3.99914898E-01  1.00319510E+00  1.00000129E+00  6.38763434E-03
 -1.53248732E+00  1.00000000E+00  1.41409613E+00 -3.99903029E-02  3.99900630E-01  1.00319406E+00  1.00000158E+00  6.38494983E-03
 -1.48357023E+00  1.00000000E+00  1.37499703E+00 -3.99883339E-02  3.99883399E-01  1.00319385E+00  1.00000166E+00  6.38436361E-03
 -1.43465314E+00  1.00000000E+00  1.33589792E+00 -3.99863650E-02  3.99861284E-01  1.00319363E+00  1.00000174E+00  6.38377738E-03
 -1.38573605E+00  1.00000000E+00  1.29681749E+00 -3.99838779E-02  3.99836588E-01  1.00319411E+00  1.00000150E+00  6.38522703E-03
 -1.33681896E+00  1.00000000E+00  1.25773706E+00 -3.99813908E-02  3.99814786E-01  1.00319459E+00  1.00000125E+00  6.38667667E-03
 -1.28790187E+00  1.00000000E+00  1.21868996E+00 -3.99792439E-02  3.99791194E-01  1.00319376E+00  1.00000131E+00  6.38489552E-03
 -1.23898478E+00  1.00000000E+00  1.17964286E+00 -3.99770971E-02  3.99767143E-01  1.00319293E+00  1.00000137E+00  6.38311437E-03
 -1.19006769E+00  1.00000000E+00  1.14064454E+00 -3.99747568E-02  3.99745343E-01  1.00319193E+00  1.00000215E+00  6.37957472E-03
 -1.14115060E+00  1.00000000E+00  1.10164622E+00 -3.99724165E-02  3.99721536E-01  1.00319094E+00  1.00000292E+00  6.37603507E-03
 -1.09223351E+00  1.00000000E+00  1.06272848E+00 -3.99727248E-02  3.99721992E-01  1.00319031E+00  1.00000311E+00  6.37440127E-03
 -1.04331642E+00  1.00000000E+00  1.02381074E+00 -3.99730330E-02  3.99724910E-01  1.00318968E+00  1.00000330E+00  6.37276746E-03
 -9.94399333E-01  1.00000000E+00  9.84986158E-01 -3.99760948E-02  3.99753285E-01  1.00319193E+00  1.00000233E+00  6.37919260E-03
 -9.45482243E-01  1.00000000E+00  9.46161573E-01 -3.99791566E-02  3.99796358E-01  1.00319418E+00  1.00000137E+00  6.38561775E-03
 -8.96565154E-01  1.00000000E+00  9.07508590E-01 -3.99926029E-02  3.99916446E-01  1.00319503E+00  1.00000262E+00  6.38481331E-03
 -8.47648064E-01  1.00000000E+00  8.68855607E-01 -4.00060493E-02  4.00065649E-01  1.00319587E+00  1.00000387E+00  6.38400886E-03
 -7.99501858E-01  1.00000000E+00  8.31053404E-01 -4.00350819E-02  4.00318879E-01  1.00319775E+00  1.00000722E+00  6.38105041E-03
 -7.51355652E-01  1.00000000E+00  7.93251201E-01 -4.00641145E-02  4.00645448E-01  1.00319962E+00  1.00001058E+00  6.37809195E-03
 -7.08111109E-01  1.00000000E+00  7.59547236E-01 -4.01162448E-02  4.01084318E-01  1.00321093E+00  1.00000786E+00  6.40613679E-03
 -6.64866566E-01  1.00000000E+00  7.25843271E-01 -4.01683754E-02  4.01701268E-01  1.00322223E+00  1.00000514E+00  6.43418180E-03
 -6.26599939E-01  1.00000000E+00  6.96305187E-01 -4.02559575E-02  4.02504473E-01  1.00322932E+00  1.00001285E+00  6.43293818E-03
 -5.88333313E-01  1.00000000E+00  6.66767104E-01 -4.03435406E-02  4.03412384E-01  1.00323641E+00  1.00002056E+00  6.43169456E-03
 -5.54471587E-01  1.00000000E+00  6.41000532E-01 -4.04694934E-02  4.04595479E-01  1.00326890E+00  1.00000807E+00  6.52165767E-03
 -5.20609860E-01  1.00000000E+00  6.15233960E-01 -4.05954481E-02  4.05918992E-01  1.00330140E+00  9.99995590E-01  6.61162200E-03
 -4.90645977E-01  1.00000000E+00  5.92580820E-01 -4.07637865E-02  4.07506751E-01  1.00331231E+00  1.00001340E+00  6.59782789E-03
 -4.60682095E-01  1.00000000E+00  5.69927679E-01 -4.09321286E-02  4.09248094E-01  1.00332325E+00  1.00003124E+00  6.58403358E-03
 -4.34167380E-01  1.00000000E+00  5.50485223E-01 -4.11610364E-02  4.11430016E-01  1.00337779E+00  1.00001394E+00  6.72770931E-03
 -4.07652666E-01  1.00000000E+00  5.31042767E-01 -4.13899506E-02  4.13813054E-01  1.00343239E+00  9.99996691E-01  6.87138870E-03
 -3.84190072E-01  1.00000000E+00  5.13858926E-01 -4.16548482E-02  4.16374710E-01  1.00346475E+00  1.00000840E+00  6.91269474E-03
 -3.60727478E-01  1.00000000E+00  4.96675085E-01 -4.19197545E-02  4.19177250E-01  1.00349719E+00  1.00002019E+00  6.95400215E-03
 -3.39965684E-01  1.00000000E+00  4.81951050E-01 -4.22638284E-02  4.22540761E-01  1.00356865E+00  1.00000642E+00  7.12446647E-03
 -3.19203889E-01  1.00000000E+00  4.67227015E-01 -4.26079172E-02  4.26095921E-01  1.00364024E+00  9.99992771E-01  7.29493760E-03
 -3.00831998E-01  1.00000000E+00  4.54503593E-01 -4.30204523E-02  4.30033520E-01  1.00369494E+00  1.00000950E+00  7.37088265E-03
 -2.82460107E-01  1.00000000E+00  4.41780171E-01 -4.34330096E-02  4.34275121E-01  1.00374982E+00  1.00002640E+00  7.44683175E-03
 -2.66203017E-01  1.00000000E+00  4.30952863E-01 -4.39191324E-02  4.38983914E-01  1.00385083E+00  1.00001052E+00  7.68062462E-03
 -2.49945927E-01  1.00000000E+00  4.20125554E-01 -4.44052863E-02  4.43969923E-01  1.00395209E+00  9.99994872E-01  7.91443136E-03
 -2.35560203E-01  1.00000000E+00  4.10766170E-01 -4.49517447E-02  4.49305754E-01  1.00404672E+00  9.99997544E-01  8.09834348E-03
 -2.21174479E-01  1.00000000E+00  4.01406785E-01 -4.54982429E-02  4.55051510E-01  1.00414165E+00  1.00000051E+00  8.28226830E-03
 -2.08421419E-01  1.00000000E+00  3.93537128E-01 -4.61645362E-02  4.61363890E-01  1.00425359E+00  1.00001282E+00  8.48154004E-03
 -1.95668358E-01  1.00000000E+00  3.85667471E-01 -4.68308918E-02  4.68078400E-01  1.00436598E+00  1.00002557E+00  8.68082966E-03
 -1.83439085E-01  1.00000000E+00  3.78900934E-01 -4.76224729E-02  4.75830818E-01  1.00454205E+00  9.99998758E-01  9.08657563E-03
 -1.71209813E-01  1.00000000E+00  3.72134397E-01 -4.84141425E-02  4.83994079E-01  1.00471876E+00  9.99972577E-01  9.49236381E-03
 -1.58980541E-01  1.00000000E+00  3.65650391E-01 -4.94460286E-02  4.94043523E-01  1.00487624E+00  1.00001746E+00  9.71757170E-03
 -1.46751268E-01  1.00000000E+00  3.59166385E-01 -5.04780715E-02  5.04762105E-01  1.00503480E+00  1.00006340E+00  9.94281344E-03
 -1.34521996E-01  1.00000000E+00  3.54002867E-01 -5.18866913E-02  5.18562530E-01  1.00543711E+00  9.99951727E-01  1.09707683E-02
 -1.22292724E-01  1.00000000E+00  3.48839350E-01 -5.32956193E-02  5.32966035E-01  1.00584152E+00  9.99842057E-01  1.19989302E-02
 -1.10063451E-01  1.00000000E+00  3.43865383E-01 -5.53838002E-02  5.53677758E-01  1.00589841E+00  1.00023570E+00  1.13254202E-02
 -9.78341789E-02  1.00000000E+00  3.38891416E-01 -5.74726894E-02  5.74767638E-01  1.00595964E+00  1.00063378E+00  1.06517232E-02
 -8.56049065E-02  1.00000000E+00  3.46970428E-01 -6.06054831E-02  6.03562685E-01  1.00786081E+00  9.99499425E-01  1.67227619E-02
 -7.33756342E-02  1.00000000E+00  3.55049441E-01 -6.37401357E-02  6.37898631E-01  1.00977489E+00  9.98376386E-01  2.27970079E-02
 -6.11463618E-02  1.00000000E+00  3.03726557E-01 -6.83359865E-02  7.02263840E-01  1.00934183E+00  9.99920417E-01  1.88428265E-02
 -4.89170895E-02  1.00000000E+00  2.52403673E-01 -7.29356377E-02  7.49359818E-01  1.00893018E+00  1.00148721E+00  1.48859282E-02
 -3.66878171E-02  1.00000000E+00  5.46347196E-01 -9.41957515E-02  8.47106068E-01  1.00996785E+00  1.00720893E+00  5.51784688E-03
 -2.44585447E-02  1.00000000E+00  8.40290719E-01 -1.15566333E-01  1.07045327E+00  1.01145358E+00  1.01339966E+00 -3.89216551E-03
 -1.22292724E-02  1.00000000E+00 -4.16996850E-01 -1.06048428E-01  1.72238630E+00  1.12667091E+00  9.19328270E-01  4.14685283E-01
  0.00000000E+00  1.00000000E+00 -1.67428442E+00 -9.67207237E-02  2.99255596E+00  1.25534376E+00  8.33983609E-01  8.42720294E-01
