# curve 5 (die wall), step =      200, time =   8.00000000E+01
# N1 = tau_xx - tau_yy = G ( c_xx - c_yy ),  G =  8.1818E-02  (polymer part only)
#              x               y        pressure            c_xy        gammadot            c_xx            c_yy              N1
 -3.00000000E+00  1.00000000E+00  1.90212776E+00 -2.30446061E+00  4.87186329E-01  1.52735293E+01  7.30545638E-01  1.18988048E+00
 -2.97524677E+00  1.00000000E+00  1.89029420E+00 -2.30472077E+00  4.87290909E-01  1.52732987E+01  7.30625825E-01  1.18985505E+00
 -2.95049355E+00  1.00000000E+00  1.87846064E+00 -2.30498092E+00  4.87385824E-01  1.52730681E+01  7.30706022E-01  1.18982963E+00
 -2.92574032E+00  1.00000000E+00  1.86672833E+00 -2.30542035E+00  4.87407535E-01  1.52746010E+01  7.30806769E-01  1.18994680E+00
 -2.90098710E+00  1.00000000E+00  1.85499602E+00 -2.30585984E+00  4.87356394E-01  1.52761341E+01  7.30907535E-01  1.19006399E+00
 -2.87623387E+00  1.00000000E+00  1.84345642E+00 -2.30620666E+00  4.87260771E-01  1.52813882E+01  7.30890980E-01  1.19049522E+00
 -2.85148064E+00  1.00000000E+00  1.83191681E+00 -2.30655352E+00  4.87076290E-01  1.52866441E+01  7.30874421E-01  1.19092661E+00
 -2.82672742E+00  1.00000000E+00  1.81999424E+00 -2.30499205E+00  4.87160472E-01  1.52820441E+01  7.30530175E-01  1.19057841E+00
 -2.80197419E+00  1.00000000E+00  1.80807166E+00 -2.30343120E+00  4.87298128E-01  1.52774458E+01  7.30186170E-01  1.19023033E+00
 -2.77722097E+00  1.00000000E+00  1.79629472E+00 -2.30464691E+00  4.87333725E-01  1.52773329E+01  7.30514736E-01  1.19019421E+00
 -2.75246774E+00  1.00000000E+00  1.78451778E+00 -2.30586262E+00  4.87355883E-01  1.52772206E+01  7.30843482E-01  1.19015812E+00
 -2.72771451E+00  1.00000000E+00  1.77292310E+00 -2.30591195E+00  4.87347234E-01  1.52776963E+01  7.30870358E-01  1.19019485E+00
 -2.70296129E+00  1.00000000E+00  1.76132841E+00 -2.30596127E+00  4.87291132E-01  1.52781721E+01  7.30897235E-01  1.19023158E+00
 -2.67820806E+00  1.00000000E+00  1.74948643E+00 -2.30540540E+00  4.87261442E-01  1.52776426E+01  7.30726794E-01  1.19020220E+00
 -2.65345484E+00  1.00000000E+00  1.73764446E+00 -2.30484958E+00  4.87294853E-01  1.52771131E+01  7.30556394E-01  1.19017282E+00
 -2.62870161E+00  1.00000000E+00  1.72591402E+00 -2.30519961E+00  4.87322078E-01  1.52767265E+01  7.30661735E-01  1.19013257E+00
 -2.60394839E+00  1.00000000E+00  1.71418358E+00 -2.30554963E+00  4.87331293E-01  1.52763400E+01  7.30767093E-01  1.19009233E+00
 -2.57919516E+00  1.00000000E+00  1.70246948E+00 -2.30591759E+00  4.87398583E-01  1.52770027E+01  7.30879962E-01  1.19013732E+00
 -2.55444193E+00  1.00000000E+00  1.69075538E+00 -2.30628558E+00  4.87392615E-01  1.52776655E+01  7.30992849E-01  1.19018231E+00
 -2.52968871E+00  1.00000000E+00  1.67909629E+00 -2.30628929E+00  4.87320498E-01  1.52814511E+01  7.30909520E-01  1.19049886E+00
 -2.50493548E+00  1.00000000E+00  1.66743720E+00 -2.30629294E+00  4.87222915E-01  1.52852378E+01  7.30826190E-01  1.19081550E+00
 -2.48018226E+00  1.00000000E+00  1.65543316E+00 -2.30507239E+00  4.87381780E-01  1.52821459E+01  7.30518263E-01  1.19058771E+00
 -2.45542903E+00  1.00000000E+00  1.64342911E+00 -2.30385220E+00  4.87551100E-01  1.52790548E+01  7.30210498E-01  1.19035999E+00
 -2.43067580E+00  1.00000000E+00  1.63171145E+00 -2.30491905E+00  4.87647885E-01  1.52805022E+01  7.30453679E-01  1.19045852E+00
 -2.40592258E+00  1.00000000E+00  1.61999378E+00 -2.30598604E+00  4.87712389E-01  1.52819501E+01  7.30696985E-01  1.19055707E+00
 -2.38116935E+00  1.00000000E+00  1.60837658E+00 -2.30640632E+00  4.87692991E-01  1.52828626E+01  7.30832914E-01  1.19062061E+00
 -2.35641613E+00  1.00000000E+00  1.59675938E+00 -2.30682665E+00  4.87628241E-01  1.52837752E+01  7.30968868E-01  1.19068416E+00
 -2.33166290E+00  1.00000000E+00  1.58488795E+00 -2.30591555E+00  4.87625498E-01  1.52852592E+01  7.30646997E-01  1.19083191E+00
 -2.30690967E+00  1.00000000E+00  1.57301653E+00 -2.30500440E+00  4.87667808E-01  1.52867438E+01  7.30325255E-01  1.19097970E+00
 -2.28215645E+00  1.00000000E+00  1.56119569E+00 -2.30550401E+00  4.87720711E-01  1.52871962E+01  7.30439600E-01  1.19100736E+00
 -2.25740322E+00  1.00000000E+00  1.54937484E+00 -2.30600363E+00  4.87756200E-01  1.52876487E+01  7.30553974E-01  1.19103502E+00
 -2.23265000E+00  1.00000000E+00  1.53776414E+00 -2.30686013E+00  4.87712213E-01  1.52912668E+01  7.30743231E-01  1.19131557E+00
 -2.20789677E+00  1.00000000E+00  1.52615344E+00 -2.30771687E+00  4.87580569E-01  1.52948859E+01  7.30932554E-01  1.19159618E+00
 -2.18314354E+00  1.00000000E+00  1.51426198E+00 -2.30640022E+00  4.87646061E-01  1.52918556E+01  7.30600954E-01  1.19137538E+00
 -2.15839032E+00  1.00000000E+00  1.50237053E+00 -2.30508396E+00  4.87769339E-01  1.52888262E+01  7.30269542E-01  1.19115464E+00
 -2.13363709E+00  1.00000000E+00  1.49057205E+00 -2.30531772E+00  4.87881999E-01  1.52897725E+01  7.30289227E-01  1.19123045E+00
 -2.10888387E+00  1.00000000E+00  1.47877358E+00 -2.30555150E+00  4.87991653E-01  1.52907188E+01  7.30308917E-01  1.19130626E+00
 -2.08413064E+00  1.00000000E+00  1.46696240E+00 -2.30609292E+00  4.88070365E-01  1.52918037E+01  7.30427086E-01  1.19138536E+00
 -2.05937741E+00  1.00000000E+00  1.45515123E+00 -2.30663439E+00  4.88092845E-01  1.52928887E+01  7.30545286E-01  1.19146446E+00
 -2.03462419E+00  1.00000000E+00  1.44340701E+00 -2.30649929E+00  4.88078632E-01  1.52931823E+01  7.30527467E-01  1.19148994E+00
 -2.00987096E+00  1.00000000E+00  1.43166279E+00 -2.30636417E+00  4.88036419E-01  1.52934760E+01  7.30509652E-01  1.19151543E+00
 -1.98511774E+00  1.00000000E+00  1.41977241E+00 -2.30667626E+00  4.87981746E-01  1.52926437E+01  7.30622700E-01  1.19143808E+00
 -1.96036451E+00  1.00000000E+00  1.40788203E+00 -2.30698834E+00  4.87916435E-01  1.52918116E+01  7.30735764E-01  1.19136075E+00
 -1.93561128E+00  1.00000000E+00  1.39628883E+00 -2.30772394E+00  4.87794864E-01  1.52930658E+01  7.30962323E-01  1.19144483E+00
 -1.91085806E+00  1.00000000E+00  1.38469563E+00 -2.30845967E+00  4.87616484E-01  1.52943202E+01  7.31188953E-01  1.19152892E+00
 -1.88610483E+00  1.00000000E+00  1.37268319E+00 -2.30655102E+00  4.87535267E-01  1.52923286E+01  7.30646213E-01  1.19141038E+00
 -1.86135161E+00  1.00000000E+00  1.36067075E+00 -2.30464289E+00  4.87528995E-01  1.52903383E+01  7.30103921E-01  1.19129190E+00
 -1.83659838E+00  1.00000000E+00  1.34878036E+00 -2.30580254E+00  4.87588354E-01  1.52863393E+01  7.30580144E-01  1.19092575E+00
 -1.81184516E+00  1.00000000E+00  1.33688997E+00 -2.30696190E+00  4.87566189E-01  1.52823425E+01  7.31056613E-01  1.19055976E+00
 -1.78709193E+00  1.00000000E+00  1.32533005E+00 -2.30737674E+00  4.87383746E-01  1.52860037E+01  7.31123774E-01  1.19085381E+00
 -1.76233870E+00  1.00000000E+00  1.31377012E+00 -2.30779166E+00  4.87125978E-01  1.52896657E+01  7.31190943E-01  1.19114794E+00
 -1.73758548E+00  1.00000000E+00  1.30166322E+00 -2.30607670E+00  4.87043251E-01  1.52848837E+01  7.30802989E-01  1.19078842E+00
 -1.71283225E+00  1.00000000E+00  1.28955632E+00 -2.30436246E+00  4.86980646E-01  1.52801036E+01  7.30415332E-01  1.19042904E+00
 -1.68807903E+00  1.00000000E+00  1.27759325E+00 -2.30458952E+00  4.86831418E-01  1.52741964E+01  7.30655488E-01  1.18992607E+00
 -1.66332580E+00  1.00000000E+00  1.26563017E+00 -2.30481639E+00  4.86713585E-01  1.52682918E+01  7.30895680E-01  1.18942332E+00
 -1.63857257E+00  1.00000000E+00  1.25382684E+00 -2.30429152E+00  4.86661101E-01  1.52637857E+01  7.30881365E-01  1.18905581E+00
 -1.61381935E+00  1.00000000E+00  1.24202351E+00 -2.30376679E+00  4.86488647E-01  1.52592809E+01  7.30867068E-01  1.18868840E+00
 -1.58906612E+00  1.00000000E+00  1.22997019E+00 -2.30330495E+00  4.86193628E-01  1.52509439E+01  7.30961621E-01  1.18799855E+00
 -1.56431290E+00  1.00000000E+00  1.21791686E+00 -2.30284320E+00  4.85953991E-01  1.52426117E+01  7.31056176E-01  1.18730909E+00
 -1.53955967E+00  1.00000000E+00  1.20620962E+00 -2.30328621E+00  4.85668241E-01  1.52338031E+01  7.31463857E-01  1.18655503E+00
 -1.51480644E+00  1.00000000E+00  1.19450238E+00 -2.30372874E+00  4.85323900E-01  1.52250007E+01  7.31871658E-01  1.18580146E+00
 -1.49005322E+00  1.00000000E+00  1.18271321E+00 -2.30420606E+00  4.84849071E-01  1.52135351E+01  7.32431841E-01  1.18481754E+00
 -1.46529999E+00  1.00000000E+00  1.17092404E+00 -2.30468281E+00  4.84252140E-01  1.52020797E+01  7.32992283E-01  1.18383443E+00
 -1.44054677E+00  1.00000000E+00  1.15912414E+00 -2.30424471E+00  4.83600178E-01  1.51930147E+01  7.33238575E-01  1.18307259E+00
 -1.41579354E+00  1.00000000E+00  1.14732424E+00 -2.30380680E+00  4.82826993E-01  1.51839552E+01  7.33484978E-01  1.18231120E+00
 -1.39104031E+00  1.00000000E+00  1.13521337E+00 -2.30012235E+00  4.82258122E-01  1.51601150E+01  7.33081331E-01  1.18039366E+00
 -1.36628709E+00  1.00000000E+00  1.12310250E+00 -2.29644362E+00  4.81850662E-01  1.51363122E+01  7.32678625E-01  1.17847911E+00
 -1.34153386E+00  1.00000000E+00  1.11117215E+00 -2.29646296E+00  4.81273790E-01  1.51172887E+01  7.33247731E-01  1.17687608E+00
 -1.31678064E+00  1.00000000E+00  1.09924179E+00 -2.29648122E+00  4.80642474E-01  1.50982917E+01  7.33816988E-01  1.17527520E+00
 -1.29202741E+00  1.00000000E+00  1.08747911E+00 -2.29543586E+00  4.79847870E-01  1.50787766E+01  7.34151630E-01  1.17365113E+00
 -1.26727418E+00  1.00000000E+00  1.07571643E+00 -2.29439115E+00  4.78957354E-01  1.50592877E+01  7.34486429E-01  1.17202920E+00
 -1.24252096E+00  1.00000000E+00  1.06397081E+00 -2.29409249E+00  4.78049191E-01  1.50373516E+01  7.35142058E-01  1.17018078E+00
 -1.21776773E+00  1.00000000E+00  1.05222520E+00 -2.29379324E+00  4.76994151E-01  1.50154501E+01  7.35798007E-01  1.16833517E+00
 -1.19301451E+00  1.00000000E+00  1.04034371E+00 -2.28982639E+00  4.75852069E-01  1.49782508E+01  7.35759170E-01  1.16529477E+00
 -1.16826128E+00  1.00000000E+00  1.02846223E+00 -2.28586763E+00  4.74912285E-01  1.49411441E+01  7.35721262E-01  1.16226187E+00
 -1.14350806E+00  1.00000000E+00  1.01678402E+00 -2.28403731E+00  4.73747553E-01  1.49093550E+01  7.36182815E-01  1.15962318E+00
 -1.11875483E+00  1.00000000E+00  1.00510580E+00 -2.28220883E+00  4.72512706E-01  1.48776361E+01  7.36644657E-01  1.15699021E+00
 -1.09400160E+00  1.00000000E+00  9.93350517E-01 -2.28045513E+00  4.71242129E-01  1.48409170E+01  7.37293742E-01  1.15393281E+00
 -1.06924838E+00  1.00000000E+00  9.81595233E-01 -2.27870284E+00  4.69946695E-01  1.48042928E+01  7.37943211E-01  1.15088315E+00
 -1.04449515E+00  1.00000000E+00  9.70165205E-01 -2.27669123E+00  4.68450028E-01  1.47595121E+01  7.38775494E-01  1.14715118E+00
 -1.01974193E+00  1.00000000E+00  9.58735177E-01 -2.27468122E+00  4.66861893E-01  1.47148736E+01  7.39608339E-01  1.14343079E+00
 -9.94988700E-01  1.00000000E+00  9.47444798E-01 -2.27111591E+00  4.65001559E-01  1.46628225E+01  7.40274795E-01  1.13911754E+00
 -9.70235474E-01  1.00000000E+00  9.36154419E-01 -2.26755827E+00  4.63152546E-01  1.46109606E+01  7.40942402E-01  1.13481967E+00
 -9.45482248E-01  1.00000000E+00  9.24758100E-01 -2.26470301E+00  4.61175474E-01  1.45573856E+01  7.41847575E-01  1.13036220E+00
 -9.20729022E-01  1.00000000E+00  9.13361781E-01 -2.26185214E+00  4.59176363E-01  1.45040152E+01  7.42753688E-01  1.12592140E+00
 -8.95975796E-01  1.00000000E+00  9.02497050E-01 -2.25795292E+00  4.56970079E-01  1.44350876E+01  7.43812686E-01  1.12019522E+00
 -8.71222570E-01  1.00000000E+00  8.91632319E-01 -2.25406189E+00  4.54747163E-01  1.43665005E+01  7.44872993E-01  1.11449680E+00
 -8.46469344E-01  1.00000000E+00  8.80997435E-01 -2.24973059E+00  4.52096183E-01  1.42981760E+01  7.45935210E-01  1.10881970E+00
 -8.21716118E-01  1.00000000E+00  8.70362551E-01 -2.24541096E+00  4.49402826E-01  1.42301872E+01  7.46999607E-01  1.10316989E+00
 -7.97201467E-01  1.00000000E+00  8.59544949E-01 -2.24065784E+00  4.47089197E-01  1.41564900E+01  7.48001191E-01  1.09705817E+00
 -7.72686817E-01  1.00000000E+00  8.48727347E-01 -2.23591787E+00  4.44679292E-01  1.40831872E+01  7.49004521E-01  1.09097858E+00
 -7.49503432E-01  1.00000000E+00  8.39563310E-01 -2.23389104E+00  4.41976724E-01  1.40110476E+01  7.50908684E-01  1.08492046E+00
 -7.26320047E-01  1.00000000E+00  8.30399272E-01 -2.23186198E+00  4.39169649E-01  1.39393042E+01  7.52815364E-01  1.07889454E+00
 -7.04527831E-01  1.00000000E+00  8.21997459E-01 -2.22438498E+00  4.36170368E-01  1.38566289E+01  7.53427194E-01  1.07208014E+00
 -6.82735615E-01  1.00000000E+00  8.13595645E-01 -2.21694084E+00  4.33390247E-01  1.37744515E+01  7.54043308E-01  1.06530613E+00
 -6.62251087E-01  1.00000000E+00  8.05287251E-01 -2.21185563E+00  4.31111013E-01  1.37016203E+01  7.54939620E-01  1.05927387E+00
 -6.41766559E-01  1.00000000E+00  7.96978857E-01 -2.20678570E+00  4.28737341E-01  1.36291860E+01  7.55837666E-01  1.05327395E+00
 -6.22511254E-01  1.00000000E+00  7.90317230E-01 -2.20227598E+00  4.26005455E-01  1.35495557E+01  7.57252373E-01  1.04664300E+00
 -6.03255949E-01  1.00000000E+00  7.83655602E-01 -2.19777798E+00  4.23251470E-01  1.34704105E+01  7.58669433E-01  1.04005154E+00
 -5.85156097E-01  1.00000000E+00  7.77528482E-01 -2.18948389E+00  4.20384285E-01  1.33795600E+01  7.59230322E-01  1.03257243E+00
 -5.67056245E-01  1.00000000E+00  7.71401363E-01 -2.18123007E+00  4.17704308E-01  1.32893324E+01  7.59795588E-01  1.02514392E+00
 -5.50042515E-01  1.00000000E+00  7.65812582E-01 -2.17805837E+00  4.15241127E-01  1.32141153E+01  7.61519603E-01  1.01884874E+00
 -5.33028786E-01  1.00000000E+00  7.60223800E-01 -2.17489000E+00  4.12500216E-01  1.31393492E+01  7.63245810E-01  1.01259028E+00
 -5.17036006E-01  1.00000000E+00  7.56369854E-01 -2.17517760E+00  4.09474381E-01  1.30656713E+01  7.66331646E-01  1.00630961E+00
 -5.01043227E-01  1.00000000E+00  7.52515908E-01 -2.17545091E+00  4.06203820E-01  1.29924566E+01  7.69424555E-01  1.00006626E+00
 -4.86010125E-01  1.00000000E+00  7.47839467E-01 -2.16343352E+00  4.02956427E-01  1.28976600E+01  7.68976596E-01  9.92346825E-01
 -4.70977023E-01  1.00000000E+00  7.43163026E-01 -2.15149168E+00  4.00701119E-01  1.28035568E+01  7.68538810E-01  9.84683289E-01
 -4.56846016E-01  1.00000000E+00  7.40338155E-01 -2.14755637E+00  3.97587526E-01  1.27216177E+01  7.70289358E-01  9.77835956E-01
 -4.42715008E-01  1.00000000E+00  7.37513285E-01 -2.14362769E+00  3.94890590E-01  1.26402324E+01  7.72042067E-01  9.71033751E-01
 -4.29431964E-01  1.00000000E+00  7.34605524E-01 -2.14134843E+00  3.92629410E-01  1.25820257E+01  7.73806057E-01  9.66127059E-01
 -4.16148920E-01  1.00000000E+00  7.31697762E-01 -2.13907238E+00  3.90357017E-01  1.25241043E+01  7.75573302E-01  9.61243445E-01
 -4.03662954E-01  1.00000000E+00  7.29719747E-01 -2.12836871E+00  3.86844722E-01  1.24237698E+01  7.75885966E-01  9.53008677E-01
 -3.91176988E-01  1.00000000E+00  7.27741731E-01 -2.11773188E+00  3.84018058E-01  1.23242480E+01  7.76206706E-01  9.44839743E-01
 -3.79440270E-01  1.00000000E+00  7.25950387E-01 -2.11087397E+00  3.81422368E-01  1.22412434E+01  7.77059536E-01  9.37978679E-01
 -3.67703552E-01  1.00000000E+00  7.24159043E-01 -2.10404527E+00  3.78999150E-01  1.21588128E+01  7.77915239E-01  9.31164343E-01
 -3.56671122E-01  1.00000000E+00  7.22730615E-01 -2.10152430E+00  3.76847099E-01  1.20800780E+01  7.80282462E-01  9.24528723E-01
 -3.45638692E-01  1.00000000E+00  7.21302187E-01 -2.09900175E+00  3.74248650E-01  1.20018924E+01  7.82653483E-01  9.17937731E-01
 -3.35268287E-01  1.00000000E+00  7.21843032E-01 -2.09211984E+00  3.70013692E-01  1.18942109E+01  7.84765849E-01  9.08954596E-01
 -3.24897882E-01  1.00000000E+00  7.22383877E-01 -2.08526907E+00  3.66473144E-01  1.17875377E+01  7.86884180E-01  9.00053471E-01
 -3.15149775E-01  1.00000000E+00  7.22977741E-01 -2.08249446E+00  3.62978240E-01  1.16980054E+01  7.90135340E-01  8.92462095E-01
 -3.05401669E-01  1.00000000E+00  7.23571604E-01 -2.07972237E+00  3.59449920E-01  1.16092071E+01  7.93396313E-01  8.84929975E-01
 -2.96238520E-01  1.00000000E+00  7.24012704E-01 -2.06305995E+00  3.54950208E-01  1.14829564E+01  7.92810637E-01  8.74648286E-01
 -2.87075371E-01  1.00000000E+00  7.24453804E-01 -2.04655151E+00  3.51389503E-01  1.13580835E+01  7.92246045E-01  8.64477612E-01
 -2.78462077E-01  1.00000000E+00  7.24499630E-01 -2.04008657E+00  3.49173111E-01  1.12723999E+01  7.93645696E-01  8.57352616E-01
 -2.69848783E-01  1.00000000E+00  7.24545455E-01 -2.03364986E+00  3.46985107E-01  1.11873862E+01  7.95049169E-01  8.50282123E-01
 -2.61752348E-01  1.00000000E+00  7.26824620E-01 -2.02397348E+00  3.42797953E-01  1.10563211E+01  7.97399424E-01  8.39366318E-01
 -2.53655913E-01  1.00000000E+00  7.29103785E-01 -2.01436181E+00  3.38866289E-01  1.09268508E+01  7.99759513E-01  8.28580194E-01
 -2.46045323E-01  1.00000000E+00  7.30737014E-01 -2.00706801E+00  3.35103989E-01  1.08052604E+01  8.02734319E-01  8.18388501E-01
 -2.38434732E-01  1.00000000E+00  7.32370243E-01 -1.99981088E+00  3.30889296E-01  1.06850949E+01  8.05718656E-01  8.08312600E-01
 -2.31280830E-01  1.00000000E+00  7.36460521E-01 -1.98825873E+00  3.25440534E-01  1.05329414E+01  8.08842327E-01  7.95608108E-01
 -2.24126928E-01  1.00000000E+00  7.40550799E-01 -1.97680575E+00  3.20353745E-01  1.03830398E+01  8.11984668E-01  7.83086330E-01
 -2.17402314E-01  1.00000000E+00  7.43701253E-01 -1.95773908E+00  3.14734179E-01  1.01866125E+01  8.14318418E-01  7.66824061E-01
 -2.10677699E-01  1.00000000E+00  7.46851707E-01 -1.93892357E+00  3.09129639E-01  9.99399381E+00  8.16684405E-01  7.50870770E-01
 -2.04351753E-01  1.00000000E+00  7.50738082E-01 -1.92631034E+00  3.03739941E-01  9.80945998E+00  8.21331500E-01  7.35392330E-01
 -1.98025807E-01  1.00000000E+00  7.54624457E-01 -1.91381934E+00  2.97814587E-01  9.62850505E+00  8.26006292E-01  7.20204444E-01
 -1.91837501E-01  1.00000000E+00  7.60225047E-01 -1.89874366E+00  2.90588003E-01  9.40503944E+00  8.32716189E-01  7.01371903E-01
 -1.85649194E-01  1.00000000E+00  7.65825637E-01 -1.88386446E+00  2.82932965E-01  9.18703603E+00  8.39487393E-01  6.82981252E-01
 -1.79460888E-01  1.00000000E+00  7.72620755E-01 -1.86583659E+00  2.74469743E-01  8.96070293E+00  8.45730994E-01  6.63952249E-01
 -1.73272582E-01  1.00000000E+00  7.79415874E-01 -1.84808955E+00  2.65707987E-01  8.74019830E+00  8.52044311E-01  6.45394417E-01
 -1.67084275E-01  1.00000000E+00  7.86442796E-01 -1.80021450E+00  2.54831142E-01  8.36153285E+00  8.54635519E-01  6.14200691E-01
 -1.60895969E-01  1.00000000E+00  7.93469717E-01 -1.75394994E+00  2.45220717E-01  7.99952828E+00  8.57460299E-01  5.84351017E-01
 -1.54707662E-01  1.00000000E+00  8.04641509E-01 -1.72839043E+00  2.35238305E-01  7.65895057E+00  8.69404904E-01  5.55508282E-01
 -1.48519356E-01  1.00000000E+00  8.15813301E-01 -1.70346762E+00  2.23907185E-01  7.33370215E+00  8.81539035E-01  5.27904255E-01
 -1.42331049E-01  1.00000000E+00  8.30887861E-01 -1.67818780E+00  2.09848337E-01  6.96424338E+00  9.01290672E-01  4.96059767E-01
 -1.36142743E-01  1.00000000E+00  8.45962420E-01 -1.65379279E+00  1.96006418E-01  6.61467224E+00  9.21562158E-01  4.65799915E-01
 -1.29954436E-01  1.00000000E+00  8.62944744E-01 -1.55202509E+00  1.79903237E-01  6.00896447E+00  9.22008831E-01  4.16205462E-01
 -1.23766130E-01  1.00000000E+00  8.79927067E-01 -1.45794104E+00  1.65376954E-01  5.45918394E+00  9.23856706E-01  3.71072229E-01
 -1.17577823E-01  1.00000000E+00  9.04531964E-01 -1.35704576E+00  1.48700240E-01  4.78493368E+00  9.40922166E-01  3.14510033E-01
 -1.11389517E-01  1.00000000E+00  9.29136861E-01 -1.26603408E+00  1.30606005E-01  4.19566408E+00  9.60267925E-01  2.64714231E-01
 -1.05201210E-01  1.00000000E+00  9.64243682E-01 -1.17439926E+00  1.12051501E-01  3.61356200E+00  9.90434155E-01  2.14619551E-01
 -9.90129037E-02  1.00000000E+00  9.99350502E-01 -1.09308668E+00  9.41200727E-02  3.11421436E+00  1.02414204E+00  1.71005917E-01
 -9.28245972E-02  1.00000000E+00  1.05246995E+00 -9.39761713E-01  7.14612531E-02  2.54219326E+00  1.03589858E+00  1.23242292E-01
 -8.66362908E-02  1.00000000E+00  1.10558940E+00 -8.10026988E-01  5.36769747E-02  2.07483644E+00  1.05651753E+00  8.33170019E-02
 -8.04479843E-02  1.00000000E+00  1.16195455E+00 -5.78924112E-01  4.60957741E-02  1.51762370E+00  1.06352389E+00  3.71536212E-02
 -7.42596778E-02  1.00000000E+00  1.21831970E+00 -3.97827923E-01  3.08685215E-02  1.11172425E+00  1.10017451E+00  9.44978580E-04
 -6.80713713E-02  1.00000000E+00  1.30739038E+00 -2.01538585E-01  2.97482139E-03  8.69677529E-01  1.12912398E+00 -2.12274365E-02
 -6.18830648E-02  1.00000000E+00  1.39646106E+00 -3.21089043E-02  2.63677265E-02  6.96746660E-01  1.19589449E+00 -4.08393682E-02
 -5.56947583E-02  1.00000000E+00  1.53872101E+00  3.76773028E-01  3.64928379E-02  8.16145164E-01  1.27100006E+00 -3.72154007E-02
 -4.95064519E-02  1.00000000E+00  1.68098095E+00  8.83430759E-01  7.71084663E-02  1.12405272E+00  1.55131860E+00 -3.49581174E-02
 -4.33181454E-02  1.00000000E+00  1.82153292E+00  9.12001877E-01  8.09420000E-02  1.30871528E+00  1.41944156E+00 -9.05942287E-03
 -3.71298389E-02  1.00000000E+00  1.96208488E+00  9.47868613E-01  8.30728863E-02  1.52793692E+00  1.30306532E+00  1.83985850E-02
 -3.09415324E-02  1.00000000E+00  2.05695110E+00  8.92291302E-01  1.00977530E-01  1.40744926E+00  1.36369138E+00  3.58019065E-03
 -2.47532259E-02  1.00000000E+00  2.15181733E+00  8.38872565E-01  1.23414740E-01  1.29602738E+00  1.43384516E+00 -1.12759998E-02
 -1.85649194E-02  1.00000000E+00  3.08129552E+00  1.70202685E+00  4.40695370E-01  3.92620357E+00  1.33094316E+00  2.12339489E-01
 -1.23766130E-02  1.00000000E+00  4.01077372E+00  3.89790470E+00  6.17173518E-01  1.19234755E+01  1.66815801E+00  8.39071428E-01
 -6.18830648E-03  1.00000000E+00  1.88382133E+00  6.96394117E+00  4.51521263E-01  7.72316488E+00  7.02940576E+00  5.67621098E-02
  0.00000000E+00  1.00000000E+00 -2.43131066E-01  1.90174190E+01  3.59521215E+00  1.18044586E+01  3.12430314E+01 -1.59042868E+00
