# model=oldroyd  theta_MLE: lambda=5.13816, beta=0.08, eta_0=0.845919
# delta(x) = y_clean(x) - y_model(x; theta_MLE)   (x from curve4_x.txt)
# columns: x  delta
5.000000000000000000e+00 -5.275741304658243536e-03
4.950333040000000295e+00 -5.274888073457884019e-03
4.900666089999999642e+00 -5.273063765022012461e-03
4.850999129999999937e+00 -5.271025164278464459e-03
4.801332180000000172e+00 -5.269143279023946747e-03
4.751665219999999579e+00 -5.267532503626215501e-03
4.701998269999999813e+00 -5.266238249527432913e-03
4.652331310000000109e+00 -5.265252916571094843e-03
4.602664360000000343e+00 -5.264512429999257392e-03
4.552997399999999750e+00 -5.263971984157400641e-03
4.503330449999999985e+00 -5.263536641761490387e-03
4.453663490000000280e+00 -5.263087755934980905e-03
4.403996539999999627e+00 -5.262550446853309083e-03
4.354329579999999922e+00 -5.261804967633398888e-03
4.304662630000000156e+00 -5.260746274366345787e-03
4.254995669999999564e+00 -5.259240290900857318e-03
4.205328709999999859e+00 -5.257190541239964432e-03
4.155661760000000093e+00 -5.254443883107917657e-03
4.105994800000000389e+00 -5.250866638424112054e-03
4.056327849999999735e+00 -5.246317308968517779e-03
4.006660890000000030e+00 -5.240618880598901796e-03
3.956993939999999821e+00 -5.233597239480136665e-03
3.907326980000000116e+00 -5.225068223603912543e-03
3.857660029999999907e+00 -5.214875746336389284e-03
3.807993070000000202e+00 -5.202707800435302232e-03
3.758326119999999992e+00 -5.188379722931735216e-03
3.708659159999999844e+00 -5.171569795165087413e-03
3.658992210000000078e+00 -5.152043866162303587e-03
3.609325249999999929e+00 -5.129522920217954862e-03
3.559658300000000164e+00 -5.103630461003483276e-03
3.509991340000000015e+00 -5.074168378450538697e-03
3.460324389999999806e+00 -5.040523695775345203e-03
3.410657430000000101e+00 -5.002320946878358043e-03
3.360990469999999952e+00 -4.959163812599198806e-03
3.311323520000000187e+00 -4.910619780115643707e-03
3.261656560000000038e+00 -4.856034909388462495e-03
3.211989609999999828e+00 -4.795027860861056368e-03
3.162322650000000124e+00 -4.726465195577400635e-03
3.112655699999999914e+00 -4.650130412423347792e-03
3.062988740000000210e+00 -4.565501742578303990e-03
3.013321790000000000e+00 -4.471658250368992782e-03
2.963654829999999851e+00 -4.368556264251699517e-03
2.913987880000000086e+00 -4.254425830274133347e-03
2.864320919999999937e+00 -4.128830106070902062e-03
2.814653970000000172e+00 -3.991319819576677475e-03
2.764987010000000023e+00 -3.840951116946600408e-03
2.715320059999999813e+00 -3.676223728744654196e-03
2.665653100000000109e+00 -3.496851012154023053e-03
2.615986139999999960e+00 -3.299989898054578319e-03
2.566319190000000194e+00 -3.086411966606750212e-03
2.516652230000000046e+00 -2.855988570060530307e-03
2.466985279999999836e+00 -2.607872678879852302e-03
2.417318320000000131e+00 -2.342782874310556096e-03
2.367651369999999922e+00 -2.057282087536194126e-03
2.317984410000000217e+00 -1.748855375692803804e-03
2.268317460000000008e+00 -1.419145368351415470e-03
2.218650499999999859e+00 -1.069837287811070681e-03
2.168983550000000093e+00 -6.994205892925098311e-04
2.119316589999999945e+00 -3.050107454529715767e-04
2.069649640000000179e+00 1.115843212773359738e-04
2.019982680000000030e+00 5.489429922445054899e-04
1.970315730000000043e+00 1.007282964764266708e-03
1.920648769999999894e+00 1.480382975796334932e-03
1.870981809999999967e+00 1.984169053232953672e-03
1.821314859999999980e+00 2.504084152871399738e-03
1.771647900000000053e+00 3.036142970100019767e-03
1.721980950000000066e+00 3.588197875386223146e-03
1.672313989999999917e+00 4.154639508930912939e-03
1.622647039999999929e+00 4.732687466393770137e-03
1.572980080000000003e+00 5.326272208259652530e-03
1.523313130000000015e+00 5.912579993205380191e-03
1.473646170000000089e+00 6.495771251184390138e-03
1.423979220000000101e+00 7.087052306717911421e-03
1.374312259999999952e+00 7.649935818893727202e-03
1.324645309999999965e+00 8.233525766027538495e-03
1.274978350000000038e+00 8.789634919165623117e-03
1.225311400000000051e+00 9.292733579768119867e-03
1.175644439999999902e+00 9.799590507330702138e-03
1.125977479999999975e+00 1.028745725310109549e-02
1.076310529999999988e+00 1.074585237649450242e-02
1.026643570000000061e+00 1.109085518949792792e-02
9.769766189999999906e-01 1.143893010009433553e-02
9.273096640000000335e-01 1.167994378764669605e-02
8.776427079999999936e-01 1.185452682745724573e-02
8.279757530000000365e-01 1.199660949630287909e-02
7.786002389999999718e-01 1.199872327432771613e-02
7.317317880000000496e-01 1.198461678064721703e-02
6.876846269999999928e-01 1.179629720656394376e-02
6.462889219999999879e-01 1.161799132961371939e-02
6.073850619999999756e-01 1.137669403420438208e-02
5.708230460000000006e-01 1.106808745953369311e-02
5.364619149999999559e-01 1.068152876088124259e-02
5.041691750000000249e-01 1.023212582721333419e-02
4.738203240000000149e-01 9.823308525054752494e-03
4.452983460000000115e-01 9.407787873479733776e-03
4.184932690000000011e-01 8.992413279808264548e-03
3.933017460000000076e-01 8.493858792630870624e-03
3.696266380000000074e-01 8.011904440509365344e-03
3.473766770000000226e-01 7.576150995482588968e-03
3.264660690000000254e-01 7.127265680554994987e-03
3.068141939999999845e-01 6.699335184632282392e-03
2.883452770000000109e-01 6.275474302354977496e-03
2.709881089999999770e-01 5.832524518793125168e-03
2.546757709999999952e-01 5.439864182952502958e-03
2.393453670000000033e-01 5.098918212704806052e-03
2.249377889999999991e-01 4.670935816171617461e-03
2.113974849999999961e-01 4.344146215882638273e-03
1.986678209999999944e-01 4.046922211907721945e-03
1.862510820000000122e-01 3.721793908903370252e-03
1.738343440000000018e-01 3.401715974583829905e-03
1.614176049999999918e-01 3.077144905136552921e-03
1.490008660000000096e-01 2.789057244998005558e-03
1.365841269999999996e-01 2.547550582030044808e-03
1.241673880000000035e-01 2.203519084036598130e-03
1.117506489999999936e-01 1.879801362972610690e-03
9.933391060000000550e-02 1.616279976471179936e-03
8.691717179999999821e-02 1.386975028233816687e-03
7.450043300000000479e-02 1.050704619276476848e-03
6.208369419999999750e-02 7.943429718944017282e-04
4.966695530000000275e-02 6.209136096240186475e-04
3.725021650000000240e-02 3.801045084941279129e-04
2.483347769999999857e-02 1.557490958916663004e-04
1.241673880000000035e-02 6.299286876565446391e-07
0.000000000000000000e+00 0.000000000000000000e+00
