# curve 5 (die wall), step =        1, time =   2.00000000E-01
# N1 = tau_xx - tau_yy = G ( c_xx - c_yy ),  G =  1.3000E-01  (polymer part only)
#              x               y        pressure            c_xy        gammadot            c_xx            c_yy              N1
 -3.00000000E+00  1.00000000E+00  2.96183152E-01  0.00000000E+00  3.99995524E-01  1.00000000E+00  1.00000000E+00  0.00000000E+00
 -2.95108291E+00  1.00000000E+00  2.91673849E-01  0.00000000E+00  3.99997021E-01  1.00000000E+00  1.00000000E+00  0.00000000E+00
 -2.90216582E+00  1.00000000E+00  2.87164547E-01  0.00000000E+00  3.99998822E-01  1.00000000E+00  1.00000000E+00  0.00000000E+00
 -2.85324873E+00  1.00000000E+00  2.82652425E-01  0.00000000E+00  3.99999634E-01  1.00000000E+00  1.00000000E+00  0.00000000E+00
 -2.80433164E+00  1.00000000E+00  2.78140304E-01  0.00000000E+00  3.99999784E-01  1.00000000E+00  1.00000000E+00  0.00000000E+00
 -2.75541455E+00  1.00000000E+00  2.73629359E-01  0.00000000E+00  3.99999780E-01  1.00000000E+00  1.00000000E+00  0.00000000E+00
 -2.70649746E+00  1.00000000E+00  2.69118415E-01  0.00000000E+00  3.99999833E-01  1.00000000E+00  1.00000000E+00  0.00000000E+00
 -2.65758037E+00  1.00000000E+00  2.64607035E-01  0.00000000E+00  3.99999796E-01  1.00000000E+00  1.00000000E+00  0.00000000E+00
 -2.60866328E+00  1.00000000E+00  2.60095655E-01  0.00000000E+00  3.99999680E-01  1.00000000E+00  1.00000000E+00  0.00000000E+00
 -2.55974619E+00  1.00000000E+00  2.55584425E-01  0.00000000E+00  3.99999419E-01  1.00000000E+00  1.00000000E+00  0.00000000E+00
 -2.51082911E+00  1.00000000E+00  2.51073195E-01  0.00000000E+00  3.99999115E-01  1.00000000E+00  1.00000000E+00  0.00000000E+00
 -2.46191202E+00  1.00000000E+00  2.46561914E-01  0.00000000E+00  3.99998719E-01  1.00000000E+00  1.00000000E+00  0.00000000E+00
 -2.41299493E+00  1.00000000E+00  2.42050633E-01  0.00000000E+00  3.99998288E-01  1.00000000E+00  1.00000000E+00  0.00000000E+00
 -2.36407784E+00  1.00000000E+00  2.37539397E-01  0.00000000E+00  3.99997666E-01  1.00000000E+00  1.00000000E+00  0.00000000E+00
 -2.31516075E+00  1.00000000E+00  2.33028161E-01  0.00000000E+00  3.99996954E-01  1.00000000E+00  1.00000000E+00  0.00000000E+00
 -2.26624366E+00  1.00000000E+00  2.28516951E-01  0.00000000E+00  3.99995971E-01  1.00000000E+00  1.00000000E+00  0.00000000E+00
 -2.21732657E+00  1.00000000E+00  2.24005740E-01  0.00000000E+00  3.99994826E-01  1.00000000E+00  1.00000000E+00  0.00000000E+00
 -2.16840948E+00  1.00000000E+00  2.19494467E-01  0.00000000E+00  3.99993291E-01  1.00000000E+00  1.00000000E+00  0.00000000E+00
 -2.11949239E+00  1.00000000E+00  2.14983194E-01  0.00000000E+00  3.99991546E-01  1.00000000E+00  1.00000000E+00  0.00000000E+00
 -2.07057530E+00  1.00000000E+00  2.10472171E-01  0.00000000E+00  3.99989011E-01  1.00000000E+00  1.00000000E+00  0.00000000E+00
 -2.02165821E+00  1.00000000E+00  2.05961147E-01  0.00000000E+00  3.99986257E-01  1.00000000E+00  1.00000000E+00  0.00000000E+00
 -1.97274112E+00  1.00000000E+00  2.01449970E-01  0.00000000E+00  3.99983117E-01  1.00000000E+00  1.00000000E+00  0.00000000E+00
 -1.92382403E+00  1.00000000E+00  1.96938794E-01  0.00000000E+00  3.99979337E-01  1.00000000E+00  1.00000000E+00  0.00000000E+00
 -1.87490694E+00  1.00000000E+00  1.92427997E-01  0.00000000E+00  3.99974210E-01  1.00000000E+00  1.00000000E+00  0.00000000E+00
 -1.82598985E+00  1.00000000E+00  1.87917200E-01  0.00000000E+00  3.99968400E-01  1.00000000E+00  1.00000000E+00  0.00000000E+00
 -1.77707276E+00  1.00000000E+00  1.83406701E-01  0.00000000E+00  3.99960985E-01  1.00000000E+00  1.00000000E+00  0.00000000E+00
 -1.72815567E+00  1.00000000E+00  1.78896203E-01  0.00000000E+00  3.99952242E-01  1.00000000E+00  1.00000000E+00  0.00000000E+00
 -1.67923858E+00  1.00000000E+00  1.74386676E-01  0.00000000E+00  3.99940799E-01  1.00000000E+00  1.00000000E+00  0.00000000E+00
 -1.63032150E+00  1.00000000E+00  1.69877149E-01  0.00000000E+00  3.99928886E-01  1.00000000E+00  1.00000000E+00  0.00000000E+00
 -1.58140441E+00  1.00000000E+00  1.65367203E-01  0.00000000E+00  3.99915106E-01  1.00000000E+00  1.00000000E+00  0.00000000E+00
 -1.53248732E+00  1.00000000E+00  1.60857258E-01  0.00000000E+00  3.99900983E-01  1.00000000E+00  1.00000000E+00  0.00000000E+00
 -1.48357023E+00  1.00000000E+00  1.56349579E-01  0.00000000E+00  3.99884089E-01  1.00000000E+00  1.00000000E+00  0.00000000E+00
 -1.43465314E+00  1.00000000E+00  1.51841900E-01  0.00000000E+00  3.99864154E-01  1.00000000E+00  1.00000000E+00  0.00000000E+00
 -1.38573605E+00  1.00000000E+00  1.47338862E-01  0.00000000E+00  3.99838716E-01  1.00000000E+00  1.00000000E+00  0.00000000E+00
 -1.33681896E+00  1.00000000E+00  1.42835824E-01  0.00000000E+00  3.99816066E-01  1.00000000E+00  1.00000000E+00  0.00000000E+00
 -1.28790187E+00  1.00000000E+00  1.38331777E-01  0.00000000E+00  3.99794071E-01  1.00000000E+00  1.00000000E+00  0.00000000E+00
 -1.23898478E+00  1.00000000E+00  1.33827730E-01  0.00000000E+00  3.99770566E-01  1.00000000E+00  1.00000000E+00  0.00000000E+00
 -1.19006769E+00  1.00000000E+00  1.29331598E-01  0.00000000E+00  3.99748647E-01  1.00000000E+00  1.00000000E+00  0.00000000E+00
 -1.14115060E+00  1.00000000E+00  1.24835467E-01  0.00000000E+00  3.99730221E-01  1.00000000E+00  1.00000000E+00  0.00000000E+00
 -1.09223351E+00  1.00000000E+00  1.20352029E-01  0.00000000E+00  3.99734890E-01  1.00000000E+00  1.00000000E+00  0.00000000E+00
 -1.04331642E+00  1.00000000E+00  1.15868591E-01  0.00000000E+00  3.99744347E-01  1.00000000E+00  1.00000000E+00  0.00000000E+00
 -9.94399333E-01  1.00000000E+00  1.11390924E-01  0.00000000E+00  3.99779203E-01  1.00000000E+00  1.00000000E+00  0.00000000E+00
 -9.45482243E-01  1.00000000E+00  1.06913258E-01  0.00000000E+00  3.99828092E-01  1.00000000E+00  1.00000000E+00  0.00000000E+00
 -8.96565154E-01  1.00000000E+00  1.02451041E-01  0.00000000E+00  3.99945394E-01  1.00000000E+00  1.00000000E+00  0.00000000E+00
 -8.47648064E-01  1.00000000E+00  9.79888230E-02  0.00000000E+00  4.00085251E-01  1.00000000E+00  1.00000000E+00  0.00000000E+00
 -7.99501858E-01  1.00000000E+00  9.36323383E-02  0.00000000E+00  4.00357457E-01  1.00000000E+00  1.00000000E+00  0.00000000E+00
 -7.51355652E-01  1.00000000E+00  8.92758535E-02  0.00000000E+00  4.00679731E-01  1.00000000E+00  1.00000000E+00  0.00000000E+00
 -7.08111109E-01  1.00000000E+00  8.53920515E-02  0.00000000E+00  4.01155625E-01  1.00000000E+00  1.00000000E+00  0.00000000E+00
 -6.64866566E-01  1.00000000E+00  8.15082494E-02  0.00000000E+00  4.01756880E-01  1.00000000E+00  1.00000000E+00  0.00000000E+00
 -6.26599939E-01  1.00000000E+00  7.80714137E-02  0.00000000E+00  4.02549459E-01  1.00000000E+00  1.00000000E+00  0.00000000E+00
 -5.88333313E-01  1.00000000E+00  7.46345779E-02  0.00000000E+00  4.03477480E-01  1.00000000E+00  1.00000000E+00  0.00000000E+00
 -5.54471587E-01  1.00000000E+00  7.17072693E-02  0.00000000E+00  4.04714850E-01  1.00000000E+00  1.00000000E+00  0.00000000E+00
 -5.20609860E-01  1.00000000E+00  6.87799606E-02  0.00000000E+00  4.06069272E-01  1.00000000E+00  1.00000000E+00  0.00000000E+00
 -4.90645977E-01  1.00000000E+00  6.60554950E-02  0.00000000E+00  4.07637924E-01  1.00000000E+00  1.00000000E+00  0.00000000E+00
 -4.60682095E-01  1.00000000E+00  6.33310295E-02  0.00000000E+00  4.09344652E-01  1.00000000E+00  1.00000000E+00  0.00000000E+00
 -4.34167380E-01  1.00000000E+00  6.12354036E-02  0.00000000E+00  4.11531018E-01  1.00000000E+00  1.00000000E+00  0.00000000E+00
 -4.07652666E-01  1.00000000E+00  5.91397777E-02  0.00000000E+00  4.13930211E-01  1.00000000E+00  1.00000000E+00  0.00000000E+00
 -3.84190072E-01  1.00000000E+00  5.70569726E-02  0.00000000E+00  4.16448621E-01  1.00000000E+00  1.00000000E+00  0.00000000E+00
 -3.60727478E-01  1.00000000E+00  5.49741675E-02  0.00000000E+00  4.19142929E-01  1.00000000E+00  1.00000000E+00  0.00000000E+00
 -3.39965684E-01  1.00000000E+00  5.32622203E-02  0.00000000E+00  4.22392794E-01  1.00000000E+00  1.00000000E+00  0.00000000E+00
 -3.19203889E-01  1.00000000E+00  5.15502730E-02  0.00000000E+00  4.25792256E-01  1.00000000E+00  1.00000000E+00  0.00000000E+00
 -3.00831998E-01  1.00000000E+00  5.00524936E-02  0.00000000E+00  4.29552733E-01  1.00000000E+00  1.00000000E+00  0.00000000E+00
 -2.82460107E-01  1.00000000E+00  4.85547142E-02  0.00000000E+00  4.33756127E-01  1.00000000E+00  1.00000000E+00  0.00000000E+00
 -2.66203017E-01  1.00000000E+00  4.73410244E-02  0.00000000E+00  4.38437607E-01  1.00000000E+00  1.00000000E+00  0.00000000E+00
 -2.49945927E-01  1.00000000E+00  4.61273345E-02  0.00000000E+00  4.43276901E-01  1.00000000E+00  1.00000000E+00  0.00000000E+00
 -2.35560203E-01  1.00000000E+00  4.49903567E-02  0.00000000E+00  4.48308093E-01  1.00000000E+00  1.00000000E+00  0.00000000E+00
 -2.21174479E-01  1.00000000E+00  4.38533790E-02  0.00000000E+00  4.53803818E-01  1.00000000E+00  1.00000000E+00  0.00000000E+00
 -2.08421419E-01  1.00000000E+00  4.27766878E-02  0.00000000E+00  4.59860681E-01  1.00000000E+00  1.00000000E+00  0.00000000E+00
 -1.95668358E-01  1.00000000E+00  4.16999967E-02  0.00000000E+00  4.66328129E-01  1.00000000E+00  1.00000000E+00  0.00000000E+00
 -1.83439085E-01  1.00000000E+00  4.10254803E-02  0.00000000E+00  4.73707062E-01  1.00000000E+00  1.00000000E+00  0.00000000E+00
 -1.71209813E-01  1.00000000E+00  4.03509638E-02  0.00000000E+00  4.81359329E-01  1.00000000E+00  1.00000000E+00  0.00000000E+00
 -1.58980541E-01  1.00000000E+00  3.95866882E-02  0.00000000E+00  4.90693709E-01  1.00000000E+00  1.00000000E+00  0.00000000E+00
 -1.46751268E-01  1.00000000E+00  3.88224126E-02  0.00000000E+00  5.00841554E-01  1.00000000E+00  1.00000000E+00  0.00000000E+00
 -1.34521996E-01  1.00000000E+00  3.77785459E-02  0.00000000E+00  5.13389004E-01  1.00000000E+00  1.00000000E+00  0.00000000E+00
 -1.22292724E-01  1.00000000E+00  3.67346793E-02  0.00000000E+00  5.26155963E-01  1.00000000E+00  1.00000000E+00  0.00000000E+00
 -1.10063451E-01  1.00000000E+00  3.56926313E-02  0.00000000E+00  5.45241599E-01  1.00000000E+00  1.00000000E+00  0.00000000E+00
 -9.78341789E-02  1.00000000E+00  3.46505833E-02  0.00000000E+00  5.65813375E-01  1.00000000E+00  1.00000000E+00  0.00000000E+00
 -8.56049065E-02  1.00000000E+00  3.72747517E-02  0.00000000E+00  5.91388361E-01  1.00000000E+00  1.00000000E+00  0.00000000E+00
 -7.33756342E-02  1.00000000E+00  3.98989201E-02  0.00000000E+00  6.19315873E-01  1.00000000E+00  1.00000000E+00  0.00000000E+00
 -6.11463618E-02  1.00000000E+00  2.36422962E-02  0.00000000E+00  6.67519054E-01  1.00000000E+00  1.00000000E+00  0.00000000E+00
 -4.89170895E-02  1.00000000E+00  7.38567232E-03  0.00000000E+00  7.20710866E-01  1.00000000E+00  1.00000000E+00  0.00000000E+00
 -3.66878171E-02  1.00000000E+00  4.48396584E-02  0.00000000E+00  8.09395968E-01  1.00000000E+00  1.00000000E+00  0.00000000E+00
 -2.44585447E-02  1.00000000E+00  8.22936445E-02  0.00000000E+00  9.10146253E-01  1.00000000E+00  1.00000000E+00  0.00000000E+00
 -1.22292724E-02  1.00000000E+00  2.53501958E-02  0.00000000E+00  1.23060722E+00  1.00000000E+00  1.00000000E+00  0.00000000E+00
  0.00000000E+00  1.00000000E+00 -3.15932529E-02  0.00000000E+00  1.82666521E+00  1.00000000E+00  1.00000000E+00  0.00000000E+00
