# curve 5 (die wall), step =      800, time =   4.00000000E+01
# N1 = tau_xx - tau_yy = G ( c_xx - c_yy ),  G =  8.8889E-01  (polymer part only)
#              x               y        pressure            c_xy        gammadot            c_xx            c_yy              N1
 -3.00000000E+00  1.00000000E+00  1.53526673E+01 -2.01006135E+00  2.00048826E+00  9.04891946E+00  1.00162392E+00  7.15315159E+00
 -2.90036967E+00  1.00000000E+00  1.49375816E+01 -2.00851815E+00  1.99999365E+00  9.04601522E+00  1.00109255E+00  7.15104237E+00
 -2.80073934E+00  1.00000000E+00  1.45224959E+01 -2.00697564E+00  1.99960325E+00  9.04311232E+00  1.00056158E+00  7.14893399E+00
 -2.70110901E+00  1.00000000E+00  1.41277328E+01 -2.00819594E+00  2.00116168E+00  9.05925987E+00  1.00028130E+00  7.16353651E+00
 -2.60147867E+00  1.00000000E+00  1.37329697E+01 -2.00941696E+00  2.00681297E+00  9.07543809E+00  1.00000094E+00  7.17816635E+00
 -2.50184834E+00  1.00000000E+00  1.33265877E+01 -2.00995535E+00  2.00253332E+00  9.07030962E+00  1.00013363E+00  7.17348977E+00
 -2.40221801E+00  1.00000000E+00  1.29202057E+01 -2.01049270E+00  2.00232718E+00  9.06518531E+00  1.00026642E+00  7.16881680E+00
 -2.30258768E+00  1.00000000E+00  1.25252421E+01 -2.01113071E+00  2.00148332E+00  9.05402394E+00  1.00111443E+00  7.15814178E+00
 -2.20295735E+00  1.00000000E+00  1.21302784E+01 -2.01176716E+00  1.99851194E+00  9.04288002E+00  1.00196281E+00  7.14748196E+00
 -2.10332702E+00  1.00000000E+00  1.17350307E+01 -2.00933573E+00  1.99967843E+00  9.03793763E+00  1.00137975E+00  7.14360701E+00
 -2.00369668E+00  1.00000000E+00  1.13397830E+01 -2.00690576E+00  2.00070206E+00  9.03299894E+00  1.00079760E+00  7.13973452E+00
 -1.90406635E+00  1.00000000E+00  1.09375940E+01 -2.00639763E+00  1.99985287E+00  9.02882419E+00  1.00076802E+00  7.13604993E+00
 -1.80443602E+00  1.00000000E+00  1.05354050E+01 -2.00588965E+00  1.99914076E+00  9.02465143E+00  1.00073844E+00  7.13236710E+00
 -1.70480569E+00  1.00000000E+00  1.01345452E+01 -2.00282881E+00  1.99854224E+00  9.01331661E+00  1.00002983E+00  7.12292158E+00
 -1.60517536E+00  1.00000000E+00  9.73368533E+00 -1.99977199E+00  1.99813033E+00  9.00199628E+00  9.99322366E-01  7.11348793E+00
 -1.50554503E+00  1.00000000E+00  9.32644766E+00 -1.99998160E+00  1.99317856E+00  8.97199243E+00  1.00128269E+00  7.08507532E+00
 -1.40591469E+00  1.00000000E+00  8.91920999E+00 -2.00018672E+00  1.98378286E+00  8.94210549E+00  1.00324498E+00  7.05676489E+00
 -1.30628436E+00  1.00000000E+00  8.54863865E+00 -2.01549724E+00  1.97875287E+00  8.95745810E+00  1.01032815E+00  7.06411551E+00
 -1.20665403E+00  1.00000000E+00  8.17806731E+00 -2.03086961E+00  1.96694822E+00  8.97289972E+00  1.01746399E+00  7.07149842E+00
 -1.10702370E+00  1.00000000E+00  7.75763749E+00 -1.99358587E+00  1.94239776E+00  8.83789043E+00  1.00846396E+00  6.95949020E+00
 -1.00739337E+00  1.00000000E+00  7.33720767E+00 -1.95689271E+00  1.94000364E+00  8.70495040E+00  9.99634640E-01  6.84916956E+00
 -9.07763035E-01  1.00000000E+00  6.95357162E+00 -1.95099592E+00  1.92907837E+00  8.60827364E+00  1.00240815E+00  6.76076933E+00
 -8.08132704E-01  1.00000000E+00  6.56993558E+00 -1.94511244E+00  1.91690212E+00  8.51275562E+00  1.00518169E+00  6.67339906E+00
 -7.22034729E-01  1.00000000E+00  6.26037312E+00 -1.92445749E+00  1.90447461E+00  8.39246306E+00  1.00292505E+00  6.56847824E+00
 -6.35936755E-01  1.00000000E+00  5.95081066E+00 -1.90404893E+00  1.89320676E+00  8.27387601E+00  1.00070398E+00  6.46504180E+00
 -5.73827795E-01  1.00000000E+00  5.74853649E+00 -1.89513544E+00  1.88366264E+00  8.19265298E+00  1.00101948E+00  6.39256311E+00
 -5.11718835E-01  1.00000000E+00  5.54626233E+00 -1.88627300E+00  1.87870987E+00  8.11225701E+00  1.00133578E+00  6.32081888E+00
 -4.66929126E-01  1.00000000E+00  5.41517134E+00 -1.88006636E+00  1.88309236E+00  8.10573916E+00  9.98212030E-01  6.31780189E+00
 -4.22139416E-01  1.00000000E+00  5.28408035E+00 -1.87387161E+00  1.88753955E+00  8.09923668E+00  9.95098327E-01  6.31478965E+00
 -3.89839447E-01  1.00000000E+00  5.21132338E+00 -1.88227111E+00  1.89533766E+00  8.13536764E+00  9.96598899E-01  6.34557222E+00
 -3.57539479E-01  1.00000000E+00  5.13856640E+00 -1.89070667E+00  1.90128085E+00  8.17165989E+00  9.98107876E-01  6.37649068E+00
 -3.34246444E-01  1.00000000E+00  5.10526706E+00 -1.90271947E+00  1.90808774E+00  8.24133209E+00  9.99370133E-01  6.43729952E+00
 -3.10953409E-01  1.00000000E+00  5.07196771E+00 -1.91481847E+00  1.91584051E+00  8.31160042E+00  1.00064493E+00  6.49862711E+00
 -2.94155704E-01  1.00000000E+00  5.05019584E+00 -1.92557555E+00  1.92826842E+00  8.40213852E+00  1.00024040E+00  6.57946499E+00
 -2.77357998E-01  1.00000000E+00  5.02842398E+00 -1.93641008E+00  1.93978843E+00  8.49369205E+00  9.99840839E-01  6.66120108E+00
 -2.65244381E-01  1.00000000E+00  5.02193896E+00 -1.94602336E+00  1.94956359E+00  8.57725285E+00  9.99307627E-01  6.73595131E+00
 -2.53130763E-01  1.00000000E+00  5.01545394E+00 -1.95569840E+00  1.96122806E+00  8.66166118E+00  9.98778426E-01  6.81145134E+00
 -2.44395061E-01  1.00000000E+00  5.01251503E+00 -1.96598032E+00  1.97202916E+00  8.74213775E+00  9.98751131E-01  6.88301032E+00
 -2.35659359E-01  1.00000000E+00  5.00957612E+00 -1.97633023E+00  1.98274946E+00  8.82337821E+00  9.98729520E-01  6.95524328E+00
 -2.29359633E-01  1.00000000E+00  5.01318620E+00 -1.98711535E+00  1.99147718E+00  8.89983366E+00  9.99414012E-01  7.02259524E+00
 -2.23059906E-01  1.00000000E+00  5.01679628E+00 -1.99797077E+00  1.99966023E+00  8.97696107E+00  1.00010499E+00  7.09053874E+00
 -2.18516876E-01  1.00000000E+00  5.02046936E+00 -2.00479157E+00  2.00545765E+00  9.03507215E+00  1.00001484E+00  7.14227316E+00
 -2.13973846E-01  1.00000000E+00  5.02414245E+00 -2.01164141E+00  2.01216620E+00  9.09356979E+00  9.99926274E-01  7.19434979E+00
 -2.10697652E-01  1.00000000E+00  5.02651820E+00 -2.01668129E+00  2.01739649E+00  9.13764123E+00  9.99757496E-01  7.23367443E+00
 -2.07421459E-01  1.00000000E+00  5.02889395E+00 -2.02173712E+00  2.02296467E+00  9.18193241E+00  9.99589638E-01  7.27319357E+00
 -2.05058841E-01  1.00000000E+00  5.03132703E+00 -2.02664747E+00  2.02774514E+00  9.21855829E+00  9.99783795E-01  7.30557733E+00
 -2.02696223E-01  1.00000000E+00  5.03376011E+00 -2.03157229E+00  2.03223132E+00  9.25533267E+00  9.99979218E-01  7.33809195E+00
 -2.00978443E-01  1.00000000E+00  5.03697744E+00 -2.03471526E+00  2.03501726E+00  9.28026048E+00  1.00002996E+00  7.36020490E+00
 -1.99260663E-01  1.00000000E+00  5.04019478E+00 -2.03786422E+00  2.03773089E+00  9.30525682E+00  1.00008116E+00  7.38237836E+00
 -1.97703939E-01  1.00000000E+00  5.04220456E+00 -2.04079101E+00  2.04093363E+00  9.33076762E+00  1.00000965E+00  7.40511820E+00
 -1.96147215E-01  1.00000000E+00  5.04421434E+00 -2.04372307E+00  2.04403139E+00  9.35635030E+00  9.99938432E-01  7.42792166E+00
 -1.94590491E-01  1.00000000E+00  5.04665241E+00 -2.04676377E+00  2.04709799E+00  9.38185595E+00  9.99897274E-01  7.45062993E+00
 -1.93033768E-01  1.00000000E+00  5.04909048E+00 -2.04981015E+00  2.05027066E+00  9.40743281E+00  9.99856510E-01  7.47340116E+00
 -1.91477044E-01  1.00000000E+00  5.05175502E+00 -2.05323458E+00  2.05367353E+00  9.43504261E+00  9.99887908E-01  7.49791529E+00
 -1.89920320E-01  1.00000000E+00  5.05441955E+00 -2.05666609E+00  2.05699853E+00  9.46273515E+00  9.99919829E-01  7.52250251E+00
 -1.88363596E-01  1.00000000E+00  5.05749376E+00 -2.06014271E+00  2.06035858E+00  9.49100687E+00  9.99945109E-01  7.54761045E+00
 -1.86806872E-01  1.00000000E+00  5.06056798E+00 -2.06362661E+00  2.06378975E+00  9.51936488E+00  9.99970914E-01  7.57279464E+00
 -1.85250148E-01  1.00000000E+00  5.06401406E+00 -2.06723426E+00  2.06717866E+00  9.54855776E+00  1.00001364E+00  7.59870588E+00
 -1.83693424E-01  1.00000000E+00  5.06746014E+00 -2.07084969E+00  2.07061778E+00  9.57784204E+00  1.00005693E+00  7.62469788E+00
 -1.82136700E-01  1.00000000E+00  5.07084896E+00 -2.07430416E+00  2.07424051E+00  9.60789844E+00  9.99974020E-01  7.65148837E+00
 -1.80579976E-01  1.00000000E+00  5.07423778E+00 -2.07776588E+00  2.07795012E+00  9.63805163E+00  9.99891568E-01  7.67836450E+00
 -1.79023252E-01  1.00000000E+00  5.07799781E+00 -2.08154600E+00  2.08180091E+00  9.66958982E+00  9.99883330E-01  7.70640577E+00
 -1.77466528E-01  1.00000000E+00  5.08175783E+00 -2.08533467E+00  2.08566770E+00  9.70123356E+00  9.99875683E-01  7.73454034E+00
 -1.75909804E-01  1.00000000E+00  5.08571809E+00 -2.08946364E+00  2.08991538E+00  9.73492679E+00  9.99910109E-01  7.76445927E+00
 -1.74353080E-01  1.00000000E+00  5.08967835E+00 -2.09360270E+00  2.09401525E+00  9.76873948E+00  9.99945277E-01  7.79448373E+00
 -1.72796356E-01  1.00000000E+00  5.09413256E+00 -2.09774459E+00  2.09796507E+00  9.80290848E+00  9.99976880E-01  7.82482809E+00
 -1.71239633E-01  1.00000000E+00  5.09858676E+00 -2.10189659E+00  2.10197333E+00  9.83719957E+00  1.00000919E+00  7.85528033E+00
 -1.69682909E-01  1.00000000E+00  5.10316761E+00 -2.10612749E+00  2.10623747E+00  9.87267188E+00  1.00000047E+00  7.88681903E+00
 -1.68126185E-01  1.00000000E+00  5.10774846E+00 -2.11036897E+00  2.11061618E+00  9.90827496E+00  9.99992493E-01  7.91847330E+00
 -1.66569461E-01  1.00000000E+00  5.11308512E+00 -2.11464369E+00  2.11496534E+00  9.94570150E+00  9.99931721E-01  7.95179536E+00
 -1.65012737E-01  1.00000000E+00  5.11842177E+00 -2.11892918E+00  2.11931555E+00  9.98327301E+00  9.99871578E-01  7.98524572E+00
 -1.63456013E-01  1.00000000E+00  5.12300328E+00 -2.12342425E+00  2.12425660E+00  1.00238393E+01  9.99746709E-01  8.02141567E+00
 -1.61899289E-01  1.00000000E+00  5.12758478E+00 -2.12793124E+00  2.12916163E+00  1.00645750E+01  9.99622488E-01  8.05773558E+00
 -1.60342565E-01  1.00000000E+00  5.13273788E+00 -2.13279807E+00  2.13443129E+00  1.01037413E+01  9.99672961E-01  8.09250523E+00
 -1.58785841E-01  1.00000000E+00  5.13789098E+00 -2.13767863E+00  2.13949190E+00  1.01430629E+01  9.99724589E-01  8.12741180E+00
 -1.57229117E-01  1.00000000E+00  5.14504826E+00 -2.14325573E+00  2.14455700E+00  1.01878931E+01  9.99932236E-01  8.16707633E+00
 -1.55672393E-01  1.00000000E+00  5.15220554E+00 -2.14885035E+00  2.14948659E+00  1.02329252E+01  1.00014110E+00  8.20691917E+00
 -1.54115669E-01  1.00000000E+00  5.15892499E+00 -2.15360912E+00  2.15419350E+00  1.02770290E+01  9.99990372E-01  8.24625657E+00
 -1.52558945E-01  1.00000000E+00  5.16564444E+00 -2.15838099E+00  2.15907355E+00  1.03213284E+01  9.99840270E-01  8.28576720E+00
 -1.51002221E-01  1.00000000E+00  5.17176741E+00 -2.16364213E+00  2.16472548E+00  1.03700533E+01  9.99689629E-01  8.32921214E+00
 -1.49445497E-01  1.00000000E+00  5.17789037E+00 -2.16891918E+00  2.17057506E+00  1.04190147E+01  9.99539750E-01  8.37286660E+00
 -1.47888774E-01  1.00000000E+00  5.18482588E+00 -2.17545947E+00  2.17701906E+00  1.04712339E+01  9.99742352E-01  8.41910362E+00
 -1.46332050E-01  1.00000000E+00  5.19176139E+00 -2.18202363E+00  2.18303637E+00  1.05237193E+01  9.99946854E-01  8.46557547E+00
 -1.44775326E-01  1.00000000E+00  5.19889236E+00 -2.18779211E+00  2.18872971E+00  1.05727971E+01  9.99970639E-01  8.50917911E+00
 -1.43218602E-01  1.00000000E+00  5.20602334E+00 -2.19357935E+00  2.19483665E+00  1.06221087E+01  9.99995729E-01  8.55298927E+00
 -1.41661878E-01  1.00000000E+00  5.21606626E+00 -2.19962266E+00  2.20055945E+00  1.06753333E+01  1.00002120E+00  8.60027738E+00
 -1.40105154E-01  1.00000000E+00  5.22610919E+00 -2.20568626E+00  2.20612901E+00  1.07288308E+01  1.00004778E+00  8.64780709E+00
 -1.38548430E-01  1.00000000E+00  5.23323033E+00 -2.21178905E+00  2.21262803E+00  1.07880368E+01  9.99849973E-01  8.70061050E+00
 -1.36991706E-01  1.00000000E+00  5.24035147E+00 -2.21791242E+00  2.21939178E+00  1.08475794E+01  9.99652847E-01  8.75371248E+00
 -1.35434982E-01  1.00000000E+00  5.24993628E+00 -2.22534789E+00  2.22627700E+00  1.09101927E+01  9.99804689E-01  8.80923377E+00
 -1.33878258E-01  1.00000000E+00  5.25952109E+00 -2.23281358E+00  2.23313474E+00  1.09731743E+01  9.99958600E-01  8.86508060E+00
 -1.32321534E-01  1.00000000E+00  5.26881406E+00 -2.23960718E+00  2.24033594E+00  1.10363889E+01  9.99836838E-01  8.92137960E+00
 -1.30764810E-01  1.00000000E+00  5.27810704E+00 -2.24642614E+00  2.24752691E+00  1.10999771E+01  9.99716318E-01  8.97800956E+00
 -1.29208086E-01  1.00000000E+00  5.28776882E+00 -2.25391877E+00  2.25563278E+00  1.11682017E+01  9.99652168E-01  9.03871070E+00
 -1.27651362E-01  1.00000000E+00  5.29743061E+00 -2.26144203E+00  2.26378923E+00  1.12368556E+01  9.99589705E-01  9.09979192E+00
 -1.26094638E-01  1.00000000E+00  5.30967309E+00 -2.26955655E+00  2.27124798E+00  1.13081293E+01  9.99725146E-01  9.16302592E+00
 -1.24537915E-01  1.00000000E+00  5.32191558E+00 -2.27770619E+00  2.27882597E+00  1.13798645E+01  9.99862594E-01  9.22666838E+00
 -1.22981191E-01  1.00000000E+00  5.33228849E+00 -2.28629555E+00  2.28718884E+00  1.14571747E+01  9.99930198E-01  9.29532847E+00
 -1.21424467E-01  1.00000000E+00  5.34266140E+00 -2.29492408E+00  2.29534215E+00  1.15350218E+01  9.99999895E-01  9.36446389E+00
 -1.19867743E-01  1.00000000E+00  5.35524110E+00 -2.30360090E+00  2.30353027E+00  1.16117208E+01  1.00011753E+00  9.43253626E+00
 -1.18311019E-01  1.00000000E+00  5.36782081E+00 -2.31231738E+00  2.31215156E+00  1.16889402E+01  1.00023755E+00  9.50106902E+00
 -1.16754295E-01  1.00000000E+00  5.38218450E+00 -2.32067427E+00  2.32101169E+00  1.17724917E+01  9.99988375E-01  9.57555850E+00
 -1.15197571E-01  1.00000000E+00  5.39654820E+00 -2.32906764E+00  2.32973486E+00  1.18566575E+01  9.99740382E-01  9.65059301E+00
 -1.13640847E-01  1.00000000E+00  5.40663381E+00 -2.33789597E+00  2.34037132E+00  1.19476911E+01  9.99339756E-01  9.73186784E+00
 -1.12084123E-01  1.00000000E+00  5.41671943E+00 -2.34676490E+00  2.35108171E+00  1.20394446E+01  9.98940417E-01  9.81378147E+00
 -1.10527399E-01  1.00000000E+00  5.43126489E+00 -2.35846995E+00  2.36304087E+00  1.21421384E+01  9.99175254E-01  9.90485613E+00
 -1.08970675E-01  1.00000000E+00  5.44581034E+00 -2.37024528E+00  2.37426912E+00  1.22457239E+01  9.99414734E-01  9.99671928E+00
 -1.07413951E-01  1.00000000E+00  5.46179546E+00 -2.38206639E+00  2.38424989E+00  1.23385101E+01  1.00018528E+00  1.00785110E+01
 -1.05857227E-01  1.00000000E+00  5.47778058E+00 -2.39395621E+00  2.39454679E+00  1.24320068E+01  1.00096183E+00  1.01609289E+01
 -1.04300503E-01  1.00000000E+00  5.49735517E+00 -2.40376843E+00  2.40371646E+00  1.25371855E+01  1.00059643E+00  1.02547458E+01
 -1.02743780E-01  1.00000000E+00  5.51692976E+00 -2.41362772E+00  2.41329326E+00  1.26432819E+01  1.00023158E+00  1.03493780E+01
 -1.01187056E-01  1.00000000E+00  5.52948664E+00 -2.42379150E+00  2.42613547E+00  1.27612412E+01  9.99465733E-01  1.04549115E+01
 -9.96303316E-02  1.00000000E+00  5.54204352E+00 -2.43400475E+00  2.43960421E+00  1.28803407E+01  9.98699932E-01  1.05614584E+01
 -9.80736077E-02  1.00000000E+00  5.55927589E+00 -2.44838172E+00  2.45451343E+00  1.30038874E+01  9.99190528E-01  1.06708417E+01
 -9.65168838E-02  1.00000000E+00  5.57650826E+00 -2.46285975E+00  2.46835299E+00  1.31286361E+01  9.99688732E-01  1.07812866E+01
 -9.49601598E-02  1.00000000E+00  5.59783707E+00 -2.47534097E+00  2.48003595E+00  1.32582502E+01  9.99508081E-01  1.08966597E+01
 -9.34034359E-02  1.00000000E+00  5.61916588E+00 -2.48789650E+00  2.49230699E+00  1.33891780E+01  9.99329217E-01  1.10131989E+01
 -9.18467120E-02  1.00000000E+00  5.63417769E+00 -2.50202184E+00  2.50830913E+00  1.35286208E+01  9.99304537E-01  1.11371700E+01
 -9.02899881E-02  1.00000000E+00  5.64918951E+00 -2.51624294E+00  2.52405015E+00  1.36695478E+01  9.99284079E-01  1.12624567E+01
 -8.87332641E-02  1.00000000E+00  5.67692187E+00 -2.53087252E+00  2.53649643E+00  1.38145403E+01  9.99489570E-01  1.13911562E+01
 -8.71765402E-02  1.00000000E+00  5.70465423E+00 -2.54560150E+00  2.54941079E+00  1.39611045E+01  9.99698528E-01  1.15212497E+01
 -8.56198163E-02  1.00000000E+00  5.72325511E+00 -2.55978342E+00  2.56543700E+00  1.41218285E+01  9.99113596E-01  1.16646355E+01
 -8.40630923E-02  1.00000000E+00  5.74185599E+00 -2.57405673E+00  2.58221484E+00  1.42844581E+01  9.98529660E-01  1.18097142E+01
 -8.25063684E-02  1.00000000E+00  5.76688710E+00 -2.59469058E+00  2.60117956E+00  1.44733796E+01  9.99424012E-01  1.19768494E+01
 -8.09496445E-02  1.00000000E+00  5.79191820E+00 -2.61551723E+00  2.61847409E+00  1.46648374E+01  1.00032962E+00  1.21462292E+01
 -7.93929205E-02  1.00000000E+00  5.81298403E+00 -2.63109557E+00  2.63590208E+00  1.48521941E+01  9.99484635E-01  1.23135195E+01
 -7.78361966E-02  1.00000000E+00  5.83404985E+00 -2.64677850E+00  2.65429276E+00  1.50420206E+01  9.98639465E-01  1.24830055E+01
 -7.62794727E-02  1.00000000E+00  5.85547761E+00 -2.66151682E+00  2.67619016E+00  1.52102864E+01  9.97760734E-01  1.26333562E+01
 -7.47227487E-02  1.00000000E+00  5.87690538E+00 -2.67635491E+00  2.69716686E+00  1.53804840E+01  9.96886374E-01  1.27854202E+01
 -7.31660248E-02  1.00000000E+00  5.90943000E+00 -2.70472667E+00  2.72085621E+00  1.56425368E+01  9.98748410E-01  1.30167008E+01
 -7.16093009E-02  1.00000000E+00  5.94195463E+00 -2.73344029E+00  2.73985607E+00  1.59091151E+01  1.00062900E+00  1.32519877E+01
 -7.00525769E-02  1.00000000E+00  5.96715798E+00 -2.75281768E+00  2.75891511E+00  1.61454167E+01  9.99835700E-01  1.34627387E+01
 -6.84958530E-02  1.00000000E+00  5.99236133E+00 -2.77234822E+00  2.78092553E+00  1.63853310E+01  9.99042123E-01  1.36767012E+01
 -6.69391291E-02  1.00000000E+00  6.02308381E+00 -2.79614424E+00  2.80205181E+00  1.66358828E+01  9.99569381E-01  1.38989452E+01
 -6.53824051E-02  1.00000000E+00  6.05380630E+00 -2.82017413E+00  2.82249450E+00  1.68903386E+01  1.00010421E+00  1.41246528E+01
 -6.38256812E-02  1.00000000E+00  6.07634122E+00 -2.83605489E+00  2.85162839E+00  1.71265926E+01  9.97784977E-01  1.43367179E+01
 -6.22689573E-02  1.00000000E+00  6.09887615E+00 -2.85203140E+00  2.88159313E+00  1.73662769E+01  9.95466096E-01  1.45518319E+01
 -6.07122333E-02  1.00000000E+00  6.13140227E+00 -2.89009024E+00  2.91203684E+00  1.77146287E+01  9.98352589E-01  1.48589121E+01
 -5.91555094E-02  1.00000000E+00  6.16392840E+00 -2.92872094E+00  2.93885195E+00  1.80700337E+01  1.00127716E+00  1.51722281E+01
 -5.75987855E-02  1.00000000E+00  6.19409577E+00 -2.94934092E+00  2.96079511E+00  1.83789062E+01  9.99467014E-01  1.54483904E+01
 -5.60420615E-02  1.00000000E+00  6.22426315E+00 -2.97009461E+00  2.98624369E+00  1.86932522E+01  9.97647252E-01  1.57294266E+01
 -5.44853376E-02  1.00000000E+00  6.23504937E+00 -2.97802454E+00  3.02666536E+00  1.89866906E+01  9.91600741E-01  1.59956355E+01
 -5.29286137E-02  1.00000000E+00  6.24583560E+00 -2.98586506E+00  3.06507301E+00  1.92850859E+01  9.85553988E-01  1.62662506E+01
 -5.13718898E-02  1.00000000E+00  6.24086952E+00 -3.04834307E+00  3.11654098E+00  1.97887531E+01  9.91736713E-01  1.67084590E+01
 -4.98151658E-02  1.00000000E+00  6.23590344E+00 -3.11223635E+00  3.16142744E+00  2.03055959E+01  9.98068602E-01  1.71622465E+01
 -4.82584419E-02  1.00000000E+00  6.28862630E+00 -3.14968074E+00  3.17731080E+00  2.06549490E+01  1.00191958E+00  1.74693595E+01
 -4.67017180E-02  1.00000000E+00  6.34134916E+00 -3.18761621E+00  3.18093531E+00  2.10103556E+01  1.00580404E+00  1.77818236E+01
 -4.51449940E-02  1.00000000E+00  6.29538017E+00 -3.19688785E+00  3.21468869E+00  2.14000791E+01  9.99161795E-01  1.81341487E+01
 -4.35882701E-02  1.00000000E+00  6.24941118E+00 -3.20595799E+00  3.25196432E+00  2.17975856E+01  9.92503269E-01  1.84934065E+01
 -4.20315462E-02  1.00000000E+00  6.19456292E+00 -3.25511748E+00  3.28378944E+00  2.21957308E+01  9.98359531E-01  1.88421078E+01
 -4.04748222E-02  1.00000000E+00  6.13971466E+00 -3.30507417E+00  3.30277066E+00  2.26011541E+01  1.00430085E+00  1.91972029E+01
 -3.89180983E-02  1.00000000E+00  5.95949198E+00 -3.30426174E+00  3.31143346E+00  2.26810242E+01  1.00313587E+00  1.92692341E+01
 -3.73613744E-02  1.00000000E+00  5.77926931E+00 -3.30342010E+00  3.31603331E+00  2.27612134E+01  1.00196966E+00  1.93415500E+01
 -3.58046504E-02  1.00000000E+00  5.40204055E+00 -3.23466580E+00  3.19736790E+00  2.17682677E+01  1.00811841E+00  1.84534661E+01
 -3.42479265E-02  1.00000000E+00  5.02481180E+00 -3.16758855E+00  3.07195431E+00  2.08196709E+01  1.01434135E+00  1.76047373E+01
 -3.26912026E-02  1.00000000E+00  4.40020919E+00 -3.18010100E+00  2.81382746E+00  1.84113094E+01  1.09769592E+00  1.53898787E+01
 -3.11344786E-02  1.00000000E+00  3.77560658E+00 -3.17947299E+00  2.44271845E+00  1.63140957E+01  1.18341641E+00  1.34494927E+01
 -2.95777547E-02  1.00000000E+00  3.78449977E+00 -1.96133998E+00  1.59277933E+00  8.54909368E+00  1.07209161E+00  6.64622406E+00
 -2.80210308E-02  1.00000000E+00  3.79339295E+00 -1.25031615E+00  1.23290715E+00  4.48817730E+00  1.03357451E+00  3.07075803E+00
 -2.64643068E-02  1.00000000E+00  3.72718787E+00 -4.45585893E-01  4.31976181E-01  1.56986870E+00  1.02812165E+00  4.81552936E-01
 -2.49075829E-02  1.00000000E+00  3.66098279E+00 -1.03946161E-01  4.39580637E-01  5.52519681E-01  1.19859065E+00 -5.74285309E-01
 -2.33508590E-02  1.00000000E+00  8.41883522E+00  1.24160978E+00  6.75999682E-01  2.78679513E+00  1.37555399E+00  1.25443657E+00
 -2.17941350E-02  1.00000000E+00  1.31766876E+01  8.18114104E+00  1.69608176E+00  1.69917438E+01  4.41353675E+00  1.11806285E+01
 -2.02374111E-02  1.00000000E+00  1.55934130E+01  4.29252816E+00  2.19531711E+00  1.38065885E+01  1.84018887E+00  1.06367997E+01
 -1.86806872E-02  1.00000000E+00  1.80101384E+01  1.71491620E+00  2.02251033E+00  1.30046655E+01  6.90929342E-01  1.09455433E+01
 -1.71239633E-02  1.00000000E+00  2.13416557E+01  3.04636964E+00  1.86885746E+00  1.76855501E+01  1.01731588E+00  1.48162082E+01
 -1.55672393E-02  1.00000000E+00  2.46731730E+01  5.03953670E+00  2.47065276E+00  2.42641973E+01  1.56412500E+00  2.01778420E+01
 -1.40105154E-02  1.00000000E+00  2.63929262E+01  4.01906303E+00  2.58080586E+00  1.98299512E+01  1.30293964E+00  1.64684547E+01
 -1.24537915E-02  1.00000000E+00  2.81126794E+01  3.19738091E+00  2.61625493E+00  1.62102131E+01  1.09148119E+00  1.34388728E+01
 -1.08970675E-02  1.00000000E+00  3.01963874E+01  3.59126723E+00  2.74152616E+00  1.34736381E+01  1.37891751E+00  1.07508627E+01
 -9.34034359E-03  1.00000000E+00  3.22800955E+01  3.88511778E+00  2.91264533E+00  1.14681050E+01  1.69303641E+00  8.68894988E+00
 -7.78361966E-03  1.00000000E+00  3.34022242E+01  6.64550483E-01  3.04119343E+00  5.01245863E+00  7.32948123E-01  3.80400934E+00
 -6.22689573E-03  1.00000000E+00  3.45243528E+01 -8.76893274E-01  3.23442180E+00  3.01568431E+00  1.05658517E+00  1.74142146E+00
 -4.67017180E-03  1.00000000E+00  4.66515085E+01  2.85889657E+00  1.57226066E+00  9.55253480E+00  1.51369432E+00  7.14563598E+00
 -3.11344786E-03  1.00000000E+00  5.87786642E+01  2.54996166E+01  1.16299535E+01  5.37210088E+01  1.24081405E+01  3.67225495E+01
 -1.55672393E-03  1.00000000E+00  2.42136289E+01  3.14130971E+01  3.51800792E+00  2.68636186E+01  3.75869437E+01 -9.53184453E+00
  0.00000000E+00  1.00000000E+00 -1.03514063E+01  1.09675338E+02  1.76700271E+01  4.92176967E+01  2.45051438E+02 -1.74074437E+02
