# curve 5 (die wall), step =      400, time =   2.00000000E+01
# N1 = tau_xx - tau_yy = G ( c_xx - c_yy ),  G =  8.8889E-01  (polymer part only)
#              x               y        pressure            c_xy        gammadot            c_xx            c_yy              N1
 -3.00000000E+00  1.00000000E+00  1.53420064E+01 -2.01006118E+00  2.00048814E+00  9.04891886E+00  1.00162386E+00  7.15315111E+00
 -2.90036967E+00  1.00000000E+00  1.49269217E+01 -2.00851852E+00  1.99999452E+00  9.04601773E+00  1.00109252E+00  7.15104463E+00
 -2.80073934E+00  1.00000000E+00  1.45118369E+01 -2.00697656E+00  1.99960444E+00  9.04311793E+00  1.00056158E+00  7.14893898E+00
 -2.70110901E+00  1.00000000E+00  1.41170737E+01 -2.00819682E+00  2.00116276E+00  9.05926573E+00  1.00028130E+00  7.16354171E+00
 -2.60147867E+00  1.00000000E+00  1.37223105E+01 -2.00941779E+00  2.00681404E+00  9.07544419E+00  1.00000095E+00  7.17817177E+00
 -2.50184834E+00  1.00000000E+00  1.33159275E+01 -2.00995646E+00  2.00253417E+00  9.07031476E+00  1.00013383E+00  7.17349416E+00
 -2.40221801E+00  1.00000000E+00  1.29095446E+01 -2.01049410E+00  2.00232752E+00  9.06518948E+00  1.00026682E+00  7.16882014E+00
 -2.30258768E+00  1.00000000E+00  1.25145792E+01 -2.01113185E+00  2.00148285E+00  9.05402194E+00  1.00111515E+00  7.15813937E+00
 -2.20295735E+00  1.00000000E+00  1.21196139E+01 -2.01176802E+00  1.99850977E+00  9.04287186E+00  1.00196383E+00  7.14747380E+00
 -2.10332702E+00  1.00000000E+00  1.17243643E+01 -2.00933421E+00  1.99967302E+00  9.03790916E+00  1.00138101E+00  7.14358057E+00
 -2.00369668E+00  1.00000000E+00  1.13291147E+01 -2.00690186E+00  2.00069264E+00  9.03295016E+00  1.00079910E+00  7.13968983E+00
 -1.90406635E+00  1.00000000E+00  1.09269237E+01 -2.00638913E+00  1.99983706E+00  9.02873458E+00  1.00077002E+00  7.13596850E+00
 -1.80443602E+00  1.00000000E+00  1.05247328E+01 -2.00587655E+00  1.99911743E+00  9.02452101E+00  1.00074094E+00  7.13224895E+00
 -1.70480569E+00  1.00000000E+00  1.01238741E+01 -2.00280793E+00  1.99850785E+00  9.01311611E+00  1.00003326E+00  7.12274031E+00
 -1.60517536E+00  1.00000000E+00  9.72301546E+00 -1.99974337E+00  1.99808334E+00  9.00172587E+00  9.99326714E-01  7.11324369E+00
 -1.50554503E+00  1.00000000E+00  9.31578997E+00 -1.99994043E+00  1.99311375E+00  8.97162276E+00  1.00128775E+00  7.08474223E+00
 -1.40591469E+00  1.00000000E+00  8.90856448E+00 -2.00013301E+00  1.98370244E+00  8.94163726E+00  1.00325074E+00  7.05634357E+00
 -1.30628436E+00  1.00000000E+00  8.53802799E+00 -2.01543731E+00  1.97864985E+00  8.95691609E+00  1.01033637E+00  7.06362642E+00
 -1.20665403E+00  1.00000000E+00  8.16749149E+00 -2.03080336E+00  1.96683190E+00  8.97228376E+00  1.01747468E+00  7.07094140E+00
 -1.10702370E+00  1.00000000E+00  7.74713908E+00 -1.99350946E+00  1.94227336E+00  8.83726718E+00  1.00846949E+00  6.95893128E+00
 -1.00739337E+00  1.00000000E+00  7.32678667E+00 -1.95680644E+00  1.93988836E+00  8.70432027E+00  9.99635143E-01  6.84860900E+00
 -9.07763035E-01  1.00000000E+00  6.94326101E+00 -1.95089882E+00  1.92902539E+00  8.60784716E+00  1.00238701E+00  6.76040903E+00
 -8.08132704E-01  1.00000000E+00  6.55973536E+00 -1.94500466E+00  1.91693622E+00  8.51252773E+00  1.00513885E+00  6.67323456E+00
 -7.22034729E-01  1.00000000E+00  6.25036610E+00 -1.92446336E+00  1.90469527E+00  8.39315075E+00  1.00287078E+00  6.56913775E+00
 -6.35936755E-01  1.00000000E+00  5.94099684E+00 -1.90416547E+00  1.89361526E+00  8.27545330E+00  1.00063793E+00  6.46650254E+00
 -5.73827795E-01  1.00000000E+00  5.73897134E+00 -1.89550413E+00  1.88434368E+00  8.19603127E+00  1.00095287E+00  6.39562525E+00
 -5.11718835E-01  1.00000000E+00  5.53694585E+00 -1.88689083E+00  1.87964486E+00  8.11740032E+00  1.00126839E+00  6.32545060E+00
 -4.66929126E-01  1.00000000E+00  5.40597090E+00 -1.88083932E+00  1.88433050E+00  8.11265882E+00  9.98090055E-01  6.32406113E+00
 -4.22139416E-01  1.00000000E+00  5.27499596E+00 -1.87479845E+00  1.88920228E+00  8.10793118E+00  9.94921866E-01  6.32267495E+00
 -3.89839447E-01  1.00000000E+00  5.20249168E+00 -1.88374694E+00  1.89757546E+00  8.14727404E+00  9.96471840E-01  6.35626863E+00
 -3.57539479E-01  1.00000000E+00  5.12998741E+00 -1.89273686E+00  1.90389847E+00  8.18680778E+00  9.98031196E-01  6.39002363E+00
 -3.34246444E-01  1.00000000E+00  5.09687219E+00 -1.90512836E+00  1.91104428E+00  8.25923872E+00  9.99300935E-01  6.45327803E+00
 -3.10953409E-01  1.00000000E+00  5.06375697E+00 -1.91761180E+00  1.91912875E+00  8.33231297E+00  1.00058388E+00  6.51709252E+00
 -2.94155704E-01  1.00000000E+00  5.04213973E+00 -1.92887866E+00  1.93205833E+00  8.42640381E+00  1.00020885E+00  6.60106219E+00
 -2.77357998E-01  1.00000000E+00  5.02052249E+00 -1.94023020E+00  1.94394729E+00  8.52158784E+00  9.99839356E-01  6.68599865E+00
 -2.65244381E-01  1.00000000E+00  5.01410187E+00 -1.95014030E+00  1.95399172E+00  8.60792148E+00  9.99287286E-01  6.76323039E+00
 -2.53130763E-01  1.00000000E+00  5.00768126E+00 -1.96011586E+00  1.96599787E+00  8.69515693E+00  9.98739441E-01  6.84125999E+00
 -2.44395061E-01  1.00000000E+00  5.00463481E+00 -1.97070453E+00  1.97714374E+00  8.77823980E+00  9.98704190E-01  6.91514276E+00
 -2.35659359E-01  1.00000000E+00  5.00158837E+00 -1.98136517E+00  1.98821372E+00  8.86213375E+00  9.98674946E-01  6.98974116E+00
 -2.29359633E-01  1.00000000E+00  5.00528159E+00 -1.99251314E+00  1.99723179E+00  8.94116003E+00  9.99387753E-01  7.05935314E+00
 -2.23059906E-01  1.00000000E+00  5.00897481E+00 -2.00373599E+00  2.00568319E+00  9.02090099E+00  1.00010749E+00  7.12959423E+00
 -2.18516876E-01  1.00000000E+00  5.01267576E+00 -2.01076920E+00  2.01166738E+00  9.08093373E+00  1.00001372E+00  7.18304001E+00
 -2.13973846E-01  1.00000000E+00  5.01637671E+00 -2.01783319E+00  2.01858715E+00  9.14137700E+00  9.99921626E-01  7.23684922E+00
 -2.10697652E-01  1.00000000E+00  5.01872807E+00 -2.02302304E+00  2.02397581E+00  9.18687990E+00  9.99746197E-01  7.27745218E+00
 -2.07421459E-01  1.00000000E+00  5.02107944E+00 -2.02822977E+00  2.02971510E+00  9.23261583E+00  9.99571737E-01  7.31826142E+00
 -2.05058841E-01  1.00000000E+00  5.02349408E+00 -2.03330317E+00  2.03466438E+00  9.27046544E+00  9.99774945E-01  7.35172488E+00
 -2.02696223E-01  1.00000000E+00  5.02590872E+00 -2.03839195E+00  2.03929631E+00  9.30847272E+00  9.99979503E-01  7.38532730E+00
 -2.00978443E-01  1.00000000E+00  5.02917223E+00 -2.04162523E+00  2.04215652E+00  9.33417986E+00  1.00003165E+00  7.40813174E+00
 -1.99260663E-01  1.00000000E+00  5.03243575E+00 -2.04486482E+00  2.04494218E+00  9.35995946E+00  1.00008427E+00  7.43100017E+00
 -1.97703939E-01  1.00000000E+00  5.03442641E+00 -2.04787574E+00  2.04824924E+00  9.38629687E+00  1.00000861E+00  7.45447845E+00
 -1.96147215E-01  1.00000000E+00  5.03641707E+00 -2.05089222E+00  2.05144338E+00  9.41271043E+00  9.99933269E-01  7.47802415E+00
 -1.94590491E-01  1.00000000E+00  5.03885313E+00 -2.05402572E+00  2.05460161E+00  9.43903210E+00  9.99891952E-01  7.50145791E+00
 -1.93033768E-01  1.00000000E+00  5.04128920E+00 -2.05716523E+00  2.05786926E+00  9.46542914E+00  9.99851052E-01  7.52495830E+00
 -1.91477044E-01  1.00000000E+00  5.04394801E+00 -2.06069358E+00  2.06137725E+00  9.49393378E+00  9.99883675E-01  7.55026676E+00
 -1.89920320E-01  1.00000000E+00  5.04660683E+00 -2.06422941E+00  2.06480324E+00  9.52252607E+00  9.99916851E-01  7.57565264E+00
 -1.88363596E-01  1.00000000E+00  5.04967902E+00 -2.06780816E+00  2.06826532E+00  9.55170444E+00  9.99942270E-01  7.60156637E+00
 -1.86806872E-01  1.00000000E+00  5.05275122E+00 -2.07139458E+00  2.07180126E+00  9.58097414E+00  9.99968240E-01  7.62756080E+00
 -1.85250148E-01  1.00000000E+00  5.05620286E+00 -2.07511033E+00  2.07529036E+00  9.61109479E+00  1.00001321E+00  7.65429473E+00
 -1.83693424E-01  1.00000000E+00  5.05965450E+00 -2.07883429E+00  2.07883082E+00  9.64131211E+00  1.00005878E+00  7.68111407E+00
 -1.82136700E-01  1.00000000E+00  5.06303326E+00 -2.08238608E+00  2.08256024E+00  9.67232182E+00  9.99972033E-01  7.70875536E+00
 -1.80579976E-01  1.00000000E+00  5.06641201E+00 -2.08594549E+00  2.08638118E+00  9.70343386E+00  9.99885759E-01  7.73648720E+00
 -1.79023252E-01  1.00000000E+00  5.07016705E+00 -2.08983547E+00  2.09034751E+00  9.73596788E+00  9.99877493E-01  7.76541368E+00
 -1.77466528E-01  1.00000000E+00  5.07392209E+00 -2.09373446E+00  2.09432955E+00  9.76861345E+00  9.99869847E-01  7.79443876E+00
 -1.75909804E-01  1.00000000E+00  5.07786803E+00 -2.09798328E+00  2.09870877E+00  9.80338174E+00  9.99904628E-01  7.82531299E+00
 -1.74353080E-01  1.00000000E+00  5.08181397E+00 -2.10224274E+00  2.10293291E+00  9.83827635E+00  9.99940190E-01  7.85629881E+00
 -1.72796356E-01  1.00000000E+00  5.08626447E+00 -2.10650490E+00  2.10699519E+00  9.87351352E+00  9.99973830E-01  7.88759083E+00
 -1.71239633E-01  1.00000000E+00  5.09071497E+00 -2.11077771E+00  2.11111604E+00  9.90887959E+00  1.00000821E+00  7.91899678E+00
 -1.69682909E-01  1.00000000E+00  5.09528049E+00 -2.11512739E+00  2.11550224E+00  9.94544846E+00  9.99999199E-01  7.95151045E+00
 -1.68126185E-01  1.00000000E+00  5.09984601E+00 -2.11948819E+00  2.12000885E+00  9.98215529E+00  9.99990960E-01  7.98414607E+00
 -1.66569461E-01  1.00000000E+00  5.10519414E+00 -2.12388311E+00  2.12447919E+00  1.00207435E+01  9.99929201E-01  8.01850164E+00
 -1.65012737E-01  1.00000000E+00  5.11054227E+00 -2.12828934E+00  2.12894768E+00  1.00594848E+01  9.99868100E-01  8.05299258E+00
 -1.63456013E-01  1.00000000E+00  5.11507306E+00 -2.13290355E+00  2.13403374E+00  1.01013199E+01  9.99736838E-01  8.09029601E+00
 -1.61899289E-01  1.00000000E+00  5.11960385E+00 -2.13753024E+00  2.13908301E+00  1.01433337E+01  9.99606249E-01  8.12775774E+00
 -1.60342565E-01  1.00000000E+00  5.12471836E+00 -2.14253114E+00  2.14450673E+00  1.01836824E+01  9.99658313E-01  8.16357698E+00
 -1.58785841E-01  1.00000000E+00  5.12983287E+00 -2.14754647E+00  2.14971376E+00  1.02241945E+01  9.99711590E-01  8.19954038E+00
 -1.57229117E-01  1.00000000E+00  5.13702380E+00 -2.15328556E+00  2.15492825E+00  1.02704215E+01  9.99927652E-01  8.24043894E+00
 -1.55672393E-01  1.00000000E+00  5.14421473E+00 -2.15904309E+00  2.15998990E+00  1.03168613E+01  1.00014500E+00  8.28152556E+00
 -1.54115669E-01  1.00000000E+00  5.15093106E+00 -2.16392707E+00  2.16481336E+00  1.03623009E+01  9.99990195E-01  8.32205392E+00
 -1.52558945E-01  1.00000000E+00  5.15764739E+00 -2.16882477E+00  2.16981780E+00  1.04079463E+01  9.99836045E-01  8.36276466E+00
 -1.51002221E-01  1.00000000E+00  5.16371232E+00 -2.17422051E+00  2.17562975E+00  1.04581756E+01  9.99677716E-01  8.40755372E+00
 -1.49445497E-01  1.00000000E+00  5.16977724E+00 -2.17963287E+00  2.18164601E+00  1.05086542E+01  9.99520172E-01  8.45256360E+00
 -1.47888774E-01  1.00000000E+00  5.17666763E+00 -2.18635716E+00  2.18827823E+00  1.05624722E+01  9.99730259E-01  8.50021505E+00
 -1.46332050E-01  1.00000000E+00  5.18355802E+00 -2.19310653E+00  2.19446521E+00  1.06165703E+01  9.99942341E-01  8.54811378E+00
 -1.44775326E-01  1.00000000E+00  5.19064338E+00 -2.19902282E+00  2.20030129E+00  1.06670608E+01  9.99967829E-01  8.59297154E+00
 -1.43218602E-01  1.00000000E+00  5.19772875E+00 -2.20495873E+00  2.20656783E+00  1.07177964E+01  9.99994677E-01  8.63804596E+00
 -1.41661878E-01  1.00000000E+00  5.20782891E+00 -2.21116056E+00  2.21242603E+00  1.07725776E+01  1.00002406E+00  8.68671426E+00
 -1.40105154E-01  1.00000000E+00  5.21792906E+00 -2.21738362E+00  2.21812039E+00  1.08276453E+01  1.00005459E+00  8.73563620E+00
 -1.38548430E-01  1.00000000E+00  5.22494190E+00 -2.22362403E+00  2.22479071E+00  1.08885994E+01  9.99845041E-01  8.79000385E+00
 -1.36991706E-01  1.00000000E+00  5.23195474E+00 -2.22988583E+00  2.23173390E+00  1.09499070E+01  9.99636179E-01  8.84468516E+00
 -1.35434982E-01  1.00000000E+00  5.24151694E+00 -2.23751689E+00  2.23878977E+00  1.10143461E+01  9.99794885E-01  8.90182332E+00
 -1.33878258E-01  1.00000000E+00  5.25107915E+00 -2.24517960E+00  2.24582172E+00  1.10791717E+01  9.99955751E-01  8.95930302E+00
 -1.32321534E-01  1.00000000E+00  5.26032492E+00 -2.25213764E+00  2.25319761E+00  1.11441857E+01  9.99832016E-01  9.01720326E+00
 -1.30764810E-01  1.00000000E+00  5.26957069E+00 -2.25912211E+00  2.26055916E+00  1.12095911E+01  9.99709563E-01  9.07545022E+00
 -1.29208086E-01  1.00000000E+00  5.27915026E+00 -2.26678499E+00  2.26886998E+00  1.12797300E+01  9.99640654E-01  9.13785724E+00
 -1.27651362E-01  1.00000000E+00  5.28872984E+00 -2.27447971E+00  2.27723232E+00  1.13503183E+01  9.99573481E-01  9.20066208E+00
 -1.26094638E-01  1.00000000E+00  5.30097350E+00 -2.28279380E+00  2.28486073E+00  1.14235653E+01  9.99716967E-01  9.26564298E+00
 -1.24537915E-01  1.00000000E+00  5.31321715E+00 -2.29114450E+00  2.29260378E+00  1.14972948E+01  9.99862534E-01  9.33105093E+00
 -1.22981191E-01  1.00000000E+00  5.32349189E+00 -2.29992643E+00  2.30115420E+00  1.15767044E+01  9.99931085E-01  9.40157624E+00
 -1.21424467E-01  1.00000000E+00  5.33376663E+00 -2.30874901E+00  2.30948873E+00  1.16566745E+01  1.00000179E+00  9.47259794E+00
 -1.19867743E-01  1.00000000E+00  5.34628954E+00 -2.31760726E+00  2.31784162E+00  1.17353478E+01  1.00012141E+00  9.54242344E+00
 -1.18311019E-01  1.00000000E+00  5.35881245E+00 -2.32650657E+00  2.32664907E+00  1.18145628E+01  1.00024347E+00  9.61272831E+00
 -1.16754295E-01  1.00000000E+00  5.37316087E+00 -2.33503526E+00  2.33569035E+00  1.19002737E+01  9.99989481E-01  9.68914153E+00
 -1.15197571E-01  1.00000000E+00  5.38750929E+00 -2.34360166E+00  2.34458386E+00  1.19866242E+01  9.99736686E-01  9.76612222E+00
 -1.13640847E-01  1.00000000E+00  5.39740188E+00 -2.35259413E+00  2.35544994E+00  1.20799473E+01  9.99324470E-01  9.84944250E+00
 -1.12084123E-01  1.00000000E+00  5.40729447E+00 -2.36162838E+00  2.36638643E+00  1.21740188E+01  9.98913540E-01  9.93342693E+00
 -1.10527399E-01  1.00000000E+00  5.42175139E+00 -2.37355993E+00  2.37858966E+00  1.22791509E+01  9.99153846E-01  1.00266641E+01
 -1.08970675E-01  1.00000000E+00  5.43620830E+00 -2.38556400E+00  2.39004294E+00  1.23852072E+01  9.99398914E-01  1.01207185E+01
 -1.07413951E-01  1.00000000E+00  5.45213237E+00 -2.39764130E+00  2.40018078E+00  1.24800599E+01  1.00020117E+00  1.02043188E+01
 -1.05857227E-01  1.00000000E+00  5.46805643E+00 -2.40978973E+00  2.41063111E+00  1.25756465E+01  1.00100968E+00  1.02885661E+01
 -1.04300503E-01  1.00000000E+00  5.48765834E+00 -2.41975882E+00  2.41991656E+00  1.26831662E+01  1.00063847E+00  1.03844691E+01
 -1.02743780E-01  1.00000000E+00  5.50726025E+00 -2.42977604E+00  2.42961230E+00  1.27916341E+01  1.00026777E+00  1.04812145E+01
 -1.01187056E-01  1.00000000E+00  5.51954525E+00 -2.44001904E+00  2.44264435E+00  1.29119521E+01  9.99469751E-01  1.05888732E+01
 -9.96303316E-02  1.00000000E+00  5.53183025E+00 -2.45031165E+00  2.45633685E+00  1.30334429E+01  9.98671655E-01  1.06975744E+01
 -9.80736077E-02  1.00000000E+00  5.54890886E+00 -2.46492378E+00  2.47147566E+00  1.31594073E+01  9.99177196E-01  1.08090934E+01
 -9.65168838E-02  1.00000000E+00  5.56598747E+00 -2.47963950E+00  2.48551526E+00  1.32866062E+01  9.99690520E-01  1.09217028E+01
 -9.49601598E-02  1.00000000E+00  5.58725524E+00 -2.49229078E+00  2.49733114E+00  1.34185823E+01  9.99515771E-01  1.10391702E+01
 -9.34034359E-02  1.00000000E+00  5.60852301E+00 -2.50501774E+00  2.50972091E+00  1.35519040E+01  9.99342792E-01  1.11578322E+01
 -9.18467120E-02  1.00000000E+00  5.62327977E+00 -2.51925303E+00  2.52586927E+00  1.36934599E+01  9.99309470E-01  1.12836893E+01
 -9.02899881E-02  1.00000000E+00  5.63803653E+00 -2.53358475E+00  2.54177488E+00  1.38365272E+01  9.99280297E-01  1.14108862E+01
 -8.87332641E-02  1.00000000E+00  5.66573041E+00 -2.54838098E+00  2.55430052E+00  1.39835729E+01  9.99505288E-01  1.15413935E+01
 -8.71765402E-02  1.00000000E+00  5.69342428E+00 -2.56327802E+00  2.56727659E+00  1.41322153E+01  9.99733783E-01  1.16733169E+01
 -8.56198163E-02  1.00000000E+00  5.71186025E+00 -2.57752933E+00  2.58336396E+00  1.42948581E+01  9.99145868E-01  1.18184109E+01
 -8.40630923E-02  1.00000000E+00  5.73029622E+00 -2.59187196E+00  2.60020155E+00  1.44594287E+01  9.98558816E-01  1.19652177E+01
 -8.25063684E-02  1.00000000E+00  5.75511786E+00 -2.61253841E+00  2.61918385E+00  1.46498681E+01  9.99446077E-01  1.21337085E+01
 -8.09496445E-02  1.00000000E+00  5.77993950E+00 -2.63339677E+00  2.63652290E+00  1.48428538E+01  1.00034438E+00  1.23044528E+01
 -7.93929205E-02  1.00000000E+00  5.80077780E+00 -2.64900406E+00  2.65397664E+00  1.50315383E+01  9.99508209E-01  1.24729156E+01
 -7.78361966E-02  1.00000000E+00  5.82161610E+00 -2.66471526E+00  2.67236749E+00  1.52226974E+01  9.98671751E-01  1.26435783E+01
 -7.62794727E-02  1.00000000E+00  5.84286328E+00 -2.67949654E+00  2.69416715E+00  1.53916800E+01  9.97826580E-01  1.27945364E+01
 -7.47227487E-02  1.00000000E+00  5.86411046E+00 -2.69437724E+00  2.71503758E+00  1.55625872E+01  9.96985706E-01  1.29472014E+01
 -7.31660248E-02  1.00000000E+00  5.89626049E+00 -2.72242583E+00  2.73842288E+00  1.58238313E+01  9.98800797E-01  1.31778049E+01
 -7.16093009E-02  1.00000000E+00  5.92841052E+00 -2.75080596E+00  2.75727670E+00  1.60895210E+01  1.00063342E+00  1.34123446E+01
 -7.00525769E-02  1.00000000E+00  5.95348518E+00 -2.77003066E+00  2.77605849E+00  1.63243123E+01  9.99886593E-01  1.36217117E+01
 -6.84958530E-02  1.00000000E+00  5.97855984E+00 -2.78940485E+00  2.79771157E+00  1.65626291E+01  9.99139465E-01  1.38342130E+01
 -6.69391291E-02  1.00000000E+00  6.00933671E+00 -2.81287421E+00  2.81831658E+00  1.68104797E+01  9.99691891E-01  1.40540336E+01
 -6.53824051E-02  1.00000000E+00  6.04011357E+00 -2.83656912E+00  2.83824273E+00  1.70621093E+01  1.00025148E+00  1.42772069E+01
 -6.38256812E-02  1.00000000E+00  6.06239091E+00 -2.85207009E+00  2.86647798E+00  1.72945560E+01  9.97983445E-01  1.44858423E+01
 -6.22689573E-02  1.00000000E+00  6.08466825E+00 -2.86766087E+00  2.89580560E+00  1.75302903E+01  9.95715480E-01  1.46973998E+01
 -6.07122333E-02  1.00000000E+00  6.11682638E+00 -2.90465730E+00  2.92502102E+00  1.78698058E+01  9.98544906E-01  1.49966763E+01
 -5.91555094E-02  1.00000000E+00  6.14898451E+00 -2.94219053E+00  2.95083759E+00  1.82159581E+01  1.00140994E+00  1.53018206E+01
 -5.75987855E-02  1.00000000E+00  6.17932242E+00 -2.96202390E+00  2.97203435E+00  1.85163085E+01  9.99642244E-01  1.55703700E+01
 -5.60420615E-02  1.00000000E+00  6.20966033E+00 -2.98197794E+00  2.99653443E+00  1.88217948E+01  9.97864996E-01  1.58434931E+01
 -5.44853376E-02  1.00000000E+00  6.22026501E+00 -2.98955481E+00  3.03495172E+00  1.91038199E+01  9.92109118E-01  1.60992985E+01
 -5.29286137E-02  1.00000000E+00  6.23086970E+00 -2.99704802E+00  3.07181053E+00  1.93903924E+01  9.86352498E-01  1.63591466E+01
 -5.13718898E-02  1.00000000E+00  6.22749081E+00 -3.05655485E+00  3.11989557E+00  1.98701261E+01  9.92296900E-01  1.67802926E+01
 -4.98151658E-02  1.00000000E+00  6.22411192E+00 -3.11733951E+00  3.16177382E+00  2.03617476E+01  9.98375904E-01  1.72118860E+01
 -4.82584419E-02  1.00000000E+00  6.27445746E+00 -3.15305385E+00  3.17681891E+00  2.06934668E+01  1.00212866E+00  1.75034117E+01
 -4.67017180E-02  1.00000000E+00  6.32480301E+00 -3.18921348E+00  3.18009349E+00  2.10306275E+01  1.00591231E+00  1.77997468E+01
 -4.51449940E-02  1.00000000E+00  6.28177156E+00 -3.19753830E+00  3.21037698E+00  2.13921372E+01  9.99738516E-01  1.81265766E+01
 -4.35882701E-02  1.00000000E+00  6.23874011E+00 -3.20568121E+00  3.24431930E+00  2.17603440E+01  9.93550020E-01  1.84593724E+01
 -4.20315462E-02  1.00000000E+00  6.18546987E+00 -3.25047273E+00  3.27244517E+00  2.21199912E+01  9.99072965E-01  1.87741495E+01
 -4.04748222E-02  1.00000000E+00  6.13219964E+00 -3.29592400E+00  3.28819328E+00  2.24855866E+01  1.00466733E+00  1.90941505E+01
 -3.89180983E-02  1.00000000E+00  5.95194324E+00 -3.29195526E+00  3.29268374E+00  2.25224611E+01  1.00360757E+00  1.91278698E+01
 -3.73613744E-02  1.00000000E+00  5.77168685E+00 -3.28796777E+00  3.29412155E+00  2.25594184E+01  1.00254937E+00  1.91616613E+01
 -3.58046504E-02  1.00000000E+00  5.40810944E+00 -3.21840301E+00  3.17116987E+00  2.15416555E+01  1.00921324E+00  1.82510598E+01
 -3.42479265E-02  1.00000000E+00  5.04453203E+00 -3.15055214E+00  3.04234330E+00  2.05709493E+01  1.01594890E+00  1.73822226E+01
 -3.26912026E-02  1.00000000E+00  4.43205531E+00 -3.15225937E+00  2.78537170E+00  1.81732696E+01  1.09624282E+00  1.51795794E+01
 -3.11344786E-02  1.00000000E+00  3.81957859E+00 -3.14211394E+00  2.41982484E+00  1.60859713E+01  1.17865709E+00  1.32509459E+01
 -2.95777547E-02  1.00000000E+00  3.81549995E+00 -1.93604611E+00  1.59101346E+00  8.47421096E+00  1.06586559E+00  6.58519588E+00
 -2.80210308E-02  1.00000000E+00  3.81142131E+00 -1.23125573E+00  1.22670251E+00  4.47107215E+00  1.02631022E+00  3.06201060E+00
 -2.64643068E-02  1.00000000E+00  3.85368667E+00 -4.40063478E-01  4.29833058E-01  1.54153191E+00  1.04345765E+00  4.42732671E-01
 -2.49075829E-02  1.00000000E+00  3.89595203E+00 -1.04654579E-01  4.33679625E-01  5.34114550E-01  1.24026664E+00 -6.27690749E-01
 -2.33508590E-02  1.00000000E+00  8.50951820E+00  1.20298425E+00  7.08573934E-01  2.63339116E+00  1.37846029E+00  1.11549411E+00
 -2.17941350E-02  1.00000000E+00  1.31230844E+01  7.67573867E+00  1.71786146E+00  1.56967603E+01  4.21938780E+00  1.02021088E+01
 -2.02374111E-02  1.00000000E+00  1.56021726E+01  4.26393813E+00  2.16756807E+00  1.32340355E+01  1.87173663E+00  1.00998212E+01
 -1.86806872E-02  1.00000000E+00  1.80812608E+01  1.90720103E+00  1.98445419E+00  1.27908784E+01  7.48526429E-01  1.07043129E+01
 -1.71239633E-02  1.00000000E+00  2.13058891E+01  3.06352946E+00  1.87988757E+00  1.72427061E+01  1.03270244E+00  1.44088922E+01
 -1.55672393E-02  1.00000000E+00  2.45305175E+01  4.73451067E+00  2.45387747E+00  2.33518675E+01  1.47145177E+00  1.94492585E+01
 -1.40105154E-02  1.00000000E+00  2.63178949E+01  3.92196598E+00  2.51410490E+00  1.90486767E+01  1.29496173E+00  1.57810799E+01
 -1.24537915E-02  1.00000000E+00  2.81052722E+01  3.25089569E+00  2.53037525E+00  1.55382995E+01  1.14466177E+00  1.27943447E+01
 -1.08970675E-02  1.00000000E+00  3.01544992E+01  3.49747143E+00  2.69397509E+00  1.27285285E+01  1.39139127E+00  1.00774553E+01
 -9.34034359E-03  1.00000000E+00  3.22037262E+01  3.66269299E+00  2.87339408E+00  1.06425761E+01  1.65119680E+00  7.99233718E+00
 -7.78361966E-03  1.00000000E+00  3.33022118E+01  6.87922436E-01  3.00672667E+00  5.07196573E+00  7.33126765E-01  3.85674574E+00
 -6.22689573E-03  1.00000000E+00  3.44006974E+01 -8.45278544E-01  3.02895066E+00  3.26524128E+00  9.94540934E-01  2.01840031E+00
 -4.67017180E-03  1.00000000E+00  4.75940356E+01  3.07139428E+00  1.45840938E+00  9.59299118E+00  1.65419524E+00  7.05670750E+00
 -3.11344786E-03  1.00000000E+00  6.07873738E+01  2.57850245E+01  1.05888441E+01  5.09183694E+01  1.33786100E+01  3.33686750E+01
 -1.55672393E-03  1.00000000E+00  2.67768539E+01  2.98504006E+01  3.48697983E+00  2.43089678E+01  3.76050405E+01 -1.18187313E+01
  0.00000000E+00  1.00000000E+00 -7.23366602E+00  9.73446197E+01  1.53294593E+01  4.05450516E+01  2.34519216E+02 -1.72421480E+02
