# curve 5 (die wall), step =     1000, time =   5.00000000E+01
# N1 = tau_xx - tau_yy = G ( c_xx - c_yy ),  G =  8.8889E-01  (polymer part only)
#              x               y        pressure            c_xy        gammadot            c_xx            c_yy              N1
 -3.00000000E+00  1.00000000E+00  1.53522356E+01 -2.01006135E+00  2.00048825E+00  9.04891946E+00  1.00162392E+00  7.15315159E+00
 -2.90036967E+00  1.00000000E+00  1.49371497E+01 -2.00851812E+00  1.99999360E+00  9.04601484E+00  1.00109256E+00  7.15104203E+00
 -2.80073934E+00  1.00000000E+00  1.45220638E+01 -2.00697557E+00  1.99960324E+00  9.04311156E+00  1.00056159E+00  7.14893330E+00
 -2.70110901E+00  1.00000000E+00  1.41273008E+01 -2.00819584E+00  2.00116164E+00  9.05925878E+00  1.00028131E+00  7.16353553E+00
 -2.60147867E+00  1.00000000E+00  1.37325377E+01 -2.00941683E+00  2.00681289E+00  9.07543667E+00  1.00000096E+00  7.17816508E+00
 -2.50184834E+00  1.00000000E+00  1.33261556E+01 -2.00995510E+00  2.00253321E+00  9.07030762E+00  1.00013363E+00  7.17348799E+00
 -2.40221801E+00  1.00000000E+00  1.29197735E+01 -2.01049233E+00  2.00232701E+00  9.06518272E+00  1.00026640E+00  7.16881450E+00
 -2.30258768E+00  1.00000000E+00  1.25248098E+01 -2.01113028E+00  2.00148301E+00  9.05402072E+00  1.00111444E+00  7.15813891E+00
 -2.20295735E+00  1.00000000E+00  1.21298462E+01 -2.01176666E+00  1.99851142E+00  9.04287617E+00  1.00196284E+00  7.14747851E+00
 -2.10332702E+00  1.00000000E+00  1.17345985E+01 -2.00933489E+00  1.99967753E+00  9.03793251E+00  1.00137975E+00  7.14360245E+00
 -2.00369668E+00  1.00000000E+00  1.13393508E+01 -2.00690459E+00  2.00070070E+00  9.03299255E+00  1.00079758E+00  7.13972886E+00
 -1.90406635E+00  1.00000000E+00  1.09371620E+01 -2.00639607E+00  1.99985081E+00  9.02881645E+00  1.00076800E+00  7.13604307E+00
 -1.80443602E+00  1.00000000E+00  1.05349731E+01 -2.00588771E+00  1.99913785E+00  9.02464234E+00  1.00073842E+00  7.13235904E+00
 -1.70480569E+00  1.00000000E+00  1.01341140E+01 -2.00282622E+00  1.99853816E+00  9.01330646E+00  1.00002976E+00  7.12291262E+00
 -1.60517536E+00  1.00000000E+00  9.73325486E+00 -1.99976876E+00  1.99812493E+00  9.00198507E+00  9.99322243E-01  7.11347807E+00
 -1.50554503E+00  1.00000000E+00  9.32601826E+00 -1.99997746E+00  1.99317154E+00  8.97198077E+00  1.00128242E+00  7.08506520E+00
 -1.40591469E+00  1.00000000E+00  8.91878167E+00 -2.00018168E+00  1.98377401E+00  8.94209337E+00  1.00324456E+00  7.05675449E+00
 -1.30628436E+00  1.00000000E+00  8.54821359E+00 -2.01549127E+00  1.97874266E+00  8.95744428E+00  1.01032757E+00  7.06410375E+00
 -1.20665403E+00  1.00000000E+00  8.17764551E+00 -2.03086272E+00  1.96693731E+00  8.97288419E+00  1.01746325E+00  7.07148528E+00
 -1.10702370E+00  1.00000000E+00  7.75722288E+00 -1.99358456E+00  1.94238727E+00  8.83790315E+00  1.00846420E+00  6.95950129E+00
 -1.00739337E+00  1.00000000E+00  7.33680025E+00 -1.95689678E+00  1.93999467E+00  8.70499052E+00  9.99635822E-01  6.84920418E+00
 -9.07763035E-01  1.00000000E+00  6.95317435E+00 -1.95100682E+00  1.92907684E+00  8.60835843E+00  1.00240922E+00  6.76084374E+00
 -8.08132704E-01  1.00000000E+00  6.56954845E+00 -1.94513010E+00  1.91691041E+00  8.51288404E+00  1.00518265E+00  6.67351235E+00
 -7.22034729E-01  1.00000000E+00  6.26000587E+00 -1.92448846E+00  1.90450271E+00  8.39266034E+00  1.00292603E+00  6.56865272E+00
 -6.35936755E-01  1.00000000E+00  5.95046328E+00 -1.90409288E+00  1.89325617E+00  8.27414016E+00  1.00070492E+00  6.46527577E+00
 -5.73827795E-01  1.00000000E+00  5.74820943E+00 -1.89520097E+00  1.88373753E+00  8.19300181E+00  1.00102000E+00  6.39287272E+00
 -5.11718835E-01  1.00000000E+00  5.54595557E+00 -1.88635982E+00  1.87882003E+00  8.11268887E+00  1.00133582E+00  6.32120271E+00
 -4.66929126E-01  1.00000000E+00  5.41487777E+00 -1.88017303E+00  1.88325365E+00  8.10627776E+00  9.98208950E-01  6.31828339E+00
 -4.22139416E-01  1.00000000E+00  5.28379996E+00 -1.87399805E+00  1.88775183E+00  8.09988187E+00  9.95092119E-01  6.31536867E+00
 -3.89839447E-01  1.00000000E+00  5.21107060E+00 -1.88242471E+00  1.89560036E+00  8.13605228E+00  9.96594495E-01  6.34618469E+00
 -3.57539479E-01  1.00000000E+00  5.13834124E+00 -1.89088759E+00  1.90159622E+00  8.17238433E+00  9.98105352E-01  6.37713687E+00
 -3.34246444E-01  1.00000000E+00  5.10505965E+00 -1.90292275E+00  1.90844925E+00  8.24216535E+00  9.99362356E-01  6.43804711E+00
 -3.10953409E-01  1.00000000E+00  5.07177807E+00 -1.91504442E+00  1.91625990E+00  8.31254430E+00  1.00063197E+00  6.49947762E+00
 -2.94155704E-01  1.00000000E+00  5.04999521E+00 -1.92583228E+00  1.92874501E+00  8.40310773E+00  1.00022925E+00  6.58033643E+00
 -2.77357998E-01  1.00000000E+00  5.02821235E+00 -1.93669806E+00  1.94031979E+00  8.49468682E+00  9.99831603E-01  6.66209353E+00
 -2.65244381E-01  1.00000000E+00  5.02175108E+00 -1.94634972E+00  1.95015138E+00  8.57834900E+00  9.99301263E-01  6.73693132E+00
 -2.53130763E-01  1.00000000E+00  5.01528980E+00 -1.95606363E+00  1.96186677E+00  8.66286047E+00  9.98775035E-01  6.81252039E+00
 -2.44395061E-01  1.00000000E+00  5.01238908E+00 -1.96638098E+00  1.97270484E+00  8.74343077E+00  9.98752028E-01  6.88415888E+00
 -2.35659359E-01  1.00000000E+00  5.00948835E+00 -1.97676678E+00  1.98345750E+00  8.82476651E+00  9.98734797E-01  6.95647263E+00
 -2.29359633E-01  1.00000000E+00  5.01310972E+00 -1.98755757E+00  1.99221188E+00  8.90122863E+00  9.99414744E-01  7.02383457E+00
 -2.23059906E-01  1.00000000E+00  5.01673108E+00 -1.99841875E+00  2.00042807E+00  8.97836270E+00  1.00010121E+00  7.09178799E+00
 -2.18516876E-01  1.00000000E+00  5.02040856E+00 -2.00525603E+00  2.00625430E+00  9.03648923E+00  1.00001197E+00  7.14353533E+00
 -2.13973846E-01  1.00000000E+00  5.02408604E+00 -2.01212250E+00  2.01298983E+00  9.09500240E+00  9.99924350E-01  7.19562493E+00
 -2.10697652E-01  1.00000000E+00  5.02647734E+00 -2.01718021E+00  2.01824061E+00  9.13911459E+00  9.99757382E-01  7.23498419E+00
 -2.07421459E-01  1.00000000E+00  5.02886863E+00 -2.02225399E+00  2.02382672E+00  9.18344686E+00  9.99591357E-01  7.27453822E+00
 -2.05058841E-01  1.00000000E+00  5.03131289E+00 -2.02717007E+00  2.02861898E+00  9.22008982E+00  9.99784353E-01  7.30693820E+00
 -2.02696223E-01  1.00000000E+00  5.03375716E+00 -2.03210064E+00  2.03311827E+00  9.25688138E+00  9.99978622E-01  7.33946912E+00
 -2.00978443E-01  1.00000000E+00  5.03697394E+00 -2.03525053E+00  2.03591705E+00  9.28184310E+00  1.00002844E+00  7.36161303E+00
 -1.99260663E-01  1.00000000E+00  5.04019073E+00 -2.03840644E+00  2.03864510E+00  9.30687352E+00  1.00007872E+00  7.38381760E+00
 -1.97703939E-01  1.00000000E+00  5.04220816E+00 -2.04134394E+00  2.04185804E+00  9.33240927E+00  1.00000863E+00  7.40657834E+00
 -1.96147215E-01  1.00000000E+00  5.04422559E+00 -2.04428676E+00  2.04496499E+00  9.35801701E+00  9.99938856E-01  7.42940280E+00
 -1.94590491E-01  1.00000000E+00  5.04666924E+00 -2.04733505E+00  2.04804235E+00  9.38355197E+00  9.99897607E-01  7.45213721E+00
 -1.93033768E-01  1.00000000E+00  5.04911288E+00 -2.05038904E+00  2.05122551E+00  9.40915829E+00  9.99856757E-01  7.47493469E+00
 -1.91477044E-01  1.00000000E+00  5.05178436E+00 -2.05382091E+00  2.05463811E+00  9.43679349E+00  9.99888153E-01  7.49947141E+00
 -1.89920320E-01  1.00000000E+00  5.05445584E+00 -2.05725988E+00  2.05797351E+00  9.46451156E+00  9.99920078E-01  7.52408132E+00
 -1.88363596E-01  1.00000000E+00  5.05753551E+00 -2.06074443E+00  2.06134471E+00  9.49281580E+00  9.99945128E-01  7.54921838E+00
 -1.86806872E-01  1.00000000E+00  5.06061519E+00 -2.06423629E+00  2.06478663E+00  9.52120650E+00  9.99970707E-01  7.57443182E+00
 -1.85250148E-01  1.00000000E+00  5.06406549E+00 -2.06785226E+00  2.06818828E+00  9.55043444E+00  1.00001307E+00  7.60037456E+00
 -1.83693424E-01  1.00000000E+00  5.06751580E+00 -2.07147605E+00  2.07164006E+00  9.57975398E+00  1.00005600E+00  7.62639821E+00
 -1.82136700E-01  1.00000000E+00  5.07091130E+00 -2.07494143E+00  2.07527447E+00  9.60985196E+00  9.99973712E-01  7.65322511E+00
 -1.80579976E-01  1.00000000E+00  5.07430680E+00 -2.07841410E+00  2.07899535E+00  9.64004696E+00  9.99891889E-01  7.68013784E+00
 -1.79023252E-01  1.00000000E+00  5.07807314E+00 -2.08220432E+00  2.08285863E+00  9.67162700E+00  9.99883737E-01  7.70821624E+00
 -1.77466528E-01  1.00000000E+00  5.08183947E+00 -2.08600312E+00  2.08673769E+00  9.70331285E+00  9.99876183E-01  7.73638815E+00
 -1.75909804E-01  1.00000000E+00  5.08580953E+00 -2.09014178E+00  2.09099470E+00  9.73704689E+00  9.99910727E-01  7.76634326E+00
 -1.74353080E-01  1.00000000E+00  5.08977958E+00 -2.09429058E+00  2.09510532E+00  9.77090064E+00  9.99946022E-01  7.79640411E+00
 -1.72796356E-01  1.00000000E+00  5.09423844E+00 -2.09844102E+00  2.09906960E+00  9.80511686E+00  9.99976568E-01  7.82679137E+00
 -1.71239633E-01  1.00000000E+00  5.09869730E+00 -2.10260162E+00  2.10309249E+00  9.83945547E+00  1.00000783E+00  7.85728680E+00
 -1.69682909E-01  1.00000000E+00  5.10328645E+00 -2.10684429E+00  2.10737059E+00  9.87498714E+00  9.99998973E-01  7.88887837E+00
 -1.68126185E-01  1.00000000E+00  5.10787561E+00 -2.11109759E+00  2.11176286E+00  9.91064996E+00  9.99990865E-01  7.92058587E+00
 -1.66569461E-01  1.00000000E+00  5.11321426E+00 -2.11538394E+00  2.11612761E+00  9.94812875E+00  9.99929920E-01  7.95395452E+00
 -1.65012737E-01  1.00000000E+00  5.11855291E+00 -2.11968111E+00  2.12049403E+00  9.98575286E+00  9.99869615E-01  7.98745178E+00
 -1.63456013E-01  1.00000000E+00  5.12314993E+00 -2.12419341E+00  2.12544831E+00  1.00263776E+01  9.99746806E-01  8.02367185E+00
 -1.61899289E-01  1.00000000E+00  5.12774694E+00 -2.12871770E+00  2.13036585E+00  1.00671722E+01  9.99624660E-01  8.06004223E+00
 -1.60342565E-01  1.00000000E+00  5.13291289E+00 -2.13359504E+00  2.13564758E+00  1.01064158E+01  9.99673974E-01  8.09488158E+00
 -1.58785841E-01  1.00000000E+00  5.13807884E+00 -2.13848616E+00  2.14072093E+00  1.01458151E+01  9.99724451E-01  8.12985835E+00
 -1.57229117E-01  1.00000000E+00  5.14523865E+00 -2.14407415E+00  2.14580307E+00  1.01907062E+01  9.99930761E-01  8.16957817E+00
 -1.55672393E-01  1.00000000E+00  5.15239846E+00 -2.14967972E+00  2.15074908E+00  1.02357996E+01  1.00013830E+00  8.20947672E+00
 -1.54115669E-01  1.00000000E+00  5.15912357E+00 -2.15445326E+00  2.15547375E+00  1.02799727E+01  9.99987727E-01  8.24887550E+00
 -1.52558945E-01  1.00000000E+00  5.16584868E+00 -2.15923997E+00  2.16037167E+00  1.03243418E+01  9.99837792E-01  8.28844798E+00
 -1.51002221E-01  1.00000000E+00  5.17198633E+00 -2.16452195E+00  2.16603942E+00  1.03731464E+01  9.99689360E-01  8.33196177E+00
 -1.49445497E-01  1.00000000E+00  5.17812398E+00 -2.16981995E+00  2.17190279E+00  1.04221881E+01  9.99541707E-01  8.37568566E+00
 -1.47888774E-01  1.00000000E+00  5.18507335E+00 -2.17637349E+00  2.17835933E+00  1.04744913E+01  9.99743365E-01  8.42199816E+00
 -1.46332050E-01  1.00000000E+00  5.19202273E+00 -2.18295100E+00  2.18439235E+00  1.05270614E+01  9.99946936E-01  8.46854616E+00
 -1.44775326E-01  1.00000000E+00  5.19916550E+00 -2.18873460E+00  2.19010488E+00  1.05762495E+01  9.99969448E-01  8.51224898E+00
 -1.43218602E-01  1.00000000E+00  5.20630828E+00 -2.19453707E+00  2.19622938E+00  1.06256723E+01  9.99993279E-01  8.55615916E+00
 -1.41661878E-01  1.00000000E+00  5.21635439E+00 -2.20059579E+00  2.20197230E+00  1.06789953E+01  1.00001748E+00  8.60353583E+00
 -1.40105154E-01  1.00000000E+00  5.22640050E+00 -2.20667490E+00  2.20756336E+00  1.07325921E+01  1.00004281E+00  8.65115488E+00
 -1.38548430E-01  1.00000000E+00  5.23354159E+00 -2.21280581E+00  2.21408104E+00  1.07919141E+01  9.99848183E-01  8.70405858E+00
 -1.36991706E-01  1.00000000E+00  5.24068268E+00 -2.21895750E+00  2.22086044E+00  1.08515738E+01  9.99654263E-01  8.75726184E+00
 -1.35434982E-01  1.00000000E+00  5.25028207E+00 -2.22641223E+00  2.22776166E+00  1.09143136E+01  9.99805444E-01  8.81289616E+00
 -1.33878258E-01  1.00000000E+00  5.25988147E+00 -2.23389735E+00  2.23463737E+00  1.09774231E+01  9.99958713E-01  8.86885720E+00
 -1.32321534E-01  1.00000000E+00  5.26918611E+00 -2.24071095E+00  2.24185940E+00  1.10407685E+01  9.99836347E-01  8.92527301E+00
 -1.30764810E-01  1.00000000E+00  5.27849076E+00 -2.24755007E+00  2.24907104E+00  1.11044889E+01  9.99715241E-01  8.98202099E+00
 -1.29208086E-01  1.00000000E+00  5.28817307E+00 -2.25506782E+00  2.25719513E+00  1.11728679E+01  9.99651744E-01  9.04285877E+00
 -1.27651362E-01  1.00000000E+00  5.29785539E+00 -2.26261640E+00  2.26536899E+00  1.12416779E+01  9.99589959E-01  9.10407816E+00
 -1.26094638E-01  1.00000000E+00  5.31011142E+00 -2.27075254E+00  2.27285048E+00  1.13131109E+01  9.99723894E-01  9.16745508E+00
 -1.24537915E-01  1.00000000E+00  5.32236745E+00 -2.27892397E+00  2.28045193E+00  1.13850072E+01  9.99859856E-01  9.23124210E+00
 -1.22981191E-01  1.00000000E+00  5.33275964E+00 -2.28754200E+00  2.28883674E+00  1.14625016E+01  9.99927919E-01  9.30006550E+00
 -1.21424467E-01  1.00000000E+00  5.34315182E+00 -2.29619946E+00  2.29701248E+00  1.15405351E+01  9.99998106E-01  9.36936623E+00
 -1.19867743E-01  1.00000000E+00  5.35575225E+00 -2.30490639E+00  2.30522401E+00  1.16174505E+01  1.00011567E+00  9.43763092E+00
 -1.18311019E-01  1.00000000E+00  5.36835268E+00 -2.31365324E+00  2.31386721E+00  1.16948888E+01  1.00023564E+00  9.50635836E+00
 -1.16754295E-01  1.00000000E+00  5.38273702E+00 -2.32204215E+00  2.32275123E+00  1.17786689E+01  9.99986436E-01  9.58105107E+00
 -1.15197571E-01  1.00000000E+00  5.39712136E+00 -2.33046782E+00  2.33149865E+00  1.18630663E+01  9.99738445E-01  9.65629144E+00
 -1.13640847E-01  1.00000000E+00  5.40723105E+00 -2.33933339E+00  2.34216106E+00  1.19543625E+01  9.99338656E-01  9.73779893E+00
 -1.12084123E-01  1.00000000E+00  5.41734074E+00 -2.34823989E+00  2.35289681E+00  1.20463823E+01  9.98940184E-01  9.81994851E+00
 -1.10527399E-01  1.00000000E+00  5.43191462E+00 -2.35998076E+00  2.36488305E+00  1.21493833E+01  9.99173929E-01  9.91129722E+00
 -1.08970675E-01  1.00000000E+00  5.44648850E+00 -2.37179233E+00  2.37613934E+00  1.22532809E+01  9.99412351E-01  1.00034387E+01
 -1.07413951E-01  1.00000000E+00  5.46249808E+00 -2.38364509E+00  2.38615069E+00  1.23463807E+01  1.00017980E+00  1.00855120E+01
 -1.05857227E-01  1.00000000E+00  5.47850767E+00 -2.39556691E+00  2.39647772E+00  1.24401955E+01  1.00095328E+00  1.01682153E+01
 -1.04300503E-01  1.00000000E+00  5.49810761E+00 -2.40542050E+00  2.40567479E+00  1.25457203E+01  1.00058711E+00  1.02623406E+01
 -1.02743780E-01  1.00000000E+00  5.51770754E+00 -2.41532156E+00  2.41528110E+00  1.26521682E+01  1.00022152E+00  1.03572859E+01
 -1.01187056E-01  1.00000000E+00  5.53030048E+00 -2.42555139E+00  2.42816091E+00  1.27705965E+01  9.99459791E-01  1.04632327E+01
 -9.96303316E-02  1.00000000E+00  5.54289341E+00 -2.43583138E+00  2.44166036E+00  1.28901731E+01  9.98698158E-01  1.05701999E+01
 -9.80736077E-02  1.00000000E+00  5.56016803E+00 -2.45026178E+00  2.45660144E+00  1.30141937E+01  9.99189048E-01  1.06800042E+01
 -9.65168838E-02  1.00000000E+00  5.57744264E+00 -2.46479392E+00  2.47047285E+00  1.31394246E+01  9.99687597E-01  1.07908773E+01
 -9.49601598E-02  1.00000000E+00  5.59882219E+00 -2.47732380E+00  2.48218131E+00  1.32695522E+01  9.99504080E-01  1.09067095E+01
 -9.34034359E-02  1.00000000E+00  5.62020174E+00 -2.48992852E+00  2.49448285E+00  1.34010030E+01  9.99322369E-01  1.10237161E+01
 -9.18467120E-02  1.00000000E+00  5.63523693E+00 -2.50412231E+00  2.51053415E+00  1.35410791E+01  9.99297996E-01  1.11482499E+01
 -9.02899881E-02  1.00000000E+00  5.65027212E+00 -2.51841272E+00  2.52631753E+00  1.36826517E+01  9.99277898E-01  1.12741101E+01
 -8.87332641E-02  1.00000000E+00  5.67808880E+00 -2.53310723E+00  2.53879135E+00  1.38283331E+01  9.99481387E-01  1.14034238E+01
 -8.71765402E-02  1.00000000E+00  5.70590548E+00 -2.54790196E+00  2.55173688E+00  1.39755996E+01  9.99688370E-01  1.15341434E+01
 -8.56198163E-02  1.00000000E+00  5.72453232E+00 -2.56215929E+00  2.56781256E+00  1.41371555E+01  9.99100142E-01  1.16782715E+01
 -8.40630923E-02  1.00000000E+00  5.74315916E+00 -2.57650893E+00  2.58464422E+00  1.43006347E+01  9.98512935E-01  1.18241083E+01
 -8.25063684E-02  1.00000000E+00  5.76827093E+00 -2.59727910E+00  2.60367725E+00  1.44906833E+01  9.99417432E-01  1.19922363E+01
 -8.09496445E-02  1.00000000E+00  5.79338270E+00 -2.61824443E+00  2.62101973E+00  1.46832956E+01  1.00033335E+00  1.21626331E+01
 -7.93929205E-02  1.00000000E+00  5.81452866E+00 -2.63390731E+00  2.63848592E+00  1.48717767E+01  9.99481679E-01  1.23309289E+01
 -7.78361966E-02  1.00000000E+00  5.83567462E+00 -2.64967577E+00  2.65692235E+00  1.50627544E+01  9.98629800E-01  1.25014441E+01
 -7.62794727E-02  1.00000000E+00  5.85712703E+00 -2.66445818E+00  2.67891105E+00  1.52320332E+01  9.97731090E-01  1.26527130E+01
 -7.47227487E-02  1.00000000E+00  5.87857944E+00 -2.67934082E+00  2.69997868E+00  1.54032649E+01  9.96836741E-01  1.28057139E+01
 -7.31660248E-02  1.00000000E+00  5.91127798E+00 -2.70797953E+00  2.72381584E+00  1.56675354E+01  9.98726281E-01  1.30389414E+01
 -7.16093009E-02  1.00000000E+00  5.94397652E+00 -2.73696611E+00  2.74287586E+00  1.59364013E+01  1.00063480E+00  1.32762369E+01
 -7.00525769E-02  1.00000000E+00  5.96929605E+00 -2.75648843E+00  2.76198280E+00  1.61747859E+01  9.99831604E-01  1.34888482E+01
 -6.84958530E-02  1.00000000E+00  5.99461558E+00 -2.77616585E+00  2.78408162E+00  1.64168411E+01  9.99028065E-01  1.37047227E+01
 -6.69391291E-02  1.00000000E+00  6.02546852E+00 -2.80013637E+00  2.80530900E+00  1.66697590E+01  9.99548070E-01  1.39290763E+01
 -6.53824051E-02  1.00000000E+00  6.05632146E+00 -2.82434379E+00  2.82584311E+00  1.69266477E+01  1.00007564E+00  1.41569530E+01
 -6.38256812E-02  1.00000000E+00  6.07889786E+00 -2.84030660E+00  2.85523454E+00  1.71652134E+01  9.97713725E-01  1.43711108E+01
 -6.22689573E-02  1.00000000E+00  6.10147426E+00 -2.85636568E+00  2.88542292E+00  1.74072701E+01  9.95352126E-01  1.45883716E+01
 -6.07122333E-02  1.00000000E+00  6.13427170E+00 -2.89505072E+00  2.91620228E+00  1.77605833E+01  9.98314409E-01  1.48997945E+01
 -5.91555094E-02  1.00000000E+00  6.16706914E+00 -2.93432540E+00  2.94322092E+00  1.81211338E+01  1.00131631E+00  1.52176156E+01
 -5.75987855E-02  1.00000000E+00  6.19773293E+00 -2.95508343E+00  2.96524361E+00  1.84345691E+01  9.99442008E-01  1.54978907E+01
 -5.60420615E-02  1.00000000E+00  6.22839673E+00 -2.97597499E+00  2.99088258E+00  1.87536270E+01  9.97557519E-01  1.57831728E+01
 -5.44853376E-02  1.00000000E+00  6.23880509E+00 -2.98344515E+00  3.03195148E+00  1.90512183E+01  9.91257925E-01  1.60532981E+01
 -5.29286137E-02  1.00000000E+00  6.24921345E+00 -2.99081295E+00  3.07099142E+00  1.93539025E+01  9.84958856E-01  1.63279499E+01
 -5.13718898E-02  1.00000000E+00  6.24357101E+00 -3.05511617E+00  3.12378963E+00  1.98697839E+01  9.91386492E-01  1.67807977E+01
 -4.98151658E-02  1.00000000E+00  6.23792857E+00 -3.12091257E+00  3.16961616E+00  2.03994361E+01  9.97973366E-01  1.72457446E+01
 -4.82584419E-02  1.00000000E+00  6.29304818E+00 -3.15952636E+00  3.18528288E+00  2.07562286E+01  1.00205581E+00  1.75592647E+01
 -4.67017180E-02  1.00000000E+00  6.34816778E+00 -3.19866002E+00  3.18810380E+00  2.11193031E+01  1.00617505E+00  1.78783360E+01
 -4.51449940E-02  1.00000000E+00  6.30172303E+00 -3.20765336E+00  3.22245470E+00  2.15197500E+01  9.99233005E-01  1.82404595E+01
 -4.35882701E-02  1.00000000E+00  6.25527829E+00 -3.21642186E+00  3.26050431E+00  2.19283841E+01  9.92274299E-01  1.86098754E+01
 -4.20315462E-02  1.00000000E+00  6.20006583E+00 -3.26700320E+00  3.29300200E+00  2.23393289E+01  9.98285750E-01  1.89698161E+01
 -4.04748222E-02  1.00000000E+00  6.14485338E+00 -3.31842582E+00  3.31217001E+00  2.27579811E+01  1.00438663E+00  1.93365284E+01
 -3.89180983E-02  1.00000000E+00  5.96622548E+00 -3.31889304E+00  3.32126505E+00  2.28490952E+01  1.00338802E+00  1.94184064E+01
 -3.73613744E-02  1.00000000E+00  5.78759758E+00 -3.31933166E+00  3.32588353E+00  2.29406121E+01  1.00238732E+00  1.95006443E+01
 -3.58046504E-02  1.00000000E+00  5.40848135E+00 -3.25314299E+00  3.20528086E+00  2.19520343E+01  1.00916372E+00  1.86158850E+01
 -3.42479265E-02  1.00000000E+00  5.02936512E+00 -3.18848710E+00  3.07889728E+00  2.10071356E+01  1.01600664E+00  1.77698924E+01
 -3.26912026E-02  1.00000000E+00  4.41135592E+00 -3.20235089E+00  2.82033977E+00  1.85917118E+01  1.09965624E+00  1.55484939E+01
 -3.11344786E-02  1.00000000E+00  3.79334671E+00 -3.20296435E+00  2.44820638E+00  1.64866732E+01  1.18569521E+00  1.36008694E+01
 -2.95777547E-02  1.00000000E+00  3.79590044E+00 -1.98007852E+00  1.59341760E+00  8.68506979E+00  1.07155022E+00  6.76757295E+00
 -2.80210308E-02  1.00000000E+00  3.79845417E+00 -1.26378494E+00  1.23892294E+00  4.58316354E+00  1.02980648E+00  3.15853961E+00
 -2.64643068E-02  1.00000000E+00  3.68199445E+00 -4.71735069E-01  4.50926647E-01  1.62033128E+00  1.02930439E+00  5.25357234E-01
 -2.49075829E-02  1.00000000E+00  3.56553473E+00 -1.32569500E-01  4.26072934E-01  5.74197746E-01  1.19560101E+00 -5.52358453E-01
 -2.33508590E-02  1.00000000E+00  8.34458239E+00  1.22168786E+00  6.66424081E-01  2.79440162E+00  1.36359513E+00  1.27182799E+00
 -2.17941350E-02  1.00000000E+00  1.31236300E+01  8.17799631E+00  1.69372670E+00  1.68691094E+01  4.44074085E+00  1.10474387E+01
 -2.02374111E-02  1.00000000E+00  1.55387033E+01  4.28809587E+00  2.19701417E+00  1.37437634E+01  1.84495337E+00  1.05767200E+01
 -1.86806872E-02  1.00000000E+00  1.79537765E+01  1.70804316E+00  2.02111140E+00  1.30161817E+01  6.88682909E-01  1.09577767E+01
 -1.71239633E-02  1.00000000E+00  2.13177855E+01  3.03522838E+00  1.86337064E+00  1.78076742E+01  1.00997996E+00  1.49312838E+01
 -1.55672393E-02  1.00000000E+00  2.46817944E+01  5.03087875E+00  2.47653847E+00  2.45674433E+01  1.54830180E+00  2.04614591E+01
 -1.40105154E-02  1.00000000E+00  2.64158366E+01  4.04351233E+00  2.59075685E+00  2.00873834E+01  1.30230182E+00  1.66978503E+01
 -1.24537915E-02  1.00000000E+00  2.81498789E+01  3.24453106E+00  2.63010894E+00  1.64267045E+01  1.10111387E+00  1.36227473E+01
 -1.08970675E-02  1.00000000E+00  3.02354290E+01  3.61537927E+00  2.76405931E+00  1.36087273E+01  1.38216617E+00  1.08680543E+01
 -9.34034359E-03  1.00000000E+00  3.23209790E+01  3.88649441E+00  2.93949416E+00  1.15367752E+01  1.68681415E+00  8.75552093E+00
 -7.78361966E-03  1.00000000E+00  3.34396608E+01  6.64315211E-01  3.07289961E+00  5.06182936E+00  7.30814253E-01  3.84979120E+00
 -6.22689573E-03  1.00000000E+00  3.45583425E+01 -8.80309435E-01  3.22708045E+00  3.04963390E+00  1.05320018E+00  1.77460776E+00
 -4.67017180E-03  1.00000000E+00  4.68166157E+01  2.87844211E+00  1.53781728E+00  9.58275904E+00  1.52342033E+00  7.16385663E+00
 -3.11344786E-03  1.00000000E+00  5.90748889E+01  2.55623256E+01  1.15057445E+01  5.36000488E+01  1.24960220E+01  3.65369127E+01
 -1.55672393E-03  1.00000000E+00  2.45554748E+01  3.13328843E+01  3.51862228E+00  2.67596882E+01  3.75457714E+01 -9.58762953E+00
  0.00000000E+00  1.00000000E+00 -9.96393932E+00  1.08406284E+02  1.74011197E+01  4.85392566E+01  2.42775964E+02 -1.72654851E+02
