# curve 5 (die wall), step =      500, time =   2.50000000E+01
# N1 = tau_xx - tau_yy = G ( c_xx - c_yy ),  G =  8.8889E-01  (polymer part only)
#              x               y        pressure            c_xy        gammadot            c_xx            c_yy              N1
 -3.00000000E+00  1.00000000E+00  1.53447832E+01 -2.01006135E+00  2.00048815E+00  9.04891945E+00  1.00162392E+00  7.15315158E+00
 -2.90036967E+00  1.00000000E+00  1.49296984E+01 -2.00851857E+00  1.99999433E+00  9.04601790E+00  1.00109256E+00  7.15104474E+00
 -2.80073934E+00  1.00000000E+00  1.45146135E+01 -2.00697648E+00  1.99960417E+00  9.04311768E+00  1.00056160E+00  7.14893873E+00
 -2.70110901E+00  1.00000000E+00  1.41198503E+01 -2.00819669E+00  2.00116255E+00  9.05926545E+00  1.00028130E+00  7.16354147E+00
 -2.60147867E+00  1.00000000E+00  1.37250871E+01 -2.00941761E+00  2.00681390E+00  9.07544389E+00  1.00000092E+00  7.17817153E+00
 -2.50184834E+00  1.00000000E+00  1.33187044E+01 -2.00995625E+00  2.00253417E+00  9.07031491E+00  1.00013375E+00  7.17349437E+00
 -2.40221801E+00  1.00000000E+00  1.29123217E+01 -2.01049385E+00  2.00232775E+00  9.06519008E+00  1.00026668E+00  7.16882080E+00
 -2.30258768E+00  1.00000000E+00  1.25173566E+01 -2.01113173E+00  2.00148343E+00  9.05402422E+00  1.00111494E+00  7.15814158E+00
 -2.20295735E+00  1.00000000E+00  1.21223916E+01 -2.01176803E+00  1.99851095E+00  9.04287582E+00  1.00196356E+00  7.14747757E+00
 -2.10332702E+00  1.00000000E+00  1.17271424E+01 -2.00933502E+00  1.99967525E+00  9.03791831E+00  1.00138073E+00  7.14358896E+00
 -2.00369668E+00  1.00000000E+00  1.13318933E+01 -2.00690346E+00  2.00069611E+00  9.03296450E+00  1.00079883E+00  7.13970282E+00
 -1.90406635E+00  1.00000000E+00  1.09297026E+01 -2.00639194E+00  1.99984249E+00  9.02875844E+00  1.00076964E+00  7.13599005E+00
 -1.80443602E+00  1.00000000E+00  1.05275120E+01 -2.00588057E+00  1.99912514E+00  9.02455439E+00  1.00074045E+00  7.13227905E+00
 -1.70480569E+00  1.00000000E+00  1.01266525E+01 -2.00281395E+00  1.99851887E+00  9.01316468E+00  1.00003262E+00  7.12278405E+00
 -1.60517536E+00  1.00000000E+00  9.72579311E+00 -1.99975139E+00  1.99809807E+00  9.00178958E+00  9.99325919E-01  7.11330103E+00
 -1.50554503E+00  1.00000000E+00  9.31856438E+00 -1.99995145E+00  1.99313349E+00  8.97170706E+00  1.00128685E+00  7.08481796E+00
 -1.40591469E+00  1.00000000E+00  8.91133565E+00 -2.00014703E+00  1.98372686E+00  8.94174200E+00  1.00324974E+00  7.05643757E+00
 -1.30628436E+00  1.00000000E+00  8.54078927E+00 -2.01545313E+00  1.97867992E+00  8.95703596E+00  1.01033501E+00  7.06373418E+00
 -1.20665403E+00  1.00000000E+00  8.17024289E+00 -2.03082099E+00  1.96686506E+00  8.97241881E+00  1.01747298E+00  7.07106296E+00
 -1.10702370E+00  1.00000000E+00  7.74986931E+00 -1.99352538E+00  1.94230666E+00  8.83738198E+00  1.00846836E+00  6.95903433E+00
 -1.00739337E+00  1.00000000E+00  7.32949572E+00 -1.95682072E+00  1.93991712E+00  8.70441538E+00  9.99634590E-01  6.84869403E+00
 -9.07763035E-01  1.00000000E+00  6.94594057E+00 -1.95091058E+00  1.92903314E+00  8.60786808E+00  1.00239119E+00  6.76042390E+00
 -8.08132704E-01  1.00000000E+00  6.56238542E+00 -1.94501392E+00  1.91691531E+00  8.51247624E+00  1.00514779E+00  6.67318085E+00
 -7.22034729E-01  1.00000000E+00  6.25296320E+00 -1.92443824E+00  1.90461414E+00  8.39285155E+00  1.00288206E+00  6.56886177E+00
 -6.35936755E-01  1.00000000E+00  5.94354098E+00 -1.90410684E+00  1.89347241E+00  8.27491339E+00  1.00065167E+00  6.46601042E+00
 -5.73827795E-01  1.00000000E+00  5.74145241E+00 -1.89537616E+00  1.88411387E+00  8.19504069E+00  1.00096706E+00  6.39473211E+00
 -5.11718835E-01  1.00000000E+00  5.53936384E+00 -1.88669436E+00  1.87932462E+00  8.11596795E+00  1.00128312E+00  6.32416429E+00
 -4.66929126E-01  1.00000000E+00  5.40835991E+00 -1.88059576E+00  1.88389920E+00  8.11077370E+00  9.98118449E-01  6.32236022E+00
 -4.22139416E-01  1.00000000E+00  5.27735598E+00 -1.87450811E+00  1.88863153E+00  8.10559365E+00  9.94963907E-01  6.32055977E+00
 -3.89839447E-01  1.00000000E+00  5.20478880E+00 -1.88331948E+00  1.89682828E+00  8.14421416E+00  9.96501984E-01  6.35352194E+00
 -3.57539479E-01  1.00000000E+00  5.13222161E+00 -1.89217096E+00  1.90301647E+00  8.18301867E+00  9.98049174E-01  6.38663955E+00
 -3.34246444E-01  1.00000000E+00  5.09906631E+00 -1.90446570E+00  1.91003924E+00  8.25478608E+00  9.99320693E-01  6.44930256E+00
 -3.10953409E-01  1.00000000E+00  5.06591101E+00 -1.91685091E+00  1.91799281E+00  8.32718532E+00  1.00060522E+00  6.51251564E+00
 -2.94155704E-01  1.00000000E+00  5.04427829E+00 -1.92798809E+00  1.93075624E+00  8.42050706E+00  1.00022237E+00  6.59580861E+00
 -2.77357998E-01  1.00000000E+00  5.02264557E+00 -1.93920805E+00  1.94251050E+00  8.51490518E+00  9.99844858E-01  6.68005362E+00
 -2.65244381E-01  1.00000000E+00  5.01621080E+00 -1.94903120E+00  1.95244176E+00  8.60060085E+00  9.99294987E-01  6.75671632E+00
 -2.53130763E-01  1.00000000E+00  5.00977603E+00 -1.95891870E+00  1.96432205E+00  8.68718589E+00  9.98749224E-01  6.83416593E+00
 -2.44395061E-01  1.00000000E+00  5.00674105E+00 -1.96942097E+00  1.97535313E+00  8.76967857E+00  9.98712934E-01  6.90752501E+00
 -2.35659359E-01  1.00000000E+00  5.00370606E+00 -1.97999409E+00  1.98631009E+00  8.85297168E+00  9.98682519E-01  6.98159037E+00
 -2.29359633E-01  1.00000000E+00  5.00738638E+00 -1.99106396E+00  1.99523387E+00  8.93147702E+00  9.99392569E-01  7.05074173E+00
 -2.23059906E-01  1.00000000E+00  5.01106671E+00 -2.00220772E+00  2.00359109E+00  9.01068842E+00  1.00010943E+00  7.12051466E+00
 -2.18516876E-01  1.00000000E+00  5.01476933E+00 -2.00918603E+00  2.00950360E+00  9.07032627E+00  1.00001566E+00  7.17360944E+00
 -2.13973846E-01  1.00000000E+00  5.01847194E+00 -2.01619465E+00  2.01634849E+00  9.13036980E+00  9.99923505E-01  7.22706337E+00
 -2.10697652E-01  1.00000000E+00  5.02082684E+00 -2.02134177E+00  2.02168073E+00  9.17556391E+00  9.99748007E-01  7.26739192E+00
 -2.07421459E-01  1.00000000E+00  5.02318173E+00 -2.02650549E+00  2.02736224E+00  9.22098822E+00  9.99573451E-01  7.30792424E+00
 -2.05058841E-01  1.00000000E+00  5.02559888E+00 -2.03154469E+00  2.03226266E+00  9.25859850E+00  9.99776026E-01  7.34117554E+00
 -2.02696223E-01  1.00000000E+00  5.02801602E+00 -2.03659908E+00  2.03684856E+00  9.29636469E+00  9.99979929E-01  7.37456423E+00
 -2.00978443E-01  1.00000000E+00  5.03127814E+00 -2.03980963E+00  2.03967807E+00  9.32189575E+00  1.00003268E+00  7.39721162E+00
 -1.99260663E-01  1.00000000E+00  5.03454025E+00 -2.04302641E+00  2.04243136E+00  9.34749839E+00  1.00008590E+00  7.41992221E+00
 -1.97703939E-01  1.00000000E+00  5.03653357E+00 -2.04601302E+00  2.04570434E+00  9.37366298E+00  1.00000978E+00  7.44324729E+00
 -1.96147215E-01  1.00000000E+00  5.03852688E+00 -2.04900511E+00  2.04886689E+00  9.39990285E+00  9.99933969E-01  7.46663901E+00
 -1.94590491E-01  1.00000000E+00  5.04096519E+00 -2.05211534E+00  2.05199307E+00  9.42605095E+00  9.99892700E-01  7.48991844E+00
 -1.93033768E-01  1.00000000E+00  5.04340349E+00 -2.05523149E+00  2.05522844E+00  9.45227354E+00  9.99851839E-01  7.51326373E+00
 -1.91477044E-01  1.00000000E+00  5.04606432E+00 -2.05873492E+00  2.05870267E+00  9.48059558E+00  9.99884220E-01  7.53841010E+00
 -1.89920320E-01  1.00000000E+00  5.04872515E+00 -2.06224572E+00  2.06209512E+00  9.50900428E+00  9.99917142E-01  7.56363301E+00
 -1.88363596E-01  1.00000000E+00  5.05180036E+00 -2.06579954E+00  2.06552276E+00  9.53799343E+00  9.99942682E-01  7.58937844E+00
 -1.86806872E-01  1.00000000E+00  5.05487556E+00 -2.06936093E+00  2.06902408E+00  9.56707286E+00  9.99968763E-01  7.61520364E+00
 -1.85250148E-01  1.00000000E+00  5.05833034E+00 -2.07305057E+00  2.07247740E+00  9.59699913E+00  1.00001364E+00  7.64176488E+00
 -1.83693424E-01  1.00000000E+00  5.06178512E+00 -2.07674831E+00  2.07598190E+00  9.62702098E+00  1.00005910E+00  7.66841056E+00
 -1.82136700E-01  1.00000000E+00  5.06516809E+00 -2.08027396E+00  2.07967518E+00  9.65782845E+00  9.99972522E-01  7.69587193E+00
 -1.80579976E-01  1.00000000E+00  5.06855106E+00 -2.08380713E+00  2.08345930E+00  9.68873709E+00  9.99886408E-01  7.72342283E+00
 -1.79023252E-01  1.00000000E+00  5.07231036E+00 -2.08766970E+00  2.08738677E+00  9.72106316E+00  9.99878097E-01  7.75216450E+00
 -1.77466528E-01  1.00000000E+00  5.07606967E+00 -2.09154117E+00  2.09133023E+00  9.75349954E+00  9.99870395E-01  7.78100368E+00
 -1.75909804E-01  1.00000000E+00  5.08001968E+00 -2.09576137E+00  2.09567030E+00  9.78804958E+00  9.99905052E-01  7.81168403E+00
 -1.74353080E-01  1.00000000E+00  5.08396970E+00 -2.09999208E+00  2.09985528E+00  9.82272457E+00  9.99940475E-01  7.84247475E+00
 -1.72796356E-01  1.00000000E+00  5.08842677E+00 -2.10422613E+00  2.10387717E+00  9.85774033E+00  9.99974453E-01  7.87356967E+00
 -1.71239633E-01  1.00000000E+00  5.09288385E+00 -2.10847071E+00  2.10795768E+00  9.89288360E+00  1.00000916E+00  7.90477728E+00
 -1.69682909E-01  1.00000000E+00  5.09745550E+00 -2.11279051E+00  2.11230256E+00  9.92921905E+00  1.00000027E+00  7.93708336E+00
 -1.68126185E-01  1.00000000E+00  5.10202715E+00 -2.11712129E+00  2.11676663E+00  9.96569094E+00  9.99992144E-01  7.96951004E+00
 -1.66569461E-01  1.00000000E+00  5.10738274E+00 -2.12148635E+00  2.12119352E+00  1.00040435E+01  9.99930571E-01  8.00365591E+00
 -1.65012737E-01  1.00000000E+00  5.11273834E+00 -2.12586258E+00  2.12561873E+00  1.00425474E+01  9.99869641E-01  8.03793575E+00
 -1.63456013E-01  1.00000000E+00  5.11727669E+00 -2.13044408E+00  2.13065970E+00  1.00841326E+01  9.99737881E-01  8.07501756E+00
 -1.61899289E-01  1.00000000E+00  5.12181504E+00 -2.13503790E+00  2.13566381E+00  1.01258948E+01  9.99606777E-01  8.11225606E+00
 -1.60342565E-01  1.00000000E+00  5.12693788E+00 -2.14000804E+00  2.14104189E+00  1.01659892E+01  9.99659472E-01  8.14784865E+00
 -1.58785841E-01  1.00000000E+00  5.13206072E+00 -2.14499245E+00  2.14620339E+00  1.02062452E+01  9.99713363E-01  8.18358385E+00
 -1.57229117E-01  1.00000000E+00  5.13926015E+00 -2.15069726E+00  2.15136758E+00  1.02522056E+01  9.99929346E-01  8.22424557E+00
 -1.55672393E-01  1.00000000E+00  5.14645957E+00 -2.15642032E+00  2.15638194E+00  1.02983768E+01  1.00014659E+00  8.26509353E+00
 -1.54115669E-01  1.00000000E+00  5.15318630E+00 -2.16127142E+00  2.16115915E+00  1.03435521E+01  9.99991812E-01  8.30538693E+00
 -1.52558945E-01  1.00000000E+00  5.15991302E+00 -2.16613606E+00  2.16611650E+00  1.03889312E+01  9.99837667E-01  8.34586096E+00
 -1.51002221E-01  1.00000000E+00  5.16599060E+00 -2.17149573E+00  2.17187802E+00  1.04388790E+01  9.99678800E-01  8.39040014E+00
 -1.49445497E-01  1.00000000E+00  5.17206817E+00 -2.17687182E+00  2.17784394E+00  1.04890736E+01  9.99520698E-01  8.43515812E+00
 -1.47888774E-01  1.00000000E+00  5.17897163E+00 -2.18355984E+00  2.18442470E+00  1.05426016E+01  9.99730698E-01  8.48255188E+00
 -1.46332050E-01  1.00000000E+00  5.18587510E+00 -2.19027271E+00  2.19055915E+00  1.05964073E+01  9.99942666E-01  8.53019075E+00
 -1.44775326E-01  1.00000000E+00  5.19297622E+00 -2.19615450E+00  2.19634293E+00  1.06466032E+01  9.99968885E-01  8.57478604E+00
 -1.43218602E-01  1.00000000E+00  5.20007734E+00 -2.20205571E+00  2.20255662E+00  1.06970418E+01  9.99996443E-01  8.61959590E+00
 -1.41661878E-01  1.00000000E+00  5.21019033E+00 -2.20822188E+00  2.20836208E+00  1.07515287E+01  1.00002602E+00  8.66800239E+00
 -1.40105154E-01  1.00000000E+00  5.22030332E+00 -2.21440906E+00  2.21400438E+00  1.08062996E+01  1.00005674E+00  8.71666032E+00
 -1.38548430E-01  1.00000000E+00  5.22733420E+00 -2.22060969E+00  2.22061892E+00  1.08669417E+01  9.99846232E-01  8.77075156E+00
 -1.36991706E-01  1.00000000E+00  5.23436508E+00 -2.22683145E+00  2.22750716E+00  1.09279346E+01  9.99636390E-01  8.82515393E+00
 -1.35434982E-01  1.00000000E+00  5.24394626E+00 -2.23442388E+00  2.23450987E+00  1.09920556E+01  9.99795043E-01  8.88200942E+00
 -1.33878258E-01  1.00000000E+00  5.25352744E+00 -2.24204767E+00  2.24148540E+00  1.10565601E+01  9.99955827E-01  8.93920380E+00
 -1.32321534E-01  1.00000000E+00  5.26279543E+00 -2.24896886E+00  2.24880210E+00  1.11212600E+01  9.99832262E-01  8.99682469E+00
 -1.30764810E-01  1.00000000E+00  5.27206341E+00 -2.25591624E+00  2.25610625E+00  1.11863484E+01  9.99709953E-01  9.05478971E+00
 -1.29208086E-01  1.00000000E+00  5.28166464E+00 -2.26354087E+00  2.26435945E+00  1.12561638E+01  9.99640977E-01  9.11690917E+00
 -1.27651362E-01  1.00000000E+00  5.29126586E+00 -2.27119706E+00  2.27266449E+00  1.13264253E+01  9.99573708E-01  9.17942366E+00
 -1.26094638E-01  1.00000000E+00  5.30353592E+00 -2.27947321E+00  2.28023189E+00  1.13993496E+01  9.99717446E-01  9.24411746E+00
 -1.24537915E-01  1.00000000E+00  5.31580598E+00 -2.28778568E+00  2.28791496E+00  1.14727532E+01  9.99863236E-01  9.30923548E+00
 -1.22981191E-01  1.00000000E+00  5.32610675E+00 -2.29652837E+00  2.29640810E+00  1.15518411E+01  9.99931176E-01  9.37947546E+00
 -1.21424467E-01  1.00000000E+00  5.33640752E+00 -2.30531141E+00  2.30468281E+00  1.16314863E+01  1.00000124E+00  9.45020892E+00
 -1.19867743E-01  1.00000000E+00  5.34896414E+00 -2.31413430E+00  2.31297662E+00  1.17098346E+01  1.00012192E+00  9.51974459E+00
 -1.18311019E-01  1.00000000E+00  5.36152076E+00 -2.32299798E+00  2.32172383E+00  1.17887213E+01  1.00024503E+00  9.58975673E+00
 -1.16754295E-01  1.00000000E+00  5.37590486E+00 -2.33148764E+00  2.33070351E+00  1.18741144E+01  9.99989994E-01  9.66588840E+00
 -1.15197571E-01  1.00000000E+00  5.39028896E+00 -2.34001470E+00  2.33953745E+00  1.19601439E+01  9.99736127E-01  9.74258467E+00
 -1.13640847E-01  1.00000000E+00  5.40021238E+00 -2.34897030E+00  2.35034337E+00  1.20531711E+01  9.99322155E-01  9.82564349E+00
 -1.12084123E-01  1.00000000E+00  5.41013581E+00 -2.35796739E+00  2.36122206E+00  1.21469437E+01  9.98909436E-01  9.90936381E+00
 -1.10527399E-01  1.00000000E+00  5.42463087E+00 -2.36987476E+00  2.37337486E+00  1.22518350E+01  9.99150995E-01  1.00023858E+01
 -1.08970675E-01  1.00000000E+00  5.43912592E+00 -2.38185446E+00  2.38477159E+00  1.23576482E+01  9.99397289E-01  1.00962231E+01
 -1.07413951E-01  1.00000000E+00  5.45509960E+00 -2.39389916E+00  2.39485183E+00  1.24522033E+01  1.00020058E+00  1.01795579E+01
 -1.05857227E-01  1.00000000E+00  5.47107328E+00 -2.40601471E+00  2.40525026E+00  1.25474893E+01  1.00101008E+00  1.02635371E+01
 -1.04300503E-01  1.00000000E+00  5.49073386E+00 -2.41594883E+00  2.41447744E+00  1.26547624E+01  1.00063616E+00  1.03592233E+01
 -1.02743780E-01  1.00000000E+00  5.51039445E+00 -2.42593076E+00  2.42411726E+00  1.27629815E+01  1.00026271E+00  1.04557501E+01
 -1.01187056E-01  1.00000000E+00  5.52271641E+00 -2.43615552E+00  2.43710844E+00  1.28831602E+01  9.99463055E-01  1.05632863E+01
 -9.96303316E-02  1.00000000E+00  5.53503838E+00 -2.44642975E+00  2.45075522E+00  1.30045116E+01  9.98663292E-01  1.06718652E+01
 -9.80736077E-02  1.00000000E+00  5.55218159E+00 -2.46103411E+00  2.46586097E+00  1.31303541E+01  9.99171312E-01  1.07832736E+01
 -9.65168838E-02  1.00000000E+00  5.56932480E+00 -2.47574211E+00  2.47986410E+00  1.32574315E+01  9.99687107E-01  1.08957728E+01
 -9.49601598E-02  1.00000000E+00  5.59066811E+00 -2.48837558E+00  2.49162556E+00  1.33893325E+01  9.99509647E-01  1.10131759E+01
 -9.34034359E-02  1.00000000E+00  5.61201142E+00 -2.50108460E+00  2.50396956E+00  1.35225808E+01  9.99333913E-01  1.11317750E+01
 -9.18467120E-02  1.00000000E+00  5.62681072E+00 -2.51532864E+00  2.52010911E+00  1.36642058E+01  9.99301456E-01  1.12576927E+01
 -9.02899881E-02  1.00000000E+00  5.64161001E+00 -2.52966939E+00  2.53599803E+00  1.38073470E+01  9.99273139E-01  1.13849545E+01
 -8.87332641E-02  1.00000000E+00  5.66943657E+00 -2.54446406E+00  2.54848468E+00  1.39545305E+01  9.99494409E-01  1.15155877E+01
 -8.71765402E-02  1.00000000E+00  5.69726312E+00 -2.55935964E+00  2.56143480E+00  1.41033173E+01  9.99719133E-01  1.16476428E+01
 -8.56198163E-02  1.00000000E+00  5.71573755E+00 -2.57362719E+00  2.57753309E+00  1.42663179E+01  9.99123487E-01  1.17930617E+01
 -8.40630923E-02  1.00000000E+00  5.73421199E+00 -2.58798636E+00  2.59438801E+00  1.44312588E+01  9.98528664E-01  1.19402046E+01
 -8.25063684E-02  1.00000000E+00  5.75915954E+00 -2.60875292E+00  2.61343756E+00  1.46225450E+01  9.99424372E-01  1.21094406E+01
 -8.09496445E-02  1.00000000E+00  5.78410710E+00 -2.62971351E+00  2.63080825E+00  1.48164051E+01  1.00033123E+00  1.22809546E+01
 -7.93929205E-02  1.00000000E+00  5.80499915E+00 -2.64536757E+00  2.64827493E+00  1.50058709E+01  9.99485869E-01  1.24501200E+01
 -7.78361966E-02  1.00000000E+00  5.82589119E+00 -2.66112621E+00  2.66669352E+00  1.51978364E+01  9.98640158E-01  1.26215078E+01
 -7.62794727E-02  1.00000000E+00  5.84723934E+00 -2.67595216E+00  2.68860628E+00  1.53675323E+01  9.97782981E-01  1.27731105E+01
 -7.47227487E-02  1.00000000E+00  5.86858748E+00 -2.69087827E+00  2.70957067E+00  1.55391723E+01  9.96930114E-01  1.29264375E+01
 -7.31660248E-02  1.00000000E+00  5.90099570E+00 -2.71920369E+00  2.73314229E+00  1.58028359E+01  9.98769277E-01  1.31591703E+01
 -7.16093009E-02  1.00000000E+00  5.93340392E+00 -2.74786767E+00  2.75209530E+00  1.60710345E+01  1.00062638E+00  1.33959184E+01
 -7.00525769E-02  1.00000000E+00  5.95849378E+00 -2.76721459E+00  2.77103046E+00  1.63081681E+01  9.99844700E-01  1.36073985E+01
 -6.84958530E-02  1.00000000E+00  5.98358363E+00 -2.78671290E+00  2.79291308E+00  1.65489027E+01  9.99062598E-01  1.38220801E+01
 -6.69391291E-02  1.00000000E+00  6.01442043E+00 -2.81050619E+00  2.81378538E+00  1.67998077E+01  9.99627783E-01  1.40446044E+01
 -6.53824051E-02  1.00000000E+00  6.04525724E+00 -2.83453168E+00  2.83394655E+00  1.70545882E+01  1.00020048E+00  1.42705668E+01
 -6.38256812E-02  1.00000000E+00  6.06773305E+00 -2.85025442E+00  2.86266694E+00  1.72904145E+01  9.97901606E-01  1.44822336E+01
 -6.22689573E-02  1.00000000E+00  6.09020887E+00 -2.86606963E+00  2.89235616E+00  1.75296260E+01  9.95602798E-01  1.46969095E+01
 -6.07122333E-02  1.00000000E+00  6.12266039E+00 -2.90355413E+00  2.92221473E+00  1.78753722E+01  9.98416620E-01  1.50017383E+01
 -5.91555094E-02  1.00000000E+00  6.15511190E+00 -2.94159043E+00  2.94859072E+00  1.82280028E+01  1.00126649E+00  1.53126545E+01
 -5.75987855E-02  1.00000000E+00  6.18507261E+00 -2.96202592E+00  2.97016247E+00  1.85339932E+01  9.99528983E-01  1.55861904E+01
 -5.60420615E-02  1.00000000E+00  6.21503332E+00 -2.98259236E+00  2.99511623E+00  1.88453065E+01  9.97782156E-01  1.58644661E+01
 -5.44853376E-02  1.00000000E+00  6.22653046E+00 -2.99090467E+00  3.03450168E+00  1.91354590E+01  9.92030646E-01  1.61274919E+01
 -5.29286137E-02  1.00000000E+00  6.23802760E+00 -2.99913857E+00  3.07198608E+00  1.94304077E+01  9.86277874E-01  1.63947820E+01
 -5.13718898E-02  1.00000000E+00  6.23420701E+00 -3.05953131E+00  3.12137183E+00  1.99222123E+01  9.92178734E-01  1.68266965E+01
 -4.98151658E-02  1.00000000E+00  6.23038642E+00 -3.12124340E+00  3.16467948E+00  2.04264877E+01  9.98216092E-01  1.72695748E+01
 -4.82584419E-02  1.00000000E+00  6.28126538E+00 -3.15749624E+00  3.18049134E+00  2.07684285E+01  1.00185748E+00  1.75702853E+01
 -4.67017180E-02  1.00000000E+00  6.33214435E+00 -3.19420840E+00  3.18457780E+00  2.11161360E+01  1.00552921E+00  1.78760949E+01
 -4.51449940E-02  1.00000000E+00  6.28748513E+00 -3.20373498E+00  3.21668768E+00  2.14924303E+01  9.99347842E-01  1.82160733E+01
 -4.35882701E-02  1.00000000E+00  6.24282592E+00 -3.21308749E+00  3.25208062E+00  2.18759285E+01  9.93150428E-01  1.85624694E+01
 -4.20315462E-02  1.00000000E+00  6.18983088E+00 -3.26040782E+00  3.28177130E+00  2.22548382E+01  9.98933026E-01  1.88941380E+01
 -4.04748222E-02  1.00000000E+00  6.13683584E+00 -3.30846184E+00  3.29849046E+00  2.26403147E+01  1.00479578E+00  1.92315724E+01
 -3.89180983E-02  1.00000000E+00  5.95557200E+00 -3.30510290E+00  3.30411012E+00  2.26907469E+01  1.00359785E+00  1.92774658E+01
 -3.73613744E-02  1.00000000E+00  5.77430816E+00 -3.30171998E+00  3.30709093E+00  2.27413199E+01  1.00240085E+00  1.93234836E+01
 -3.58046504E-02  1.00000000E+00  5.40560363E+00 -3.23300639E+00  3.18366621E+00  2.17193396E+01  1.00924651E+00  1.84089716E+01
 -3.42479265E-02  1.00000000E+00  5.03689910E+00 -3.16594369E+00  3.05519244E+00  2.07444534E+01  1.01615691E+00  1.75362636E+01
 -3.26912026E-02  1.00000000E+00  4.42230764E+00 -3.17134272E+00  2.79815950E+00  1.83277220E+01  1.09761441E+00  1.53156512E+01
 -3.11344786E-02  1.00000000E+00  3.80771618E+00 -3.16428396E+00  2.43146435E+00  1.62242632E+01  1.18124942E+00  1.33715678E+01
 -2.95777547E-02  1.00000000E+00  3.80564367E+00 -1.95092580E+00  1.59522471E+00  8.53841819E+00  1.06731842E+00  6.64097758E+00
 -2.80210308E-02  1.00000000E+00  3.80357117E+00 -1.24172752E+00  1.23482766E+00  4.50082188E+00  1.02632808E+00  3.08843894E+00
 -2.64643068E-02  1.00000000E+00  3.81350474E+00 -4.50385138E-01  4.42225970E-01  1.56246679E+00  1.03770578E+00  4.66454232E-01
 -2.49075829E-02  1.00000000E+00  3.82343831E+00 -1.14099981E-01  4.27968937E-01  5.44532145E-01  1.22469933E+00 -6.04593053E-01
 -2.33508590E-02  1.00000000E+00  8.46301496E+00  1.20253513E+00  6.93047395E-01  2.65893491E+00  1.37512708E+00  1.14116251E+00
 -2.17941350E-02  1.00000000E+00  1.31025916E+01  7.76838511E+00  1.70566895E+00  1.58517209E+01  4.27835270E+00  1.02874384E+01
 -2.02374111E-02  1.00000000E+00  1.55465834E+01  4.23583482E+00  2.17301910E+00  1.32158246E+01  1.85958966E+00  1.00944311E+01
 -1.86806872E-02  1.00000000E+00  1.79905751E+01  1.83118880E+00  1.99059993E+00  1.26904970E+01  7.28353279E-01  1.06330166E+01
 -1.71239633E-02  1.00000000E+00  2.12617084E+01  3.04279993E+00  1.86470058E+00  1.72565764E+01  1.02572511E+00  1.44274234E+01
 -1.55672393E-02  1.00000000E+00  2.45328416E+01  4.82255216E+00  2.44863100E+00  2.36000252E+01  1.49815708E+00  1.96461050E+01
 -1.40105154E-02  1.00000000E+00  2.63079976E+01  3.95829221E+00  2.53352717E+00  1.92388859E+01  1.30148285E+00  1.59443583E+01
 -1.24537915E-02  1.00000000E+00  2.80831537E+01  3.24940758E+00  2.56916623E+00  1.56834120E+01  1.13600432E+00  1.29310290E+01
 -1.08970675E-02  1.00000000E+00  3.01560538E+01  3.52234440E+00  2.73189670E+00  1.28926812E+01  1.38973701E+00  1.02248393E+01
 -9.34034359E-03  1.00000000E+00  3.22289540E+01  3.71032557E+00  2.91648675E+00  1.08229530E+01  1.65855189E+00  8.14613431E+00
 -7.78361966E-03  1.00000000E+00  3.33501617E+01  6.83856734E-01  3.06238104E+00  5.08357653E+00  7.30959055E-01  3.86899331E+00
 -6.22689573E-03  1.00000000E+00  3.44713694E+01 -8.57544135E-01  3.08073705E+00  3.23918243E+00  1.00555543E+00  1.98544622E+00
 -4.67017180E-03  1.00000000E+00  4.75237571E+01  3.02703960E+00  1.42234081E+00  9.60256300E+00  1.62364075E+00  7.09237533E+00
 -3.11344786E-03  1.00000000E+00  6.05761448E+01  2.56635063E+01  1.07921031E+01  5.13035436E+01  1.31570076E+01  3.39080320E+01
 -1.55672393E-03  1.00000000E+00  2.63696059E+01  3.01140131E+01  3.43832612E+00  2.49027212E+01  3.73462281E+01 -1.10608950E+01
  0.00000000E+00  1.00000000E+00 -7.83693312E+00  9.82999541E+01  1.56328729E+01  4.19092075E+01  2.31348719E+02 -1.68390677E+02
