# model=oldroyd  theta_MLE: lambda=1.09184, beta=0.874199, eta_0=0.846
# delta(x) = y_clean(x) - y_model(x; theta_MLE)   (x from curve4_x.txt)
# columns: x  delta
5.000000000000000000e+00 -5.954562093180459925e-03
4.950333040000000295e+00 -5.954933837941656094e-03
4.900666089999999642e+00 -5.955327978932833943e-03
4.850999129999999937e+00 -5.955513481690655198e-03
4.801332180000000172e+00 -5.955555615078989007e-03
4.751665219999999579e+00 -5.955479163202159754e-03
4.701998269999999813e+00 -5.955341370188271810e-03
4.652331310000000109e+00 -5.955165787913996311e-03
4.602664360000000343e+00 -5.954993873441338792e-03
4.552997399999999750e+00 -5.954819234788466531e-03
4.503330449999999985e+00 -5.954689197241957999e-03
4.453663490000000280e+00 -5.954595772449167157e-03
4.403996539999999627e+00 -5.954568901650025836e-03
4.354329579999999922e+00 -5.954593966140730998e-03
4.304662630000000156e+00 -5.954711466702677924e-03
4.254995669999999564e+00 -5.954906596649767181e-03
4.205328709999999859e+00 -5.955191292306594164e-03
4.155661760000000093e+00 -5.955577698685932120e-03
4.105994800000000389e+00 -5.956067740248371933e-03
4.056327849999999735e+00 -5.956665801764682300e-03
4.006660890000000030e+00 -5.957373285852884948e-03
3.956993939999999821e+00 -5.958190590761969219e-03
3.907326980000000116e+00 -5.959124475222621342e-03
3.857660029999999907e+00 -5.960163697332543364e-03
3.807993070000000202e+00 -5.961294861561050595e-03
3.758326119999999992e+00 -5.962525823868025654e-03
3.708659159999999844e+00 -5.963822762409254352e-03
3.658992210000000078e+00 -5.965172389591710811e-03
3.609325249999999929e+00 -5.966544013780827882e-03
3.559658300000000164e+00 -5.967952879808224864e-03
3.509991340000000015e+00 -5.969383979855358291e-03
3.460324389999999806e+00 -5.970716900079331424e-03
3.410657430000000101e+00 -5.971894535825583716e-03
3.360990469999999952e+00 -5.972937912374964853e-03
3.311323520000000187e+00 -5.973666989304238228e-03
3.261656560000000038e+00 -5.974005048159813924e-03
3.211989609999999828e+00 -5.973882649388917443e-03
3.162322650000000124e+00 -5.973033778424508000e-03
3.112655699999999914e+00 -5.971385694435005220e-03
3.062988740000000210e+00 -5.968707683104090833e-03
3.013321790000000000e+00 -5.964827508471159945e-03
2.963654829999999851e+00 -5.959576860140369803e-03
2.913987880000000086e+00 -5.952374903084312052e-03
2.864320919999999937e+00 -5.942954783520137951e-03
2.814653970000000172e+00 -5.931058177109482799e-03
2.764987010000000023e+00 -5.916032998198206272e-03
2.715320059999999813e+00 -5.897268870164840138e-03
2.665653100000000109e+00 -5.874309255053500323e-03
2.615986139999999960e+00 -5.846004407943805603e-03
2.566319190000000194e+00 -5.811988256449573953e-03
2.516652230000000046e+00 -5.771194823336767143e-03
2.466985279999999836e+00 -5.722836973752309930e-03
2.417318320000000131e+00 -5.666113286685314776e-03
2.367651369999999922e+00 -5.599101175110199335e-03
2.317984410000000217e+00 -5.519908886239210943e-03
2.268317460000000008e+00 -5.427935705107245212e-03
2.218650499999999859e+00 -5.321256431108478679e-03
2.168983550000000093e+00 -5.197730319080662298e-03
2.119316589999999945e+00 -5.055836926045165214e-03
2.069649640000000179e+00 -4.892533473260796129e-03
2.019982680000000030e+00 -4.706598065700617894e-03
1.970315730000000043e+00 -4.494292488692375187e-03
1.920648769999999894e+00 -4.254910320440785654e-03
1.870981809999999967e+00 -3.982499226543367854e-03
1.821314859999999980e+00 -3.676645306366355115e-03
1.771647900000000053e+00 -3.334680206509510469e-03
1.721980950000000066e+00 -2.951264970767697449e-03
1.672313989999999917e+00 -2.524998459783045490e-03
1.622647039999999929e+00 -2.052757305270880295e-03
1.572980080000000003e+00 -1.528761491648156223e-03
1.523313130000000015e+00 -9.542910553625993941e-04
1.473646170000000089e+00 -3.271617813198623992e-04
1.423979220000000101e+00 3.576189876666191481e-04
1.374312259999999952e+00 1.098628564884185366e-03
1.324645309999999965e+00 1.904307454620779438e-03
1.274978350000000038e+00 2.764022195867799070e-03
1.225311400000000051e+00 3.682341889064355556e-03
1.175644439999999902e+00 4.664644697043973665e-03
1.125977479999999975e+00 5.707226139211707405e-03
1.076310529999999988e+00 6.803930607608865699e-03
1.026643570000000061e+00 7.935855698471883102e-03
9.769766189999999906e-01 9.120545461334783610e-03
9.273096640000000335e-01 1.033112088734999823e-02
8.776427079999999936e-01 1.158491295657859688e-02
8.279757530000000365e-01 1.284987743294330187e-02
7.786002389999999718e-01 1.411245090120827328e-02
7.317317880000000496e-01 1.531644087740269278e-02
6.876846269999999928e-01 1.640803909863919330e-02
6.462889219999999879e-01 1.741949957580501973e-02
6.073850619999999756e-01 1.833966823030475091e-02
5.708230460000000006e-01 1.912100333540167618e-02
5.364619149999999559e-01 1.980820414178485755e-02
5.041691750000000249e-01 2.041500858370048910e-02
4.738203240000000149e-01 2.091801372045054563e-02
4.452983460000000115e-01 2.130788532782457168e-02
4.184932690000000011e-01 2.160581741177747261e-02
3.933017460000000076e-01 2.182531119495512151e-02
3.696266380000000074e-01 2.194828702245144036e-02
3.473766770000000226e-01 2.198918085447298942e-02
3.264660690000000254e-01 2.197079080761787928e-02
3.068141939999999845e-01 2.185855146277471128e-02
2.883452770000000109e-01 2.168164363696334362e-02
2.709881089999999770e-01 2.147022072383686364e-02
2.546757709999999952e-01 2.119267991164708320e-02
2.393453670000000033e-01 2.085455507029321254e-02
2.249377889999999991e-01 2.050147020500303618e-02
2.113974849999999961e-01 2.008907327769815510e-02
1.986678209999999944e-01 1.965457872775933090e-02
1.862510820000000122e-01 1.918525880508337167e-02
1.738343440000000018e-01 1.864628191541561897e-02
1.614176049999999918e-01 1.803929472711107707e-02
1.490008660000000096e-01 1.735978764085444048e-02
1.365841269999999996e-01 1.661714236560873914e-02
1.241673880000000035e-01 1.579866233006943510e-02
1.117506489999999936e-01 1.486539601907277408e-02
9.933391060000000550e-02 1.384718371765303324e-02
8.691717179999999821e-02 1.272313193042129420e-02
7.450043300000000479e-02 1.151033763050746117e-02
6.208369419999999750e-02 1.009235338390457315e-02
4.966695530000000275e-02 8.518602550005693885e-03
3.725021650000000240e-02 6.838858400552538797e-03
2.483347769999999857e-02 4.883289735122531283e-03
1.241673880000000035e-02 2.447365598027717581e-03
0.000000000000000000e+00 0.000000000000000000e+00
