# curve 5 (die wall), step =      200, time =   8.00000000E+01
# N1 = tau_xx - tau_yy = G ( c_xx - c_yy ),  G =  1.4000E+00  (polymer part only)
#              x               y        pressure            c_xy        gammadot            c_xx            c_yy              N1
 -3.00000000E+00  1.00000000E+00  2.57938459E+00 -1.96913792E-01  4.01866847E-01  1.07037061E+00  9.92243018E-01  1.09378631E-01
 -2.97524677E+00  1.00000000E+00  2.55976719E+00 -1.96912064E-01  4.01869995E-01  1.07037776E+00  9.92238609E-01  1.09394806E-01
 -2.95049355E+00  1.00000000E+00  2.54014979E+00 -1.96910336E-01  4.01871970E-01  1.07038490E+00  9.92234201E-01  1.09410981E-01
 -2.92574032E+00  1.00000000E+00  2.52053361E+00 -1.96912134E-01  4.01872766E-01  1.07038135E+00  9.92236734E-01  1.09402459E-01
 -2.90098710E+00  1.00000000E+00  2.50091743E+00 -1.96913933E-01  4.01871910E-01  1.07037779E+00  9.92239268E-01  1.09393938E-01
 -2.87623387E+00  1.00000000E+00  2.48130850E+00 -1.96916253E-01  4.01870435E-01  1.07036811E+00  9.92245051E-01  1.09372278E-01
 -2.85148064E+00  1.00000000E+00  2.46169958E+00 -1.96918573E-01  4.01866689E-01  1.07035842E+00  9.92250834E-01  1.09350618E-01
 -2.82672742E+00  1.00000000E+00  2.44207523E+00 -1.96914850E-01  4.01868091E-01  1.07036914E+00  9.92243999E-01  1.09375197E-01
 -2.80197419E+00  1.00000000E+00  2.42245088E+00 -1.96911127E-01  4.01870949E-01  1.07037986E+00  9.92237163E-01  1.09399777E-01
 -2.77722097E+00  1.00000000E+00  2.40283668E+00 -1.96912851E-01  4.01868895E-01  1.07037658E+00  9.92239306E-01  1.09392177E-01
 -2.75246774E+00  1.00000000E+00  2.38322247E+00 -1.96914576E-01  4.01869043E-01  1.07037329E+00  9.92241449E-01  1.09384577E-01
 -2.72771451E+00  1.00000000E+00  2.36360566E+00 -1.96913730E-01  4.01871494E-01  1.07037598E+00  9.92239941E-01  1.09390449E-01
 -2.70296129E+00  1.00000000E+00  2.34398885E+00 -1.96912884E-01  4.01872076E-01  1.07037866E+00  9.92238434E-01  1.09396322E-01
 -2.67820806E+00  1.00000000E+00  2.32437324E+00 -1.96914021E-01  4.01870340E-01  1.07037530E+00  9.92240497E-01  1.09388731E-01
 -2.65345484E+00  1.00000000E+00  2.30475763E+00 -1.96915158E-01  4.01869790E-01  1.07037195E+00  9.92242559E-01  1.09381140E-01
 -2.62870161E+00  1.00000000E+00  2.28514144E+00 -1.96914470E-01  4.01869149E-01  1.07037302E+00  9.92241813E-01  1.09383694E-01
 -2.60394839E+00  1.00000000E+00  2.26552524E+00 -1.96913783E-01  4.01868549E-01  1.07037410E+00  9.92241066E-01  1.09386249E-01
 -2.57919516E+00  1.00000000E+00  2.24590690E+00 -1.96912957E-01  4.01870602E-01  1.07037716E+00  9.92239300E-01  1.09393000E-01
 -2.55444193E+00  1.00000000E+00  2.22628855E+00 -1.96912130E-01  4.01871265E-01  1.07038021E+00  9.92237533E-01  1.09399752E-01
 -2.52968871E+00  1.00000000E+00  2.20667617E+00 -1.96913944E-01  4.01869735E-01  1.07037320E+00  9.92241675E-01  1.09384132E-01
 -2.50493548E+00  1.00000000E+00  2.18706378E+00 -1.96915757E-01  4.01867326E-01  1.07036618E+00  9.92245817E-01  1.09368511E-01
 -2.48018226E+00  1.00000000E+00  2.16744285E+00 -1.96912986E-01  4.01868533E-01  1.07037390E+00  9.92240957E-01  1.09386123E-01
 -2.45542903E+00  1.00000000E+00  2.14782192E+00 -1.96910214E-01  4.01870244E-01  1.07038162E+00  9.92236097E-01  1.09403736E-01
 -2.43067580E+00  1.00000000E+00  2.12820637E+00 -1.96911194E-01  4.01868994E-01  1.07038015E+00  9.92237060E-01  1.09400323E-01
 -2.40592258E+00  1.00000000E+00  2.10859081E+00 -1.96912174E-01  4.01869147E-01  1.07037867E+00  9.92238022E-01  1.09396910E-01
 -2.38116935E+00  1.00000000E+00  2.08897396E+00 -1.96911566E-01  4.01870948E-01  1.07038049E+00  9.92237068E-01  1.09400792E-01
 -2.35641613E+00  1.00000000E+00  2.06935711E+00 -1.96910957E-01  4.01871248E-01  1.07038231E+00  9.92236113E-01  1.09404674E-01
 -2.33166290E+00  1.00000000E+00  2.04974222E+00 -1.96911429E-01  4.01869663E-01  1.07037904E+00  9.92237871E-01  1.09397631E-01
 -2.30690967E+00  1.00000000E+00  2.03012733E+00 -1.96911901E-01  4.01868514E-01  1.07037576E+00  9.92239628E-01  1.09390588E-01
 -2.28215645E+00  1.00000000E+00  2.01051133E+00 -1.96912353E-01  4.01867037E-01  1.07037372E+00  9.92240862E-01  1.09385998E-01
 -2.25740322E+00  1.00000000E+00  1.99089533E+00 -1.96912806E-01  4.01865337E-01  1.07037167E+00  9.92242096E-01  1.09381408E-01
 -2.23265000E+00  1.00000000E+00  1.97128108E+00 -1.96912929E-01  4.01864673E-01  1.07036871E+00  9.92243641E-01  1.09375090E-01
 -2.20789677E+00  1.00000000E+00  1.95166684E+00 -1.96913053E-01  4.01862553E-01  1.07036574E+00  9.92245186E-01  1.09368772E-01
 -2.18314354E+00  1.00000000E+00  1.93204590E+00 -1.96910337E-01  4.01863027E-01  1.07037234E+00  9.92240953E-01  1.09383942E-01
 -2.15839032E+00  1.00000000E+00  1.91242497E+00 -1.96907621E-01  4.01863882E-01  1.07037894E+00  9.92236719E-01  1.09399113E-01
 -2.13363709E+00  1.00000000E+00  1.89281040E+00 -1.96907908E-01  4.01862067E-01  1.07037760E+00  9.92237402E-01  1.09396282E-01
 -2.10888387E+00  1.00000000E+00  1.87319584E+00 -1.96908195E-01  4.01861741E-01  1.07037627E+00  9.92238085E-01  1.09393452E-01
 -2.08413064E+00  1.00000000E+00  1.85357915E+00 -1.96907773E-01  4.01861743E-01  1.07037718E+00  9.92237552E-01  1.09395476E-01
 -2.05937741E+00  1.00000000E+00  1.83396246E+00 -1.96907351E-01  4.01860804E-01  1.07037809E+00  9.92237020E-01  1.09397501E-01
 -2.03462419E+00  1.00000000E+00  1.81434698E+00 -1.96906351E-01  4.01860056E-01  1.07037708E+00  9.92237328E-01  1.09395646E-01
 -2.00987096E+00  1.00000000E+00  1.79473150E+00 -1.96905352E-01  4.01858396E-01  1.07037606E+00  9.92237637E-01  1.09393792E-01
 -1.98511774E+00  1.00000000E+00  1.77511699E+00 -1.96905342E-01  4.01854886E-01  1.07037275E+00  9.92239382E-01  1.09386713E-01
 -1.96036451E+00  1.00000000E+00  1.75550248E+00 -1.96905332E-01  4.01851871E-01  1.07036944E+00  9.92241127E-01  1.09379634E-01
 -1.93561128E+00  1.00000000E+00  1.73588883E+00 -1.96904569E-01  4.01849836E-01  1.07036641E+00  9.92242489E-01  1.09373488E-01
 -1.91085806E+00  1.00000000E+00  1.71627518E+00 -1.96903806E-01  4.01846112E-01  1.07036338E+00  9.92243851E-01  1.09367342E-01
 -1.88610483E+00  1.00000000E+00  1.69666167E+00 -1.96902610E-01  4.01842292E-01  1.07036054E+00  9.92244990E-01  1.09361774E-01
 -1.86135161E+00  1.00000000E+00  1.67704816E+00 -1.96901414E-01  4.01837479E-01  1.07035770E+00  9.92246129E-01  1.09356206E-01
 -1.83659838E+00  1.00000000E+00  1.65742890E+00 -1.96898144E-01  4.01835268E-01  1.07036271E+00  9.92242441E-01  1.09368371E-01
 -1.81184516E+00  1.00000000E+00  1.63780964E+00 -1.96894874E-01  4.01833192E-01  1.07036771E+00  9.92238753E-01  1.09380537E-01
 -1.78709193E+00  1.00000000E+00  1.61820256E+00 -1.96895267E-01  4.01829797E-01  1.07035897E+00  9.92243611E-01  1.09361505E-01
 -1.76233870E+00  1.00000000E+00  1.59859547E+00 -1.96895660E-01  4.01824305E-01  1.07035024E+00  9.92248470E-01  1.09342474E-01
 -1.73758548E+00  1.00000000E+00  1.57898166E+00 -1.96892186E-01  4.01818984E-01  1.07035035E+00  9.92247270E-01  1.09344315E-01
 -1.71283225E+00  1.00000000E+00  1.55936785E+00 -1.96888712E-01  4.01813924E-01  1.07035047E+00  9.92246070E-01  1.09346155E-01
 -1.68807903E+00  1.00000000E+00  1.53975684E+00 -1.96887631E-01  4.01806159E-01  1.07034467E+00  9.92248722E-01  1.09334329E-01
 -1.66332580E+00  1.00000000E+00  1.52014584E+00 -1.96886550E-01  4.01798382E-01  1.07033888E+00  9.92251374E-01  1.09322503E-01
 -1.63857257E+00  1.00000000E+00  1.50053617E+00 -1.96881047E-01  4.01795032E-01  1.07034288E+00  9.92247645E-01  1.09333330E-01
 -1.61381935E+00  1.00000000E+00  1.48092649E+00 -1.96875544E-01  4.01790167E-01  1.07034689E+00  9.92243916E-01  1.09344158E-01
 -1.58906612E+00  1.00000000E+00  1.46131953E+00 -1.96873256E-01  4.01779994E-01  1.07034086E+00  9.92246326E-01  1.09332351E-01
 -1.56431290E+00  1.00000000E+00  1.44171257E+00 -1.96870969E-01  4.01770898E-01  1.07033484E+00  9.92248735E-01  1.09320543E-01
 -1.53955967E+00  1.00000000E+00  1.42210703E+00 -1.96865185E-01  4.01764781E-01  1.07033818E+00  9.92245285E-01  1.09330053E-01
 -1.51480644E+00  1.00000000E+00  1.40250149E+00 -1.96859402E-01  4.01757352E-01  1.07034152E+00  9.92241834E-01  1.09339563E-01
 -1.49005322E+00  1.00000000E+00  1.38290254E+00 -1.96855121E-01  4.01747807E-01  1.07033655E+00  9.92243311E-01  1.09330534E-01
 -1.46529999E+00  1.00000000E+00  1.36330360E+00 -1.96850840E-01  4.01737334E-01  1.07033158E+00  9.92244787E-01  1.09321505E-01
 -1.44054677E+00  1.00000000E+00  1.34371404E+00 -1.96847735E-01  4.01725261E-01  1.07031867E+00  9.92250759E-01  1.09295074E-01
 -1.41579354E+00  1.00000000E+00  1.32412448E+00 -1.96844630E-01  4.01709169E-01  1.07030576E+00  9.92256731E-01  1.09268644E-01
 -1.39104031E+00  1.00000000E+00  1.30452771E+00 -1.96834917E-01  4.01698916E-01  1.07031343E+00  9.92249601E-01  1.09289355E-01
 -1.36628709E+00  1.00000000E+00  1.28493094E+00 -1.96825205E-01  4.01690564E-01  1.07032109E+00  9.92242471E-01  1.09310066E-01
 -1.34153386E+00  1.00000000E+00  1.26535231E+00 -1.96821134E-01  4.01676806E-01  1.07031344E+00  9.92245252E-01  1.09295460E-01
 -1.31678064E+00  1.00000000E+00  1.24577369E+00 -1.96817064E-01  4.01663815E-01  1.07030579E+00  9.92248034E-01  1.09280855E-01
 -1.29202741E+00  1.00000000E+00  1.22620215E+00 -1.96810944E-01  4.01651220E-01  1.07029961E+00  9.92249706E-01  1.09269866E-01
 -1.26727418E+00  1.00000000E+00  1.20663060E+00 -1.96804824E-01  4.01636401E-01  1.07029343E+00  9.92251378E-01  1.09258876E-01
 -1.24252096E+00  1.00000000E+00  1.18707563E+00 -1.96801018E-01  4.01623063E-01  1.07028166E+00  9.92256662E-01  1.09234996E-01
 -1.21776773E+00  1.00000000E+00  1.16752066E+00 -1.96797211E-01  4.01605753E-01  1.07026989E+00  9.92261945E-01  1.09211116E-01
 -1.19301451E+00  1.00000000E+00  1.14796534E+00 -1.96787121E-01  4.01595739E-01  1.07027899E+00  9.92253831E-01  1.09235223E-01
 -1.16826128E+00  1.00000000E+00  1.12841001E+00 -1.96777031E-01  4.01589466E-01  1.07028810E+00  9.92245717E-01  1.09259330E-01
 -1.14350806E+00  1.00000000E+00  1.10888708E+00 -1.96775871E-01  4.01579543E-01  1.07027789E+00  9.92251158E-01  1.09237429E-01
 -1.11875483E+00  1.00000000E+00  1.08936416E+00 -1.96774710E-01  4.01570745E-01  1.07026769E+00  9.92256599E-01  1.09215528E-01
 -1.09400160E+00  1.00000000E+00  1.06985905E+00 -1.96775195E-01  4.01567813E-01  1.07026603E+00  9.92257444E-01  1.09212025E-01
 -1.06924838E+00  1.00000000E+00  1.05035394E+00 -1.96775679E-01  4.01566644E-01  1.07026438E+00  9.92258289E-01  1.09208522E-01
 -1.04449515E+00  1.00000000E+00  1.03087118E+00 -1.96775744E-01  4.01570449E-01  1.07026975E+00  9.92255635E-01  1.09219761E-01
 -1.01974193E+00  1.00000000E+00  1.01138842E+00 -1.96775808E-01  4.01575070E-01  1.07027512E+00  9.92252981E-01  1.09231000E-01
 -9.94988700E-01  1.00000000E+00  9.91942694E-01 -1.96786009E-01  4.01593254E-01  1.07027996E+00  9.92254312E-01  1.09235910E-01
 -9.70235474E-01  1.00000000E+00  9.72496970E-01 -1.96796209E-01  4.01617918E-01  1.07028480E+00  9.92255644E-01  1.09240821E-01
 -9.45482248E-01  1.00000000E+00  9.53086703E-01 -1.96816231E-01  4.01655102E-01  1.07029988E+00  9.92252906E-01  1.09265764E-01
 -9.20729022E-01  1.00000000E+00  9.33676436E-01 -1.96836253E-01  4.01698033E-01  1.07031496E+00  9.92250167E-01  1.09290708E-01
 -8.95975796E-01  1.00000000E+00  9.14315483E-01 -1.96862494E-01  4.01759747E-01  1.07034158E+00  9.92243985E-01  1.09336634E-01
 -8.71222570E-01  1.00000000E+00  8.94954531E-01 -1.96888735E-01  4.01829659E-01  1.07036820E+00  9.92237803E-01  1.09382561E-01
 -8.46469344E-01  1.00000000E+00  8.75646219E-01 -1.96944954E-01  4.01938692E-01  1.07040132E+00  9.92238958E-01  1.09427312E-01
 -8.21716118E-01  1.00000000E+00  8.56337906E-01 -1.97001175E-01  4.02052421E-01  1.07043445E+00  9.92240116E-01  1.09472063E-01
 -7.97201467E-01  1.00000000E+00  8.37294794E-01 -1.97082007E-01  4.02217293E-01  1.07048890E+00  9.92235706E-01  1.09554478E-01
 -7.72686817E-01  1.00000000E+00  8.18251681E-01 -1.97162842E-01  4.02390914E-01  1.07054337E+00  9.92231303E-01  1.09636895E-01
 -7.49503432E-01  1.00000000E+00  8.00312552E-01 -1.97268360E-01  4.02604765E-01  1.07062551E+00  9.92218298E-01  1.09770092E-01
 -7.26320047E-01  1.00000000E+00  7.82373424E-01 -1.97373883E-01  4.02841305E-01  1.07070766E+00  9.92205305E-01  1.09903295E-01
 -7.04527831E-01  1.00000000E+00  7.65585490E-01 -1.97516629E-01  4.03123530E-01  1.07080078E+00  9.92204623E-01  1.10034624E-01
 -6.82735615E-01  1.00000000E+00  7.48797556E-01 -1.97659383E-01  4.03432439E-01  1.07089393E+00  9.92203960E-01  1.10165960E-01
 -6.62251087E-01  1.00000000E+00  7.33109461E-01 -1.97840083E-01  4.03805739E-01  1.07103266E+00  9.92180919E-01  1.10392442E-01
 -6.41766559E-01  1.00000000E+00  7.17421366E-01 -1.98020796E-01  4.04211001E-01  1.07117144E+00  9.92157911E-01  1.10618940E-01
 -6.22511254E-01  1.00000000E+00  7.02745266E-01 -1.98232438E-01  4.04650853E-01  1.07133288E+00  9.92136243E-01  1.10875292E-01
 -6.03255949E-01  1.00000000E+00  6.88069166E-01 -1.98444100E-01  4.05130030E-01  1.07149438E+00  9.92114620E-01  1.11131665E-01
 -5.85156097E-01  1.00000000E+00  6.74365352E-01 -1.98711528E-01  4.05676668E-01  1.07168263E+00  9.92099186E-01  1.11416820E-01
 -5.67056245E-01  1.00000000E+00  6.60661537E-01 -1.98978986E-01  4.06263054E-01  1.07187097E+00  9.92083821E-01  1.11702006E-01
 -5.50042515E-01  1.00000000E+00  6.47860360E-01 -1.99299370E-01  4.06938835E-01  1.07211820E+00  9.92045486E-01  1.12101794E-01
 -5.33028786E-01  1.00000000E+00  6.35059184E-01 -1.99619798E-01  4.07641965E-01  1.07236556E+00  9.92007254E-01  1.12501634E-01
 -5.17036006E-01  1.00000000E+00  6.23135658E-01 -2.00005086E-01  4.08417689E-01  1.07263896E+00  9.91985612E-01  1.12914691E-01
 -5.01043227E-01  1.00000000E+00  6.11212133E-01 -2.00390439E-01  4.09252627E-01  1.07291255E+00  9.91964115E-01  1.13327812E-01
 -4.86010125E-01  1.00000000E+00  6.00085286E-01 -2.00828533E-01  4.10147286E-01  1.07323517E+00  9.91928622E-01  1.13829172E-01
 -4.70977023E-01  1.00000000E+00  5.88958438E-01 -2.01266710E-01  4.11120656E-01  1.07355805E+00  9.91893318E-01  1.14330621E-01
 -4.56846016E-01  1.00000000E+00  5.78579823E-01 -2.01753475E-01  4.12147243E-01  1.07392741E+00  9.91844547E-01  1.14916009E-01
 -4.42715008E-01  1.00000000E+00  5.68201208E-01 -2.02240344E-01  4.13256276E-01  1.07429709E+00  9.91796011E-01  1.15501512E-01
 -4.29431964E-01  1.00000000E+00  5.58568694E-01 -2.02852006E-01  4.14469059E-01  1.07473952E+00  9.91759148E-01  1.16172518E-01
 -4.16148920E-01  1.00000000E+00  5.48936181E-01 -2.03463833E-01  4.15764481E-01  1.07518243E+00  9.91722648E-01  1.16843693E-01
 -4.03662954E-01  1.00000000E+00  5.39974232E-01 -2.04081792E-01  4.17050882E-01  1.07564913E+00  9.91667122E-01  1.17574808E-01
 -3.91176988E-01  1.00000000E+00  5.31012284E-01 -2.04699918E-01  4.18461271E-01  1.07611633E+00  9.91611972E-01  1.18306106E-01
 -3.79440270E-01  1.00000000E+00  5.22624063E-01 -2.05433136E-01  4.19981674E-01  1.07666746E+00  9.91551708E-01  1.19162057E-01
 -3.67703552E-01  1.00000000E+00  5.14235843E-01 -2.06166591E-01  4.21585048E-01  1.07721930E+00  9.91491970E-01  1.20018265E-01
 -3.56671122E-01  1.00000000E+00  5.06538090E-01 -2.06971723E-01  4.23274669E-01  1.07784183E+00  9.91414036E-01  1.20998918E-01
 -3.45638692E-01  1.00000000E+00  4.98840337E-01 -2.07777145E-01  4.25054031E-01  1.07846524E+00  9.91336741E-01  1.21979896E-01
 -3.35268287E-01  1.00000000E+00  4.91644966E-01 -2.08642024E-01  4.26836080E-01  1.07911664E+00  9.91273273E-01  1.22980711E-01
 -3.24897882E-01  1.00000000E+00  4.84449595E-01 -2.09507239E-01  4.28767321E-01  1.07976902E+00  9.91210534E-01  1.23981888E-01
 -3.15149775E-01  1.00000000E+00  4.77843545E-01 -2.10512133E-01  4.30818389E-01  1.08050639E+00  9.91160779E-01  1.25083853E-01
 -3.05401669E-01  1.00000000E+00  4.71237495E-01 -2.11517482E-01  4.32944317E-01  1.08124506E+00  9.91111998E-01  1.26186285E-01
 -2.96238520E-01  1.00000000E+00  4.65044866E-01 -2.12546535E-01  4.35092519E-01  1.08209712E+00  9.90980282E-01  1.27563569E-01
 -2.87075371E-01  1.00000000E+00  4.58852238E-01 -2.13576079E-01  4.37466884E-01  1.08295066E+00  9.90849624E-01  1.28941457E-01
 -2.78462077E-01  1.00000000E+00  4.53184103E-01 -2.14754871E-01  4.39912010E-01  1.08389116E+00  9.90735438E-01  1.30418005E-01
 -2.69848783E-01  1.00000000E+00  4.47515969E-01 -2.15934305E-01  4.42500266E-01  1.08483354E+00  9.90622619E-01  1.31895295E-01
 -2.61752348E-01  1.00000000E+00  4.42330780E-01 -2.17180900E-01  4.45089480E-01  1.08578772E+00  9.90550186E-01  1.33332542E-01
 -2.53655913E-01  1.00000000E+00  4.37145592E-01 -2.18428216E-01  4.47825530E-01  1.08674394E+00  9.90479253E-01  1.34770566E-01
 -2.46045323E-01  1.00000000E+00  4.32349391E-01 -2.19754937E-01  4.50685517E-01  1.08783905E+00  9.90336923E-01  1.36502984E-01
 -2.38434732E-01  1.00000000E+00  4.27553190E-01 -2.21082488E-01  4.53623652E-01  1.08893662E+00  9.90196329E-01  1.38236404E-01
 -2.31280830E-01  1.00000000E+00  4.23190753E-01 -2.22513158E-01  4.56652440E-01  1.09009646E+00  9.90077112E-01  1.40027089E-01
 -2.24126928E-01  1.00000000E+00  4.18828316E-01 -2.23944805E-01  4.59796113E-01  1.09125911E+00  9.89959888E-01  1.41818911E-01
 -2.17402314E-01  1.00000000E+00  4.14779787E-01 -2.25482995E-01  4.63054100E-01  1.09252470E+00  9.89828655E-01  1.43774467E-01
 -2.10677699E-01  1.00000000E+00  4.10731258E-01 -2.27022330E-01  4.66418458E-01  1.09379356E+00  9.89699725E-01  1.45731375E-01
 -2.04351753E-01  1.00000000E+00  4.07105791E-01 -2.28662430E-01  4.69958861E-01  1.09519711E+00  9.89525980E-01  1.47939585E-01
 -1.98025807E-01  1.00000000E+00  4.03480325E-01 -2.30303852E-01  4.73578390E-01  1.09660448E+00  9.89354878E-01  1.50149442E-01
 -1.91837501E-01  1.00000000E+00  4.00045053E-01 -2.32162493E-01  4.77509441E-01  1.09814016E+00  9.89227278E-01  1.52478042E-01
 -1.85649194E-01  1.00000000E+00  3.96609782E-01 -2.34022844E-01  4.81553511E-01  1.09968061E+00  9.89103005E-01  1.54808641E-01
 -1.79460888E-01  1.00000000E+00  3.93368884E-01 -2.36080189E-01  4.86041142E-01  1.10155295E+00  9.88831795E-01  1.57809618E-01
 -1.73272582E-01  1.00000000E+00  3.90127987E-01 -2.38139693E-01  4.90658445E-01  1.10343157E+00  9.88564790E-01  1.60813495E-01
 -1.67084275E-01  1.00000000E+00  3.87005306E-01 -2.40532269E-01  4.95726020E-01  1.10549555E+00  9.88384471E-01  1.63955517E-01
 -1.60895969E-01  1.00000000E+00  3.83882625E-01 -2.42927782E-01  5.01016850E-01  1.10756762E+00  9.88209663E-01  1.67101138E-01
 -1.54707662E-01  1.00000000E+00  3.80987781E-01 -2.45636961E-01  5.07009119E-01  1.11011805E+00  9.87852252E-01  1.71172122E-01
 -1.48519356E-01  1.00000000E+00  3.78092937E-01 -2.48350016E-01  5.13215940E-01  1.11267959E+00  9.87502106E-01  1.75248476E-01
 -1.42331049E-01  1.00000000E+00  3.75628443E-01 -2.51711111E-01  5.20198517E-01  1.11569738E+00  9.87249044E-01  1.79827673E-01
 -1.36142743E-01  1.00000000E+00  3.73163948E-01 -2.55078230E-01  5.27644978E-01  1.11873147E+00  9.87006802E-01  1.84414538E-01
 -1.29954436E-01  1.00000000E+00  3.71058933E-01 -2.58751749E-01  5.35637660E-01  1.12226190E+00  9.86609716E-01  1.89913060E-01
 -1.23766130E-01  1.00000000E+00  3.68953917E-01 -2.62432733E-01  5.44187531E-01  1.12581285E+00  9.86225734E-01  1.95421955E-01
 -1.17577823E-01  1.00000000E+00  3.67062690E-01 -2.66948233E-01  5.53969151E-01  1.13032347E+00  9.85694294E-01  2.02480846E-01
 -1.11389517E-01  1.00000000E+00  3.65171462E-01 -2.71475354E-01  5.64328606E-01  1.13486597E+00  9.85182695E-01  2.09556587E-01
 -1.05201210E-01  1.00000000E+00  3.64061761E-01 -2.77071757E-01  5.76456543E-01  1.14062377E+00  9.84527794E-01  2.18534360E-01
 -9.90129037E-02  1.00000000E+00  3.62952060E-01 -2.82686527E-01  5.89273812E-01  1.14643144E+00  9.83903233E-01  2.27539495E-01
 -9.28245972E-02  1.00000000E+00  3.62860127E-01 -2.89215808E-01  6.04328762E-01  1.15378764E+00  9.82832820E-01  2.39336754E-01
 -8.66362908E-02  1.00000000E+00  3.62768193E-01 -2.95771460E-01  6.20202382E-01  1.16121755E+00  9.81804744E-01  2.51177925E-01
 -8.04479843E-02  1.00000000E+00  3.63276428E-01 -3.04829456E-01  6.39507572E-01  1.17102039E+00  9.81067297E-01  2.65934336E-01
 -7.42596778E-02  1.00000000E+00  3.63784663E-01 -3.13939523E-01  6.60217555E-01  1.18095693E+00  9.80406621E-01  2.80770425E-01
 -6.80713713E-02  1.00000000E+00  3.67628086E-01 -3.24027747E-01  6.85059461E-01  1.19473784E+00  9.77812080E-01  3.03696069E-01
 -6.18830648E-02  1.00000000E+00  3.71471510E-01 -3.34188210E-01  7.13213759E-01  1.20873268E+00  9.75324788E-01  3.26771041E-01
 -5.56947583E-02  1.00000000E+00  3.72661449E-01 -3.50851767E-01  7.47777389E-01  1.22845609E+00  9.74434182E-01  3.55630678E-01
 -4.95064519E-02  1.00000000E+00  3.73851389E-01 -3.67708484E-01  7.87806751E-01  1.24865567E+00  9.73792924E-01  3.84807837E-01
 -4.33181454E-02  1.00000000E+00  4.15046489E-01 -3.89920476E-01  8.39180406E-01  1.28633739E+00  9.67048801E-01  4.47004021E-01
 -3.71298389E-02  1.00000000E+00  4.56241589E-01 -4.12566191E-01  9.04230673E-01  1.32533995E+00  9.60832965E-01  5.10309776E-01
 -3.09415324E-02  1.00000000E+00  3.72307032E-01 -4.41319711E-01  9.96921298E-01  1.36308647E+00  9.61112178E-01  5.62764005E-01
 -2.47532259E-02  1.00000000E+00  2.88372475E-01 -4.70690445E-01  1.08583425E+00  1.40228636E+00  9.62067774E-01  6.16306013E-01
 -1.85649194E-02  1.00000000E+00  7.60355943E-01 -5.60811316E-01  1.27486201E+00  1.61254397E+00  9.31909888E-01  9.52887718E-01
 -1.23766130E-02  1.00000000E+00  1.23233941E+00 -6.60627430E-01  1.61964215E+00  1.85532800E+00  9.10147985E-01  1.32325202E+00
 -6.18830648E-03  1.00000000E+00  8.67653429E-02 -3.94132195E-01  2.55501806E+00  2.41152552E+00  6.20119678E-01  2.50796817E+00
  0.00000000E+00  1.00000000E+00 -1.05880872E+00 -9.96014997E-02  4.14558752E+00  3.30363547E+00  4.37119888E-01  4.01312182E+00
