# curve 5 (die wall), step =      700, time =   2.80000000E+02
# N1 = tau_xx - tau_yy = G ( c_xx - c_yy ),  G =  8.1818E-02  (polymer part only)
#              x               y        pressure            c_xy        gammadot            c_xx            c_yy              N1
 -3.00000000E+00  1.00000000E+00  1.25581320E+00 -1.41580195E+00  5.17623744E-01  7.71651410E+00  5.60298322E-01  5.85508564E-01
 -2.97524677E+00  1.00000000E+00  1.24750636E+00 -1.41587680E+00  5.17683375E-01  7.71579448E+00  5.60367313E-01  5.85444041E-01
 -2.95049355E+00  1.00000000E+00  1.23919953E+00 -1.41595165E+00  5.17726990E-01  7.71507495E+00  5.60436311E-01  5.85379525E-01
 -2.92574032E+00  1.00000000E+00  1.23094562E+00 -1.41622250E+00  5.17711324E-01  7.71583107E+00  5.60500908E-01  5.85436105E-01
 -2.90098710E+00  1.00000000E+00  1.22269171E+00 -1.41649337E+00  5.17629952E-01  7.71658729E+00  5.60565518E-01  5.85492690E-01
 -2.87623387E+00  1.00000000E+00  1.21438506E+00 -1.41630702E+00  5.17557219E-01  7.71914508E+00  5.60370595E-01  5.85717912E-01
 -2.85148064E+00  1.00000000E+00  1.20607842E+00 -1.41612058E+00  5.17439921E-01  7.72170394E+00  5.60175715E-01  5.85943218E-01
 -2.82672742E+00  1.00000000E+00  1.19772766E+00 -1.41558089E+00  5.17579882E-01  7.71907965E+00  5.60116747E-01  5.85733329E-01
 -2.80197419E+00  1.00000000E+00  1.18937691E+00 -1.41504138E+00  5.17680970E-01  7.71645627E+00  5.60057826E-01  5.85523509E-01
 -2.77722097E+00  1.00000000E+00  1.18107012E+00 -1.41565685E+00  5.17731136E-01  7.71661045E+00  5.60252599E-01  5.85520188E-01
 -2.75246774E+00  1.00000000E+00  1.17276334E+00 -1.41627235E+00  5.17755355E-01  7.71676485E+00  5.60447459E-01  5.85516878E-01
 -2.72771451E+00  1.00000000E+00  1.16454114E+00 -1.41630440E+00  5.17723366E-01  7.71671948E+00  5.60479258E-01  5.85510563E-01
 -2.70296129E+00  1.00000000E+00  1.15631895E+00 -1.41633646E+00  5.17646951E-01  7.71667411E+00  5.60511058E-01  5.85504249E-01
 -2.67820806E+00  1.00000000E+00  1.14798405E+00 -1.41605283E+00  5.17615588E-01  7.71641498E+00  5.60410254E-01  5.85491296E-01
 -2.65345484E+00  1.00000000E+00  1.13964915E+00 -1.41576922E+00  5.17628951E-01  7.71615589E+00  5.60309469E-01  5.85478344E-01
 -2.62870161E+00  1.00000000E+00  1.13134271E+00 -1.41596748E+00  5.17638458E-01  7.71591976E+00  5.60389414E-01  5.85452483E-01
 -2.60394839E+00  1.00000000E+00  1.12303627E+00 -1.41616573E+00  5.17637810E-01  7.71568366E+00  5.60469370E-01  5.85426624E-01
 -2.57919516E+00  1.00000000E+00  1.11478773E+00 -1.41619177E+00  5.17641915E-01  7.71548823E+00  5.60504264E-01  5.85407779E-01
 -2.55444193E+00  1.00000000E+00  1.10653919E+00 -1.41621781E+00  5.17607985E-01  7.71529281E+00  5.60539159E-01  5.85388935E-01
 -2.52968871E+00  1.00000000E+00  1.09823151E+00 -1.41626020E+00  5.17554403E-01  7.71704040E+00  5.60470841E-01  5.85537509E-01
 -2.50493548E+00  1.00000000E+00  1.08992383E+00 -1.41630257E+00  5.17469518E-01  7.71878842E+00  5.60402528E-01  5.85686119E-01
 -2.48018226E+00  1.00000000E+00  1.08154564E+00 -1.41582940E+00  5.17604640E-01  7.71706785E+00  5.60307259E-01  5.85553139E-01
 -2.45542903E+00  1.00000000E+00  1.07316744E+00 -1.41535635E+00  5.17720435E-01  7.71534767E+00  5.60212028E-01  5.85420189E-01
 -2.43067580E+00  1.00000000E+00  1.06489446E+00 -1.41576393E+00  5.17785524E-01  7.71564924E+00  5.60330792E-01  5.85435146E-01
 -2.40592258E+00  1.00000000E+00  1.05662149E+00 -1.41617154E+00  5.17827106E-01  7.71595091E+00  5.60449594E-01  5.85450108E-01
 -2.38116935E+00  1.00000000E+00  1.04836463E+00 -1.41617063E+00  5.17805487E-01  7.71570991E+00  5.60481669E-01  5.85427765E-01
 -2.35641613E+00  1.00000000E+00  1.04010776E+00 -1.41616972E+00  5.17735141E-01  7.71546893E+00  5.60513746E-01  5.85405424E-01
 -2.33166290E+00  1.00000000E+00  1.03177472E+00 -1.41602743E+00  5.17712912E-01  7.71608980E+00  5.60424038E-01  5.85463563E-01
 -2.30690967E+00  1.00000000E+00  1.02344168E+00 -1.41588513E+00  5.17702569E-01  7.71671077E+00  5.60334340E-01  5.85521708E-01
 -2.28215645E+00  1.00000000E+00  1.01513874E+00 -1.41597324E+00  5.17713652E-01  7.71682790E+00  5.60347929E-01  5.85530180E-01
 -2.25740322E+00  1.00000000E+00  1.00683580E+00 -1.41606136E+00  5.17742213E-01  7.71694505E+00  5.60361519E-01  5.85538652E-01
 -2.23265000E+00  1.00000000E+00  9.98542796E-01 -1.41633749E+00  5.17708572E-01  7.71837178E+00  5.60404892E-01  5.85651836E-01
 -2.20789677E+00  1.00000000E+00  9.90249795E-01 -1.41661367E+00  5.17595080E-01  7.71979878E+00  5.60448276E-01  5.85765041E-01
 -2.18314354E+00  1.00000000E+00  9.81921938E-01 -1.41616850E+00  5.17641293E-01  7.71783030E+00  5.60381107E-01  5.85609479E-01
 -2.15839032E+00  1.00000000E+00  9.73594082E-01 -1.41572344E+00  5.17706459E-01  7.71586233E+00  5.60313968E-01  5.85453957E-01
 -2.13363709E+00  1.00000000E+00  9.65318010E-01 -1.41586199E+00  5.17772856E-01  7.71605736E+00  5.60345205E-01  5.85467358E-01
 -2.10888387E+00  1.00000000E+00  9.57041938E-01 -1.41600054E+00  5.17828504E-01  7.71625240E+00  5.60376445E-01  5.85480760E-01
 -2.08413064E+00  1.00000000E+00  9.48700872E-01 -1.41606224E+00  5.17861491E-01  7.71623883E+00  5.60396281E-01  5.85478027E-01
 -2.05937741E+00  1.00000000E+00  9.40359806E-01 -1.41612394E+00  5.17871230E-01  7.71622527E+00  5.60416117E-01  5.85475294E-01
 -2.03462419E+00  1.00000000E+00  9.32077852E-01 -1.41602870E+00  5.17861476E-01  7.71642205E+00  5.60384124E-01  5.85494012E-01
 -2.00987096E+00  1.00000000E+00  9.23795897E-01 -1.41593345E+00  5.17821472E-01  7.71661885E+00  5.60352134E-01  5.85512731E-01
 -1.98511774E+00  1.00000000E+00  9.15451188E-01 -1.41600625E+00  5.17804090E-01  7.71648464E+00  5.60378348E-01  5.85499605E-01
 -1.96036451E+00  1.00000000E+00  9.07106478E-01 -1.41607905E+00  5.17797235E-01  7.71635043E+00  5.60404562E-01  5.85486480E-01
 -1.93561128E+00  1.00000000E+00  8.98872560E-01 -1.41643502E+00  5.17730599E-01  7.71754580E+00  5.60487208E-01  5.85577521E-01
 -1.91085806E+00  1.00000000E+00  8.90638642E-01 -1.41679105E+00  5.17601654E-01  7.71874137E+00  5.60569876E-01  5.85668577E-01
 -1.88610483E+00  1.00000000E+00  8.82222260E-01 -1.41610803E+00  5.17557400E-01  7.71799943E+00  5.60345459E-01  5.85626234E-01
 -1.86135161E+00  1.00000000E+00  8.73805877E-01 -1.41542514E+00  5.17554660E-01  7.71725776E+00  5.60121149E-01  5.85583904E-01
 -1.83659838E+00  1.00000000E+00  8.65533636E-01 -1.41598175E+00  5.17631899E-01  7.71607968E+00  5.60394323E-01  5.85465165E-01
 -1.81184516E+00  1.00000000E+00  8.57261394E-01 -1.41653831E+00  5.17634189E-01  7.71490212E+00  5.60667610E-01  5.85346460E-01
 -1.78709193E+00  1.00000000E+00  8.49030360E-01 -1.41652582E+00  5.17489804E-01  7.71706703E+00  5.60570186E-01  5.85531560E-01
 -1.76233870E+00  1.00000000E+00  8.40799325E-01 -1.41651329E+00  5.17294095E-01  7.71923263E+00  5.60472769E-01  5.85716716E-01
 -1.73758548E+00  1.00000000E+00  8.32363558E-01 -1.41606073E+00  5.17293582E-01  7.71793070E+00  5.60367990E-01  5.85618767E-01
 -1.71283225E+00  1.00000000E+00  8.23927791E-01 -1.41560827E+00  5.17275109E-01  7.71662902E+00  5.60263247E-01  5.85520836E-01
 -1.68807903E+00  1.00000000E+00  8.15577735E-01 -1.41578074E+00  5.17232722E-01  7.71560128E+00  5.60370580E-01  5.85427967E-01
 -1.66332580E+00  1.00000000E+00  8.07227679E-01 -1.41595318E+00  5.17225149E-01  7.71457375E+00  5.60477928E-01  5.85335113E-01
 -1.63857257E+00  1.00000000E+00  7.98953797E-01 -1.41587154E+00  5.17231385E-01  7.71410757E+00  5.60484014E-01  5.85296472E-01
 -1.61381935E+00  1.00000000E+00  7.90679915E-01 -1.41578990E+00  5.17140966E-01  7.71364141E+00  5.60490102E-01  5.85257834E-01
 -1.58906612E+00  1.00000000E+00  7.82284155E-01 -1.41565982E+00  5.17015285E-01  7.71188585E+00  5.60525019E-01  5.85111341E-01
 -1.56431290E+00  1.00000000E+00  7.73888395E-01 -1.41552976E+00  5.16947704E-01  7.71013071E+00  5.60559940E-01  5.84964881E-01
 -1.53955967E+00  1.00000000E+00  7.65642018E-01 -1.41563739E+00  5.16849179E-01  7.70822521E+00  5.60709423E-01  5.84796746E-01
 -1.51480644E+00  1.00000000E+00  7.57395640E-01 -1.41574499E+00  5.16718953E-01  7.70632028E+00  5.60858934E-01  5.84628655E-01
 -1.49005322E+00  1.00000000E+00  7.49118444E-01 -1.41593710E+00  5.16537756E-01  7.70470743E+00  5.61044573E-01  5.84481506E-01
 -1.46529999E+00  1.00000000E+00  7.40841247E-01 -1.41612919E+00  5.16260489E-01  7.70309503E+00  5.61230260E-01  5.84334391E-01
 -1.44054677E+00  1.00000000E+00  7.32482108E-01 -1.41601532E+00  5.15954744E-01  7.70331246E+00  5.61205968E-01  5.84354168E-01
 -1.41579354E+00  1.00000000E+00  7.24122969E-01 -1.41590143E+00  5.15561662E-01  7.70352991E+00  5.61181679E-01  5.84373946E-01
 -1.39104031E+00  1.00000000E+00  7.15762840E-01 -1.41505962E+00  5.15406704E-01  7.69793040E+00  5.61178048E-01  5.83916102E-01
 -1.36628709E+00  1.00000000E+00  7.07402711E-01 -1.41421836E+00  5.15264685E-01  7.69233497E+00  5.61174537E-01  5.83458580E-01
 -1.34153386E+00  1.00000000E+00  6.99098371E-01 -1.41457564E+00  5.15010896E-01  7.68951169E+00  5.61449481E-01  5.83205090E-01
 -1.31678064E+00  1.00000000E+00  6.90794032E-01 -1.41493279E+00  5.14714965E-01  7.68668986E+00  5.61724517E-01  5.82951710E-01
 -1.29202741E+00  1.00000000E+00  6.82559081E-01 -1.41472421E+00  5.14328208E-01  7.68392012E+00  5.61821037E-01  5.82717198E-01
 -1.26727418E+00  1.00000000E+00  6.74324130E-01 -1.41451570E+00  5.13880758E-01  7.68115142E+00  5.61917590E-01  5.82482768E-01
 -1.24252096E+00  1.00000000E+00  6.66052563E-01 -1.41457229E+00  5.13430493E-01  7.67807912E+00  5.62128462E-01  5.82214145E-01
 -1.21776773E+00  1.00000000E+00  6.57780996E-01 -1.41462886E+00  5.12888958E-01  7.67500824E+00  5.62339397E-01  5.81945633E-01
 -1.19301451E+00  1.00000000E+00  6.49485412E-01 -1.41365454E+00  5.12467161E-01  7.66727793E+00  5.62423563E-01  5.81306267E-01
 -1.16826128E+00  1.00000000E+00  6.41189828E-01 -1.41268107E+00  5.12070818E-01  7.65955545E+00  5.62507937E-01  5.80667524E-01
 -1.14350806E+00  1.00000000E+00  6.33002056E-01 -1.41267718E+00  5.11501937E-01  7.65492263E+00  5.62769925E-01  5.80267039E-01
 -1.11875483E+00  1.00000000E+00  6.24814284E-01 -1.41267324E+00  5.10850225E-01  7.65029295E+00  5.63032005E-01  5.79866804E-01
 -1.09400160E+00  1.00000000E+00  6.16600442E-01 -1.41230914E+00  5.10205486E-01  7.64359580E+00  5.63285439E-01  5.79298120E-01
 -1.06924838E+00  1.00000000E+00  6.08386600E-01 -1.41194524E+00  5.09575152E-01  7.63690483E+00  5.63539012E-01  5.78729930E-01
 -1.04449515E+00  1.00000000E+00  6.00293043E-01 -1.41171001E+00  5.08849951E-01  7.62861838E+00  5.63938077E-01  5.78019297E-01
 -1.01974193E+00  1.00000000E+00  5.92199486E-01 -1.41147490E+00  5.08056954E-01  7.62034167E+00  5.64337401E-01  5.77309440E-01
 -9.94988700E-01  1.00000000E+00  5.84166052E-01 -1.41068866E+00  5.07124468E-01  7.61077173E+00  5.64623897E-01  5.76503005E-01
 -9.70235474E-01  1.00000000E+00  5.76132618E-01 -1.40990321E+00  5.06185629E-01  7.60121416E+00  5.64910710E-01  5.75697555E-01
 -9.45482248E-01  1.00000000E+00  5.68071198E-01 -1.40951967E+00  5.05178275E-01  7.59130774E+00  5.65350591E-01  5.74851040E-01
 -9.20729022E-01  1.00000000E+00  5.60009777E-01 -1.40913642E+00  5.04183464E-01  7.58141517E+00  5.65790817E-01  5.74005629E-01
 -8.95975796E-01  1.00000000E+00  5.52205548E-01 -1.40847369E+00  5.03050924E-01  7.56801763E+00  5.66339354E-01  5.72864586E-01
 -8.71222570E-01  1.00000000E+00  5.44401319E-01 -1.40781175E+00  5.01853406E-01  7.55464519E+00  5.66888506E-01  5.71725547E-01
 -8.46469344E-01  1.00000000E+00  5.36671558E-01 -1.40736272E+00  5.00445522E-01  7.54172617E+00  5.67516717E-01  5.70617137E-01
 -8.21716118E-01  1.00000000E+00  5.28941797E-01 -1.40691420E+00  4.98977256E-01  7.52883094E+00  5.68145636E-01  5.69510616E-01
 -7.97201467E-01  1.00000000E+00  5.21332707E-01 -1.40608258E+00  4.97684023E-01  7.51483546E+00  5.68669924E-01  5.68322635E-01
 -7.72686817E-01  1.00000000E+00  5.13723617E-01 -1.40525207E+00  4.96324012E-01  7.50086731E+00  5.69194856E-01  5.67136837E-01
 -7.49503432E-01  1.00000000E+00  5.06790246E-01 -1.40479551E+00  4.94903259E-01  7.48700402E+00  5.69870628E-01  5.65947278E-01
 -7.26320047E-01  1.00000000E+00  4.99856874E-01 -1.40433947E+00  4.93455968E-01  7.47316839E+00  5.70547184E-01  5.64759917E-01
 -7.04527831E-01  1.00000000E+00  4.93521373E-01 -1.40304429E+00  4.91879891E-01  7.45665770E+00  5.71082708E-01  5.63365227E-01
 -6.82735615E-01  1.00000000E+00  4.87185872E-01 -1.40175140E+00  4.90376574E-01  7.44018469E+00  5.71619211E-01  5.61973539E-01
 -6.62251087E-01  1.00000000E+00  4.81242916E-01 -1.40066938E+00  4.89157793E-01  7.42715097E+00  5.71989546E-01  5.60876843E-01
 -6.41766559E-01  1.00000000E+00  4.75299961E-01 -1.39958884E+00  4.87916637E-01  7.41414077E+00  5.72360400E-01  5.59782030E-01
 -6.22511254E-01  1.00000000E+00  4.70069455E-01 -1.39884445E+00  4.86510397E-01  7.39922869E+00  5.72998948E-01  5.58509706E-01
 -6.03255949E-01  1.00000000E+00  4.64838950E-01 -1.39810112E+00  4.85111740E-01  7.38434842E+00  5.73638325E-01  5.57239917E-01
 -5.85156097E-01  1.00000000E+00  4.60134511E-01 -1.39680927E+00  4.83622170E-01  7.36717104E+00  5.74200832E-01  5.55788471E-01
 -5.67056245E-01  1.00000000E+00  4.55430073E-01 -1.39551973E+00  4.82191127E-01  7.35003509E+00  5.74764319E-01  5.54340336E-01
 -5.50042515E-01  1.00000000E+00  4.51115657E-01 -1.39498632E+00  4.80949286E-01  7.33749668E+00  5.75335436E-01  5.53267738E-01
 -5.33028786E-01  1.00000000E+00  4.46801240E-01 -1.39445348E+00  4.79578044E-01  7.32498116E+00  5.75907149E-01  5.52196965E-01
 -5.17036006E-01  1.00000000E+00  4.43131184E-01 -1.39496030E+00  4.78129878E-01  7.31142312E+00  5.76999556E-01  5.50998291E-01
 -5.01043227E-01  1.00000000E+00  4.39461127E-01 -1.39546640E+00  4.76550455E-01  7.29789492E+00  5.78093551E-01  5.49801930E-01
 -4.86010125E-01  1.00000000E+00  4.35982976E-01 -1.39340838E+00  4.75113310E-01  7.28174053E+00  5.78305051E-01  5.48462903E-01
 -4.70977023E-01  1.00000000E+00  4.32504825E-01 -1.39135429E+00  4.73982890E-01  7.26562211E+00  5.78517559E-01  5.47126736E-01
 -4.56846016E-01  1.00000000E+00  4.29777260E-01 -1.39096598E+00  4.72540426E-01  7.25428467E+00  5.79059357E-01  5.46154798E-01
 -4.42715008E-01  1.00000000E+00  4.27049695E-01 -1.39057798E+00  4.71378728E-01  7.24296636E+00  5.79601624E-01  5.45184388E-01
 -4.29431964E-01  1.00000000E+00  4.24417595E-01 -1.39075828E+00  4.70554403E-01  7.23410116E+00  5.80290578E-01  5.44402684E-01
 -4.16148920E-01  1.00000000E+00  4.21785495E-01 -1.39093848E+00  4.69662972E-01  7.22524853E+00  5.80980207E-01  5.43621954E-01
 -4.03662954E-01  1.00000000E+00  4.19791599E-01 -1.38915396E+00  4.68207284E-01  7.21202426E+00  5.81122828E-01  5.42528299E-01
 -3.91176988E-01  1.00000000E+00  4.17797704E-01 -1.38737230E+00  4.67175551E-01  7.19882429E+00  5.81266172E-01  5.41436573E-01
 -3.79440270E-01  1.00000000E+00  4.15988273E-01 -1.38691259E+00  4.66198075E-01  7.18823207E+00  5.81745254E-01  5.40530739E-01
 -3.67703552E-01  1.00000000E+00  4.14178842E-01 -1.38645329E+00  4.65428763E-01  7.17765655E+00  5.82224739E-01  5.39626239E-01
 -3.56671122E-01  1.00000000E+00  4.12751434E-01 -1.38670793E+00  4.64975652E-01  7.17107041E+00  5.82743260E-01  5.39044949E-01
 -3.45638692E-01  1.00000000E+00  4.11324025E-01 -1.38696234E+00  4.64188649E-01  7.16449151E+00  5.83262116E-01  5.38464223E-01
 -3.35268287E-01  1.00000000E+00  4.10504710E-01 -1.38569245E+00  4.62674021E-01  7.15195359E+00  5.83591964E-01  5.37411406E-01
 -3.24897882E-01  1.00000000E+00  4.09685395E-01 -1.38442441E+00  4.61711885E-01  7.13943804E+00  5.83922439E-01  5.36360368E-01
 -3.15149775E-01  1.00000000E+00  4.08916846E-01 -1.38489066E+00  4.60972321E-01  7.13269667E+00  5.84602613E-01  5.35753150E-01
 -3.05401669E-01  1.00000000E+00  4.08148297E-01 -1.38535670E+00  4.60226341E-01  7.12596326E+00  5.85283407E-01  5.35146533E-01
 -2.96238520E-01  1.00000000E+00  4.07773203E-01 -1.38326755E+00  4.59210185E-01  7.11870633E+00  5.84888653E-01  5.34585083E-01
 -2.87075371E-01  1.00000000E+00  4.07398109E-01 -1.38118070E+00  4.58777503E-01  7.11145723E+00  5.84494674E-01  5.34024209E-01
 -2.78462077E-01  1.00000000E+00  4.07170886E-01 -1.38172913E+00  4.58803991E-01  7.10801595E+00  5.84927468E-01  5.33707239E-01
 -2.69848783E-01  1.00000000E+00  4.06943662E-01 -1.38227737E+00  4.58670740E-01  7.10457715E+00  5.85360499E-01  5.33390454E-01
 -2.61752348E-01  1.00000000E+00  4.07391382E-01 -1.38222222E+00  4.57850238E-01  7.09807966E+00  5.85765055E-01  5.32825740E-01
 -2.53655913E-01  1.00000000E+00  4.07839103E-01 -1.38216707E+00  4.57304846E-01  7.09158880E+00  5.86169844E-01  5.32261551E-01
 -2.46045323E-01  1.00000000E+00  4.08192358E-01 -1.38111117E+00  4.57069014E-01  7.08769135E+00  5.85998612E-01  5.31956679E-01
 -2.38434732E-01  1.00000000E+00  4.08545614E-01 -1.38005588E+00  4.56705231E-01  7.08379614E+00  5.85827578E-01  5.31651973E-01
 -2.31280830E-01  1.00000000E+00  4.09538426E-01 -1.37984191E+00  4.55870111E-01  7.07672370E+00  5.86232514E-01  5.31040188E-01
 -2.24126928E-01  1.00000000E+00  4.10531238E-01 -1.37962810E+00  4.55274489E-01  7.06965893E+00  5.86637731E-01  5.30429007E-01
 -2.17402314E-01  1.00000000E+00  4.11714469E-01 -1.37988162E+00  4.54383389E-01  7.06003660E+00  5.87359811E-01  5.29582647E-01
 -2.10677699E-01  1.00000000E+00  4.12897700E-01 -1.38013475E+00  4.53554270E-01  7.05042966E+00  5.88082543E-01  5.28737492E-01
 -2.04351753E-01  1.00000000E+00  4.14281771E-01 -1.37979001E+00  4.53140784E-01  7.04604407E+00  5.88219206E-01  5.28367489E-01
 -1.98025807E-01  1.00000000E+00  4.15665841E-01 -1.37944543E+00  4.52604874E-01  7.04166131E+00  5.88355926E-01  5.27997714E-01
 -1.91837501E-01  1.00000000E+00  4.17410983E-01 -1.37924665E+00  4.51871008E-01  7.03413463E+00  5.88847650E-01  5.27341662E-01
 -1.85649194E-01  1.00000000E+00  4.19156125E-01 -1.37904812E+00  4.51096703E-01  7.02661670E+00  5.89339813E-01  5.26686291E-01
 -1.79460888E-01  1.00000000E+00  4.21164447E-01 -1.37872623E+00  4.50516987E-01  7.02535341E+00  5.89300595E-01  5.26586139E-01
 -1.73272582E-01  1.00000000E+00  4.23172769E-01 -1.37840440E+00  4.49981647E-01  7.02409035E+00  5.89261398E-01  5.26486005E-01
 -1.67084275E-01  1.00000000E+00  4.26145935E-01 -1.37822728E+00  4.48532494E-01  7.00708766E+00  5.90338951E-01  5.25006712E-01
 -1.60895969E-01  1.00000000E+00  4.29119101E-01 -1.37805031E+00  4.47265718E-01  6.99013086E+00  5.91418182E-01  5.23531037E-01
 -1.54707662E-01  1.00000000E+00  4.32313122E-01 -1.37751021E+00  4.46507985E-01  6.98446269E+00  5.91566172E-01  5.23055170E-01
 -1.48519356E-01  1.00000000E+00  4.35507143E-01 -1.37697044E+00  4.45361628E-01  6.97879924E+00  5.91714265E-01  5.22579679E-01
 -1.42331049E-01  1.00000000E+00  4.39695061E-01 -1.38274825E+00  4.44003811E-01  6.96875738E+00  5.94963482E-01  5.21492228E-01
 -1.36142743E-01  1.00000000E+00  4.43882978E-01 -1.38852733E+00  4.42153526E-01  6.95876529E+00  5.98227944E-01  5.20407601E-01
 -1.29954436E-01  1.00000000E+00  4.49167125E-01 -1.38346332E+00  4.37871645E-01  6.92215129E+00  5.98708255E-01  5.17372612E-01
 -1.23766130E-01  1.00000000E+00  4.54451272E-01 -1.37842264E+00  4.34587488E-01  6.88573068E+00  5.99194980E-01  5.14352921E-01
 -1.17577823E-01  1.00000000E+00  4.61432662E-01 -1.37863831E+00  4.29659477E-01  6.83816734E+00  6.02665286E-01  5.10177441E-01
 -1.11389517E-01  1.00000000E+00  4.68414052E-01 -1.37885242E+00  4.25085732E-01  6.79097869E+00  6.06152045E-01  5.06031271E-01
 -1.05201210E-01  1.00000000E+00  4.76588777E-01 -1.38095566E+00  4.21494111E-01  6.74995043E+00  6.10128212E-01  5.02349090E-01
 -9.90129037E-02  1.00000000E+00  4.84763502E-01 -1.38305175E+00  4.16403858E-01  6.70922579E+00  6.14124580E-01  4.98690099E-01
 -9.28245972E-02  1.00000000E+00  4.95799443E-01 -1.38580353E+00  4.09215601E-01  6.63634308E+00  6.20858712E-01  4.92175994E-01
 -8.66362908E-02  1.00000000E+00  5.06835384E-01 -1.38853793E+00  3.98811347E-01  6.56441257E+00  6.27650379E-01  4.85735089E-01
 -8.04479843E-02  1.00000000E+00  5.24544764E-01 -1.38854018E+00  3.81767900E-01  6.39706659E+00  6.41586198E-01  4.70902941E-01
 -7.42596778E-02  1.00000000E+00  5.42254144E-01 -1.38858833E+00  3.65247912E-01  6.23458791E+00  6.55797303E-01  4.56446504E-01
 -6.80713713E-02  1.00000000E+00  5.59334250E-01 -1.38023111E+00  3.49399688E-01  6.05159470E+00  6.67835303E-01  4.40489406E-01
 -6.18830648E-02  1.00000000E+00  5.76414356E-01 -1.37208649E+00  3.23661253E-01  5.87444304E+00  6.80115762E-01  4.24990414E-01
 -5.56947583E-02  1.00000000E+00  6.20760325E-01 -1.52352914E+00  2.87935640E-01  5.53614092E+00  7.95319011E-01  3.87885429E-01
 -4.95064519E-02  1.00000000E+00  6.65106294E-01 -1.67613510E+00  2.42583694E-01  5.24954099E+00  9.25969099E-01  3.53746791E-01
 -4.33181454E-02  1.00000000E+00  7.41005230E-01 -1.28872057E+00  1.30071144E-01  3.63796871E+00  9.50181639E-01  2.19909851E-01
 -3.71298389E-02  1.00000000E+00  8.16904165E-01 -1.00614503E+00  5.11197797E-02  2.52020236E+00  1.02552837E+00  1.22291509E-01
 -3.09415324E-02  1.00000000E+00  8.97784378E-01 -8.76678289E-01  4.43096412E-02  1.80333596E+00  1.20640756E+00  4.88395962E-02
 -2.47532259E-02  1.00000000E+00  9.78664591E-01 -7.84039311E-01  1.26002365E-01  1.29531720E+00  1.44663811E+00 -1.23808013E-02
 -1.85649194E-02  1.00000000E+00  1.35497914E+00 -7.25715370E-01  2.68708036E-01  1.89362614E+00  1.03460511E+00  7.02835390E-02
 -1.23766130E-02  1.00000000E+00  1.73129368E+00 -6.91734368E-01  3.77634442E-01  2.85358411E+00  7.38794018E-01  1.73028280E-01
 -6.18830648E-03  1.00000000E+00  1.03231644E+00  1.90145870E+00  1.11798248E+00  4.26059307E+00  1.35277023E+00  2.37912778E-01
  0.00000000E+00  1.00000000E+00  3.33339202E-01  1.09141358E+01  6.64641985E+00  1.51317738E+01  8.05917580E+00  5.78667109E-01
