# curve 5 (die wall), step =      200, time =   4.00000000E+01
# N1 = tau_xx - tau_yy = G ( c_xx - c_yy ),  G =  8.8889E-01  (polymer part only)
#              x               y        pressure            c_xy        gammadot            c_xx            c_yy              N1
 -3.00000000E+00  1.00000000E+00  3.40708180E+00 -5.00675847E-01  4.99902920E-01  1.49912746E+00  1.00048640E+00  4.43236492E-01
 -2.90036967E+00  1.00000000E+00  3.30705749E+00 -5.00712794E-01  4.99805433E-01  1.49886946E+00  1.00059739E+00  4.42908507E-01
 -2.80073934E+00  1.00000000E+00  3.20703317E+00 -5.00749740E-01  4.99761543E-01  1.49861152E+00  1.00070839E+00  4.42580560E-01
 -2.70110901E+00  1.00000000E+00  3.10728573E+00 -5.00696780E-01  4.99924343E-01  1.49922640E+00  1.00047582E+00  4.43333854E-01
 -2.60147867E+00  1.00000000E+00  3.00753828E+00 -5.00643816E-01  5.00263656E-01  1.49984158E+00  1.00024330E+00  4.44087363E-01
 -2.50184834E+00  1.00000000E+00  2.90789650E+00 -5.00946182E-01  5.00115923E-01  1.49917232E+00  1.00058029E+00  4.43192918E-01
 -2.40221801E+00  1.00000000E+00  2.80825471E+00 -5.01248476E-01  5.00074396E-01  1.49850358E+00  1.00091743E+00  4.42298799E-01
 -2.30258768E+00  1.00000000E+00  2.70868626E+00 -5.01095615E-01  4.99952489E-01  1.49843920E+00  1.00085457E+00  4.42297443E-01
 -2.20295735E+00  1.00000000E+00  2.60911780E+00 -5.00942762E-01  4.99757113E-01  1.49837483E+00  1.00079173E+00  4.42296089E-01
 -2.10332702E+00  1.00000000E+00  2.50942158E+00 -5.00748085E-01  4.99867166E-01  1.49878067E+00  1.00058650E+00  4.42839266E-01
 -2.00369668E+00  1.00000000E+00  2.40972536E+00 -5.00553378E-01  4.99988808E-01  1.49918671E+00  1.00038132E+00  4.43382568E-01
 -1.90406635E+00  1.00000000E+00  2.31009140E+00 -5.00591164E-01  4.99952510E-01  1.49910008E+00  1.00043461E+00  4.43258194E-01
 -1.80443602E+00  1.00000000E+00  2.21045744E+00 -5.00628950E-01  4.99929410E-01  1.49901346E+00  1.00048790E+00  4.43133826E-01
 -1.70480569E+00  1.00000000E+00  2.11089818E+00 -5.00539450E-01  4.99866272E-01  1.49890763E+00  1.00047268E+00  4.43053285E-01
 -1.60517536E+00  1.00000000E+00  2.01133891E+00 -5.00449955E-01  4.99794104E-01  1.49880181E+00  1.00045746E+00  4.42972748E-01
 -1.50554503E+00  1.00000000E+00  1.91161529E+00 -5.00274772E-01  4.99650852E-01  1.49854635E+00  1.00045103E+00  4.42751396E-01
 -1.40591469E+00  1.00000000E+00  1.81189167E+00 -5.00099612E-01  4.99340042E-01  1.49829096E+00  1.00044463E+00  4.42530071E-01
 -1.30628436E+00  1.00000000E+00  1.71302093E+00 -5.00473955E-01  4.99388961E-01  1.49767782E+00  1.00082749E+00  4.41644731E-01
 -1.20665403E+00  1.00000000E+00  1.61415020E+00 -5.00848235E-01  4.99359754E-01  1.49706520E+00  1.00121056E+00  4.40759674E-01
 -1.10702370E+00  1.00000000E+00  1.51450525E+00 -5.00168241E-01  4.98928983E-01  1.49718940E+00  1.00086262E+00  4.41179354E-01
 -1.00739337E+00  1.00000000E+00  1.41486030E+00 -4.99488254E-01  4.99000412E-01  1.49731409E+00  1.00051508E+00  4.41599127E-01
 -9.07763035E-01  1.00000000E+00  1.31682058E+00 -4.99537429E-01  4.98756218E-01  1.49717711E+00  1.00054912E+00  4.41447101E-01
 -8.08132704E-01  1.00000000E+00  1.21878086E+00 -4.99586599E-01  4.98880250E-01  1.49704014E+00  1.00058316E+00  4.41295091E-01
 -7.22034729E-01  1.00000000E+00  1.13557511E+00 -5.00101935E-01  4.99538399E-01  1.49897105E+00  1.00033645E+00  4.43230750E-01
 -6.35936755E-01  1.00000000E+00  1.05236937E+00 -5.00617786E-01  5.00622541E-01  1.50090443E+00  1.00009001E+00  4.45168373E-01
 -5.73827795E-01  1.00000000E+00  9.94448556E-01 -5.02739271E-01  5.02158459E-01  1.50494345E+00  1.00022769E+00  4.48636233E-01
 -5.11718835E-01  1.00000000E+00  9.36527742E-01 -5.04865553E-01  5.04441714E-01  1.50899430E+00  1.00036835E+00  4.52111960E-01
 -4.66929126E-01  1.00000000E+00  8.96105889E-01 -5.07750758E-01  5.07746254E-01  1.51562904E+00  9.99845778E-01  4.58474011E-01
 -4.22139416E-01  1.00000000E+00  8.55684035E-01 -5.10645683E-01  5.11294112E-01  1.52229398E+00  9.99329871E-01  4.64856990E-01
 -3.89839447E-01  1.00000000E+00  8.28483496E-01 -5.14739211E-01  5.14976111E-01  1.53039604E+00  9.99629291E-01  4.71792666E-01
 -3.57539479E-01  1.00000000E+00  8.01282957E-01 -5.18851183E-01  5.19037176E-01  1.53854437E+00  9.99939493E-01  4.78759893E-01
 -3.34246444E-01  1.00000000E+00  7.82934369E-01 -5.23429780E-01  5.23146139E-01  1.54790074E+00  1.00002891E+00  4.86997188E-01
 -3.10953409E-01  1.00000000E+00  7.64585782E-01 -5.28031353E-01  5.27788644E-01  1.55731762E+00  1.00013218E+00  4.95275947E-01
 -2.94155704E-01  1.00000000E+00  7.51841776E-01 -5.32307136E-01  5.31879979E-01  1.56653772E+00  1.00009762E+00  5.03502311E-01
 -2.77357998E-01  1.00000000E+00  7.39097770E-01 -5.36603653E-01  5.36485570E-01  1.57581502E+00  1.00007515E+00  5.11768770E-01
 -2.65244381E-01  1.00000000E+00  7.30861161E-01 -5.40590481E-01  5.40552245E-01  1.58461551E+00  9.99947907E-01  5.19704540E-01
 -2.53130763E-01  1.00000000E+00  7.22624552E-01 -5.44595386E-01  5.44847319E-01  1.59346722E+00  9.99831279E-01  5.27676391E-01
 -2.44395061E-01  1.00000000E+00  7.17031557E-01 -5.48214924E-01  5.48411160E-01  1.60125895E+00  9.99886041E-01  5.34553694E-01
 -2.35659359E-01  1.00000000E+00  7.11438561E-01 -5.51849099E-01  5.51992992E-01  1.60909058E+00  9.99949171E-01  5.41459031E-01
 -2.29359633E-01  1.00000000E+00  7.07695800E-01 -5.54841866E-01  5.54893952E-01  1.61569624E+00  9.99971003E-01  5.47311320E-01
 -2.23059906E-01  1.00000000E+00  7.03953040E-01 -5.57844780E-01  5.57848333E-01  1.62233012E+00  9.99998514E-01  5.53183651E-01
 -2.18516876E-01  1.00000000E+00  7.01366512E-01 -5.60185073E-01  5.60161709E-01  1.62759538E+00  9.99997291E-01  5.57864967E-01
 -2.13973846E-01  1.00000000E+00  6.98779984E-01 -5.62531630E-01  5.62543753E-01  1.63287834E+00  9.99999527E-01  5.62558949E-01
 -2.10697652E-01  1.00000000E+00  6.97012889E-01 -5.64365972E-01  5.64375847E-01  1.63702427E+00  9.99991863E-01  5.66251030E-01
 -2.07421459E-01  1.00000000E+00  6.95245793E-01 -5.66204150E-01  5.66231806E-01  1.64118110E+00  9.99986320E-01  5.69950912E-01
 -2.05058841E-01  1.00000000E+00  6.94022897E-01 -5.67617747E-01  5.67613171E-01  1.64439080E+00  9.99991773E-01  5.72799138E-01
 -2.02696223E-01  1.00000000E+00  6.92800002E-01 -5.69033630E-01  5.69030992E-01  1.64760700E+00  9.99998470E-01  5.75652028E-01
 -2.00978443E-01  1.00000000E+00  6.91950347E-01 -5.70094843E-01  5.70091893E-01  1.65003413E+00  9.99989697E-01  5.77817277E-01
 -1.99260663E-01  1.00000000E+00  6.91100693E-01 -5.71157343E-01  5.71176199E-01  1.65246496E+00  9.99981631E-01  5.79985180E-01
 -1.97703939E-01  1.00000000E+00  6.90357866E-01 -5.72169281E-01  5.72170593E-01  1.65475761E+00  9.99995442E-01  5.82010813E-01
 -1.96147215E-01  1.00000000E+00  6.89615039E-01 -5.73182384E-01  5.73174114E-01  1.65705355E+00  1.00000988E+00  5.84038811E-01
 -1.94590491E-01  1.00000000E+00  6.88875582E-01 -5.74206221E-01  5.74207016E-01  1.65942279E+00  9.99999073E-01  5.86154415E-01
 -1.93033768E-01  1.00000000E+00  6.88136125E-01 -5.75231263E-01  5.75248723E-01  1.66179552E+00  9.99988917E-01  5.88272540E-01
 -1.91477044E-01  1.00000000E+00  6.87433832E-01 -5.76302039E-01  5.76312650E-01  1.66425648E+00  9.99992882E-01  5.90456527E-01
 -1.89920320E-01  1.00000000E+00  6.86731539E-01 -5.77374126E-01  5.77383674E-01  1.66672118E+00  9.99997553E-01  5.92643228E-01
 -1.88363596E-01  1.00000000E+00  6.86052081E-01 -5.78482629E-01  5.78480457E-01  1.66927984E+00  1.00000080E+00  5.94914708E-01
 -1.86806872E-01  1.00000000E+00  6.85372623E-01 -5.79592540E-01  5.79586461E-01  1.67184255E+00  1.00000479E+00  5.97189114E-01
 -1.85250148E-01  1.00000000E+00  6.84711803E-01 -5.80734016E-01  5.80732883E-01  1.67450248E+00  9.99999039E-01  5.99558618E-01
 -1.83693424E-01  1.00000000E+00  6.84050982E-01 -5.81876991E-01  5.81885760E-01  1.67716677E+00  9.99994087E-01  6.01931278E-01
 -1.82136700E-01  1.00000000E+00  6.83422938E-01 -5.83063464E-01  5.83065083E-01  1.67992628E+00  9.99997500E-01  6.04381140E-01
 -1.80579976E-01  1.00000000E+00  6.82794893E-01 -5.84251552E-01  5.84251064E-01  1.68269046E+00  1.00000177E+00  6.06834390E-01
 -1.79023252E-01  1.00000000E+00  6.82188122E-01 -5.85473450E-01  5.85479534E-01  1.68556367E+00  9.99994788E-01  6.09394564E-01
 -1.77466528E-01  1.00000000E+00  6.81581351E-01 -5.86697071E-01  5.86714092E-01  1.68844192E+00  9.99988719E-01  6.11958403E-01
 -1.75909804E-01  1.00000000E+00  6.81014133E-01 -5.87975437E-01  5.87974442E-01  1.69143073E+00  9.99998312E-01  6.14606593E-01
 -1.74353080E-01  1.00000000E+00  6.80446914E-01 -5.89255679E-01  5.89244478E-01  1.69442497E+00  1.00000889E+00  6.17258739E-01
 -1.72796356E-01  1.00000000E+00  6.79902248E-01 -5.90565042E-01  5.90560482E-01  1.69753207E+00  9.99999868E-01  6.20028626E-01
 -1.71239633E-01  1.00000000E+00  6.79357581E-01 -5.91876387E-01  5.91886776E-01  1.70064501E+00  9.99991886E-01  6.22802776E-01
 -1.69682909E-01  1.00000000E+00  6.78847379E-01 -5.93251614E-01  5.93248779E-01  1.70389742E+00  9.99995387E-01  6.25690692E-01
 -1.68126185E-01  1.00000000E+00  6.78337178E-01 -5.94629021E-01  5.94626546E-01  1.70715620E+00  1.00000002E+00  6.28583265E-01
 -1.66569461E-01  1.00000000E+00  6.77849483E-01 -5.96029814E-01  5.96044824E-01  1.71051969E+00  9.99985126E-01  6.31586279E-01
 -1.65012737E-01  1.00000000E+00  6.77361789E-01 -5.97432885E-01  5.97477978E-01  1.71388996E+00  9.99971414E-01  6.34594262E-01
 -1.63456013E-01  1.00000000E+00  6.76925153E-01 -5.98907922E-01  5.98938332E-01  1.71740983E+00  9.99979432E-01  6.37715910E-01
 -1.61899289E-01  1.00000000E+00  6.76488518E-01 -6.00385474E-01  6.00410469E-01  1.72093710E+00  9.99988742E-01  6.40842985E-01
 -1.60342565E-01  1.00000000E+00  6.76082621E-01 -6.01913697E-01  6.01928681E-01  1.72461720E+00  9.99986026E-01  6.44116598E-01
 -1.58785841E-01  1.00000000E+00  6.75676724E-01 -6.03444628E-01  6.03460955E-01  1.72830534E+00  9.99984700E-01  6.47396123E-01
 -1.57229117E-01  1.00000000E+00  6.75306755E-01 -6.05052470E-01  6.05038110E-01  1.73216911E+00  9.99996603E-01  6.50820010E-01
 -1.55672393E-01  1.00000000E+00  6.74936787E-01 -6.06663301E-01  6.06646509E-01  1.73604172E+00  1.00001002E+00  6.54250394E-01
 -1.54115669E-01  1.00000000E+00  6.74614088E-01 -6.08275507E-01  6.08288192E-01  1.74001254E+00  9.99984070E-01  6.57803085E-01
 -1.52558945E-01  1.00000000E+00  6.74291390E-01 -6.09890758E-01  6.09949549E-01  1.74399261E+00  9.99959664E-01  6.61362618E-01
 -1.51002221E-01  1.00000000E+00  6.74012082E-01 -6.11615487E-01  6.11654629E-01  1.74817942E+00  9.99976204E-01  6.65069527E-01
 -1.49445497E-01  1.00000000E+00  6.73732775E-01 -6.13343665E-01  6.13363448E-01  1.75237649E+00  9.99994471E-01  6.68784014E-01
 -1.47888774E-01  1.00000000E+00  6.73504119E-01 -6.15134492E-01  6.15125269E-01  1.75677490E+00  9.99999725E-01  6.72689041E-01
 -1.46332050E-01  1.00000000E+00  6.73275463E-01 -6.16929057E-01  6.16912852E-01  1.76118455E+00  1.00000684E+00  6.76602405E-01
 -1.44775326E-01  1.00000000E+00  6.73069763E-01 -6.18798685E-01  6.18781104E-01  1.76581420E+00  1.00000029E+00  6.80723472E-01
 -1.43218602E-01  1.00000000E+00  6.72864063E-01 -6.20672392E-01  6.20667081E-01  1.77045623E+00  9.99995778E-01  6.84853735E-01
 -1.41661878E-01  1.00000000E+00  6.72732625E-01 -6.22573998E-01  6.22604625E-01  1.77523987E+00  9.99967813E-01  6.89130714E-01
 -1.40105154E-01  1.00000000E+00  6.72601186E-01 -6.24479856E-01  6.24562716E-01  1.78003662E+00  9.99941956E-01  6.93417476E-01
 -1.38548430E-01  1.00000000E+00  6.72532257E-01 -6.26522493E-01  6.26567032E-01  1.78509641E+00  9.99971132E-01  6.97889136E-01
 -1.36991706E-01  1.00000000E+00  6.72463328E-01 -6.28569981E-01  6.28585899E-01  1.79017082E+00  1.00000267E+00  7.02371695E-01
 -1.35434982E-01  1.00000000E+00  6.72440553E-01 -6.30683572E-01  6.30675861E-01  1.79549820E+00  1.00000387E+00  7.07106069E-01
 -1.33878258E-01  1.00000000E+00  6.72417778E-01 -6.32802397E-01  6.32789381E-01  1.80084165E+00  1.00000761E+00  7.11852478E-01
 -1.32321534E-01  1.00000000E+00  6.72438721E-01 -6.34980002E-01  6.35001672E-01  1.80641118E+00  9.99985998E-01  7.16822384E-01
 -1.30764810E-01  1.00000000E+00  6.72459663E-01 -6.37163197E-01  6.37222798E-01  1.81199814E+00  9.99967087E-01  7.21805385E-01
 -1.29208086E-01  1.00000000E+00  6.72578636E-01 -6.39487614E-01  6.39506037E-01  1.81790868E+00  9.99983734E-01  7.27044394E-01
 -1.27651362E-01  1.00000000E+00  6.72697608E-01 -6.41818360E-01  6.41811471E-01  1.82383873E+00  1.00000339E+00  7.32298080E-01
 -1.26094638E-01  1.00000000E+00  6.72865945E-01 -6.44201437E-01  6.44222366E-01  1.83001949E+00  9.99978507E-01  7.37814204E-01
 -1.24537915E-01  1.00000000E+00  6.73034282E-01 -6.46591223E-01  6.46657935E-01  1.83622140E+00  9.99956813E-01  7.43346297E-01
 -1.22981191E-01  1.00000000E+00  6.73283359E-01 -6.49133194E-01  6.49166331E-01  1.84278764E+00  9.99972006E-01  7.49169452E-01
 -1.21424467E-01  1.00000000E+00  6.73532436E-01 -6.51682758E-01  6.51701029E-01  1.84937761E+00  9.99990753E-01  7.55010541E-01
 -1.19867743E-01  1.00000000E+00  6.73855819E-01 -6.54330073E-01  6.54354118E-01  1.85631129E+00  9.99981893E-01  7.61181687E-01
 -1.18311019E-01  1.00000000E+00  6.74179202E-01 -6.56985660E-01  6.57022571E-01  1.86327120E+00  9.99976889E-01  7.67372718E-01
 -1.16754295E-01  1.00000000E+00  6.74615633E-01 -6.59746762E-01  6.59799176E-01  1.87056128E+00  9.99968951E-01  7.73859850E-01
 -1.15197571E-01  1.00000000E+00  6.75052064E-01 -6.62516873E-01  6.62588289E-01  1.87788012E+00  9.99965170E-01  7.80368841E-01
 -1.13640847E-01  1.00000000E+00  6.75533426E-01 -6.65437065E-01  6.65494076E-01  1.88562417E+00  9.99976741E-01  7.87242162E-01
 -1.12084123E-01  1.00000000E+00  6.76014788E-01 -6.68367325E-01  6.68414497E-01  1.89340040E+00  9.99992892E-01  7.94140008E-01
 -1.10527399E-01  1.00000000E+00  6.76648311E-01 -6.71444978E-01  6.71436522E-01  1.90169074E+00  9.99989677E-01  8.01512059E-01
 -1.08970675E-01  1.00000000E+00  6.77281835E-01 -6.74533889E-01  6.74514093E-01  1.91001759E+00  9.99991514E-01  8.08912067E-01
 -1.07413951E-01  1.00000000E+00  6.77976174E-01 -6.77790277E-01  6.77777518E-01  1.91882164E+00  9.99982488E-01  8.16745916E-01
 -1.05857227E-01  1.00000000E+00  6.78670514E-01 -6.81059201E-01  6.81071635E-01  1.92766649E+00  9.99979093E-01  8.24611020E-01
 -1.04300503E-01  1.00000000E+00  6.79482991E-01 -6.84393578E-01  6.84493355E-01  1.93688739E+00  9.99929792E-01  8.32851202E-01
 -1.02743780E-01  1.00000000E+00  6.80295467E-01 -6.87741242E-01  6.87945768E-01  1.94615254E+00  9.99886384E-01  8.41125472E-01
 -1.01187056E-01  1.00000000E+00  6.81281393E-01 -6.91389320E-01  6.91530899E-01  1.95615972E+00  9.99921835E-01  8.49989227E-01
 -9.96303316E-02  1.00000000E+00  6.82267319E-01 -6.95053139E-01  6.95142234E-01  1.96621854E+00  9.99964109E-01  8.58892828E-01
 -9.80736077E-02  1.00000000E+00  6.83334619E-01 -6.98891829E-01  6.98924583E-01  1.97690402E+00  9.99975608E-01  8.68380808E-01
 -9.65168838E-02  1.00000000E+00  6.84401920E-01 -7.02748002E-01  7.02751005E-01  1.98764771E+00  9.99994622E-01  8.77913852E-01
 -9.49601598E-02  1.00000000E+00  6.85653467E-01 -7.06679961E-01  7.06790078E-01  1.99892497E+00  9.99916295E-01  8.88007709E-01
 -9.34034359E-02  1.00000000E+00  6.86905014E-01 -7.10630516E-01  7.10889343E-01  2.01026622E+00  9.99845915E-01  8.98151380E-01
 -9.18467120E-02  1.00000000E+00  6.88314950E-01 -7.15026292E-01  7.15156015E-01  2.02262617E+00  9.99922557E-01  9.09069882E-01
 -9.02899881E-02  1.00000000E+00  6.89724886E-01 -7.19444830E-01  7.19452461E-01  2.03506225E+00  1.00000869E+00  9.20047606E-01
 -8.87332641E-02  1.00000000E+00  6.91339929E-01 -7.23910709E-01  7.24000851E-01  2.04813469E+00  9.99939598E-01  9.31728972E-01
 -8.71765402E-02  1.00000000E+00  6.92954972E-01 -7.28400554E-01  7.28613655E-01  2.06129100E+00  9.99880439E-01  9.43476053E-01
 -8.56198163E-02  1.00000000E+00  6.94648003E-01 -7.33241161E-01  7.33450230E-01  2.07544293E+00  9.99884041E-01  9.56052344E-01
 -8.40630923E-02  1.00000000E+00  6.96341034E-01 -7.38109659E-01  7.38345783E-01  2.08969190E+00  9.99898973E-01  9.68704825E-01
 -8.25063684E-02  1.00000000E+00  6.98464130E-01 -7.43382333E-01  7.43441346E-01  2.10522345E+00  9.99968733E-01  9.82448635E-01
 -8.09496445E-02  1.00000000E+00  7.00587226E-01 -7.48688015E-01  7.48610276E-01  2.12087024E+00  1.00005153E+00  9.96283298E-01
 -7.93929205E-02  1.00000000E+00  7.02636089E-01 -7.54113659E-01  7.54165865E-01  2.13744771E+00  9.99951746E-01  1.01110752E+00
 -7.78361966E-02  1.00000000E+00  7.04684951E-01 -7.59574767E-01  7.59814682E-01  2.15415430E+00  9.99865964E-01  1.02603407E+00
 -7.62794727E-02  1.00000000E+00  7.07218347E-01 -7.65450127E-01  7.65758823E-01  2.17220620E+00  9.99794208E-01  1.04214399E+00
 -7.47227487E-02  1.00000000E+00  7.09751742E-01 -7.71366745E-01  7.71808590E-01  2.19040882E+00  9.99738528E-01  1.05837359E+00
 -7.31660248E-02  1.00000000E+00  7.12657186E-01 -7.77936919E-01  7.78224016E-01  2.21050239E+00  9.99881887E-01  1.07610712E+00
 -7.16093009E-02  1.00000000E+00  7.15562631E-01 -7.84558015E-01  7.84586789E-01  2.23077967E+00  1.00004422E+00  1.09398706E+00
 -7.00525769E-02  1.00000000E+00  7.18740154E-01 -7.91422868E-01  7.91405363E-01  2.25254500E+00  1.00002378E+00  1.11335219E+00
 -6.84958530E-02  1.00000000E+00  7.21917677E-01 -7.98343989E-01  7.98339668E-01  2.27452170E+00  1.00002408E+00  1.13288677E+00
 -6.69391291E-02  1.00000000E+00  7.25127374E-01 -8.05657132E-01  8.05797730E-01  2.29830847E+00  9.99907728E-01  1.15413399E+00
 -6.53824051E-02  1.00000000E+00  7.28337070E-01 -8.13034369E-01  8.13361407E-01  2.32234269E+00  9.99814719E-01  1.17558042E+00
 -6.38256812E-02  1.00000000E+00  7.32421410E-01 -8.21166071E-01  8.21530211E-01  2.34893636E+00  9.99785634E-01  1.19924509E+00
 -6.22689573E-02  1.00000000E+00  7.36505750E-01 -8.29376052E-01  8.29838016E-01  2.37583295E+00  9.99784409E-01  1.22315426E+00
 -6.07122333E-02  1.00000000E+00  7.40937748E-01 -8.38447852E-01  8.38594665E-01  2.40588541E+00  9.99916691E-01  1.24974997E+00
 -5.91555094E-02  1.00000000E+00  7.45369746E-01 -8.47616436E-01  8.47531908E-01  2.43631599E+00  1.00008185E+00  1.27665257E+00
 -5.75987855E-02  1.00000000E+00  7.50113565E-01 -8.56909488E-01  8.57258445E-01  2.46884550E+00  9.99818944E-01  1.30580139E+00
 -5.60420615E-02  1.00000000E+00  7.54857384E-01 -8.66306257E-01  8.67149271E-01  2.50180690E+00  9.99591064E-01  1.33530297E+00
 -5.44853376E-02  1.00000000E+00  7.60589088E-01 -8.76873117E-01  8.77874294E-01  2.53892523E+00  9.99492922E-01  1.36838427E+00
 -5.29286137E-02  1.00000000E+00  7.66320792E-01 -8.87571530E-01  8.88697163E-01  2.57659125E+00  9.99437817E-01  1.40191416E+00
 -5.13718898E-02  1.00000000E+00  7.71953870E-01 -8.99759994E-01  9.00995633E-01  2.62017705E+00  9.99505817E-01  1.44059665E+00
 -4.98151658E-02  1.00000000E+00  7.77586948E-01 -9.12121742E-01  9.13338146E-01  2.66449636E+00  9.99627767E-01  1.47988319E+00
 -4.82584419E-02  1.00000000E+00  7.85745645E-01 -9.24874883E-01  9.25678755E-01  2.71142690E+00  9.99594492E-01  1.52162881E+00
 -4.67017180E-02  1.00000000E+00  7.93904343E-01 -9.37816448E-01  9.38596152E-01  2.75918012E+00  9.99618592E-01  1.56405469E+00
 -4.51449940E-02  1.00000000E+00  8.01644433E-01 -9.52367473E-01  9.53785328E-01  2.81509651E+00  9.99423377E-01  1.61393167E+00
 -4.35882701E-02  1.00000000E+00  8.09384523E-01 -9.67164727E-01  9.68756062E-01  2.87214189E+00  9.99299892E-01  1.66474844E+00
 -4.20315462E-02  1.00000000E+00  8.17956276E-01 -9.83392197E-01  9.85616067E-01  2.93626063E+00  9.99078379E-01  1.72193978E+00
 -4.04748222E-02  1.00000000E+00  8.26528028E-01 -9.99921795E-01  1.00276744E+00  3.00180670E+00  9.98941889E-01  1.78032428E+00
 -3.89180983E-02  1.00000000E+00  8.39392954E-01 -1.01923558E+00  1.02133441E+00  3.07923210E+00  9.99180280E-01  1.84893495E+00
 -3.73613744E-02  1.00000000E+00  8.52257881E-01 -1.03896548E+00  1.04020855E+00  3.15865016E+00  9.99528273E-01  1.91921945E+00
 -3.58046504E-02  1.00000000E+00  8.62638574E-01 -1.06117821E+00  1.06329002E+00  3.25331253E+00  9.99273284E-01  2.00359044E+00
 -3.42479265E-02  1.00000000E+00  8.73019267E-01 -1.08394197E+00  1.08607446E+00  3.35081239E+00  9.99156791E-01  2.09036053E+00
 -3.26912026E-02  1.00000000E+00  8.88240782E-01 -1.10792556E+00  1.11249258E+00  3.46094877E+00  9.98103153E-01  2.18919611E+00
 -3.11344786E-02  1.00000000E+00  9.03462297E-01 -1.13255419E+00  1.13987086E+00  3.57471875E+00  9.97204401E-01  2.29112386E+00
 -2.95777547E-02  1.00000000E+00  9.20052654E-01 -1.16428181E+00  1.17150765E+00  3.71864799E+00  9.97622044E-01  2.41868973E+00
 -2.80210308E-02  1.00000000E+00  9.36643010E-01 -1.19706168E+00  1.20311867E+00  3.86838839E+00  9.98271335E-01  2.55121516E+00
 -2.64643068E-02  1.00000000E+00  9.60124341E-01 -1.23074536E+00  1.23817523E+00  4.03795754E+00  9.97291685E-01  2.70281409E+00
 -2.49075829E-02  1.00000000E+00  9.83605671E-01 -1.26561856E+00  1.27496779E+00  4.21502290E+00  9.96553089E-01  2.86086206E+00
 -2.33508590E-02  1.00000000E+00  1.00797812E+00 -1.30558781E+00  1.32184755E+00  4.44173821E+00  9.93568740E-01  3.06503953E+00
 -2.17941350E-02  1.00000000E+00  1.03235057E+00 -1.34723888E+00  1.37147295E+00  4.68084221E+00  9.90894905E-01  3.27995316E+00
 -2.02374111E-02  1.00000000E+00  1.05183826E+00 -1.41057543E+00  1.43517767E+00  5.00238420E+00  9.93559757E-01  3.56339951E+00
 -1.86806872E-02  1.00000000E+00  1.07132595E+00 -1.47747708E+00  1.49651091E+00  5.34613950E+00  9.96872438E-01  3.86601517E+00
 -1.71239633E-02  1.00000000E+00  1.13390003E+00 -1.52929230E+00  1.56697774E+00  5.72930801E+00  9.89255878E-01  4.21337967E+00
 -1.55672393E-02  1.00000000E+00  1.19647412E+00 -1.58374112E+00  1.64335879E+00  6.14086278E+00  9.82008278E-01  4.58564844E+00
 -1.40105154E-02  1.00000000E+00  1.16199975E+00 -1.68028756E+00  1.74069971E+00  6.65193011E+00  9.92437630E-01  5.03065999E+00
 -1.24537915E-02  1.00000000E+00  1.12752538E+00 -1.78355093E+00  1.82146367E+00  7.20568183E+00  1.00393755E+00  5.51266158E+00
 -1.08970675E-02  1.00000000E+00  1.33276382E+00 -1.75347043E+00  1.90166557E+00  7.68973552E+00  9.58876968E-01  5.98298538E+00
 -9.34034359E-03  1.00000000E+00  1.53800227E+00 -1.71987703E+00  1.99245391E+00  8.21582179E+00  9.15014112E-01  6.48960683E+00
 -7.78361966E-03  1.00000000E+00  1.19854312E+00 -1.82694613E+00  1.99076892E+00  8.17893059E+00  9.73624015E-01  6.40471696E+00
 -6.22689573E-03  1.00000000E+00  8.59083975E-01 -1.93598171E+00  1.90973018E+00  8.14804395E+00  1.03586856E+00  6.32193367E+00
 -4.67017180E-03  1.00000000E+00  4.25321465E+00 -2.32210424E+00  1.78931716E+00  1.03925260E+01  1.06423167E+00  8.29181720E+00
 -3.11344786E-03  1.00000000E+00  7.64734534E+00 -2.79784654E+00  2.04578400E+00  1.32575377E+01  1.10686386E+00  1.08005989E+01
 -1.55672393E-03  1.00000000E+00  4.05926540E+00  2.19855510E+00  6.13800458E+00  1.82865999E+01  7.72560461E-01  1.55680351E+01
  0.00000000E+00  1.00000000E+00  4.71185467E-01  1.38830535E+01  1.37035974E+01  4.01257912E+01  5.11779363E+00  3.11182200E+01
