# curve 5 (die wall), step =      900, time =   3.60000000E+02
# N1 = tau_xx - tau_yy = G ( c_xx - c_yy ),  G =  8.1818E-02  (polymer part only)
#              x               y        pressure            c_xy        gammadot            c_xx            c_yy              N1
 -3.00000000E+00  1.00000000E+00  1.55959946E+00 -1.83639164E+00  5.04670208E-01  1.10248837E+01  6.50290029E-01  8.48830391E-01
 -2.97524677E+00  1.00000000E+00  1.54960771E+00 -1.83654684E+00  5.04747619E-01  1.10240273E+01  6.50375866E-01  8.48753300E-01
 -2.95049355E+00  1.00000000E+00  1.53961596E+00 -1.83670204E+00  5.04811197E-01  1.10231710E+01  6.50461711E-01  8.48676217E-01
 -2.92574032E+00  1.00000000E+00  1.52973073E+00 -1.83715853E+00  5.04798494E-01  1.10242891E+01  6.50579647E-01  8.48758048E-01
 -2.90098710E+00  1.00000000E+00  1.51984549E+00 -1.83761509E+00  5.04709252E-01  1.10254074E+01  6.50697614E-01  8.48839890E-01
 -2.87623387E+00  1.00000000E+00  1.50996409E+00 -1.83745719E+00  5.04616565E-01  1.10291885E+01  6.50520662E-01  8.49163735E-01
 -2.85148064E+00  1.00000000E+00  1.50008270E+00 -1.83729916E+00  5.04459722E-01  1.10329712E+01  6.50343732E-01  8.49487706E-01
 -2.82672742E+00  1.00000000E+00  1.49003189E+00 -1.83633496E+00  5.04595504E-01  1.10292856E+01  6.50159973E-01  8.49201187E-01
 -2.80197419E+00  1.00000000E+00  1.47998108E+00 -1.83537113E+00  5.04724762E-01  1.10256013E+01  6.49976325E-01  8.48914767E-01
 -2.77722097E+00  1.00000000E+00  1.47002930E+00 -1.83631357E+00  5.04774722E-01  1.10257005E+01  6.50251425E-01  8.48900378E-01
 -2.75246774E+00  1.00000000E+00  1.46007751E+00 -1.83725605E+00  5.04801350E-01  1.10258001E+01  6.50526672E-01  8.48886010E-01
 -2.72771451E+00  1.00000000E+00  1.45025609E+00 -1.83731420E+00  5.04778112E-01  1.10259443E+01  6.50564776E-01  8.48894691E-01
 -2.70296129E+00  1.00000000E+00  1.44043467E+00 -1.83737235E+00  5.04703648E-01  1.10260885E+01  6.50602882E-01  8.48903372E-01
 -2.67820806E+00  1.00000000E+00  1.43043116E+00 -1.83692840E+00  5.04668305E-01  1.10255855E+01  6.50460302E-01  8.48873878E-01
 -2.65345484E+00  1.00000000E+00  1.42042766E+00 -1.83648450E+00  5.04688924E-01  1.10250825E+01  6.50317756E-01  8.48844388E-01
 -2.62870161E+00  1.00000000E+00  1.41049183E+00 -1.83675849E+00  5.04703142E-01  1.10246790E+01  6.50416124E-01  8.48803328E-01
 -2.60394839E+00  1.00000000E+00  1.40055600E+00 -1.83703248E+00  5.04703404E-01  1.10242756E+01  6.50514506E-01  8.48762273E-01
 -2.57919516E+00  1.00000000E+00  1.39067019E+00 -1.83719231E+00  5.04731913E-01  1.10242589E+01  6.50588677E-01  8.48754840E-01
 -2.55444193E+00  1.00000000E+00  1.38078439E+00 -1.83735215E+00  5.04705061E-01  1.10242423E+01  6.50662856E-01  8.48747407E-01
 -2.52968871E+00  1.00000000E+00  1.37087351E+00 -1.83737256E+00  5.04636411E-01  1.10268624E+01  6.50586106E-01  8.48968058E-01
 -2.50493548E+00  1.00000000E+00  1.36096263E+00 -1.83739294E+00  5.04535391E-01  1.10294832E+01  6.50509357E-01  8.49188766E-01
 -2.48018226E+00  1.00000000E+00  1.35086835E+00 -1.83657838E+00  5.04690954E-01  1.10269894E+01  6.50311218E-01  8.49000942E-01
 -2.45542903E+00  1.00000000E+00  1.34077408E+00 -1.83576406E+00  5.04838139E-01  1.10244963E+01  6.50113167E-01  8.48813164E-01
 -2.43067580E+00  1.00000000E+00  1.33086625E+00 -1.83645784E+00  5.04921914E-01  1.10251892E+01  6.50291314E-01  8.48855281E-01
 -2.40592258E+00  1.00000000E+00  1.32095843E+00 -1.83715169E+00  5.04976759E-01  1.10258823E+01  6.50469535E-01  8.48897410E-01
 -2.38116935E+00  1.00000000E+00  1.31109977E+00 -1.83731119E+00  5.04953753E-01  1.10259142E+01  6.50551492E-01  8.48893314E-01
 -2.35641613E+00  1.00000000E+00  1.30124112E+00 -1.83747070E+00  5.04877740E-01  1.10259461E+01  6.50633459E-01  8.48889217E-01
 -2.33166290E+00  1.00000000E+00  1.29123784E+00 -1.83703799E+00  5.04858435E-01  1.10268631E+01  6.50449376E-01  8.48979303E-01
 -2.30690967E+00  1.00000000E+00  1.28123457E+00 -1.83660526E+00  5.04866283E-01  1.10277803E+01  6.50265338E-01  8.49069404E-01
 -2.28215645E+00  1.00000000E+00  1.27126397E+00 -1.83680946E+00  5.04894918E-01  1.10279481E+01  6.50307909E-01  8.49079652E-01
 -2.25740322E+00  1.00000000E+00  1.26129337E+00 -1.83701365E+00  5.04929359E-01  1.10281159E+01  6.50350487E-01  8.49089900E-01
 -2.23265000E+00  1.00000000E+00  1.25141494E+00 -1.83755623E+00  5.04887851E-01  1.10304879E+01  6.50468171E-01  8.49274344E-01
 -2.20789677E+00  1.00000000E+00  1.24153652E+00 -1.83809894E+00  5.04754234E-01  1.10328605E+01  6.50585889E-01  8.49458829E-01
 -2.18314354E+00  1.00000000E+00  1.23152172E+00 -1.83727054E+00  5.04815227E-01  1.10301953E+01  6.50396097E-01  8.49256296E-01
 -2.15839032E+00  1.00000000E+00  1.22150692E+00 -1.83644238E+00  5.04913598E-01  1.10275308E+01  6.50206393E-01  8.49053815E-01
 -2.13363709E+00  1.00000000E+00  1.21157082E+00 -1.83663588E+00  5.05008907E-01  1.10279883E+01  6.50236337E-01  8.49088798E-01
 -2.10888387E+00  1.00000000E+00  1.20163472E+00 -1.83682939E+00  5.05094775E-01  1.10284459E+01  6.50266287E-01  8.49123783E-01
 -2.08413064E+00  1.00000000E+00  1.19164273E+00 -1.83706147E+00  5.05152916E-01  1.10287755E+01  6.50322811E-01  8.49146131E-01
 -2.05937741E+00  1.00000000E+00  1.18165074E+00 -1.83729355E+00  5.05172587E-01  1.10291052E+01  6.50379342E-01  8.49168481E-01
 -2.03462419E+00  1.00000000E+00  1.17173331E+00 -1.83718088E+00  5.05162412E-01  1.10294394E+01  6.50351784E-01  8.49198077E-01
 -2.00987096E+00  1.00000000E+00  1.16181588E+00 -1.83706820E+00  5.05118492E-01  1.10297736E+01  6.50324228E-01  8.49227675E-01
 -1.98511774E+00  1.00000000E+00  1.15178538E+00 -1.83720618E+00  5.05089767E-01  1.10294029E+01  6.50375737E-01  8.49193135E-01
 -1.96036451E+00  1.00000000E+00  1.14175488E+00 -1.83734415E+00  5.05064911E-01  1.10290323E+01  6.50427249E-01  8.49158596E-01
 -1.93561128E+00  1.00000000E+00  1.13193469E+00 -1.83791895E+00  5.04973472E-01  1.10305928E+01  6.50585932E-01  8.49273293E-01
 -1.91085806E+00  1.00000000E+00  1.12211450E+00 -1.83849387E+00  5.04814865E-01  1.10321537E+01  6.50744663E-01  8.49388008E-01
 -1.88610483E+00  1.00000000E+00  1.11198619E+00 -1.83726326E+00  5.04760806E-01  1.10309775E+01  6.50359982E-01  8.49323254E-01
 -1.86135161E+00  1.00000000E+00  1.10185788E+00 -1.83603293E+00  5.04764169E-01  1.10298020E+01  6.49975557E-01  8.49258531E-01
 -1.83659838E+00  1.00000000E+00  1.09189568E+00 -1.83693614E+00  5.04854362E-01  1.10278166E+01  6.50359657E-01  8.49064661E-01
 -1.81184516E+00  1.00000000E+00  1.08193347E+00 -1.83783926E+00  5.04858559E-01  1.10258322E+01  6.50743952E-01  8.48870859E-01
 -1.78709193E+00  1.00000000E+00  1.07211872E+00 -1.83797665E+00  5.04697612E-01  1.10290389E+01  6.50702376E-01  8.49136622E-01
 -1.76233870E+00  1.00000000E+00  1.06230397E+00 -1.83811403E+00  5.04469467E-01  1.10322465E+01  6.50660796E-01  8.49402466E-01
 -1.73758548E+00  1.00000000E+00  1.05213445E+00 -1.83717059E+00  5.04447723E-01  1.10299152E+01  6.50425950E-01  8.49230939E-01
 -1.71283225E+00  1.00000000E+00  1.04196493E+00 -1.83622741E+00  5.04421910E-01  1.10275846E+01  6.50191227E-01  8.49059454E-01
 -1.68807903E+00  1.00000000E+00  1.03191345E+00 -1.83644894E+00  5.04345159E-01  1.10251144E+01  6.50349779E-01  8.48844375E-01
 -1.66332580E+00  1.00000000E+00  1.02186196E+00 -1.83667038E+00  5.04307311E-01  1.10226449E+01  6.50508354E-01  8.48629354E-01
 -1.63857257E+00  1.00000000E+00  1.01192637E+00 -1.83650141E+00  5.04311009E-01  1.10214024E+01  6.50512383E-01  8.48527362E-01
 -1.61381935E+00  1.00000000E+00  1.00199077E+00 -1.83633244E+00  5.04198223E-01  1.10201600E+01  6.50516417E-01  8.48425382E-01
 -1.58906612E+00  1.00000000E+00  9.91874344E-01 -1.83606345E+00  5.04012062E-01  1.10165651E+01  6.50551952E-01  8.48128346E-01
 -1.56431290E+00  1.00000000E+00  9.81757920E-01 -1.83579450E+00  5.03891931E-01  1.10129714E+01  6.50587491E-01  8.47831409E-01
 -1.53955967E+00  1.00000000E+00  9.71864050E-01 -1.83605425E+00  5.03742264E-01  1.10091996E+01  6.50831257E-01  8.47502861E-01
 -1.51480644E+00  1.00000000E+00  9.61970180E-01 -1.83631387E+00  5.03547492E-01  1.10054293E+01  6.51075079E-01  8.47174440E-01
 -1.49005322E+00  1.00000000E+00  9.52034707E-01 -1.83671666E+00  5.03266761E-01  1.10011970E+01  6.51425655E-01  8.46799472E-01
 -1.46529999E+00  1.00000000E+00  9.42099235E-01 -1.83711932E+00  5.02863954E-01  1.09969667E+01  6.51776365E-01  8.46424665E-01
 -1.44054677E+00  1.00000000E+00  9.32100607E-01 -1.83687386E+00  5.02414446E-01  1.09948729E+01  6.51838692E-01  8.46248253E-01
 -1.41579354E+00  1.00000000E+00  9.22101978E-01 -1.83662844E+00  5.01855352E-01  1.09927795E+01  6.51901045E-01  8.46071872E-01
 -1.39104031E+00  1.00000000E+00  9.11975187E-01 -1.83482091E+00  5.01565701E-01  1.09816383E+01  6.51738783E-01  8.45173599E-01
 -1.36628709E+00  1.00000000E+00  9.01848396E-01 -1.83301515E+00  5.01340639E-01  1.09705085E+01  6.51576843E-01  8.44276223E-01
 -1.34153386E+00  1.00000000E+00  8.91843753E-01 -1.83341154E+00  5.00967055E-01  1.09631286E+01  6.51990327E-01  8.43638585E-01
 -1.31678064E+00  1.00000000E+00  8.81839110E-01 -1.83380748E+00  5.00545071E-01  1.09557548E+01  6.52403957E-01  8.43001429E-01
 -1.29202741E+00  1.00000000E+00  8.71934811E-01 -1.83335236E+00  5.00001008E-01  1.09482301E+01  6.52592120E-01  8.42370381E-01
 -1.26727418E+00  1.00000000E+00  8.62030512E-01 -1.83289744E+00  4.99369937E-01  1.09407109E+01  6.52780360E-01  8.41739767E-01
 -1.24252096E+00  1.00000000E+00  8.52114696E-01 -1.83284132E+00  4.98721655E-01  1.09320850E+01  6.53153428E-01  8.41003495E-01
 -1.21776773E+00  1.00000000E+00  8.42198880E-01 -1.83278511E+00  4.97958846E-01  1.09234667E+01  6.53526647E-01  8.40267825E-01
 -1.19301451E+00  1.00000000E+00  8.32186702E-01 -1.83082155E+00  4.97282543E-01  1.09067421E+01  6.53569305E-01  8.38895954E-01
 -1.16826128E+00  1.00000000E+00  8.22174524E-01 -1.82886053E+00  4.96676541E-01  1.08900431E+01  6.53612373E-01  8.37526154E-01
 -1.14350806E+00  1.00000000E+00  8.12340471E-01 -1.82841584E+00  4.95846500E-01  1.08772275E+01  6.54004856E-01  8.36445490E-01
 -1.11875483E+00  1.00000000E+00  8.02506418E-01 -1.82797125E+00  4.94928857E-01  1.08644280E+01  6.54397514E-01  8.35366130E-01
 -1.09400160E+00  1.00000000E+00  7.92627825E-01 -1.82714744E+00  4.93991658E-01  1.08483927E+01  6.54806949E-01  8.34020649E-01
 -1.06924838E+00  1.00000000E+00  7.82749233E-01 -1.82632422E+00  4.93060356E-01  1.08323822E+01  6.55216642E-01  8.32677180E-01
 -1.04449515E+00  1.00000000E+00  7.73045831E-01 -1.82548831E+00  4.92001189E-01  1.08126323E+01  6.55784800E-01  8.31014796E-01
 -1.01974193E+00  1.00000000E+00  7.63342430E-01 -1.82465295E+00  4.90862841E-01  1.07929206E+01  6.56353376E-01  8.29355502E-01
 -9.94988700E-01  1.00000000E+00  7.53740443E-01 -1.82297096E+00  4.89519889E-01  1.07696899E+01  6.56822612E-01  8.27416414E-01
 -9.70235474E-01  1.00000000E+00  7.44138456E-01 -1.82129144E+00  4.88169649E-01  1.07465107E+01  6.57292497E-01  8.25481491E-01
 -9.45482248E-01  1.00000000E+00  7.34489328E-01 -1.82016110E+00  4.86701234E-01  1.07224933E+01  6.57961662E-01  8.23461682E-01
 -9.20729022E-01  1.00000000E+00  7.24840201E-01 -1.81903188E+00  4.85235907E-01  1.06985326E+01  6.58631465E-01  8.21446456E-01
 -8.95975796E-01  1.00000000E+00  7.15548724E-01 -1.81724740E+00  4.83613871E-01  1.06670836E+01  6.59395358E-01  8.18810856E-01
 -8.71222570E-01  1.00000000E+00  7.06257248E-01 -1.81546572E+00  4.81936121E-01  1.06357313E+01  6.60160249E-01  8.16183087E-01
 -8.46469344E-01  1.00000000E+00  6.97109991E-01 -1.81391920E+00  4.79936025E-01  1.06040274E+01  6.61090683E-01  8.13513007E-01
 -8.21716118E-01  1.00000000E+00  6.87962734E-01 -1.81237505E+00  4.77863668E-01  1.05724231E+01  6.62022479E-01  8.10850962E-01
 -7.97201467E-01  1.00000000E+00  6.78867874E-01 -1.81021165E+00  4.76016418E-01  1.05382853E+01  6.62798203E-01  8.07994396E-01
 -7.72686817E-01  1.00000000E+00  6.69773014E-01 -1.80805240E+00  4.74092177E-01  1.05042621E+01  6.63575157E-01  8.05147112E-01
 -7.49503432E-01  1.00000000E+00  6.61694611E-01 -1.80698038E+00  4.72022305E-01  1.04705185E+01  6.64753807E-01  8.02289841E-01
 -7.26320047E-01  1.00000000E+00  6.53616209E-01 -1.80590903E+00  4.69892061E-01  1.04368914E+01  6.65934086E-01  7.99441966E-01
 -7.04527831E-01  1.00000000E+00  6.46232257E-01 -1.80244652E+00  4.67604652E-01  1.03971394E+01  6.66588690E-01  7.96135969E-01
 -6.82735615E-01  1.00000000E+00  6.38848305E-01 -1.79899386E+00  4.65443917E-01  1.03575421E+01  6.67245437E-01  7.92842456E-01
 -6.62251087E-01  1.00000000E+00  6.31827485E-01 -1.79658498E+00  4.63635086E-01  1.03241781E+01  6.67908221E-01  7.90058446E-01
 -6.41766559E-01  1.00000000E+00  6.24806665E-01 -1.79418107E+00  4.61775014E-01  1.02909253E+01  6.68572152E-01  7.87283437E-01
 -6.22511254E-01  1.00000000E+00  6.18819634E-01 -1.79208467E+00  4.59682019E-01  1.02537554E+01  6.69566133E-01  7.84160942E-01
 -6.03255949E-01  1.00000000E+00  6.12832602E-01 -1.78999239E+00  4.57584695E-01  1.02167264E+01  6.70561773E-01  7.81049831E-01
 -5.85156097E-01  1.00000000E+00  6.07446481E-01 -1.78638327E+00  4.55374453E-01  1.01739672E+01  6.71268582E-01  7.77493523E-01
 -5.67056245E-01  1.00000000E+00  6.02060360E-01 -1.78278491E+00  4.53263079E-01  1.01313915E+01  6.71977537E-01  7.73952051E-01
 -5.50042515E-01  1.00000000E+00  5.97155590E-01 -1.78135492E+00  4.51333162E-01  1.00971862E+01  6.73079133E-01  7.71063304E-01
 -5.33028786E-01  1.00000000E+00  5.92250819E-01 -1.77992666E+00  4.49206895E-01  1.00631039E+01  6.74182243E-01  7.68184501E-01
 -5.17036006E-01  1.00000000E+00  5.88363366E-01 -1.78031819E+00  4.46928506E-01  1.00277423E+01  6.76117823E-01  7.65132915E-01
 -5.01043227E-01  1.00000000E+00  5.84475913E-01 -1.78070615E+00  4.44461756E-01  9.99252223E+00  6.78057197E-01  7.62092594E-01
 -4.86010125E-01  1.00000000E+00  5.80506910E-01 -1.77537914E+00  4.42083942E-01  9.94897599E+00  6.78225684E-01  7.58515934E-01
 -4.70977023E-01  1.00000000E+00  5.76537908E-01 -1.77007170E+00  4.40268128E-01  9.90562060E+00  6.78397527E-01  7.54954615E-01
 -4.56846016E-01  1.00000000E+00  5.73736139E-01 -1.76838185E+00  4.37922748E-01  9.87031031E+00  6.79448200E-01  7.51979627E-01
 -4.42715008E-01  1.00000000E+00  5.70934370E-01 -1.76669437E+00  4.35925789E-01  9.83513357E+00  6.80500251E-01  7.49015454E-01
 -4.29431964E-01  1.00000000E+00  5.68169442E-01 -1.76625369E+00  4.34294501E-01  9.80793496E+00  6.81810254E-01  7.46682930E-01
 -4.16148920E-01  1.00000000E+00  5.65404513E-01 -1.76581298E+00  4.32607177E-01  9.78081892E+00  6.83122287E-01  7.44356998E-01
 -4.03662954E-01  1.00000000E+00  5.63465801E-01 -1.76095885E+00  4.30062127E-01  9.73854575E+00  6.83432432E-01  7.40872908E-01
 -3.91176988E-01  1.00000000E+00  5.61527089E-01 -1.75612189E+00  4.28067852E-01  9.69645701E+00  6.83745563E-01  7.37403664E-01
 -3.79440270E-01  1.00000000E+00  5.59757910E-01 -1.75356594E+00  4.26205326E-01  9.66108506E+00  6.84518009E-01  7.34446395E-01
 -3.67703552E-01  1.00000000E+00  5.57988731E-01 -1.75101578E+00  4.24536602E-01  9.62584709E+00  6.85291820E-01  7.31499977E-01
 -3.56671122E-01  1.00000000E+00  5.56656693E-01 -1.75053858E+00  4.23153411E-01  9.59540013E+00  6.86648946E-01  7.28897824E-01
 -3.45638692E-01  1.00000000E+00  5.55324655E-01 -1.75006039E+00  4.21360197E-01  9.56505937E+00  6.88007885E-01  7.26304212E-01
 -3.35268287E-01  1.00000000E+00  5.55086678E-01 -1.74672511E+00  4.18497609E-01  9.52147323E+00  6.89014955E-01  7.22655677E-01
 -3.24897882E-01  1.00000000E+00  5.54848702E-01 -1.74340014E+00  4.16255990E-01  9.47809266E+00  6.90024751E-01  7.19023738E-01
 -3.15149775E-01  1.00000000E+00  5.54663710E-01 -1.74322590E+00  4.14154198E-01  9.44461456E+00  6.91855415E-01  7.16134839E-01
 -3.05401669E-01  1.00000000E+00  5.54478718E-01 -1.74305057E+00  4.11997833E-01  9.41126852E+00  6.93689795E-01  7.13256441E-01
 -2.96238520E-01  1.00000000E+00  5.54580567E-01 -1.73651000E+00  4.09322467E-01  9.36812337E+00  6.93407490E-01  7.09749481E-01
 -2.87075371E-01  1.00000000E+00  5.54682416E-01 -1.72999634E+00  4.07365471E-01  9.32517596E+00  6.93129998E-01  7.06258306E-01
 -2.78462077E-01  1.00000000E+00  5.54792131E-01 -1.72866452E+00  4.06193360E-01  9.29552052E+00  6.94169161E-01  7.03746929E-01
 -2.69848783E-01  1.00000000E+00  5.54901846E-01 -1.72733439E+00  4.04911452E-01  9.26596579E+00  6.95209659E-01  7.01243684E-01
 -2.61752348E-01  1.00000000E+00  5.56249928E-01 -1.72456808E+00  4.02455210E-01  9.22236379E+00  6.96459694E-01  6.97573972E-01
 -2.53655913E-01  1.00000000E+00  5.57598011E-01 -1.72180938E+00  4.00246903E-01  9.17897699E+00  6.97712457E-01  6.93921643E-01
 -2.46045323E-01  1.00000000E+00  5.58642736E-01 -1.71903388E+00  3.98288622E-01  9.14044542E+00  6.98711975E-01  6.90687281E-01
 -2.38434732E-01  1.00000000E+00  5.59687461E-01 -1.71626583E+00  3.96080495E-01  9.10208230E+00  6.99713656E-01  6.87466525E-01
 -2.31280830E-01  1.00000000E+00  5.62014338E-01 -1.71331282E+00  3.93097689E-01  9.05304869E+00  7.01311093E-01  6.83323985E-01
 -2.24126928E-01  1.00000000E+00  5.64341215E-01 -1.71036935E+00  3.90396532E-01  9.00429312E+00  7.02912848E-01  6.79203840E-01
 -2.17402314E-01  1.00000000E+00  5.66596555E-01 -1.70587269E+00  3.87301914E-01  8.94125895E+00  7.04617400E-01  6.73907036E-01
 -2.10677699E-01  1.00000000E+00  5.68851894E-01 -1.70139592E+00  3.84193668E-01  8.87868524E+00  7.06327917E-01  6.68647417E-01
 -2.04351753E-01  1.00000000E+00  5.71448607E-01 -1.69819317E+00  3.81381180E-01  8.82340264E+00  7.08169188E-01  6.63973646E-01
 -1.98025807E-01  1.00000000E+00  5.74045319E-01 -1.69500136E+00  3.78305803E-01  8.76848399E+00  7.10015569E-01  6.59329234E-01
 -1.91837501E-01  1.00000000E+00  5.77421914E-01 -1.69119524E+00  3.74579051E-01  8.69920901E+00  7.12693572E-01  6.53442172E-01
 -1.85649194E-01  1.00000000E+00  5.80798509E-01 -1.68740745E+00  3.70616095E-01  8.63051428E+00  7.15382842E-01  6.47601663E-01
 -1.79460888E-01  1.00000000E+00  5.84745135E-01 -1.68412901E+00  3.66384220E-01  8.56765566E+00  7.17869894E-01  6.42255199E-01
 -1.73272582E-01  1.00000000E+00  5.88691761E-01 -1.68086397E+00  3.62074375E-01  8.50528464E+00  7.20365850E-01  6.36947901E-01
 -1.67084275E-01  1.00000000E+00  5.93687188E-01 -1.66965246E+00  3.56222496E-01  8.38563963E+00  7.22997978E-01  6.26943408E-01
 -1.60895969E-01  1.00000000E+00  5.98682614E-01 -1.65855677E+00  3.50817877E-01  8.26772619E+00  7.25657014E-01  6.17078388E-01
 -1.54707662E-01  1.00000000E+00  6.04811428E-01 -1.65380509E+00  3.45420510E-01  8.16663468E+00  7.29989982E-01  6.08452748E-01
 -1.48519356E-01  1.00000000E+00  6.10940243E-01 -1.64908136E+00  3.39173282E-01  8.06687128E+00  7.34346540E-01  5.99933842E-01
 -1.42331049E-01  1.00000000E+00  6.18875931E-01 -1.65306172E+00  3.31553458E-01  7.94487433E+00  7.44948250E-01  5.89084861E-01
 -1.36142743E-01  1.00000000E+00  6.26811620E-01 -1.65699510E+00  3.23353566E-01  7.82507692E+00  7.55665958E-01  5.78406352E-01
 -1.29954436E-01  1.00000000E+00  6.36629716E-01 -1.62963051E+00  3.11314994E-01  7.60059445E+00  7.59193563E-01  5.59750981E-01
 -1.23766130E-01  1.00000000E+00  6.46447811E-01 -1.60289489E+00  3.00634148E-01  7.38265941E+00  7.62854785E-01  5.41620379E-01
 -1.17577823E-01  1.00000000E+00  6.59951856E-01 -1.58083663E+00  2.86806948E-01  7.10154009E+00  7.73938158E-01  5.17712886E-01
 -1.11389517E-01  1.00000000E+00  6.73455901E-01 -1.55936740E+00  2.73146142E-01  6.83167069E+00  7.85257415E-01  4.94706541E-01
 -1.05201210E-01  1.00000000E+00  6.89682846E-01 -1.54861624E+00  2.60175888E-01  6.56445988E+00  8.02783864E-01  4.71409856E-01
 -9.90129037E-02  1.00000000E+00  7.05909791E-01 -1.53812768E+00  2.45244024E-01  6.30872990E+00  8.20670352E-01  4.49023054E-01
 -9.28245972E-02  1.00000000E+00  7.31492023E-01 -1.50474101E+00  2.26708114E-01  5.94871561E+00  8.38565520E-01  4.18103189E-01
 -8.66362908E-02  1.00000000E+00  7.57074256E-01 -1.47283900E+00  2.06770453E-01  5.61029917E+00  8.57121119E-01  3.88896386E-01
 -8.04479843E-02  1.00000000E+00  7.87863122E-01 -1.39981392E+00  1.81552973E-01  5.04913261E+00  8.82068900E-01  3.40941576E-01
 -7.42596778E-02  1.00000000E+00  8.18651989E-01 -1.33283938E+00  1.56264754E-01  4.54575584E+00  9.09289966E-01  2.97529026E-01
 -6.80713713E-02  1.00000000E+00  8.67095058E-01 -1.25959845E+00  1.33514468E-01  4.07406861E+00  9.30947279E-01  2.57164472E-01
 -6.18830648E-02  1.00000000E+00  9.15538128E-01 -1.19261588E+00  1.08398434E-01  3.65252067E+00  9.54776404E-01  2.20724531E-01
 -5.56947583E-02  1.00000000E+00  9.83389812E-01 -1.17739813E+00  7.70345347E-02  3.15161731E+00  1.05062151E+00  1.71899656E-01
 -4.95064519E-02  1.00000000E+00  1.05124150E+00 -1.16709722E+00  5.07146709E-02  2.72939555E+00  1.15644529E+00  1.28695931E-01
 -4.33181454E-02  1.00000000E+00  1.15642135E+00 -5.47882730E-01  3.17161262E-02  1.49255244E+00  1.05968405E+00  3.54165047E-02
 -3.71298389E-02  1.00000000E+00  1.26160119E+00 -1.62677754E-01  3.45113151E-02  8.40263293E-01  1.12068417E+00 -2.29435264E-02
 -3.09415324E-02  1.00000000E+00  1.49375447E+00  6.45804331E-01  9.78283861E-02  8.00715364E-01  1.79515735E+00 -8.13634353E-02
 -2.47532259E-02  1.00000000E+00  1.72590775E+00  2.05909399E+00  2.29728667E-01  1.43183665E+00  3.75562037E+00 -1.90127759E-01
 -1.85649194E-02  1.00000000E+00  2.18625398E+00  1.15025407E+00  4.84590559E-01  1.27678946E+00  2.04098652E+00 -6.25252133E-02
 -1.23766130E-02  1.00000000E+00  2.64660022E+00  5.32011855E-01  5.12368885E-01  1.54194441E+00  1.12174572E+00  3.43798924E-02
 -6.18830648E-03  1.00000000E+00  1.44465152E+00  3.53180064E+00  7.83401757E-01  4.13572774E+00  3.68319598E+00  3.70253259E-02
  0.00000000E+00  1.00000000E+00  2.42702817E-01  1.48668389E+01  1.56468483E+01  1.51776175E+01  1.49091341E+01  2.19668245E-02
