# curve 5 (die wall), step =      100, time =   4.00000000E+01
# N1 = tau_xx - tau_yy = G ( c_xx - c_yy ),  G =  7.1429E-02  (polymer part only)
#              x               y        pressure            c_xy        gammadot            c_xx            c_yy              N1
 -3.00000000E+00  1.00000000E+00  2.28081538E+00 -1.59091201E+00  4.23097792E-01  7.17635310E+00  7.93792585E-01  4.55897180E-01
 -2.97524677E+00  1.00000000E+00  2.26470866E+00 -1.59085774E+00  4.23108192E-01  7.17598490E+00  7.93798278E-01  4.55870473E-01
 -2.95049355E+00  1.00000000E+00  2.24860195E+00 -1.59080346E+00  4.23115369E-01  7.17561672E+00  7.93803973E-01  4.55843768E-01
 -2.92574032E+00  1.00000000E+00  2.23250885E+00 -1.59091229E+00  4.23113388E-01  7.17609812E+00  7.93822712E-01  4.55876815E-01
 -2.90098710E+00  1.00000000E+00  2.21641575E+00 -1.59102112E+00  4.23101346E-01  7.17657955E+00  7.93841453E-01  4.55909864E-01
 -2.87623387E+00  1.00000000E+00  2.20032471E+00 -1.59117920E+00  4.23088651E-01  7.17801699E+00  7.93821393E-01  4.56013971E-01
 -2.85148064E+00  1.00000000E+00  2.18423366E+00 -1.59133731E+00  4.23069419E-01  7.17945473E+00  7.93801336E-01  4.56118099E-01
 -2.82672742E+00  1.00000000E+00  2.16812227E+00 -1.59099833E+00  4.23076931E-01  7.17792176E+00  7.93757811E-01  4.56011711E-01
 -2.80197419E+00  1.00000000E+00  2.15201088E+00 -1.59065941E+00  4.23088848E-01  7.17638912E+00  7.93714303E-01  4.55905344E-01
 -2.77722097E+00  1.00000000E+00  2.13589355E+00 -1.59076645E+00  4.23101640E-01  7.17614489E+00  7.93758802E-01  4.55884721E-01
 -2.75246774E+00  1.00000000E+00  2.11977621E+00 -1.59087348E+00  4.23110436E-01  7.17590069E+00  7.93803305E-01  4.55864099E-01
 -2.72771451E+00  1.00000000E+00  2.10371064E+00 -1.59094024E+00  4.23104569E-01  7.17609478E+00  7.93834132E-01  4.55875761E-01
 -2.70296129E+00  1.00000000E+00  2.08764507E+00 -1.59100701E+00  4.23085854E-01  7.17628888E+00  7.93864961E-01  4.55887423E-01
 -2.67820806E+00  1.00000000E+00  2.07152770E+00 -1.59089152E+00  4.23080927E-01  7.17611887E+00  7.93812961E-01  4.55878993E-01
 -2.65345484E+00  1.00000000E+00  2.05541033E+00 -1.59077604E+00  4.23089502E-01  7.17594887E+00  7.93760966E-01  4.55870564E-01
 -2.62870161E+00  1.00000000E+00  2.03931614E+00 -1.59084350E+00  4.23098226E-01  7.17583654E+00  7.93793332E-01  4.55860229E-01
 -2.60394839E+00  1.00000000E+00  2.02322194E+00 -1.59091095E+00  4.23101618E-01  7.17572423E+00  7.93825699E-01  4.55849895E-01
 -2.57919516E+00  1.00000000E+00  2.00713416E+00 -1.59090549E+00  4.23102416E-01  7.17580514E+00  7.93831499E-01  4.55855260E-01
 -2.55444193E+00  1.00000000E+00  1.99104637E+00 -1.59090003E+00  4.23092507E-01  7.17588605E+00  7.93837300E-01  4.55860625E-01
 -2.52968871E+00  1.00000000E+00  1.97494818E+00 -1.59105922E+00  4.23078549E-01  7.17685755E+00  7.93851147E-01  4.55929029E-01
 -2.50493548E+00  1.00000000E+00  1.95884998E+00 -1.59121844E+00  4.23056963E-01  7.17782918E+00  7.93864996E-01  4.55997441E-01
 -2.48018226E+00  1.00000000E+00  1.94272707E+00 -1.59093098E+00  4.23072148E-01  7.17668802E+00  7.93805497E-01  4.55920180E-01
 -2.45542903E+00  1.00000000E+00  1.92660416E+00 -1.59064357E+00  4.23092792E-01  7.17554705E+00  7.93746009E-01  4.55842931E-01
 -2.43067580E+00  1.00000000E+00  1.91050793E+00 -1.59072860E+00  4.23109546E-01  7.17549048E+00  7.93776045E-01  4.55836745E-01
 -2.40592258E+00  1.00000000E+00  1.89441169E+00 -1.59081363E+00  4.23122040E-01  7.17543391E+00  7.93806082E-01  4.55830559E-01
 -2.38116935E+00  1.00000000E+00  1.87833416E+00 -1.59085271E+00  4.23113960E-01  7.17549388E+00  7.93835014E-01  4.55832776E-01
 -2.35641613E+00  1.00000000E+00  1.86225664E+00 -1.59089178E+00  4.23093272E-01  7.17555386E+00  7.93863946E-01  4.55834994E-01
 -2.33166290E+00  1.00000000E+00  1.84614784E+00 -1.59086375E+00  4.23087882E-01  7.17581809E+00  7.93828937E-01  4.55856368E-01
 -2.30690967E+00  1.00000000E+00  1.83003904E+00 -1.59083572E+00  4.23088930E-01  7.17608233E+00  7.93793928E-01  4.55877743E-01
 -2.28215645E+00  1.00000000E+00  1.81393118E+00 -1.59083089E+00  4.23095456E-01  7.17602687E+00  7.93784155E-01  4.55874480E-01
 -2.25740322E+00  1.00000000E+00  1.79782332E+00 -1.59082607E+00  4.23104992E-01  7.17597142E+00  7.93774381E-01  4.55871217E-01
 -2.23265000E+00  1.00000000E+00  1.78173762E+00 -1.59105735E+00  4.23097826E-01  7.17688782E+00  7.93832053E-01  4.55932555E-01
 -2.20789677E+00  1.00000000E+00  1.76565192E+00 -1.59128866E+00  4.23070331E-01  7.17780434E+00  7.93889733E-01  4.55993900E-01
 -2.18314354E+00  1.00000000E+00  1.74953804E+00 -1.59102386E+00  4.23068612E-01  7.17657480E+00  7.93849651E-01  4.55908939E-01
 -2.15839032E+00  1.00000000E+00  1.73342416E+00 -1.59075911E+00  4.23075976E-01  7.17534547E+00  7.93809578E-01  4.55823992E-01
 -2.13363709E+00  1.00000000E+00  1.71733658E+00 -1.59076612E+00  4.23085347E-01  7.17527593E+00  7.93810262E-01  4.55818977E-01
 -2.10888387E+00  1.00000000E+00  1.70124900E+00 -1.59077314E+00  4.23095507E-01  7.17520640E+00  7.93810945E-01  4.55813961E-01
 -2.08413064E+00  1.00000000E+00  1.68513361E+00 -1.59079411E+00  4.23102353E-01  7.17513314E+00  7.93821648E-01  4.55807964E-01
 -2.05937741E+00  1.00000000E+00  1.66901823E+00 -1.59081509E+00  4.23101134E-01  7.17505989E+00  7.93832351E-01  4.55801967E-01
 -2.03462419E+00  1.00000000E+00  1.65293404E+00 -1.59078754E+00  4.23091995E-01  7.17524581E+00  7.93819042E-01  4.55816198E-01
 -2.00987096E+00  1.00000000E+00  1.63684986E+00 -1.59075998E+00  4.23081329E-01  7.17543174E+00  7.93805734E-01  4.55830429E-01
 -1.98511774E+00  1.00000000E+00  1.62073100E+00 -1.59076908E+00  4.23080878E-01  7.17531776E+00  7.93808893E-01  4.55822062E-01
 -1.96036451E+00  1.00000000E+00  1.60461214E+00 -1.59077818E+00  4.23081444E-01  7.17520379E+00  7.93812053E-01  4.55813695E-01
 -1.93561128E+00  1.00000000E+00  1.58854619E+00 -1.59097736E+00  4.23066835E-01  7.17599572E+00  7.93861709E-01  4.55866715E-01
 -1.91085806E+00  1.00000000E+00  1.57248024E+00 -1.59117656E+00  4.23041410E-01  7.17678775E+00  7.93911372E-01  4.55919741E-01
 -1.88610483E+00  1.00000000E+00  1.55633550E+00 -1.59092106E+00  4.23034254E-01  7.17634077E+00  7.93813408E-01  4.55894812E-01
 -1.86135161E+00  1.00000000E+00  1.54019075E+00 -1.59066558E+00  4.23038531E-01  7.17589384E+00  7.93715460E-01  4.55869884E-01
 -1.83659838E+00  1.00000000E+00  1.52410706E+00 -1.59079503E+00  4.23049431E-01  7.17532544E+00  7.93818565E-01  4.55821920E-01
 -1.81184516E+00  1.00000000E+00  1.50802337E+00 -1.59092447E+00  4.23044506E-01  7.17475712E+00  7.93921682E-01  4.55773960E-01
 -1.78709193E+00  1.00000000E+00  1.49195702E+00 -1.59104195E+00  4.23007650E-01  7.17609932E+00  7.93902839E-01  4.55871177E-01
 -1.76233870E+00  1.00000000E+00  1.47589068E+00 -1.59115944E+00  4.22961364E-01  7.17744179E+00  7.93883996E-01  4.55968414E-01
 -1.73758548E+00  1.00000000E+00  1.45974244E+00 -1.59098627E+00  4.22961380E-01  7.17669829E+00  7.93846695E-01  4.55917971E-01
 -1.71283225E+00  1.00000000E+00  1.44359419E+00 -1.59081312E+00  4.22959569E-01  7.17595486E+00  7.93809398E-01  4.55867533E-01
 -1.68807903E+00  1.00000000E+00  1.42748520E+00 -1.59082738E+00  4.22948007E-01  7.17537156E+00  7.93844263E-01  4.55823378E-01
 -1.66332580E+00  1.00000000E+00  1.41137620E+00 -1.59084164E+00  4.22938549E-01  7.17478831E+00  7.93879128E-01  4.55779228E-01
 -1.63857257E+00  1.00000000E+00  1.39530754E+00 -1.59080748E+00  4.22929629E-01  7.17469259E+00  7.93883355E-01  4.55772088E-01
 -1.61381935E+00  1.00000000E+00  1.37923888E+00 -1.59077332E+00  4.22905048E-01  7.17459686E+00  7.93887583E-01  4.55764948E-01
 -1.58906612E+00  1.00000000E+00  1.36309877E+00 -1.59062441E+00  4.22879577E-01  7.17359921E+00  7.93875205E-01  4.55694571E-01
 -1.56431290E+00  1.00000000E+00  1.34695866E+00 -1.59047551E+00  4.22865104E-01  7.17260169E+00  7.93862829E-01  4.55624204E-01
 -1.53955967E+00  1.00000000E+00  1.33090148E+00 -1.59045485E+00  4.22842719E-01  7.17184290E+00  7.93908417E-01  4.55566749E-01
 -1.51480644E+00  1.00000000E+00  1.31484431E+00 -1.59043418E+00  4.22816158E-01  7.17108421E+00  7.93954006E-01  4.55509300E-01
 -1.49005322E+00  1.00000000E+00  1.29875908E+00 -1.59044817E+00  4.22777131E-01  7.17083007E+00  7.93996209E-01  4.55488133E-01
 -1.46529999E+00  1.00000000E+00  1.28267386E+00 -1.59046215E+00  4.22716839E-01  7.17057594E+00  7.94038414E-01  4.55466966E-01
 -1.44054677E+00  1.00000000E+00  1.26657664E+00 -1.59059572E+00  4.22654220E-01  7.17138423E+00  7.94062081E-01  4.55523011E-01
 -1.41579354E+00  1.00000000E+00  1.25047943E+00 -1.59072929E+00  4.22573252E-01  7.17219261E+00  7.94085749E-01  4.55579062E-01
 -1.39104031E+00  1.00000000E+00  1.23438532E+00 -1.59027116E+00  4.22526073E-01  7.16961885E+00  7.94055278E-01  4.55397398E-01
 -1.36628709E+00  1.00000000E+00  1.21829121E+00 -1.58981317E+00  4.22490998E-01  7.16704602E+00  7.94024835E-01  4.55215799E-01
 -1.34153386E+00  1.00000000E+00  1.20220907E+00 -1.58981918E+00  4.22440240E-01  7.16590926E+00  7.94088491E-01  4.55130055E-01
 -1.31678064E+00  1.00000000E+00  1.18612693E+00 -1.58982517E+00  4.22380862E-01  7.16477270E+00  7.94152148E-01  4.55044325E-01
 -1.29202741E+00  1.00000000E+00  1.17009652E+00 -1.58977223E+00  4.22300772E-01  7.16413979E+00  7.94184420E-01  4.54996812E-01
 -1.26727418E+00  1.00000000E+00  1.15406610E+00 -1.58971930E+00  4.22207994E-01  7.16350694E+00  7.94216694E-01  4.54949303E-01
 -1.24252096E+00  1.00000000E+00  1.13802976E+00 -1.58976450E+00  4.22113992E-01  7.16283595E+00  7.94292453E-01  4.54895964E-01
 -1.21776773E+00  1.00000000E+00  1.12199342E+00 -1.58980969E+00  4.21999278E-01  7.16216503E+00  7.94368217E-01  4.54842630E-01
 -1.19301451E+00  1.00000000E+00  1.10594637E+00 -1.58930617E+00  4.21898375E-01  7.15908174E+00  7.94362173E-01  4.54622826E-01
 -1.16826128E+00  1.00000000E+00  1.08989931E+00 -1.58880283E+00  4.21808356E-01  7.15599978E+00  7.94356165E-01  4.54403115E-01
 -1.14350806E+00  1.00000000E+00  1.07391636E+00 -1.58875954E+00  4.21689603E-01  7.15465481E+00  7.94424563E-01  4.54302160E-01
 -1.11875483E+00  1.00000000E+00  1.05793341E+00 -1.58871625E+00  4.21561286E-01  7.15331012E+00  7.94492965E-01  4.54201225E-01
 -1.09400160E+00  1.00000000E+00  1.04196139E+00 -1.58847946E+00  4.21434082E-01  7.15099002E+00  7.94548682E-01  4.54031524E-01
 -1.06924838E+00  1.00000000E+00  1.02598936E+00 -1.58824272E+00  4.21304439E-01  7.14867070E+00  7.94604410E-01  4.53861878E-01
 -1.04449515E+00  1.00000000E+00  1.01008170E+00 -1.58799842E+00  4.21151897E-01  7.14590866E+00  7.94695263E-01  4.53658100E-01
 -1.01974193E+00  1.00000000E+00  9.94174031E-01 -1.58775418E+00  4.20987515E-01  7.14314773E+00  7.94786133E-01  4.53454400E-01
 -9.94988700E-01  1.00000000E+00  9.78317869E-01 -1.58743694E+00  4.20806303E-01  7.14054756E+00  7.94843270E-01  4.53264592E-01
 -9.70235474E-01  1.00000000E+00  9.62461706E-01 -1.58711978E+00  4.20630739E-01  7.13794834E+00  7.94900429E-01  4.53074851E-01
 -9.45482248E-01  1.00000000E+00  9.46634067E-01 -1.58680367E+00  4.20451797E-01  7.13493051E+00  7.94965939E-01  4.52854612E-01
 -9.20729022E-01  1.00000000E+00  9.30806428E-01 -1.58648766E+00  4.20274712E-01  7.13191399E+00  7.95031466E-01  4.52634466E-01
 -8.95975796E-01  1.00000000E+00  9.15116889E-01 -1.58612107E+00  4.20075594E-01  7.12805128E+00  7.95149440E-01  4.52350132E-01
 -8.71222570E-01  1.00000000E+00  8.99427350E-01 -1.58575463E+00  4.19871046E-01  7.12419075E+00  7.95267450E-01  4.52065950E-01
 -8.46469344E-01  1.00000000E+00  8.83822855E-01 -1.58559338E+00  4.19648884E-01  7.12161531E+00  7.95400452E-01  4.51872490E-01
 -8.21716118E-01  1.00000000E+00  8.68218360E-01 -1.58543217E+00  4.19410674E-01  7.11904086E+00  7.95533479E-01  4.51679099E-01
 -7.97201467E-01  1.00000000E+00  8.52880264E-01 -1.58514363E+00  4.19238530E-01  7.11601836E+00  7.95612172E-01  4.51457585E-01
 -7.72686817E-01  1.00000000E+00  8.37542169E-01 -1.58485516E+00  4.19055687E-01  7.11299720E+00  7.95690880E-01  4.51236166E-01
 -7.49503432E-01  1.00000000E+00  8.23199009E-01 -1.58454890E+00  4.18885183E-01  7.11041884E+00  7.95739178E-01  4.51048547E-01
 -7.26320047E-01  1.00000000E+00  8.08855850E-01 -1.58424272E+00  4.18724909E-01  7.10784142E+00  7.95787492E-01  4.50860995E-01
 -7.04527831E-01  1.00000000E+00  7.95544874E-01 -1.58411386E+00  4.18564955E-01  7.10547364E+00  7.95919891E-01  4.50682411E-01
 -6.82735615E-01  1.00000000E+00  7.82233899E-01 -1.58398503E+00  4.18424242E-01  7.10310671E+00  7.96052313E-01  4.50503886E-01
 -6.62251087E-01  1.00000000E+00  7.69828969E-01 -1.58357366E+00  4.18387854E-01  7.10208377E+00  7.95915579E-01  4.50440585E-01
 -6.41766559E-01  1.00000000E+00  7.57424039E-01 -1.58316237E+00  4.18369393E-01  7.10106099E+00  7.95778879E-01  4.50377294E-01
 -6.22511254E-01  1.00000000E+00  7.45997081E-01 -1.58302346E+00  4.18344066E-01  7.10038260E+00  7.95763912E-01  4.50329906E-01
 -6.03255949E-01  1.00000000E+00  7.34570122E-01 -1.58288456E+00  4.18349019E-01  7.09970427E+00  7.95748948E-01  4.50282523E-01
 -5.85156097E-01  1.00000000E+00  7.24019413E-01 -1.58307671E+00  4.18390229E-01  7.10007947E+00  7.95806763E-01  4.50305193E-01
 -5.67056245E-01  1.00000000E+00  7.13468703E-01 -1.58326888E+00  4.18459804E-01  7.10045470E+00  7.95864586E-01  4.50327865E-01
 -5.50042515E-01  1.00000000E+00  7.03701856E-01 -1.58335958E+00  4.18643985E-01  7.10322824E+00  7.95684492E-01  4.50538839E-01
 -5.33028786E-01  1.00000000E+00  6.93935009E-01 -1.58345030E+00  4.18826498E-01  7.10600298E+00  7.95504433E-01  4.50749896E-01
 -5.17036006E-01  1.00000000E+00  6.85039994E-01 -1.58424801E+00  4.19043239E-01  7.11040444E+00  7.95572119E-01  4.51059451E-01
 -5.01043227E-01  1.00000000E+00  6.76144979E-01 -1.58504615E+00  4.19268891E-01  7.11480862E+00  7.95639884E-01  4.51369195E-01
 -4.86010125E-01  1.00000000E+00  6.67907094E-01 -1.58529912E+00  4.19596667E-01  7.11962779E+00  7.95383641E-01  4.51731725E-01
 -4.70977023E-01  1.00000000E+00  6.59669209E-01 -1.58555220E+00  4.20015140E-01  7.12445049E+00  7.95127479E-01  4.52094501E-01
 -4.56846016E-01  1.00000000E+00  6.52209468E-01 -1.58655100E+00  4.20453470E-01  7.13259035E+00  7.94979277E-01  4.52686505E-01
 -4.42715008E-01  1.00000000E+00  6.44749726E-01 -1.58755069E+00  4.20972995E-01  7.14073968E+00  7.94831259E-01  4.53279173E-01
 -4.29431964E-01  1.00000000E+00  6.37962669E-01 -1.58859365E+00  4.21617947E-01  7.15083628E+00  7.94559879E-01  4.54019743E-01
 -4.16148920E-01  1.00000000E+00  6.31175611E-01 -1.58963770E+00  4.22295008E-01  7.16094762E+00  7.94288754E-01  4.54761348E-01
 -4.03662954E-01  1.00000000E+00  6.25012884E-01 -1.59045882E+00  4.22939954E-01  7.17208176E+00  7.93861825E-01  4.55587138E-01
 -3.91176988E-01  1.00000000E+00  6.18850157E-01 -1.59128072E+00  4.23745076E-01  7.18323422E+00  7.93435170E-01  4.56414218E-01
 -3.79440270E-01  1.00000000E+00  6.13273974E-01 -1.59314105E+00  4.24628718E-01  7.19749194E+00  7.93231229E-01  4.57447193E-01
 -3.67703552E-01  1.00000000E+00  6.07697791E-01 -1.59500434E+00  4.25578983E-01  7.21177838E+00  7.93027876E-01  4.58482179E-01
 -3.56671122E-01  1.00000000E+00  6.02814088E-01 -1.59667102E+00  4.26675080E-01  7.22874337E+00  7.92534297E-01  4.59729220E-01
 -3.45638692E-01  1.00000000E+00  5.97930384E-01 -1.59834054E+00  4.27764222E-01  7.24574970E+00  7.92041436E-01  4.60979162E-01
 -3.35268287E-01  1.00000000E+00  5.93494488E-01 -1.60015296E+00  4.28803894E-01  7.26379526E+00  7.91593378E-01  4.62300134E-01
 -3.24897882E-01  1.00000000E+00  5.89058591E-01 -1.60196858E+00  4.30039861E-01  7.28188732E+00  7.91145978E-01  4.63624381E-01
 -3.15149775E-01  1.00000000E+00  5.85184662E-01 -1.60412561E+00  4.31416645E-01  7.30288227E+00  7.90616895E-01  4.65161812E-01
 -3.05401669E-01  1.00000000E+00  5.81310733E-01 -1.60628717E+00  4.32836700E-01  7.32393970E+00  7.90088814E-01  4.66703635E-01
 -2.96238520E-01  1.00000000E+00  5.77872719E-01 -1.60825478E+00  4.34283754E-01  7.34920986E+00  7.89157224E-01  4.68575188E-01
 -2.87075371E-01  1.00000000E+00  5.74434706E-01 -1.61022679E+00  4.35988267E-01  7.37457179E+00  7.88227137E-01  4.70453189E-01
 -2.78462077E-01  1.00000000E+00  5.71615604E-01 -1.61309546E+00  4.37786184E-01  7.40133378E+00  7.87580100E-01  4.72410977E-01
 -2.69848783E-01  1.00000000E+00  5.68796502E-01 -1.61597198E+00  4.39628273E-01  7.42819559E+00  7.86934861E-01  4.74375767E-01
 -2.61752348E-01  1.00000000E+00  5.66405026E-01 -1.61947444E+00  4.41426068E-01  7.45840951E+00  7.86417752E-01  4.76570840E-01
 -2.53655913E-01  1.00000000E+00  5.64013550E-01 -1.62298771E+00  4.43365040E-01  7.48874909E+00  7.85902637E-01  4.78774747E-01
 -2.46045323E-01  1.00000000E+00  5.62055672E-01 -1.62521896E+00  4.45469107E-01  7.52043026E+00  7.84677872E-01  4.81125170E-01
 -2.38434732E-01  1.00000000E+00  5.60097793E-01 -1.62745599E+00  4.47631605E-01  7.55225329E+00  7.83455371E-01  4.83485566E-01
 -2.31280830E-01  1.00000000E+00  5.58534604E-01 -1.63058429E+00  4.49833831E-01  7.58608631E+00  7.82538465E-01  4.85967703E-01
 -2.24126928E-01  1.00000000E+00  5.56971415E-01 -1.63372226E+00  4.52149926E-01  7.62007671E+00  7.81623788E-01  4.88460923E-01
 -2.17402314E-01  1.00000000E+00  5.55862617E-01 -1.63848010E+00  4.54523083E-01  7.65885957E+00  7.81077645E-01  4.91270138E-01
 -2.10677699E-01  1.00000000E+00  5.54753820E-01 -1.64325697E+00  4.56965319E-01  7.69784319E+00  7.80535067E-01  4.94093438E-01
 -2.04351753E-01  1.00000000E+00  5.54058810E-01 -1.64689848E+00  4.59629177E-01  7.73943277E+00  7.79309127E-01  4.97151689E-01
 -1.98025807E-01  1.00000000E+00  5.53363799E-01 -1.65055347E+00  4.62339433E-01  7.78125631E+00  7.78086716E-01  5.00226400E-01
 -1.91837501E-01  1.00000000E+00  5.53015657E-01 -1.65522552E+00  4.65291363E-01  7.82690825E+00  7.77112711E-01  5.03556825E-01
 -1.85649194E-01  1.00000000E+00  5.52667514E-01 -1.65991749E+00  4.68331093E-01  7.87283590E+00  7.76142681E-01  5.06906658E-01
 -1.79460888E-01  1.00000000E+00  5.52689001E-01 -1.66294087E+00  4.71812605E-01  7.92496009E+00  7.73996556E-01  5.10783109E-01
 -1.73272582E-01  1.00000000E+00  5.52710488E-01 -1.66597494E+00  4.75422409E-01  7.97745292E+00  7.71856273E-01  5.14685475E-01
 -1.67084275E-01  1.00000000E+00  5.53378246E-01 -1.67331333E+00  4.79269795E-01  8.03849435E+00  7.71101521E-01  5.19099488E-01
 -1.60895969E-01  1.00000000E+00  5.54046004E-01 -1.68069564E+00  4.83246823E-01  8.10001062E+00  7.70354499E-01  5.23546866E-01
 -1.54707662E-01  1.00000000E+00  5.55146429E-01 -1.68552567E+00  4.87906147E-01  8.16980562E+00  7.67946986E-01  5.28704188E-01
 -1.48519356E-01  1.00000000E+00  5.56246853E-01 -1.69038067E+00  4.92674484E-01  8.24023506E+00  7.65548531E-01  5.33906181E-01
 -1.42331049E-01  1.00000000E+00  5.58409386E-01 -1.69917109E+00  4.98167500E-01  8.32258447E+00  7.64093024E-01  5.39892246E-01
 -1.36142743E-01  1.00000000E+00  5.60571919E-01 -1.70802778E+00  5.03864636E-01  8.40577588E+00  7.62650353E-01  5.45937537E-01
 -1.29954436E-01  1.00000000E+00  5.63435706E-01 -1.71488743E+00  5.09814603E-01  8.49832894E+00  7.59980201E-01  5.52739195E-01
 -1.23766130E-01  1.00000000E+00  5.66299492E-01 -1.72179264E+00  5.16366287E-01  8.59195057E+00  7.57322460E-01  5.59616294E-01
 -1.17577823E-01  1.00000000E+00  5.70292472E-01 -1.73236621E+00  5.23897940E-01  8.70697864E+00  7.54856812E-01  5.68008702E-01
 -1.11389517E-01  1.00000000E+00  5.74285452E-01 -1.74303933E+00  5.31829902E-01  8.82359547E+00  7.52411782E-01  5.76513120E-01
 -1.05201210E-01  1.00000000E+00  5.80281021E-01 -1.75460080E+00  5.41367185E-01  8.96386325E+00  7.48947162E-01  5.86779721E-01
 -9.90129037E-02  1.00000000E+00  5.86276591E-01 -1.76628581E+00  5.51209053E-01  9.10644499E+00  7.45512475E-01  5.97209466E-01
 -9.28245972E-02  1.00000000E+00  5.94223211E-01 -1.77452235E+00  5.62888545E-01  9.26825717E+00  7.39820581E-01  6.09174042E-01
 -8.66362908E-02  1.00000000E+00  6.02169831E-01 -1.78282376E+00  5.74974039E-01  9.43313598E+00  7.34167508E-01  6.21354891E-01
 -8.04479843E-02  1.00000000E+00  6.13096706E-01 -1.80470022E+00  5.89325244E-01  9.64250552E+00  7.31674738E-01  6.36487913E-01
 -7.42596778E-02  1.00000000E+00  6.24023580E-01 -1.82694554E+00  6.04654497E-01  9.85660648E+00  7.29242631E-01  6.51954561E-01
 -6.80713713E-02  1.00000000E+00  6.39881168E-01 -1.82455523E+00  6.23813135E-01  1.01156333E+01  7.15354176E-01  6.71448512E-01
 -6.18830648E-02  1.00000000E+00  6.55738756E-01 -1.82192159E+00  6.45107045E-01  1.03824458E+01  7.01630050E-01  6.91486838E-01
 -5.56947583E-02  1.00000000E+00  6.74366673E-01 -1.94438589E+00  6.71152364E-01  1.08255841E+01  7.23877425E-01  7.21550473E-01
 -4.95064519E-02  1.00000000E+00  6.92994590E-01 -2.07265126E+00  6.94902873E-01  1.12889138E+01  7.48010929E-01  7.52921637E-01
 -4.33181454E-02  1.00000000E+00  7.66216988E-01 -1.76177401E+00  7.26462191E-01  1.11804164E+01  6.51312926E-01  7.52078821E-01
 -3.71298389E-02  1.00000000E+00  8.39439386E-01 -1.45872053E+00  7.80450685E-01  1.11121404E+01  5.70181370E-01  7.52997075E-01
 -3.09415324E-02  1.00000000E+00  7.23866912E-01 -1.35456712E+00  8.24580637E-01  1.09254288E+01  5.49369826E-01  7.41147068E-01
 -2.47532259E-02  1.00000000E+00  6.08294437E-01 -1.25288763E+00  8.17955108E-01  1.07449334E+01  5.30161607E-01  7.29626554E-01
 -1.85649194E-02  1.00000000E+00  1.47440422E+00 -3.81391886E+00  8.12350207E-01  1.58846544E+01  1.22115218E+00  1.04739302E+00
 -1.23766130E-02  1.00000000E+00  2.34051399E+00 -8.35503557E+00  9.44954947E-01  2.53432592E+01  2.97950205E+00  1.59741122E+00
 -6.18830648E-03  1.00000000E+00  9.23297241E-01  1.92742916E+00  2.09037554E+00  1.53487451E+01  6.26573231E-01  1.05158370E+00
  0.00000000E+00  1.00000000E+00 -4.93919512E-01  1.88131171E+01  6.12668450E+00  3.54100577E+01  1.01677571E+01  1.80302147E+00
