# model=oldroyd  theta_MLE: lambda=3.40398, beta=0.479422, eta_0=0.845896
# delta(x) = y_clean(x) - y_model(x; theta_MLE)   (x from curve4_x.txt)
# columns: x  delta
5.000000000000000000e+00 -1.243639235570137558e-03
4.950333040000000295e+00 -1.243818487522529992e-03
4.900666089999999642e+00 -1.243909652332453319e-03
4.850999129999999937e+00 -1.243983018345495850e-03
4.801332180000000172e+00 -1.244076723463827250e-03
4.751665219999999579e+00 -1.244177269818846909e-03
4.701998269999999813e+00 -1.244291453885271181e-03
4.652331310000000109e+00 -1.244430812476826631e-03
4.602664360000000343e+00 -1.244588813290814500e-03
4.552997399999999750e+00 -1.244729653453457985e-03
4.503330449999999985e+00 -1.244871413224712953e-03
4.453663490000000280e+00 -1.244989057780143682e-03
4.403996539999999627e+00 -1.245080943547804964e-03
4.354329579999999922e+00 -1.245107069164808067e-03
4.304662630000000156e+00 -1.245079030242512985e-03
4.254995669999999564e+00 -1.244970610024598301e-03
4.205328709999999859e+00 -1.244763900899448217e-03
4.155661760000000093e+00 -1.244421797701011911e-03
4.105994800000000389e+00 -1.243930644095003757e-03
4.056327849999999735e+00 -1.243246043019397007e-03
4.006660890000000030e+00 -1.242354284891833416e-03
3.956993939999999821e+00 -1.241200331686842517e-03
3.907326980000000116e+00 -1.239754440673035418e-03
3.857660029999999907e+00 -1.237953468615993202e-03
3.807993070000000202e+00 -1.235759304233141620e-03
3.758326119999999992e+00 -1.233101032329431135e-03
3.708659159999999844e+00 -1.229892226832340896e-03
3.658992210000000078e+00 -1.226081448792770701e-03
3.609325249999999929e+00 -1.221564213240267094e-03
3.559658300000000164e+00 -1.216262243806331966e-03
3.509991340000000015e+00 -1.210041997383060064e-03
3.460324389999999806e+00 -1.202807318583687390e-03
3.410657430000000101e+00 -1.194406841980688583e-03
3.360990469999999952e+00 -1.184698251692539728e-03
3.311323520000000187e+00 -1.173533329761999866e-03
3.261656560000000038e+00 -1.160719644646146520e-03
3.211989609999999828e+00 -1.146089899959346070e-03
3.162322650000000124e+00 -1.129387371439305454e-03
3.112655699999999914e+00 -1.110441758941593804e-03
3.062988740000000210e+00 -1.088998002411356580e-03
3.013321790000000000e+00 -1.064802944270581975e-03
2.963654829999999851e+00 -1.037588488564278322e-03
2.913987880000000086e+00 -1.007006939010901547e-03
2.864320919999999937e+00 -9.727958817729032148e-04
2.814653970000000172e+00 -9.346007542836431981e-04
2.764987010000000023e+00 -8.921288001633165266e-04
2.715320059999999813e+00 -8.449333179176843345e-04
2.665653100000000109e+00 -7.927054105190123323e-04
2.615986139999999960e+00 -7.349638032141392330e-04
2.566319190000000194e+00 -6.714891074222073541e-04
2.516652230000000046e+00 -6.018621661494361064e-04
2.466985279999999836e+00 -5.257695475293644449e-04
2.417318320000000131e+00 -4.429197392765704677e-04
2.367651369999999922e+00 -3.527026016243439699e-04
2.317984410000000217e+00 -2.548390827297186689e-04
2.268317460000000008e+00 -1.492614565328231890e-04
2.218650499999999859e+00 -3.566280151034995072e-05
2.168983550000000093e+00 8.608603499205003118e-05
2.119316589999999945e+00 2.161151698585328518e-04
2.069649640000000179e+00 3.545590094915507251e-04
2.019982680000000030e+00 5.010289511899745918e-04
1.970315730000000043e+00 6.556267076758270917e-04
1.920648769999999894e+00 8.174635247242267866e-04
1.870981809999999967e+00 9.872537811073112124e-04
1.821314859999999980e+00 1.163165791469467081e-03
1.771647900000000053e+00 1.344820254989942399e-03
1.721980950000000066e+00 1.531743159693288447e-03
1.672313989999999917e+00 1.721894574417293100e-03
1.622647039999999929e+00 1.914235894025617668e-03
1.572980080000000003e+00 2.107759616846616169e-03
1.523313130000000015e+00 2.298284073575684872e-03
1.473646170000000089e+00 2.485764672659263042e-03
1.423979220000000101e+00 2.668222794589558688e-03
1.374312259999999952e+00 2.841197552353236233e-03
1.324645309999999965e+00 3.005899277671808534e-03
1.274978350000000038e+00 3.154750322257982020e-03
1.225311400000000051e+00 3.286879688818578060e-03
1.175644439999999902e+00 3.401266884332176943e-03
1.125977479999999975e+00 3.493054914450732795e-03
1.076310529999999988e+00 3.555558080051035574e-03
1.026643570000000061e+00 3.583141250496968411e-03
9.769766189999999906e-01 3.584816610177510299e-03
9.273096640000000335e-01 3.540892357770886179e-03
8.776427079999999936e-01 3.461100292382557342e-03
8.279757530000000365e-01 3.339414961184061781e-03
7.786002389999999718e-01 3.171304497364912933e-03
7.317317880000000496e-01 2.968985428519310688e-03
6.876846269999999928e-01 2.733018495402417258e-03
6.462889219999999879e-01 2.475511149286679924e-03
6.073850619999999756e-01 2.201017118587111909e-03
5.708230460000000006e-01 1.925569858620468366e-03
5.364619149999999559e-01 1.639501705741563953e-03
5.041691750000000249e-01 1.339259957929828104e-03
4.738203240000000149e-01 1.052455248381267694e-03
4.452983460000000115e-01 7.726226951576542490e-04
4.184932690000000011e-01 4.922025337161795022e-04
3.933017460000000076e-01 2.074230492328243969e-04
3.696266380000000074e-01 -3.252053976843249927e-05
3.473766770000000226e-01 -2.643941340099154047e-04
3.264660690000000254e-01 -5.468309538092519517e-04
3.068141939999999845e-01 -7.126236209293868029e-04
2.883452770000000109e-01 -8.732187630782206611e-04
2.709881089999999770e-01 -1.099553287301713311e-03
2.546757709999999952e-01 -1.217134617424564524e-03
2.393453670000000033e-01 -1.315895558502422347e-03
2.249377889999999991e-01 -1.545737833742233391e-03
2.113974849999999961e-01 -1.593908251277253996e-03
1.986678209999999944e-01 -1.670285308454699802e-03
1.862510820000000122e-01 -1.783139141270817518e-03
1.738343440000000018e-01 -1.871297221057499627e-03
1.614176049999999918e-01 -1.928319369813857875e-03
1.490008660000000096e-01 -1.945281387476960333e-03
1.365841269999999996e-01 -1.967096964579972962e-03
1.241673880000000035e-01 -2.076569047137377666e-03
1.117506489999999936e-01 -2.038457032624840792e-03
9.933391060000000550e-02 -1.955013908592873051e-03
8.691717179999999821e-02 -1.864714122252975059e-03
7.450043300000000479e-02 -1.892840289236197293e-03
6.208369419999999750e-02 -1.647471803562838844e-03
4.966695530000000275e-02 -1.401439443436292009e-03
3.725021650000000240e-02 -1.276161833633882026e-03
2.483347769999999857e-02 -8.899741962669072137e-04
1.241673880000000035e-02 -5.263526461734002737e-04
0.000000000000000000e+00 0.000000000000000000e+00
