# model=oldroyd  theta_MLE: lambda=0.39454, beta=0.282716, eta_0=0.846188
# delta(x) = y_clean(x) - y_model(x; theta_MLE)   (x from curve4_x.txt)
# columns: x  delta
5.000000000000000000e+00 -1.436667466018004546e-03
4.950333040000000295e+00 -1.436707125040737054e-03
4.900666089999999642e+00 -1.436729075021681012e-03
4.850999129999999937e+00 -1.436737861115089387e-03
4.801332180000000172e+00 -1.436750815883236498e-03
4.751665219999999579e+00 -1.436752006435781936e-03
4.701998269999999813e+00 -1.436748093425643802e-03
4.652331310000000109e+00 -1.436744071231510489e-03
4.602664360000000343e+00 -1.436738525813829881e-03
4.552997399999999750e+00 -1.436718070085163390e-03
4.503330449999999985e+00 -1.436708352452908954e-03
4.453663490000000280e+00 -1.436680370633602877e-03
4.403996539999999627e+00 -1.436652211463718132e-03
4.354329579999999922e+00 -1.436626081223080220e-03
4.304662630000000156e+00 -1.436591040052670465e-03
4.254995669999999564e+00 -1.436561675098646518e-03
4.205328709999999859e+00 -1.436523605323092312e-03
4.155661760000000093e+00 -1.436478892617110148e-03
4.105994800000000389e+00 -1.436432384503749660e-03
4.056327849999999735e+00 -1.436395497468989646e-03
4.006660890000000030e+00 -1.436347434135010204e-03
3.956993939999999821e+00 -1.436312030001385409e-03
3.907326980000000116e+00 -1.436268683368435717e-03
3.857660029999999907e+00 -1.436231742710347703e-03
3.807993070000000202e+00 -1.436195018508668042e-03
3.758326119999999992e+00 -1.436163050286154430e-03
3.708659159999999844e+00 -1.436143900955366703e-03
3.658992210000000078e+00 -1.436126791862113450e-03
3.609325249999999929e+00 -1.436125979515701090e-03
3.559658300000000164e+00 -1.436133950846407714e-03
3.509991340000000015e+00 -1.436158414136023964e-03
3.460324389999999806e+00 -1.436194924798073203e-03
3.410657430000000101e+00 -1.436250621609680422e-03
3.360990469999999952e+00 -1.436323690376939410e-03
3.311323520000000187e+00 -1.436419018367995903e-03
3.261656560000000038e+00 -1.436550825673732490e-03
3.211989609999999828e+00 -1.436696680819027350e-03
3.162322650000000124e+00 -1.436874325496440008e-03
3.112655699999999914e+00 -1.437095862131920754e-03
3.062988740000000210e+00 -1.437347931487975572e-03
3.013321790000000000e+00 -1.437631601874933551e-03
2.963654829999999851e+00 -1.437953194322716399e-03
2.913987880000000086e+00 -1.438326119997723751e-03
2.864320919999999937e+00 -1.438737063189199361e-03
2.814653970000000172e+00 -1.439173674081972720e-03
2.764987010000000023e+00 -1.439662992640755590e-03
2.715320059999999813e+00 -1.440182970042558352e-03
2.665653100000000109e+00 -1.440731187836608029e-03
2.615986139999999960e+00 -1.441326802153364284e-03
2.566319190000000194e+00 -1.441944197155153873e-03
2.516652230000000046e+00 -1.442578043754805250e-03
2.466985279999999836e+00 -1.443216328454344222e-03
2.417318320000000131e+00 -1.443864826217833297e-03
2.367651369999999922e+00 -1.444472951540820560e-03
2.317984410000000217e+00 -1.445045029335956244e-03
2.268317460000000008e+00 -1.445558752789954937e-03
2.218650499999999859e+00 -1.445991320114803358e-03
2.168983550000000093e+00 -1.446313201069582277e-03
2.119316589999999945e+00 -1.446480217853096661e-03
2.069649640000000179e+00 -1.446462519230973243e-03
2.019982680000000030e+00 -1.446227365976993084e-03
1.970315730000000043e+00 -1.445680965963092035e-03
1.920648769999999894e+00 -1.444806909187468236e-03
1.870981809999999967e+00 -1.443537276464068597e-03
1.821314859999999980e+00 -1.441764643461462825e-03
1.771647900000000053e+00 -1.439427822363059661e-03
1.721980950000000066e+00 -1.436430289772694380e-03
1.672313989999999917e+00 -1.432732175995932167e-03
1.622647039999999929e+00 -1.428149881698592694e-03
1.572980080000000003e+00 -1.422542233135537515e-03
1.523313130000000015e+00 -1.415810937635431088e-03
1.473646170000000089e+00 -1.407760397571511390e-03
1.423979220000000101e+00 -1.398233066047138706e-03
1.374312259999999952e+00 -1.387171441439738473e-03
1.324645309999999965e+00 -1.374221508107176248e-03
1.274978350000000038e+00 -1.359241986391923618e-03
1.225311400000000051e+00 -1.341970544211035232e-03
1.175644439999999902e+00 -1.322277753442069326e-03
1.125977479999999975e+00 -1.299822114309456822e-03
1.076310529999999988e+00 -1.274280053136012114e-03
1.026643570000000061e+00 -1.245746141674386465e-03
9.769766189999999906e-01 -1.213333207504607714e-03
9.273096640000000335e-01 -1.177612312805775829e-03
8.776427079999999936e-01 -1.137645260855135732e-03
8.279757530000000365e-01 -1.092604789650675201e-03
7.786002389999999718e-01 -1.043521331913987993e-03
7.317317880000000496e-01 -9.920061342356678580e-04
6.876846269999999928e-01 -9.402497536499243580e-04
6.462889219999999879e-01 -8.867097607101470658e-04
6.073850619999999756e-01 -8.337174746708697626e-04
5.708230460000000006e-01 -7.801700105107833849e-04
5.364619149999999559e-01 -7.264006276039847165e-04
5.041691750000000249e-01 -6.728218164691046610e-04
4.738203240000000149e-01 -6.210327323754594175e-04
4.452983460000000115e-01 -5.705574718313233262e-04
4.184932690000000011e-01 -5.197714383033957830e-04
3.933017460000000076e-01 -4.709796864645898751e-04
3.696266380000000074e-01 -4.239150507958644454e-04
3.473766770000000226e-01 -3.788395540824662788e-04
3.264660690000000254e-01 -3.347351516880259226e-04
3.068141939999999845e-01 -2.920915657973477408e-04
2.883452770000000109e-01 -2.528754258466214822e-04
2.709881089999999770e-01 -2.151432511821038673e-04
2.546757709999999952e-01 -1.786651335040634336e-04
2.393453670000000033e-01 -1.462007531931597271e-04
2.249377889999999991e-01 -1.139042752433816474e-04
2.113974849999999961e-01 -8.338063549495622340e-05
1.986678209999999944e-01 -5.637481078157868808e-05
1.862510820000000122e-01 -2.965931722309633756e-05
1.738343440000000018e-01 -4.070384731491571983e-06
1.614176049999999918e-01 2.118764348790769247e-05
1.490008660000000096e-01 4.579732381038148503e-05
1.365841269999999996e-01 6.899994446918356061e-05
1.241673880000000035e-01 9.099543414148314469e-05
1.117506489999999936e-01 1.108983093232041028e-04
9.933391060000000550e-02 1.251373388995169478e-04
8.691717179999999821e-02 1.381019651343073917e-04
7.450043300000000479e-02 1.475835274833414701e-04
6.208369419999999750e-02 1.522805019160689000e-04
4.966695530000000275e-02 1.420147503408131229e-04
3.725021650000000240e-02 1.432475326035298480e-04
2.483347769999999857e-02 1.110265074732996737e-04
1.241673880000000035e-02 4.788227340557504874e-05
0.000000000000000000e+00 0.000000000000000000e+00
