# curve 5 (die wall), step =        1, time =   2.00000000E-01
# N1 = tau_xx - tau_yy = G ( c_xx - c_yy ),  G =  6.0000E-01  (polymer part only)
#              x               y        pressure            c_xy        gammadot            c_xx            c_yy              N1
 -3.00000000E+00  1.00000000E+00  1.28303532E+00  0.00000000E+00  3.99991992E-01  1.00000000E+00  1.00000000E+00  0.00000000E+00
 -2.95108291E+00  1.00000000E+00  1.26347510E+00  0.00000000E+00  3.99995087E-01  1.00000000E+00  1.00000000E+00  0.00000000E+00
 -2.90216582E+00  1.00000000E+00  1.24391487E+00  0.00000000E+00  3.99998231E-01  1.00000000E+00  1.00000000E+00  0.00000000E+00
 -2.85324873E+00  1.00000000E+00  1.22434631E+00  0.00000000E+00  3.99999662E-01  1.00000000E+00  1.00000000E+00  0.00000000E+00
 -2.80433164E+00  1.00000000E+00  1.20477774E+00  0.00000000E+00  4.00000052E-01  1.00000000E+00  1.00000000E+00  0.00000000E+00
 -2.75541455E+00  1.00000000E+00  1.18521120E+00  0.00000000E+00  4.00000093E-01  1.00000000E+00  1.00000000E+00  0.00000000E+00
 -2.70649746E+00  1.00000000E+00  1.16564465E+00  0.00000000E+00  4.00000064E-01  1.00000000E+00  1.00000000E+00  0.00000000E+00
 -2.65758037E+00  1.00000000E+00  1.14607761E+00  0.00000000E+00  3.99999911E-01  1.00000000E+00  1.00000000E+00  0.00000000E+00
 -2.60866328E+00  1.00000000E+00  1.12651057E+00  0.00000000E+00  3.99999697E-01  1.00000000E+00  1.00000000E+00  0.00000000E+00
 -2.55974619E+00  1.00000000E+00  1.10694369E+00  0.00000000E+00  3.99999423E-01  1.00000000E+00  1.00000000E+00  0.00000000E+00
 -2.51082911E+00  1.00000000E+00  1.08737681E+00  0.00000000E+00  3.99999122E-01  1.00000000E+00  1.00000000E+00  0.00000000E+00
 -2.46191202E+00  1.00000000E+00  1.06780988E+00  0.00000000E+00  3.99998729E-01  1.00000000E+00  1.00000000E+00  0.00000000E+00
 -2.41299493E+00  1.00000000E+00  1.04824296E+00  0.00000000E+00  3.99998296E-01  1.00000000E+00  1.00000000E+00  0.00000000E+00
 -2.36407784E+00  1.00000000E+00  1.02867610E+00  0.00000000E+00  3.99997670E-01  1.00000000E+00  1.00000000E+00  0.00000000E+00
 -2.31516075E+00  1.00000000E+00  1.00910925E+00  0.00000000E+00  3.99996959E-01  1.00000000E+00  1.00000000E+00  0.00000000E+00
 -2.26624366E+00  1.00000000E+00  9.89542471E-01  0.00000000E+00  3.99995955E-01  1.00000000E+00  1.00000000E+00  0.00000000E+00
 -2.21732657E+00  1.00000000E+00  9.69975692E-01  0.00000000E+00  3.99994801E-01  1.00000000E+00  1.00000000E+00  0.00000000E+00
 -2.16840948E+00  1.00000000E+00  9.50408932E-01  0.00000000E+00  3.99993270E-01  1.00000000E+00  1.00000000E+00  0.00000000E+00
 -2.11949239E+00  1.00000000E+00  9.30842173E-01  0.00000000E+00  3.99991555E-01  1.00000000E+00  1.00000000E+00  0.00000000E+00
 -2.07057530E+00  1.00000000E+00  9.11275938E-01  0.00000000E+00  3.99989088E-01  1.00000000E+00  1.00000000E+00  0.00000000E+00
 -2.02165821E+00  1.00000000E+00  8.91709702E-01  0.00000000E+00  3.99986304E-01  1.00000000E+00  1.00000000E+00  0.00000000E+00
 -1.97274112E+00  1.00000000E+00  8.72143619E-01  0.00000000E+00  3.99983035E-01  1.00000000E+00  1.00000000E+00  0.00000000E+00
 -1.92382403E+00  1.00000000E+00  8.52577535E-01  0.00000000E+00  3.99979139E-01  1.00000000E+00  1.00000000E+00  0.00000000E+00
 -1.87490694E+00  1.00000000E+00  8.33012514E-01  0.00000000E+00  3.99974036E-01  1.00000000E+00  1.00000000E+00  0.00000000E+00
 -1.82598985E+00  1.00000000E+00  8.13447493E-01  0.00000000E+00  3.99968315E-01  1.00000000E+00  1.00000000E+00  0.00000000E+00
 -1.77707276E+00  1.00000000E+00  7.93884170E-01  0.00000000E+00  3.99961068E-01  1.00000000E+00  1.00000000E+00  0.00000000E+00
 -1.72815567E+00  1.00000000E+00  7.74320847E-01  0.00000000E+00  3.99952272E-01  1.00000000E+00  1.00000000E+00  0.00000000E+00
 -1.67923858E+00  1.00000000E+00  7.54760196E-01  0.00000000E+00  3.99941054E-01  1.00000000E+00  1.00000000E+00  0.00000000E+00
 -1.63032150E+00  1.00000000E+00  7.35199546E-01  0.00000000E+00  3.99929103E-01  1.00000000E+00  1.00000000E+00  0.00000000E+00
 -1.58140441E+00  1.00000000E+00  7.15641735E-01  0.00000000E+00  3.99914918E-01  1.00000000E+00  1.00000000E+00  0.00000000E+00
 -1.53248732E+00  1.00000000E+00  6.96083924E-01  0.00000000E+00  3.99900545E-01  1.00000000E+00  1.00000000E+00  0.00000000E+00
 -1.48357023E+00  1.00000000E+00  6.76534465E-01  0.00000000E+00  3.99883706E-01  1.00000000E+00  1.00000000E+00  0.00000000E+00
 -1.43465314E+00  1.00000000E+00  6.56985005E-01  0.00000000E+00  3.99863652E-01  1.00000000E+00  1.00000000E+00  0.00000000E+00
 -1.38573605E+00  1.00000000E+00  6.37446277E-01  0.00000000E+00  3.99839013E-01  1.00000000E+00  1.00000000E+00  0.00000000E+00
 -1.33681896E+00  1.00000000E+00  6.17907548E-01  0.00000000E+00  3.99816128E-01  1.00000000E+00  1.00000000E+00  0.00000000E+00
 -1.28790187E+00  1.00000000E+00  5.98383148E-01  0.00000000E+00  3.99793388E-01  1.00000000E+00  1.00000000E+00  0.00000000E+00
 -1.23898478E+00  1.00000000E+00  5.78858748E-01  0.00000000E+00  3.99770837E-01  1.00000000E+00  1.00000000E+00  0.00000000E+00
 -1.19006769E+00  1.00000000E+00  5.59358600E-01  0.00000000E+00  3.99751098E-01  1.00000000E+00  1.00000000E+00  0.00000000E+00
 -1.14115060E+00  1.00000000E+00  5.39858452E-01  0.00000000E+00  3.99730915E-01  1.00000000E+00  1.00000000E+00  0.00000000E+00
 -1.09223351E+00  1.00000000E+00  5.20402960E-01  0.00000000E+00  3.99731804E-01  1.00000000E+00  1.00000000E+00  0.00000000E+00
 -1.04331642E+00  1.00000000E+00  5.00947469E-01  0.00000000E+00  3.99738437E-01  1.00000000E+00  1.00000000E+00  0.00000000E+00
 -9.94399333E-01  1.00000000E+00  4.81532979E-01  0.00000000E+00  3.99771294E-01  1.00000000E+00  1.00000000E+00  0.00000000E+00
 -9.45482243E-01  1.00000000E+00  4.62118490E-01  0.00000000E+00  3.99819699E-01  1.00000000E+00  1.00000000E+00  0.00000000E+00
 -8.96565154E-01  1.00000000E+00  4.42787118E-01  0.00000000E+00  3.99946420E-01  1.00000000E+00  1.00000000E+00  0.00000000E+00
 -8.47648064E-01  1.00000000E+00  4.23455747E-01  0.00000000E+00  4.00101369E-01  1.00000000E+00  1.00000000E+00  0.00000000E+00
 -7.99501858E-01  1.00000000E+00  4.04553641E-01  0.00000000E+00  4.00373082E-01  1.00000000E+00  1.00000000E+00  0.00000000E+00
 -7.51355652E-01  1.00000000E+00  3.85651535E-01  0.00000000E+00  4.00710644E-01  1.00000000E+00  1.00000000E+00  0.00000000E+00
 -7.08111109E-01  1.00000000E+00  3.68800555E-01  0.00000000E+00  4.01178962E-01  1.00000000E+00  1.00000000E+00  0.00000000E+00
 -6.64866566E-01  1.00000000E+00  3.51949574E-01  0.00000000E+00  4.01796345E-01  1.00000000E+00  1.00000000E+00  0.00000000E+00
 -6.26599939E-01  1.00000000E+00  3.37136153E-01  0.00000000E+00  4.02619993E-01  1.00000000E+00  1.00000000E+00  0.00000000E+00
 -5.88333313E-01  1.00000000E+00  3.22322732E-01  0.00000000E+00  4.03557600E-01  1.00000000E+00  1.00000000E+00  0.00000000E+00
 -5.54471587E-01  1.00000000E+00  3.09472161E-01  0.00000000E+00  4.04776401E-01  1.00000000E+00  1.00000000E+00  0.00000000E+00
 -5.20609860E-01  1.00000000E+00  2.96621589E-01  0.00000000E+00  4.06137831E-01  1.00000000E+00  1.00000000E+00  0.00000000E+00
 -4.90645977E-01  1.00000000E+00  2.85177154E-01  0.00000000E+00  4.07761608E-01  1.00000000E+00  1.00000000E+00  0.00000000E+00
 -4.60682095E-01  1.00000000E+00  2.73732718E-01  0.00000000E+00  4.09520314E-01  1.00000000E+00  1.00000000E+00  0.00000000E+00
 -4.34167380E-01  1.00000000E+00  2.64106947E-01  0.00000000E+00  4.11724179E-01  1.00000000E+00  1.00000000E+00  0.00000000E+00
 -4.07652666E-01  1.00000000E+00  2.54481176E-01  0.00000000E+00  4.14153832E-01  1.00000000E+00  1.00000000E+00  0.00000000E+00
 -3.84190072E-01  1.00000000E+00  2.45772067E-01  0.00000000E+00  4.16739921E-01  1.00000000E+00  1.00000000E+00  0.00000000E+00
 -3.60727478E-01  1.00000000E+00  2.37062959E-01  0.00000000E+00  4.19531638E-01  1.00000000E+00  1.00000000E+00  0.00000000E+00
 -3.39965684E-01  1.00000000E+00  2.29655708E-01  0.00000000E+00  4.22892922E-01  1.00000000E+00  1.00000000E+00  0.00000000E+00
 -3.19203889E-01  1.00000000E+00  2.22248457E-01  0.00000000E+00  4.26440833E-01  1.00000000E+00  1.00000000E+00  0.00000000E+00
 -3.00831998E-01  1.00000000E+00  2.15785478E-01  0.00000000E+00  4.30356417E-01  1.00000000E+00  1.00000000E+00  0.00000000E+00
 -2.82460107E-01  1.00000000E+00  2.09322498E-01  0.00000000E+00  4.34629864E-01  1.00000000E+00  1.00000000E+00  0.00000000E+00
 -2.66203017E-01  1.00000000E+00  2.03886556E-01  0.00000000E+00  4.39368767E-01  1.00000000E+00  1.00000000E+00  0.00000000E+00
 -2.49945927E-01  1.00000000E+00  1.98450613E-01  0.00000000E+00  4.44347696E-01  1.00000000E+00  1.00000000E+00  0.00000000E+00
 -2.35560203E-01  1.00000000E+00  1.93635518E-01  0.00000000E+00  4.49609624E-01  1.00000000E+00  1.00000000E+00  0.00000000E+00
 -2.21174479E-01  1.00000000E+00  1.88820424E-01  0.00000000E+00  4.55309671E-01  1.00000000E+00  1.00000000E+00  0.00000000E+00
 -2.08421419E-01  1.00000000E+00  1.84646304E-01  0.00000000E+00  4.61582825E-01  1.00000000E+00  1.00000000E+00  0.00000000E+00
 -1.95668358E-01  1.00000000E+00  1.80472184E-01  0.00000000E+00  4.68259321E-01  1.00000000E+00  1.00000000E+00  0.00000000E+00
 -1.83439085E-01  1.00000000E+00  1.77104520E-01  0.00000000E+00  4.75895814E-01  1.00000000E+00  1.00000000E+00  0.00000000E+00
 -1.71209813E-01  1.00000000E+00  1.73736855E-01  0.00000000E+00  4.83930370E-01  1.00000000E+00  1.00000000E+00  0.00000000E+00
 -1.58980541E-01  1.00000000E+00  1.70194857E-01  0.00000000E+00  4.93755326E-01  1.00000000E+00  1.00000000E+00  0.00000000E+00
 -1.46751268E-01  1.00000000E+00  1.66652858E-01  0.00000000E+00  5.04266862E-01  1.00000000E+00  1.00000000E+00  0.00000000E+00
 -1.34521996E-01  1.00000000E+00  1.63757154E-01  0.00000000E+00  5.17518768E-01  1.00000000E+00  1.00000000E+00  0.00000000E+00
 -1.22292724E-01  1.00000000E+00  1.60861450E-01  0.00000000E+00  5.31415222E-01  1.00000000E+00  1.00000000E+00  0.00000000E+00
 -1.10063451E-01  1.00000000E+00  1.56746690E-01  0.00000000E+00  5.51610732E-01  1.00000000E+00  1.00000000E+00  0.00000000E+00
 -9.78341789E-02  1.00000000E+00  1.52631930E-01  0.00000000E+00  5.72112362E-01  1.00000000E+00  1.00000000E+00  0.00000000E+00
 -8.56049065E-02  1.00000000E+00  1.58979385E-01  0.00000000E+00  5.99365386E-01  1.00000000E+00  1.00000000E+00  0.00000000E+00
 -7.33756342E-02  1.00000000E+00  1.65326839E-01  0.00000000E+00  6.31753721E-01  1.00000000E+00  1.00000000E+00  0.00000000E+00
 -6.11463618E-02  1.00000000E+00  1.29425930E-01  0.00000000E+00  6.89847163E-01  1.00000000E+00  1.00000000E+00  0.00000000E+00
 -4.89170895E-02  1.00000000E+00  9.35250209E-02  0.00000000E+00  7.43538969E-01  1.00000000E+00  1.00000000E+00  0.00000000E+00
 -3.66878171E-02  1.00000000E+00  2.21228687E-01  0.00000000E+00  8.41075461E-01  1.00000000E+00  1.00000000E+00  0.00000000E+00
 -2.44585447E-02  1.00000000E+00  3.48932353E-01  0.00000000E+00  9.94568205E-01  1.00000000E+00  1.00000000E+00  0.00000000E+00
 -1.22292724E-02  1.00000000E+00 -6.81059749E-02  0.00000000E+00  1.41617756E+00  1.00000000E+00  1.00000000E+00  0.00000000E+00
  0.00000000E+00  1.00000000E+00 -4.85144303E-01  0.00000000E+00  2.15225911E+00  1.00000000E+00  1.00000000E+00  0.00000000E+00
