# curve 5 (die wall), step =      494, time =   9.88000000E+01
# N1 = tau_xx - tau_yy = G ( c_xx - c_yy ),  G =  3.1000E-01  (polymer part only)
#              x               y        pressure            c_xy        gammadot            c_xx            c_yy              N1
 -3.00000000E+00  1.00000000E+00  2.89558339E+00 -1.20093161E+00  4.00034110E-01  3.88242906E+00  1.00010533E+00  8.93520354E-01
 -2.95108291E+00  1.00000000E+00  2.85611414E+00 -1.20111851E+00  4.00030253E-01  3.88275676E+00  1.00017936E+00  8.93598994E-01
 -2.90216582E+00  1.00000000E+00  2.81664490E+00 -1.20130542E+00  4.00114213E-01  3.88308449E+00  1.00025339E+00  8.93677641E-01
 -2.85324873E+00  1.00000000E+00  2.77742716E+00 -1.20116528E+00  4.00009886E-01  3.88198266E+00  1.00029128E+00  8.93324329E-01
 -2.80433164E+00  1.00000000E+00  2.73820941E+00 -1.20102517E+00  3.99909987E-01  3.88088116E+00  1.00032916E+00  8.92971118E-01
 -2.75541455E+00  1.00000000E+00  2.69917847E+00 -1.20082823E+00  4.00002448E-01  3.88105105E+00  1.00021681E+00  8.93058615E-01
 -2.70649746E+00  1.00000000E+00  2.66014752E+00 -1.20063129E+00  3.99980311E-01  3.88122100E+00  1.00010448E+00  8.93146121E-01
 -2.65758037E+00  1.00000000E+00  2.62098223E+00 -1.20081316E+00  4.00027224E-01  3.88147240E+00  1.00018779E+00  8.93198229E-01
 -2.60866328E+00  1.00000000E+00  2.58181693E+00 -1.20099504E+00  4.00005541E-01  3.88172383E+00  1.00027112E+00  8.93250342E-01
 -2.55974619E+00  1.00000000E+00  2.54278344E+00 -1.20083403E+00  3.99974684E-01  3.88194532E+00  1.00017627E+00  8.93348407E-01
 -2.51082911E+00  1.00000000E+00  2.50374996E+00 -1.20067300E+00  4.00098219E-01  3.88216686E+00  1.00008143E+00  8.93446482E-01
 -2.46191202E+00  1.00000000E+00  2.46439455E+00 -1.20061780E+00  4.00023964E-01  3.88161419E+00  1.00007260E+00  8.93277893E-01
 -2.41299493E+00  1.00000000E+00  2.42503915E+00 -1.20056260E+00  3.99983160E-01  3.88106161E+00  1.00006377E+00  8.93109330E-01
 -2.36407784E+00  1.00000000E+00  2.38605238E+00 -1.20061696E+00  4.00080033E-01  3.88137656E+00  1.00011628E+00  8.93190688E-01
 -2.31516075E+00  1.00000000E+00  2.34706562E+00 -1.20067133E+00  4.00082442E-01  3.88169155E+00  1.00016879E+00  8.93272053E-01
 -2.26624366E+00  1.00000000E+00  2.30790161E+00 -1.20079426E+00  4.00014592E-01  3.88182711E+00  1.00018225E+00  8.93309905E-01
 -2.21732657E+00  1.00000000E+00  2.26873760E+00 -1.20091719E+00  4.00037347E-01  3.88196268E+00  1.00019572E+00  8.93347757E-01
 -2.16840948E+00  1.00000000E+00  2.22954452E+00 -1.20101039E+00  3.99994388E-01  3.88162428E+00  1.00028091E+00  8.93216444E-01
 -2.11949239E+00  1.00000000E+00  2.19035144E+00 -1.20110358E+00  3.99912612E-01  3.88128593E+00  1.00036611E+00  8.93085145E-01
 -2.07057530E+00  1.00000000E+00  2.15134435E+00 -1.20119053E+00  3.99977941E-01  3.88183552E+00  1.00037189E+00  8.93253727E-01
 -2.02165821E+00  1.00000000E+00  2.11233725E+00 -1.20127748E+00  3.99994303E-01  3.88238519E+00  1.00037766E+00  8.93422334E-01
 -1.97274112E+00  1.00000000E+00  2.07297862E+00 -1.20100224E+00  3.99877652E-01  3.88155086E+00  1.00025359E+00  8.93202155E-01
 -1.92382403E+00  1.00000000E+00  2.03361999E+00 -1.20072706E+00  3.99844976E-01  3.88071671E+00  1.00012953E+00  8.92982026E-01
 -1.87490694E+00  1.00000000E+00  1.99457021E+00 -1.20069135E+00  3.99912796E-01  3.88030643E+00  1.00022544E+00  8.92825109E-01
 -1.82598985E+00  1.00000000E+00  1.95552042E+00 -1.20065565E+00  3.99871577E-01  3.87989620E+00  1.00032135E+00  8.92668202E-01
 -1.77707276E+00  1.00000000E+00  1.91647429E+00 -1.20093497E+00  3.99885712E-01  3.88035323E+00  1.00042131E+00  8.92778896E-01
 -1.72815567E+00  1.00000000E+00  1.87742815E+00 -1.20121433E+00  3.99821365E-01  3.88081034E+00  1.00052129E+00  8.92889605E-01
 -1.67923858E+00  1.00000000E+00  1.83816191E+00 -1.20081701E+00  3.99732579E-01  3.88012336E+00  1.00037021E+00  8.92723477E-01
 -1.63032150E+00  1.00000000E+00  1.79889566E+00 -1.20041978E+00  3.99803191E-01  3.87943654E+00  1.00021918E+00  8.92557381E-01
 -1.58140441E+00  1.00000000E+00  1.75975944E+00 -1.20027112E+00  3.99609160E-01  3.87732155E+00  1.00042573E+00  8.91837702E-01
 -1.53248732E+00  1.00000000E+00  1.72062322E+00 -1.20012252E+00  3.99479803E-01  3.87520781E+00  1.00063233E+00  8.91118401E-01
 -1.48357023E+00  1.00000000E+00  1.68150267E+00 -1.19959965E+00  3.99400999E-01  3.87448955E+00  1.00034924E+00  8.90983495E-01
 -1.43465314E+00  1.00000000E+00  1.64238212E+00 -1.19907693E+00  3.99347243E-01  3.87377148E+00  1.00006626E+00  8.90848619E-01
 -1.38573605E+00  1.00000000E+00  1.60314576E+00 -1.19845013E+00  3.99225933E-01  3.87079271E+00  1.00011598E+00  8.89909786E-01
 -1.33681896E+00  1.00000000E+00  1.56390940E+00 -1.19782373E+00  3.99109089E-01  3.86781623E+00  1.00016581E+00  8.88971632E-01
 -1.28790187E+00  1.00000000E+00  1.52483277E+00 -1.19730349E+00  3.98774271E-01  3.86438738E+00  1.00030404E+00  8.87865837E-01
 -1.23898478E+00  1.00000000E+00  1.48575613E+00 -1.19678360E+00  3.98435378E-01  3.86096167E+00  1.00044235E+00  8.86760988E-01
 -1.19006769E+00  1.00000000E+00  1.44692625E+00 -1.19592163E+00  3.98133607E-01  3.85697512E+00  1.00043374E+00  8.85527828E-01
 -1.14115060E+00  1.00000000E+00  1.40809637E+00 -1.19506040E+00  3.97830849E-01  3.85299269E+00  1.00042529E+00  8.84295897E-01
 -1.09223351E+00  1.00000000E+00  1.36906190E+00 -1.19385013E+00  3.97411334E-01  3.84735030E+00  1.00039795E+00  8.82555227E-01
 -1.04331642E+00  1.00000000E+00  1.33002742E+00 -1.19264132E+00  3.97012416E-01  3.84171619E+00  1.00037092E+00  8.80817034E-01
 -9.94399333E-01  1.00000000E+00  1.29152677E+00 -1.19122492E+00  3.96597927E-01  3.83489656E+00  1.00043198E+00  8.78684019E-01
 -9.45482243E-01  1.00000000E+00  1.25302611E+00 -1.18981058E+00  3.96088497E-01  3.82808910E+00  1.00049353E+00  8.76554626E-01
 -8.96565154E-01  1.00000000E+00  1.21488323E+00 -1.18832923E+00  3.95519322E-01  3.82109934E+00  1.00051141E+00  8.74382257E-01
 -8.47648064E-01  1.00000000E+00  1.17674035E+00 -1.18685009E+00  3.95015599E-01  3.81412239E+00  1.00052979E+00  8.72213708E-01
 -7.99501858E-01  1.00000000E+00  1.13994751E+00 -1.18522473E+00  3.94409258E-01  3.80644733E+00  1.00054453E+00  8.69829868E-01
 -7.51355652E-01  1.00000000E+00  1.10315467E+00 -1.18360206E+00  3.94038736E-01  3.79878778E+00  1.00055986E+00  8.67450655E-01
 -7.08111109E-01  1.00000000E+00  1.07065414E+00 -1.18221004E+00  3.93543179E-01  3.79342590E+00  1.00034489E+00  8.65855112E-01
 -6.64866566E-01  1.00000000E+00  1.03815362E+00 -1.18081974E+00  3.93437238E-01  3.78807157E+00  1.00013034E+00  8.64261782E-01
 -6.26599939E-01  1.00000000E+00  1.01036710E+00 -1.18104305E+00  3.93462888E-01  3.78806495E+00  1.00023397E+00  8.64227605E-01
 -5.88333313E-01  1.00000000E+00  9.82580581E-01 -1.18126636E+00  3.93564591E-01  3.78805838E+00  1.00033762E+00  8.64193434E-01
 -5.54471587E-01  1.00000000E+00  9.58931580E-01 -1.18186842E+00  3.94000240E-01  3.79376572E+00  9.99852363E-01  8.66113141E-01
 -5.20609860E-01  1.00000000E+00  9.35282580E-01 -1.18247117E+00  3.94542422E-01  3.79948219E+00  9.99367438E-01  8.68035572E-01
 -4.90645977E-01  1.00000000E+00  9.15634192E-01 -1.18583159E+00  3.95293853E-01  3.81196188E+00  9.99913893E-01  8.71734875E-01
 -4.60682095E-01  1.00000000E+00  8.95985804E-01 -1.18920176E+00  3.96247060E-01  3.82448242E+00  1.00046280E+00  8.75446080E-01
 -4.34167380E-01  1.00000000E+00  8.79418779E-01 -1.19200105E+00  3.97746983E-01  3.84361103E+00  9.99428689E-01  8.81696526E-01
 -4.07652666E-01  1.00000000E+00  8.62851754E-01 -1.19481118E+00  3.99507291E-01  3.86283842E+00  9.98397791E-01  8.87976595E-01
 -3.84190072E-01  1.00000000E+00  8.49690490E-01 -1.20230259E+00  4.01593440E-01  3.89380475E+00  9.99202470E-01  8.97326706E-01
 -3.60727478E-01  1.00000000E+00  8.36529226E-01 -1.20984528E+00  4.03689870E-01  3.92501892E+00  1.00001868E+00  9.06750075E-01
 -3.39965684E-01  1.00000000E+00  8.25933010E-01 -1.21669228E+00  4.06334670E-01  3.96237192E+00  9.99298155E-01  9.18552868E-01
 -3.19203889E-01  1.00000000E+00  8.15336794E-01 -1.22359097E+00  4.09266100E-01  4.00008538E+00  9.98588658E-01  9.30463983E-01
 -3.00831998E-01  1.00000000E+00  8.07332929E-01 -1.23459768E+00  4.12539146E-01  4.05155253E+00  9.99050711E-01  9.46275563E-01
 -2.82460107E-01  1.00000000E+00  7.99329064E-01 -1.24572111E+00  4.15981223E-01  4.10368433E+00  9.99536228E-01  9.62285911E-01
 -2.66203017E-01  1.00000000E+00  7.93256991E-01 -1.25594299E+00  4.20244574E-01  4.16274315E+00  9.98181603E-01  9.81014078E-01
 -2.49945927E-01  1.00000000E+00  7.87184918E-01 -1.26628032E+00  4.25003366E-01  4.22266689E+00  9.96851293E-01  1.00000284E+00
 -2.35560203E-01  1.00000000E+00  7.83976194E-01 -1.28390525E+00  4.30096038E-01  4.30300206E+00  9.98329168E-01  1.02444860E+00
 -2.21174479E-01  1.00000000E+00  7.80767471E-01 -1.30181053E+00  4.34893107E-01  4.38486831E+00  9.99862600E-01  1.04935177E+00
 -2.08421419E-01  1.00000000E+00  7.78958806E-01 -1.31714708E+00  4.40222713E-01  4.47092982E+00  9.99011470E-01  1.07629469E+00
 -1.95668358E-01  1.00000000E+00  7.77150142E-01 -1.33272031E+00  4.46273582E-01  4.55870529E+00  9.98203169E-01  1.10375566E+00
 -1.83439085E-01  1.00000000E+00  7.76412637E-01 -1.35083566E+00  4.53431964E-01  4.66639623E+00  9.96501594E-01  1.13766734E+00
 -1.71209813E-01  1.00000000E+00  7.75675132E-01 -1.36928438E+00  4.61400299E-01  4.77667679E+00  9.94861766E-01  1.17236266E+00
 -1.58980541E-01  1.00000000E+00  7.75554335E-01 -1.40451066E+00  4.71951026E-01  4.93315958E+00  9.99477878E-01  1.21944133E+00
 -1.46751268E-01  1.00000000E+00  7.75433538E-01 -1.44072903E+00  4.80260214E-01  5.09476579E+00  1.00429344E+00  1.26804643E+00
 -1.34521996E-01  1.00000000E+00  7.81427280E-01 -1.46852094E+00  4.88765764E-01  5.23941470E+00  1.00679410E+00  1.31211239E+00
 -1.22292724E-01  1.00000000E+00  7.87421022E-01 -1.49694844E+00  4.90316928E-01  5.38820326E+00  1.00939159E+00  1.35743162E+00
 -1.10063451E-01  1.00000000E+00  7.77689578E-01 -1.53050295E+00  4.83463355E-01  5.38888637E+00  1.03165522E+00  1.35074166E+00
 -9.78341789E-02  1.00000000E+00  7.67958135E-01 -1.56436796E+00  4.70603158E-01  5.39017846E+00  1.05441322E+00  1.34408722E+00
 -8.56049065E-02  1.00000000E+00  8.31430750E-01 -1.49808080E+00  4.60286060E-01  4.98565097E+00  1.06876643E+00  1.21423421E+00
 -7.33756342E-02  1.00000000E+00  8.94903365E-01 -1.43588065E+00  4.08193305E-01  4.61205838E+00  1.08436672E+00  1.09358442E+00
 -6.11463618E-02  1.00000000E+00  1.09388657E+00 -1.26758902E+00  2.37930188E-01  3.19184613E+00  1.21613407E+00  6.12470738E-01
 -4.89170895E-02  1.00000000E+00  1.29286977E+00 -1.14321458E+00  1.57705843E-01  2.23461269E+00  1.37276722E+00  2.67172097E-01
 -3.66878171E-02  1.00000000E+00  2.14058601E+00 -1.39003497E+00  2.35848770E-01  3.02813786E+00  1.26201866E+00  5.47496953E-01
 -2.44585447E-02  1.00000000E+00  2.98830225E+00 -1.70833717E+00  4.58695714E-01  4.09973675E+00  1.20639439E+00  8.96936132E-01
 -1.22292724E-02  1.00000000E+00  1.59465375E+00  1.27414346E+00  1.83890844E+00  5.40914093E+00  1.02009084E+00  1.36060553E+00
  0.00000000E+00  1.00000000E+00  2.01005262E-01  1.16610802E+01  5.30122453E+00  1.95259689E+01  7.34719348E+00  3.77542037E+00
