# model=oldroyd  theta_MLE: lambda=0.360633, beta=0.891908, eta_0=0.846234
# delta(x) = y_clean(x) - y_model(x; theta_MLE)   (x from curve4_x.txt)
# columns: x  delta
5.000000000000000000e+00 7.175833214745352961e-06
4.950333040000000295e+00 7.179398204604225953e-06
4.900666089999999642e+00 7.171923030790949838e-06
4.850999129999999937e+00 7.169183178001858892e-06
4.801332180000000172e+00 7.165070369241632875e-06
4.751665219999999579e+00 7.165941496412031597e-06
4.701998269999999813e+00 7.166940196867699342e-06
4.652331310000000109e+00 7.172132071131542830e-06
4.602664360000000343e+00 7.171998518851196991e-06
4.552997399999999750e+00 7.183058588156043811e-06
4.503330449999999985e+00 7.196923135222021983e-06
4.453663490000000280e+00 7.202559898500382474e-06
4.403996539999999627e+00 7.221450130989737204e-06
4.354329579999999922e+00 7.235282622364280769e-06
4.304662630000000156e+00 7.257363561885554759e-06
4.254995669999999564e+00 7.278638406216231260e-06
4.205328709999999859e+00 7.300958495104481472e-06
4.155661760000000093e+00 7.331045335234875893e-06
4.105994800000000389e+00 7.358306536531245001e-06
4.056327849999999735e+00 7.388183171475048994e-06
4.006660890000000030e+00 7.428345312199269301e-06
3.956993939999999821e+00 7.461510320272424224e-06
3.907326980000000116e+00 7.488658049226160074e-06
3.857660029999999907e+00 7.524194463037758851e-06
3.807993070000000202e+00 7.564491479428170351e-06
3.758326119999999992e+00 7.606766502465944768e-06
3.708659159999999844e+00 7.640361542327056554e-06
3.658992210000000078e+00 7.669191899095650911e-06
3.609325249999999929e+00 7.704804998009961992e-06
3.559658300000000164e+00 7.743570534124444293e-06
3.509991340000000015e+00 7.770124428985170084e-06
3.460324389999999806e+00 7.799143438846911636e-06
3.410657430000000101e+00 7.819290629651476365e-06
3.360990469999999952e+00 7.829639944612054592e-06
3.311323520000000187e+00 7.843670797758051094e-06
3.261656560000000038e+00 7.830272466202714554e-06
3.211989609999999828e+00 7.819543792253469405e-06
3.162322650000000124e+00 7.793128154354178605e-06
3.112655699999999914e+00 7.755341618009836679e-06
3.062988740000000210e+00 7.697379064808274052e-06
3.013321790000000000e+00 7.625470149319468760e-06
2.963654829999999851e+00 7.528363305642216119e-06
2.913987880000000086e+00 7.411667340750938138e-06
2.864320919999999937e+00 7.263032935966862169e-06
2.814653970000000172e+00 7.082362501797945242e-06
2.764987010000000023e+00 6.876049395199146375e-06
2.715320059999999813e+00 6.633428895064241715e-06
2.665653100000000109e+00 6.355723501494381367e-06
2.615986139999999960e+00 6.029881951530313700e-06
2.566319190000000194e+00 5.674319032644703498e-06
2.516652230000000046e+00 5.282294914366048033e-06
2.466985279999999836e+00 4.826899356435987443e-06
2.417318320000000131e+00 4.330676314445724984e-06
2.367651369999999922e+00 3.771820308529072463e-06
2.317984410000000217e+00 3.163561105079537583e-06
2.268317460000000008e+00 2.505898959892505218e-06
2.218650499999999859e+00 1.793707939290456466e-06
2.168983550000000093e+00 1.023793061216693445e-06
2.119316589999999945e+00 1.934462132702208237e-07
2.069649640000000179e+00 -6.936037082461155023e-07
2.019982680000000030e+00 -1.619293098720220314e-06
1.970315730000000043e+00 -2.609586668977925683e-06
1.920648769999999894e+00 -3.637923888355487634e-06
1.870981809999999967e+00 -4.732781368144145517e-06
1.821314859999999980e+00 -5.858082617882232057e-06
1.771647900000000053e+00 -7.035372788344318451e-06
1.721980950000000066e+00 -8.230560172517442652e-06
1.672313989999999917e+00 -9.405373070370259825e-06
1.622647039999999929e+00 -1.066641319757977158e-05
1.572980080000000003e+00 -1.189871178719492661e-05
1.523313130000000015e+00 -1.313053255613816361e-05
1.473646170000000089e+00 -1.437612708143909401e-05
1.423979220000000101e+00 -1.566235259220505327e-05
1.374312259999999952e+00 -1.679387811437393907e-05
1.324645309999999965e+00 -1.805417966238564986e-05
1.274978350000000038e+00 -1.920167655233839810e-05
1.225311400000000051e+00 -2.010226715443153012e-05
1.175644439999999902e+00 -2.109443126085963627e-05
1.125977479999999975e+00 -2.189739322200345839e-05
1.076310529999999988e+00 -2.259467229803746591e-05
1.026643570000000061e+00 -2.295295814169762139e-05
9.769766189999999906e-01 -2.384577685177191597e-05
9.273096640000000335e-01 -2.351844885661869000e-05
8.776427079999999936e-01 -2.361246587545551279e-05
8.279757530000000365e-01 -2.369183613493142104e-05
7.786002389999999718e-01 -2.318478840335203017e-05
7.317317880000000496e-01 -2.283830640936734824e-05
6.876846269999999928e-01 -2.157037238270653745e-05
6.462889219999999879e-01 -2.104743465070058051e-05
6.073850619999999756e-01 -2.035021116086888071e-05
5.708230460000000006e-01 -1.895950970909332511e-05
5.364619149999999559e-01 -1.739122159594153061e-05
5.041691750000000249e-01 -1.710825263412374397e-05
4.738203240000000149e-01 -1.534769498512389418e-05
4.452983460000000115e-01 -1.355428308502659718e-05
4.184932690000000011e-01 -1.244854263671157923e-05
3.933017460000000076e-01 -1.129131135435557098e-05
3.696266380000000074e-01 -9.476044605882805172e-06
3.473766770000000226e-01 -7.753608453731075656e-06
3.264660690000000254e-01 -6.316573456066620906e-06
3.068141939999999845e-01 -4.517192297992522754e-06
2.883452770000000109e-01 -3.321289531843518716e-06
2.709881089999999770e-01 -1.083866472573191686e-06
2.546757709999999952e-01 6.625246737890222448e-07
2.393453670000000033e-01 2.418108365764837231e-06
2.249377889999999991e-01 4.923167497894453959e-06
2.113974849999999961e-01 6.170728088061849803e-06
1.986678209999999944e-01 7.828358802086654578e-06
1.862510820000000122e-01 1.012258890020767410e-05
1.738343440000000018e-01 1.231375978827387030e-05
1.614176049999999918e-01 1.432053420580281511e-05
1.490008660000000096e-01 1.748335274287526886e-05
1.365841269999999996e-01 1.944710398227300630e-05
1.241673880000000035e-01 2.305775763367101661e-05
1.117506489999999936e-01 2.475433319393260945e-05
9.933391060000000550e-02 2.853684350689889015e-05
8.691717179999999821e-02 3.078581385440593010e-05
7.450043300000000479e-02 3.378880339610645933e-05
6.208369419999999750e-02 3.801677705195238843e-05
4.966695530000000275e-02 3.771463399648844472e-05
3.725021650000000240e-02 3.988203283400437726e-05
2.483347769999999857e-02 3.732483681107012785e-05
1.241673880000000035e-02 2.395927574139200544e-05
0.000000000000000000e+00 0.000000000000000000e+00
