# curve 5 (die wall), step =        1, time =   4.00000000E-01
# N1 = tau_xx - tau_yy = G ( c_xx - c_yy ),  G =  1.8000E-01  (polymer part only)
#              x               y        pressure            c_xy        gammadot            c_xx            c_yy              N1
 -3.00000000E+00  1.00000000E+00  4.27731075E-01  0.00000000E+00  3.99998416E-01  1.00000000E+00  1.00000000E+00  0.00000000E+00
 -2.97524677E+00  1.00000000E+00  4.24431159E-01  0.00000000E+00  3.99998995E-01  1.00000000E+00  1.00000000E+00  0.00000000E+00
 -2.95049355E+00  1.00000000E+00  4.21131244E-01  0.00000000E+00  3.99999439E-01  1.00000000E+00  1.00000000E+00  0.00000000E+00
 -2.92574032E+00  1.00000000E+00  4.17830699E-01  0.00000000E+00  3.99999837E-01  1.00000000E+00  1.00000000E+00  0.00000000E+00
 -2.90098710E+00  1.00000000E+00  4.14530155E-01  0.00000000E+00  4.00000095E-01  1.00000000E+00  1.00000000E+00  0.00000000E+00
 -2.87623387E+00  1.00000000E+00  4.11229737E-01  0.00000000E+00  4.00000113E-01  1.00000000E+00  1.00000000E+00  0.00000000E+00
 -2.85148064E+00  1.00000000E+00  4.07929320E-01  0.00000000E+00  4.00000090E-01  1.00000000E+00  1.00000000E+00  0.00000000E+00
 -2.82672742E+00  1.00000000E+00  4.04628874E-01  0.00000000E+00  4.00000065E-01  1.00000000E+00  1.00000000E+00  0.00000000E+00
 -2.80197419E+00  1.00000000E+00  4.01328427E-01  0.00000000E+00  4.00000030E-01  1.00000000E+00  1.00000000E+00  0.00000000E+00
 -2.77722097E+00  1.00000000E+00  3.98027987E-01  0.00000000E+00  3.99999989E-01  1.00000000E+00  1.00000000E+00  0.00000000E+00
 -2.75246774E+00  1.00000000E+00  3.94727548E-01  0.00000000E+00  3.99999947E-01  1.00000000E+00  1.00000000E+00  0.00000000E+00
 -2.72771451E+00  1.00000000E+00  3.91427109E-01  0.00000000E+00  3.99999897E-01  1.00000000E+00  1.00000000E+00  0.00000000E+00
 -2.70296129E+00  1.00000000E+00  3.88126670E-01  0.00000000E+00  3.99999844E-01  1.00000000E+00  1.00000000E+00  0.00000000E+00
 -2.67820806E+00  1.00000000E+00  3.84826229E-01  0.00000000E+00  3.99999779E-01  1.00000000E+00  1.00000000E+00  0.00000000E+00
 -2.65345484E+00  1.00000000E+00  3.81525788E-01  0.00000000E+00  3.99999712E-01  1.00000000E+00  1.00000000E+00  0.00000000E+00
 -2.62870161E+00  1.00000000E+00  3.78225346E-01  0.00000000E+00  3.99999626E-01  1.00000000E+00  1.00000000E+00  0.00000000E+00
 -2.60394839E+00  1.00000000E+00  3.74924903E-01  0.00000000E+00  3.99999534E-01  1.00000000E+00  1.00000000E+00  0.00000000E+00
 -2.57919516E+00  1.00000000E+00  3.71624465E-01  0.00000000E+00  3.99999427E-01  1.00000000E+00  1.00000000E+00  0.00000000E+00
 -2.55444193E+00  1.00000000E+00  3.68324026E-01  0.00000000E+00  3.99999313E-01  1.00000000E+00  1.00000000E+00  0.00000000E+00
 -2.52968871E+00  1.00000000E+00  3.65023585E-01  0.00000000E+00  3.99999173E-01  1.00000000E+00  1.00000000E+00  0.00000000E+00
 -2.50493548E+00  1.00000000E+00  3.61723143E-01  0.00000000E+00  3.99999025E-01  1.00000000E+00  1.00000000E+00  0.00000000E+00
 -2.48018226E+00  1.00000000E+00  3.58422702E-01  0.00000000E+00  3.99998850E-01  1.00000000E+00  1.00000000E+00  0.00000000E+00
 -2.45542903E+00  1.00000000E+00  3.55122261E-01  0.00000000E+00  3.99998663E-01  1.00000000E+00  1.00000000E+00  0.00000000E+00
 -2.43067580E+00  1.00000000E+00  3.51821821E-01  0.00000000E+00  3.99998437E-01  1.00000000E+00  1.00000000E+00  0.00000000E+00
 -2.40592258E+00  1.00000000E+00  3.48521380E-01  0.00000000E+00  3.99998200E-01  1.00000000E+00  1.00000000E+00  0.00000000E+00
 -2.38116935E+00  1.00000000E+00  3.45220944E-01  0.00000000E+00  3.99997914E-01  1.00000000E+00  1.00000000E+00  0.00000000E+00
 -2.35641613E+00  1.00000000E+00  3.41920507E-01  0.00000000E+00  3.99997606E-01  1.00000000E+00  1.00000000E+00  0.00000000E+00
 -2.33166290E+00  1.00000000E+00  3.38620076E-01  0.00000000E+00  3.99997237E-01  1.00000000E+00  1.00000000E+00  0.00000000E+00
 -2.30690967E+00  1.00000000E+00  3.35319645E-01  0.00000000E+00  3.99996842E-01  1.00000000E+00  1.00000000E+00  0.00000000E+00
 -2.28215645E+00  1.00000000E+00  3.32019214E-01  0.00000000E+00  3.99996376E-01  1.00000000E+00  1.00000000E+00  0.00000000E+00
 -2.25740322E+00  1.00000000E+00  3.28718782E-01  0.00000000E+00  3.99995882E-01  1.00000000E+00  1.00000000E+00  0.00000000E+00
 -2.23265000E+00  1.00000000E+00  3.25418362E-01  0.00000000E+00  3.99995298E-01  1.00000000E+00  1.00000000E+00  0.00000000E+00
 -2.20789677E+00  1.00000000E+00  3.22117942E-01  0.00000000E+00  3.99994676E-01  1.00000000E+00  1.00000000E+00  0.00000000E+00
 -2.18314354E+00  1.00000000E+00  3.18817523E-01  0.00000000E+00  3.99993956E-01  1.00000000E+00  1.00000000E+00  0.00000000E+00
 -2.15839032E+00  1.00000000E+00  3.15517105E-01  0.00000000E+00  3.99993187E-01  1.00000000E+00  1.00000000E+00  0.00000000E+00
 -2.13363709E+00  1.00000000E+00  3.12216725E-01  0.00000000E+00  3.99992283E-01  1.00000000E+00  1.00000000E+00  0.00000000E+00
 -2.10888387E+00  1.00000000E+00  3.08916345E-01  0.00000000E+00  3.99991336E-01  1.00000000E+00  1.00000000E+00  0.00000000E+00
 -2.08413064E+00  1.00000000E+00  3.05615977E-01  0.00000000E+00  3.99990186E-01  1.00000000E+00  1.00000000E+00  0.00000000E+00
 -2.05937741E+00  1.00000000E+00  3.02315608E-01  0.00000000E+00  3.99988997E-01  1.00000000E+00  1.00000000E+00  0.00000000E+00
 -2.03462419E+00  1.00000000E+00  2.99015283E-01  0.00000000E+00  3.99987587E-01  1.00000000E+00  1.00000000E+00  0.00000000E+00
 -2.00987096E+00  1.00000000E+00  2.95714957E-01  0.00000000E+00  3.99986093E-01  1.00000000E+00  1.00000000E+00  0.00000000E+00
 -1.98511774E+00  1.00000000E+00  2.92414668E-01  0.00000000E+00  3.99984385E-01  1.00000000E+00  1.00000000E+00  0.00000000E+00
 -1.96036451E+00  1.00000000E+00  2.89114379E-01  0.00000000E+00  3.99982585E-01  1.00000000E+00  1.00000000E+00  0.00000000E+00
 -1.93561128E+00  1.00000000E+00  2.85814122E-01  0.00000000E+00  3.99980509E-01  1.00000000E+00  1.00000000E+00  0.00000000E+00
 -1.91085806E+00  1.00000000E+00  2.82513866E-01  0.00000000E+00  3.99978253E-01  1.00000000E+00  1.00000000E+00  0.00000000E+00
 -1.88610483E+00  1.00000000E+00  2.79213712E-01  0.00000000E+00  3.99975675E-01  1.00000000E+00  1.00000000E+00  0.00000000E+00
 -1.86135161E+00  1.00000000E+00  2.75913557E-01  0.00000000E+00  3.99972989E-01  1.00000000E+00  1.00000000E+00  0.00000000E+00
 -1.83659838E+00  1.00000000E+00  2.72613541E-01  0.00000000E+00  3.99969916E-01  1.00000000E+00  1.00000000E+00  0.00000000E+00
 -1.81184516E+00  1.00000000E+00  2.69313526E-01  0.00000000E+00  3.99966737E-01  1.00000000E+00  1.00000000E+00  0.00000000E+00
 -1.78709193E+00  1.00000000E+00  2.66013582E-01  0.00000000E+00  3.99963002E-01  1.00000000E+00  1.00000000E+00  0.00000000E+00
 -1.76233870E+00  1.00000000E+00  2.62713639E-01  0.00000000E+00  3.99958964E-01  1.00000000E+00  1.00000000E+00  0.00000000E+00
 -1.73758548E+00  1.00000000E+00  2.59414015E-01  0.00000000E+00  3.99954342E-01  1.00000000E+00  1.00000000E+00  0.00000000E+00
 -1.71283225E+00  1.00000000E+00  2.56114392E-01  0.00000000E+00  3.99949752E-01  1.00000000E+00  1.00000000E+00  0.00000000E+00
 -1.68807903E+00  1.00000000E+00  2.52814827E-01  0.00000000E+00  3.99944911E-01  1.00000000E+00  1.00000000E+00  0.00000000E+00
 -1.66332580E+00  1.00000000E+00  2.49515262E-01  0.00000000E+00  3.99939652E-01  1.00000000E+00  1.00000000E+00  0.00000000E+00
 -1.63857257E+00  1.00000000E+00  2.46216172E-01  0.00000000E+00  3.99933474E-01  1.00000000E+00  1.00000000E+00  0.00000000E+00
 -1.61381935E+00  1.00000000E+00  2.42917081E-01  0.00000000E+00  3.99926947E-01  1.00000000E+00  1.00000000E+00  0.00000000E+00
 -1.58906612E+00  1.00000000E+00  2.39618198E-01  0.00000000E+00  3.99920137E-01  1.00000000E+00  1.00000000E+00  0.00000000E+00
 -1.56431290E+00  1.00000000E+00  2.36319314E-01  0.00000000E+00  3.99912916E-01  1.00000000E+00  1.00000000E+00  0.00000000E+00
 -1.53955967E+00  1.00000000E+00  2.33021022E-01  0.00000000E+00  3.99904684E-01  1.00000000E+00  1.00000000E+00  0.00000000E+00
 -1.51480644E+00  1.00000000E+00  2.29722729E-01  0.00000000E+00  3.99896409E-01  1.00000000E+00  1.00000000E+00  0.00000000E+00
 -1.49005322E+00  1.00000000E+00  2.26425040E-01  0.00000000E+00  3.99886993E-01  1.00000000E+00  1.00000000E+00  0.00000000E+00
 -1.46529999E+00  1.00000000E+00  2.23127351E-01  0.00000000E+00  3.99877291E-01  1.00000000E+00  1.00000000E+00  0.00000000E+00
 -1.44054677E+00  1.00000000E+00  2.19830349E-01  0.00000000E+00  3.99867592E-01  1.00000000E+00  1.00000000E+00  0.00000000E+00
 -1.41579354E+00  1.00000000E+00  2.16533347E-01  0.00000000E+00  3.99856801E-01  1.00000000E+00  1.00000000E+00  0.00000000E+00
 -1.39104031E+00  1.00000000E+00  2.13237474E-01  0.00000000E+00  3.99845237E-01  1.00000000E+00  1.00000000E+00  0.00000000E+00
 -1.36628709E+00  1.00000000E+00  2.09941602E-01  0.00000000E+00  3.99833901E-01  1.00000000E+00  1.00000000E+00  0.00000000E+00
 -1.34153386E+00  1.00000000E+00  2.06646877E-01  0.00000000E+00  3.99822127E-01  1.00000000E+00  1.00000000E+00  0.00000000E+00
 -1.31678064E+00  1.00000000E+00  2.03352153E-01  0.00000000E+00  3.99810101E-01  1.00000000E+00  1.00000000E+00  0.00000000E+00
 -1.29202741E+00  1.00000000E+00  2.00058711E-01  0.00000000E+00  3.99797246E-01  1.00000000E+00  1.00000000E+00  0.00000000E+00
 -1.26727418E+00  1.00000000E+00  1.96765270E-01  0.00000000E+00  3.99784653E-01  1.00000000E+00  1.00000000E+00  0.00000000E+00
 -1.24252096E+00  1.00000000E+00  1.93473921E-01  0.00000000E+00  3.99774353E-01  1.00000000E+00  1.00000000E+00  0.00000000E+00
 -1.21776773E+00  1.00000000E+00  1.90182572E-01  0.00000000E+00  3.99761674E-01  1.00000000E+00  1.00000000E+00  0.00000000E+00
 -1.19301451E+00  1.00000000E+00  1.86893418E-01  0.00000000E+00  3.99749570E-01  1.00000000E+00  1.00000000E+00  0.00000000E+00
 -1.16826128E+00  1.00000000E+00  1.83604264E-01  0.00000000E+00  3.99739886E-01  1.00000000E+00  1.00000000E+00  0.00000000E+00
 -1.14350806E+00  1.00000000E+00  1.80317790E-01  0.00000000E+00  3.99731587E-01  1.00000000E+00  1.00000000E+00  0.00000000E+00
 -1.11875483E+00  1.00000000E+00  1.77031316E-01  0.00000000E+00  3.99724448E-01  1.00000000E+00  1.00000000E+00  0.00000000E+00
 -1.09400160E+00  1.00000000E+00  1.73749125E-01  0.00000000E+00  3.99723820E-01  1.00000000E+00  1.00000000E+00  0.00000000E+00
 -1.06924838E+00  1.00000000E+00  1.70466934E-01  0.00000000E+00  3.99724192E-01  1.00000000E+00  1.00000000E+00  0.00000000E+00
 -1.04449515E+00  1.00000000E+00  1.67188551E-01  0.00000000E+00  3.99728446E-01  1.00000000E+00  1.00000000E+00  0.00000000E+00
 -1.01974193E+00  1.00000000E+00  1.63910168E-01  0.00000000E+00  3.99732649E-01  1.00000000E+00  1.00000000E+00  0.00000000E+00
 -9.94988700E-01  1.00000000E+00  1.60634852E-01  0.00000000E+00  3.99749106E-01  1.00000000E+00  1.00000000E+00  0.00000000E+00
 -9.70235474E-01  1.00000000E+00  1.57359535E-01  0.00000000E+00  3.99771337E-01  1.00000000E+00  1.00000000E+00  0.00000000E+00
 -9.45482248E-01  1.00000000E+00  1.54094004E-01  0.00000000E+00  3.99810872E-01  1.00000000E+00  1.00000000E+00  0.00000000E+00
 -9.20729022E-01  1.00000000E+00  1.50828472E-01  0.00000000E+00  3.99854204E-01  1.00000000E+00  1.00000000E+00  0.00000000E+00
 -8.95975796E-01  1.00000000E+00  1.47569424E-01  0.00000000E+00  3.99906350E-01  1.00000000E+00  1.00000000E+00  0.00000000E+00
 -8.71222570E-01  1.00000000E+00  1.44310376E-01  0.00000000E+00  3.99966868E-01  1.00000000E+00  1.00000000E+00  0.00000000E+00
 -8.46469344E-01  1.00000000E+00  1.41051811E-01  0.00000000E+00  4.00067294E-01  1.00000000E+00  1.00000000E+00  0.00000000E+00
 -8.21716118E-01  1.00000000E+00  1.37793247E-01  0.00000000E+00  4.00176835E-01  1.00000000E+00  1.00000000E+00  0.00000000E+00
 -7.97201467E-01  1.00000000E+00  1.34588227E-01  0.00000000E+00  4.00332586E-01  1.00000000E+00  1.00000000E+00  0.00000000E+00
 -7.72686817E-01  1.00000000E+00  1.31383207E-01  0.00000000E+00  4.00497534E-01  1.00000000E+00  1.00000000E+00  0.00000000E+00
 -7.49503432E-01  1.00000000E+00  1.28361462E-01  0.00000000E+00  4.00703654E-01  1.00000000E+00  1.00000000E+00  0.00000000E+00
 -7.26320047E-01  1.00000000E+00  1.25339716E-01  0.00000000E+00  4.00927609E-01  1.00000000E+00  1.00000000E+00  0.00000000E+00
 -7.04527831E-01  1.00000000E+00  1.22496578E-01  0.00000000E+00  4.01194159E-01  1.00000000E+00  1.00000000E+00  0.00000000E+00
 -6.82735615E-01  1.00000000E+00  1.19653441E-01  0.00000000E+00  4.01486947E-01  1.00000000E+00  1.00000000E+00  0.00000000E+00
 -6.62251087E-01  1.00000000E+00  1.17025701E-01  0.00000000E+00  4.01838284E-01  1.00000000E+00  1.00000000E+00  0.00000000E+00
 -6.41766559E-01  1.00000000E+00  1.14397962E-01  0.00000000E+00  4.02220771E-01  1.00000000E+00  1.00000000E+00  0.00000000E+00
 -6.22511254E-01  1.00000000E+00  1.11909966E-01  0.00000000E+00  4.02640736E-01  1.00000000E+00  1.00000000E+00  0.00000000E+00
 -6.03255949E-01  1.00000000E+00  1.09421969E-01  0.00000000E+00  4.03086754E-01  1.00000000E+00  1.00000000E+00  0.00000000E+00
 -5.85156097E-01  1.00000000E+00  1.07103461E-01  0.00000000E+00  4.03591728E-01  1.00000000E+00  1.00000000E+00  0.00000000E+00
 -5.67056245E-01  1.00000000E+00  1.04784953E-01  0.00000000E+00  4.04140798E-01  1.00000000E+00  1.00000000E+00  0.00000000E+00
 -5.50042515E-01  1.00000000E+00  1.02621062E-01  0.00000000E+00  4.04775041E-01  1.00000000E+00  1.00000000E+00  0.00000000E+00
 -5.33028786E-01  1.00000000E+00  1.00457172E-01  0.00000000E+00  4.05437332E-01  1.00000000E+00  1.00000000E+00  0.00000000E+00
 -5.17036006E-01  1.00000000E+00  9.84342961E-02  0.00000000E+00  4.06172245E-01  1.00000000E+00  1.00000000E+00  0.00000000E+00
 -5.01043227E-01  1.00000000E+00  9.64114206E-02  0.00000000E+00  4.06953176E-01  1.00000000E+00  1.00000000E+00  0.00000000E+00
 -4.86010125E-01  1.00000000E+00  9.45288909E-02  0.00000000E+00  4.07823680E-01  1.00000000E+00  1.00000000E+00  0.00000000E+00
 -4.70977023E-01  1.00000000E+00  9.26463612E-02  0.00000000E+00  4.08721313E-01  1.00000000E+00  1.00000000E+00  0.00000000E+00
 -4.56846016E-01  1.00000000E+00  9.08752990E-02  0.00000000E+00  4.09686167E-01  1.00000000E+00  1.00000000E+00  0.00000000E+00
 -4.42715008E-01  1.00000000E+00  8.91042368E-02  0.00000000E+00  4.10710112E-01  1.00000000E+00  1.00000000E+00  0.00000000E+00
 -4.29431964E-01  1.00000000E+00  8.74672203E-02  0.00000000E+00  4.11862474E-01  1.00000000E+00  1.00000000E+00  0.00000000E+00
 -4.16148920E-01  1.00000000E+00  8.58302038E-02  0.00000000E+00  4.13059717E-01  1.00000000E+00  1.00000000E+00  0.00000000E+00
 -4.03662954E-01  1.00000000E+00  8.43023634E-02  0.00000000E+00  4.14301492E-01  1.00000000E+00  1.00000000E+00  0.00000000E+00
 -3.91176988E-01  1.00000000E+00  8.27745230E-02  0.00000000E+00  4.15612983E-01  1.00000000E+00  1.00000000E+00  0.00000000E+00
 -3.79440270E-01  1.00000000E+00  8.13228548E-02  0.00000000E+00  4.17021217E-01  1.00000000E+00  1.00000000E+00  0.00000000E+00
 -3.67703552E-01  1.00000000E+00  7.98711866E-02  0.00000000E+00  4.18510186E-01  1.00000000E+00  1.00000000E+00  0.00000000E+00
 -3.56671122E-01  1.00000000E+00  7.85692417E-02  0.00000000E+00  4.20056318E-01  1.00000000E+00  1.00000000E+00  0.00000000E+00
 -3.45638692E-01  1.00000000E+00  7.72672968E-02  0.00000000E+00  4.21673959E-01  1.00000000E+00  1.00000000E+00  0.00000000E+00
 -3.35268287E-01  1.00000000E+00  7.60155835E-02  0.00000000E+00  4.23370744E-01  1.00000000E+00  1.00000000E+00  0.00000000E+00
 -3.24897882E-01  1.00000000E+00  7.47638701E-02  0.00000000E+00  4.25157352E-01  1.00000000E+00  1.00000000E+00  0.00000000E+00
 -3.15149775E-01  1.00000000E+00  7.36144041E-02  0.00000000E+00  4.27063343E-01  1.00000000E+00  1.00000000E+00  0.00000000E+00
 -3.05401669E-01  1.00000000E+00  7.24649382E-02  0.00000000E+00  4.29040424E-01  1.00000000E+00  1.00000000E+00  0.00000000E+00
 -2.96238520E-01  1.00000000E+00  7.14089294E-02  0.00000000E+00  4.31151850E-01  1.00000000E+00  1.00000000E+00  0.00000000E+00
 -2.87075371E-01  1.00000000E+00  7.03529207E-02  0.00000000E+00  4.33391210E-01  1.00000000E+00  1.00000000E+00  0.00000000E+00
 -2.78462077E-01  1.00000000E+00  6.93565398E-02  0.00000000E+00  4.35606514E-01  1.00000000E+00  1.00000000E+00  0.00000000E+00
 -2.69848783E-01  1.00000000E+00  6.83601588E-02  0.00000000E+00  4.37874735E-01  1.00000000E+00  1.00000000E+00  0.00000000E+00
 -2.61752348E-01  1.00000000E+00  6.74466781E-02  0.00000000E+00  4.40279047E-01  1.00000000E+00  1.00000000E+00  0.00000000E+00
 -2.53655913E-01  1.00000000E+00  6.65331973E-02  0.00000000E+00  4.42793422E-01  1.00000000E+00  1.00000000E+00  0.00000000E+00
 -2.46045323E-01  1.00000000E+00  6.56995620E-02  0.00000000E+00  4.45406334E-01  1.00000000E+00  1.00000000E+00  0.00000000E+00
 -2.38434732E-01  1.00000000E+00  6.48659268E-02  0.00000000E+00  4.48087066E-01  1.00000000E+00  1.00000000E+00  0.00000000E+00
 -2.31280830E-01  1.00000000E+00  6.40841437E-02  0.00000000E+00  4.50865417E-01  1.00000000E+00  1.00000000E+00  0.00000000E+00
 -2.24126928E-01  1.00000000E+00  6.33023607E-02  0.00000000E+00  4.53763779E-01  1.00000000E+00  1.00000000E+00  0.00000000E+00
 -2.17402314E-01  1.00000000E+00  6.25521423E-02  0.00000000E+00  4.56731629E-01  1.00000000E+00  1.00000000E+00  0.00000000E+00
 -2.10677699E-01  1.00000000E+00  6.18019239E-02  0.00000000E+00  4.59805428E-01  1.00000000E+00  1.00000000E+00  0.00000000E+00
 -2.04351753E-01  1.00000000E+00  6.11612780E-02  0.00000000E+00  4.63022288E-01  1.00000000E+00  1.00000000E+00  0.00000000E+00
 -1.98025807E-01  1.00000000E+00  6.05206320E-02  0.00000000E+00  4.66300195E-01  1.00000000E+00  1.00000000E+00  0.00000000E+00
 -1.91837501E-01  1.00000000E+00  5.98578765E-02  0.00000000E+00  4.69877459E-01  1.00000000E+00  1.00000000E+00  0.00000000E+00
 -1.85649194E-01  1.00000000E+00  5.91951210E-02  0.00000000E+00  4.73580909E-01  1.00000000E+00  1.00000000E+00  0.00000000E+00
 -1.79460888E-01  1.00000000E+00  5.86440249E-02  0.00000000E+00  4.77678057E-01  1.00000000E+00  1.00000000E+00  0.00000000E+00
 -1.73272582E-01  1.00000000E+00  5.80929289E-02  0.00000000E+00  4.81892826E-01  1.00000000E+00  1.00000000E+00  0.00000000E+00
 -1.67084275E-01  1.00000000E+00  5.74503380E-02  0.00000000E+00  4.86479124E-01  1.00000000E+00  1.00000000E+00  0.00000000E+00
 -1.60895969E-01  1.00000000E+00  5.68077472E-02  0.00000000E+00  4.91239252E-01  1.00000000E+00  1.00000000E+00  0.00000000E+00
 -1.54707662E-01  1.00000000E+00  5.62405031E-02  0.00000000E+00  4.96606040E-01  1.00000000E+00  1.00000000E+00  0.00000000E+00
 -1.48519356E-01  1.00000000E+00  5.56732590E-02  0.00000000E+00  5.02184283E-01  1.00000000E+00  1.00000000E+00  0.00000000E+00
 -1.42331049E-01  1.00000000E+00  5.51279075E-02  0.00000000E+00  5.08494766E-01  1.00000000E+00  1.00000000E+00  0.00000000E+00
 -1.36142743E-01  1.00000000E+00  5.45825560E-02  0.00000000E+00  5.15063731E-01  1.00000000E+00  1.00000000E+00  0.00000000E+00
 -1.29954436E-01  1.00000000E+00  5.42161190E-02  0.00000000E+00  5.22319959E-01  1.00000000E+00  1.00000000E+00  0.00000000E+00
 -1.23766130E-01  1.00000000E+00  5.38496821E-02  0.00000000E+00  5.29988859E-01  1.00000000E+00  1.00000000E+00  0.00000000E+00
 -1.17577823E-01  1.00000000E+00  5.32253971E-02  0.00000000E+00  5.38532574E-01  1.00000000E+00  1.00000000E+00  0.00000000E+00
 -1.11389517E-01  1.00000000E+00  5.26011121E-02  0.00000000E+00  5.47604302E-01  1.00000000E+00  1.00000000E+00  0.00000000E+00
 -1.05201210E-01  1.00000000E+00  5.22388828E-02  0.00000000E+00  5.58157744E-01  1.00000000E+00  1.00000000E+00  0.00000000E+00
 -9.90129037E-02  1.00000000E+00  5.18766535E-02  0.00000000E+00  5.69515235E-01  1.00000000E+00  1.00000000E+00  0.00000000E+00
 -9.28245972E-02  1.00000000E+00  5.18402715E-02  0.00000000E+00  5.82650242E-01  1.00000000E+00  1.00000000E+00  0.00000000E+00
 -8.66362908E-02  1.00000000E+00  5.18038895E-02  0.00000000E+00  5.96459057E-01  1.00000000E+00  1.00000000E+00  0.00000000E+00
 -8.04479843E-02  1.00000000E+00  5.12646290E-02  0.00000000E+00  6.13383256E-01  1.00000000E+00  1.00000000E+00  0.00000000E+00
 -7.42596778E-02  1.00000000E+00  5.07253684E-02  0.00000000E+00  6.31654730E-01  1.00000000E+00  1.00000000E+00  0.00000000E+00
 -6.80713713E-02  1.00000000E+00  5.11163742E-02  0.00000000E+00  6.52556781E-01  1.00000000E+00  1.00000000E+00  0.00000000E+00
 -6.18830648E-02  1.00000000E+00  5.15073799E-02  0.00000000E+00  6.76128714E-01  1.00000000E+00  1.00000000E+00  0.00000000E+00
 -5.56947583E-02  1.00000000E+00  5.20338323E-02  0.00000000E+00  7.04961596E-01  1.00000000E+00  1.00000000E+00  0.00000000E+00
 -4.95064519E-02  1.00000000E+00  5.25602848E-02  0.00000000E+00  7.38764424E-01  1.00000000E+00  1.00000000E+00  0.00000000E+00
 -4.33181454E-02  1.00000000E+00  5.46374423E-02  0.00000000E+00  7.82814012E-01  1.00000000E+00  1.00000000E+00  0.00000000E+00
 -3.71298389E-02  1.00000000E+00  5.67145998E-02  0.00000000E+00  8.34364014E-01  1.00000000E+00  1.00000000E+00  0.00000000E+00
 -3.09415324E-02  1.00000000E+00  4.78690801E-02  0.00000000E+00  9.09167191E-01  1.00000000E+00  1.00000000E+00  0.00000000E+00
 -2.47532259E-02  1.00000000E+00  3.90235603E-02  0.00000000E+00  1.00106204E+00  1.00000000E+00  1.00000000E+00  0.00000000E+00
 -1.85649194E-02  1.00000000E+00  1.11154588E-01  0.00000000E+00  1.17285992E+00  1.00000000E+00  1.00000000E+00  0.00000000E+00
 -1.23766130E-02  1.00000000E+00  1.83285615E-01  0.00000000E+00  1.37987744E+00  1.00000000E+00  1.00000000E+00  0.00000000E+00
 -6.18830648E-03  1.00000000E+00  2.53734020E-02  0.00000000E+00  1.81184753E+00  1.00000000E+00  1.00000000E+00  0.00000000E+00
  0.00000000E+00  1.00000000E+00 -1.32538811E-01  0.00000000E+00  2.54612027E+00  1.00000000E+00  1.00000000E+00  0.00000000E+00
