# curve 5 (die wall), step =      500, time =   2.00000000E+02
# N1 = tau_xx - tau_yy = G ( c_xx - c_yy ),  G =  2.3333E-01  (polymer part only)
#              x               y        pressure            c_xy        gammadot            c_xx            c_yy              N1
 -3.00000000E+00  1.00000000E+00  2.66504935E+00 -1.10306718E+00  4.09586887E-01  3.48859988E+00  9.63529256E-01  5.89183146E-01
 -2.97524677E+00  1.00000000E+00  2.64617900E+00 -1.10297430E+00  4.09588088E-01  3.48845988E+00  9.63503430E-01  5.89156505E-01
 -2.95049355E+00  1.00000000E+00  2.62730864E+00 -1.10288143E+00  4.09593715E-01  3.48831989E+00  9.63477606E-01  5.89129865E-01
 -2.92574032E+00  1.00000000E+00  2.60847757E+00 -1.10297798E+00  4.09598706E-01  3.48845315E+00  9.63512460E-01  5.89152827E-01
 -2.90098710E+00  1.00000000E+00  2.58964649E+00 -1.10307454E+00  4.09590783E-01  3.48858642E+00  9.63547318E-01  5.89175791E-01
 -2.87623387E+00  1.00000000E+00  2.57088532E+00 -1.10325827E+00  4.09575667E-01  3.48891947E+00  9.63605251E-01  5.89239984E-01
 -2.85148064E+00  1.00000000E+00  2.55212414E+00 -1.10344202E+00  4.09554897E-01  3.48925255E+00  9.63663196E-01  5.89304183E-01
 -2.82672742E+00  1.00000000E+00  2.53325241E+00 -1.10316463E+00  4.09549843E-01  3.48887982E+00  9.63557720E-01  5.89241822E-01
 -2.80197419E+00  1.00000000E+00  2.51438067E+00 -1.10288728E+00  4.09577324E-01  3.48850714E+00  9.63452272E-01  5.89179470E-01
 -2.77722097E+00  1.00000000E+00  2.49554123E+00 -1.10294885E+00  4.09582162E-01  3.48847166E+00  9.63482911E-01  5.89164040E-01
 -2.75246774E+00  1.00000000E+00  2.47670178E+00 -1.10301043E+00  4.09589010E-01  3.48843617E+00  9.63513551E-01  5.89148612E-01
 -2.72771451E+00  1.00000000E+00  2.45790783E+00 -1.10301165E+00  4.09597255E-01  3.48849904E+00  9.63518264E-01  5.89162181E-01
 -2.70296129E+00  1.00000000E+00  2.43911388E+00 -1.10301288E+00  4.09594676E-01  3.48856191E+00  9.63522977E-01  5.89175750E-01
 -2.67820806E+00  1.00000000E+00  2.42027196E+00 -1.10301835E+00  4.09584371E-01  3.48852992E+00  9.63519052E-01  5.89169202E-01
 -2.65345484E+00  1.00000000E+00  2.40143005E+00 -1.10302383E+00  4.09587762E-01  3.48849793E+00  9.63515126E-01  5.89162654E-01
 -2.62870161E+00  1.00000000E+00  2.38262567E+00 -1.10302245E+00  4.09587679E-01  3.48844909E+00  9.63524737E-01  5.89149016E-01
 -2.60394839E+00  1.00000000E+00  2.36382128E+00 -1.10302108E+00  4.09579390E-01  3.48840025E+00  9.63534347E-01  5.89135377E-01
 -2.57919516E+00  1.00000000E+00  2.34499083E+00 -1.10300398E+00  4.09586954E-01  3.48840460E+00  9.63531475E-01  5.89137062E-01
 -2.55444193E+00  1.00000000E+00  2.32616038E+00 -1.10298688E+00  4.09585617E-01  3.48840895E+00  9.63528603E-01  5.89138747E-01
 -2.52968871E+00  1.00000000E+00  2.30736186E+00 -1.10310438E+00  4.09570660E-01  3.48858311E+00  9.63569441E-01  5.89169855E-01
 -2.50493548E+00  1.00000000E+00  2.28856335E+00 -1.10322189E+00  4.09552570E-01  3.48875728E+00  9.63610284E-01  5.89200965E-01
 -2.48018226E+00  1.00000000E+00  2.26969361E+00 -1.10303521E+00  4.09560025E-01  3.48851683E+00  9.63533705E-01  5.89162730E-01
 -2.45542903E+00  1.00000000E+00  2.25082387E+00 -1.10284855E+00  4.09583965E-01  3.48827642E+00  9.63457140E-01  5.89124498E-01
 -2.43067580E+00  1.00000000E+00  2.23200383E+00 -1.10288681E+00  4.09593878E-01  3.48832308E+00  9.63467872E-01  5.89132881E-01
 -2.40592258E+00  1.00000000E+00  2.21318379E+00 -1.10292507E+00  4.09605251E-01  3.48836974E+00  9.63478605E-01  5.89141265E-01
 -2.38116935E+00  1.00000000E+00  2.19439213E+00 -1.10295074E+00  4.09608914E-01  3.48839039E+00  9.63506886E-01  5.89139483E-01
 -2.35641613E+00  1.00000000E+00  2.17560046E+00 -1.10297640E+00  4.09600214E-01  3.48841103E+00  9.63535168E-01  5.89137702E-01
 -2.33166290E+00  1.00000000E+00  2.15676225E+00 -1.10296746E+00  4.09587848E-01  3.48845147E+00  9.63511478E-01  5.89152666E-01
 -2.30690967E+00  1.00000000E+00  2.13792404E+00 -1.10295852E+00  4.09589481E-01  3.48849191E+00  9.63487789E-01  5.89167629E-01
 -2.28215645E+00  1.00000000E+00  2.11908637E+00 -1.10299503E+00  4.09594873E-01  3.48849417E+00  9.63503838E-01  5.89164412E-01
 -2.25740322E+00  1.00000000E+00  2.10024871E+00 -1.10303154E+00  4.09590378E-01  3.48849643E+00  9.63519886E-01  5.89161194E-01
 -2.23265000E+00  1.00000000E+00  2.08146609E+00 -1.10313739E+00  4.09582188E-01  3.48866544E+00  9.63568841E-01  5.89189207E-01
 -2.20789677E+00  1.00000000E+00  2.06268347E+00 -1.10324325E+00  4.09562349E-01  3.48883446E+00  9.63617799E-01  5.89217221E-01
 -2.18314354E+00  1.00000000E+00  2.04381588E+00 -1.10305326E+00  4.09557192E-01  3.48850714E+00  9.63552048E-01  5.89156189E-01
 -2.15839032E+00  1.00000000E+00  2.02494828E+00 -1.10286329E+00  4.09570999E-01  3.48817986E+00  9.63486309E-01  5.89095163E-01
 -2.13363709E+00  1.00000000E+00  2.00613550E+00 -1.10286256E+00  4.09574773E-01  3.48820147E+00  9.63474136E-01  5.89103045E-01
 -2.10888387E+00  1.00000000E+00  1.98732272E+00 -1.10286184E+00  4.09588280E-01  3.48822308E+00  9.63461963E-01  5.89110927E-01
 -2.08413064E+00  1.00000000E+00  1.96848841E+00 -1.10289951E+00  4.09601940E-01  3.48826491E+00  9.63480970E-01  5.89116252E-01
 -2.05937741E+00  1.00000000E+00  1.94965411E+00 -1.10293718E+00  4.09598359E-01  3.48830674E+00  9.63499977E-01  5.89121578E-01
 -2.03462419E+00  1.00000000E+00  1.93085193E+00 -1.10292900E+00  4.09589540E-01  3.48830378E+00  9.63501326E-01  5.89120572E-01
 -2.00987096E+00  1.00000000E+00  1.91204976E+00 -1.10292082E+00  4.09586570E-01  3.48830081E+00  9.63502675E-01  5.89119565E-01
 -1.98511774E+00  1.00000000E+00  1.89320255E+00 -1.10293368E+00  4.09578290E-01  3.48821990E+00  9.63516123E-01  5.89097549E-01
 -1.96036451E+00  1.00000000E+00  1.87435533E+00 -1.10294655E+00  4.09566121E-01  3.48813900E+00  9.63529571E-01  5.89075532E-01
 -1.93561128E+00  1.00000000E+00  1.85557214E+00 -1.10301742E+00  4.09555468E-01  3.48822492E+00  9.63565739E-01  5.89087142E-01
 -1.91085806E+00  1.00000000E+00  1.83678894E+00 -1.10308830E+00  4.09537971E-01  3.48831084E+00  9.63601909E-01  5.89098752E-01
 -1.88610483E+00  1.00000000E+00  1.81793398E+00 -1.10302159E+00  4.09523745E-01  3.48820954E+00  9.63563988E-01  5.89083962E-01
 -1.86135161E+00  1.00000000E+00  1.79907901E+00 -1.10295488E+00  4.09518355E-01  3.48810824E+00  9.63526069E-01  5.89069172E-01
 -1.83659838E+00  1.00000000E+00  1.78023873E+00 -1.10289448E+00  4.09516227E-01  3.48786991E+00  9.63538470E-01  5.89010669E-01
 -1.81184516E+00  1.00000000E+00  1.76139844E+00 -1.10283408E+00  4.09511863E-01  3.48763160E+00  9.63550874E-01  5.88952169E-01
 -1.78709193E+00  1.00000000E+00  1.74264381E+00 -1.10297374E+00  4.09489505E-01  3.48787880E+00  9.63597432E-01  5.88998985E-01
 -1.76233870E+00  1.00000000E+00  1.72388918E+00 -1.10311340E+00  4.09461739E-01  3.48812602E+00  9.63643997E-01  5.89045805E-01
 -1.73758548E+00  1.00000000E+00  1.70498719E+00 -1.10299568E+00  4.09459729E-01  3.48790443E+00  9.63592776E-01  5.89006052E-01
 -1.71283225E+00  1.00000000E+00  1.68608520E+00 -1.10287797E+00  4.09465054E-01  3.48768285E+00  9.63541560E-01  5.88966301E-01
 -1.68807903E+00  1.00000000E+00  1.66726124E+00 -1.10287953E+00  4.09436912E-01  3.48741126E+00  9.63581083E-01  5.88893707E-01
 -1.66332580E+00  1.00000000E+00  1.64843728E+00 -1.10288109E+00  4.09405512E-01  3.48713969E+00  9.63620608E-01  5.88821120E-01
 -1.63857257E+00  1.00000000E+00  1.62963965E+00 -1.10278441E+00  4.09410547E-01  3.48705154E+00  9.63582815E-01  5.88809370E-01
 -1.61381935E+00  1.00000000E+00  1.61084201E+00 -1.10268772E+00  4.09407887E-01  3.48696340E+00  9.63545026E-01  5.88797621E-01
 -1.58906612E+00  1.00000000E+00  1.59197185E+00 -1.10260270E+00  4.09374440E-01  3.48656052E+00  9.63541746E-01  5.88704381E-01
 -1.56431290E+00  1.00000000E+00  1.57310169E+00 -1.10251768E+00  4.09347974E-01  3.48615769E+00  9.63538469E-01  5.88611151E-01
 -1.53955967E+00  1.00000000E+00  1.55432263E+00 -1.10242820E+00  4.09333942E-01  3.48585919E+00  9.63535562E-01  5.88542181E-01
 -1.51480644E+00  1.00000000E+00  1.53554358E+00 -1.10233872E+00  4.09313562E-01  3.48556073E+00  9.63532657E-01  5.88473216E-01
 -1.49005322E+00  1.00000000E+00  1.51673305E+00 -1.10231674E+00  4.09282012E-01  3.48521169E+00  9.63578378E-01  5.88381107E-01
 -1.46529999E+00  1.00000000E+00  1.49792252E+00 -1.10229476E+00  4.09230825E-01  3.48486270E+00  9.63624101E-01  5.88289006E-01
 -1.44054677E+00  1.00000000E+00  1.47913557E+00 -1.10237729E+00  4.09169700E-01  3.48472605E+00  9.63692248E-01  5.88241219E-01
 -1.41579354E+00  1.00000000E+00  1.46034863E+00 -1.10245981E+00  4.09092321E-01  3.48458941E+00  9.63760400E-01  5.88193436E-01
 -1.39104031E+00  1.00000000E+00  1.44149663E+00 -1.10207118E+00  4.09040467E-01  3.48369303E+00  9.63659334E-01  5.88007862E-01
 -1.36628709E+00  1.00000000E+00  1.42264463E+00 -1.10168265E+00  4.09022235E-01  3.48279689E+00  9.63558314E-01  5.87822335E-01
 -1.34153386E+00  1.00000000E+00  1.40383822E+00 -1.10162276E+00  4.08975132E-01  3.48222963E+00  9.63590619E-01  5.87682436E-01
 -1.31678064E+00  1.00000000E+00  1.38503180E+00 -1.10156287E+00  4.08924556E-01  3.48166247E+00  9.63622926E-01  5.87542560E-01
 -1.29202741E+00  1.00000000E+00  1.36627150E+00 -1.10149167E+00  4.08862899E-01  3.48114272E+00  9.63662294E-01  5.87412100E-01
 -1.26727418E+00  1.00000000E+00  1.34751120E+00 -1.10142048E+00  4.08785085E-01  3.48062306E+00  9.63701667E-01  5.87281658E-01
 -1.24252096E+00  1.00000000E+00  1.32879072E+00 -1.10137017E+00  4.08697250E-01  3.48000986E+00  9.63757629E-01  5.87125520E-01
 -1.21776773E+00  1.00000000E+00  1.31007025E+00 -1.10131986E+00  4.08602175E-01  3.47939678E+00  9.63813596E-01  5.86969409E-01
 -1.19301451E+00  1.00000000E+00  1.29126926E+00 -1.10087125E+00  4.08511025E-01  3.47806280E+00  9.63742742E-01  5.86674680E-01
 -1.16826128E+00  1.00000000E+00  1.27246827E+00 -1.10042280E+00  4.08438262E-01  3.47672933E+00  9.63671947E-01  5.86380057E-01
 -1.14350806E+00  1.00000000E+00  1.25375904E+00 -1.10033104E+00  4.08341878E-01  3.47592824E+00  9.63718535E-01  5.86182265E-01
 -1.11875483E+00  1.00000000E+00  1.23504982E+00 -1.10023930E+00  4.08252710E-01  3.47512734E+00  9.63765127E-01  5.85984517E-01
 -1.09400160E+00  1.00000000E+00  1.21637028E+00 -1.09999559E+00  4.08141112E-01  3.47399146E+00  9.63781723E-01  5.85715605E-01
 -1.06924838E+00  1.00000000E+00  1.19769074E+00 -1.09975194E+00  4.08029355E-01  3.47285595E+00  9.63798337E-01  5.85446776E-01
 -1.04449515E+00  1.00000000E+00  1.17905367E+00 -1.09943743E+00  4.07916768E-01  3.47152565E+00  9.63804150E-01  5.85135016E-01
 -1.01974193E+00  1.00000000E+00  1.16041660E+00 -1.09912301E+00  4.07796542E-01  3.47019585E+00  9.63809992E-01  5.84823368E-01
 -9.94988700E-01  1.00000000E+00  1.14184874E+00 -1.09885436E+00  4.07666111E-01  3.46891465E+00  9.63835808E-01  5.84518395E-01
 -9.70235474E-01  1.00000000E+00  1.12328088E+00 -1.09858578E+00  4.07545383E-01  3.46763391E+00  9.63861646E-01  5.84213529E-01
 -9.45482248E-01  1.00000000E+00  1.10473666E+00 -1.09829425E+00  4.07414075E-01  3.46629864E+00  9.63872812E-01  5.83899361E-01
 -9.20729022E-01  1.00000000E+00  1.08619244E+00 -1.09800281E+00  4.07280160E-01  3.46496389E+00  9.63884000E-01  5.83585308E-01
 -8.95975796E-01  1.00000000E+00  1.06778584E+00 -1.09761524E+00  4.07155962E-01  3.46340543E+00  9.63881094E-01  5.83222344E-01
 -8.71222570E-01  1.00000000E+00  1.04937923E+00 -1.09722781E+00  4.07037375E-01  3.46184766E+00  9.63878231E-01  5.82859533E-01
 -8.46469344E-01  1.00000000E+00  1.03105321E+00 -1.09709606E+00  4.06916967E-01  3.46084770E+00  9.63949242E-01  5.82609639E-01
 -8.21716118E-01  1.00000000E+00  1.01272719E+00 -1.09696434E+00  4.06785446E-01  3.45984804E+00  9.64020263E-01  5.82359814E-01
 -7.97201467E-01  1.00000000E+00  9.94714914E-01 -1.09679352E+00  4.06706838E-01  3.45901647E+00  9.64024503E-01  5.82164791E-01
 -7.72686817E-01  1.00000000E+00  9.76702641E-01 -1.09662274E+00  4.06635759E-01  3.45818510E+00  9.64028751E-01  5.81969814E-01
 -7.49503432E-01  1.00000000E+00  9.59814852E-01 -1.09650478E+00  4.06582727E-01  3.45771962E+00  9.64026996E-01  5.81861612E-01
 -7.26320047E-01  1.00000000E+00  9.42927063E-01 -1.09638683E+00  4.06536806E-01  3.45725420E+00  9.64025245E-01  5.81753424E-01
 -7.04527831E-01  1.00000000E+00  9.27243979E-01 -1.09643333E+00  4.06523661E-01  3.45736392E+00  9.64050688E-01  5.81773087E-01
 -6.82735615E-01  1.00000000E+00  9.11560895E-01 -1.09647984E+00  4.06544411E-01  3.45747364E+00  9.64076132E-01  5.81792751E-01
 -6.62251087E-01  1.00000000E+00  8.96902352E-01 -1.09657020E+00  4.06655567E-01  3.45839701E+00  9.63963229E-01  5.82034550E-01
 -6.41766559E-01  1.00000000E+00  8.82243809E-01 -1.09666058E+00  4.06788966E-01  3.45932065E+00  9.63850345E-01  5.82276405E-01
 -6.22511254E-01  1.00000000E+00  8.68712747E-01 -1.09695931E+00  4.06943111E-01  3.46090272E+00  9.63806862E-01  5.82655701E-01
 -6.03255949E-01  1.00000000E+00  8.55181685E-01 -1.09725816E+00  4.07123203E-01  3.46248553E+00  9.63763407E-01  5.83035162E-01
 -5.85156097E-01  1.00000000E+00  8.42674134E-01 -1.09787649E+00  4.07359418E-01  3.46506234E+00  9.63780986E-01  5.83632315E-01
 -5.67056245E-01  1.00000000E+00  8.30166583E-01 -1.09849521E+00  4.07629601E-01  3.46764106E+00  9.63798664E-01  5.84229893E-01
 -5.50042515E-01  1.00000000E+00  8.18532295E-01 -1.09922131E+00  4.08009970E-01  3.47142120E+00  9.63665551E-01  5.85142985E-01
 -5.33028786E-01  1.00000000E+00  8.06898007E-01 -1.09994805E+00  4.08398286E-01  3.47520551E+00  9.63532622E-01  5.86057006E-01
 -5.17036006E-01  1.00000000E+00  7.96273419E-01 -1.10112885E+00  4.08836702E-01  3.48022260E+00  9.63552179E-01  5.87223098E-01
 -5.01043227E-01  1.00000000E+00  7.85648830E-01 -1.10231108E+00  4.09309345E-01  3.48524693E+00  9.63572098E-01  5.88390793E-01
 -4.86010125E-01  1.00000000E+00  7.75772808E-01 -1.10355281E+00  4.09898322E-01  3.49139298E+00  9.63425428E-01  5.89859095E-01
 -4.70977023E-01  1.00000000E+00  7.65896787E-01 -1.10479633E+00  4.10549795E-01  3.49754994E+00  9.63279232E-01  5.91329832E-01
 -4.56846016E-01  1.00000000E+00  7.56902463E-01 -1.10649378E+00  4.11268360E-01  3.50545512E+00  9.63194170E-01  5.93194220E-01
 -4.42715008E-01  1.00000000E+00  7.47908139E-01 -1.10819439E+00  4.12048738E-01  3.51337822E+00  9.63109894E-01  5.95062609E-01
 -4.29431964E-01  1.00000000E+00  7.39673104E-01 -1.11014148E+00  4.12942375E-01  3.52261632E+00  9.62924358E-01  5.97261458E-01
 -4.16148920E-01  1.00000000E+00  7.31438069E-01 -1.11209280E+00  4.13891011E-01  3.53187881E+00  9.62739978E-01  5.99465727E-01
 -4.03662954E-01  1.00000000E+00  7.23914508E-01 -1.11432232E+00  4.14886378E-01  3.54276071E+00  9.62573145E-01  6.02043766E-01
 -3.91176988E-01  1.00000000E+00  7.16390947E-01 -1.11655745E+00  4.15975889E-01  3.55367636E+00  9.62407665E-01  6.04629362E-01
 -3.79440270E-01  1.00000000E+00  7.09577326E-01 -1.11938943E+00  4.17147299E-01  3.56643035E+00  9.62329808E-01  6.07623460E-01
 -3.67703552E-01  1.00000000E+00  7.02763706E-01 -1.12222987E+00  4.18392580E-01  3.57923017E+00  9.62254099E-01  6.10627751E-01
 -3.56671122E-01  1.00000000E+00  6.96706276E-01 -1.12509252E+00  4.19768247E-01  3.59339437E+00  9.61960044E-01  6.14001343E-01
 -3.45638692E-01  1.00000000E+00  6.90648846E-01 -1.12796444E+00  4.21191523E-01  3.60761499E+00  9.61668378E-01  6.17387543E-01
 -3.35268287E-01  1.00000000E+00  6.85051884E-01 -1.13138426E+00  4.22646384E-01  3.62386932E+00  9.61523520E-01  6.21214021E-01
 -3.24897882E-01  1.00000000E+00  6.79454922E-01 -1.13481675E+00  4.24215385E-01  3.64019722E+00  9.61381656E-01  6.25056966E-01
 -3.15149775E-01  1.00000000E+00  6.74559934E-01 -1.13861012E+00  4.25924052E-01  3.65842078E+00  9.61117803E-01  6.29370695E-01
 -3.05401669E-01  1.00000000E+00  6.69664946E-01 -1.14241914E+00  4.27714829E-01  3.67673599E+00  9.60857898E-01  6.33704888E-01
 -2.96238520E-01  1.00000000E+00  6.65229193E-01 -1.14648448E+00  4.29611890E-01  3.69773218E+00  9.60418859E-01  6.38706442E-01
 -2.87075371E-01  1.00000000E+00  6.60793440E-01 -1.15056863E+00  4.31672709E-01  3.71884941E+00  9.59984374E-01  6.43735176E-01
 -2.78462077E-01  1.00000000E+00  6.57107964E-01 -1.15500663E+00  4.33774873E-01  3.74068536E+00  9.59613295E-01  6.48916816E-01
 -2.69848783E-01  1.00000000E+00  6.53422488E-01 -1.15946605E+00  4.35982900E-01  3.76265025E+00  9.59247651E-01  6.54127273E-01
 -2.61752348E-01  1.00000000E+00  6.50168676E-01 -1.16480652E+00  4.38271803E-01  3.78799266E+00  9.59123635E-01  6.60069439E-01
 -2.53655913E-01  1.00000000E+00  6.46914864E-01 -1.17017668E+00  4.40609636E-01  3.81350641E+00  9.59006473E-01  6.66049986E-01
 -2.46045323E-01  1.00000000E+00  6.44178094E-01 -1.17502356E+00  4.43111636E-01  3.83972803E+00  9.58356570E-01  6.72320006E-01
 -2.38434732E-01  1.00000000E+00  6.41441323E-01 -1.17989729E+00  4.45699046E-01  3.86613213E+00  9.57713212E-01  6.78631080E-01
 -2.31280830E-01  1.00000000E+00  6.39103540E-01 -1.18568748E+00  4.48385324E-01  3.89515922E+00  9.57385522E-01  6.85480529E-01
 -2.24126928E-01  1.00000000E+00  6.36765756E-01 -1.19151319E+00  4.51132202E-01  3.92440572E+00  9.57065977E-01  6.92379274E-01
 -2.17402314E-01  1.00000000E+00  6.35046483E-01 -1.19808716E+00  4.53964958E-01  3.95678955E+00  9.56840547E-01  6.99988100E-01
 -2.10677699E-01  1.00000000E+00  6.33327210E-01 -1.20470568E+00  4.56877532E-01  3.98944207E+00  9.56625147E-01  7.07657282E-01
 -2.04351753E-01  1.00000000E+00  6.31964624E-01 -1.21097955E+00  4.60009396E-01  4.02334320E+00  9.55967627E-01  7.15720966E-01
 -1.98025807E-01  1.00000000E+00  6.30602039E-01 -1.21729640E+00  4.63220384E-01  4.05753569E+00  9.55319994E-01  7.23850330E-01
 -1.91837501E-01  1.00000000E+00  6.29646942E-01 -1.22474725E+00  4.66720991E-01  4.09621828E+00  9.54873973E-01  7.32980337E-01
 -1.85649194E-01  1.00000000E+00  6.28691846E-01 -1.23225588E+00  4.70310003E-01  4.13527274E+00  9.54440708E-01  7.42194140E-01
 -1.79460888E-01  1.00000000E+00  6.28047545E-01 -1.23961812E+00  4.74410703E-01  4.17857142E+00  9.53277778E-01  7.52568516E-01
 -1.73272582E-01  1.00000000E+00  6.27403244E-01 -1.24704158E+00  4.78644342E-01  4.22233121E+00  9.52129102E-01  7.63047159E-01
 -1.67084275E-01  1.00000000E+00  6.27618201E-01 -1.25746309E+00  4.83223695E-01  4.27499430E+00  9.51980240E-01  7.75369948E-01
 -1.60895969E-01  1.00000000E+00  6.27833158E-01 -1.26799126E+00  4.87843946E-01  4.32831823E+00  9.51853694E-01  7.87841726E-01
 -1.54707662E-01  1.00000000E+00  6.28345412E-01 -1.27776864E+00  4.93144097E-01  4.38656964E+00  9.50528842E-01  8.01742853E-01
 -1.48519356E-01  1.00000000E+00  6.28857666E-01 -1.28765001E+00  4.98617851E-01  4.44561862E+00  9.49226491E-01  8.15824831E-01
 -1.42331049E-01  1.00000000E+00  6.30520964E-01 -1.30030414E+00  5.04926182E-01  4.51501893E+00  9.48385914E-01  8.32214371E-01
 -1.36142743E-01  1.00000000E+00  6.32184262E-01 -1.31311830E+00  5.11432236E-01  4.58551375E+00  9.47579354E-01  8.48851358E-01
 -1.29954436E-01  1.00000000E+00  6.34443933E-01 -1.32721681E+00  5.18558307E-01  4.66828941E+00  9.46486672E-01  8.68420639E-01
 -1.23766130E-01  1.00000000E+00  6.36703603E-01 -1.34151633E+00  5.26007821E-01  4.75258217E+00  9.45432069E-01  8.88335024E-01
 -1.17577823E-01  1.00000000E+00  6.40344342E-01 -1.35860137E+00  5.34545605E-01  4.85348476E+00  9.44182037E-01  9.12170634E-01
 -1.11389517E-01  1.00000000E+00  6.43985080E-01 -1.37597400E+00  5.43483590E-01  4.95656101E+00  9.42986589E-01  9.36500699E-01
 -1.05201210E-01  1.00000000E+00  6.49632939E-01 -1.39455948E+00  5.53866579E-01  5.07543020E+00  9.40758576E-01  9.64756712E-01
 -9.90129037E-02  1.00000000E+00  6.55280798E-01 -1.41349236E+00  5.64643510E-01  5.19720610E+00  9.38597565E-01  9.93675324E-01
 -9.28245972E-02  1.00000000E+00  6.62598695E-01 -1.43371924E+00  5.77585252E-01  5.33875734E+00  9.35399623E-01  1.02745013E+00
 -8.66362908E-02  1.00000000E+00  6.69916592E-01 -1.45436354E+00  5.90884031E-01  5.48426293E+00  9.32279592E-01  1.06212944E+00
 -8.04479843E-02  1.00000000E+00  6.80538217E-01 -1.48513603E+00  6.06083089E-01  5.66649153E+00  9.31875058E-01  1.10474384E+00
 -7.42596778E-02  1.00000000E+00  6.91159842E-01 -1.51672876E+00  6.21735293E-01  5.85484192E+00  9.31609148E-01  1.14875431E+00
 -6.80713713E-02  1.00000000E+00  7.07431380E-01 -1.53927514E+00  6.40446796E-01  6.06993866E+00  9.24121632E-01  1.20069064E+00
 -6.18830648E-02  1.00000000E+00  7.23702918E-01 -1.56237309E+00  6.60313360E-01  6.29332260E+00  9.16747180E-01  1.25453427E+00
 -5.56947583E-02  1.00000000E+00  7.42300811E-01 -1.64285821E+00  6.82997068E-01  6.58143620E+00  9.33734445E-01  1.31779708E+00
 -4.95064519E-02  1.00000000E+00  7.60898703E-01 -1.72700447E+00  7.00954097E-01  6.88287248E+00  9.51784259E-01  1.38392058E+00
 -4.33181454E-02  1.00000000E+00  8.23642531E-01 -1.60491586E+00  7.13556365E-01  6.77727908E+00  9.06595755E-01  1.36982611E+00
 -3.71298389E-02  1.00000000E+00  8.86386358E-01 -1.48563496E+00  7.36427672E-01  6.67867604E+00  8.64788326E-01  1.35657380E+00
 -3.09415324E-02  1.00000000E+00  8.40243824E-01 -1.48485757E+00  7.09087120E-01  6.41503376E+00  8.88600394E-01  1.28950112E+00
 -2.47532259E-02  1.00000000E+00  7.94101290E-01 -1.48407208E+00  6.28361456E-01  6.16312532E+00  9.12950712E-01  1.22504074E+00
 -1.85649194E-02  1.00000000E+00  1.88200037E+00 -2.33962895E+00  5.55784151E-01  8.05013614E+00  1.18408971E+00  1.60207750E+00
 -1.23766130E-02  1.00000000E+00  2.96989945E+00 -3.50665720E+00  6.93214276E-01  1.06284367E+01  1.60948741E+00  2.10442150E+00
 -6.18830648E-03  1.00000000E+00  1.57490105E+00  1.47454034E+00  2.00012098E+00  1.05323191E+01  7.61905849E-01  2.27976309E+00
  0.00000000E+00  1.00000000E+00  1.79902647E-01  1.17627664E+01  6.03965535E+00  2.47902779E+01  5.86838467E+00  4.41510843E+00
