# curve 5 (die wall), step =      800, time =   1.60000000E+02
# N1 = tau_xx - tau_yy = G ( c_xx - c_yy ),  G =  5.7143E-02  (polymer part only)
#              x               y        pressure            c_xy        gammadot            c_xx            c_yy              N1
 -3.00000000E+00  1.00000000E+00  2.91311506E+00 -2.80254810E+00  4.00143882E-01  1.67059187E+01  9.99951587E-01  8.97483836E-01
 -2.95108291E+00  1.00000000E+00  2.87374970E+00 -2.80323460E+00  4.00124964E-01  1.67105961E+01  1.00006428E+00  8.97744675E-01
 -2.90216582E+00  1.00000000E+00  2.83438434E+00 -2.80392129E+00  4.00133751E-01  1.67152748E+01  1.00017701E+00  8.98005588E-01
 -2.85324873E+00  1.00000000E+00  2.79495822E+00 -2.80198410E+00  4.00013770E-01  1.67043719E+01  9.99854131E-01  8.97401016E-01
 -2.80433164E+00  1.00000000E+00  2.75553211E+00 -2.80004820E+00  3.99962573E-01  1.66934761E+01  9.99531486E-01  8.96796838E-01
 -2.75541455E+00  1.00000000E+00  2.71648528E+00 -2.80039863E+00  4.00107662E-01  1.66917611E+01  9.99663307E-01  8.96691300E-01
 -2.70649746E+00  1.00000000E+00  2.67743845E+00 -2.80074900E+00  4.00115077E-01  1.66900463E+01  9.99795143E-01  8.96585778E-01
 -2.65758037E+00  1.00000000E+00  2.63828492E+00 -2.80176004E+00  4.00150447E-01  1.66955138E+01  9.99994314E-01  8.96886830E-01
 -2.60866328E+00  1.00000000E+00  2.59913139E+00 -2.80277143E+00  4.00090902E-01  1.67009832E+01  1.00019355E+00  8.97187981E-01
 -2.55974619E+00  1.00000000E+00  2.56019483E+00 -2.80311342E+00  4.00029186E-01  1.67056178E+01  1.00026717E+00  8.97448607E-01
 -2.51082911E+00  1.00000000E+00  2.52125826E+00 -2.80345541E+00  4.00074759E-01  1.67102537E+01  1.00034079E+00  8.97709309E-01
 -2.46191202E+00  1.00000000E+00  2.48176519E+00 -2.80164807E+00  4.00000798E-01  1.67023845E+01  9.99910884E-01  8.97284204E-01
 -2.41299493E+00  1.00000000E+00  2.44227211E+00 -2.79984174E+00  3.99997795E-01  1.66945190E+01  9.99481231E-01  8.96859302E-01
 -2.36407784E+00  1.00000000E+00  2.40338811E+00 -2.80139953E+00  4.00026334E-01  1.66964587E+01  1.00000625E+00  8.96940138E-01
 -2.31516075E+00  1.00000000E+00  2.36450411E+00 -2.80295772E+00  3.99965066E-01  1.66983990E+01  1.00053155E+00  8.97020998E-01
 -2.26624366E+00  1.00000000E+00  2.32534492E+00 -2.80251168E+00  3.99911793E-01  1.67047888E+01  1.00019496E+00  8.97405363E-01
 -2.21732657E+00  1.00000000E+00  2.28618574E+00 -2.80206529E+00  3.99935940E-01  1.67111817E+01  9.99858412E-01  8.97789900E-01
 -2.16840948E+00  1.00000000E+00  2.24682382E+00 -2.80187787E+00  3.99929409E-01  1.67055344E+01  9.99902748E-01  8.97464669E-01
 -2.11949239E+00  1.00000000E+00  2.20746191E+00 -2.80169038E+00  3.99911046E-01  1.66998893E+01  9.99947069E-01  8.97139555E-01
 -2.07057530E+00  1.00000000E+00  2.16874002E+00 -2.80373370E+00  3.99971296E-01  1.67135801E+01  1.00030278E+00  8.97901562E-01
 -2.02165821E+00  1.00000000E+00  2.13001813E+00 -2.80577856E+00  3.99929835E-01  1.67272822E+01  1.00065871E+00  8.98664198E-01
 -1.97274112E+00  1.00000000E+00  2.09043913E+00 -2.80286059E+00  3.99832960E-01  1.67169572E+01  9.99917063E-01  8.98116577E-01
 -1.92382403E+00  1.00000000E+00  2.05086013E+00 -2.79994492E+00  3.99851249E-01  1.67066390E+01  9.99176153E-01  8.97569308E-01
 -1.87490694E+00  1.00000000E+00  2.01181700E+00 -2.80133198E+00  3.99949115E-01  1.67010302E+01  9.99805704E-01  8.97212829E-01
 -1.82598985E+00  1.00000000E+00  1.97277386E+00 -2.80271849E+00  3.99939302E-01  1.66954248E+01  1.00043557E+00  8.96856529E-01
 -1.77707276E+00  1.00000000E+00  1.93380752E+00 -2.80451479E+00  3.99959713E-01  1.67081526E+01  1.00070428E+00  8.97568473E-01
 -1.72815567E+00  1.00000000E+00  1.89484119E+00 -2.80631231E+00  3.99842638E-01  1.67208900E+01  1.00097315E+00  8.98280964E-01
 -1.67923858E+00  1.00000000E+00  1.85566754E+00 -2.80561940E+00  3.99673528E-01  1.67184614E+01  1.00087007E+00  8.98148079E-01
 -1.63032150E+00  1.00000000E+00  1.81649388E+00 -2.80492659E+00  3.99679607E-01  1.67160333E+01  1.00076703E+00  8.98015213E-01
 -1.58140441E+00  1.00000000E+00  1.77734691E+00 -2.80394984E+00  3.99498282E-01  1.67019907E+01  1.00091719E+00  8.97204201E-01
 -1.53248732E+00  1.00000000E+00  1.73819995E+00 -2.80297348E+00  3.99412064E-01  1.66879604E+01  1.00106738E+00  8.96393887E-01
 -1.48357023E+00  1.00000000E+00  1.69894515E+00 -2.79917222E+00  3.99408029E-01  1.66791821E+01  9.99850940E-01  8.95961780E-01
 -1.43465314E+00  1.00000000E+00  1.65969034E+00 -2.79537427E+00  3.99561770E-01  1.66704101E+01  9.98636101E-01  8.95529943E-01
 -1.38573605E+00  1.00000000E+00  1.62051415E+00 -2.79579723E+00  3.99504945E-01  1.66576648E+01  9.99280689E-01  8.94764805E-01
 -1.33681896E+00  1.00000000E+00  1.58133795E+00 -2.79621952E+00  3.99361850E-01  1.66449309E+01  9.99925502E-01  8.94000309E-01
 -1.28790187E+00  1.00000000E+00  1.54207409E+00 -2.79543384E+00  3.99102499E-01  1.66297402E+01  1.00009640E+00  8.93122502E-01
 -1.23898478E+00  1.00000000E+00  1.50281023E+00 -2.79464820E+00  3.98844578E-01  1.66145641E+01  1.00026724E+00  8.92245534E-01
 -1.19006769E+00  1.00000000E+00  1.46419952E+00 -2.79551454E+00  3.98547927E-01  1.66085969E+01  1.00083200E+00  8.91872281E-01
 -1.14115060E+00  1.00000000E+00  1.42558882E+00 -2.79638058E+00  3.98165067E-01  1.66026329E+01  1.00139698E+00  8.91499193E-01
 -1.09223351E+00  1.00000000E+00  1.38626070E+00 -2.79132127E+00  3.97734688E-01  1.65701368E+01  1.00070121E+00  8.89682034E-01
 -1.04331642E+00  1.00000000E+00  1.34693258E+00 -2.78627129E+00  3.97384550E-01  1.65377043E+01  1.00000682E+00  8.87868428E-01
 -9.94399333E-01  1.00000000E+00  1.30834008E+00 -2.78520988E+00  3.96980021E-01  1.65018457E+01  1.00074397E+00  8.85777239E-01
 -9.45482243E-01  1.00000000E+00  1.26974758E+00 -2.78414675E+00  3.96449107E-01  1.64660711E+01  1.00148096E+00  8.83690864E-01
 -8.96565154E-01  1.00000000E+00  1.23144079E+00 -2.78109945E+00  3.95800735E-01  1.64334011E+01  1.00161634E+00  8.81816270E-01
 -8.47648064E-01  1.00000000E+00  1.19313401E+00 -2.77805630E+00  3.95112655E-01  1.64007971E+01  1.00175205E+00  8.79945431E-01
 -7.99501858E-01  1.00000000E+00  1.15620784E+00 -2.77363470E+00  3.94135825E-01  1.63445535E+01  1.00207284E+00  8.76713179E-01
 -7.51355652E-01  1.00000000E+00  1.11928167E+00 -2.76922114E+00  3.93426302E-01  1.62885086E+01  1.00239373E+00  8.73492277E-01
 -7.08111109E-01  1.00000000E+00  1.08659815E+00 -2.76079486E+00  3.92472425E-01  1.62179953E+01  1.00163620E+00  8.69506234E-01
 -6.64866566E-01  1.00000000E+00  1.05391462E+00 -2.75239728E+00  3.91943325E-01  1.61477894E+01  1.00088105E+00  8.65537621E-01
 -6.26599939E-01  1.00000000E+00  1.02602837E+00 -2.74893915E+00  3.91493935E-01  1.61015954E+01  1.00106554E+00  8.62887421E-01
 -5.88333313E-01  1.00000000E+00  9.98142117E-01 -2.74548531E+00  3.91065277E-01  1.60555382E+01  1.00124980E+00  8.60245050E-01
 -5.54471587E-01  1.00000000E+00  9.74558106E-01 -2.74151577E+00  3.90910630E-01  1.60367742E+01  1.00038456E+00  8.59222264E-01
 -5.20609860E-01  1.00000000E+00  9.50974095E-01 -2.73755134E+00  3.90762018E-01  1.60180324E+01  9.99520488E-01  8.58200681E-01
 -4.90645977E-01  1.00000000E+00  9.31358542E-01 -2.73873439E+00  3.90620327E-01  1.60026717E+01  1.00034487E+00  8.57275818E-01
 -4.60682095E-01  1.00000000E+00  9.11742989E-01 -2.73991515E+00  3.90733667E-01  1.59873299E+01  1.00116958E+00  8.56352016E-01
 -4.34167380E-01  1.00000000E+00  8.95682304E-01 -2.73723144E+00  3.91356351E-01  1.60127898E+01  9.99202362E-01  8.57919280E-01
 -4.07652666E-01  1.00000000E+00  8.79621619E-01 -2.73454238E+00  3.92058137E-01  1.60383041E+01  9.97237634E-01  8.59489512E-01
 -3.84190072E-01  1.00000000E+00  8.66733722E-01 -2.74178677E+00  3.92905820E-01  1.60881596E+01  9.98067114E-01  8.62290996E-01
 -3.60727478E-01  1.00000000E+00  8.53845825E-01 -2.74905149E+00  3.93931102E-01  1.61381700E+01  9.98899287E-01  8.65101184E-01
 -3.39965684E-01  1.00000000E+00  8.44136053E-01 -2.75516467E+00  3.95368935E-01  1.62269688E+01  9.97963389E-01  8.70228882E-01
 -3.19203889E-01  1.00000000E+00  8.34426281E-01 -2.76129290E+00  3.96933202E-01  1.63162750E+01  9.97027725E-01  8.75385561E-01
 -3.00831998E-01  1.00000000E+00  8.27610439E-01 -2.77725846E+00  3.98726525E-01  1.64541624E+01  9.98295137E-01  8.83192418E-01
 -2.82460107E-01  1.00000000E+00  8.20794596E-01 -2.79332828E+00  4.00537926E-01  1.65932246E+01  9.99570620E-01  8.91065939E-01
 -2.66203017E-01  1.00000000E+00  8.15918202E-01 -2.80039090E+00  4.02893812E-01  1.67547128E+01  9.96738537E-01  9.00455673E-01
 -2.49945927E-01  1.00000000E+00  8.11041809E-01 -2.80745163E+00  4.05654309E-01  1.69178718E+01  9.93904947E-01  9.09940966E-01
 -2.35560203E-01  1.00000000E+00  8.09144188E-01 -2.83828117E+00  4.08700511E-01  1.71605266E+01  9.97090833E-01  9.23624899E-01
 -2.21174479E-01  1.00000000E+00  8.07246568E-01 -2.86948210E+00  4.11506190E-01  1.74066729E+01  1.00031429E+00  9.37506204E-01
 -2.08421419E-01  1.00000000E+00  8.07790727E-01 -2.89408972E+00  4.14588579E-01  1.76626139E+01  1.00090870E+00  9.52097440E-01
 -1.95668358E-01  1.00000000E+00  8.08334886E-01 -2.91894130E+00  4.17893613E-01  1.79223792E+01  1.00151398E+00  9.66906583E-01
 -1.83439085E-01  1.00000000E+00  8.10473505E-01 -2.93570334E+00  4.21883001E-01  1.82247385E+01  9.98209148E-01  9.84373104E-01
 -1.71209813E-01  1.00000000E+00  8.12612125E-01 -2.95252805E+00  4.26260855E-01  1.85324410E+01  9.94894998E-01  1.00214548E+00
 -1.58980541E-01  1.00000000E+00  8.17858976E-01 -3.00793618E+00  4.31541899E-01  1.89751547E+01  1.00105362E+00  1.02709149E+00
 -1.46751268E-01  1.00000000E+00  8.23105826E-01 -3.06447090E+00  4.36428639E-01  1.94284700E+01  1.00732632E+00  1.05263678E+00
 -1.34521996E-01  1.00000000E+00  8.37297948E-01 -3.12168354E+00  4.42197355E-01  2.00003929E+01  1.01003568E+00  1.08516327E+00
 -1.22292724E-01  1.00000000E+00  8.51490070E-01 -3.18011726E+00  4.46369235E-01  2.05893411E+01  1.01281659E+00  1.11865855E+00
 -1.10063451E-01  1.00000000E+00  8.56910895E-01 -3.22283990E+00  4.51694392E-01  2.09220172E+01  1.01892898E+00  1.13731933E+00
 -9.78341789E-02  1.00000000E+00  8.62331719E-01 -3.26616702E+00  4.55272347E-01  2.12600755E+01  1.02510821E+00  1.15628384E+00
 -8.56049065E-02  1.00000000E+00  9.01089362E-01 -3.24017303E+00  4.58426000E-01  2.10747325E+01  1.02564362E+00  1.14566222E+00
 -7.33756342E-02  1.00000000E+00  9.39847006E-01 -3.21439225E+00  4.34097785E-01  2.08910031E+01  1.02623996E+00  1.13512932E+00
 -6.11463618E-02  1.00000000E+00  1.07819424E+00 -3.18134167E+00  3.47632436E-01  1.48285660E+01  1.26554454E+00  7.75029799E-01
 -4.89170895E-02  1.00000000E+00  1.21654147E+00 -3.10263115E+00  2.55234644E-01  1.07087745E+01  1.52730488E+00  5.24655408E-01
 -3.66878171E-02  1.00000000E+00  2.21314166E+00 -5.90145426E+00  2.16359917E-01  1.49328171E+01  2.82540831E+00  6.91851932E-01
 -2.44585447E-02  1.00000000E+00  3.20974186E+00 -1.03151665E+01  3.24338034E-01  2.18837949E+01  5.23042763E+00  9.51620988E-01
 -1.22292724E-02  1.00000000E+00  1.26701479E+00  2.59182493E+00  1.46241589E+00  1.08779101E+01  1.82149396E+00  5.17509491E-01
  0.00000000E+00  1.00000000E+00 -6.75712282E-01  4.36504701E+01  5.37211550E+00  5.39556751E+01  3.57079488E+01  1.04272721E+00
