# curve 5 (die wall), step =      600, time =   1.20000000E+02
# N1 = tau_xx - tau_yy = G ( c_xx - c_yy ),  G =  5.7143E-02  (polymer part only)
#              x               y        pressure            c_xy        gammadot            c_xx            c_yy              N1
 -3.00000000E+00  1.00000000E+00  2.91311495E+00 -2.80254813E+00  4.00143873E-01  1.67059092E+01  9.99951626E-01  8.97483291E-01
 -2.95108291E+00  1.00000000E+00  2.87374959E+00 -2.80323457E+00  4.00124950E-01  1.67105863E+01  1.00006431E+00  8.97744115E-01
 -2.90216582E+00  1.00000000E+00  2.83438423E+00 -2.80392118E+00  4.00133735E-01  1.67152647E+01  1.00017702E+00  8.98005012E-01
 -2.85324873E+00  1.00000000E+00  2.79495811E+00 -2.80198385E+00  4.00013756E-01  1.67043614E+01  9.99854105E-01  8.97400416E-01
 -2.80433164E+00  1.00000000E+00  2.75553198E+00 -2.80004780E+00  3.99962565E-01  1.66934652E+01  9.99531421E-01  8.96796213E-01
 -2.75541455E+00  1.00000000E+00  2.71648514E+00 -2.80039824E+00  4.00107660E-01  1.66917498E+01  9.99663243E-01  8.96690662E-01
 -2.70649746E+00  1.00000000E+00  2.67743829E+00 -2.80074862E+00  4.00115083E-01  1.66900348E+01  9.99795080E-01  8.96585127E-01
 -2.65758037E+00  1.00000000E+00  2.63828477E+00 -2.80175984E+00  4.00150461E-01  1.66955031E+01  9.99994284E-01  8.96886215E-01
 -2.60866328E+00  1.00000000E+00  2.59913124E+00 -2.80277140E+00  4.00090915E-01  1.67009731E+01  1.00019355E+00  8.97187403E-01
 -2.55974619E+00  1.00000000E+00  2.56019468E+00 -2.80311351E+00  4.00029201E-01  1.67056084E+01  1.00026720E+00  8.97448068E-01
 -2.51082911E+00  1.00000000E+00  2.52125812E+00 -2.80345562E+00  4.00074772E-01  1.67102450E+01  1.00034085E+00  8.97708809E-01
 -2.46191202E+00  1.00000000E+00  2.48176506E+00 -2.80164833E+00  4.00000804E-01  1.67023760E+01  9.99910947E-01  8.97283720E-01
 -2.41299493E+00  1.00000000E+00  2.44227199E+00 -2.79984202E+00  3.99997793E-01  1.66945109E+01  9.99481303E-01  8.96858834E-01
 -2.36407784E+00  1.00000000E+00  2.40338799E+00 -2.80139963E+00  4.00026323E-01  1.66964499E+01  1.00000628E+00  8.96939636E-01
 -2.31516075E+00  1.00000000E+00  2.36450399E+00 -2.80295764E+00  3.99965056E-01  1.66983896E+01  1.00053155E+00  8.97020462E-01
 -2.26624366E+00  1.00000000E+00  2.32534480E+00 -2.80251150E+00  3.99911785E-01  1.67047789E+01  1.00019493E+00  8.97404799E-01
 -2.21732657E+00  1.00000000E+00  2.28618562E+00 -2.80206501E+00  3.99935936E-01  1.67111713E+01  9.99858370E-01  8.97789309E-01
 -2.16840948E+00  1.00000000E+00  2.24682370E+00 -2.80187758E+00  3.99929409E-01  1.67055238E+01  9.99902705E-01  8.97464064E-01
 -2.11949239E+00  1.00000000E+00  2.20746178E+00 -2.80169008E+00  3.99911050E-01  1.66998785E+01  9.99947025E-01  8.97138939E-01
 -2.07057530E+00  1.00000000E+00  2.16873989E+00 -2.80373350E+00  3.99971304E-01  1.67135695E+01  1.00030276E+00  8.97900958E-01
 -2.02165821E+00  1.00000000E+00  2.13001800E+00 -2.80577845E+00  3.99929840E-01  1.67272718E+01  1.00065871E+00  8.98663606E-01
 -1.97274112E+00  1.00000000E+00  2.09043901E+00 -2.80286054E+00  3.99832964E-01  1.67169471E+01  9.99917080E-01  8.98116003E-01
 -1.92382403E+00  1.00000000E+00  2.05086002E+00 -2.79994493E+00  3.99851249E-01  1.67066293E+01  9.99176183E-01  8.97568750E-01
 -1.87490694E+00  1.00000000E+00  2.01181688E+00 -2.80133200E+00  3.99949114E-01  1.67010208E+01  9.99805729E-01  8.97212288E-01
 -1.82598985E+00  1.00000000E+00  1.97277375E+00 -2.80271850E+00  3.99939297E-01  1.66954157E+01  1.00043559E+00  8.96856005E-01
 -1.77707276E+00  1.00000000E+00  1.93380741E+00 -2.80451476E+00  3.99959707E-01  1.67081432E+01  1.00070430E+00  8.97567940E-01
 -1.72815567E+00  1.00000000E+00  1.89484107E+00 -2.80631224E+00  3.99842633E-01  1.67208805E+01  1.00097315E+00  8.98280421E-01
 -1.67923858E+00  1.00000000E+00  1.85566742E+00 -2.80561941E+00  3.99673521E-01  1.67184520E+01  1.00087009E+00  8.98147537E-01
 -1.63032150E+00  1.00000000E+00  1.81649377E+00 -2.80492668E+00  3.99679598E-01  1.67160238E+01  1.00076708E+00  8.98014672E-01
 -1.58140441E+00  1.00000000E+00  1.77734681E+00 -2.80394988E+00  3.99498271E-01  1.67019812E+01  1.00091723E+00  8.97203653E-01
 -1.53248732E+00  1.00000000E+00  1.73819985E+00 -2.80297348E+00  3.99412050E-01  1.66879507E+01  1.00106740E+00  8.96393332E-01
 -1.48357023E+00  1.00000000E+00  1.69894503E+00 -2.79917197E+00  3.99408014E-01  1.66791715E+01  9.99850903E-01  8.95961178E-01
 -1.43465314E+00  1.00000000E+00  1.65969022E+00 -2.79537377E+00  3.99561766E-01  1.66703987E+01  9.98636002E-01  8.95529295E-01
 -1.38573605E+00  1.00000000E+00  1.62051402E+00 -2.79579671E+00  3.99504951E-01  1.66576529E+01  9.99280586E-01  8.94764129E-01
 -1.33681896E+00  1.00000000E+00  1.58133781E+00 -2.79621898E+00  3.99361865E-01  1.66449185E+01  9.99925395E-01  8.93999606E-01
 -1.28790187E+00  1.00000000E+00  1.54207395E+00 -2.79543350E+00  3.99102524E-01  1.66297284E+01  1.00009633E+00  8.93121835E-01
 -1.23898478E+00  1.00000000E+00  1.50281008E+00 -2.79464806E+00  3.98844609E-01  1.66145530E+01  1.00026721E+00  8.92244904E-01
 -1.19006769E+00  1.00000000E+00  1.46419938E+00 -2.79551474E+00  3.98547959E-01  1.66085873E+01  1.00083205E+00  8.91871726E-01
 -1.14115060E+00  1.00000000E+00  1.42558869E+00 -2.79638112E+00  3.98165088E-01  1.66026246E+01  1.00139712E+00  8.91498712E-01
 -1.09223351E+00  1.00000000E+00  1.38626060E+00 -2.79132194E+00  3.97734691E-01  1.65701293E+01  1.00070139E+00  8.89681596E-01
 -1.04331642E+00  1.00000000E+00  1.34693251E+00 -2.78627210E+00  3.97384532E-01  1.65376976E+01  1.00000704E+00  8.87868033E-01
 -9.94399333E-01  1.00000000E+00  1.30834002E+00 -2.78521024E+00  3.96979984E-01  1.65018377E+01  1.00074409E+00  8.85776778E-01
 -9.45482243E-01  1.00000000E+00  1.26974752E+00 -2.78414667E+00  3.96449062E-01  1.64660619E+01  1.00148099E+00  8.83690335E-01
 -8.96565154E-01  1.00000000E+00  1.23144072E+00 -2.78109897E+00  3.95800688E-01  1.64333898E+01  1.00161628E+00  8.81815630E-01
 -8.47648064E-01  1.00000000E+00  1.19313391E+00 -2.77805542E+00  3.95112625E-01  1.64007838E+01  1.00175190E+00  8.79944680E-01
 -7.99501858E-01  1.00000000E+00  1.15620773E+00 -2.77363381E+00  3.94135804E-01  1.63445390E+01  1.00207271E+00  8.76712357E-01
 -7.51355652E-01  1.00000000E+00  1.11928155E+00 -2.76922024E+00  3.93426291E-01  1.62884928E+01  1.00239360E+00  8.73491385E-01
 -7.08111109E-01  1.00000000E+00  1.08659803E+00 -2.76079400E+00  3.92472432E-01  1.62179794E+01  1.00163608E+00  8.69505335E-01
 -6.64866566E-01  1.00000000E+00  1.05391451E+00 -2.75239646E+00  3.91943342E-01  1.61477734E+01  1.00088092E+00  8.65536713E-01
 -6.26599939E-01  1.00000000E+00  1.02602825E+00 -2.74893818E+00  3.91493964E-01  1.61015797E+01  1.00106536E+00  8.62886536E-01
 -5.88333313E-01  1.00000000E+00  9.98141983E-01 -2.74548421E+00  3.91065321E-01  1.60555228E+01  1.00124955E+00  8.60244187E-01
 -5.54471587E-01  1.00000000E+00  9.74557940E-01 -2.74151480E+00  3.90910691E-01  1.60367598E+01  1.00038432E+00  8.59221458E-01
 -5.20609860E-01  1.00000000E+00  9.50973897E-01 -2.73755051E+00  3.90762105E-01  1.60180191E+01  9.99520257E-01  8.58199933E-01
 -4.90645977E-01  1.00000000E+00  9.31358342E-01 -2.73873435E+00  3.90620453E-01  1.60026633E+01  1.00034478E+00  8.57275344E-01
 -4.60682095E-01  1.00000000E+00  9.11742787E-01 -2.73991589E+00  3.90733791E-01  1.59873264E+01  1.00116965E+00  8.56351815E-01
 -4.34167380E-01  1.00000000E+00  8.95682122E-01 -2.73723257E+00  3.91356445E-01  1.60127902E+01  9.99202480E-01  8.57919297E-01
 -4.07652666E-01  1.00000000E+00  8.79621456E-01 -2.73454390E+00  3.92058219E-01  1.60383084E+01  9.97237800E-01  8.59489746E-01
 -3.84190072E-01  1.00000000E+00  8.66733553E-01 -2.74178893E+00  3.92905911E-01  1.60881703E+01  9.98067420E-01  8.62291594E-01
 -3.60727478E-01  1.00000000E+00  8.53845650E-01 -2.74905429E+00  3.93931167E-01  1.61381873E+01  9.98899733E-01  8.65102147E-01
 -3.39965684E-01  1.00000000E+00  8.44135922E-01 -2.75516799E+00  3.95368940E-01  1.62269908E+01  9.97963965E-01  8.70230104E-01
 -3.19203889E-01  1.00000000E+00  8.34426194E-01 -2.76129675E+00  3.96933137E-01  1.63163017E+01  9.97028429E-01  8.75387045E-01
 -3.00831998E-01  1.00000000E+00  8.27610334E-01 -2.77726192E+00  3.98726407E-01  1.64541885E+01  9.98295801E-01  8.83193867E-01
 -2.82460107E-01  1.00000000E+00  8.20794475E-01 -2.79333133E+00  4.00537773E-01  1.65932499E+01  9.99571243E-01  8.91067354E-01
 -2.66203017E-01  1.00000000E+00  8.15918198E-01 -2.80039326E+00  4.02893610E-01  1.67547336E+01  9.96739127E-01  9.00456825E-01
 -2.49945927E-01  1.00000000E+00  8.11041921E-01 -2.80745329E+00  4.05654033E-01  1.69178879E+01  9.93905505E-01  9.09941849E-01
 -2.35560203E-01  1.00000000E+00  8.09144237E-01 -2.83827915E+00  4.08700152E-01  1.71605236E+01  9.97090655E-01  9.23624737E-01
 -2.21174479E-01  1.00000000E+00  8.07246553E-01 -2.86947631E+00  4.11505899E-01  1.74066503E+01  1.00031336E+00  9.37504966E-01
 -2.08421419E-01  1.00000000E+00  8.07790587E-01 -2.89408192E+00  4.14588409E-01  1.76625817E+01  1.00090726E+00  9.52095683E-01
 -1.95668358E-01  1.00000000E+00  8.08334620E-01 -2.91893145E+00  4.17893598E-01  1.79223371E+01  1.00151204E+00  9.66904290E-01
 -1.83439085E-01  1.00000000E+00  8.10472966E-01 -2.93569416E+00  4.21883147E-01  1.82246973E+01  9.98207265E-01  9.84370860E-01
 -1.71209813E-01  1.00000000E+00  8.12611312E-01 -2.95251955E+00  4.26261219E-01  1.85324008E+01  9.94893181E-01  1.00214329E+00
 -1.58980541E-01  1.00000000E+00  8.17858225E-01 -3.00793586E+00  4.31542498E-01  1.89751509E+01  1.00105349E+00  1.02709128E+00
 -1.46751268E-01  1.00000000E+00  8.23105138E-01 -3.06447909E+00  4.36429123E-01  1.94285043E+01  1.00732793E+00  1.05263865E+00
 -1.34521996E-01  1.00000000E+00  8.37297891E-01 -3.12169554E+00  4.42197542E-01  2.00004575E+01  1.01003801E+00  1.08516683E+00
 -1.22292724E-01  1.00000000E+00  8.51490643E-01 -3.18013323E+00  4.46369003E-01  2.05894380E+01  1.01281966E+00  1.11866390E+00
 -1.10063451E-01  1.00000000E+00  8.56911028E-01 -3.22284089E+00  4.51694014E-01  2.09220861E+01  1.01892838E+00  1.13732330E+00
 -9.78341789E-02  1.00000000E+00  8.62331412E-01 -3.26615266E+00  4.55272412E-01  2.12601156E+01  1.02510386E+00  1.15628639E+00
 -8.56049065E-02  1.00000000E+00  9.01087421E-01 -3.24016781E+00  4.58426244E-01  2.10747676E+01  1.02564214E+00  1.14566431E+00
 -7.33756342E-02  1.00000000E+00  9.39843430E-01 -3.21439609E+00  4.34097966E-01  2.08910333E+01  1.02624133E+00  1.13513097E+00
 -6.11463618E-02  1.00000000E+00  1.07819439E+00 -3.18140083E+00  3.47631846E-01  1.48287323E+01  1.26556382E+00  7.75038197E-01
 -4.89170895E-02  1.00000000E+00  1.21654535E+00 -3.10273416E+00  2.55232579E-01  1.07090105E+01  1.52734636E+00  5.24666523E-01
 -3.66878171E-02  1.00000000E+00  2.21314560E+00 -5.90155949E+00  2.16357905E-01  1.49330972E+01  2.82545173E+00  6.91865455E-01
 -2.44585447E-02  1.00000000E+00  3.20974584E+00 -1.03152432E+01  3.24335992E-01  2.18840721E+01  5.23044440E+00  9.51635870E-01
 -1.22292724E-02  1.00000000E+00  1.26701691E+00  2.59187425E+00  1.46241274E+00  1.08780411E+01  1.82151580E+00  5.17515731E-01
  0.00000000E+00  1.00000000E+00 -6.75712023E-01  4.36506465E+01  5.37210932E+00  5.39558772E+01  3.57081023E+01  1.04273000E+00
