# curve 5 (die wall), step =      200, time =   8.00000000E+01
# N1 = tau_xx - tau_yy = G ( c_xx - c_yy ),  G =  1.4286E-02  (polymer part only)
#              x               y        pressure            c_xy        gammadot            c_xx            c_yy              N1
 -3.00000000E+00  1.00000000E+00  2.55446804E+00 -1.76124284E+00  4.03087251E-01  8.19641987E+00  8.43724457E-01  1.05038506E-01
 -2.97524677E+00  1.00000000E+00  2.53526300E+00 -1.76116985E+00  4.03089640E-01  8.19602275E+00  8.43722626E-01  1.05032859E-01
 -2.95049355E+00  1.00000000E+00  2.51605795E+00 -1.76109686E+00  4.03091248E-01  8.19562565E+00  8.43720796E-01  1.05027212E-01
 -2.92574032E+00  1.00000000E+00  2.49685255E+00 -1.76118496E+00  4.03091702E-01  8.19620689E+00  8.43724787E-01  1.05035459E-01
 -2.90098710E+00  1.00000000E+00  2.47764714E+00 -1.76127306E+00  4.03090551E-01  8.19678817E+00  8.43728779E-01  1.05043706E-01
 -2.87623387E+00  1.00000000E+00  2.45844359E+00 -1.76147064E+00  4.03088997E-01  8.19836736E+00  8.43725576E-01  1.05066311E-01
 -2.85148064E+00  1.00000000E+00  2.43924005E+00 -1.76166825E+00  4.03086519E-01  8.19994686E+00  8.43722376E-01  1.05088921E-01
 -2.82672742E+00  1.00000000E+00  2.42003266E+00 -1.76141243E+00  4.03085956E-01  8.19840215E+00  8.43710558E-01  1.05067023E-01
 -2.80197419E+00  1.00000000E+00  2.40082526E+00 -1.76115665E+00  4.03086431E-01  8.19685773E+00  8.43698747E-01  1.05045128E-01
 -2.77722097E+00  1.00000000E+00  2.38161487E+00 -1.76115125E+00  4.03088138E-01  8.19635271E+00  8.43710035E-01  1.05037752E-01
 -2.75246774E+00  1.00000000E+00  2.36240448E+00 -1.76114585E+00  4.03090074E-01  8.19584772E+00  8.43721322E-01  1.05030377E-01
 -2.72771451E+00  1.00000000E+00  2.34320484E+00 -1.76119181E+00  4.03089676E-01  8.19620672E+00  8.43728522E-01  1.05035403E-01
 -2.70296129E+00  1.00000000E+00  2.32400521E+00 -1.76123777E+00  4.03086358E-01  8.19656573E+00  8.43735722E-01  1.05040429E-01
 -2.67820806E+00  1.00000000E+00  2.30479670E+00 -1.76120734E+00  4.03085464E-01  8.19632716E+00  8.43726270E-01  1.05037156E-01
 -2.65345484E+00  1.00000000E+00  2.28558820E+00 -1.76117690E+00  4.03087005E-01  8.19608861E+00  8.43716817E-01  1.05033883E-01
 -2.62870161E+00  1.00000000E+00  2.26638426E+00 -1.76117883E+00  4.03088854E-01  8.19590102E+00  8.43724827E-01  1.05031089E-01
 -2.60394839E+00  1.00000000E+00  2.24718033E+00 -1.76118075E+00  4.03090090E-01  8.19571345E+00  8.43732837E-01  1.05028294E-01
 -2.57919516E+00  1.00000000E+00  2.22797586E+00 -1.76117477E+00  4.03090274E-01  8.19594493E+00  8.43728582E-01  1.05031662E-01
 -2.55444193E+00  1.00000000E+00  2.20877138E+00 -1.76116879E+00  4.03088336E-01  8.19617643E+00  8.43724327E-01  1.05035030E-01
 -2.52968871E+00  1.00000000E+00  2.18956523E+00 -1.76133769E+00  4.03086187E-01  8.19737994E+00  8.43731975E-01  1.05052114E-01
 -2.50493548E+00  1.00000000E+00  2.17035907E+00 -1.76150660E+00  4.03082248E-01  8.19858364E+00  8.43739624E-01  1.05069200E-01
 -2.48018226E+00  1.00000000E+00  2.15115052E+00 -1.76129549E+00  4.03082776E-01  8.19722877E+00  8.43724513E-01  1.05050061E-01
 -2.45542903E+00  1.00000000E+00  2.13194197E+00 -1.76108440E+00  4.03085327E-01  8.19587413E+00  8.43709405E-01  1.05030925E-01
 -2.43067580E+00  1.00000000E+00  2.11273674E+00 -1.76108401E+00  4.03088236E-01  8.19559138E+00  8.43716597E-01  1.05026783E-01
 -2.40592258E+00  1.00000000E+00  2.09353152E+00 -1.76108362E+00  4.03091025E-01  8.19530864E+00  8.43723789E-01  1.05022641E-01
 -2.38116935E+00  1.00000000E+00  2.07432930E+00 -1.76109886E+00  4.03090167E-01  8.19553487E+00  8.43727904E-01  1.05025814E-01
 -2.35641613E+00  1.00000000E+00  2.05512708E+00 -1.76111411E+00  4.03086387E-01  8.19576112E+00  8.43732020E-01  1.05028987E-01
 -2.33166290E+00  1.00000000E+00  2.03592041E+00 -1.76115242E+00  4.03084966E-01  8.19602729E+00  8.43728467E-01  1.05032840E-01
 -2.30690967E+00  1.00000000E+00  2.01671373E+00 -1.76119073E+00  4.03084426E-01  8.19629348E+00  8.43724914E-01  1.05036694E-01
 -2.28215645E+00  1.00000000E+00  1.99750676E+00 -1.76117599E+00  4.03084827E-01  8.19609267E+00  8.43721759E-01  1.05033870E-01
 -2.25740322E+00  1.00000000E+00  1.97829980E+00 -1.76116124E+00  4.03086354E-01  8.19589186E+00  8.43718603E-01  1.05031047E-01
 -2.23265000E+00  1.00000000E+00  1.95909639E+00 -1.76131755E+00  4.03085399E-01  8.19702596E+00  8.43730898E-01  1.05047072E-01
 -2.20789677E+00  1.00000000E+00  1.93989299E+00 -1.76147389E+00  4.03080607E-01  8.19816022E+00  8.43743195E-01  1.05063100E-01
 -2.18314354E+00  1.00000000E+00  1.92068414E+00 -1.76127902E+00  4.03078938E-01  8.19682042E+00  8.43735699E-01  1.05044067E-01
 -2.15839032E+00  1.00000000E+00  1.90147529E+00 -1.76108417E+00  4.03078783E-01  8.19548084E+00  8.43728206E-01  1.05025038E-01
 -2.13363709E+00  1.00000000E+00  1.88227366E+00 -1.76108315E+00  4.03079031E-01  8.19534788E+00  8.43729590E-01  1.05023118E-01
 -2.10888387E+00  1.00000000E+00  1.86307203E+00 -1.76108213E+00  4.03079782E-01  8.19521491E+00  8.43730974E-01  1.05021199E-01
 -2.08413064E+00  1.00000000E+00  1.84386340E+00 -1.76107739E+00  4.03080271E-01  8.19506437E+00  8.43734220E-01  1.05019002E-01
 -2.05937741E+00  1.00000000E+00  1.82465477E+00 -1.76107266E+00  4.03079450E-01  8.19491384E+00  8.43737465E-01  1.05016805E-01
 -2.03462419E+00  1.00000000E+00  1.80545305E+00 -1.76107949E+00  4.03076588E-01  8.19522766E+00  8.43731990E-01  1.05021367E-01
 -2.00987096E+00  1.00000000E+00  1.78625133E+00 -1.76108632E+00  4.03072927E-01  8.19554150E+00  8.43726514E-01  1.05025928E-01
 -1.98511774E+00  1.00000000E+00  1.76704265E+00 -1.76108603E+00  4.03071139E-01  8.19537812E+00  8.43729451E-01  1.05023552E-01
 -1.96036451E+00  1.00000000E+00  1.74783397E+00 -1.76108573E+00  4.03069818E-01  8.19521474E+00  8.43732389E-01  1.05021177E-01
 -1.93561128E+00  1.00000000E+00  1.72863565E+00 -1.76122050E+00  4.03066022E-01  8.19619977E+00  8.43742888E-01  1.05035098E-01
 -1.91085806E+00  1.00000000E+00  1.70943734E+00 -1.76135528E+00  4.03060373E-01  8.19718491E+00  8.43753387E-01  1.05049022E-01
 -1.88610483E+00  1.00000000E+00  1.69022533E+00 -1.76125957E+00  4.03057099E-01  8.19662805E+00  8.43733461E-01  1.05041351E-01
 -1.86135161E+00  1.00000000E+00  1.67101332E+00 -1.76116386E+00  4.03055882E-01  8.19607123E+00  8.43713536E-01  1.05033681E-01
 -1.83659838E+00  1.00000000E+00  1.65181328E+00 -1.76112425E+00  4.03055174E-01  8.19555468E+00  8.43734351E-01  1.05026005E-01
 -1.81184516E+00  1.00000000E+00  1.63261324E+00 -1.76108465E+00  4.03052456E-01  8.19503815E+00  8.43755166E-01  1.05018328E-01
 -1.78709193E+00  1.00000000E+00  1.61341615E+00 -1.76128909E+00  4.03043515E-01  8.19680373E+00  8.43752452E-01  1.05043590E-01
 -1.76233870E+00  1.00000000E+00  1.59421905E+00 -1.76149356E+00  4.03031408E-01  8.19856969E+00  8.43749741E-01  1.05068856E-01
 -1.73758548E+00  1.00000000E+00  1.57500851E+00 -1.76138653E+00  4.03027296E-01  8.19774187E+00  8.43745370E-01  1.05057093E-01
 -1.71283225E+00  1.00000000E+00  1.55579796E+00 -1.76127950E+00  4.03023312E-01  8.19691413E+00  8.43740999E-01  1.05045330E-01
 -1.68807903E+00  1.00000000E+00  1.53659667E+00 -1.76124922E+00  4.03017750E-01  8.19632099E+00  8.43752539E-01  1.05036692E-01
 -1.66332580E+00  1.00000000E+00  1.51739539E+00 -1.76121893E+00  4.03011767E-01  8.19572789E+00  8.43764079E-01  1.05028054E-01
 -1.63857257E+00  1.00000000E+00  1.49820332E+00 -1.76120119E+00  4.03004806E-01  8.19580323E+00  8.43763099E-01  1.05029145E-01
 -1.61381935E+00  1.00000000E+00  1.47901126E+00 -1.76118344E+00  4.02995375E-01  8.19587857E+00  8.43762118E-01  1.05030235E-01
 -1.58906612E+00  1.00000000E+00  1.45980605E+00 -1.76107295E+00  4.02985824E-01  8.19486556E+00  8.43763168E-01  1.05015748E-01
 -1.56431290E+00  1.00000000E+00  1.44060083E+00 -1.76096248E+00  4.02977677E-01  8.19385268E+00  8.43764218E-01  1.05001264E-01
 -1.53955967E+00  1.00000000E+00  1.42141550E+00 -1.76089910E+00  4.02968175E-01  8.19325837E+00  8.43773847E-01  1.04992636E-01
 -1.51480644E+00  1.00000000E+00  1.40223017E+00 -1.76083573E+00  4.02958319E-01  8.19266410E+00  8.43783478E-01  1.04984009E-01
 -1.49005322E+00  1.00000000E+00  1.38304065E+00 -1.76086144E+00  4.02945110E-01  8.19298790E+00  8.43789912E-01  1.04988543E-01
 -1.46529999E+00  1.00000000E+00  1.36385112E+00 -1.76088715E+00  4.02927689E-01  8.19331171E+00  8.43796345E-01  1.04993077E-01
 -1.44054677E+00  1.00000000E+00  1.34466519E+00 -1.76109882E+00  4.02910011E-01  8.19486232E+00  8.43808582E-01  1.05015053E-01
 -1.41579354E+00  1.00000000E+00  1.32547927E+00 -1.76131052E+00  4.02887463E-01  8.19641324E+00  8.43820821E-01  1.05037035E-01
 -1.39104031E+00  1.00000000E+00  1.30629891E+00 -1.76098300E+00  4.02869745E-01  8.19421100E+00  8.43811246E-01  1.05005711E-01
 -1.36628709E+00  1.00000000E+00  1.28711854E+00 -1.76065555E+00  4.02855285E-01  8.19200935E+00  8.43801682E-01  1.04974395E-01
 -1.34153386E+00  1.00000000E+00  1.26794669E+00 -1.76063022E+00  4.02838432E-01  8.19122341E+00  8.43820380E-01  1.04962900E-01
 -1.31678064E+00  1.00000000E+00  1.24877484E+00 -1.76060488E+00  4.02820273E-01  8.19043756E+00  8.43839078E-01  1.04951407E-01
 -1.29202741E+00  1.00000000E+00  1.22962058E+00 -1.76064579E+00  4.02799244E-01  8.19067370E+00  8.43847898E-01  1.04954654E-01
 -1.26727418E+00  1.00000000E+00  1.21046632E+00 -1.76068670E+00  4.02775774E-01  8.19090985E+00  8.43856718E-01  1.04957902E-01
 -1.24252096E+00  1.00000000E+00  1.19132030E+00 -1.76077629E+00  4.02753662E-01  8.19122520E+00  8.43880353E-01  1.04962069E-01
 -1.21776773E+00  1.00000000E+00  1.17217428E+00 -1.76086587E+00  4.02724264E-01  8.19154057E+00  8.43903990E-01  1.04966237E-01
 -1.19301451E+00  1.00000000E+00  1.15303644E+00 -1.76058014E+00  4.02699008E-01  8.18971046E+00  8.43896185E-01  1.04940204E-01
 -1.16826128E+00  1.00000000E+00  1.13389860E+00 -1.76029447E+00  4.02678938E-01  8.18788077E+00  8.43888389E-01  1.04914177E-01
 -1.14350806E+00  1.00000000E+00  1.11478925E+00 -1.76035382E+00  4.02654707E-01  8.18778139E+00  8.43910295E-01  1.04912444E-01
 -1.11875483E+00  1.00000000E+00  1.09567990E+00 -1.76041317E+00  4.02629167E-01  8.18768203E+00  8.43932202E-01  1.04910712E-01
 -1.09400160E+00  1.00000000E+00  1.07659130E+00 -1.76031328E+00  4.02610754E-01  8.18688303E+00  8.43931952E-01  1.04899301E-01
 -1.06924838E+00  1.00000000E+00  1.05750271E+00 -1.76021340E+00  4.02592068E-01  8.18608412E+00  8.43931702E-01  1.04887892E-01
 -1.04449515E+00  1.00000000E+00  1.03844483E+00 -1.76014096E+00  4.02571578E-01  8.18536694E+00  8.43946999E-01  1.04877428E-01
 -1.01974193E+00  1.00000000E+00  1.01938696E+00 -1.76006853E+00  4.02550121E-01  8.18464982E+00  8.43962297E-01  1.04866965E-01
 -9.94988700E-01  1.00000000E+00  1.00036581E+00 -1.76008939E+00  4.02538403E-01  8.18478654E+00  8.43971803E-01  1.04868782E-01
 -9.70235474E-01  1.00000000E+00  9.81344658E-01 -1.76011026E+00  4.02531580E-01  8.18492326E+00  8.43981310E-01  1.04870599E-01
 -9.45482248E-01  1.00000000E+00  9.62360414E-01 -1.76001417E+00  4.02535570E-01  8.18460008E+00  8.43947672E-01  1.04866463E-01
 -9.20729022E-01  1.00000000E+00  9.43376171E-01 -1.75991809E+00  4.02544904E-01  8.18427691E+00  8.43914037E-01  1.04862327E-01
 -8.95975796E-01  1.00000000E+00  9.24454900E-01 -1.75991454E+00  4.02563687E-01  8.18426074E+00  8.43920931E-01  1.04861997E-01
 -8.71222570E-01  1.00000000E+00  9.05533629E-01 -1.75991099E+00  4.02587210E-01  8.18424457E+00  8.43927826E-01  1.04861668E-01
 -8.46469344E-01  1.00000000E+00  8.86670385E-01 -1.76023513E+00  4.02642469E-01  8.18643368E+00  8.43941457E-01  1.04892746E-01
 -8.21716118E-01  1.00000000E+00  8.67807141E-01 -1.76055935E+00  4.02696883E-01  8.18862338E+00  8.43955097E-01  1.04923833E-01
 -7.97201467E-01  1.00000000E+00  8.49213384E-01 -1.76081232E+00  4.02801629E-01  8.19071242E+00  8.43921471E-01  1.04954156E-01
 -7.72686817E-01  1.00000000E+00  8.30619627E-01 -1.76106533E+00  4.02908849E-01  8.19280200E+00  8.43887855E-01  1.04984488E-01
 -7.49503432E-01  1.00000000E+00  8.13118275E-01 -1.76112407E+00  4.03053155E-01  8.19560105E+00  8.43727944E-01  1.05026759E-01
 -7.26320047E-01  1.00000000E+00  7.95616922E-01 -1.76118280E+00  4.03219122E-01  8.19840117E+00  8.43568053E-01  1.05069045E-01
 -7.04527831E-01  1.00000000E+00  7.79258219E-01 -1.76195556E+00  4.03422669E-01  8.20298074E+00  8.43627808E-01  1.05133613E-01
 -6.82735615E-01  1.00000000E+00  7.62899516E-01 -1.76272870E+00  4.03643428E-01  8.20756287E+00  8.43687626E-01  1.05198218E-01
 -6.62251087E-01  1.00000000E+00  7.47622769E-01 -1.76289148E+00  4.03929912E-01  8.21310140E+00  8.43383770E-01  1.05281680E-01
 -6.41766559E-01  1.00000000E+00  7.32346022E-01 -1.76305428E+00  4.04245020E-01  8.21864406E+00  8.43079993E-01  1.05365201E-01
 -6.22511254E-01  1.00000000E+00  7.18079617E-01 -1.76360443E+00  4.04591786E-01  8.22560544E+00  8.42878581E-01  1.05467527E-01
 -6.03255949E-01  1.00000000E+00  7.03813213E-01 -1.76415485E+00  4.04974576E-01  8.23257301E+00  8.42677231E-01  1.05569940E-01
 -5.85156097E-01  1.00000000E+00  6.90510829E-01 -1.76552420E+00  4.05416368E-01  8.24244770E+00  8.42659508E-01  1.05711260E-01
 -5.67056245E-01  1.00000000E+00  6.77208445E-01 -1.76689486E+00  4.05887315E-01  8.25233436E+00  8.42641980E-01  1.05852748E-01
 -5.50042515E-01  1.00000000E+00  6.64803102E-01 -1.76773620E+00  4.06448748E-01  8.26404681E+00  8.42251481E-01  1.06025648E-01
 -5.33028786E-01  1.00000000E+00  6.52397760E-01 -1.76857820E+00  4.07033971E-01  8.27577683E+00  8.41861183E-01  1.06198795E-01
 -5.17036006E-01  1.00000000E+00  6.40866915E-01 -1.77019088E+00  4.07686130E-01  8.29041631E+00  8.41655131E-01  1.06410874E-01
 -5.01043227E-01  1.00000000E+00  6.29336070E-01 -1.77180561E+00  4.08381604E-01  8.30508235E+00  8.41449371E-01  1.06623328E-01
 -4.86010125E-01  1.00000000E+00  6.18600090E-01 -1.77352423E+00  4.09147310E-01  8.32156078E+00  8.41158722E-01  1.06862887E-01
 -4.70977023E-01  1.00000000E+00  6.07864111E-01 -1.77524526E+00  4.09978079E-01  8.33807288E+00  8.40868455E-01  1.07102920E-01
 -4.56846016E-01  1.00000000E+00  5.97868491E-01 -1.77731086E+00  4.10865725E-01  8.35826354E+00  8.40518444E-01  1.07396358E-01
 -4.42715008E-01  1.00000000E+00  5.87872872E-01 -1.77937992E+00  4.11822330E-01  8.37850460E+00  8.40168945E-01  1.07690509E-01
 -4.29431964E-01  1.00000000E+00  5.78641173E-01 -1.78146789E+00  4.12886655E-01  8.40007879E+00  8.39683251E-01  1.08005651E-01
 -4.16148920E-01  1.00000000E+00  5.69409473E-01 -1.78355959E+00  4.14014459E-01  8.42171041E+00  8.39198278E-01  1.08321602E-01
 -4.03662954E-01  1.00000000E+00  5.60829024E-01 -1.78591510E+00  4.15144006E-01  8.44715732E+00  8.38684950E-01  1.08692462E-01
 -3.91176988E-01  1.00000000E+00  5.52248575E-01 -1.78827517E+00  4.16393487E-01  8.47268406E+00  8.38172291E-01  1.09064454E-01
 -3.79440270E-01  1.00000000E+00  5.44256444E-01 -1.79154923E+00  4.17742608E-01  8.50211570E+00  8.37781885E-01  1.09490483E-01
 -3.67703552E-01  1.00000000E+00  5.36264312E-01 -1.79483158E+00  4.19160714E-01  8.53165201E+00  8.37392686E-01  1.09917990E-01
 -3.56671122E-01  1.00000000E+00  5.28977681E-01 -1.79795216E+00  4.20669261E-01  8.56367008E+00  8.36753957E-01  1.10384516E-01
 -3.45638692E-01  1.00000000E+00  5.21691051E-01 -1.80108077E+00  4.22231355E-01  8.59581228E+00  8.36116590E-01  1.10852796E-01
 -3.35268287E-01  1.00000000E+00  5.14882764E-01 -1.80477364E+00  4.23826101E-01  8.63171799E+00  8.35579610E-01  1.11373405E-01
 -3.24897882E-01  1.00000000E+00  5.08074477E-01 -1.80847714E+00  4.25563612E-01  8.66777807E+00  8.35044051E-01  1.11896200E-01
 -3.15149775E-01  1.00000000E+00  5.01874517E-01 -1.81200287E+00  4.27414560E-01  8.70455927E+00  8.34323730E-01  1.12431936E-01
 -3.05401669E-01  1.00000000E+00  4.95674558E-01 -1.81553874E+00  4.29320424E-01  8.74150178E+00  8.33605076E-01  1.12969953E-01
 -2.96238520E-01  1.00000000E+00  4.89889768E-01 -1.81929654E+00  4.31262162E-01  8.78611997E+00  8.32562073E-01  1.13622256E-01
 -2.87075371E-01  1.00000000E+00  4.84104979E-01 -1.82306612E+00  4.33437999E-01  8.83097565E+00  8.31521168E-01  1.14277921E-01
 -2.78462077E-01  1.00000000E+00  4.78881523E-01 -1.82754974E+00  4.35660244E-01  8.87652782E+00  8.30684954E-01  1.14940612E-01
 -2.69848783E-01  1.00000000E+00  4.73658067E-01 -1.83204947E+00  4.37983297E-01  8.92232210E+00  8.29851418E-01  1.15606724E-01
 -2.61752348E-01  1.00000000E+00  4.68877534E-01 -1.83762897E+00  4.40339207E-01  8.97455283E+00  8.29217904E-01  1.16361928E-01
 -2.53655913E-01  1.00000000E+00  4.64097002E-01 -1.84323176E+00  4.42821843E-01  9.02709685E+00  8.28587453E-01  1.17121563E-01
 -2.46045323E-01  1.00000000E+00  4.59767280E-01 -1.84748955E+00  4.45416439E-01  9.08037049E+00  8.27304551E-01  1.17900942E-01
 -2.38434732E-01  1.00000000E+00  4.55437558E-01 -1.85176231E+00  4.48091329E-01  9.13397261E+00  8.26024501E-01  1.18684973E-01
 -2.31280830E-01  1.00000000E+00  4.51479376E-01 -1.85659997E+00  4.50863326E-01  9.19080461E+00  8.24857768E-01  1.19513526E-01
 -2.24126928E-01  1.00000000E+00  4.47521194E-01 -1.86145619E+00  4.53742525E-01  9.24800427E+00  8.23693942E-01  1.20347290E-01
 -2.17402314E-01  1.00000000E+00  4.43942710E-01 -1.86885771E+00  4.56728691E-01  9.31364619E+00  8.23090289E-01  1.21293656E-01
 -2.10677699E-01  1.00000000E+00  4.40364226E-01 -1.87629846E+00  4.59805803E-01  9.37976289E+00  8.22491981E-01  1.22246727E-01
 -2.04351753E-01  1.00000000E+00  4.37204973E-01 -1.88212505E+00  4.63044255E-01  9.44792651E+00  8.21113055E-01  1.23240192E-01
 -1.98025807E-01  1.00000000E+00  4.34045720E-01 -1.88797841E+00  4.66349940E-01  9.51660424E+00  8.19738543E-01  1.24240938E-01
 -1.91837501E-01  1.00000000E+00  4.31114501E-01 -1.89532681E+00  4.69960125E-01  9.59065570E+00  8.18718021E-01  1.25313395E-01
 -1.85649194E-01  1.00000000E+00  4.28183281E-01 -1.90271513E+00  4.73669352E-01  9.66529872E+00  8.17703024E-01  1.26394224E-01
 -1.79460888E-01  1.00000000E+00  4.25489652E-01 -1.90732958E+00  4.77785314E-01  9.74692042E+00  8.15185658E-01  1.27596211E-01
 -1.73272582E-01  1.00000000E+00  4.22796024E-01 -1.91196017E+00  4.82040465E-01  9.82927528E+00  8.12674501E-01  1.28808583E-01
 -1.67084275E-01  1.00000000E+00  4.20276820E-01 -1.92295710E+00  4.86725139E-01  9.92988305E+00  8.11861095E-01  1.30257457E-01
 -1.60895969E-01  1.00000000E+00  4.17757617E-01 -1.93403754E+00  4.91580258E-01  1.00315396E+01  8.11058365E-01  1.31721161E-01
 -1.54707662E-01  1.00000000E+00  4.15542347E-01 -1.94158978E+00  4.97094188E-01  1.01416782E+01  8.08383924E-01  1.33332776E-01
 -1.48519356E-01  1.00000000E+00  4.13327078E-01 -1.94918580E+00  5.02781163E-01  1.02530854E+01  8.05719091E-01  1.34962376E-01
 -1.42331049E-01  1.00000000E+00  4.11655603E-01 -1.96078320E+00  5.09252644E-01  1.03796153E+01  8.03769703E-01  1.36797795E-01
 -1.36142743E-01  1.00000000E+00  4.09984128E-01 -1.97247913E+00  5.16088274E-01  1.05077501E+01  8.01835602E-01  1.38655922E-01
 -1.29954436E-01  1.00000000E+00  4.08719152E-01 -1.98365633E+00  5.23426864E-01  1.06592693E+01  7.98958512E-01  1.40861582E-01
 -1.23766130E-01  1.00000000E+00  4.07454177E-01 -1.99492231E+00  5.31325624E-01  1.08130649E+01  7.96094613E-01  1.43099576E-01
 -1.17577823E-01  1.00000000E+00  4.06509323E-01 -2.01027933E+00  5.40446983E-01  1.09979825E+01  7.93214736E-01  1.45782397E-01
 -1.11389517E-01  1.00000000E+00  4.05564469E-01 -2.02580348E+00  5.50045609E-01  1.11861636E+01  7.90358583E-01  1.48511500E-01
 -1.05201210E-01  1.00000000E+00  4.05776706E-01 -2.04275165E+00  5.61267088E-01  1.14066654E+01  7.86509546E-01  1.51716513E-01
 -9.90129037E-02  1.00000000E+00  4.05988943E-01 -2.05990451E+00  5.73035604E-01  1.16316660E+01  7.82694073E-01  1.54985314E-01
 -9.28245972E-02  1.00000000E+00  4.07399352E-01 -2.07216079E+00  5.86865310E-01  1.18887653E+01  7.76028141E-01  1.58753387E-01
 -8.66362908E-02  1.00000000E+00  4.08809761E-01 -2.08449763E+00  6.01419136E-01  1.21518947E+01  7.69401002E-01  1.62607053E-01
 -8.04479843E-02  1.00000000E+00  4.11293792E-01 -2.11339968E+00  6.19238540E-01  1.24912670E+01  7.65593854E-01  1.67509617E-01
 -7.42596778E-02  1.00000000E+00  4.13777823E-01 -2.14284825E+00  6.38454587E-01  1.28403426E+01  7.61857149E-01  1.72549793E-01
 -6.80713713E-02  1.00000000E+00  4.19271623E-01 -2.14898135E+00  6.61547002E-01  1.32510926E+01  7.48282543E-01  1.78611572E-01
 -6.18830648E-02  1.00000000E+00  4.24765423E-01 -2.15483918E+00  6.87411806E-01  1.36762278E+01  7.34829760E-01  1.84877114E-01
 -5.56947583E-02  1.00000000E+00  4.31560112E-01 -2.23421526E+00  7.19613386E-01  1.43274805E+01  7.36518642E-01  1.94156598E-01
 -4.95064519E-02  1.00000000E+00  4.38354801E-01 -2.31690970E+00  7.56285646E-01  1.50097903E+01  7.38690424E-01  2.03872855E-01
 -4.33181454E-02  1.00000000E+00  4.76928714E-01 -2.32647481E+00  8.02936013E-01  1.60007815E+01  7.10022946E-01  2.18439408E-01
 -3.71298389E-02  1.00000000E+00  5.15502626E-01 -2.33427925E+00  8.62694744E-01  1.70633369E+01  6.81893469E-01  2.34020620E-01
 -3.09415324E-02  1.00000000E+00  4.49585384E-01 -1.96368976E+00  9.52489071E-01  1.64281949E+01  6.11519557E-01  2.25952506E-01
 -2.47532259E-02  1.00000000E+00  3.83668142E-01 -1.61060755E+00  1.03125529E+00  1.58466293E+01  5.54547611E-01  2.18458310E-01
 -1.85649194E-02  1.00000000E+00  9.36302790E-01 -3.54441660E+00  1.17768237E+00  2.50446577E+01  7.97540541E-01  3.46387388E-01
 -1.23766130E-02  1.00000000E+00  1.48893744E+00 -6.80440434E+00  1.54601743E+00  3.99904773E+01  1.37953110E+00  5.51584945E-01
 -6.18830648E-03  1.00000000E+00 -1.85032903E-01  3.52346304E+00  2.49002404E+00  3.10199065E+01  6.89637054E-01  4.33289564E-01
  0.00000000E+00  1.00000000E+00 -1.85900324E+00  1.77414213E+01  4.70150682E+00  4.56062002E+01  7.10093280E+00  5.50075248E-01
