# curve 5 (die wall), step =      800, time =   3.20000000E+02
# N1 = tau_xx - tau_yy = G ( c_xx - c_yy ),  G =  1.0000E-01  (polymer part only)
#              x               y        pressure            c_xy        gammadot            c_xx            c_yy              N1
 -3.00000000E+00  1.00000000E+00  1.66448267E+00 -1.05762308E+00  4.50179247E-01  4.22071718E+00  6.21520277E-01  3.59919691E-01
 -2.97524677E+00  1.00000000E+00  1.65256529E+00 -1.05757653E+00  4.50194672E-01  4.22046695E+00  6.21528798E-01  3.59893815E-01
 -2.95049355E+00  1.00000000E+00  1.64064791E+00 -1.05752997E+00  4.50204984E-01  4.22021673E+00  6.21537319E-01  3.59867941E-01
 -2.92574032E+00  1.00000000E+00  1.62873695E+00 -1.05759921E+00  4.50200518E-01  4.22043811E+00  6.21547637E-01  3.59889047E-01
 -2.90098710E+00  1.00000000E+00  1.61682600E+00 -1.05766845E+00  4.50181236E-01  4.22065950E+00  6.21557955E-01  3.59910155E-01
 -2.87623387E+00  1.00000000E+00  1.60489155E+00 -1.05773446E+00  4.50164422E-01  4.22136587E+00  6.21509472E-01  3.59985640E-01
 -2.85148064E+00  1.00000000E+00  1.59295710E+00 -1.05780049E+00  4.50138371E-01  4.22207237E+00  6.21460996E-01  3.60061137E-01
 -2.82672742E+00  1.00000000E+00  1.58103151E+00 -1.05761865E+00  4.50165154E-01  4.22130748E+00  6.21460527E-01  3.59984695E-01
 -2.80197419E+00  1.00000000E+00  1.56910593E+00 -1.05743684E+00  4.50182598E-01  4.22054273E+00  6.21460069E-01  3.59908266E-01
 -2.77722097E+00  1.00000000E+00  1.55717831E+00 -1.05754016E+00  4.50196345E-01  4.22055625E+00  6.21502357E-01  3.59905390E-01
 -2.75246774E+00  1.00000000E+00  1.54525070E+00 -1.05764349E+00  4.50204102E-01  4.22056979E+00  6.21544651E-01  3.59902514E-01
 -2.72771451E+00  1.00000000E+00  1.53334734E+00 -1.05763447E+00  4.50196163E-01  4.22053546E+00  6.21551379E-01  3.59898408E-01
 -2.70296129E+00  1.00000000E+00  1.52144397E+00 -1.05762545E+00  4.50176397E-01  4.22050113E+00  6.21558109E-01  3.59894303E-01
 -2.67820806E+00  1.00000000E+00  1.50951406E+00 -1.05760201E+00  4.50170395E-01  4.22051762E+00  6.21538570E-01  3.59897905E-01
 -2.65345484E+00  1.00000000E+00  1.49758415E+00 -1.05757858E+00  4.50175285E-01  4.22053411E+00  6.21519032E-01  3.59901508E-01
 -2.62870161E+00  1.00000000E+00  1.48566104E+00 -1.05761077E+00  4.50181570E-01  4.22049752E+00  6.21538003E-01  3.59895952E-01
 -2.60394839E+00  1.00000000E+00  1.47373792E+00 -1.05764297E+00  4.50185412E-01  4.22046093E+00  6.21556975E-01  3.59890396E-01
 -2.57919516E+00  1.00000000E+00  1.46182847E+00 -1.05761153E+00  4.50185121E-01  4.22038763E+00  6.21555724E-01  3.59883191E-01
 -2.55444193E+00  1.00000000E+00  1.44991902E+00 -1.05758008E+00  4.50176333E-01  4.22031433E+00  6.21554474E-01  3.59875986E-01
 -2.52968871E+00  1.00000000E+00  1.43798621E+00 -1.05766356E+00  4.50163281E-01  4.22079278E+00  6.21542344E-01  3.59925044E-01
 -2.50493548E+00  1.00000000E+00  1.42605339E+00 -1.05774704E+00  4.50139709E-01  4.22127129E+00  6.21530218E-01  3.59974108E-01
 -2.48018226E+00  1.00000000E+00  1.41412096E+00 -1.05760480E+00  4.50167433E-01  4.22076585E+00  6.21514938E-01  3.59925091E-01
 -2.45542903E+00  1.00000000E+00  1.40218852E+00 -1.05746258E+00  4.50191166E-01  4.22026047E+00  6.21499664E-01  3.59876080E-01
 -2.43067580E+00  1.00000000E+00  1.39027419E+00 -1.05752383E+00  4.50205409E-01  4.22027167E+00  6.21525174E-01  3.59874650E-01
 -2.40592258E+00  1.00000000E+00  1.37835986E+00 -1.05758508E+00  4.50215504E-01  4.22028288E+00  6.21550684E-01  3.59873219E-01
 -2.38116935E+00  1.00000000E+00  1.36644742E+00 -1.05756001E+00  4.50208185E-01  4.22018280E+00  6.21556363E-01  3.59862644E-01
 -2.35641613E+00  1.00000000E+00  1.35453499E+00 -1.05753493E+00  4.50187584E-01  4.22008273E+00  6.21562042E-01  3.59852069E-01
 -2.33166290E+00  1.00000000E+00  1.34260505E+00 -1.05755858E+00  4.50180461E-01  4.22026799E+00  6.21549652E-01  3.59871834E-01
 -2.30690967E+00  1.00000000E+00  1.33067511E+00 -1.05758223E+00  4.50174188E-01  4.22045326E+00  6.21537263E-01  3.59891600E-01
 -2.28215645E+00  1.00000000E+00  1.31875457E+00 -1.05759855E+00  4.50175246E-01  4.22049485E+00  6.21535987E-01  3.59895886E-01
 -2.25740322E+00  1.00000000E+00  1.30683402E+00 -1.05761488E+00  4.50182658E-01  4.22053643E+00  6.21534711E-01  3.59900172E-01
 -2.23265000E+00  1.00000000E+00  1.29490505E+00 -1.05768651E+00  4.50173789E-01  4.22087852E+00  6.21537393E-01  3.59934113E-01
 -2.20789677E+00  1.00000000E+00  1.28297609E+00 -1.05775814E+00  4.50145666E-01  4.22122063E+00  6.21540076E-01  3.59968056E-01
 -2.18314354E+00  1.00000000E+00  1.27105124E+00 -1.05763371E+00  4.50155238E-01  4.22065645E+00  6.21541218E-01  3.59911524E-01
 -2.15839032E+00  1.00000000E+00  1.25912640E+00 -1.05750930E+00  4.50165874E-01  4.22009235E+00  6.21542366E-01  3.59854999E-01
 -2.13363709E+00  1.00000000E+00  1.24721683E+00 -1.05753593E+00  4.50175251E-01  4.22010605E+00  6.21551824E-01  3.59855423E-01
 -2.10888387E+00  1.00000000E+00  1.23530727E+00 -1.05756256E+00  4.50182397E-01  4.22011975E+00  6.21561283E-01  3.59855846E-01
 -2.08413064E+00  1.00000000E+00  1.22337303E+00 -1.05756324E+00  4.50183449E-01  4.22006844E+00  6.21567153E-01  3.59850129E-01
 -2.05937741E+00  1.00000000E+00  1.21143879E+00 -1.05756392E+00  4.50179666E-01  4.22001714E+00  6.21573023E-01  3.59844412E-01
 -2.03462419E+00  1.00000000E+00  1.19952277E+00 -1.05753471E+00  4.50170558E-01  4.22003384E+00  6.21560734E-01  3.59847311E-01
 -2.00987096E+00  1.00000000E+00  1.18760674E+00 -1.05750550E+00  4.50156322E-01  4.22005055E+00  6.21548446E-01  3.59850211E-01
 -1.98511774E+00  1.00000000E+00  1.17567724E+00 -1.05753521E+00  4.50151879E-01  4.22005665E+00  6.21558567E-01  3.59849808E-01
 -1.96036451E+00  1.00000000E+00  1.16374773E+00 -1.05756493E+00  4.50149972E-01  4.22006275E+00  6.21568689E-01  3.59849406E-01
 -1.93561128E+00  1.00000000E+00  1.15183776E+00 -1.05763630E+00  4.50133161E-01  4.22036569E+00  6.21575013E-01  3.59879067E-01
 -1.91085806E+00  1.00000000E+00  1.13992779E+00 -1.05770768E+00  4.50104420E-01  4.22066864E+00  6.21581338E-01  3.59908731E-01
 -1.88610483E+00  1.00000000E+00  1.12797809E+00 -1.05762039E+00  4.50093303E-01  4.22054245E+00  6.21545886E-01  3.59899657E-01
 -1.86135161E+00  1.00000000E+00  1.11602839E+00 -1.05753311E+00  4.50087307E-01  4.22041627E+00  6.21510437E-01  3.59890583E-01
 -1.83659838E+00  1.00000000E+00  1.10412450E+00 -1.05756519E+00  4.50100189E-01  4.22005071E+00  6.21573857E-01  3.59847685E-01
 -1.81184516E+00  1.00000000E+00  1.09222061E+00 -1.05759726E+00  4.50096370E-01  4.21968519E+00  6.21637282E-01  3.59804791E-01
 -1.78709193E+00  1.00000000E+00  1.08031117E+00 -1.05764541E+00  4.50051692E-01  4.22025091E+00  6.21602329E-01  3.59864858E-01
 -1.76233870E+00  1.00000000E+00  1.06840172E+00 -1.05769355E+00  4.49994110E-01  4.22081671E+00  6.21567379E-01  3.59924933E-01
 -1.73758548E+00  1.00000000E+00  1.05645065E+00 -1.05762867E+00  4.49992399E-01  4.22051244E+00  6.21566135E-01  3.59894630E-01
 -1.71283225E+00  1.00000000E+00  1.04449959E+00 -1.05756380E+00  4.49981894E-01  4.22020818E+00  6.21564892E-01  3.59864329E-01
 -1.68807903E+00  1.00000000E+00  1.03257523E+00 -1.05760064E+00  4.49966154E-01  4.22003305E+00  6.21599216E-01  3.59843383E-01
 -1.66332580E+00  1.00000000E+00  1.02065088E+00 -1.05763748E+00  4.49956320E-01  4.21985793E+00  6.21633542E-01  3.59822438E-01
 -1.63857257E+00  1.00000000E+00  1.00874938E+00 -1.05757279E+00  4.49942574E-01  4.21966852E+00  6.21630776E-01  3.59803774E-01
 -1.61381935E+00  1.00000000E+00  9.96847891E-01 -1.05750811E+00  4.49909905E-01  4.21947911E+00  6.21628011E-01  3.59785110E-01
 -1.58906612E+00  1.00000000E+00  9.84907406E-01 -1.05747922E+00  4.49876778E-01  4.21909379E+00  6.21652465E-01  3.59744132E-01
 -1.56431290E+00  1.00000000E+00  9.72966921E-01 -1.05745033E+00  4.49856006E-01  4.21870850E+00  6.21676921E-01  3.59703158E-01
 -1.53955967E+00  1.00000000E+00  9.61079692E-01 -1.05740986E+00  4.49823966E-01  4.21826414E+00  6.21712467E-01  3.59655167E-01
 -1.51480644E+00  1.00000000E+00  9.49192463E-01 -1.05736939E+00  4.49787338E-01  4.21781983E+00  6.21748016E-01  3.59607181E-01
 -1.49005322E+00  1.00000000E+00  9.37289403E-01 -1.05736792E+00  4.49739618E-01  4.21758992E+00  6.21781853E-01  3.59580807E-01
 -1.46529999E+00  1.00000000E+00  9.25386343E-01 -1.05736646E+00  4.49670936E-01  4.21736003E+00  6.21815693E-01  3.59554434E-01
 -1.44054677E+00  1.00000000E+00  9.13457295E-01 -1.05742994E+00  4.49597381E-01  4.21773384E+00  6.21809909E-01  3.59592393E-01
 -1.41579354E+00  1.00000000E+00  9.01528248E-01 -1.05749342E+00  4.49502461E-01  4.21810768E+00  6.21804127E-01  3.59630356E-01
 -1.39104031E+00  1.00000000E+00  8.89630758E-01 -1.05726396E+00  4.49460613E-01  4.21689314E+00  6.21833014E-01  3.59506012E-01
 -1.36628709E+00  1.00000000E+00  8.77733267E-01 -1.05703457E+00  4.49418321E-01  4.21567894E+00  6.21861925E-01  3.59381701E-01
 -1.34153386E+00  1.00000000E+00  8.65843706E-01 -1.05709387E+00  4.49351626E-01  4.21526494E+00  6.21935843E-01  3.59332909E-01
 -1.31678064E+00  1.00000000E+00  8.53954145E-01 -1.05715316E+00  4.49272148E-01  4.21485100E+00  6.22009769E-01  3.59284123E-01
 -1.29202741E+00  1.00000000E+00  8.42096643E-01 -1.05710788E+00  4.49170017E-01  4.21448483E+00  6.22037303E-01  3.59244752E-01
 -1.26727418E+00  1.00000000E+00  8.30239141E-01 -1.05706260E+00  4.49058282E-01  4.21411869E+00  6.22064839E-01  3.59205385E-01
 -1.24252096E+00  1.00000000E+00  8.18368250E-01 -1.05710570E+00  4.48951113E-01  4.21382951E+00  6.22124296E-01  3.59170521E-01
 -1.21776773E+00  1.00000000E+00  8.06497359E-01 -1.05714880E+00  4.48817483E-01  4.21354036E+00  6.22183757E-01  3.59135660E-01
 -1.19301451E+00  1.00000000E+00  7.94645316E-01 -1.05688590E+00  4.48712328E-01  4.21210193E+00  6.22227352E-01  3.58987458E-01
 -1.16826128E+00  1.00000000E+00  7.82793273E-01 -1.05662309E+00  4.48614896E-01  4.21066399E+00  6.22270980E-01  3.58839301E-01
 -1.14350806E+00  1.00000000E+00  7.70984034E-01 -1.05666022E+00  4.48480083E-01  4.21017491E+00  6.22347530E-01  3.58782738E-01
 -1.11875483E+00  1.00000000E+00  7.59174795E-01 -1.05669735E+00  4.48326910E-01  4.20968590E+00  6.22424086E-01  3.58726181E-01
 -1.09400160E+00  1.00000000E+00  7.47373899E-01 -1.05659743E+00  4.48187938E-01  4.20872725E+00  6.22489524E-01  3.58623772E-01
 -1.06924838E+00  1.00000000E+00  7.35573003E-01 -1.05649753E+00  4.48050442E-01  4.20776882E+00  6.22554976E-01  3.58521384E-01
 -1.04449515E+00  1.00000000E+00  7.23830797E-01 -1.05639809E+00  4.47889578E-01  4.20655572E+00  6.22655990E-01  3.58389973E-01
 -1.01974193E+00  1.00000000E+00  7.12088591E-01 -1.05629868E+00  4.47714794E-01  4.20534299E+00  6.22757028E-01  3.58258597E-01
 -9.94988700E-01  1.00000000E+00  7.00382768E-01 -1.05616296E+00  4.47523978E-01  4.20423099E+00  6.22830412E-01  3.58140058E-01
 -9.70235474E-01  1.00000000E+00  6.88676945E-01 -1.05602727E+00  4.47339866E-01  4.20311929E+00  6.22903818E-01  3.58021548E-01
 -9.45482248E-01  1.00000000E+00  6.77003122E-01 -1.05592291E+00  4.47161594E-01  4.20200887E+00  6.22984159E-01  3.57902471E-01
 -9.20729022E-01  1.00000000E+00  6.65329299E-01 -1.05581857E+00  4.46988622E-01  4.20089875E+00  6.23064518E-01  3.57783423E-01
 -8.95975796E-01  1.00000000E+00  6.53766295E-01 -1.05565136E+00  4.46788843E-01  4.19925350E+00  6.23186982E-01  3.57606652E-01
 -8.71222570E-01  1.00000000E+00  6.42203292E-01 -1.05548420E+00  4.46582760E-01  4.19760893E+00  6.23309490E-01  3.57429944E-01
 -8.46469344E-01  1.00000000E+00  6.30698394E-01 -1.05549013E+00  4.46370125E-01  4.19669454E+00  6.23433074E-01  3.57326146E-01
 -8.21716118E-01  1.00000000E+00  6.19193497E-01 -1.05549608E+00  4.46145197E-01  4.19578038E+00  6.23556682E-01  3.57222370E-01
 -7.97201467E-01  1.00000000E+00  6.07904573E-01 -1.05543094E+00  4.46006064E-01  4.19486562E+00  6.23634251E-01  3.57123137E-01
 -7.72686817E-01  1.00000000E+00  5.96615649E-01 -1.05536581E+00  4.45850674E-01  4.19395107E+00  6.23711834E-01  3.57023923E-01
 -7.49503432E-01  1.00000000E+00  5.86054136E-01 -1.05523380E+00  4.45721459E-01  4.19321184E+00  6.23737074E-01  3.56947476E-01
 -7.26320047E-01  1.00000000E+00  5.75492623E-01 -1.05510180E+00  4.45608559E-01  4.19247274E+00  6.23762323E-01  3.56871042E-01
 -7.04527831E-01  1.00000000E+00  5.65690832E-01 -1.05513862E+00  4.45498051E-01  4.19180994E+00  6.23871813E-01  3.56793813E-01
 -6.82735615E-01  1.00000000E+00  5.55889041E-01 -1.05517543E+00  4.45418862E-01  4.19114727E+00  6.23981319E-01  3.56716595E-01
 -6.62251087E-01  1.00000000E+00  5.46772403E-01 -1.05500027E+00  4.45468651E-01  4.19141108E+00  6.23848855E-01  3.56756222E-01
 -6.41766559E-01  1.00000000E+00  5.37655764E-01 -1.05482511E+00  4.45536807E-01  4.19167495E+00  6.23716415E-01  3.56795853E-01
 -6.22511254E-01  1.00000000E+00  5.29251790E-01 -1.05479298E+00  4.45592140E-01  4.19191634E+00  6.23671991E-01  3.56824435E-01
 -6.03255949E-01  1.00000000E+00  5.20847815E-01 -1.05476086E+00  4.45683720E-01  4.19215775E+00  6.23627569E-01  3.56853018E-01
 -5.85156097E-01  1.00000000E+00  5.13093594E-01 -1.05493178E+00  4.45812651E-01  4.19284656E+00  6.23628830E-01  3.56921773E-01
 -5.67056245E-01  1.00000000E+00  5.05339374E-01 -1.05510273E+00  4.45983493E-01  4.19353549E+00  6.23630101E-01  3.56990539E-01
 -5.50042515E-01  1.00000000E+00  4.98155222E-01 -1.05515995E+00  4.46295106E-01  4.19557323E+00  6.23398786E-01  3.57217444E-01
 -5.33028786E-01  1.00000000E+00  4.90971069E-01 -1.05521721E+00  4.46603403E-01  4.19761206E+00  6.23167563E-01  3.57444449E-01
 -5.17036006E-01  1.00000000E+00  4.84416427E-01 -1.05564821E+00  4.46958084E-01  4.20011967E+00  6.23090710E-01  3.57702896E-01
 -5.01043227E-01  1.00000000E+00  4.77861785E-01 -1.05607944E+00  4.47329327E-01  4.20262878E+00  6.23013944E-01  3.57961484E-01
 -4.86010125E-01  1.00000000E+00  4.71811202E-01 -1.05625441E+00  4.47811199E-01  4.20553965E+00  6.22732526E-01  3.58280712E-01
 -4.70977023E-01  1.00000000E+00  4.65760619E-01 -1.05642951E+00  4.48389178E-01  4.20845268E+00  6.22451272E-01  3.58600141E-01
 -4.56846016E-01  1.00000000E+00  4.60268802E-01 -1.05685325E+00  4.48968988E-01  4.21269933E+00  6.22138762E-01  3.59056057E-01
 -4.42715008E-01  1.00000000E+00  4.54776984E-01 -1.05727739E+00  4.49666362E-01  4.21695043E+00  6.21826541E-01  3.59512389E-01
 -4.29431964E-01  1.00000000E+00  4.49763421E-01 -1.05787210E+00  4.50539835E-01  4.22242069E+00  6.21457600E-01  3.60096309E-01
 -4.16148920E-01  1.00000000E+00  4.44749858E-01 -1.05846752E+00  4.51440655E-01  4.22789827E+00  6.21089113E-01  3.60680915E-01
 -4.03662954E-01  1.00000000E+00  4.40213522E-01 -1.05875284E+00  4.52256976E-01  4.23333784E+00  6.20562914E-01  3.61277493E-01
 -3.91176988E-01  1.00000000E+00  4.35677187E-01 -1.05903860E+00  4.53268103E-01  4.23878500E+00  6.20037255E-01  3.61874774E-01
 -3.79440270E-01  1.00000000E+00  4.31538985E-01 -1.05993102E+00  4.54364316E-01  4.24574566E+00  6.19630538E-01  3.62611512E-01
 -3.67703552E-01  1.00000000E+00  4.27400783E-01 -1.06082476E+00  4.55562201E-01  4.25271797E+00  6.19224566E-01  3.63349340E-01
 -3.56671122E-01  1.00000000E+00  4.23785105E-01 -1.06155313E+00  4.56934435E-01  4.26112804E+00  6.18559970E-01  3.64256807E-01
 -3.45638692E-01  1.00000000E+00  4.20169427E-01 -1.06228291E+00  4.58289679E-01  4.26955555E+00  6.17896519E-01  3.65165903E-01
 -3.35268287E-01  1.00000000E+00  4.16874559E-01 -1.06302817E+00  4.59528943E-01  4.27778395E+00  6.17279797E-01  3.66050416E-01
 -3.24897882E-01  1.00000000E+00  4.13579692E-01 -1.06377479E+00  4.61017807E-01  4.28602894E+00  6.16664106E-01  3.66936484E-01
 -3.15149775E-01  1.00000000E+00  4.10663573E-01 -1.06476624E+00  4.62685601E-01  4.29618080E+00  6.15944836E-01  3.68023597E-01
 -3.05401669E-01  1.00000000E+00  4.07747455E-01 -1.06575988E+00  4.64407219E-01  4.30635767E+00  6.15227097E-01  3.69113058E-01
 -2.96238520E-01  1.00000000E+00  4.05170345E-01 -1.06642906E+00  4.66136115E-01  4.31815921E+00  6.14133101E-01  3.70402611E-01
 -2.87075371E-01  1.00000000E+00  4.02593236E-01 -1.06710029E+00  4.68179013E-01  4.32999560E+00  6.13041547E-01  3.71695405E-01
 -2.78462077E-01  1.00000000E+00  4.00445937E-01 -1.06844882E+00  4.70337772E-01  4.34265133E+00  6.12198350E-01  3.73045298E-01
 -2.69848783E-01  1.00000000E+00  3.98298638E-01 -1.06980099E+00  4.72522873E-01  4.35534524E+00  6.11357543E-01  3.74398769E-01
 -2.61752348E-01  1.00000000E+00  3.96474280E-01 -1.07128022E+00  4.74615497E-01  4.36878239E+00  6.10519994E-01  3.75826239E-01
 -2.53655913E-01  1.00000000E+00  3.94649922E-01 -1.07276359E+00  4.76904071E-01  4.38226223E+00  6.09684960E-01  3.77257727E-01
 -2.46045323E-01  1.00000000E+00  3.93106203E-01 -1.07350543E+00  4.79394355E-01  4.39681319E+00  6.08339506E-01  3.78847368E-01
 -2.38434732E-01  1.00000000E+00  3.91562485E-01 -1.07425011E+00  4.81930549E-01  4.41141646E+00  6.06997639E-01  3.80441882E-01
 -2.31280830E-01  1.00000000E+00  3.90321474E-01 -1.07550786E+00  4.84475610E-01  4.42657667E+00  6.05869330E-01  3.82070734E-01
 -2.24126928E-01  1.00000000E+00  3.89080463E-01 -1.07676975E+00  4.87167797E-01  4.44179162E+00  6.04744325E-01  3.83704730E-01
 -2.17402314E-01  1.00000000E+00  3.88135904E-01 -1.07883041E+00  4.89883190E-01  4.45881755E+00  6.03805444E-01  3.85501211E-01
 -2.10677699E-01  1.00000000E+00  3.87191344E-01 -1.08089818E+00  4.92707477E-01  4.47591015E+00  6.02870459E-01  3.87303969E-01
 -2.04351753E-01  1.00000000E+00  3.86550427E-01 -1.08225140E+00  4.95815774E-01  4.49457041E+00  6.01406308E-01  3.89316410E-01
 -1.98025807E-01  1.00000000E+00  3.85909510E-01 -1.08361025E+00  4.98966374E-01  4.51331307E+00  5.99947257E-01  3.91336582E-01
 -1.91837501E-01  1.00000000E+00  3.85475237E-01 -1.08553842E+00  5.02382477E-01  4.53359108E+00  5.98628377E-01  3.93496271E-01
 -1.85649194E-01  1.00000000E+00  3.85040965E-01 -1.08747457E+00  5.05915900E-01  4.55396378E+00  5.97314840E-01  3.95664894E-01
 -1.79460888E-01  1.00000000E+00  3.84863879E-01 -1.08836706E+00  5.09966036E-01  4.57755851E+00  5.95123307E-01  3.98243521E-01
 -1.73272582E-01  1.00000000E+00  3.84686794E-01 -1.08926540E+00  5.14145426E-01  4.60128721E+00  5.92940740E-01  4.00834647E-01
 -1.67084275E-01  1.00000000E+00  3.84967313E-01 -1.09241734E+00  5.18527928E-01  4.62753306E+00  5.91613584E-01  4.03591948E-01
 -1.60895969E-01  1.00000000E+00  3.85247833E-01 -1.09558532E+00  5.23100446E-01  4.65393171E+00  5.90294742E-01  4.06363697E-01
 -1.54707662E-01  1.00000000E+00  3.85726734E-01 -1.09706350E+00  5.28496262E-01  4.68495142E+00  5.87664345E-01  4.09728708E-01
 -1.48519356E-01  1.00000000E+00  3.86205636E-01 -1.09855267E+00  5.34013399E-01  4.71619505E+00  5.85047852E-01  4.13114719E-01
 -1.42331049E-01  1.00000000E+00  3.87439138E-01 -1.10257133E+00  5.40372153E-01  4.75302184E+00  5.83096575E-01  4.16992527E-01
 -1.36142743E-01  1.00000000E+00  3.88672640E-01 -1.10661813E+00  5.46949699E-01  4.79014379E+00  5.81160818E-01  4.20898297E-01
 -1.29954436E-01  1.00000000E+00  3.90378455E-01 -1.10887703E+00  5.53707600E-01  4.82923325E+00  5.78226791E-01  4.25100645E-01
 -1.23766130E-01  1.00000000E+00  3.92084270E-01 -1.11115438E+00  5.61170127E-01  4.86866415E+00  5.75311701E-01  4.29335245E-01
 -1.17577823E-01  1.00000000E+00  3.94451296E-01 -1.11516169E+00  5.69638610E-01  4.91796037E+00  5.72238229E-01  4.34572214E-01
 -1.11389517E-01  1.00000000E+00  3.96818323E-01 -1.11920651E+00  5.78711578E-01  4.96777878E+00  5.69191702E-01  4.39858708E-01
 -1.05201210E-01  1.00000000E+00  4.00415290E-01 -1.12371460E+00  5.89740700E-01  5.02952672E+00  5.65242146E-01  4.46428457E-01
 -9.90129037E-02  1.00000000E+00  4.04012258E-01 -1.12827524E+00  6.01159710E-01  5.09208242E+00  5.61333938E-01  4.53074849E-01
 -9.28245972E-02  1.00000000E+00  4.08987943E-01 -1.13004228E+00  6.14702904E-01  5.16220258E+00  5.55564949E-01  4.60663763E-01
 -8.66362908E-02  1.00000000E+00  4.13963628E-01 -1.13184082E+00  6.28640652E-01  5.23338925E+00  5.49857094E-01  4.68353216E-01
 -8.04479843E-02  1.00000000E+00  4.20265398E-01 -1.14215331E+00  6.45288317E-01  5.32392939E+00  5.46341680E-01  4.77758771E-01
 -7.42596778E-02  1.00000000E+00  4.26567167E-01 -1.15262287E+00  6.63110000E-01  5.41606398E+00  5.42896829E-01  4.87316715E-01
 -6.80713713E-02  1.00000000E+00  4.37411509E-01 -1.14676458E+00  6.85220323E-01  5.52888034E+00  5.30825838E-01  4.99805450E-01
 -6.18830648E-02  1.00000000E+00  4.48255850E-01 -1.14085778E+00  7.09930111E-01  5.64457933E+00  5.18971991E-01  5.12560734E-01
 -5.56947583E-02  1.00000000E+00  4.56048224E-01 -1.19620118E+00  7.40480609E-01  5.82842744E+00  5.27023422E-01  5.30140402E-01
 -4.95064519E-02  1.00000000E+00  4.63840598E-01 -1.25336748E+00  7.70052230E-01  6.01866121E+00  5.35808985E-01  5.48285223E-01
 -4.33181454E-02  1.00000000E+00  5.22435704E-01 -1.14897550E+00  8.06143573E-01  6.07897091E+00  4.90685303E-01  5.58828561E-01
 -3.71298389E-02  1.00000000E+00  5.81030810E-01 -1.04519150E+00  8.61900487E-01  6.14983936E+00  4.49439914E-01  5.70039944E-01
 -3.09415324E-02  1.00000000E+00  4.79957343E-01 -9.65657656E-01  9.23706887E-01  6.12628597E+00  4.24766614E-01  5.70151935E-01
 -2.47532259E-02  1.00000000E+00  3.78883875E-01 -8.87138426E-01  9.54671864E-01  6.10715152E+00  4.01979978E-01  5.70517155E-01
 -1.85649194E-02  1.00000000E+00  9.31990938E-01 -1.72954941E+00  1.03387058E+00  7.91034988E+00  5.99293144E-01  7.31105673E-01
 -1.23766130E-02  1.00000000E+00  1.48509800E+00 -2.90054541E+00  1.22529404E+00  1.05233913E+01  9.73806495E-01  9.54958482E-01
 -6.18830648E-03  1.00000000E+00  5.93825526E-01  8.60511300E-01  2.36631521E+00  8.36572202E+00  3.10760898E-01  8.05496112E-01
  0.00000000E+00  1.00000000E+00 -2.97446948E-01  6.43251762E+00  5.72632010E+00  1.49794799E+01  2.88805427E+00  1.20914256E+00
