# curve 5 (die wall), step =      100, time =   4.00000000E+01
# N1 = tau_xx - tau_yy = G ( c_xx - c_yy ),  G =  1.4000E-01  (polymer part only)
#              x               y        pressure            c_xy        gammadot            c_xx            c_yy              N1
 -3.00000000E+00  1.00000000E+00  1.83578063E+00 -9.62604045E-01  4.48439345E-01  3.36385306E+00  6.94035181E-01  3.73774503E-01
 -2.97524677E+00  1.00000000E+00  1.82245220E+00 -9.62543130E-01  4.48457442E-01  3.36365415E+00  6.94035345E-01  3.73746633E-01
 -2.95049355E+00  1.00000000E+00  1.80912376E+00 -9.62482219E-01  4.48470462E-01  3.36345526E+00  6.94035510E-01  3.73718765E-01
 -2.92574032E+00  1.00000000E+00  1.79580650E+00 -9.62562144E-01  4.48463847E-01  3.36360444E+00  6.94058892E-01  3.73736377E-01
 -2.90098710E+00  1.00000000E+00  1.78248923E+00 -9.62642072E-01  4.48437953E-01  3.36375364E+00  6.94082276E-01  3.73753991E-01
 -2.87623387E+00  1.00000000E+00  1.76914652E+00 -9.62737848E-01  4.48415251E-01  3.36425926E+00  6.94055313E-01  3.73828552E-01
 -2.85148064E+00  1.00000000E+00  1.75580381E+00 -9.62833637E-01  4.48377519E-01  3.36476495E+00  6.94028357E-01  3.73903124E-01
 -2.82672742E+00  1.00000000E+00  1.74246207E+00 -9.62635466E-01  4.48412935E-01  3.36423388E+00  6.94001597E-01  3.73832520E-01
 -2.80197419E+00  1.00000000E+00  1.72912033E+00 -9.62437323E-01  4.48438927E-01  3.36370290E+00  6.93974852E-01  3.73761926E-01
 -2.77722097E+00  1.00000000E+00  1.71578616E+00 -9.62527263E-01  4.48453377E-01  3.36373495E+00  6.94013697E-01  3.73760976E-01
 -2.75246774E+00  1.00000000E+00  1.70245198E+00 -9.62617205E-01  4.48463796E-01  3.36376701E+00  6.94052545E-01  3.73760025E-01
 -2.72771451E+00  1.00000000E+00  1.68913766E+00 -9.62597874E-01  4.48461208E-01  3.36371939E+00  6.94056785E-01  3.73752765E-01
 -2.70296129E+00  1.00000000E+00  1.67582334E+00 -9.62578543E-01  4.48443580E-01  3.36367178E+00  6.94061026E-01  3.73745505E-01
 -2.67820806E+00  1.00000000E+00  1.66248451E+00 -9.62578669E-01  4.48435092E-01  3.36369979E+00  6.94050410E-01  3.73750913E-01
 -2.65345484E+00  1.00000000E+00  1.64914569E+00 -9.62578796E-01  4.48437794E-01  3.36372780E+00  6.94039794E-01  3.73756320E-01
 -2.62870161E+00  1.00000000E+00  1.63581165E+00 -9.62591028E-01  4.48442262E-01  3.36369843E+00  6.94050777E-01  3.73750672E-01
 -2.60394839E+00  1.00000000E+00  1.62247762E+00 -9.62603260E-01  4.48445706E-01  3.36366907E+00  6.94061760E-01  3.73745023E-01
 -2.57919516E+00  1.00000000E+00  1.60915963E+00 -9.62576935E-01  4.48448173E-01  3.36359770E+00  6.94063997E-01  3.73734718E-01
 -2.55444193E+00  1.00000000E+00  1.59584165E+00 -9.62550611E-01  4.48440367E-01  3.36352633E+00  6.94066234E-01  3.73724414E-01
 -2.52968871E+00  1.00000000E+00  1.58250093E+00 -9.62645283E-01  4.48423893E-01  3.36385976E+00  6.94067272E-01  3.73770949E-01
 -2.50493548E+00  1.00000000E+00  1.56916021E+00 -9.62739963E-01  4.48393882E-01  3.36419323E+00  6.94068313E-01  3.73817488E-01
 -2.48018226E+00  1.00000000E+00  1.55581339E+00 -9.62590913E-01  4.48425685E-01  3.36384178E+00  6.94037445E-01  3.73772607E-01
 -2.45542903E+00  1.00000000E+00  1.54246656E+00 -9.62441877E-01  4.48453096E-01  3.36349037E+00  6.94006584E-01  3.73727730E-01
 -2.43067580E+00  1.00000000E+00  1.52914454E+00 -9.62491156E-01  4.48467460E-01  3.36351622E+00  6.94026934E-01  3.73728500E-01
 -2.40592258E+00  1.00000000E+00  1.51582251E+00 -9.62540435E-01  4.48480218E-01  3.36354208E+00  6.94047285E-01  3.73729271E-01
 -2.38116935E+00  1.00000000E+00  1.50250042E+00 -9.62518362E-01  4.48478698E-01  3.36345565E+00  6.94055123E-01  3.73716073E-01
 -2.35641613E+00  1.00000000E+00  1.48917834E+00 -9.62496290E-01  4.48459622E-01  3.36336922E+00  6.94062962E-01  3.73702876E-01
 -2.33166290E+00  1.00000000E+00  1.47584012E+00 -9.62527868E-01  4.48448404E-01  3.36349955E+00  6.94057430E-01  3.73721897E-01
 -2.30690967E+00  1.00000000E+00  1.46250190E+00 -9.62559447E-01  4.48436987E-01  3.36362989E+00  6.94051899E-01  3.73740918E-01
 -2.28215645E+00  1.00000000E+00  1.44917177E+00 -9.62579450E-01  4.48434633E-01  3.36366885E+00  6.94052772E-01  3.73746251E-01
 -2.25740322E+00  1.00000000E+00  1.43584165E+00 -9.62599453E-01  4.48439257E-01  3.36370781E+00  6.94053645E-01  3.73751583E-01
 -2.23265000E+00  1.00000000E+00  1.42250400E+00 -9.62663369E-01  4.48429507E-01  3.36393392E+00  6.94059843E-01  3.73782370E-01
 -2.20789677E+00  1.00000000E+00  1.40916635E+00 -9.62727288E-01  4.48399118E-01  3.36416004E+00  6.94066043E-01  3.73813159E-01
 -2.18314354E+00  1.00000000E+00  1.39582665E+00 -9.62597049E-01  4.48415975E-01  3.36376655E+00  6.94052852E-01  3.73759918E-01
 -2.15839032E+00  1.00000000E+00  1.38248694E+00 -9.62466824E-01  4.48431772E-01  3.36337311E+00  6.94039668E-01  3.73706682E-01
 -2.13363709E+00  1.00000000E+00  1.36917144E+00 -9.62490749E-01  4.48441314E-01  3.36339037E+00  6.94048377E-01  3.73707879E-01
 -2.10888387E+00  1.00000000E+00  1.35585593E+00 -9.62514675E-01  4.48449738E-01  3.36340763E+00  6.94057086E-01  3.73709076E-01
 -2.08413064E+00  1.00000000E+00  1.34251200E+00 -9.62515423E-01  4.48451746E-01  3.36337008E+00  6.94063701E-01  3.73702893E-01
 -2.05937741E+00  1.00000000E+00  1.32916807E+00 -9.62516172E-01  4.48448674E-01  3.36333253E+00  6.94070316E-01  3.73696710E-01
 -2.03462419E+00  1.00000000E+00  1.31584341E+00 -9.62497813E-01  4.48439782E-01  3.36332667E+00  6.94064836E-01  3.73696656E-01
 -2.00987096E+00  1.00000000E+00  1.30251876E+00 -9.62479454E-01  4.48422095E-01  3.36332081E+00  6.94059356E-01  3.73696603E-01
 -1.98511774E+00  1.00000000E+00  1.28918144E+00 -9.62510049E-01  4.48413815E-01  3.36332943E+00  6.94071283E-01  3.73696140E-01
 -1.96036451E+00  1.00000000E+00  1.27584412E+00 -9.62540644E-01  4.48409744E-01  3.36333805E+00  6.94083211E-01  3.73695678E-01
 -1.93561128E+00  1.00000000E+00  1.26252487E+00 -9.62600678E-01  4.48391841E-01  3.36352560E+00  6.94093070E-01  3.73720554E-01
 -1.91085806E+00  1.00000000E+00  1.24920562E+00 -9.62660716E-01  4.48359184E-01  3.36371316E+00  6.94102930E-01  3.73745432E-01
 -1.88610483E+00  1.00000000E+00  1.23584639E+00 -9.62604113E-01  4.48346397E-01  3.36364523E+00  6.94075006E-01  3.73739831E-01
 -1.86135161E+00  1.00000000E+00  1.22248716E+00 -9.62547512E-01  4.48335122E-01  3.36357730E+00  6.94047083E-01  3.73734230E-01
 -1.83659838E+00  1.00000000E+00  1.20917376E+00 -9.62533893E-01  4.48352751E-01  3.36329451E+00  6.94090110E-01  3.73688617E-01
 -1.81184516E+00  1.00000000E+00  1.19586036E+00 -9.62520277E-01  4.48355153E-01  3.36301176E+00  6.94133141E-01  3.73643006E-01
 -1.78709193E+00  1.00000000E+00  1.18254646E+00 -9.62606631E-01  4.48309787E-01  3.36338601E+00  6.94128092E-01  3.73696108E-01
 -1.76233870E+00  1.00000000E+00  1.16923256E+00 -9.62692993E-01  4.48244937E-01  3.36376030E+00  6.94123046E-01  3.73749215E-01
 -1.73758548E+00  1.00000000E+00  1.15587156E+00 -9.62621077E-01  4.48243468E-01  3.36355151E+00  6.94111368E-01  3.73721620E-01
 -1.71283225E+00  1.00000000E+00  1.14251055E+00 -9.62549166E-01  4.48234273E-01  3.36334273E+00  6.94099691E-01  3.73694026E-01
 -1.68807903E+00  1.00000000E+00  1.12917608E+00 -9.62580576E-01  4.48218219E-01  3.36323314E+00  6.94130609E-01  3.73674355E-01
 -1.66332580E+00  1.00000000E+00  1.11584162E+00 -9.62611986E-01  4.48210479E-01  3.36312356E+00  6.94161527E-01  3.73654685E-01
 -1.63857257E+00  1.00000000E+00  1.10253301E+00 -9.62537450E-01  4.48205300E-01  3.36297040E+00  6.94151609E-01  3.73634630E-01
 -1.61381935E+00  1.00000000E+00  1.08922441E+00 -9.62462916E-01  4.48179038E-01  3.36281724E+00  6.94141693E-01  3.73614577E-01
 -1.58906612E+00  1.00000000E+00  1.07587598E+00 -9.62440129E-01  4.48147794E-01  3.36257033E+00  6.94161703E-01  3.73577208E-01
 -1.56431290E+00  1.00000000E+00  1.06252755E+00 -9.62417344E-01  4.48132240E-01  3.36232344E+00  6.94181713E-01  3.73539842E-01
 -1.53955967E+00  1.00000000E+00  1.04923158E+00 -9.62355116E-01  4.48109653E-01  3.36199479E+00  6.94203996E-01  3.73490711E-01
 -1.51480644E+00  1.00000000E+00  1.03593561E+00 -9.62292893E-01  4.48081525E-01  3.36166617E+00  6.94226282E-01  3.73441584E-01
 -1.49005322E+00  1.00000000E+00  1.02263151E+00 -9.62304403E-01  4.48041340E-01  3.36147843E+00  6.94270050E-01  3.73409174E-01
 -1.46529999E+00  1.00000000E+00  1.00932741E+00 -9.62315914E-01  4.47977051E-01  3.36129071E+00  6.94313820E-01  3.73376764E-01
 -1.44054677E+00  1.00000000E+00  9.95993810E-01 -9.62400251E-01  4.47905624E-01  3.36154539E+00  6.94325391E-01  3.73410799E-01
 -1.41579354E+00  1.00000000E+00  9.82660214E-01 -9.62484594E-01  4.47808622E-01  3.36180008E+00  6.94336964E-01  3.73444837E-01
 -1.39104031E+00  1.00000000E+00  9.69350694E-01 -9.62240575E-01  4.47784918E-01  3.36095615E+00  6.94335759E-01  3.73326855E-01
 -1.36628709E+00  1.00000000E+00  9.56041174E-01 -9.61996610E-01  4.47761261E-01  3.36011243E+00  6.94334580E-01  3.73208899E-01
 -1.34153386E+00  1.00000000E+00  9.42749480E-01 -9.62043136E-01  4.47706777E-01  3.35983980E+00  6.94401391E-01  3.73161377E-01
 -1.31678064E+00  1.00000000E+00  9.29457786E-01 -9.62089661E-01  4.47640554E-01  3.35956720E+00  6.94468207E-01  3.73113859E-01
 -1.29202741E+00  1.00000000E+00  9.16194528E-01 -9.62055765E-01  4.47554362E-01  3.35931169E+00  6.94497501E-01  3.73073987E-01
 -1.26727418E+00  1.00000000E+00  9.02931270E-01 -9.62021871E-01  4.47455640E-01  3.35905621E+00  6.94526798E-01  3.73034117E-01
 -1.24252096E+00  1.00000000E+00  8.89659624E-01 -9.62066830E-01  4.47364329E-01  3.35888898E+00  6.94581768E-01  3.73003010E-01
 -1.21776773E+00  1.00000000E+00  8.76387978E-01 -9.62111788E-01  4.47249242E-01  3.35872177E+00  6.94636742E-01  3.72971905E-01
 -1.19301451E+00  1.00000000E+00  8.63126422E-01 -9.61848477E-01  4.47174499E-01  3.35772065E+00  6.94654863E-01  3.72829211E-01
 -1.16826128E+00  1.00000000E+00  8.49864866E-01 -9.61585234E-01  4.47106302E-01  3.35671983E+00  6.94673017E-01  3.72686554E-01
 -1.14350806E+00  1.00000000E+00  8.36654417E-01 -9.61630405E-01  4.46999583E-01  3.35645000E+00  6.94742460E-01  3.72639055E-01
 -1.11875483E+00  1.00000000E+00  8.23443969E-01 -9.61675577E-01  4.46874826E-01  3.35618020E+00  6.94811909E-01  3.72591560E-01
 -1.09400160E+00  1.00000000E+00  8.10238244E-01 -9.61582321E-01  4.46767331E-01  3.35558968E+00  6.94855198E-01  3.72502827E-01
 -1.06924838E+00  1.00000000E+00  7.97032520E-01 -9.61489081E-01  4.46666561E-01  3.35499927E+00  6.94898495E-01  3.72414108E-01
 -1.04449515E+00  1.00000000E+00  7.83887449E-01 -9.61388428E-01  4.46551178E-01  3.35423353E+00  6.94972458E-01  3.72296550E-01
 -1.01974193E+00  1.00000000E+00  7.70742378E-01 -9.61287796E-01  4.46424412E-01  3.35346798E+00  6.95046438E-01  3.72179015E-01
 -9.94988700E-01  1.00000000E+00  7.57634826E-01 -9.61187379E-01  4.46287688E-01  3.35281398E+00  6.95103839E-01  3.72079420E-01
 -9.70235474E-01  1.00000000E+00  7.44527273E-01 -9.61086980E-01  4.46156437E-01  3.35216012E+00  6.95161252E-01  3.71979841E-01
 -9.45482248E-01  1.00000000E+00  7.31448281E-01 -9.61000859E-01  4.46036742E-01  3.35157178E+00  6.95206681E-01  3.71891114E-01
 -9.20729022E-01  1.00000000E+00  7.18369289E-01 -9.60914752E-01  4.45925662E-01  3.35098355E+00  6.95252119E-01  3.71802401E-01
 -8.95975796E-01  1.00000000E+00  7.05403564E-01 -9.60763328E-01  4.45803760E-01  3.35003486E+00  6.95330154E-01  3.71658658E-01
 -8.71222570E-01  1.00000000E+00  6.92437838E-01 -9.60611944E-01  4.45679179E-01  3.34908643E+00  6.95408215E-01  3.71514950E-01
 -8.46469344E-01  1.00000000E+00  6.79527396E-01 -9.60655206E-01  4.45557979E-01  3.34876761E+00  6.95494192E-01  3.71458278E-01
 -8.21716118E-01  1.00000000E+00  6.66616954E-01 -9.60698470E-01  4.45423728E-01  3.34844882E+00  6.95580178E-01  3.71401610E-01
 -7.97201467E-01  1.00000000E+00  6.53936898E-01 -9.60684700E-01  4.45380713E-01  3.34823188E+00  6.95605550E-01  3.71367686E-01
 -7.72686817E-01  1.00000000E+00  6.41256843E-01 -9.60670930E-01  4.45332370E-01  3.34801495E+00  6.95630922E-01  3.71333764E-01
 -7.49503432E-01  1.00000000E+00  6.29372631E-01 -9.60608486E-01  4.45316391E-01  3.34797864E+00  6.95600622E-01  3.71332923E-01
 -7.26320047E-01  1.00000000E+00  6.17488419E-01 -9.60546043E-01  4.45320029E-01  3.34794234E+00  6.95570324E-01  3.71332082E-01
 -7.04527831E-01  1.00000000E+00  6.06447734E-01 -9.60653230E-01  4.45339831E-01  3.34810612E+00  6.95613690E-01  3.71348940E-01
 -6.82735615E-01  1.00000000E+00  5.95407049E-01 -9.60760423E-01  4.45394007E-01  3.34826991E+00  6.95657061E-01  3.71365798E-01
 -6.62251087E-01  1.00000000E+00  5.85116863E-01 -9.60725730E-01  4.45574843E-01  3.34916393E+00  6.95471098E-01  3.71516996E-01
 -6.41766559E-01  1.00000000E+00  5.74826678E-01 -9.60691049E-01  4.45780271E-01  3.35005824E+00  6.95285182E-01  3.71668227E-01
 -6.22511254E-01  1.00000000E+00  5.65320596E-01 -9.60768457E-01  4.45982633E-01  3.35101947E+00  6.95168592E-01  3.71819123E-01
 -6.03255949E-01  1.00000000E+00  5.55814514E-01 -9.60845889E-01  4.46223125E-01  3.35198100E+00  6.95052029E-01  3.71970055E-01
 -5.85156097E-01  1.00000000E+00  5.47022173E-01 -9.61124572E-01  4.46512586E-01  3.35339939E+00  6.94972813E-01  3.72179721E-01
 -5.67056245E-01  1.00000000E+00  5.38229831E-01 -9.61403358E-01  4.46847163E-01  3.35481838E+00  6.94893652E-01  3.72389462E-01
 -5.50042515E-01  1.00000000E+00  5.30060496E-01 -9.61621635E-01  4.47322824E-01  3.35731252E+00  6.94586657E-01  3.72781621E-01
 -5.33028786E-01  1.00000000E+00  5.21891161E-01 -9.61840090E-01  4.47802147E-01  3.35980862E+00  6.94279860E-01  3.73174026E-01
 -5.17036006E-01  1.00000000E+00  5.14412039E-01 -9.62369887E-01  4.48335572E-01  3.36278556E+00  6.94097472E-01  3.73616332E-01
 -5.01043227E-01  1.00000000E+00  5.06932917E-01 -9.62900094E-01  4.48899552E-01  3.36576515E+00  6.93915302E-01  3.74058979E-01
 -4.86010125E-01  1.00000000E+00  5.00008759E-01 -9.63293885E-01  4.49569745E-01  3.36917883E+00  6.93553957E-01  3.74587482E-01
 -4.70977023E-01  1.00000000E+00  4.93084602E-01 -9.63688068E-01  4.50339935E-01  3.37259610E+00  6.93192954E-01  3.75116440E-01
 -4.56846016E-01  1.00000000E+00  4.86763210E-01 -9.64251173E-01  4.51122873E-01  3.37697214E+00  6.92778964E-01  3.75787044E-01
 -4.42715008E-01  1.00000000E+00  4.80441818E-01 -9.64814961E-01  4.52023459E-01  3.38135401E+00  6.92365492E-01  3.76458393E-01
 -4.29431964E-01  1.00000000E+00  4.74648489E-01 -9.65627783E-01  4.53095052E-01  3.38698488E+00  6.91889208E-01  3.77313394E-01
 -4.16148920E-01  1.00000000E+00  4.68855160E-01 -9.66441834E-01  4.54211775E-01  3.39262529E+00  6.91413756E-01  3.78169615E-01
 -4.03662954E-01  1.00000000E+00  4.63577430E-01 -9.67000950E-01  4.55249642E-01  3.39812884E+00  6.90811370E-01  3.79024446E-01
 -3.91176988E-01  1.00000000E+00  4.58299700E-01 -9.67560979E-01  4.56473741E-01  3.40364174E+00  6.90209837E-01  3.79880467E-01
 -3.79440270E-01  1.00000000E+00  4.53465025E-01 -9.68640048E-01  4.57795362E-01  3.41051853E+00  6.89678620E-01  3.80917588E-01
 -3.67703552E-01  1.00000000E+00  4.48630350E-01 -9.69721068E-01  4.59222291E-01  3.41740938E+00  6.89148643E-01  3.81956503E-01
 -3.56671122E-01  1.00000000E+00  4.44352414E-01 -9.70691925E-01  4.60814916E-01  3.42539862E+00  6.88372703E-01  3.83183629E-01
 -3.45638692E-01  1.00000000E+00  4.40074478E-01 -9.71664939E-01  4.62416818E-01  3.43340714E+00  6.87598477E-01  3.84413212E-01
 -3.35268287E-01  1.00000000E+00  4.36149701E-01 -9.72701735E-01  4.63905657E-01  3.44136540E+00  6.86886227E-01  3.85627083E-01
 -3.24897882E-01  1.00000000E+00  4.32224924E-01 -9.73740756E-01  4.65634335E-01  3.44934259E+00  6.86175585E-01  3.86843380E-01
 -3.15149775E-01  1.00000000E+00  4.28724680E-01 -9.75061664E-01  4.67544273E-01  3.45903174E+00  6.85349065E-01  3.88315575E-01
 -3.05401669E-01  1.00000000E+00  4.25224435E-01 -9.76385971E-01  4.69519966E-01  3.46874873E+00  6.84524890E-01  3.89791337E-01
 -2.96238520E-01  1.00000000E+00  4.22075936E-01 -9.77413118E-01  4.71500536E-01  3.47956086E+00  6.83336312E-01  3.91471437E-01
 -2.87075371E-01  1.00000000E+00  4.18927437E-01 -9.78443568E-01  4.73789105E-01  3.49040842E+00  6.82150953E-01  3.93156045E-01
 -2.78462077E-01  1.00000000E+00  4.16247658E-01 -9.80059793E-01  4.76193602E-01  3.50212797E+00  6.81164649E-01  3.94934865E-01
 -2.69848783E-01  1.00000000E+00  4.13567880E-01 -9.81680996E-01  4.78658128E-01  3.51388769E+00  6.80181797E-01  3.96718825E-01
 -2.61752348E-01  1.00000000E+00  4.11240112E-01 -9.83426462E-01  4.81028879E-01  3.52617487E+00  6.79221036E-01  3.98573536E-01
 -2.53655913E-01  1.00000000E+00  4.08912344E-01 -9.85177446E-01  4.83592960E-01  3.53850582E+00  6.78263822E-01  4.00433879E-01
 -2.46045323E-01  1.00000000E+00  4.06880928E-01 -9.86407856E-01  4.86356913E-01  3.55178592E+00  6.76838129E-01  4.02492690E-01
 -2.38434732E-01  1.00000000E+00  4.04849511E-01 -9.87643036E-01  4.89170933E-01  3.56511846E+00  6.75417067E-01  4.04558194E-01
 -2.31280830E-01  1.00000000E+00  4.03161487E-01 -9.89320116E-01  4.92001711E-01  3.57901838E+00  6.74187555E-01  4.06676315E-01
 -2.24126928E-01  1.00000000E+00  4.01473462E-01 -9.91003328E-01  4.94971453E-01  3.59297418E+00  6.72962582E-01  4.08801623E-01
 -2.17402314E-01  1.00000000E+00  4.00095765E-01 -9.93238997E-01  4.97976386E-01  3.60827275E+00  6.71846262E-01  4.11099709E-01
 -2.10677699E-01  1.00000000E+00  3.98718067E-01 -9.95483231E-01  5.01100512E-01  3.62363749E+00  6.70735231E-01  4.13406317E-01
 -2.04351753E-01  1.00000000E+00  3.97656685E-01 -9.97244805E-01  5.04512250E-01  3.64028625E+00  6.69153681E-01  4.15958560E-01
 -1.98025807E-01  1.00000000E+00  3.96595302E-01 -9.99014264E-01  5.07972305E-01  3.65701463E+00  6.67578688E-01  4.18521032E-01
 -1.91837501E-01  1.00000000E+00  3.95757028E-01 -1.00133777E+00  5.11709004E-01  3.67525299E+00  6.66123920E-01  4.21278070E-01
 -1.85649194E-01  1.00000000E+00  3.94918753E-01 -1.00367193E+00  5.15570752E-01  3.69358466E+00  6.64676329E-01  4.24047166E-01
 -1.79460888E-01  1.00000000E+00  3.94318357E-01 -1.00525837E+00  5.19972067E-01  3.71459157E+00  6.62396243E-01  4.27307346E-01
 -1.73272582E-01  1.00000000E+00  3.93717960E-01 -1.00685471E+00  5.24496545E-01  3.73572583E+00  6.60126969E-01  4.30583840E-01
 -1.67084275E-01  1.00000000E+00  3.93590479E-01 -1.01024767E+00  5.29261857E-01  3.75906550E+00  6.58582218E-01  4.34067660E-01
 -1.60895969E-01  1.00000000E+00  3.93462999E-01 -1.01365961E+00  5.34233810E-01  3.78255317E+00  6.57048460E-01  4.37570659E-01
 -1.54707662E-01  1.00000000E+00  3.93499962E-01 -1.01588322E+00  5.40053995E-01  3.80990621E+00  6.54293448E-01  4.41785786E-01
 -1.48519356E-01  1.00000000E+00  3.93536926E-01 -1.01812370E+00  5.46011051E-01  3.83746882E+00  6.51555225E-01  4.46027904E-01
 -1.42331049E-01  1.00000000E+00  3.94349353E-01 -1.02253628E+00  5.52829801E-01  3.87006527E+00  6.49349129E-01  4.50900259E-01
 -1.36142743E-01  1.00000000E+00  3.95161780E-01 -1.02698268E+00  5.59915368E-01  3.90294391E+00  6.47163260E-01  4.55809291E-01
 -1.29954436E-01  1.00000000E+00  3.96414830E-01 -1.03008979E+00  5.67234753E-01  3.93748305E+00  6.44077300E-01  4.61076806E-01
 -1.23766130E-01  1.00000000E+00  3.97667879E-01 -1.03322406E+00  5.75240819E-01  3.97234341E+00  6.41014641E-01  4.66386027E-01
 -1.17577823E-01  1.00000000E+00  3.99591432E-01 -1.03787773E+00  5.84306393E-01  4.01568788E+00  6.37654752E-01  4.72924637E-01
 -1.11389517E-01  1.00000000E+00  4.01514985E-01 -1.04257903E+00  5.94015415E-01  4.05952230E+00  6.34328799E-01  4.79527090E-01
 -1.05201210E-01  1.00000000E+00  4.04613914E-01 -1.04791668E+00  6.05758647E-01  4.11340341E+00  6.30081099E-01  4.87665123E-01
 -9.90129037E-02  1.00000000E+00  4.07712843E-01 -1.05332179E+00  6.17929411E-01  4.16802914E+00  6.25884139E-01  4.95900300E-01
 -9.28245972E-02  1.00000000E+00  4.12168318E-01 -1.05662844E+00  6.32356415E-01  4.22950346E+00  6.19854807E-01  5.05350812E-01
 -8.66362908E-02  1.00000000E+00  4.16623793E-01 -1.05999181E+00  6.47236652E-01  4.29195920E+00  6.13896531E-01  5.14928774E-01
 -8.04479843E-02  1.00000000E+00  4.22392070E-01 -1.07093394E+00  6.64966172E-01  4.37168371E+00  6.09917341E-01  5.26647292E-01
 -7.42596778E-02  1.00000000E+00  4.28160347E-01 -1.08205663E+00  6.83891065E-01  4.45290950E+00  6.06027932E-01  5.38563420E-01
 -6.80713713E-02  1.00000000E+00  4.38487699E-01 -1.07987054E+00  7.07296561E-01  4.55103435E+00  5.93805344E-01  5.54012061E-01
 -6.18830648E-02  1.00000000E+00  4.48815050E-01 -1.07771269E+00  7.33483379E-01  4.65171898E+00  5.81803839E-01  5.69788120E-01
 -5.56947583E-02  1.00000000E+00  4.55671923E-01 -1.12286280E+00  7.65771764E-01  4.80509769E+00  5.86797897E-01  5.90561972E-01
 -4.95064519E-02  1.00000000E+00  4.62528796E-01 -1.16943519E+00  7.97828278E-01  4.96369620E+00  5.92377251E-01  6.11984653E-01
 -4.33181454E-02  1.00000000E+00  5.21890982E-01 -1.10181006E+00  8.37389330E-01  5.06316400E+00  5.52623262E-01  6.31475704E-01
 -3.71298389E-02  1.00000000E+00  5.81253168E-01 -1.03405401E+00  8.96851893E-01  5.17072670E+00  5.15327851E-01  6.51755838E-01
 -3.09415324E-02  1.00000000E+00  4.74182564E-01 -9.94312104E-01  9.65880063E-01  5.21072688E+00  4.96291729E-01  6.60020921E-01
 -2.47532259E-02  1.00000000E+00  3.67111960E-01 -9.54613179E-01  1.00712561E+00  5.25274605E+00  4.77979572E-01  6.68467307E-01
 -1.85649194E-02  1.00000000E+00  9.27004636E-01 -1.47794458E+00  1.11588813E+00  6.56660944E+00  5.88361367E-01  8.36954730E-01
 -1.23766130E-02  1.00000000E+00  1.48689731E+00 -2.15033067E+00  1.34362670E+00  8.28688083E+00  7.70726989E-01  1.05226154E+00
 -6.18830648E-03  1.00000000E+00  5.73494182E-01  6.18081133E-01  2.47285473E+00  7.49050189E+00  2.90403865E-01  1.00801372E+00
  0.00000000E+00  1.00000000E+00 -3.39908949E-01  4.50862565E+00  5.49378806E+00  1.22050331E+01  1.81496568E+00  1.45460944E+00
