# curve 5 (die wall), step =      300, time =   1.20000000E+02
# N1 = tau_xx - tau_yy = G ( c_xx - c_yy ),  G =  1.0000E+00  (polymer part only)
#              x               y        pressure            c_xy        gammadot            c_xx            c_yy              N1
 -3.00000000E+00  1.00000000E+00  2.55786665E+00 -1.94438624E-01  4.02188839E-01  1.06154961E+00  9.84797348E-01  7.67522637E-02
 -2.97524677E+00  1.00000000E+00  2.53828481E+00 -1.94436536E-01  4.02192176E-01  1.06155538E+00  9.84792119E-01  7.67632622E-02
 -2.95049355E+00  1.00000000E+00  2.51870297E+00 -1.94434449E-01  4.02194496E-01  1.06156115E+00  9.84786889E-01  7.67742607E-02
 -2.92574032E+00  1.00000000E+00  2.49912236E+00 -1.94436421E-01  4.02195041E-01  1.06155810E+00  9.84790003E-01  7.67680965E-02
 -2.90098710E+00  1.00000000E+00  2.47954175E+00 -1.94438394E-01  4.02193532E-01  1.06155505E+00  9.84793116E-01  7.67619324E-02
 -2.87623387E+00  1.00000000E+00  2.45996718E+00 -1.94441249E-01  4.02191839E-01  1.06154762E+00  9.84799792E-01  7.67478326E-02
 -2.85148064E+00  1.00000000E+00  2.44039261E+00 -1.94444105E-01  4.02187567E-01  1.06154020E+00  9.84806469E-01  7.67337328E-02
 -2.82672742E+00  1.00000000E+00  2.42080323E+00 -1.94439780E-01  4.02189872E-01  1.06154868E+00  9.84798401E-01  7.67502783E-02
 -2.80197419E+00  1.00000000E+00  2.40121385E+00 -1.94435455E-01  4.02192644E-01  1.06155716E+00  9.84790334E-01  7.67668238E-02
 -2.77722097E+00  1.00000000E+00  2.38163453E+00 -1.94437490E-01  4.02191145E-01  1.06155452E+00  9.84793048E-01  7.67614752E-02
 -2.75246774E+00  1.00000000E+00  2.36205521E+00 -1.94439525E-01  4.02191465E-01  1.06155189E+00  9.84795763E-01  7.67561267E-02
 -2.72771451E+00  1.00000000E+00  2.34247319E+00 -1.94438367E-01  4.02193569E-01  1.06155390E+00  9.84793872E-01  7.67600266E-02
 -2.70296129E+00  1.00000000E+00  2.32289117E+00 -1.94437209E-01  4.02193756E-01  1.06155591E+00  9.84791981E-01  7.67639264E-02
 -2.67820806E+00  1.00000000E+00  2.30331106E+00 -1.94438550E-01  4.02192120E-01  1.06155332E+00  9.84794414E-01  7.67589064E-02
 -2.65345484E+00  1.00000000E+00  2.28373095E+00 -1.94439892E-01  4.02191632E-01  1.06155073E+00  9.84796848E-01  7.67538863E-02
 -2.62870161E+00  1.00000000E+00  2.26414844E+00 -1.94439174E-01  4.02191149E-01  1.06155162E+00  9.84795922E-01  7.67556983E-02
 -2.60394839E+00  1.00000000E+00  2.24456592E+00 -1.94438456E-01  4.02190845E-01  1.06155251E+00  9.84794995E-01  7.67575103E-02
 -2.57919516E+00  1.00000000E+00  2.22498297E+00 -1.94437422E-01  4.02192800E-01  1.06155481E+00  9.84792902E-01  7.67619127E-02
 -2.55444193E+00  1.00000000E+00  2.20540002E+00 -1.94436388E-01  4.02193323E-01  1.06155712E+00  9.84790809E-01  7.67663152E-02
 -2.52968871E+00  1.00000000E+00  2.18582263E+00 -1.94438647E-01  4.02191702E-01  1.06155169E+00  9.84795742E-01  7.67559460E-02
 -2.50493548E+00  1.00000000E+00  2.16624524E+00 -1.94440906E-01  4.02188929E-01  1.06154625E+00  9.84800675E-01  7.67455768E-02
 -2.48018226E+00  1.00000000E+00  2.14665881E+00 -1.94437679E-01  4.02190731E-01  1.06155234E+00  9.84794867E-01  7.67574764E-02
 -2.45542903E+00  1.00000000E+00  2.12707238E+00 -1.94434452E-01  4.02192384E-01  1.06155844E+00  9.84789060E-01  7.67693760E-02
 -2.43067580E+00  1.00000000E+00  2.10749197E+00 -1.94435618E-01  4.02191465E-01  1.06155727E+00  9.84790338E-01  7.67669274E-02
 -2.40592258E+00  1.00000000E+00  2.08791155E+00 -1.94436783E-01  4.02191759E-01  1.06155609E+00  9.84791615E-01  7.67644789E-02
 -2.38116935E+00  1.00000000E+00  2.06832928E+00 -1.94435856E-01  4.02193266E-01  1.06155741E+00  9.84790345E-01  7.67670612E-02
 -2.35641613E+00  1.00000000E+00  2.04874700E+00 -1.94434929E-01  4.02193144E-01  1.06155872E+00  9.84789075E-01  7.67696435E-02
 -2.33166290E+00  1.00000000E+00  2.02916740E+00 -1.94435683E-01  4.02191656E-01  1.06155615E+00  9.84791288E-01  7.67648622E-02
 -2.30690967E+00  1.00000000E+00  2.00958780E+00 -1.94436437E-01  4.02190343E-01  1.06155358E+00  9.84793501E-01  7.67600809E-02
 -2.28215645E+00  1.00000000E+00  1.99000684E+00 -1.94437029E-01  4.02188833E-01  1.06155199E+00  9.84794942E-01  7.67570430E-02
 -2.25740322E+00  1.00000000E+00  1.97042588E+00 -1.94437621E-01  4.02187382E-01  1.06155039E+00  9.84796383E-01  7.67540050E-02
 -2.23265000E+00  1.00000000E+00  1.95084632E+00 -1.94437913E-01  4.02186519E-01  1.06154810E+00  9.84798221E-01  7.67498829E-02
 -2.20789677E+00  1.00000000E+00  1.93126677E+00 -1.94438206E-01  4.02184060E-01  1.06154582E+00  9.84800058E-01  7.67457609E-02
 -2.18314354E+00  1.00000000E+00  1.91168061E+00 -1.94435110E-01  4.02185189E-01  1.06155102E+00  9.84794991E-01  7.67560309E-02
 -2.15839032E+00  1.00000000E+00  1.89209446E+00 -1.94432015E-01  4.02186091E-01  1.06155623E+00  9.84789924E-01  7.67663010E-02
 -2.13363709E+00  1.00000000E+00  1.87251496E+00 -1.94432517E-01  4.02184721E-01  1.06155511E+00  9.84790942E-01  7.67641673E-02
 -2.10888387E+00  1.00000000E+00  1.85293546E+00 -1.94433020E-01  4.02184392E-01  1.06155399E+00  9.84791960E-01  7.67620337E-02
 -2.08413064E+00  1.00000000E+00  1.83335358E+00 -1.94432359E-01  4.02184004E-01  1.06155458E+00  9.84791316E-01  7.67632605E-02
 -2.05937741E+00  1.00000000E+00  1.81377169E+00 -1.94431699E-01  4.02183040E-01  1.06155516E+00  9.84790671E-01  7.67644874E-02
 -2.03462419E+00  1.00000000E+00  1.79419126E+00 -1.94430737E-01  4.02182286E-01  1.06155434E+00  9.84790989E-01  7.67633546E-02
 -2.00987096E+00  1.00000000E+00  1.77461082E+00 -1.94429775E-01  4.02180320E-01  1.06155353E+00  9.84791306E-01  7.67622217E-02
 -1.98511774E+00  1.00000000E+00  1.75503134E+00 -1.94430045E-01  4.02177029E-01  1.06155092E+00  9.84793416E-01  7.67575062E-02
 -1.96036451E+00  1.00000000E+00  1.73545186E+00 -1.94430314E-01  4.02174306E-01  1.06154832E+00  9.84795526E-01  7.67527907E-02
 -1.93561128E+00  1.00000000E+00  1.71587318E+00 -1.94429735E-01  4.02172014E-01  1.06154582E+00  9.84797264E-01  7.67485580E-02
 -1.91085806E+00  1.00000000E+00  1.69629450E+00 -1.94429157E-01  4.02167864E-01  1.06154333E+00  9.84799003E-01  7.67443252E-02
 -1.88610483E+00  1.00000000E+00  1.67671583E+00 -1.94428149E-01  4.02164496E-01  1.06154123E+00  9.84800243E-01  7.67409917E-02
 -1.86135161E+00  1.00000000E+00  1.65713717E+00 -1.94427140E-01  4.02159649E-01  1.06153914E+00  9.84801482E-01  7.67376581E-02
 -1.83659838E+00  1.00000000E+00  1.63755304E+00 -1.94423767E-01  4.02158234E-01  1.06154296E+00  9.84797381E-01  7.67455785E-02
 -1.81184516E+00  1.00000000E+00  1.61796892E+00 -1.94420393E-01  4.02156483E-01  1.06154678E+00  9.84793280E-01  7.67534990E-02
 -1.78709193E+00  1.00000000E+00  1.59839709E+00 -1.94421171E-01  4.02152562E-01  1.06153973E+00  9.84799042E-01  7.67406908E-02
 -1.76233870E+00  1.00000000E+00  1.57882527E+00 -1.94421949E-01  4.02146194E-01  1.06153269E+00  9.84804803E-01  7.67278826E-02
 -1.73758548E+00  1.00000000E+00  1.55924717E+00 -1.94418466E-01  4.02141385E-01  1.06153268E+00  9.84803581E-01  7.67290979E-02
 -1.71283225E+00  1.00000000E+00  1.53966907E+00 -1.94414983E-01  4.02136202E-01  1.06153267E+00  9.84802358E-01  7.67303132E-02
 -1.68807903E+00  1.00000000E+00  1.52009319E+00 -1.94414574E-01  4.02129151E-01  1.06152820E+00  9.84805644E-01  7.67225515E-02
 -1.66332580E+00  1.00000000E+00  1.50051732E+00 -1.94414165E-01  4.02122336E-01  1.06152372E+00  9.84808930E-01  7.67147898E-02
 -1.63857257E+00  1.00000000E+00  1.48094258E+00 -1.94408390E-01  4.02118852E-01  1.06152669E+00  9.84804683E-01  7.67220049E-02
 -1.61381935E+00  1.00000000E+00  1.46136785E+00 -1.94402616E-01  4.02113595E-01  1.06152966E+00  9.84800435E-01  7.67292200E-02
 -1.58906612E+00  1.00000000E+00  1.44179658E+00 -1.94400953E-01  4.02104175E-01  1.06152489E+00  9.84803524E-01  7.67213649E-02
 -1.56431290E+00  1.00000000E+00  1.42222530E+00 -1.94399290E-01  4.02095953E-01  1.06152012E+00  9.84806613E-01  7.67135098E-02
 -1.53955967E+00  1.00000000E+00  1.40265450E+00 -1.94393295E-01  4.02089935E-01  1.06152256E+00  9.84802707E-01  7.67198561E-02
 -1.51480644E+00  1.00000000E+00  1.38308369E+00 -1.94387301E-01  4.02082887E-01  1.06152500E+00  9.84798801E-01  7.67262024E-02
 -1.49005322E+00  1.00000000E+00  1.36352006E+00 -1.94383527E-01  4.02073992E-01  1.06152087E+00  9.84800783E-01  7.67200820E-02
 -1.46529999E+00  1.00000000E+00  1.34395643E+00 -1.94379752E-01  4.02063696E-01  1.06151673E+00  9.84802766E-01  7.67139616E-02
 -1.44054677E+00  1.00000000E+00  1.32440221E+00 -1.94377639E-01  4.02051927E-01  1.06150652E+00  9.84809939E-01  7.66965842E-02
 -1.41579354E+00  1.00000000E+00  1.30484799E+00 -1.94375526E-01  4.02035927E-01  1.06149632E+00  9.84817112E-01  7.66792070E-02
 -1.39104031E+00  1.00000000E+00  1.28528641E+00 -1.94365692E-01  4.02027235E-01  1.06150233E+00  9.84809053E-01  7.66932825E-02
 -1.36628709E+00  1.00000000E+00  1.26572482E+00 -1.94355859E-01  4.02019676E-01  1.06150835E+00  9.84800993E-01  7.67073580E-02
 -1.34153386E+00  1.00000000E+00  1.24618157E+00 -1.94352642E-01  4.02006975E-01  1.06150215E+00  9.84804712E-01  7.66974390E-02
 -1.31678064E+00  1.00000000E+00  1.22663831E+00 -1.94349425E-01  4.01994716E-01  1.06149595E+00  9.84808432E-01  7.66875200E-02
 -1.29202741E+00  1.00000000E+00  1.20710204E+00 -1.94343988E-01  4.01982924E-01  1.06149098E+00  9.84810502E-01  7.66804780E-02
 -1.26727418E+00  1.00000000E+00  1.18756577E+00 -1.94338551E-01  4.01968794E-01  1.06148601E+00  9.84812571E-01  7.66734359E-02
 -1.24252096E+00  1.00000000E+00  1.16804573E+00 -1.94336024E-01  4.01956759E-01  1.06147677E+00  9.84818928E-01  7.66578461E-02
 -1.21776773E+00  1.00000000E+00  1.14852570E+00 -1.94333496E-01  4.01940472E-01  1.06146754E+00  9.84825284E-01  7.66422563E-02
 -1.19301451E+00  1.00000000E+00  1.12900433E+00 -1.94323581E-01  4.01932514E-01  1.06147504E+00  9.84816005E-01  7.66590343E-02
 -1.16826128E+00  1.00000000E+00  1.10948296E+00 -1.94313666E-01  4.01928186E-01  1.06148254E+00  9.84806725E-01  7.66758123E-02
 -1.14350806E+00  1.00000000E+00  1.08999541E+00 -1.94313888E-01  4.01920286E-01  1.06147455E+00  9.84813179E-01  7.66613665E-02
 -1.11875483E+00  1.00000000E+00  1.07050785E+00 -1.94314109E-01  4.01912603E-01  1.06146655E+00  9.84819633E-01  7.66469208E-02
 -1.09400160E+00  1.00000000E+00  1.05103581E+00 -1.94315828E-01  4.01912225E-01  1.06146619E+00  9.84820407E-01  7.66457792E-02
 -1.06924838E+00  1.00000000E+00  1.03156377E+00 -1.94317548E-01  4.01913855E-01  1.06146582E+00  9.84821181E-01  7.66446376E-02
 -1.04449515E+00  1.00000000E+00  1.01211392E+00 -1.94318429E-01  4.01920107E-01  1.06147072E+00  9.84817790E-01  7.66529289E-02
 -1.01974193E+00  1.00000000E+00  9.92664067E-01 -1.94319310E-01  4.01927305E-01  1.06147562E+00  9.84814399E-01  7.66612203E-02
 -9.94988700E-01  1.00000000E+00  9.73249951E-01 -1.94330593E-01  4.01948850E-01  1.06148048E+00  9.84814879E-01  7.66655991E-02
 -9.70235474E-01  1.00000000E+00  9.53835835E-01 -1.94341877E-01  4.01976493E-01  1.06148534E+00  9.84815359E-01  7.66699779E-02
 -9.45482248E-01  1.00000000E+00  9.34455751E-01 -1.94362982E-01  4.02017472E-01  1.06149992E+00  9.84810910E-01  7.66890130E-02
 -9.20729022E-01  1.00000000E+00  9.15075667E-01 -1.94384088E-01  4.02064684E-01  1.06151451E+00  9.84806461E-01  7.67080482E-02
 -8.95975796E-01  1.00000000E+00  8.95741744E-01 -1.94410864E-01  4.02131211E-01  1.06153814E+00  9.84797275E-01  7.67408598E-02
 -8.71222570E-01  1.00000000E+00  8.76407821E-01 -1.94437640E-01  4.02205640E-01  1.06156176E+00  9.84788090E-01  7.67736717E-02
 -8.46469344E-01  1.00000000E+00  8.57125374E-01 -1.94494347E-01  4.02320033E-01  1.06159157E+00  9.84785223E-01  7.68063474E-02
 -8.21716118E-01  1.00000000E+00  8.37842926E-01 -1.94551055E-01  4.02438667E-01  1.06162138E+00  9.84782359E-01  7.68390235E-02
 -7.97201467E-01  1.00000000E+00  8.18820598E-01 -1.94631793E-01  4.02609765E-01  1.06167024E+00  9.84772372E-01  7.68978636E-02
 -7.72686817E-01  1.00000000E+00  7.99798270E-01 -1.94712533E-01  4.02789414E-01  1.06171910E+00  9.84762392E-01  7.69567048E-02
 -7.49503432E-01  1.00000000E+00  7.81874162E-01 -1.94817097E-01  4.03010125E-01  1.06179259E+00  9.84740601E-01  7.70519837E-02
 -7.26320047E-01  1.00000000E+00  7.63950055E-01 -1.94921664E-01  4.03254393E-01  1.06186609E+00  9.84718822E-01  7.71472650E-02
 -7.04527831E-01  1.00000000E+00  7.47170157E-01 -1.95062404E-01  4.03545439E-01  1.06194622E+00  9.84707652E-01  7.72385671E-02
 -6.82735615E-01  1.00000000E+00  7.30390260E-01 -1.95203149E-01  4.03861605E-01  1.06202637E+00  9.84696502E-01  7.73298725E-02
 -6.62251087E-01  1.00000000E+00  7.14706239E-01 -1.95380430E-01  4.04242045E-01  1.06214987E+00  9.84659915E-01  7.74899538E-02
 -6.41766559E-01  1.00000000E+00  6.99022218E-01 -1.95557720E-01  4.04655381E-01  1.06227340E+00  9.84623362E-01  7.76500421E-02
 -6.22511254E-01  1.00000000E+00  6.84340862E-01 -1.95764899E-01  4.05104940E-01  1.06241478E+00  9.84584491E-01  7.78302915E-02
 -6.03255949E-01  1.00000000E+00  6.69659505E-01 -1.95972089E-01  4.05593992E-01  1.06255622E+00  9.84545666E-01  7.80105502E-02
 -5.85156097E-01  1.00000000E+00  6.55942116E-01 -1.96233242E-01  4.06150902E-01  1.06271938E+00  9.84510522E-01  7.82088573E-02
 -5.67056245E-01  1.00000000E+00  6.42224728E-01 -1.96494413E-01  4.06746628E-01  1.06288263E+00  9.84475448E-01  7.84071773E-02
 -5.50042515E-01  1.00000000E+00  6.29405582E-01 -1.96806883E-01  4.07432210E-01  1.06310030E+00  9.84412708E-01  7.86875966E-02
 -5.33028786E-01  1.00000000E+00  6.16586437E-01 -1.97119381E-01  4.08146226E-01  1.06331811E+00  9.84350071E-01  7.89680375E-02
 -5.17036006E-01  1.00000000E+00  6.04632340E-01 -1.97494545E-01  4.08934209E-01  1.06355502E+00  9.84299334E-01  7.92556835E-02
 -5.01043227E-01  1.00000000E+00  5.92678242E-01 -1.97869749E-01  4.09780637E-01  1.06379210E+00  9.84248740E-01  7.95433568E-02
 -4.86010125E-01  1.00000000E+00  5.81516543E-01 -1.98295794E-01  4.10688206E-01  1.06407251E+00  9.84180085E-01  7.98924298E-02
 -4.70977023E-01  1.00000000E+00  5.70354844E-01 -1.98721891E-01  4.11673503E-01  1.06435316E+00  9.84111618E-01  8.02415402E-02
 -4.56846016E-01  1.00000000E+00  5.59928210E-01 -1.99193902E-01  4.12713067E-01  1.06467452E+00  9.84025494E-01  8.06490261E-02
 -4.42715008E-01  1.00000000E+00  5.49501575E-01 -1.99665977E-01  4.13833691E-01  1.06499616E+00  9.83939605E-01  8.10565598E-02
 -4.29431964E-01  1.00000000E+00  5.39815517E-01 -2.00259674E-01  4.15061138E-01  1.06537928E+00  9.83857332E-01  8.15219445E-02
 -4.16148920E-01  1.00000000E+00  5.30129459E-01 -2.00853474E-01  4.16371476E-01  1.06576282E+00  9.83775422E-01  8.19874012E-02
 -4.03662954E-01  1.00000000E+00  5.21103870E-01 -2.01451641E-01  4.17672133E-01  1.06616704E+00  9.83671656E-01  8.24953819E-02
 -3.91176988E-01  1.00000000E+00  5.12078281E-01 -2.02049912E-01  4.19097087E-01  1.06657170E+00  9.83568265E-01  8.30034388E-02
 -3.79440270E-01  1.00000000E+00  5.03613450E-01 -2.02759015E-01  4.20633817E-01  1.06704912E+00  9.83452135E-01  8.35969883E-02
 -3.67703552E-01  1.00000000E+00  4.95148618E-01 -2.03468266E-01  4.22252985E-01  1.06752717E+00  9.83336528E-01  8.41906462E-02
 -3.56671122E-01  1.00000000E+00  4.87366739E-01 -2.04246191E-01  4.23957235E-01  1.06806671E+00  9.83197941E-01  8.48687735E-02
 -3.45638692E-01  1.00000000E+00  4.79584860E-01 -2.05024296E-01  4.25748385E-01  1.06860703E+00  9.83059989E-01  8.55470378E-02
 -3.35268287E-01  1.00000000E+00  4.72295066E-01 -2.05859345E-01  4.27549102E-01  1.06916881E+00  9.82927691E-01  8.62411208E-02
 -3.24897882E-01  1.00000000E+00  4.65005271E-01 -2.06694600E-01  4.29499676E-01  1.06973147E+00  9.82796116E-01  8.69353539E-02
 -3.15149775E-01  1.00000000E+00  4.58294255E-01 -2.07663095E-01  4.31570128E-01  1.07036268E+00  9.82670185E-01  8.76924934E-02
 -3.05401669E-01  1.00000000E+00  4.51583238E-01 -2.08631871E-01  4.33711495E-01  1.07099504E+00  9.82545212E-01  8.84498291E-02
 -2.96238520E-01  1.00000000E+00  4.45276006E-01 -2.09622860E-01  4.35876176E-01  1.07173573E+00  9.82330107E-01  8.94056251E-02
 -2.87075371E-01  1.00000000E+00  4.38968774E-01 -2.10614149E-01  4.38274097E-01  1.07247773E+00  9.82116059E-01  9.03616707E-02
 -2.78462077E-01  1.00000000E+00  4.33169720E-01 -2.11748181E-01  4.40737255E-01  1.07328951E+00  9.81911960E-01  9.13775463E-02
 -2.69848783E-01  1.00000000E+00  4.27370666E-01 -2.12882610E-01  4.43339520E-01  1.07410294E+00  9.81709212E-01  9.23937331E-02
 -2.61752348E-01  1.00000000E+00  4.22043514E-01 -2.14078338E-01  4.45948571E-01  1.07491786E+00  9.81535979E-01  9.33818859E-02
 -2.53655913E-01  1.00000000E+00  4.16716361E-01 -2.15274505E-01  4.48704859E-01  1.07573458E+00  9.81364217E-01  9.43703606E-02
 -2.46045323E-01  1.00000000E+00  4.11775870E-01 -2.16547025E-01  4.51580997E-01  1.07667925E+00  9.81116613E-01  9.55626384E-02
 -2.38434732E-01  1.00000000E+00  4.06835380E-01 -2.17820056E-01  4.54538238E-01  1.07762606E+00  9.80870725E-01  9.67553324E-02
 -2.31280830E-01  1.00000000E+00  4.02301433E-01 -2.19189816E-01  4.57589463E-01  1.07862054E+00  9.80633631E-01  9.79869132E-02
 -2.24126928E-01  1.00000000E+00  3.97767486E-01 -2.20560171E-01  4.60756209E-01  1.07961746E+00  9.80398499E-01  9.92189638E-02
 -2.17402314E-01  1.00000000E+00  3.93542381E-01 -2.22031586E-01  4.64037401E-01  1.08070088E+00  9.80141312E-01  1.00559563E-01
 -2.10677699E-01  1.00000000E+00  3.89317276E-01 -2.23503700E-01  4.67425911E-01  1.08178711E+00  9.79886391E-01  1.01900721E-01
 -2.04351753E-01  1.00000000E+00  3.85501266E-01 -2.25069614E-01  4.70987317E-01  1.08299241E+00  9.79577009E-01  1.03415397E-01
 -1.98025807E-01  1.00000000E+00  3.81685257E-01 -2.26636336E-01  4.74627430E-01  1.08420098E+00  9.79270230E-01  1.04930754E-01
 -1.91837501E-01  1.00000000E+00  3.78038806E-01 -2.28408380E-01  4.78584942E-01  1.08550570E+00  9.78988687E-01  1.06517009E-01
 -1.85649194E-01  1.00000000E+00  3.74392355E-01 -2.30181463E-01  4.82654573E-01  1.08681448E+00  9.78710395E-01  1.08104086E-01
 -1.79460888E-01  1.00000000E+00  3.70917922E-01 -2.32137135E-01  4.87161010E-01  1.08842322E+00  9.78264057E-01  1.10159161E-01
 -1.73272582E-01  1.00000000E+00  3.67443488E-01 -2.34094121E-01  4.91801668E-01  1.09003729E+00  9.77821865E-01  1.12215426E-01
 -1.67084275E-01  1.00000000E+00  3.64028764E-01 -2.36363380E-01  4.96901581E-01  1.09178542E+00  9.77434649E-01  1.14350775E-01
 -1.60895969E-01  1.00000000E+00  3.60614040E-01 -2.38634407E-01  5.02221273E-01  1.09354039E+00  9.77052798E-01  1.16487592E-01
 -1.54707662E-01  1.00000000E+00  3.57400513E-01 -2.41199656E-01  5.08241356E-01  1.09572048E+00  9.76461336E-01  1.19259141E-01
 -1.48519356E-01  1.00000000E+00  3.54186987E-01 -2.43767256E-01  5.14473237E-01  1.09790990E+00  9.75877014E-01  1.22032883E-01
 -1.42331049E-01  1.00000000E+00  3.51327692E-01 -2.46941908E-01  5.21495419E-01  1.10045235E+00  9.75332527E-01  1.25119826E-01
 -1.36142743E-01  1.00000000E+00  3.48468397E-01 -2.50120193E-01  5.28976630E-01  1.10300842E+00  9.74798531E-01  1.28209893E-01
 -1.29954436E-01  1.00000000E+00  3.45925822E-01 -2.53567977E-01  5.36990278E-01  1.10599269E+00  9.74058673E-01  1.31934017E-01
 -1.23766130E-01  1.00000000E+00  3.43383248E-01 -2.57020203E-01  5.45582421E-01  1.10899388E+00  9.73331555E-01  1.35662321E-01
 -1.17577823E-01  1.00000000E+00  3.40903720E-01 -2.61254862E-01  5.55428033E-01  1.11279930E+00  9.72383104E-01  1.40416193E-01
 -1.11389517E-01  1.00000000E+00  3.38424192E-01 -2.65496478E-01  5.65837525E-01  1.11663085E+00  9.71453990E-01  1.45176862E-01
 -1.05201210E-01  1.00000000E+00  3.36651239E-01 -2.70714258E-01  5.78011567E-01  1.12145328E+00  9.70287794E-01  1.51165481E-01
 -9.90129037E-02  1.00000000E+00  3.34878286E-01 -2.75942987E-01  5.90866847E-01  1.12631599E+00  9.69150921E-01  1.57165066E-01
 -9.28245972E-02  1.00000000E+00  3.33991371E-01 -2.81986462E-01  6.05917188E-01  1.13248096E+00  9.67466093E-01  1.65014872E-01
 -8.66362908E-02  1.00000000E+00  3.33104456E-01 -2.88045573E-01  6.21777150E-01  1.13870447E+00  9.65822347E-01  1.72882120E-01
 -8.04479843E-02  1.00000000E+00  3.32583682E-01 -2.96348981E-01  6.41108090E-01  1.14677192E+00  9.64144577E-01  1.82627342E-01
 -7.42596778E-02  1.00000000E+00  3.32062908E-01 -3.04682604E-01  6.61924549E-01  1.15494357E+00  9.62539626E-01  1.92403942E-01
 -6.80713713E-02  1.00000000E+00  3.34090571E-01 -3.13895696E-01  6.86818153E-01  1.16638014E+00  9.59010095E-01  2.07370041E-01
 -6.18830648E-02  1.00000000E+00  3.36118234E-01 -3.23151520E-01  7.14899033E-01  1.17797980E+00  9.55585546E-01  2.22394255E-01
 -5.56947583E-02  1.00000000E+00  3.36652863E-01 -3.37953169E-01  7.49422087E-01  1.19387874E+00  9.52733454E-01  2.41145290E-01
 -4.95064519E-02  1.00000000E+00  3.37187492E-01 -3.52863292E-01  7.89792413E-01  1.21012872E+00  9.50109352E-01  2.60019369E-01
 -4.33181454E-02  1.00000000E+00  3.69520433E-01 -3.72978824E-01  8.40668193E-01  1.24065123E+00  9.41175502E-01  2.99475727E-01
 -3.71298389E-02  1.00000000E+00  4.01853374E-01 -3.93352210E-01  9.04522811E-01  1.27212889E+00  9.32774392E-01  3.39354496E-01
 -3.09415324E-02  1.00000000E+00  3.28902714E-01 -4.16979685E-01  9.97283312E-01  1.29818310E+00  9.31155129E-01  3.67027967E-01
 -2.47532259E-02  1.00000000E+00  2.55952054E-01 -4.40908221E-01  1.08374067E+00  1.32508720E+00  9.30053049E-01  3.95034153E-01
 -1.85649194E-02  1.00000000E+00  7.14208029E-01 -5.23949154E-01  1.26004941E+00  1.48755537E+00  8.93901657E-01  5.93653715E-01
 -1.23766130E-02  1.00000000E+00  1.17246401E+00 -6.13192580E-01  1.62607766E+00  1.67164113E+00  8.66633345E-01  8.05007790E-01
 -6.18830648E-03  1.00000000E+00 -1.65333952E-01 -3.33560790E-01  2.56698065E+00  2.11356988E+00  5.70264717E-01  1.54330517E+00
  0.00000000E+00  1.00000000E+00 -1.50313191E+00 -4.02039157E-02  4.30612582E+00  2.83951603E+00  3.93520939E-01  2.44599509E+00
