# curve 5 (die wall), step =      100, time =   4.00000000E+01
# N1 = tau_xx - tau_yy = G ( c_xx - c_yy ),  G =  6.3636E-02  (polymer part only)
#              x               y        pressure            c_xy        gammadot            c_xx            c_yy              N1
 -3.00000000E+00  1.00000000E+00  2.73983267E+00 -3.39264728E+00  4.26329627E-01  2.58675208E+01  8.92268593E-01  1.58933423E+00
 -2.97524677E+00  1.00000000E+00  2.72272706E+00 -3.39287026E+00  4.26393122E-01  2.58680713E+01  8.92310359E-01  1.58936660E+00
 -2.95049355E+00  1.00000000E+00  2.70562144E+00 -3.39309324E+00  4.26446142E-01  2.58686218E+01  8.92352128E-01  1.58939898E+00
 -2.92574032E+00  1.00000000E+00  2.68852308E+00 -3.39345209E+00  4.26478841E-01  2.58708609E+01  8.92411573E-01  1.58953769E+00
 -2.90098710E+00  1.00000000E+00  2.67142472E+00 -3.39381097E+00  4.26472910E-01  2.58731003E+01  8.92471023E-01  1.58967641E+00
 -2.87623387E+00  1.00000000E+00  2.65469784E+00 -3.39489173E+00  4.26421019E-01  2.58811250E+01  8.92629491E-01  1.59017699E+00
 -2.85148064E+00  1.00000000E+00  2.63797095E+00 -3.39597282E+00  4.26329503E-01  2.58891522E+01  8.92788005E-01  1.59067772E+00
 -2.82672742E+00  1.00000000E+00  2.62081180E+00 -3.39366478E+00  4.26301406E-01  2.58817022E+01  8.92334536E-01  1.59023249E+00
 -2.80197419E+00  1.00000000E+00  2.60365264E+00 -3.39135763E+00  4.26360569E-01  2.58742548E+01  8.91881389E-01  1.58978740E+00
 -2.77722097E+00  1.00000000E+00  2.58652913E+00 -3.39247577E+00  4.26375336E-01  2.58720760E+01  8.92176865E-01  1.58962994E+00
 -2.75246774E+00  1.00000000E+00  2.56940561E+00 -3.39359377E+00  4.26383699E-01  2.58698978E+01  8.92472439E-01  1.58947252E+00
 -2.72771451E+00  1.00000000E+00  2.55260303E+00 -3.39405676E+00  4.26365711E-01  2.58711491E+01  8.92588986E-01  1.58954474E+00
 -2.70296129E+00  1.00000000E+00  2.53580045E+00 -3.39451978E+00  4.26321147E-01  2.58724005E+01  8.92705550E-01  1.58961695E+00
 -2.67820806E+00  1.00000000E+00  2.51864942E+00 -3.39340469E+00  4.26309721E-01  2.58712461E+01  8.92412166E-01  1.58956216E+00
 -2.65345484E+00  1.00000000E+00  2.50149840E+00 -3.39228973E+00  4.26351376E-01  2.58700920E+01  8.92118879E-01  1.58950738E+00
 -2.62870161E+00  1.00000000E+00  2.48451279E+00 -3.39294112E+00  4.26386464E-01  2.58694253E+01  8.92286819E-01  1.58945427E+00
 -2.60394839E+00  1.00000000E+00  2.46752718E+00 -3.39359248E+00  4.26398249E-01  2.58687587E+01  8.92454792E-01  1.58940116E+00
 -2.57919516E+00  1.00000000E+00  2.45053805E+00 -3.39432885E+00  4.26455194E-01  2.58713487E+01  8.92615656E-01  1.58955574E+00
 -2.55444193E+00  1.00000000E+00  2.43354891E+00 -3.39506533E+00  4.26442314E-01  2.58739390E+01  8.92776556E-01  1.58971034E+00
 -2.52968871E+00  1.00000000E+00  2.41667555E+00 -3.39533514E+00  4.26382912E-01  2.58795401E+01  8.92772085E-01  1.59006705E+00
 -2.50493548E+00  1.00000000E+00  2.39980220E+00 -3.39560495E+00  4.26323929E-01  2.58851424E+01  8.92767610E-01  1.59042385E+00
 -2.48018226E+00  1.00000000E+00  2.38251082E+00 -3.39365134E+00  4.26378463E-01  2.58795707E+01  8.92338771E-01  1.59009658E+00
 -2.45542903E+00  1.00000000E+00  2.36521945E+00 -3.39169837E+00  4.26475714E-01  2.58740005E+01  8.91910180E-01  1.58976938E+00
 -2.43067580E+00  1.00000000E+00  2.34818623E+00 -3.39296853E+00  4.26545706E-01  2.58751749E+01  8.92179053E-01  1.58982701E+00
 -2.40592258E+00  1.00000000E+00  2.33115301E+00 -3.39423877E+00  4.26589972E-01  2.58763497E+01  8.92448035E-01  1.58988465E+00
 -2.38116935E+00  1.00000000E+00  2.31434261E+00 -3.39531520E+00  4.26558867E-01  2.58794440E+01  8.92699888E-01  1.59006553E+00
 -2.35641613E+00  1.00000000E+00  2.29753220E+00 -3.39639183E+00  4.26506385E-01  2.58825387E+01  8.92951819E-01  1.59024644E+00
 -2.33166290E+00  1.00000000E+00  2.28035399E+00 -3.39458331E+00  4.26523044E-01  2.58844624E+01  8.92434772E-01  1.59040176E+00
 -2.30690967E+00  1.00000000E+00  2.26317578E+00 -3.39277473E+00  4.26594093E-01  2.58863872E+01  8.91918002E-01  1.59055713E+00
 -2.28215645E+00  1.00000000E+00  2.24603197E+00 -3.39355547E+00  4.26654962E-01  2.58862556E+01  8.92097961E-01  1.59053730E+00
 -2.25740322E+00  1.00000000E+00  2.22888816E+00 -3.39433620E+00  4.26681645E-01  2.58861241E+01  8.92277964E-01  1.59051748E+00
 -2.23265000E+00  1.00000000E+00  2.21211775E+00 -3.39636608E+00  4.26646893E-01  2.58920735E+01  8.92731359E-01  1.59086723E+00
 -2.20789677E+00  1.00000000E+00  2.19534735E+00 -3.39839665E+00  4.26553828E-01  2.58980246E+01  8.93185025E-01  1.59121706E+00
 -2.18314354E+00  1.00000000E+00  2.17821672E+00 -3.39619659E+00  4.26519906E-01  2.58921186E+01  8.92706304E-01  1.59087169E+00
 -2.15839032E+00  1.00000000E+00  2.16108608E+00 -3.39399728E+00  4.26571415E-01  2.58862146E+01  8.92227897E-01  1.59052642E+00
 -2.13363709E+00  1.00000000E+00  2.14396047E+00 -3.39383178E+00  4.26646284E-01  2.58859640E+01  8.92160790E-01  1.59051475E+00
 -2.10888387E+00  1.00000000E+00  2.12683485E+00 -3.39366629E+00  4.26732477E-01  2.58857135E+01  8.92093688E-01  1.59050308E+00
 -2.08413064E+00  1.00000000E+00  2.10975722E+00 -3.39451984E+00  4.26807946E-01  2.58871209E+01  8.92265027E-01  1.59058174E+00
 -2.05937741E+00  1.00000000E+00  2.09267959E+00 -3.39537345E+00  4.26825732E-01  2.58885286E+01  8.92436413E-01  1.59066041E+00
 -2.03462419E+00  1.00000000E+00  2.07570214E+00 -3.39517060E+00  4.26813383E-01  2.58899727E+01  8.92387423E-01  1.59075543E+00
 -2.00987096E+00  1.00000000E+00  2.05872470E+00 -3.39496772E+00  4.26805468E-01  2.58914169E+01  8.92338436E-01  1.59085045E+00
 -1.98511774E+00  1.00000000E+00  2.04153858E+00 -3.39525740E+00  4.26788891E-01  2.58897947E+01  8.92436128E-01  1.59074100E+00
 -1.96036451E+00  1.00000000E+00  2.02435246E+00 -3.39554704E+00  4.26755192E-01  2.58881725E+01  8.92533828E-01  1.59063155E+00
 -1.93561128E+00  1.00000000E+00  2.00756155E+00 -3.39698671E+00  4.26679016E-01  2.58905454E+01  8.92908866E-01  1.59075869E+00
 -1.91085806E+00  1.00000000E+00  1.99077065E+00 -3.39842666E+00  4.26575295E-01  2.58929189E+01  8.93284063E-01  1.59088585E+00
 -1.88610483E+00  1.00000000E+00  1.97344104E+00 -3.39531129E+00  4.26536228E-01  2.58892014E+01  8.92505243E-01  1.59069884E+00
 -1.86135161E+00  1.00000000E+00  1.95611142E+00 -3.39219687E+00  4.26574478E-01  2.58854861E+01  8.91727142E-01  1.59051193E+00
 -1.83659838E+00  1.00000000E+00  1.93895680E+00 -3.39421682E+00  4.26585026E-01  2.58790343E+01  8.92394284E-01  1.59005891E+00
 -1.81184516E+00  1.00000000E+00  1.92180217E+00 -3.39623622E+00  4.26541655E-01  2.58725861E+01  8.93061824E-01  1.58960609E+00
 -1.78709193E+00  1.00000000E+00  1.90503062E+00 -3.39666832E+00  4.26427588E-01  2.58784428E+01  8.93113823E-01  1.58997548E+00
 -1.76233870E+00  1.00000000E+00  1.88825906E+00 -3.39710047E+00  4.26285038E-01  2.58843009E+01  8.93165822E-01  1.59034496E+00
 -1.73758548E+00  1.00000000E+00  1.87084217E+00 -3.39461943E+00  4.26225169E-01  2.58756492E+01  8.92670687E-01  1.58982590E+00
 -1.71283225E+00  1.00000000E+00  1.85342528E+00 -3.39213951E+00  4.26202844E-01  2.58670009E+01  8.92175922E-01  1.58930704E+00
 -1.68807903E+00  1.00000000E+00  1.83614515E+00 -3.39206296E+00  4.26105441E-01  2.58556520E+01  8.92383795E-01  1.58857162E+00
 -1.66332580E+00  1.00000000E+00  1.81886503E+00 -3.39198621E+00  4.26007492E-01  2.58443086E+01  8.92591671E-01  1.58783653E+00
 -1.63857257E+00  1.00000000E+00  1.80185548E+00 -3.39134930E+00  4.25943970E-01  2.58360779E+01  8.92596477E-01  1.58731246E+00
 -1.61381935E+00  1.00000000E+00  1.78484593E+00 -3.39071253E+00  4.25823407E-01  2.58278499E+01  8.92601290E-01  1.58678855E+00
 -1.58906612E+00  1.00000000E+00  1.76741066E+00 -3.38927921E+00  4.25642994E-01  2.58118761E+01  8.92530557E-01  1.58577654E+00
 -1.56431290E+00  1.00000000E+00  1.74997538E+00 -3.38784657E+00  4.25481768E-01  2.57959123E+01  8.92459865E-01  1.58476515E+00
 -1.53955967E+00  1.00000000E+00  1.73306667E+00 -3.38834283E+00  4.25258445E-01  2.57798490E+01  8.92920948E-01  1.58371361E+00
 -1.51480644E+00  1.00000000E+00  1.71615796E+00 -3.38883822E+00  4.25003984E-01  2.57637973E+01  8.93382115E-01  1.58266278E+00
 -1.49005322E+00  1.00000000E+00  1.69901847E+00 -3.38871789E+00  4.24657246E-01  2.57446612E+01  8.93809159E-01  1.58141785E+00
 -1.46529999E+00  1.00000000E+00  1.68187898E+00 -3.38859711E+00  4.24238211E-01  2.57255404E+01  8.94236284E-01  1.58017390E+00
 -1.44054677E+00  1.00000000E+00  1.66478683E+00 -3.38824002E+00  4.23805142E-01  2.57102868E+01  8.94574715E-01  1.57918168E+00
 -1.41579354E+00  1.00000000E+00  1.64769469E+00 -3.38788293E+00  4.23305894E-01  2.56950428E+01  8.94913247E-01  1.57819006E+00
 -1.39104031E+00  1.00000000E+00  1.63030210E+00 -3.38200776E+00  4.22742550E-01  2.56504596E+01  8.94272113E-01  1.57539375E+00
 -1.36628709E+00  1.00000000E+00  1.61290952E+00 -3.37614264E+00  4.22382657E-01  2.56059537E+01  8.93632326E-01  1.57260227E+00
 -1.34153386E+00  1.00000000E+00  1.59555319E+00 -3.37451019E+00  4.21960061E-01  2.55685057E+01  8.93953951E-01  1.57019875E+00
 -1.31678064E+00  1.00000000E+00  1.57819687E+00 -3.37287805E+00  4.21496778E-01  2.55311146E+01  8.94275508E-01  1.56779885E+00
 -1.29202741E+00  1.00000000E+00  1.56114291E+00 -3.37062670E+00  4.20890026E-01  2.54933660E+01  8.94513412E-01  1.56538153E+00
 -1.26727418E+00  1.00000000E+00  1.54408896E+00 -3.36837704E+00  4.20257319E-01  2.54556746E+01  8.94751396E-01  1.56296784E+00
 -1.24252096E+00  1.00000000E+00  1.52703832E+00 -3.36770294E+00  4.19622410E-01  2.54152870E+01  8.95492217E-01  1.56035058E+00
 -1.21776773E+00  1.00000000E+00  1.50998769E+00 -3.36702739E+00  4.18871375E-01  2.53749679E+01  8.96233189E-01  1.55773766E+00
 -1.19301451E+00  1.00000000E+00  1.49279285E+00 -3.35967096E+00  4.17793158E-01  2.53023969E+01  8.95825283E-01  1.55314547E+00
 -1.16826128E+00  1.00000000E+00  1.47559801E+00 -3.35233235E+00  4.16996578E-01  2.52300341E+01  8.95418998E-01  1.54856641E+00
 -1.14350806E+00  1.00000000E+00  1.45851064E+00 -3.34754129E+00  4.16116341E-01  2.51667801E+01  8.95506211E-01  1.54453561E+00
 -1.11875483E+00  1.00000000E+00  1.44142327E+00 -3.34275823E+00  4.15227915E-01  2.51036869E+01  8.95593841E-01  1.54051501E+00
 -1.09400160E+00  1.00000000E+00  1.42428846E+00 -3.33909741E+00  4.14306539E-01  2.50314156E+01  8.96187921E-01  1.53587813E+00
 -1.06924838E+00  1.00000000E+00  1.40715366E+00 -3.33544014E+00  4.13299721E-01  2.49593592E+01  8.96782031E-01  1.53125491E+00
 -1.04449515E+00  1.00000000E+00  1.39048352E+00 -3.32978660E+00  4.12048113E-01  2.48685072E+01  8.97261111E-01  1.52544293E+00
 -1.01974193E+00  1.00000000E+00  1.37381337E+00 -3.32414376E+00  4.10765035E-01  2.47779936E+01  8.97740535E-01  1.51965247E+00
 -9.94988700E-01  1.00000000E+00  1.35718481E+00 -3.31613437E+00  4.09269280E-01  2.46762563E+01  8.97896132E-01  1.51316837E+00
 -9.70235474E-01  1.00000000E+00  1.34055625E+00 -3.30814796E+00  4.07800333E-01  2.45749418E+01  8.98053248E-01  1.50671109E+00
 -9.45482248E-01  1.00000000E+00  1.32376847E+00 -3.30125586E+00  4.06301903E-01  2.44691147E+01  8.98559768E-01  1.49994441E+00
 -9.20729022E-01  1.00000000E+00  1.30698068E+00 -3.29438018E+00  4.04742336E-01  2.43637532E+01  8.99066923E-01  1.49320731E+00
 -8.95975796E-01  1.00000000E+00  1.29089183E+00 -3.28602904E+00  4.02945053E-01  2.42275495E+01  8.99835486E-01  1.48449089E+00
 -8.71222570E-01  1.00000000E+00  1.27480299E+00 -3.27770100E+00  4.01180890E-01  2.40921263E+01  9.00604613E-01  1.47582411E+00
 -8.46469344E-01  1.00000000E+00  1.25891532E+00 -3.26655962E+00  3.99002530E-01  2.39596815E+01  9.00706997E-01  1.46738929E+00
 -8.21716118E-01  1.00000000E+00  1.24302766E+00 -3.25546340E+00  3.96822809E-01  2.38279723E+01  9.00812862E-01  1.45900105E+00
 -7.97201467E-01  1.00000000E+00  1.22692640E+00 -3.24604210E+00  3.95078226E-01  2.36850563E+01  9.01484001E-01  1.44986369E+00
 -7.72686817E-01  1.00000000E+00  1.21082514E+00 -3.23665176E+00  3.93231322E-01  2.35430164E+01  9.02156170E-01  1.44078202E+00
 -7.49503432E-01  1.00000000E+00  1.19722433E+00 -3.23030078E+00  3.91037201E-01  2.34022954E+01  9.03756637E-01  1.43172519E+00
 -7.26320047E-01  1.00000000E+00  1.18362353E+00 -3.22395835E+00  3.88771375E-01  2.32624494E+01  9.05357617E-01  1.42272403E+00
 -7.04527831E-01  1.00000000E+00  1.17086338E+00 -3.20886531E+00  3.86330374E-01  2.31035837E+01  9.05039137E-01  1.41263465E+00
 -6.82735615E-01  1.00000000E+00  1.15810324E+00 -3.19385434E+00  3.84078642E-01  2.29458096E+01  9.04727861E-01  1.40261429E+00
 -6.62251087E-01  1.00000000E+00  1.14567673E+00 -3.18341951E+00  3.82299807E-01  2.28049802E+01  9.05149019E-01  1.39362562E+00
 -6.41766559E-01  1.00000000E+00  1.13325023E+00 -3.17302474E+00  3.80430128E-01  2.26650304E+01  9.05572071E-01  1.38469281E+00
 -6.22511254E-01  1.00000000E+00  1.12316699E+00 -3.16218993E+00  3.78265727E-01  2.25178200E+01  9.06156648E-01  1.37528767E+00
 -6.03255949E-01  1.00000000E+00  1.11308375E+00 -3.15139944E+00  3.76125674E-01  2.23715831E+01  9.06743779E-01  1.36594432E+00
 -5.85156097E-01  1.00000000E+00  1.10351724E+00 -3.13646163E+00  3.74025013E-01  2.22154354E+01  9.06383469E-01  1.35603058E+00
 -5.67056245E-01  1.00000000E+00  1.09395073E+00 -3.12160594E+00  3.72042753E-01  2.20603849E+01  9.06030030E-01  1.34618622E+00
 -5.50042515E-01  1.00000000E+00  1.08553905E+00 -3.11384914E+00  3.70238174E-01  2.19309501E+01  9.07111141E-01  1.33788066E+00
 -5.33028786E-01  1.00000000E+00  1.07712737E+00 -3.10611395E+00  3.68250461E-01  2.18022968E+01  9.08193357E-01  1.32962477E+00
 -5.17036006E-01  1.00000000E+00  1.07048759E+00 -3.10062919E+00  3.66101868E-01  2.16758898E+01  9.10036315E-01  1.32146340E+00
 -5.01043227E-01  1.00000000E+00  1.06384782E+00 -3.09515159E+00  3.63833121E-01  2.15502483E+01  9.11880963E-01  1.31335065E+00
 -4.86010125E-01  1.00000000E+00  1.05681888E+00 -3.07833739E+00  3.61686207E-01  2.14111277E+01  9.10686903E-01  1.30457350E+00
 -4.70977023E-01  1.00000000E+00  1.04978994E+00 -3.06162120E+00  3.60155589E-01  2.12729054E+01  9.09504643E-01  1.29585278E+00
 -4.56846016E-01  1.00000000E+00  1.04491562E+00 -3.05482185E+00  3.58235878E-01  2.11580210E+01  9.10601712E-01  1.28847214E+00
 -4.42715008E-01  1.00000000E+00  1.04004129E+00 -3.04803964E+00  3.56442185E-01  2.10437762E+01  9.11699910E-01  1.28113213E+00
 -4.29431964E-01  1.00000000E+00  1.03536564E+00 -3.03993110E+00  3.54850058E-01  2.09441581E+01  9.12133568E-01  1.27476520E+00
 -4.16148920E-01  1.00000000E+00  1.03068998E+00 -3.03184948E+00  3.53351975E-01  2.08450186E+01  9.12569638E-01  1.26842857E+00
 -4.03662954E-01  1.00000000E+00  1.02717983E+00 -3.01928573E+00  3.51350057E-01  2.07280279E+01  9.12238122E-01  1.26100480E+00
 -3.91176988E-01  1.00000000E+00  1.02366969E+00 -3.00678168E+00  3.49652588E-01  2.06116959E+01  9.11913411E-01  1.25362252E+00
 -3.79440270E-01  1.00000000E+00  1.02074360E+00 -2.99891112E+00  3.48075882E-01  2.05086909E+01  9.12588339E-01  1.24702471E+00
 -3.67703552E-01  1.00000000E+00  1.01781751E+00 -2.99106684E+00  3.46520197E-01  2.04062101E+01  9.13265805E-01  1.24046009E+00
 -3.56671122E-01  1.00000000E+00  1.01587696E+00 -2.98445631E+00  3.45137619E-01  2.03142139E+01  9.14070472E-01  1.23455458E+00
 -3.45638692E-01  1.00000000E+00  1.01393642E+00 -2.97786488E+00  3.43583477E-01  2.02226413E+01  9.14877291E-01  1.22867589E+00
 -3.35268287E-01  1.00000000E+00  1.01309880E+00 -2.96509120E+00  3.41438293E-01  2.01136942E+01  9.14495916E-01  1.22176716E+00
 -3.24897882E-01  1.00000000E+00  1.01226118E+00 -2.95237862E+00  3.39730819E-01  2.00053346E+01  9.14123015E-01  1.21489528E+00
 -3.15149775E-01  1.00000000E+00  1.01146878E+00 -2.94554721E+00  3.38112000E-01  1.99055583E+01  9.15247854E-01  1.20847430E+00
 -3.05401669E-01  1.00000000E+00  1.01067638E+00 -2.93873736E+00  3.36445947E-01  1.98062917E+01  9.16375851E-01  1.20208555E+00
 -2.96238520E-01  1.00000000E+00  1.01060467E+00 -2.92804546E+00  3.34412017E-01  1.97178902E+01  9.16044347E-01  1.19648110E+00
 -2.87075371E-01  1.00000000E+00  1.01053297E+00 -2.91739645E+00  3.32701824E-01  1.96298834E+01  9.15719139E-01  1.19090136E+00
 -2.78462077E-01  1.00000000E+00  1.01128265E+00 -2.91170373E+00  3.31409627E-01  1.95418595E+01  9.16963679E-01  1.18522064E+00
 -2.69848783E-01  1.00000000E+00  1.01203234E+00 -2.90602701E+00  3.29955420E-01  1.94542409E+01  9.18211357E-01  1.17956551E+00
 -2.61752348E-01  1.00000000E+00  1.01362258E+00 -2.89300108E+00  3.27789705E-01  1.93445902E+01  9.17974912E-01  1.17260279E+00
 -2.53655913E-01  1.00000000E+00  1.01521282E+00 -2.88004058E+00  3.25964730E-01  1.92355580E+01  9.17748371E-01  1.16567880E+00
 -2.46045323E-01  1.00000000E+00  1.01716570E+00 -2.86957784E+00  3.24226224E-01  1.91366204E+01  9.18056190E-01  1.15936318E+00
 -2.38434732E-01  1.00000000E+00  1.01911858E+00 -2.85916097E+00  3.22300330E-01  1.90381937E+01  9.18371278E-01  1.15307961E+00
 -2.31280830E-01  1.00000000E+00  1.02220897E+00 -2.84461775E+00  3.19868373E-01  1.89166578E+01  9.18231587E-01  1.14535440E+00
 -2.24126928E-01  1.00000000E+00  1.02529935E+00 -2.83015758E+00  3.17693777E-01  1.87958982E+01  9.18105284E-01  1.13767773E+00
 -2.17402314E-01  1.00000000E+00  1.02817573E+00 -2.81589658E+00  3.15394593E-01  1.86519718E+01  9.18687874E-01  1.12848170E+00
 -2.10677699E-01  1.00000000E+00  1.03105210E+00 -2.80172463E+00  3.12986023E-01  1.85091552E+01  9.19283045E-01  1.11935550E+00
 -2.04351753E-01  1.00000000E+00  1.03524465E+00 -2.79013236E+00  3.10427223E-01  1.83724874E+01  9.20758785E-01  1.11056455E+00
 -1.98025807E-01  1.00000000E+00  1.03943720E+00 -2.77860603E+00  3.07580612E-01  1.82368426E+01  9.22246538E-01  1.10183793E+00
 -1.91837501E-01  1.00000000E+00  1.04410452E+00 -2.76143251E+00  3.04281710E-01  1.80442264E+01  9.23740887E-01  1.08948544E+00
 -1.85649194E-01  1.00000000E+00  1.04877183E+00 -2.74439812E+00  3.00879435E-01  1.78536695E+01  9.25255556E-01  1.07726270E+00
 -1.79460888E-01  1.00000000E+00  1.05523499E+00 -2.72948271E+00  2.96765539E-01  1.76712528E+01  9.27497936E-01  1.06551167E+00
 -1.73272582E-01  1.00000000E+00  1.06169814E+00 -2.71468117E+00  2.92370231E-01  1.74907306E+01  9.29761532E-01  1.05387985E+00
 -1.67084275E-01  1.00000000E+00  1.06783218E+00 -2.67457400E+00  2.86974153E-01  1.71737792E+01  9.28589318E-01  1.03378481E+00
 -1.60895969E-01  1.00000000E+00  1.07396622E+00 -2.63511910E+00  2.82144639E-01  1.68625727E+01  9.27516624E-01  1.01404902E+00
 -1.54707662E-01  1.00000000E+00  1.08391945E+00 -2.61386329E+00  2.76649640E-01  1.65631504E+01  9.32269892E-01  9.94692398E-01
 -1.48519356E-01  1.00000000E+00  1.09387268E+00 -2.59285844E+00  2.70133284E-01  1.62691767E+01  9.37073855E-01  9.75679273E-01
 -1.42331049E-01  1.00000000E+00  1.10447220E+00 -2.56364709E+00  2.62263883E-01  1.58342600E+01  9.44853334E-01  9.47507694E-01
 -1.36142743E-01  1.00000000E+00  1.11507171E+00 -2.53492389E+00  2.54559257E-01  1.54113104E+01  9.52739650E-01  9.20090863E-01
 -1.29954436E-01  1.00000000E+00  1.13011543E+00 -2.45526476E+00  2.42675633E-01  1.48106665E+01  9.50987330E-01  8.81979585E-01
 -1.23766130E-01  1.00000000E+00  1.14515915E+00 -2.37837701E+00  2.31742756E-01  1.42334392E+01  9.49685462E-01  8.45329786E-01
 -1.17577823E-01  1.00000000E+00  1.16384373E+00 -2.28400163E+00  2.17775317E-01  1.33850968E+01  9.55053977E-01  7.91002726E-01
 -1.11389517E-01  1.00000000E+00  1.18252831E+00 -2.19426293E+00  2.03078337E-01  1.25876399E+01  9.61165870E-01  7.39866528E-01
 -1.05201210E-01  1.00000000E+00  1.20878418E+00 -2.12462276E+00  1.87009347E-01  1.16432733E+01  9.85014468E-01  6.78252835E-01
 -9.90129037E-02  1.00000000E+00  1.23504005E+00 -2.05850392E+00  1.68918957E-01  1.07718277E+01  1.00984186E+00  6.21217283E-01
 -9.28245972E-02  1.00000000E+00  1.27955498E+00 -1.90462906E+00  1.44139356E-01  9.59142483E+00  1.02518730E+00  5.45124207E-01
 -8.66362908E-02  1.00000000E+00  1.32406990E+00 -1.76504150E+00  1.17884987E-01  8.54098470E+00  1.04370339E+00  4.77099720E-01
 -8.04479843E-02  1.00000000E+00  1.38002199E+00 -1.46182069E+00  8.96520528E-02  6.75856888E+00  1.05822343E+00  3.62749256E-01
 -7.42596778E-02  1.00000000E+00  1.43597407E+00 -1.21473649E+00  5.99292712E-02  5.34764810E+00  1.08700790E+00  2.71131649E-01
 -6.80713713E-02  1.00000000E+00  1.55000549E+00 -9.03183229E-01  2.43585047E-02  3.99761973E+00  1.12767585E+00  1.82632792E-01
 -6.18830648E-02  1.00000000E+00  1.66403691E+00 -6.60556838E-01  1.48504615E-02  2.98909224E+00  1.19751443E+00  1.14009497E-01
 -5.56947583E-02  1.00000000E+00  1.84323266E+00 -1.54119569E-01  4.64950506E-02  1.87614680E+00  1.24195980E+00  4.03573545E-02
 -4.95064519E-02  1.00000000E+00  2.02242842E+00  1.96602960E-01  8.72339431E-02  1.23599113E+00  1.40047952E+00 -1.04674433E-02
 -4.33181454E-02  1.00000000E+00  2.31597235E+00  9.20116777E-01  9.01941691E-02  1.70870191E+00  1.52081450E+00  1.19564717E-02
 -3.71298389E-02  1.00000000E+00  2.60951628E+00  1.91552773E+00  1.03933497E-01  2.69068123E+00  2.03778535E+00  4.15479198E-02
 -3.09415324E-02  1.00000000E+00  2.69814959E+00  8.73417622E-01  1.61256288E-01  1.80136360E+00  1.40095348E+00  2.54806439E-02
 -2.47532259E-02  1.00000000E+00  2.78678289E+00  1.13436216E-01  1.90897364E-01  1.43161319E+00  1.20295738E+00  1.45508240E-02
 -1.85649194E-02  1.00000000E+00  4.46938789E+00  2.55621840E+00  6.38748468E-01  6.91926275E+00  1.57416593E+00  3.40142525E-01
 -1.23766130E-02  1.00000000E+00  6.15199288E+00  1.46532856E+01  1.05980143E+00  3.68267002E+01  6.13220569E+00  1.95328601E+00
 -6.18830648E-03  1.00000000E+00  2.54290144E+00  1.19905420E+01  3.13198948E-01  9.49297483E+00  1.67295662E+01 -4.60510360E-01
  0.00000000E+00  1.00000000E+00 -1.06619001E+00  3.87999669E+01  1.25430802E+00  1.13715815E+01  1.34176418E+02 -7.81485323E+00
