# curve 5 (die wall), step =      700, time =   2.80000000E+02
# N1 = tau_xx - tau_yy = G ( c_xx - c_yy ),  G =  3.3333E-02  (polymer part only)
#              x               y        pressure            c_xy        gammadot            c_xx            c_yy              N1
 -3.00000000E+00  1.00000000E+00  2.59823645E+00 -1.08435078E+00  4.01183772E-01  3.40186679E+00  9.64747704E-01  8.12373028E-02
 -2.97524677E+00  1.00000000E+00  2.57857048E+00 -1.08428449E+00  4.01185340E-01  3.40175854E+00  9.64732426E-01  8.12342037E-02
 -2.95049355E+00  1.00000000E+00  2.55890450E+00 -1.08421820E+00  4.01186288E-01  3.40165029E+00  9.64717149E-01  8.12311047E-02
 -2.92574032E+00  1.00000000E+00  2.53923919E+00 -1.08428462E+00  4.01186970E-01  3.40180225E+00  9.64731638E-01  8.12356870E-02
 -2.90098710E+00  1.00000000E+00  2.51957388E+00 -1.08435104E+00  4.01186320E-01  3.40195421E+00  9.64746129E-01  8.12402695E-02
 -2.87623387E+00  1.00000000E+00  2.49991474E+00 -1.08451894E+00  4.01185139E-01  3.40236969E+00  9.64780536E-01  8.12529718E-02
 -2.85148064E+00  1.00000000E+00  2.48025560E+00 -1.08468687E+00  4.01183271E-01  3.40278522E+00  9.64814951E-01  8.12656756E-02
 -2.82672742E+00  1.00000000E+00  2.46058713E+00 -1.08449826E+00  4.01182190E-01  3.40238725E+00  9.64772316E-01  8.12538311E-02
 -2.80197419E+00  1.00000000E+00  2.44091866E+00 -1.08430967E+00  4.01183717E-01  3.40198933E+00  9.64729692E-01  8.12419880E-02
 -2.77722097E+00  1.00000000E+00  2.42125144E+00 -1.08430131E+00  4.01184338E-01  3.40185117E+00  9.64732492E-01  8.12372892E-02
 -2.75246774E+00  1.00000000E+00  2.40158422E+00 -1.08429294E+00  4.01185664E-01  3.40171301E+00  9.64735292E-01  8.12325907E-02
 -2.72771451E+00  1.00000000E+00  2.38192388E+00 -1.08430433E+00  4.01186427E-01  3.40180829E+00  9.64737530E-01  8.12356919E-02
 -2.70296129E+00  1.00000000E+00  2.36226354E+00 -1.08431572E+00  4.01185375E-01  3.40190356E+00  9.64739769E-01  8.12387931E-02
 -2.67820806E+00  1.00000000E+00  2.34259666E+00 -1.08431757E+00  4.01184242E-01  3.40184013E+00  9.64740173E-01  8.12366653E-02
 -2.65345484E+00  1.00000000E+00  2.32292978E+00 -1.08431941E+00  4.01185038E-01  3.40177671E+00  9.64740577E-01  8.12345376E-02
 -2.62870161E+00  1.00000000E+00  2.30326762E+00 -1.08430641E+00  4.01185781E-01  3.40173034E+00  9.64739615E-01  8.12330241E-02
 -2.60394839E+00  1.00000000E+00  2.28360547E+00 -1.08429342E+00  4.01185726E-01  3.40168397E+00  9.64738653E-01  8.12315106E-02
 -2.57919516E+00  1.00000000E+00  2.26394095E+00 -1.08428749E+00  4.01186163E-01  3.40173948E+00  9.64735700E-01  8.12334594E-02
 -2.55444193E+00  1.00000000E+00  2.24427643E+00 -1.08428156E+00  4.01185252E-01  3.40179499E+00  9.64732746E-01  8.12354083E-02
 -2.52968871E+00  1.00000000E+00  2.22461329E+00 -1.08440552E+00  4.01183584E-01  3.40208086E+00  9.64761024E-01  8.12439945E-02
 -2.50493548E+00  1.00000000E+00  2.20495015E+00 -1.08452949E+00  4.01180865E-01  3.40236675E+00  9.64789307E-01  8.12525814E-02
 -2.48018226E+00  1.00000000E+00  2.18528190E+00 -1.08438277E+00  4.01180707E-01  3.40203529E+00  9.64754668E-01  8.12426873E-02
 -2.45542903E+00  1.00000000E+00  2.16561364E+00 -1.08423607E+00  4.01182770E-01  3.40170386E+00  9.64720037E-01  8.12327943E-02
 -2.43067580E+00  1.00000000E+00  2.14594938E+00 -1.08422686E+00  4.01184196E-01  3.40163134E+00  9.64719540E-01  8.12303934E-02
 -2.40592258E+00  1.00000000E+00  2.12628511E+00 -1.08421765E+00  4.01186156E-01  3.40155882E+00  9.64719042E-01  8.12279926E-02
 -2.38116935E+00  1.00000000E+00  2.10662379E+00 -1.08422097E+00  4.01186528E-01  3.40161744E+00  9.64721461E-01  8.12298660E-02
 -2.35641613E+00  1.00000000E+00  2.08696246E+00 -1.08422429E+00  4.01184842E-01  3.40167606E+00  9.64723880E-01  8.12317394E-02
 -2.33166290E+00  1.00000000E+00  2.06729751E+00 -1.08426331E+00  4.01182968E-01  3.40174172E+00  9.64730694E-01  8.12337008E-02
 -2.30690967E+00  1.00000000E+00  2.04763255E+00 -1.08430232E+00  4.01182330E-01  3.40180738E+00  9.64737508E-01  8.12356623E-02
 -2.28215645E+00  1.00000000E+00  2.02796620E+00 -1.08430165E+00  4.01182384E-01  3.40175913E+00  9.64737982E-01  8.12340384E-02
 -2.25740322E+00  1.00000000E+00  2.00829985E+00 -1.08430099E+00  4.01182216E-01  3.40171089E+00  9.64738456E-01  8.12324146E-02
 -2.23265000E+00  1.00000000E+00  1.98863928E+00 -1.08439840E+00  4.01181490E-01  3.40199615E+00  9.64760671E-01  8.12411827E-02
 -2.20789677E+00  1.00000000E+00  1.96897871E+00 -1.08449581E+00  4.01178608E-01  3.40228144E+00  9.64782889E-01  8.12499516E-02
 -2.18314354E+00  1.00000000E+00  1.94930961E+00 -1.08435412E+00  4.01177085E-01  3.40192578E+00  9.64753202E-01  8.12390858E-02
 -2.15839032E+00  1.00000000E+00  1.92964051E+00 -1.08421245E+00  4.01177246E-01  3.40157016E+00  9.64723522E-01  8.12282211E-02
 -2.13363709E+00  1.00000000E+00  1.90997963E+00 -1.08421017E+00  4.01176429E-01  3.40153611E+00  9.64723014E-01  8.12271030E-02
 -2.10888387E+00  1.00000000E+00  1.89031874E+00 -1.08420790E+00  4.01176857E-01  3.40150206E+00  9.64722506E-01  8.12259850E-02
 -2.08413064E+00  1.00000000E+00  1.87065215E+00 -1.08420025E+00  4.01177568E-01  3.40146536E+00  9.64722528E-01  8.12247610E-02
 -2.05937741E+00  1.00000000E+00  1.85098557E+00 -1.08419261E+00  4.01176767E-01  3.40142866E+00  9.64722550E-01  8.12235370E-02
 -2.03462419E+00  1.00000000E+00  1.83132455E+00 -1.08420659E+00  4.01174536E-01  3.40151098E+00  9.64724942E-01  8.12262012E-02
 -2.00987096E+00  1.00000000E+00  1.81166354E+00 -1.08422057E+00  4.01172068E-01  3.40159329E+00  9.64727334E-01  8.12288654E-02
 -1.98511774E+00  1.00000000E+00  1.79199685E+00 -1.08422392E+00  4.01169754E-01  3.40153094E+00  9.64731159E-01  8.12266595E-02
 -1.96036451E+00  1.00000000E+00  1.77233016E+00 -1.08422726E+00  4.01167465E-01  3.40146860E+00  9.64734985E-01  8.12244537E-02
 -1.93561128E+00  1.00000000E+00  1.75267273E+00 -1.08430811E+00  4.01164527E-01  3.40170181E+00  9.64753574E-01  8.12316078E-02
 -1.91085806E+00  1.00000000E+00  1.73301531E+00 -1.08438896E+00  4.01160283E-01  3.40193503E+00  9.64772164E-01  8.12387624E-02
 -1.88610483E+00  1.00000000E+00  1.71334714E+00 -1.08435572E+00  4.01156921E-01  3.40179624E+00  9.64763736E-01  8.12344169E-02
 -1.86135161E+00  1.00000000E+00  1.69367897E+00 -1.08432248E+00  4.01154608E-01  3.40165746E+00  9.64755307E-01  8.12300717E-02
 -1.83659838E+00  1.00000000E+00  1.67401746E+00 -1.08424930E+00  4.01152600E-01  3.40150292E+00  9.64744825E-01  8.12252700E-02
 -1.81184516E+00  1.00000000E+00  1.65435595E+00 -1.08417613E+00  4.01149935E-01  3.40134840E+00  9.64734344E-01  8.12204684E-02
 -1.78709193E+00  1.00000000E+00  1.63470088E+00 -1.08434287E+00  4.01143661E-01  3.40177020E+00  9.64771728E-01  8.12332824E-02
 -1.76233870E+00  1.00000000E+00  1.61504581E+00 -1.08450964E+00  4.01134796E-01  3.40219206E+00  9.64809121E-01  8.12460979E-02
 -1.73758548E+00  1.00000000E+00  1.59537742E+00 -1.08443648E+00  4.01130235E-01  3.40195902E+00  9.64794186E-01  8.12388278E-02
 -1.71283225E+00  1.00000000E+00  1.57570904E+00 -1.08436333E+00  4.01126949E-01  3.40172600E+00  9.64779252E-01  8.12315583E-02
 -1.68807903E+00  1.00000000E+00  1.55604969E+00 -1.08433812E+00  4.01121016E-01  3.40154940E+00  9.64783333E-01  8.12255356E-02
 -1.66332580E+00  1.00000000E+00  1.53639034E+00 -1.08431291E+00  4.01113911E-01  3.40137281E+00  9.64787413E-01  8.12195132E-02
 -1.63857257E+00  1.00000000E+00  1.51673766E+00 -1.08428134E+00  4.01108496E-01  3.40138192E+00  9.64779322E-01  8.12200867E-02
 -1.61381935E+00  1.00000000E+00  1.49708499E+00 -1.08424976E+00  4.01102099E-01  3.40139104E+00  9.64771232E-01  8.12206602E-02
 -1.58906612E+00  1.00000000E+00  1.47742299E+00 -1.08418141E+00  4.01093034E-01  3.40108076E+00  9.64764943E-01  8.12105272E-02
 -1.56431290E+00  1.00000000E+00  1.45776098E+00 -1.08411307E+00  4.01084572E-01  3.40077051E+00  9.64758654E-01  8.12003951E-02
 -1.53955967E+00  1.00000000E+00  1.43811436E+00 -1.08404461E+00  4.01076670E-01  3.40059759E+00  9.64749554E-01  8.11949344E-02
 -1.51480644E+00  1.00000000E+00  1.41846773E+00 -1.08397615E+00  4.01068268E-01  3.40042467E+00  9.64740454E-01  8.11894740E-02
 -1.49005322E+00  1.00000000E+00  1.39882007E+00 -1.08399141E+00  4.01056964E-01  3.40043982E+00  9.64752790E-01  8.11895675E-02
 -1.46529999E+00  1.00000000E+00  1.37917240E+00 -1.08400667E+00  4.01042885E-01  3.40045496E+00  9.64765126E-01  8.11896611E-02
 -1.44054677E+00  1.00000000E+00  1.35953053E+00 -1.08416326E+00  4.01028208E-01  3.40078496E+00  9.64807867E-01  8.11992364E-02
 -1.41579354E+00  1.00000000E+00  1.33988867E+00 -1.08431986E+00  4.01009644E-01  3.40111499E+00  9.64850615E-01  8.12088126E-02
 -1.39104031E+00  1.00000000E+00  1.32024703E+00 -1.08408021E+00  4.00994421E-01  3.40051617E+00  9.64804159E-01  8.11904002E-02
 -1.36628709E+00  1.00000000E+00  1.30060539E+00 -1.08384060E+00  4.00983093E-01  3.39991745E+00  9.64757721E-01  8.11719909E-02
 -1.34153386E+00  1.00000000E+00  1.28097491E+00 -1.08381271E+00  4.00968780E-01  3.39966144E+00  9.64765196E-01  8.11632080E-02
 -1.31678064E+00  1.00000000E+00  1.26134443E+00 -1.08378482E+00  4.00953882E-01  3.39940544E+00  9.64772672E-01  8.11544257E-02
 -1.29202741E+00  1.00000000E+00  1.24172765E+00 -1.08380820E+00  4.00937984E-01  3.39942160E+00  9.64787566E-01  8.11544677E-02
 -1.26727418E+00  1.00000000E+00  1.22211087E+00 -1.08383158E+00  4.00919948E-01  3.39943775E+00  9.64802461E-01  8.11545097E-02
 -1.24252096E+00  1.00000000E+00  1.20250740E+00 -1.08388909E+00  4.00902666E-01  3.39945147E+00  9.64830187E-01  8.11540429E-02
 -1.21776773E+00  1.00000000E+00  1.18290393E+00 -1.08394660E+00  4.00880212E-01  3.39946520E+00  9.64857915E-01  8.11535761E-02
 -1.19301451E+00  1.00000000E+00  1.16330366E+00 -1.08374000E+00  4.00861594E-01  3.39895336E+00  9.64820299E-01  8.11377687E-02
 -1.16826128E+00  1.00000000E+00  1.14370340E+00 -1.08353343E+00  4.00847725E-01  3.39844160E+00  9.64782697E-01  8.11219635E-02
 -1.14350806E+00  1.00000000E+00  1.12413057E+00 -1.08358002E+00  4.00831508E-01  3.39839559E+00  9.64806409E-01  8.11196393E-02
 -1.11875483E+00  1.00000000E+00  1.10455774E+00 -1.08362661E+00  4.00815962E-01  3.39834958E+00  9.64830123E-01  8.11173152E-02
 -1.09400160E+00  1.00000000E+00  1.08500689E+00 -1.08357166E+00  4.00805865E-01  3.39814322E+00  9.64822655E-01  8.11106855E-02
 -1.06924838E+00  1.00000000E+00  1.06545603E+00 -1.08351673E+00  4.00795992E-01  3.39793687E+00  9.64815188E-01  8.11040561E-02
 -1.04449515E+00  1.00000000E+00  1.04593147E+00 -1.08346123E+00  4.00787412E-01  3.39777670E+00  9.64811017E-01  8.10988560E-02
 -1.01974193E+00  1.00000000E+00  1.02640690E+00 -1.08340573E+00  4.00778591E-01  3.39761653E+00  9.64806847E-01  8.10936561E-02
 -9.94988700E-01  1.00000000E+00  1.00691846E+00 -1.08345110E+00  4.00781361E-01  3.39776076E+00  9.64817964E-01  8.10980931E-02
 -9.70235474E-01  1.00000000E+00  9.87430013E-01 -1.08349648E+00  4.00789820E-01  3.39790499E+00  9.64829083E-01  8.11025304E-02
 -9.45482248E-01  1.00000000E+00  9.67976417E-01 -1.08350005E+00  4.00809711E-01  3.39801811E+00  9.64804167E-01  8.11071314E-02
 -9.20729022E-01  1.00000000E+00  9.48522820E-01 -1.08350362E+00  4.00834569E-01  3.39813123E+00  9.64779253E-01  8.11117325E-02
 -8.95975796E-01  1.00000000E+00  9.29126636E-01 -1.08353377E+00  4.00873158E-01  3.39843726E+00  9.64766318E-01  8.11223646E-02
 -8.71222570E-01  1.00000000E+00  9.09730453E-01 -1.08356393E+00  4.00917826E-01  3.39874332E+00  9.64753383E-01  8.11329978E-02
 -8.46469344E-01  1.00000000E+00  8.90387346E-01 -1.08386707E+00  4.00997898E-01  3.39983493E+00  9.64780089E-01  8.11684947E-02
 -8.21716118E-01  1.00000000E+00  8.71044239E-01 -1.08417030E+00  4.01079154E-01  3.40092690E+00  9.64806820E-01  8.12040025E-02
 -7.97201467E-01  1.00000000E+00  8.51970367E-01 -1.08446364E+00  4.01209663E-01  3.40220505E+00  9.64788061E-01  8.12472331E-02
 -7.72686817E-01  1.00000000E+00  8.32896495E-01 -1.08475708E+00  4.01345493E-01  3.40348369E+00  9.64769328E-01  8.12904788E-02
 -7.49503432E-01  1.00000000E+00  8.14933199E-01 -1.08507410E+00  4.01520019E-01  3.40526280E+00  9.64689103E-01  8.13524566E-02
 -7.26320047E-01  1.00000000E+00  7.96969903E-01 -1.08539125E+00  4.01715770E-01  3.40704285E+00  9.64608917E-01  8.14144646E-02
 -7.04527831E-01  1.00000000E+00  7.80170603E-01 -1.08608517E+00  4.01953083E-01  3.40969650E+00  9.64666277E-01  8.15010074E-02
 -6.82735615E-01  1.00000000E+00  7.63371303E-01 -1.08677956E+00  4.02209749E-01  3.41235220E+00  9.64723762E-01  8.15876147E-02
 -6.62251087E-01  1.00000000E+00  7.47671187E-01 -1.08731559E+00  4.02529889E-01  3.41547316E+00  9.64558769E-01  8.16971465E-02
 -6.41766559E-01  1.00000000E+00  7.31971070E-01 -1.08785201E+00  4.02879935E-01  3.41859703E+00  9.64393905E-01  8.18067709E-02
 -6.22511254E-01  1.00000000E+00  7.17296855E-01 -1.08866628E+00  4.03265226E-01  3.42259376E+00  9.64305476E-01  8.19429427E-02
 -6.03255949E-01  1.00000000E+00  7.02622639E-01 -1.08948132E+00  4.03686108E-01  3.42659519E+00  9.64217246E-01  8.20792646E-02
 -5.85156097E-01  1.00000000E+00  6.88927986E-01 -1.09070735E+00  4.04168081E-01  3.43180619E+00  9.64228207E-01  8.22525996E-02
 -5.67056245E-01  1.00000000E+00  6.75233332E-01 -1.09193495E+00  4.04681568E-01  3.43702512E+00  9.64239568E-01  8.24261851E-02
 -5.50042515E-01  1.00000000E+00  6.62447547E-01 -1.09313503E+00  4.05284276E-01  3.44314414E+00  9.64046399E-01  8.26365914E-02
 -5.33028786E-01  1.00000000E+00  6.49661762E-01 -1.09433686E+00  4.05912720E-01  3.44927415E+00  9.63853715E-01  8.28473479E-02
 -5.17036006E-01  1.00000000E+00  6.37763506E-01 -1.09604612E+00  4.06609840E-01  3.45691121E+00  9.63799887E-01  8.31037107E-02
 -5.01043227E-01  1.00000000E+00  6.25865251E-01 -1.09775853E+00  4.07353796E-01  3.46456519E+00  9.63746864E-01  8.33606109E-02
 -4.86010125E-01  1.00000000E+00  6.14770667E-01 -1.09961379E+00  4.08166183E-01  3.47317891E+00  9.63627090E-01  8.36517273E-02
 -4.70977023E-01  1.00000000E+00  6.03676084E-01 -1.10147286E+00  4.09044856E-01  3.48181411E+00  9.63508303E-01  8.39435269E-02
 -4.56846016E-01  1.00000000E+00  5.93333028E-01 -1.10360724E+00  4.09981603E-01  3.49202394E+00  9.63354369E-01  8.42889857E-02
 -4.42715008E-01  1.00000000E+00  5.82989972E-01 -1.10574675E+00  4.10987265E-01  3.50226386E+00  9.63201709E-01  8.46354052E-02
 -4.29431964E-01  1.00000000E+00  5.73414521E-01 -1.10821122E+00  4.12099006E-01  3.51366746E+00  9.63012498E-01  8.50218322E-02
 -4.16148920E-01  1.00000000E+00  5.63839070E-01 -1.11068234E+00  4.13279578E-01  3.52510828E+00  9.62825103E-01  8.54094393E-02
 -4.03662954E-01  1.00000000E+00  5.54926830E-01 -1.11336957E+00  4.14464126E-01  3.53821987E+00  9.62621968E-01  8.58532633E-02
 -3.91176988E-01  1.00000000E+00  5.46014589E-01 -1.11606496E+00  4.15762893E-01  3.55138053E+00  9.62420805E-01  8.62986575E-02
 -3.79440270E-01  1.00000000E+00  5.37695038E-01 -1.11930194E+00  4.17163303E-01  3.56637038E+00  9.62269460E-01  8.68033638E-02
 -3.67703552E-01  1.00000000E+00  5.29375487E-01 -1.12255023E+00  4.18635574E-01  3.58142367E+00  9.62120962E-01  8.73100902E-02
 -3.56671122E-01  1.00000000E+00  5.21759191E-01 -1.12589450E+00  4.20195005E-01  3.59767577E+00  9.61826531E-01  8.78616414E-02
 -3.45638692E-01  1.00000000E+00  5.14142894E-01 -1.12925122E+00  4.21818455E-01  3.61400203E+00  9.61535301E-01  8.84155575E-02
 -3.35268287E-01  1.00000000E+00  5.07020339E-01 -1.13316204E+00  4.23475884E-01  3.63257694E+00  9.61363456E-01  8.90404493E-02
 -3.24897882E-01  1.00000000E+00  4.99897783E-01 -1.13708939E+00  4.25268650E-01  3.65124773E+00  9.61195551E-01  8.96684060E-02
 -3.15149775E-01  1.00000000E+00  4.93386957E-01 -1.14127119E+00  4.27172788E-01  3.67109463E+00  9.60959865E-01  9.03378254E-02
 -3.05401669E-01  1.00000000E+00  4.86876132E-01 -1.14547176E+00  4.29133823E-01  3.69104982E+00  9.60728868E-01  9.10106984E-02
 -2.96238520E-01  1.00000000E+00  4.80780529E-01 -1.14981464E+00  4.31132591E-01  3.71384262E+00  9.60218606E-01  9.17874672E-02
 -2.87075371E-01  1.00000000E+00  4.74684926E-01 -1.15417916E+00  4.33359595E-01  3.73677767E+00  9.59713561E-01  9.25688036E-02
 -2.78462077E-01  1.00000000E+00  4.69141740E-01 -1.15900382E+00  4.35632553E-01  3.76047198E+00  9.59333754E-01  9.33712744E-02
 -2.69848783E-01  1.00000000E+00  4.63598554E-01 -1.16385365E+00  4.38019479E-01  3.78431736E+00  9.58960285E-01  9.41785692E-02
 -2.61752348E-01  1.00000000E+00  4.58518159E-01 -1.16948376E+00  4.40440084E-01  3.81151426E+00  9.58770847E-01  9.50914472E-02
 -2.53655913E-01  1.00000000E+00  4.53437764E-01 -1.17514713E+00  4.42981622E-01  3.83890757E+00  9.58589041E-01  9.60106176E-02
 -2.46045323E-01  1.00000000E+00  4.48791835E-01 -1.18038716E+00  4.45636572E-01  3.86683030E+00  9.57976768E-01  9.69617846E-02
 -2.38434732E-01  1.00000000E+00  4.44145906E-01 -1.18565797E+00  4.48374810E-01  3.89495836E+00  9.57371885E-01  9.79195493E-02
 -2.31280830E-01  1.00000000E+00  4.39889255E-01 -1.19161979E+00  4.51211857E-01  3.92577639E+00  9.56919131E-01  9.89619086E-02
 -2.24126928E-01  1.00000000E+00  4.35632605E-01 -1.19761990E+00  4.54150078E-01  3.95684039E+00  9.56475108E-01  1.00012176E-01
 -2.17402314E-01  1.00000000E+00  4.31753260E-01 -1.20466957E+00  4.57195422E-01  3.99151322E+00  9.56259622E-01  1.01175120E-01
 -2.10677699E-01  1.00000000E+00  4.27873915E-01 -1.21177005E+00  4.60333029E-01  4.02649148E+00  9.56055554E-01  1.02347864E-01
 -2.04351753E-01  1.00000000E+00  4.24400173E-01 -1.21836399E+00  4.63633590E-01  4.06232900E+00  9.55374267E-01  1.03565158E-01
 -1.98025807E-01  1.00000000E+00  4.20926432E-01 -1.22500520E+00  4.67006309E-01  4.09848921E+00  9.54703726E-01  1.04792850E-01
 -1.91837501E-01  1.00000000E+00  4.17683699E-01 -1.23298170E+00  4.70684518E-01  4.13915183E+00  9.54358802E-01  1.06159768E-01
 -1.85649194E-01  1.00000000E+00  4.14440967E-01 -1.24102294E+00  4.74459187E-01  4.18022069E+00  9.54028134E-01  1.07539752E-01
 -1.79460888E-01  1.00000000E+00  4.11396082E-01 -1.24838735E+00  4.78646287E-01  4.22512584E+00  9.52720246E-01  1.09080186E-01
 -1.73272582E-01  1.00000000E+00  4.08351197E-01 -1.25581399E+00  4.82972912E-01  4.27052299E+00  9.51426724E-01  1.10636542E-01
 -1.67084275E-01  1.00000000E+00  4.05475878E-01 -1.26669158E+00  4.87735763E-01  4.32616438E+00  9.51216076E-01  1.12498277E-01
 -1.60895969E-01  1.00000000E+00  4.02600558E-01 -1.27768525E+00  4.92666921E-01  4.38253555E+00  9.51029585E-01  1.14383532E-01
 -1.54707662E-01  1.00000000E+00  3.99980038E-01 -1.28780763E+00  4.98259152E-01  4.44366347E+00  9.49625723E-01  1.16467925E-01
 -1.48519356E-01  1.00000000E+00  3.97359518E-01 -1.29804123E+00  5.04034846E-01  4.50565951E+00  9.48245667E-01  1.18580462E-01
 -1.42331049E-01  1.00000000E+00  3.95251054E-01 -1.31141203E+00  5.10589621E-01  4.57886561E+00  9.47436761E-01  1.21047628E-01
 -1.36142743E-01  1.00000000E+00  3.93142589E-01 -1.32495916E+00  5.17517245E-01  4.65327279E+00  9.46665127E-01  1.23553589E-01
 -1.29954436E-01  1.00000000E+00  3.91396100E-01 -1.33939706E+00  5.24986597E-01  4.74098910E+00  9.45295667E-01  1.26523115E-01
 -1.23766130E-01  1.00000000E+00  3.89649611E-01 -1.35404786E+00  5.32989489E-01  4.83038812E+00  9.43966068E-01  1.29547402E-01
 -1.17577823E-01  1.00000000E+00  3.88176791E-01 -1.37219074E+00  5.42220124E-01  4.93918094E+00  9.42555291E-01  1.33220855E-01
 -1.11389517E-01  1.00000000E+00  3.86703971E-01 -1.39065670E+00  5.51927784E-01  5.05046164E+00  9.41205393E-01  1.36975208E-01
 -1.05201210E-01  1.00000000E+00  3.86295731E-01 -1.41118408E+00  5.63245843E-01  5.18030313E+00  9.39089351E-01  1.41373793E-01
 -9.90129037E-02  1.00000000E+00  3.85887492E-01 -1.43212463E+00  5.75133458E-01  5.31354331E+00  9.37051404E-01  1.45883064E-01
 -9.28245972E-02  1.00000000E+00  3.86553466E-01 -1.45311946E+00  5.89123679E-01  5.46923440E+00  9.33069818E-01  1.51205486E-01
 -8.66362908E-02  1.00000000E+00  3.87219440E-01 -1.47457145E+00  6.03864741E-01  5.62962407E+00  9.29173987E-01  1.56681669E-01
 -8.04479843E-02  1.00000000E+00  3.88857938E-01 -1.50894026E+00  6.21900359E-01  5.84639741E+00  9.27529439E-01  1.63962266E-01
 -7.42596778E-02  1.00000000E+00  3.90496435E-01 -1.54435342E+00  6.41278987E-01  6.07163936E+00  9.26060468E-01  1.71519297E-01
 -6.80713713E-02  1.00000000E+00  3.95049534E-01 -1.57098992E+00  6.64500514E-01  6.33529989E+00  9.17057501E-01  1.80608080E-01
 -6.18830648E-02  1.00000000E+00  3.99602633E-01 -1.59838152E+00  6.90528920E-01  6.61098118E+00  9.08207977E-01  1.90092440E-01
 -5.56947583E-02  1.00000000E+00  4.05013728E-01 -1.66654816E+00  7.22900211E-01  7.02056062E+00  9.09571562E-01  2.03699635E-01
 -4.95064519E-02  1.00000000E+00  4.10424823E-01 -1.73821333E+00  7.59866419E-01  7.45566852E+00  9.11525402E-01  2.18138104E-01
 -4.33181454E-02  1.00000000E+00  4.47246047E-01 -1.79127996E+00  8.07339773E-01  8.12736834E+00  8.90334258E-01  2.41234469E-01
 -3.71298389E-02  1.00000000E+00  4.84067271E-01 -1.84687975E+00  8.67524861E-01  8.86330614E+00  8.69655587E-01  2.66455018E-01
 -3.09415324E-02  1.00000000E+00  4.15888163E-01 -1.75632906E+00  9.56959304E-01  8.96160011E+00  8.32984560E-01  2.70953852E-01
 -2.47532259E-02  1.00000000E+00  3.47709054E-01 -1.66488833E+00  1.03561241E+00  9.06679048E+00  7.98162018E-01  2.75620949E-01
 -1.85649194E-02  1.00000000E+00  8.88281234E-01 -2.62236372E+00  1.18318211E+00  1.37603969E+01  9.22590597E-01  4.27926878E-01
 -1.23766130E-02  1.00000000E+00  1.42885341E+00 -4.07398451E+00  1.54594270E+00  2.08968432E+01  1.15709265E+00  6.57991685E-01
 -6.18830648E-03  1.00000000E+00 -2.07996762E-01  1.56828461E+00  2.46051584E+00  1.92961906E+01  5.36524341E-01  6.25322207E-01
  0.00000000E+00  1.00000000E+00 -1.84484694E+00  9.19600477E+00  4.52732851E+00  2.79139271E+01  3.32392337E+00  8.19666792E-01
