# model=oldroyd  theta_MLE: lambda=2.25262, beta=0.866269, eta_0=0.930745
# delta(x) = y_clean(x) - y_model(x; theta_MLE)   (x from curve4_x.txt)
# columns: x  delta
5.000000000000000000e+00 -1.581457971688848829e-05
4.950333040000000295e+00 -1.580202581097367442e-05
4.900666089999999642e+00 -1.579352951575074826e-05
4.850999129999999937e+00 -1.577696542898188170e-05
4.801332180000000172e+00 -1.575726398317378596e-05
4.751665219999999579e+00 -1.572985006736971059e-05
4.701998269999999813e+00 -1.571445424586315198e-05
4.652331310000000109e+00 -1.568404747254170672e-05
4.602664360000000343e+00 -1.564575106116627978e-05
4.552997399999999750e+00 -1.561980809272611737e-05
4.503330449999999985e+00 -1.557466064072698941e-05
4.453663490000000280e+00 -1.552921942971074998e-05
4.403996539999999627e+00 -1.548520237215633699e-05
4.354329579999999922e+00 -1.543607651655065638e-05
4.304662630000000156e+00 -1.537790786243498076e-05
4.254995669999999564e+00 -1.532185875663394370e-05
4.205328709999999859e+00 -1.524509371519933154e-05
4.155661760000000093e+00 -1.518190886695691688e-05
4.105994800000000389e+00 -1.510275142169170692e-05
4.056327849999999735e+00 -1.502207911796560325e-05
4.006660890000000030e+00 -1.493326005697070968e-05
3.956993939999999821e+00 -1.483804443913605553e-05
3.907326980000000116e+00 -1.473704656906882349e-05
3.857660029999999907e+00 -1.462823573894489471e-05
3.807993070000000202e+00 -1.452292291559409421e-05
3.758326119999999992e+00 -1.441109685762498316e-05
3.708659159999999844e+00 -1.429267397767830516e-05
3.658992210000000078e+00 -1.416913862684054948e-05
3.609325249999999929e+00 -1.403693088697366420e-05
3.559658300000000164e+00 -1.390246575661002737e-05
3.509991340000000015e+00 -1.375988777785330797e-05
3.460324389999999806e+00 -1.361050254899964784e-05
3.410657430000000101e+00 -1.346818178005193545e-05
3.360990469999999952e+00 -1.331549809391319172e-05
3.311323520000000187e+00 -1.315517017652645393e-05
3.261656560000000038e+00 -1.299751718297770253e-05
3.211989609999999828e+00 -1.283086051162563024e-05
3.162322650000000124e+00 -1.265746744527618262e-05
3.112655699999999914e+00 -1.247799894055212633e-05
3.062988740000000210e+00 -1.229001742220070525e-05
3.013321790000000000e+00 -1.209553617509406820e-05
2.963654829999999851e+00 -1.188015733322167478e-05
2.913987880000000086e+00 -1.166521506923423601e-05
2.864320919999999937e+00 -1.142105329154929905e-05
2.814653970000000172e+00 -1.116833359660063252e-05
2.764987010000000023e+00 -1.087228547724805594e-05
2.715320059999999813e+00 -1.055860849863421436e-05
2.665653100000000109e+00 -1.021884419283303203e-05
2.615986139999999960e+00 -9.827404091167224465e-06
2.566319190000000194e+00 -9.397748771400316059e-06
2.516652230000000046e+00 -8.904883921800887947e-06
2.466985279999999836e+00 -8.359828785220457803e-06
2.417318320000000131e+00 -7.729528582300915218e-06
2.367651369999999922e+00 -7.008574482103568926e-06
2.317984410000000217e+00 -6.200286027713275416e-06
2.268317460000000008e+00 -5.286031582230066306e-06
2.218650499999999859e+00 -4.257161395848640950e-06
2.168983550000000093e+00 -3.096061450325038322e-06
2.119316589999999945e+00 -1.766087535992610924e-06
2.069649640000000179e+00 -2.877501525944126115e-07
2.019982680000000030e+00 1.345687249632021576e-06
1.970315730000000043e+00 3.164261024535264255e-06
1.920648769999999894e+00 5.159935524190473188e-06
1.870981809999999967e+00 7.401951884089541522e-06
1.821314859999999980e+00 9.814533519891810442e-06
1.771647900000000053e+00 1.243985866339336610e-05
1.721980950000000066e+00 1.525513571998260431e-05
1.672313989999999917e+00 1.826802779625325002e-05
1.622647039999999929e+00 2.153115796321714015e-05
1.572980080000000003e+00 2.495157620874266513e-05
1.523313130000000015e+00 2.845174800292227246e-05
1.473646170000000089e+00 3.210537792175394145e-05
1.423979220000000101e+00 3.588836549739404802e-05
1.374312259999999952e+00 3.958577605223112528e-05
1.324645309999999965e+00 4.346761312090663409e-05
1.274978350000000038e+00 4.720227296850509902e-05
1.225311400000000051e+00 5.058295972104609461e-05
1.175644439999999902e+00 5.392952486982238725e-05
1.125977479999999975e+00 5.693409376372748909e-05
1.076310529999999988e+00 5.917910075936561043e-05
1.026643570000000061e+00 6.072854594529886185e-05
9.769766189999999906e-01 6.199552411345621294e-05
9.273096640000000335e-01 6.170758724133307283e-05
8.776427079999999936e-01 6.098723877201450705e-05
8.279757530000000365e-01 5.863514335491259999e-05
7.786002389999999718e-01 5.501711659761099327e-05
7.317317880000000496e-01 5.012146294114394607e-05
6.876846269999999928e-01 4.422893994249221805e-05
6.462889219999999879e-01 3.749198817448728960e-05
6.073850619999999756e-01 3.077109965698987537e-05
5.708230460000000006e-01 2.371261190781126516e-05
5.364619149999999559e-01 1.543088129696279509e-05
5.041691750000000249e-01 7.201371238885201365e-06
4.738203240000000149e-01 -1.214817817452029658e-07
4.452983460000000115e-01 -6.920086241590794884e-06
4.184932690000000011e-01 -1.371170102459906559e-05
3.933017460000000076e-01 -2.222514517180584903e-05
3.696266380000000074e-01 -2.611985798783855728e-05
3.473766770000000226e-01 -3.067452380700608217e-05
3.264660690000000254e-01 -3.831927330222306693e-05
3.068141939999999845e-01 -3.720920319238985030e-05
2.883452770000000109e-01 -3.756659228182357424e-05
2.709881089999999770e-01 -4.560532868813638174e-05
2.546757709999999952e-01 -4.126957981420709132e-05
2.393453670000000033e-01 -3.978139438509664672e-05
2.249377889999999991e-01 -5.063277075412209172e-05
2.113974849999999961e-01 -4.103248834796957567e-05
1.986678209999999944e-01 -4.061437901059505862e-05
1.862510820000000122e-01 -4.201372229650779389e-05
1.738343440000000018e-01 -4.079309925986152052e-05
1.614176049999999918e-01 -3.559089400861914498e-05
1.490008660000000096e-01 -3.309201539236639178e-05
1.365841269999999996e-01 -2.443006725938445811e-05
1.241673880000000035e-01 -3.297137165669816739e-05
1.117506489999999936e-01 -1.542124281805890007e-05
9.933391060000000550e-02 -1.267550306582876374e-05
8.691717179999999821e-02 4.777582996107199165e-06
7.450043300000000479e-02 -1.423268054923099157e-05
6.208369419999999750e-02 3.530964063580555035e-05
4.966695530000000275e-02 3.083246995827515491e-05
3.725021650000000240e-02 4.099797760437340344e-05
2.483347769999999857e-02 7.192244065290509525e-05
1.241673880000000035e-02 1.219130602034823596e-04
0.000000000000000000e+00 0.000000000000000000e+00
