# curve 5 (die wall), step =      300, time =   1.20000000E+02
# N1 = tau_xx - tau_yy = G ( c_xx - c_yy ),  G =  3.3333E-02  (polymer part only)
#              x               y        pressure            c_xy        gammadot            c_xx            c_yy              N1
 -3.00000000E+00  1.00000000E+00  2.44143313E+00 -1.99813784E+00  4.11446169E-01  1.08001687E+01  7.98358485E-01  3.33393674E-01
 -2.97524677E+00  1.00000000E+00  2.42387335E+00 -1.99809192E+00  4.11452063E-01  1.07996956E+01  7.98366607E-01  3.33377632E-01
 -2.95049355E+00  1.00000000E+00  2.40631358E+00 -1.99804601E+00  4.11455817E-01  1.07992224E+01  7.98374730E-01  3.33361591E-01
 -2.92574032E+00  1.00000000E+00  2.38875941E+00 -1.99815266E+00  4.11455827E-01  1.08000100E+01  7.98382286E-01  3.33387591E-01
 -2.90098710E+00  1.00000000E+00  2.37120524E+00 -1.99825931E+00  4.11451031E-01  1.08007976E+01  7.98389843E-01  3.33413593E-01
 -2.87623387E+00  1.00000000E+00  2.35365513E+00 -1.99843562E+00  4.11445134E-01  1.08029875E+01  7.98368671E-01  3.33487295E-01
 -2.85148064E+00  1.00000000E+00  2.33610502E+00 -1.99861194E+00  4.11436109E-01  1.08051779E+01  7.98347500E-01  3.33561012E-01
 -2.82672742E+00  1.00000000E+00  2.31854383E+00 -1.99825965E+00  4.11435578E-01  1.08029194E+01  7.98321417E-01  3.33486598E-01
 -2.80197419E+00  1.00000000E+00  2.30098264E+00 -1.99790743E+00  4.11438567E-01  1.08006613E+01  7.98295344E-01  3.33412199E-01
 -2.77722097E+00  1.00000000E+00  2.28341040E+00 -1.99796453E+00  4.11445686E-01  1.08000080E+01  7.98325832E-01  3.33389407E-01
 -2.75246774E+00  1.00000000E+00  2.26583815E+00 -1.99802162E+00  4.11451853E-01  1.07993548E+01  7.98356321E-01  3.33366617E-01
 -2.72771451E+00  1.00000000E+00  2.24830536E+00 -1.99815296E+00  4.11448953E-01  1.07998749E+01  7.98391971E-01  3.33382765E-01
 -2.70296129E+00  1.00000000E+00  2.23077257E+00 -1.99828430E+00  4.11436468E-01  1.08003951E+01  7.98427624E-01  3.33398915E-01
 -2.67820806E+00  1.00000000E+00  2.21320445E+00 -1.99813043E+00  4.11433675E-01  1.08000194E+01  7.98376338E-01  3.33388103E-01
 -2.65345484E+00  1.00000000E+00  2.19563632E+00 -1.99797656E+00  4.11439833E-01  1.07996438E+01  7.98325056E-01  3.33377292E-01
 -2.62870161E+00  1.00000000E+00  2.17808431E+00 -1.99804592E+00  4.11446576E-01  1.07994059E+01  7.98354968E-01  3.33368364E-01
 -2.60394839E+00  1.00000000E+00  2.16053230E+00 -1.99811528E+00  4.11450339E-01  1.07991680E+01  7.98384882E-01  3.33359436E-01
 -2.57919516E+00  1.00000000E+00  2.14298229E+00 -1.99812337E+00  4.11451067E-01  1.07995058E+01  7.98386636E-01  3.33370640E-01
 -2.55444193E+00  1.00000000E+00  2.12543229E+00 -1.99813147E+00  4.11444128E-01  1.07998437E+01  7.98388389E-01  3.33381844E-01
 -2.52968871E+00  1.00000000E+00  2.10787682E+00 -1.99832957E+00  4.11435950E-01  1.08014628E+01  7.98402226E-01  3.33435351E-01
 -2.50493548E+00  1.00000000E+00  2.09032135E+00 -1.99852770E+00  4.11422592E-01  1.08030821E+01  7.98416064E-01  3.33488867E-01
 -2.48018226E+00  1.00000000E+00  2.07275252E+00 -1.99819861E+00  4.11427116E-01  1.08011816E+01  7.98368929E-01  3.33427090E-01
 -2.45542903E+00  1.00000000E+00  2.05518369E+00 -1.99786956E+00  4.11437733E-01  1.07992815E+01  7.98321803E-01  3.33365323E-01
 -2.43067580E+00  1.00000000E+00  2.03762744E+00 -1.99793244E+00  4.11449020E-01  1.07989803E+01  7.98345461E-01  3.33354494E-01
 -2.40592258E+00  1.00000000E+00  2.02007119E+00 -1.99799532E+00  4.11458193E-01  1.07986791E+01  7.98369119E-01  3.33343666E-01
 -2.38116935E+00  1.00000000E+00  2.00252918E+00 -1.99807206E+00  4.11453863E-01  1.07990092E+01  7.98396277E-01  3.33353765E-01
 -2.35641613E+00  1.00000000E+00  1.98498716E+00 -1.99814880E+00  4.11440358E-01  1.07993393E+01  7.98423437E-01  3.33363863E-01
 -2.33166290E+00  1.00000000E+00  1.96742625E+00 -1.99811864E+00  4.11436979E-01  1.07996840E+01  7.98394169E-01  3.33376327E-01
 -2.30690967E+00  1.00000000E+00  1.94986533E+00 -1.99808847E+00  4.11437815E-01  1.08000287E+01  7.98364902E-01  3.33388792E-01
 -2.28215645E+00  1.00000000E+00  1.93230259E+00 -1.99803950E+00  4.11441839E-01  1.07997618E+01  7.98347756E-01  3.33380468E-01
 -2.25740322E+00  1.00000000E+00  1.91473985E+00 -1.99799053E+00  4.11449215E-01  1.07994950E+01  7.98330611E-01  3.33372145E-01
 -2.23265000E+00  1.00000000E+00  1.89719311E+00 -1.99828149E+00  4.11446390E-01  1.08010860E+01  7.98384077E-01  3.33423397E-01
 -2.20789677E+00  1.00000000E+00  1.87964636E+00 -1.99857249E+00  4.11429723E-01  1.08026772E+01  7.98437550E-01  3.33474655E-01
 -2.18314354E+00  1.00000000E+00  1.86208127E+00 -1.99829525E+00  4.11425168E-01  1.08008071E+01  7.98411970E-01  3.33413171E-01
 -2.15839032E+00  1.00000000E+00  1.84451618E+00 -1.99801805E+00  4.11426676E-01  1.07989373E+01  7.98386397E-01  3.33351697E-01
 -2.13363709E+00  1.00000000E+00  1.82696857E+00 -1.99800515E+00  4.11430928E-01  1.07987090E+01  7.98384574E-01  3.33344149E-01
 -2.10888387E+00  1.00000000E+00  1.80942096E+00 -1.99799225E+00  4.11436395E-01  1.07984808E+01  7.98382752E-01  3.33336601E-01
 -2.08413064E+00  1.00000000E+00  1.79185360E+00 -1.99800829E+00  4.11440714E-01  1.07982951E+01  7.98391452E-01  3.33330120E-01
 -2.05937741E+00  1.00000000E+00  1.77428623E+00 -1.99802433E+00  4.11440282E-01  1.07981093E+01  7.98400153E-01  3.33323639E-01
 -2.03462419E+00  1.00000000E+00  1.75674158E+00 -1.99800164E+00  4.11434110E-01  1.07985169E+01  7.98386096E-01  3.33337694E-01
 -2.00987096E+00  1.00000000E+00  1.73919693E+00 -1.99797894E+00  4.11426541E-01  1.07989245E+01  7.98372040E-01  3.33351749E-01
 -1.98511774E+00  1.00000000E+00  1.72162704E+00 -1.99796775E+00  4.11425890E-01  1.07986865E+01  7.98371174E-01  3.33343844E-01
 -1.96036451E+00  1.00000000E+00  1.70405715E+00 -1.99795656E+00  4.11426563E-01  1.07984485E+01  7.98370307E-01  3.33335940E-01
 -1.93561128E+00  1.00000000E+00  1.68652468E+00 -1.99820924E+00  4.11417794E-01  1.07998643E+01  7.98415812E-01  3.33381616E-01
 -1.91085806E+00  1.00000000E+00  1.66899220E+00 -1.99846195E+00  4.11402025E-01  1.08012802E+01  7.98461323E-01  3.33427297E-01
 -1.88610483E+00  1.00000000E+00  1.65140636E+00 -1.99814731E+00  4.11396735E-01  1.08004345E+01  7.98368884E-01  3.33402186E-01
 -1.86135161E+00  1.00000000E+00  1.63382052E+00 -1.99783271E+00  4.11400861E-01  1.07995888E+01  7.98276460E-01  3.33377078E-01
 -1.83659838E+00  1.00000000E+00  1.61627629E+00 -1.99799429E+00  4.11406198E-01  1.07988705E+01  7.98372861E-01  3.33349922E-01
 -1.81184516E+00  1.00000000E+00  1.59873205E+00 -1.99815586E+00  4.11401784E-01  1.07981524E+01  7.98469271E-01  3.33322769E-01
 -1.78709193E+00  1.00000000E+00  1.58119872E+00 -1.99830891E+00  4.11378641E-01  1.08004934E+01  7.98444568E-01  3.33401626E-01
 -1.76233870E+00  1.00000000E+00  1.56366539E+00 -1.99846197E+00  4.11348320E-01  1.08028349E+01  7.98419864E-01  3.33480501E-01
 -1.73758548E+00  1.00000000E+00  1.54608026E+00 -1.99827276E+00  4.11344905E-01  1.08016283E+01  7.98393982E-01  3.33441143E-01
 -1.71283225E+00  1.00000000E+00  1.52849513E+00 -1.99808356E+00  4.11341934E-01  1.08004218E+01  7.98368103E-01  3.33401790E-01
 -1.68807903E+00  1.00000000E+00  1.51093484E+00 -1.99806008E+00  4.11334041E-01  1.07994417E+01  7.98391073E-01  3.33368355E-01
 -1.66332580E+00  1.00000000E+00  1.49337456E+00 -1.99803659E+00  4.11326922E-01  1.07984617E+01  7.98414043E-01  3.33334922E-01
 -1.63857257E+00  1.00000000E+00  1.47584422E+00 -1.99804994E+00  4.11318131E-01  1.07985150E+01  7.98426308E-01  3.33336289E-01
 -1.61381935E+00  1.00000000E+00  1.45831388E+00 -1.99806328E+00  4.11299712E-01  1.07985683E+01  7.98438573E-01  3.33337656E-01
 -1.58906612E+00  1.00000000E+00  1.44073328E+00 -1.99787029E+00  4.11282481E-01  1.07970235E+01  7.98422472E-01  3.33286701E-01
 -1.56431290E+00  1.00000000E+00  1.42315267E+00 -1.99767732E+00  4.11271711E-01  1.07954790E+01  7.98406372E-01  3.33235753E-01
 -1.53955967E+00  1.00000000E+00  1.40563052E+00 -1.99767265E+00  4.11255990E-01  1.07945144E+01  7.98447154E-01  3.33202243E-01
 -1.51480644E+00  1.00000000E+00  1.38810836E+00 -1.99766797E+00  4.11238373E-01  1.07935500E+01  7.98487938E-01  3.33168736E-01
 -1.49005322E+00  1.00000000E+00  1.37056599E+00 -1.99770430E+00  4.11212028E-01  1.07937229E+01  7.98513109E-01  3.33173658E-01
 -1.46529999E+00  1.00000000E+00  1.35302361E+00 -1.99774062E+00  4.11171689E-01  1.07938957E+01  7.98538281E-01  3.33178580E-01
 -1.44054677E+00  1.00000000E+00  1.33547936E+00 -1.99792964E+00  4.11130894E-01  1.07956254E+01  7.98554327E-01  3.33235702E-01
 -1.41579354E+00  1.00000000E+00  1.31793511E+00 -1.99811867E+00  4.11078010E-01  1.07973553E+01  7.98570373E-01  3.33292832E-01
 -1.39104031E+00  1.00000000E+00  1.30039521E+00 -1.99763613E+00  4.11040732E-01  1.07937614E+01  7.98547899E-01  3.33173784E-01
 -1.36628709E+00  1.00000000E+00  1.28285532E+00 -1.99715372E+00  4.11012675E-01  1.07901687E+01  7.98525442E-01  3.33054774E-01
 -1.34153386E+00  1.00000000E+00  1.26532283E+00 -1.99713261E+00  4.10978397E-01  1.07885704E+01  7.98569278E-01  3.33000036E-01
 -1.31678064E+00  1.00000000E+00  1.24779033E+00 -1.99711150E+00  4.10940292E-01  1.07869723E+01  7.98613113E-01  3.32945307E-01
 -1.29202741E+00  1.00000000E+00  1.23029851E+00 -1.99710570E+00  4.10890217E-01  1.07866544E+01  7.98632665E-01  3.32934056E-01
 -1.26727418E+00  1.00000000E+00  1.21280669E+00 -1.99709989E+00  4.10831553E-01  1.07863364E+01  7.98652218E-01  3.32922806E-01
 -1.24252096E+00  1.00000000E+00  1.19531350E+00 -1.99719839E+00  4.10771742E-01  1.07860025E+01  7.98713107E-01  3.32909647E-01
 -1.21776773E+00  1.00000000E+00  1.17782031E+00 -1.99729689E+00  4.10696460E-01  1.07856686E+01  7.98773999E-01  3.32896488E-01
 -1.19301451E+00  1.00000000E+00  1.16032732E+00 -1.99680796E+00  4.10627415E-01  1.07819138E+01  7.98765370E-01  3.32771613E-01
 -1.16826128E+00  1.00000000E+00  1.14283433E+00 -1.99631917E+00  4.10566598E-01  1.07781602E+01  7.98756760E-01  3.32646781E-01
 -1.14350806E+00  1.00000000E+00  1.12538931E+00 -1.99629781E+00  4.10490097E-01  1.07768066E+01  7.98801682E-01  3.32600163E-01
 -1.11875483E+00  1.00000000E+00  1.10794430E+00 -1.99627645E+00  4.10409163E-01  1.07754531E+01  7.98846604E-01  3.32553551E-01
 -1.09400160E+00  1.00000000E+00  1.09051626E+00 -1.99605806E+00  4.10331606E-01  1.07728677E+01  7.98879269E-01  3.32466280E-01
 -1.06924838E+00  1.00000000E+00  1.07308821E+00 -1.99583971E+00  4.10251271E-01  1.07702828E+01  7.98911937E-01  3.32379030E-01
 -1.04449515E+00  1.00000000E+00  1.05571116E+00 -1.99565795E+00  4.10156295E-01  1.07674214E+01  7.98977629E-01  3.32281460E-01
 -1.01974193E+00  1.00000000E+00  1.03833411E+00 -1.99547621E+00  4.10054236E-01  1.07645608E+01  7.99043327E-01  3.32183917E-01
 -9.94988700E-01  1.00000000E+00  1.02100519E+00 -1.99524838E+00  4.09947037E-01  1.07623443E+01  7.99074826E-01  3.32108981E-01
 -9.70235474E-01  1.00000000E+00  1.00367628E+00 -1.99502059E+00  4.09844211E-01  1.07601281E+01  7.99106332E-01  3.32034060E-01
 -9.45482248E-01  1.00000000E+00  9.86380894E-01 -1.99471272E+00  4.09743330E-01  1.07570416E+01  7.99124551E-01  3.31930568E-01
 -9.20729022E-01  1.00000000E+00  9.69085511E-01 -1.99440492E+00  4.09646134E-01  1.07539559E+01  7.99142776E-01  3.31827106E-01
 -8.95975796E-01  1.00000000E+00  9.51900356E-01 -1.99417532E+00  4.09538330E-01  1.07504054E+01  7.99226312E-01  3.31705970E-01
 -8.71222570E-01  1.00000000E+00  9.34715201E-01 -1.99394576E+00  4.09428489E-01  1.07468561E+01  7.99309857E-01  3.31584875E-01
 -8.46469344E-01  1.00000000E+00  9.17609459E-01 -1.99396730E+00  4.09322483E-01  1.07456389E+01  7.99395019E-01  3.31541463E-01
 -8.21716118E-01  1.00000000E+00  9.00503717E-01 -1.99398884E+00  4.09205142E-01  1.07444219E+01  7.99480188E-01  3.31498057E-01
 -7.97201467E-01  1.00000000E+00  8.83674747E-01 -1.99385201E+00  4.09142032E-01  1.07424034E+01  7.99512546E-01  3.31429694E-01
 -7.72686817E-01  1.00000000E+00  8.66845777E-01 -1.99371520E+00  4.09072893E-01  1.07403853E+01  7.99544905E-01  3.31361345E-01
 -7.49503432E-01  1.00000000E+00  8.51063408E-01 -1.99344043E+00  4.09026993E-01  1.07391185E+01  7.99496234E-01  3.31320741E-01
 -7.26320047E-01  1.00000000E+00  8.35281039E-01 -1.99316570E+00  4.08996123E-01  1.07378519E+01  7.99447570E-01  3.31280143E-01
 -7.04527831E-01  1.00000000E+00  8.20595133E-01 -1.99340213E+00  4.08979122E-01  1.07376309E+01  7.99565201E-01  3.31268857E-01
 -6.82735615E-01  1.00000000E+00  8.05909227E-01 -1.99363858E+00  4.08974853E-01  1.07374100E+01  7.99682848E-01  3.31257572E-01
 -6.62251087E-01  1.00000000E+00  7.92220613E-01 -1.99323648E+00  4.09053099E-01  1.07386327E+01  7.99449412E-01  3.31306110E-01
 -6.41766559E-01  1.00000000E+00  7.78531998E-01 -1.99283436E+00  4.09153165E-01  1.07398557E+01  7.99216031E-01  3.31354656E-01
 -6.22511254E-01  1.00000000E+00  7.65847184E-01 -1.99284137E+00  4.09263633E-01  1.07420367E+01  7.99112162E-01  3.31430819E-01
 -6.03255949E-01  1.00000000E+00  7.53162371E-01 -1.99284837E+00  4.09406292E-01  1.07442182E+01  7.99008301E-01  3.31506998E-01
 -5.85156097E-01  1.00000000E+00  7.41408746E-01 -1.99356546E+00  4.09592556E-01  1.07488977E+01  7.99057872E-01  3.31661328E-01
 -5.67056245E-01  1.00000000E+00  7.29655122E-01 -1.99428282E+00  4.09801640E-01  1.07535792E+01  7.99107490E-01  3.31815725E-01
 -5.50042515E-01  1.00000000E+00  7.18749986E-01 -1.99453445E+00  4.10111431E-01  1.07612951E+01  7.98818569E-01  3.32082553E-01
 -5.33028786E-01  1.00000000E+00  7.07844850E-01 -1.99478608E+00  4.10431073E-01  1.07690171E+01  7.98529719E-01  3.32349578E-01
 -5.17036006E-01  1.00000000E+00  6.97828235E-01 -1.99603051E+00  4.10797254E-01  1.07797900E+01  7.98512104E-01  3.32709263E-01
 -5.01043227E-01  1.00000000E+00  6.87811619E-01 -1.99727591E+00  4.11182106E-01  1.07905738E+01  7.98494600E-01  3.33069307E-01
 -4.86010125E-01  1.00000000E+00  6.78532011E-01 -1.99799569E+00  4.11656982E-01  1.08022913E+01  7.98203054E-01  3.33469607E-01
 -4.70977023E-01  1.00000000E+00  6.69252403E-01 -1.99871584E+00  4.12200525E-01  1.08140221E+01  7.97911610E-01  3.33870349E-01
 -4.56846016E-01  1.00000000E+00  6.60741582E-01 -2.00032483E+00  4.12787691E-01  1.08310298E+01  7.97712913E-01  3.34443897E-01
 -4.42715008E-01  1.00000000E+00  6.52230762E-01 -2.00193560E+00  4.13442820E-01  1.08480649E+01  7.97514451E-01  3.35018350E-01
 -4.29431964E-01  1.00000000E+00  6.44461096E-01 -2.00330592E+00  4.14209393E-01  1.08666719E+01  7.97132415E-01  3.35651317E-01
 -4.16148920E-01  1.00000000E+00  6.36691429E-01 -2.00467764E+00  4.15015659E-01  1.08853121E+01  7.96750651E-01  3.36285382E-01
 -4.03662954E-01  1.00000000E+00  6.29566307E-01 -2.00608964E+00  4.15817535E-01  1.09076309E+01  7.96263340E-01  3.37045585E-01
 -3.91176988E-01  1.00000000E+00  6.22441185E-01 -2.00750298E+00  4.16756968E-01  1.09299977E+01  7.95776287E-01  3.37807381E-01
 -3.79440270E-01  1.00000000E+00  6.15920297E-01 -2.01024092E+00  4.17779713E-01  1.09568435E+01  7.95548535E-01  3.38709833E-01
 -3.67703552E-01  1.00000000E+00  6.09399408E-01 -2.01298381E+00  4.18860514E-01  1.09837565E+01  7.95321421E-01  3.39614503E-01
 -3.56671122E-01  1.00000000E+00  6.03614783E-01 -2.01540572E+00  4.20058083E-01  1.10144643E+01  7.94778728E-01  3.40656186E-01
 -3.45638692E-01  1.00000000E+00  5.97830158E-01 -2.01783184E+00  4.21266394E-01  1.10452609E+01  7.94236729E-01  3.41700806E-01
 -3.35268287E-01  1.00000000E+00  5.92492210E-01 -2.02053235E+00  4.22485628E-01  1.10791606E+01  7.93731383E-01  3.42847640E-01
 -3.24897882E-01  1.00000000E+00  5.87154263E-01 -2.02323782E+00  4.23868809E-01  1.11131679E+01  7.93226630E-01  3.43998042E-01
 -3.15149775E-01  1.00000000E+00  5.82427131E-01 -2.02584963E+00  4.25377113E-01  1.11489017E+01  7.92560481E-01  3.45211375E-01
 -3.05401669E-01  1.00000000E+00  5.77700000E-01 -2.02846625E+00  4.26935201E-01  1.11847550E+01  7.91895126E-01  3.46428661E-01
 -2.96238520E-01  1.00000000E+00  5.73415552E-01 -2.03134749E+00  4.28534682E-01  1.12299197E+01  7.90904175E-01  3.47967183E-01
 -2.87075371E-01  1.00000000E+00  5.69131105E-01 -2.03423452E+00  4.30370449E-01  1.12752753E+01  7.89914474E-01  3.49512029E-01
 -2.78462077E-01  1.00000000E+00  5.65486086E-01 -2.03805944E+00  4.32265688E-01  1.13213848E+01  7.89203983E-01  3.51072694E-01
 -2.69848783E-01  1.00000000E+00  5.61841066E-01 -2.04189461E+00  4.34216156E-01  1.13676884E+01  7.88495066E-01  3.52639779E-01
 -2.61752348E-01  1.00000000E+00  5.58605957E-01 -2.04686259E+00  4.36183210E-01  1.14212638E+01  7.87975456E-01  3.54442943E-01
 -2.53655913E-01  1.00000000E+00  5.55370848E-01 -2.05184671E+00  4.38275625E-01  1.14750974E+01  7.87457698E-01  3.56254655E-01
 -2.46045323E-01  1.00000000E+00  5.52641224E-01 -2.05487183E+00  4.40499077E-01  1.15302361E+01  7.86127729E-01  3.58136947E-01
 -2.38434732E-01  1.00000000E+00  5.49911600E-01 -2.05790273E+00  4.42792086E-01  1.15856544E+01  7.84799513E-01  3.60028495E-01
 -2.31280830E-01  1.00000000E+00  5.47536278E-01 -2.06171033E+00  4.45165375E-01  1.16440341E+01  7.83682725E-01  3.62011712E-01
 -2.24126928E-01  1.00000000E+00  5.45160956E-01 -2.06552744E+00  4.47652894E-01  1.17027210E+01  7.82567536E-01  3.64005114E-01
 -2.17402314E-01  1.00000000E+00  5.43242442E-01 -2.07245841E+00  4.50230805E-01  1.17712303E+01  7.82112793E-01  3.66303917E-01
 -2.10677699E-01  1.00000000E+00  5.41323927E-01 -2.07941959E+00  4.52878609E-01  1.18401471E+01  7.81661757E-01  3.68616179E-01
 -2.04351753E-01  1.00000000E+00  5.39860700E-01 -2.08447942E+00  4.55706043E-01  1.19128311E+01  7.80362790E-01  3.71082276E-01
 -1.98025807E-01  1.00000000E+00  5.38397472E-01 -2.08955660E+00  4.58585443E-01  1.19859784E+01  7.79066727E-01  3.73563723E-01
 -1.91837501E-01  1.00000000E+00  5.37237036E-01 -2.09590806E+00  4.61743526E-01  1.20641609E+01  7.78062696E-01  3.76203275E-01
 -1.85649194E-01  1.00000000E+00  5.36076600E-01 -2.10228596E+00  4.64995854E-01  1.21428680E+01  7.77062002E-01  3.78860199E-01
 -1.79460888E-01  1.00000000E+00  5.35295546E-01 -2.10551205E+00  4.68663647E-01  1.22308544E+01  7.74535227E-01  3.81877307E-01
 -1.73272582E-01  1.00000000E+00  5.34514492E-01 -2.10873989E+00  4.72468643E-01  1.23195239E+01  7.72013267E-01  3.84917021E-01
 -1.67084275E-01  1.00000000E+00  5.34196895E-01 -2.11918537E+00  4.76618266E-01  1.24263367E+01  7.71371873E-01  3.88498827E-01
 -1.60895969E-01  1.00000000E+00  5.33879298E-01 -2.12969754E+00  4.80901268E-01  1.25340903E+01  7.70738123E-01  3.92111739E-01
 -1.54707662E-01  1.00000000E+00  5.34032437E-01 -2.13584574E+00  4.85837412E-01  1.26536067E+01  7.68070441E-01  3.96184540E-01
 -1.48519356E-01  1.00000000E+00  5.34185576E-01 -2.14201564E+00  4.90905023E-01  1.27743226E+01  7.65409763E-01  4.00297096E-01
 -1.42331049E-01  1.00000000E+00  5.35252989E-01 -2.15292338E+00  4.96755116E-01  1.29110551E+01  7.63688408E-01  4.04912222E-01
 -1.36142743E-01  1.00000000E+00  5.36320402E-01 -2.16390806E+00  5.02871628E-01  1.30492889E+01  7.61977910E-01  4.09577033E-01
 -1.29954436E-01  1.00000000E+00  5.38044841E-01 -2.17312625E+00  5.09376295E-01  1.32122124E+01  7.59050922E-01  4.15105384E-01
 -1.23766130E-01  1.00000000E+00  5.39769279E-01 -2.18239201E+00  5.16465790E-01  1.33772625E+01  7.56132664E-01  4.20704328E-01
 -1.17577823E-01  1.00000000E+00  5.42364400E-01 -2.19653915E+00  5.24700476E-01  1.35773583E+01  7.53440122E-01  4.27463938E-01
 -1.11389517E-01  1.00000000E+00  5.44959520E-01 -2.21081099E+00  5.33352152E-01  1.37805392E+01  7.50764536E-01  4.34325822E-01
 -1.05201210E-01  1.00000000E+00  5.49447892E-01 -2.22630538E+00  5.43582511E-01  1.40218933E+01  7.47049316E-01  4.42494800E-01
 -9.90129037E-02  1.00000000E+00  5.53936265E-01 -2.24194911E+00  5.54212550E-01  1.42676205E+01  7.43359314E-01  4.50808707E-01
 -9.28245972E-02  1.00000000E+00  5.60285398E-01 -2.25147295E+00  5.66825438E-01  1.45495283E+01  7.36744822E-01  4.60426117E-01
 -8.66362908E-02  1.00000000E+00  5.66634531E-01 -2.26099659E+00  5.80010037E-01  1.48373611E+01  7.30162367E-01  4.70239957E-01
 -8.04479843E-02  1.00000000E+00  5.75325667E-01 -2.28953881E+00  5.96086431E-01  1.52031509E+01  7.27108479E-01  4.82534747E-01
 -7.42596778E-02  1.00000000E+00  5.84016804E-01 -2.31855539E+00  6.13353730E-01  1.55781366E+01  7.24108818E-01  4.95134260E-01
 -6.80713713E-02  1.00000000E+00  5.97507334E-01 -2.31157130E+00  6.34530699E-01  1.60350762E+01  7.08030623E-01  5.10901520E-01
 -6.18830648E-02  1.00000000E+00  6.10997864E-01 -2.30387263E+00  6.58318194E-01  1.65071238E+01  6.92129642E-01  5.27166472E-01
 -5.56947583E-02  1.00000000E+00  6.26002566E-01 -2.47865494E+00  6.87987152E-01  1.72988235E+01  7.17938755E-01  5.52696158E-01
 -4.95064519E-02  1.00000000E+00  6.41007268E-01 -2.66292615E+00  7.17062807E-01  1.81303719E+01  7.46238091E-01  5.79471127E-01
 -4.33181454E-02  1.00000000E+00  7.15651159E-01 -2.27621387E+00  7.56105135E-01  1.83604958E+01  6.39983641E-01  5.90683739E-01
 -3.71298389E-02  1.00000000E+00  7.90295051E-01 -1.88724233E+00  8.18705976E-01  1.86519288E+01  5.50317347E-01  6.03387050E-01
 -3.09415324E-02  1.00000000E+00  6.61118345E-01 -1.50204365E+00  8.96008512E-01  1.79025294E+01  4.96335477E-01  5.80206465E-01
 -2.47532259E-02  1.00000000E+00  5.31941639E-01 -1.13716804E+00  9.45270232E-01  1.72162807E+01  4.55975745E-01  5.58676833E-01
 -1.85649194E-02  1.00000000E+00  1.35411902E+00 -5.20770748E+00  1.03254224E+00  2.90933677E+01  1.20612942E+00  9.29574608E-01
 -1.23766130E-02  1.00000000E+00  2.17629640E+00 -1.35627823E+01  1.24726465E+00  5.29031012E+01  3.66021717E+00  1.64142947E+00
 -6.18830648E-03  1.00000000E+00  5.51553857E-01  3.79563636E+00  2.30410999E+00  3.02270788E+01  7.98706100E-01  9.80945756E-01
  0.00000000E+00  1.00000000E+00 -1.07318869E+00  2.97129870E+01  5.67003920E+00  5.92944044E+01  1.50544635E+01  1.47466470E+00
