# curve 5 (die wall), step =        1, time =   2.00000000E-01
# N1 = tau_xx - tau_yy = G ( c_xx - c_yy ),  G =  8.8889E-01  (polymer part only)
#              x               y        pressure            c_xy        gammadot            c_xx            c_yy              N1
 -3.00000000E+00  1.00000000E+00  8.32128396E-01  0.00000000E+00  4.99970549E-01  1.00000000E+00  1.00000000E+00  0.00000000E+00
 -2.90322402E+00  1.00000000E+00  8.07052024E-01  0.00000000E+00  4.99981250E-01  1.00000000E+00  1.00000000E+00  0.00000000E+00
 -2.80644804E+00  1.00000000E+00  7.81975653E-01  0.00000000E+00  4.99991612E-01  1.00000000E+00  1.00000000E+00  0.00000000E+00
 -2.70967207E+00  1.00000000E+00  7.56883781E-01  0.00000000E+00  4.99995480E-01  1.00000000E+00  1.00000000E+00  0.00000000E+00
 -2.61289609E+00  1.00000000E+00  7.31791910E-01  0.00000000E+00  4.99996666E-01  1.00000000E+00  1.00000000E+00  0.00000000E+00
 -2.51612011E+00  1.00000000E+00  7.06702197E-01  0.00000000E+00  4.99996937E-01  1.00000000E+00  1.00000000E+00  0.00000000E+00
 -2.41934413E+00  1.00000000E+00  6.81612484E-01  0.00000000E+00  4.99996726E-01  1.00000000E+00  1.00000000E+00  0.00000000E+00
 -2.32256815E+00  1.00000000E+00  6.56522449E-01  0.00000000E+00  4.99995088E-01  1.00000000E+00  1.00000000E+00  0.00000000E+00
 -2.22579217E+00  1.00000000E+00  6.31432414E-01  0.00000000E+00  4.99992604E-01  1.00000000E+00  1.00000000E+00  0.00000000E+00
 -2.12901620E+00  1.00000000E+00  6.06342883E-01  0.00000000E+00  4.99988457E-01  1.00000000E+00  1.00000000E+00  0.00000000E+00
 -2.03224022E+00  1.00000000E+00  5.81253351E-01  0.00000000E+00  4.99982611E-01  1.00000000E+00  1.00000000E+00  0.00000000E+00
 -1.93546424E+00  1.00000000E+00  5.56164068E-01  0.00000000E+00  4.99972536E-01  1.00000000E+00  1.00000000E+00  0.00000000E+00
 -1.83868826E+00  1.00000000E+00  5.31074785E-01  0.00000000E+00  4.99960377E-01  1.00000000E+00  1.00000000E+00  0.00000000E+00
 -1.74191228E+00  1.00000000E+00  5.05990334E-01  0.00000000E+00  4.99937570E-01  1.00000000E+00  1.00000000E+00  0.00000000E+00
 -1.64513630E+00  1.00000000E+00  4.80905883E-01  0.00000000E+00  4.99909149E-01  1.00000000E+00  1.00000000E+00  0.00000000E+00
 -1.54836033E+00  1.00000000E+00  4.55834754E-01  0.00000000E+00  4.99874683E-01  1.00000000E+00  1.00000000E+00  0.00000000E+00
 -1.45158435E+00  1.00000000E+00  4.30763626E-01  0.00000000E+00  4.99829428E-01  1.00000000E+00  1.00000000E+00  0.00000000E+00
 -1.35480837E+00  1.00000000E+00  4.05699484E-01  0.00000000E+00  4.99784029E-01  1.00000000E+00  1.00000000E+00  0.00000000E+00
 -1.25803239E+00  1.00000000E+00  3.80635342E-01  0.00000000E+00  4.99729548E-01  1.00000000E+00  1.00000000E+00  0.00000000E+00
 -1.16125641E+00  1.00000000E+00  3.55642475E-01  0.00000000E+00  4.99687304E-01  1.00000000E+00  1.00000000E+00  0.00000000E+00
 -1.06448043E+00  1.00000000E+00  3.30649608E-01  0.00000000E+00  4.99653182E-01  1.00000000E+00  1.00000000E+00  0.00000000E+00
 -9.67704456E-01  1.00000000E+00  3.05814779E-01  0.00000000E+00  4.99793719E-01  1.00000000E+00  1.00000000E+00  0.00000000E+00
 -8.70928477E-01  1.00000000E+00  2.80979950E-01  0.00000000E+00  4.99972015E-01  1.00000000E+00  1.00000000E+00  0.00000000E+00
 -7.79321894E-01  1.00000000E+00  2.57581698E-01  0.00000000E+00  5.00812967E-01  1.00000000E+00  1.00000000E+00  0.00000000E+00
 -6.87715310E-01  1.00000000E+00  2.34183446E-01  0.00000000E+00  5.01896553E-01  1.00000000E+00  1.00000000E+00  0.00000000E+00
 -6.17205014E-01  1.00000000E+00  2.16735551E-01  0.00000000E+00  5.04055098E-01  1.00000000E+00  1.00000000E+00  0.00000000E+00
 -5.46694718E-01  1.00000000E+00  1.99287657E-01  0.00000000E+00  5.06474387E-01  1.00000000E+00  1.00000000E+00  0.00000000E+00
 -4.93524655E-01  1.00000000E+00  1.86193606E-01  0.00000000E+00  5.09834804E-01  1.00000000E+00  1.00000000E+00  0.00000000E+00
 -4.40354593E-01  1.00000000E+00  1.73099554E-01  0.00000000E+00  5.13998173E-01  1.00000000E+00  1.00000000E+00  0.00000000E+00
 -4.00260370E-01  1.00000000E+00  1.63548941E-01  0.00000000E+00  5.19267573E-01  1.00000000E+00  1.00000000E+00  0.00000000E+00
 -3.60166148E-01  1.00000000E+00  1.53998329E-01  0.00000000E+00  5.25125100E-01  1.00000000E+00  1.00000000E+00  0.00000000E+00
 -3.29932095E-01  1.00000000E+00  1.47119399E-01  0.00000000E+00  5.31321413E-01  1.00000000E+00  1.00000000E+00  0.00000000E+00
 -2.99698042E-01  1.00000000E+00  1.40240469E-01  0.00000000E+00  5.38780669E-01  1.00000000E+00  1.00000000E+00  0.00000000E+00
 -2.76899294E-01  1.00000000E+00  1.35244367E-01  0.00000000E+00  5.45798070E-01  1.00000000E+00  1.00000000E+00  0.00000000E+00
 -2.54100545E-01  1.00000000E+00  1.30248265E-01  0.00000000E+00  5.53746637E-01  1.00000000E+00  1.00000000E+00  0.00000000E+00
 -2.36908572E-01  1.00000000E+00  1.26249829E-01  0.00000000E+00  5.61189403E-01  1.00000000E+00  1.00000000E+00  0.00000000E+00
 -2.19716598E-01  1.00000000E+00  1.22251392E-01  0.00000000E+00  5.69483079E-01  1.00000000E+00  1.00000000E+00  0.00000000E+00
 -2.06634277E-01  1.00000000E+00  1.19736162E-01  0.00000000E+00  5.77307487E-01  1.00000000E+00  1.00000000E+00  0.00000000E+00
 -1.93551957E-01  1.00000000E+00  1.17220933E-01  0.00000000E+00  5.85643813E-01  1.00000000E+00  1.00000000E+00  0.00000000E+00
 -1.81454959E-01  1.00000000E+00  1.14638429E-01  0.00000000E+00  5.94923945E-01  1.00000000E+00  1.00000000E+00  0.00000000E+00
 -1.69357962E-01  1.00000000E+00  1.12055925E-01  0.00000000E+00  6.05258998E-01  1.00000000E+00  1.00000000E+00  0.00000000E+00
 -1.57260965E-01  1.00000000E+00  1.10268474E-01  0.00000000E+00  6.17729538E-01  1.00000000E+00  1.00000000E+00  0.00000000E+00
 -1.45163967E-01  1.00000000E+00  1.08481022E-01  0.00000000E+00  6.30883722E-01  1.00000000E+00  1.00000000E+00  0.00000000E+00
 -1.33066970E-01  1.00000000E+00  1.05916606E-01  0.00000000E+00  6.47623402E-01  1.00000000E+00  1.00000000E+00  0.00000000E+00
 -1.20969973E-01  1.00000000E+00  1.03352190E-01  0.00000000E+00  6.66063906E-01  1.00000000E+00  1.00000000E+00  0.00000000E+00
 -1.08872976E-01  1.00000000E+00  1.01759401E-01  0.00000000E+00  6.89188797E-01  1.00000000E+00  1.00000000E+00  0.00000000E+00
 -9.67759783E-02  1.00000000E+00  1.00166612E-01  0.00000000E+00  7.14067968E-01  1.00000000E+00  1.00000000E+00  0.00000000E+00
 -8.46789810E-02  1.00000000E+00  1.05535777E-01  0.00000000E+00  7.49027038E-01  1.00000000E+00  1.00000000E+00  0.00000000E+00
 -7.25819837E-02  1.00000000E+00  1.10904942E-01  0.00000000E+00  7.89847944E-01  1.00000000E+00  1.00000000E+00  0.00000000E+00
 -6.04849864E-02  1.00000000E+00  7.65178621E-02  0.00000000E+00  8.58563498E-01  1.00000000E+00  1.00000000E+00  0.00000000E+00
 -4.83879891E-02  1.00000000E+00  4.21307822E-02  0.00000000E+00  9.32021382E-01  1.00000000E+00  1.00000000E+00  0.00000000E+00
 -3.62909919E-02  1.00000000E+00  1.37877260E-01  0.00000000E+00  1.04746534E+00  1.00000000E+00  1.00000000E+00  0.00000000E+00
 -2.41939946E-02  1.00000000E+00  2.33623739E-01  0.00000000E+00  1.21511625E+00  1.00000000E+00  1.00000000E+00  0.00000000E+00
 -1.20969973E-02  1.00000000E+00  2.72532015E-02  0.00000000E+00  1.59962017E+00  1.00000000E+00  1.00000000E+00  0.00000000E+00
  0.00000000E+00  1.00000000E+00 -1.79117336E-01  0.00000000E+00  2.34888097E+00  1.00000000E+00  1.00000000E+00  0.00000000E+00
