# curve 5 (die wall), step =      100, time =   4.00000000E+01
# N1 = tau_xx - tau_yy = G ( c_xx - c_yy ),  G =  1.4000E+00  (polymer part only)
#              x               y        pressure            c_xy        gammadot            c_xx            c_yy              N1
 -3.00000000E+00  1.00000000E+00  2.60394511E+00 -1.98629923E-01  4.00829085E-01  1.07597926E+00  9.96851254E-01  1.10779212E-01
 -2.97524677E+00  1.00000000E+00  2.58422457E+00 -1.98628372E-01  4.00831224E-01  1.07598703E+00  9.96847596E-01  1.10795212E-01
 -2.95049355E+00  1.00000000E+00  2.56450404E+00 -1.98626821E-01  4.00832369E-01  1.07599480E+00  9.96843938E-01  1.10811212E-01
 -2.92574032E+00  1.00000000E+00  2.54478328E+00 -1.98628405E-01  4.00833373E-01  1.07599118E+00  9.96845806E-01  1.10803520E-01
 -2.90098710E+00  1.00000000E+00  2.52506251E+00 -1.98629990E-01  4.00833667E-01  1.07598755E+00  9.96847673E-01  1.10795827E-01
 -2.87623387E+00  1.00000000E+00  2.50534860E+00 -1.98632392E-01  4.00833139E-01  1.07597677E+00  9.96852776E-01  1.10773592E-01
 -2.85148064E+00  1.00000000E+00  2.48563469E+00 -1.98634794E-01  4.00831523E-01  1.07596599E+00  9.96857878E-01  1.10751358E-01
 -2.82672742E+00  1.00000000E+00  2.46590923E+00 -1.98631366E-01  4.00831107E-01  1.07597770E+00  9.96852231E-01  1.10775659E-01
 -2.80197419E+00  1.00000000E+00  2.44618377E+00 -1.98627938E-01  4.00832954E-01  1.07598941E+00  9.96846584E-01  1.10799961E-01
 -2.77722097E+00  1.00000000E+00  2.42646517E+00 -1.98629206E-01  4.00830955E-01  1.07598566E+00  9.96848218E-01  1.10792416E-01
 -2.75246774E+00  1.00000000E+00  2.40674656E+00 -1.98630474E-01  4.00830816E-01  1.07598190E+00  9.96849851E-01  1.10784871E-01
 -2.72771451E+00  1.00000000E+00  2.38702662E+00 -1.98629842E-01  4.00832773E-01  1.07598507E+00  9.96848589E-01  1.10791071E-01
 -2.70296129E+00  1.00000000E+00  2.36730668E+00 -1.98629210E-01  4.00833628E-01  1.07598824E+00  9.96847326E-01  1.10797272E-01
 -2.67820806E+00  1.00000000E+00  2.34758666E+00 -1.98630222E-01  4.00832349E-01  1.07598444E+00  9.96849083E-01  1.10789498E-01
 -2.65345484E+00  1.00000000E+00  2.32786665E+00 -1.98631234E-01  4.00831937E-01  1.07598064E+00  9.96850840E-01  1.10781723E-01
 -2.62870161E+00  1.00000000E+00  2.30814810E+00 -1.98630614E-01  4.00831342E-01  1.07598182E+00  9.96850261E-01  1.10784176E-01
 -2.60394839E+00  1.00000000E+00  2.28842954E+00 -1.98629994E-01  4.00830548E-01  1.07598299E+00  9.96849683E-01  1.10786629E-01
 -2.57919516E+00  1.00000000E+00  2.26870772E+00 -1.98629229E-01  4.00831905E-01  1.07598652E+00  9.96848110E-01  1.10793770E-01
 -2.55444193E+00  1.00000000E+00  2.24898589E+00 -1.98628465E-01  4.00832495E-01  1.07599004E+00  9.96846536E-01  1.10800911E-01
 -2.52968871E+00  1.00000000E+00  2.22926871E+00 -1.98630186E-01  4.00831638E-01  1.07598222E+00  9.96850073E-01  1.10785010E-01
 -2.50493548E+00  1.00000000E+00  2.20955153E+00 -1.98631907E-01  4.00830514E-01  1.07597440E+00  9.96853609E-01  1.10769109E-01
 -2.48018226E+00  1.00000000E+00  2.18982887E+00 -1.98629379E-01  4.00830411E-01  1.07598290E+00  9.96849596E-01  1.10786625E-01
 -2.45542903E+00  1.00000000E+00  2.17010622E+00 -1.98626851E-01  4.00831457E-01  1.07599140E+00  9.96845583E-01  1.10804141E-01
 -2.43067580E+00  1.00000000E+00  2.15038654E+00 -1.98627470E-01  4.00830147E-01  1.07598962E+00  9.96846275E-01  1.10800685E-01
 -2.40592258E+00  1.00000000E+00  2.13066686E+00 -1.98628090E-01  4.00830008E-01  1.07598784E+00  9.96846967E-01  1.10797229E-01
 -2.38116935E+00  1.00000000E+00  2.11094704E+00 -1.98627687E-01  4.00831418E-01  1.07599004E+00  9.96846207E-01  1.10801359E-01
 -2.35641613E+00  1.00000000E+00  2.09122721E+00 -1.98627284E-01  4.00831992E-01  1.07599223E+00  9.96845447E-01  1.10805490E-01
 -2.33166290E+00  1.00000000E+00  2.07150800E+00 -1.98627711E-01  4.00830726E-01  1.07598864E+00  9.96846848E-01  1.10798502E-01
 -2.30690967E+00  1.00000000E+00  2.05178879E+00 -1.98628139E-01  4.00830094E-01  1.07598505E+00  9.96848250E-01  1.10791514E-01
 -2.28215645E+00  1.00000000E+00  2.03206885E+00 -1.98628484E-01  4.00829070E-01  1.07598277E+00  9.96849280E-01  1.10786879E-01
 -2.25740322E+00  1.00000000E+00  2.01234892E+00 -1.98628829E-01  4.00827505E-01  1.07598049E+00  9.96850311E-01  1.10782245E-01
 -2.23265000E+00  1.00000000E+00  1.99263093E+00 -1.98629057E-01  4.00827156E-01  1.07597720E+00  9.96851689E-01  1.10775710E-01
 -2.20789677E+00  1.00000000E+00  1.97291295E+00 -1.98629284E-01  4.00826035E-01  1.07597391E+00  9.96853067E-01  1.10769176E-01
 -2.18314354E+00  1.00000000E+00  1.95318999E+00 -1.98626749E-01  4.00825204E-01  1.07598117E+00  9.96849568E-01  1.10784242E-01
 -2.15839032E+00  1.00000000E+00  1.93346703E+00 -1.98624214E-01  4.00825372E-01  1.07598843E+00  9.96846069E-01  1.10799307E-01
 -2.13363709E+00  1.00000000E+00  1.91374827E+00 -1.98624188E-01  4.00823321E-01  1.07598689E+00  9.96846461E-01  1.10796607E-01
 -2.10888387E+00  1.00000000E+00  1.89402952E+00 -1.98624162E-01  4.00822770E-01  1.07598536E+00  9.96846853E-01  1.10793907E-01
 -2.08413064E+00  1.00000000E+00  1.87430953E+00 -1.98623817E-01  4.00822820E-01  1.07598647E+00  9.96846380E-01  1.10796128E-01
 -2.05937741E+00  1.00000000E+00  1.85458954E+00 -1.98623472E-01  4.00821803E-01  1.07598758E+00  9.96845907E-01  1.10798349E-01
 -2.03462419E+00  1.00000000E+00  1.83487043E+00 -1.98622548E-01  4.00820834E-01  1.07598655E+00  9.96846180E-01  1.10796514E-01
 -2.00987096E+00  1.00000000E+00  1.81515132E+00 -1.98621624E-01  4.00819644E-01  1.07598551E+00  9.96846454E-01  1.10794680E-01
 -1.98511774E+00  1.00000000E+00  1.79543268E+00 -1.98621449E-01  4.00816575E-01  1.07598183E+00  9.96847868E-01  1.10787549E-01
 -1.96036451E+00  1.00000000E+00  1.77571404E+00 -1.98621273E-01  4.00813679E-01  1.07597815E+00  9.96849283E-01  1.10780418E-01
 -1.93561128E+00  1.00000000E+00  1.75599648E+00 -1.98620579E-01  4.00811980E-01  1.07597496E+00  9.96850351E-01  1.10774455E-01
 -1.91085806E+00  1.00000000E+00  1.73627892E+00 -1.98619885E-01  4.00809337E-01  1.07597177E+00  9.96851419E-01  1.10768491E-01
 -1.88610483E+00  1.00000000E+00  1.71656161E+00 -1.98618713E-01  4.00805507E-01  1.07596849E+00  9.96852521E-01  1.10762361E-01
 -1.86135161E+00  1.00000000E+00  1.69684430E+00 -1.98617542E-01  4.00801427E-01  1.07596522E+00  9.96853623E-01  1.10756231E-01
 -1.83659838E+00  1.00000000E+00  1.67712271E+00 -1.98614169E-01  4.00797962E-01  1.07597074E+00  9.96850323E-01  1.10768581E-01
 -1.81184516E+00  1.00000000E+00  1.65740113E+00 -1.98610796E-01  4.00795202E-01  1.07597626E+00  9.96847024E-01  1.10780930E-01
 -1.78709193E+00  1.00000000E+00  1.63768836E+00 -1.98611133E-01  4.00792389E-01  1.07596682E+00  9.96851064E-01  1.10762057E-01
 -1.76233870E+00  1.00000000E+00  1.61797558E+00 -1.98611471E-01  4.00788428E-01  1.07595738E+00  9.96855103E-01  1.10743184E-01
 -1.73758548E+00  1.00000000E+00  1.59825794E+00 -1.98608202E-01  4.00782864E-01  1.07595761E+00  9.96853997E-01  1.10745053E-01
 -1.71283225E+00  1.00000000E+00  1.57854030E+00 -1.98604934E-01  4.00778120E-01  1.07595784E+00  9.96852891E-01  1.10746921E-01
 -1.68807903E+00  1.00000000E+00  1.55882561E+00 -1.98603200E-01  4.00770641E-01  1.07595103E+00  9.96855111E-01  1.10734282E-01
 -1.66332580E+00  1.00000000E+00  1.53911092E+00 -1.98601466E-01  4.00762492E-01  1.07594422E+00  9.96857330E-01  1.10721643E-01
 -1.63857257E+00  1.00000000E+00  1.51939803E+00 -1.98596250E-01  4.00758154E-01  1.07594882E+00  9.96854077E-01  1.10732639E-01
 -1.61381935E+00  1.00000000E+00  1.49968513E+00 -1.98591034E-01  4.00753249E-01  1.07595342E+00  9.96850823E-01  1.10743636E-01
 -1.58906612E+00  1.00000000E+00  1.47997370E+00 -1.98588181E-01  4.00743340E-01  1.07594649E+00  9.96852729E-01  1.10731270E-01
 -1.56431290E+00  1.00000000E+00  1.46026226E+00 -1.98585329E-01  4.00733718E-01  1.07593957E+00  9.96854635E-01  1.10718905E-01
 -1.53955967E+00  1.00000000E+00  1.44055404E+00 -1.98579563E-01  4.00726745E-01  1.07594330E+00  9.96851594E-01  1.10728384E-01
 -1.51480644E+00  1.00000000E+00  1.42084583E+00 -1.98573797E-01  4.00718661E-01  1.07594703E+00  9.96848553E-01  1.10737862E-01
 -1.49005322E+00  1.00000000E+00  1.40114229E+00 -1.98569115E-01  4.00708504E-01  1.07594166E+00  9.96849488E-01  1.10729038E-01
 -1.46529999E+00  1.00000000E+00  1.38143875E+00 -1.98564432E-01  4.00698197E-01  1.07593629E+00  9.96850423E-01  1.10720213E-01
 -1.44054677E+00  1.00000000E+00  1.36174365E+00 -1.98560968E-01  4.00686621E-01  1.07592188E+00  9.96855505E-01  1.10692919E-01
 -1.41579354E+00  1.00000000E+00  1.34204855E+00 -1.98557505E-01  4.00672016E-01  1.07590746E+00  9.96860587E-01  1.10665626E-01
 -1.39104031E+00  1.00000000E+00  1.32235004E+00 -1.98547618E-01  4.00659275E-01  1.07591559E+00  9.96854420E-01  1.10685643E-01
 -1.36628709E+00  1.00000000E+00  1.30265152E+00 -1.98537731E-01  4.00649134E-01  1.07592373E+00  9.96848254E-01  1.10705661E-01
 -1.34153386E+00  1.00000000E+00  1.28296750E+00 -1.98532750E-01  4.00634794E-01  1.07591505E+00  9.96850206E-01  1.10690782E-01
 -1.31678064E+00  1.00000000E+00  1.26328348E+00 -1.98527768E-01  4.00621072E-01  1.07590637E+00  9.96852158E-01  1.10675903E-01
 -1.29202741E+00  1.00000000E+00  1.24360735E+00 -1.98521097E-01  4.00607609E-01  1.07589944E+00  9.96853410E-01  1.10664444E-01
 -1.26727418E+00  1.00000000E+00  1.22393121E+00 -1.98514426E-01  4.00592777E-01  1.07589251E+00  9.96854663E-01  1.10652985E-01
 -1.24252096E+00  1.00000000E+00  1.20427082E+00 -1.98509669E-01  4.00578889E-01  1.07587894E+00  9.96859175E-01  1.10627673E-01
 -1.21776773E+00  1.00000000E+00  1.18461043E+00 -1.98504913E-01  4.00561218E-01  1.07586537E+00  9.96863688E-01  1.10602362E-01
 -1.19301451E+00  1.00000000E+00  1.16495382E+00 -1.98494229E-01  4.00547793E-01  1.07587485E+00  9.96856555E-01  1.10625618E-01
 -1.16826128E+00  1.00000000E+00  1.14529721E+00 -1.98483546E-01  4.00538616E-01  1.07588433E+00  9.96849422E-01  1.10648874E-01
 -1.14350806E+00  1.00000000E+00  1.12566773E+00 -1.98480893E-01  4.00526866E-01  1.07587237E+00  9.96853950E-01  1.10625790E-01
 -1.11875483E+00  1.00000000E+00  1.10603824E+00 -1.98478241E-01  4.00516684E-01  1.07586041E+00  9.96858478E-01  1.10602707E-01
 -1.09400160E+00  1.00000000E+00  1.08642988E+00 -1.98477216E-01  4.00511467E-01  1.07585721E+00  9.96859367E-01  1.10596985E-01
 -1.06924838E+00  1.00000000E+00  1.06682152E+00 -1.98476191E-01  4.00507181E-01  1.07585402E+00  9.96860257E-01  1.10591263E-01
 -1.04449515E+00  1.00000000E+00  1.04723572E+00 -1.98474682E-01  4.00506998E-01  1.07585870E+00  9.96858118E-01  1.10600820E-01
 -1.01974193E+00  1.00000000E+00  1.02764992E+00 -1.98473173E-01  4.00507543E-01  1.07586339E+00  9.96855979E-01  1.10610377E-01
 -9.94988700E-01  1.00000000E+00  1.00810072E+00 -1.98481389E-01  4.00520837E-01  1.07586725E+00  9.96857658E-01  1.10613434E-01
 -9.70235474E-01  1.00000000E+00  9.88551524E-01 -1.98489604E-01  4.00540779E-01  1.07587112E+00  9.96859336E-01  1.10616492E-01
 -9.45482248E-01  1.00000000E+00  9.69039432E-01 -1.98507273E-01  4.00572357E-01  1.07588503E+00  9.96857674E-01  1.10638298E-01
 -9.20729022E-01  1.00000000E+00  9.49527339E-01 -1.98524942E-01  4.00608872E-01  1.07589894E+00  9.96856013E-01  1.10660104E-01
 -8.95975796E-01  1.00000000E+00  9.30066003E-01 -1.98548605E-01  4.00662287E-01  1.07592559E+00  9.96851750E-01  1.10703371E-01
 -8.71222570E-01  1.00000000E+00  9.10604666E-01 -1.98572268E-01  4.00723889E-01  1.07595223E+00  9.96847487E-01  1.10746638E-01
 -8.46469344E-01  1.00000000E+00  8.91196090E-01 -1.98625362E-01  4.00823187E-01  1.07598531E+00  9.96850932E-01  1.10788129E-01
 -8.21716118E-01  1.00000000E+00  8.71787514E-01 -1.98678458E-01  4.00927319E-01  1.07601839E+00  9.96854379E-01  1.10829621E-01
 -7.97201467E-01  1.00000000E+00  8.52647348E-01 -1.98755633E-01  4.01080390E-01  1.07607331E+00  9.96853542E-01  1.10907669E-01
 -7.72686817E-01  1.00000000E+00  8.33507181E-01 -1.98832810E-01  4.01241042E-01  1.07612822E+00  9.96852711E-01  1.10985719E-01
 -7.49503432E-01  1.00000000E+00  8.15479994E-01 -1.98934825E-01  4.01440401E-01  1.07621258E+00  9.96845181E-01  1.11114357E-01
 -7.26320047E-01  1.00000000E+00  7.97452807E-01 -1.99036846E-01  4.01661455E-01  1.07629695E+00  9.96837662E-01  1.11243001E-01
 -7.04527831E-01  1.00000000E+00  7.80585110E-01 -1.99175658E-01  4.01925972E-01  1.07639405E+00  9.96843683E-01  1.11370519E-01
 -6.82735615E-01  1.00000000E+00  7.63717413E-01 -1.99314479E-01  4.02216554E-01  1.07649118E+00  9.96849722E-01  1.11498046E-01
 -6.62251087E-01  1.00000000E+00  7.47956854E-01 -1.99491272E-01  4.02570060E-01  1.07663478E+00  9.96835346E-01  1.11719209E-01
 -6.41766559E-01  1.00000000E+00  7.32196295E-01 -1.99668080E-01  4.02954003E-01  1.07677842E+00  9.96820999E-01  1.11940391E-01
 -6.22511254E-01  1.00000000E+00  7.17457634E-01 -1.99876181E-01  4.03370869E-01  1.07694764E+00  9.96810165E-01  1.12192471E-01
 -6.03255949E-01  1.00000000E+00  7.02718974E-01 -2.00084305E-01  4.03826093E-01  1.07711693E+00  9.96799373E-01  1.12444576E-01
 -5.85156097E-01  1.00000000E+00  6.88960445E-01 -2.00347786E-01  4.04346360E-01  1.07731482E+00  9.96796579E-01  1.12725536E-01
 -5.67056245E-01  1.00000000E+00  6.75201917E-01 -2.00611302E-01  4.04905220E-01  1.07751280E+00  9.96793852E-01  1.13006533E-01
 -5.50042515E-01  1.00000000E+00  6.62354399E-01 -2.00928124E-01  4.05551250E-01  1.07777184E+00  9.96771258E-01  1.13400814E-01
 -5.33028786E-01  1.00000000E+00  6.49506880E-01 -2.01244998E-01  4.06223312E-01  1.07803102E+00  9.96748761E-01  1.13795156E-01
 -5.17036006E-01  1.00000000E+00  6.37546273E-01 -2.01626721E-01  4.06965261E-01  1.07831974E+00  9.96745645E-01  1.14203735E-01
 -5.01043227E-01  1.00000000E+00  6.25585665E-01 -2.02008519E-01  4.07764488E-01  1.07860866E+00  9.96742666E-01  1.14612392E-01
 -4.86010125E-01  1.00000000E+00  6.14429077E-01 -2.02443482E-01  4.08621847E-01  1.07894958E+00  9.96728361E-01  1.15109707E-01
 -4.70977023E-01  1.00000000E+00  6.03272489E-01 -2.02878543E-01  4.09555800E-01  1.07929076E+00  9.96714236E-01  1.15607129E-01
 -4.56846016E-01  1.00000000E+00  5.92873891E-01 -2.03362839E-01  4.10541610E-01  1.07968121E+00  9.96689540E-01  1.16188333E-01
 -4.42715008E-01  1.00000000E+00  5.82475292E-01 -2.03847258E-01  4.11607391E-01  1.08007198E+00  9.96665068E-01  1.16769675E-01
 -4.29431964E-01  1.00000000E+00  5.72831978E-01 -2.04456105E-01  4.12772888E-01  1.08054039E+00  9.96657516E-01  1.17436019E-01
 -4.16148920E-01  1.00000000E+00  5.63188664E-01 -2.05065147E-01  4.14017506E-01  1.08100929E+00  9.96650314E-01  1.18102564E-01
 -4.03662954E-01  1.00000000E+00  5.54221897E-01 -2.05681973E-01  4.15255190E-01  1.08150511E+00  9.96625479E-01  1.18831479E-01
 -3.91176988E-01  1.00000000E+00  5.45255130E-01 -2.06299000E-01  4.16613976E-01  1.08200145E+00  9.96601005E-01  1.19560618E-01
 -3.79440270E-01  1.00000000E+00  5.36875787E-01 -2.07031102E-01  4.18077818E-01  1.08258613E+00  9.96576742E-01  1.20413144E-01
 -3.67703552E-01  1.00000000E+00  5.28496444E-01 -2.07763487E-01  4.19621916E-01  1.08317155E+00  9.96552988E-01  1.21265981E-01
 -3.56671122E-01  1.00000000E+00  5.20811791E-01 -2.08568387E-01  4.21251221E-01  1.08383144E+00  9.96515133E-01  1.22242836E-01
 -3.45638692E-01  1.00000000E+00  5.13127139E-01 -2.09373633E-01  4.22965956E-01  1.08449224E+00  9.96477896E-01  1.23220086E-01
 -3.35268287E-01  1.00000000E+00  5.05955859E-01 -2.10239910E-01  4.24684099E-01  1.08518692E+00  9.96457992E-01  1.24220497E-01
 -3.24897882E-01  1.00000000E+00  4.98784579E-01 -2.11106591E-01  4.26547200E-01  1.08588262E+00  9.96438796E-01  1.25221349E-01
 -3.15149775E-01  1.00000000E+00  4.92212227E-01 -2.12112478E-01  4.28524513E-01  1.08666892E+00  9.96438523E-01  1.26322551E-01
 -3.05401669E-01  1.00000000E+00  4.85639875E-01 -2.13118910E-01  4.30573138E-01  1.08745657E+00  9.96439198E-01  1.27424319E-01
 -2.96238520E-01  1.00000000E+00  4.79489714E-01 -2.14151682E-01  4.32645181E-01  1.08836165E+00  9.96361629E-01  1.28800027E-01
 -2.87075371E-01  1.00000000E+00  4.73339553E-01 -2.15185045E-01  4.34937225E-01  1.08926828E+00  9.96285085E-01  1.30176473E-01
 -2.78462077E-01  1.00000000E+00  4.67725979E-01 -2.16367997E-01  4.37297271E-01  1.09026785E+00  9.96231013E-01  1.31651578E-01
 -2.69848783E-01  1.00000000E+00  4.62112404E-01 -2.17551718E-01  4.39794865E-01  1.09126940E+00  9.96178269E-01  1.33127588E-01
 -2.61752348E-01  1.00000000E+00  4.56988361E-01 -2.18804861E-01  4.42294006E-01  1.09229139E+00  9.96170036E-01  1.34569894E-01
 -2.53655913E-01  1.00000000E+00  4.51864319E-01 -2.20058877E-01  4.44935060E-01  1.09331553E+00  9.96163271E-01  1.36013155E-01
 -2.46045323E-01  1.00000000E+00  4.47138100E-01 -2.21393547E-01  4.47696095E-01  1.09448169E+00  9.96090627E-01  1.37747493E-01
 -2.38434732E-01  1.00000000E+00  4.42411881E-01 -2.22729219E-01  4.50533065E-01  1.09565043E+00  9.96019674E-01  1.39483058E-01
 -2.31280830E-01  1.00000000E+00  4.38131456E-01 -2.24170704E-01  4.53456976E-01  1.09689073E+00  9.95976925E-01  1.41279332E-01
 -2.24126928E-01  1.00000000E+00  4.33851030E-01 -2.25613373E-01  4.56492059E-01  1.09813399E+00  9.95936128E-01  1.43077003E-01
 -2.17402314E-01  1.00000000E+00  4.29896636E-01 -2.27164183E-01  4.59637298E-01  1.09948763E+00  9.95887575E-01  1.45040080E-01
 -2.10677699E-01  1.00000000E+00  4.25942242E-01 -2.28716378E-01  4.62884319E-01  1.10084472E+00  9.95841277E-01  1.47004817E-01
 -2.04351753E-01  1.00000000E+00  4.22418976E-01 -2.30371741E-01  4.66301373E-01  1.10234330E+00  9.95757596E-01  1.49219988E-01
 -1.98025807E-01  1.00000000E+00  4.18895711E-01 -2.32028707E-01  4.69794930E-01  1.10384591E+00  9.95676499E-01  1.51437182E-01
 -1.91837501E-01  1.00000000E+00  4.15582673E-01 -2.33906053E-01  4.73587390E-01  1.10549351E+00  9.95650555E-01  1.53780133E-01
 -1.85649194E-01  1.00000000E+00  4.12269636E-01 -2.35785474E-01  4.77488112E-01  1.10714613E+00  9.95627883E-01  1.56125546E-01
 -1.79460888E-01  1.00000000E+00  4.09166014E-01 -2.37867730E-01  4.81817741E-01  1.10914533E+00  9.95474192E-01  1.59139599E-01
 -1.73272582E-01  1.00000000E+00  4.06062392E-01 -2.39952609E-01  4.86273912E-01  1.11115121E+00  9.95324615E-01  1.62157227E-01
 -1.67084275E-01  1.00000000E+00  4.03110963E-01 -2.42377972E-01  4.91162798E-01  1.11337147E+00  9.95280713E-01  1.65327058E-01
 -1.60895969E-01  1.00000000E+00  4.00159534E-01 -2.44806920E-01  4.96265706E-01  1.11560036E+00  9.95242251E-01  1.68501346E-01
 -1.54707662E-01  1.00000000E+00  3.97466464E-01 -2.47557393E-01  5.02044809E-01  1.11832905E+00  9.95045491E-01  1.72596987E-01
 -1.48519356E-01  1.00000000E+00  3.94773395E-01 -2.50312591E-01  5.08029948E-01  1.12106962E+00  9.94855865E-01  1.76699264E-01
 -1.42331049E-01  1.00000000E+00  3.92558635E-01 -2.53727408E-01  5.14756801E-01  1.12432015E+00  9.94799235E-01  1.81329275E-01
 -1.36142743E-01  1.00000000E+00  3.90343876E-01 -2.57149582E-01  5.21927159E-01  1.12758816E+00  9.94753310E-01  1.85968785E-01
 -1.29954436E-01  1.00000000E+00  3.88520032E-01 -2.60901199E-01  5.29635105E-01  1.13139794E+00  9.94584109E-01  1.91539366E-01
 -1.23766130E-01  1.00000000E+00  3.86696189E-01 -2.64662021E-01  5.37877948E-01  1.13522999E+00  9.94427912E-01  1.97122915E-01
 -1.17577823E-01  1.00000000E+00  3.85188666E-01 -2.69283827E-01  5.47301599E-01  1.14009747E+00  9.94185406E-01  2.04276897E-01
 -1.11389517E-01  1.00000000E+00  3.83681144E-01 -2.73919975E-01  5.57274840E-01  1.14499970E+00  9.93962599E-01  2.11451939E-01
 -1.05201210E-01  1.00000000E+00  3.83053589E-01 -2.79656571E-01  5.68944139E-01  1.15122625E+00  9.93665674E-01  2.20584809E-01
 -9.90129037E-02  1.00000000E+00  3.82426034E-01 -2.85415830E-01  5.81269879E-01  1.15750743E+00  9.93398900E-01  2.29751944E-01
 -9.28245972E-02  1.00000000E+00  3.82893461E-01 -2.92157922E-01  5.95761895E-01  1.16547152E+00  9.92777982E-01  2.41770959E-01
 -8.66362908E-02  1.00000000E+00  3.83360889E-01 -2.98932868E-01  6.11041855E-01  1.17351735E+00  9.92199247E-01  2.53845349E-01
 -8.04479843E-02  1.00000000E+00  3.84728967E-01 -3.08328076E-01  6.29583463E-01  1.18427010E+00  9.92099142E-01  2.69039341E-01
 -7.42596778E-02  1.00000000E+00  3.86097046E-01 -3.17788826E-01  6.49456994E-01  1.19517326E+00  9.92076822E-01  2.84335020E-01
 -6.80713713E-02  1.00000000E+00  3.91007077E-01 -3.28360912E-01  6.73336511E-01  1.21021444E+00  9.90241351E-01  3.07962330E-01
 -6.18830648E-02  1.00000000E+00  3.95917108E-01 -3.39024491E-01  7.00406096E-01  1.22549981E+00  9.88512927E-01  3.31781641E-01
 -5.56947583E-02  1.00000000E+00  3.98763232E-01 -3.56696327E-01  7.33606237E-01  1.24756430E+00  9.88948966E-01  3.62061471E-01
 -4.95064519E-02  1.00000000E+00  4.01609356E-01 -3.74619338E-01  7.71914529E-01  1.27018823E+00  9.89646607E-01  3.92758266E-01
 -4.33181454E-02  1.00000000E+00  4.45689804E-01 -3.98414927E-01  8.21391921E-01  1.31259512E+00  9.84649937E-01  4.59123260E-01
 -3.71298389E-02  1.00000000E+00  4.89770252E-01 -4.22777844E-01  8.84220739E-01  1.35660639E+00  9.80186319E-01  5.26988099E-01
 -3.09415324E-02  1.00000000E+00  4.07285483E-01 -4.54433568E-01  9.73628637E-01  1.40108618E+00  9.82727067E-01  5.85702753E-01
 -2.47532259E-02  1.00000000E+00  3.24800713E-01 -4.86943470E-01  1.05947442E+00  1.44743393E+00  9.86024657E-01  6.45972980E-01
 -1.85649194E-02  1.00000000E+00  8.15098629E-01 -5.92643468E-01  1.24047522E+00  1.70510323E+00  9.64201399E-01  1.03726256E+00
 -1.23766130E-02  1.00000000E+00  1.30539655E+00 -7.12830797E-01  1.57030497E+00  2.00965646E+00  9.51694891E-01  1.48114619E+00
 -6.18830648E-03  1.00000000E+00  1.88481842E-01 -4.14885831E-01  2.49444541E+00  2.67372549E+00  6.49311769E-01  2.83417921E+00
  0.00000000E+00  1.00000000E+00 -9.28432862E-01 -6.81047861E-02  4.04719889E+00  3.77055691E+00  4.63115246E-01  4.63041832E+00
