# curve 5 (die wall), step =      300, time =   1.20000000E+02
# N1 = tau_xx - tau_yy = G ( c_xx - c_yy ),  G =  4.2857E-02  (polymer part only)
#              x               y        pressure            c_xy        gammadot            c_xx            c_yy              N1
 -3.00000000E+00  1.00000000E+00  2.37262219E+00 -1.47673004E+00  4.11684909E-01  6.38991850E+00  7.77001629E-01  2.40553580E-01
 -2.97524677E+00  1.00000000E+00  2.35522142E+00 -1.47667179E+00  4.11689409E-01  6.38961081E+00  7.77002786E-01  2.40540344E-01
 -2.95049355E+00  1.00000000E+00  2.33782064E+00 -1.47661354E+00  4.11692508E-01  6.38930313E+00  7.77003943E-01  2.40527108E-01
 -2.92574032E+00  1.00000000E+00  2.32042330E+00 -1.47668690E+00  4.11691995E-01  6.38968807E+00  7.77009790E-01  2.40543355E-01
 -2.90098710E+00  1.00000000E+00  2.30302596E+00 -1.47676027E+00  4.11687590E-01  6.39007303E+00  7.77015637E-01  2.40559602E-01
 -2.87623387E+00  1.00000000E+00  2.28562677E+00 -1.47689598E+00  4.11683065E-01  6.39113708E+00  7.77001496E-01  2.40605811E-01
 -2.85148064E+00  1.00000000E+00  2.26822758E+00 -1.47703172E+00  4.11676315E-01  6.39220131E+00  7.76987358E-01  2.40652026E-01
 -2.82672742E+00  1.00000000E+00  2.25082461E+00 -1.47681261E+00  4.11678303E-01  6.39107236E+00  7.76975851E-01  2.40604136E-01
 -2.80197419E+00  1.00000000E+00  2.23342164E+00 -1.47659353E+00  4.11681246E-01  6.38994360E+00  7.76964353E-01  2.40556254E-01
 -2.77722097E+00  1.00000000E+00  2.21601327E+00 -1.47663287E+00  4.11686421E-01  6.38972959E+00  7.76984580E-01  2.40546215E-01
 -2.75246774E+00  1.00000000E+00  2.19860490E+00 -1.47667221E+00  4.11690591E-01  6.38951559E+00  7.77004808E-01  2.40536177E-01
 -2.72771451E+00  1.00000000E+00  2.18121747E+00 -1.47670369E+00  4.11688579E-01  6.38968440E+00  7.77016218E-01  2.40542922E-01
 -2.70296129E+00  1.00000000E+00  2.16383004E+00 -1.47673517E+00  4.11680618E-01  6.38985321E+00  7.77027629E-01  2.40549668E-01
 -2.67820806E+00  1.00000000E+00  2.14642411E+00 -1.47669786E+00  4.11678666E-01  6.38975048E+00  7.77008952E-01  2.40546066E-01
 -2.65345484E+00  1.00000000E+00  2.12901819E+00 -1.47666055E+00  4.11682009E-01  6.38964776E+00  7.76990275E-01  2.40542464E-01
 -2.62870161E+00  1.00000000E+00  2.11162063E+00 -1.47668270E+00  4.11686014E-01  6.38955780E+00  7.77004165E-01  2.40538013E-01
 -2.60394839E+00  1.00000000E+00  2.09422307E+00 -1.47670485E+00  4.11688432E-01  6.38946785E+00  7.77018056E-01  2.40533563E-01
 -2.57919516E+00  1.00000000E+00  2.07682681E+00 -1.47668682E+00  4.11688399E-01  6.38953375E+00  7.77014800E-01  2.40536526E-01
 -2.55444193E+00  1.00000000E+00  2.05943054E+00 -1.47666879E+00  4.11684154E-01  6.38959964E+00  7.77011544E-01  2.40539490E-01
 -2.52968871E+00  1.00000000E+00  2.04202817E+00 -1.47679585E+00  4.11679105E-01  6.39036395E+00  7.77017378E-01  2.40571996E-01
 -2.50493548E+00  1.00000000E+00  2.02462579E+00 -1.47692292E+00  4.11670257E-01  6.39112836E+00  7.77023213E-01  2.40604506E-01
 -2.48018226E+00  1.00000000E+00  2.00721968E+00 -1.47674382E+00  4.11674796E-01  6.39024898E+00  7.77002419E-01  2.40567710E-01
 -2.45542903E+00  1.00000000E+00  1.98981356E+00 -1.47656473E+00  4.11682032E-01  6.38936972E+00  7.76981629E-01  2.40530918E-01
 -2.43067580E+00  1.00000000E+00  1.97241515E+00 -1.47659367E+00  4.11688933E-01  6.38926920E+00  7.76994947E-01  2.40526040E-01
 -2.40592258E+00  1.00000000E+00  1.95501673E+00 -1.47662261E+00  4.11694649E-01  6.38916870E+00  7.77008264E-01  2.40521161E-01
 -2.38116935E+00  1.00000000E+00  1.93762375E+00 -1.47662758E+00  4.11691679E-01  6.38922367E+00  7.77016683E-01  2.40523157E-01
 -2.35641613E+00  1.00000000E+00  1.92023076E+00 -1.47663255E+00  4.11682772E-01  6.38927864E+00  7.77025102E-01  2.40525152E-01
 -2.33166290E+00  1.00000000E+00  1.90282783E+00 -1.47665463E+00  4.11680070E-01  6.38948574E+00  7.77015690E-01  2.40534431E-01
 -2.30690967E+00  1.00000000E+00  1.88542489E+00 -1.47667672E+00  4.11679105E-01  6.38969284E+00  7.77006278E-01  2.40543710E-01
 -2.28215645E+00  1.00000000E+00  1.86802266E+00 -1.47667150E+00  4.11680705E-01  6.38962964E+00  7.77000881E-01  2.40541233E-01
 -2.25740322E+00  1.00000000E+00  1.85062042E+00 -1.47666628E+00  4.11684669E-01  6.38956644E+00  7.76995483E-01  2.40538755E-01
 -2.23265000E+00  1.00000000E+00  1.83322298E+00 -1.47679339E+00  4.11682153E-01  6.39025687E+00  7.77013182E-01  2.40567587E-01
 -2.20789677E+00  1.00000000E+00  1.81582554E+00 -1.47692051E+00  4.11671291E-01  6.39094738E+00  7.77030882E-01  2.40596421E-01
 -2.18314354E+00  1.00000000E+00  1.79842017E+00 -1.47675943E+00  4.11670243E-01  6.39003868E+00  7.77021873E-01  2.40557863E-01
 -2.15839032E+00  1.00000000E+00  1.78101480E+00 -1.47659838E+00  4.11671891E-01  6.38913012E+00  7.77012868E-01  2.40519311E-01
 -2.13363709E+00  1.00000000E+00  1.76362228E+00 -1.47660533E+00  4.11674429E-01  6.38908152E+00  7.77015162E-01  2.40517130E-01
 -2.10888387E+00  1.00000000E+00  1.74622975E+00 -1.47661228E+00  4.11677373E-01  6.38903293E+00  7.77017455E-01  2.40514949E-01
 -2.08413064E+00  1.00000000E+00  1.72882281E+00 -1.47661525E+00  4.11678996E-01  6.38895755E+00  7.77022234E-01  2.40511514E-01
 -2.05937741E+00  1.00000000E+00  1.71141586E+00 -1.47661822E+00  4.11677738E-01  6.38888217E+00  7.77027012E-01  2.40508078E-01
 -2.03462419E+00  1.00000000E+00  1.69402216E+00 -1.47660465E+00  4.11672602E-01  6.38901665E+00  7.77018768E-01  2.40514195E-01
 -2.00987096E+00  1.00000000E+00  1.67662846E+00 -1.47659107E+00  4.11666199E-01  6.38915113E+00  7.77010523E-01  2.40520312E-01
 -1.98511774E+00  1.00000000E+00  1.65922189E+00 -1.47660085E+00  4.11664541E-01  6.38907538E+00  7.77014420E-01  2.40516898E-01
 -1.96036451E+00  1.00000000E+00  1.64181532E+00 -1.47661063E+00  4.11663774E-01  6.38899963E+00  7.77018317E-01  2.40513485E-01
 -1.93561128E+00  1.00000000E+00  1.62442764E+00 -1.47671988E+00  4.11657020E-01  6.38960188E+00  7.77032930E-01  2.40538669E-01
 -1.91085806E+00  1.00000000E+00  1.60703996E+00 -1.47682914E+00  4.11646266E-01  6.39020419E+00  7.77047544E-01  2.40563856E-01
 -1.88610483E+00  1.00000000E+00  1.58962387E+00 -1.47672587E+00  4.11642043E-01  6.38989278E+00  7.77012880E-01  2.40551996E-01
 -1.86135161E+00  1.00000000E+00  1.57220779E+00 -1.47662261E+00  4.11641731E-01  6.38958138E+00  7.76978217E-01  2.40540136E-01
 -1.83659838E+00  1.00000000E+00  1.55481740E+00 -1.47663170E+00  4.11644067E-01  6.38916731E+00  7.77020328E-01  2.40520585E-01
 -1.81184516E+00  1.00000000E+00  1.53742701E+00 -1.47664078E+00  4.11640847E-01  6.38875326E+00  7.77062440E-01  2.40501035E-01
 -1.78709193E+00  1.00000000E+00  1.52003933E+00 -1.47675902E+00  4.11623028E-01  6.38981800E+00  7.77048911E-01  2.40547247E-01
 -1.76233870E+00  1.00000000E+00  1.50265164E+00 -1.47687728E+00  4.11599885E-01  6.39088293E+00  7.77035383E-01  2.40593466E-01
 -1.73758548E+00  1.00000000E+00  1.48523635E+00 -1.47679073E+00  4.11596858E-01  6.39034898E+00  7.77028497E-01  2.40570878E-01
 -1.71283225E+00  1.00000000E+00  1.46782106E+00 -1.47670419E+00  4.11592756E-01  6.38981507E+00  7.77021612E-01  2.40548291E-01
 -1.68807903E+00  1.00000000E+00  1.45042252E+00 -1.47670330E+00  4.11585497E-01  6.38945223E+00  7.77040347E-01  2.40531938E-01
 -1.66332580E+00  1.00000000E+00  1.43302398E+00 -1.47670240E+00  4.11578576E-01  6.38908941E+00  7.77059082E-01  2.40515585E-01
 -1.63857257E+00  1.00000000E+00  1.41564262E+00 -1.47666951E+00  4.11569490E-01  6.38903757E+00  7.77058776E-01  2.40513377E-01
 -1.61381935E+00  1.00000000E+00  1.39826127E+00 -1.47663662E+00  4.11554320E-01  6.38898574E+00  7.77058470E-01  2.40511169E-01
 -1.58906612E+00  1.00000000E+00  1.38085087E+00 -1.47655534E+00  4.11539996E-01  6.38831283E+00  7.77061558E-01  2.40482198E-01
 -1.56431290E+00  1.00000000E+00  1.36344047E+00 -1.47647407E+00  4.11529717E-01  6.38764001E+00  7.77064645E-01  2.40453230E-01
 -1.53955967E+00  1.00000000E+00  1.34606808E+00 -1.47643194E+00  4.11515422E-01  6.38716070E+00  7.77084388E-01  2.40431842E-01
 -1.51480644E+00  1.00000000E+00  1.32869570E+00 -1.47638981E+00  4.11499931E-01  6.38668144E+00  7.77104131E-01  2.40410456E-01
 -1.49005322E+00  1.00000000E+00  1.31131108E+00 -1.47639265E+00  4.11478419E-01  6.38667937E+00  7.77118156E-01  2.40409766E-01
 -1.46529999E+00  1.00000000E+00  1.29392647E+00 -1.47639549E+00  4.11448076E-01  6.38667730E+00  7.77132181E-01  2.40409077E-01
 -1.44054677E+00  1.00000000E+00  1.27653938E+00 -1.47652919E+00  4.11417033E-01  6.38752393E+00  7.77141219E-01  2.40444973E-01
 -1.41579354E+00  1.00000000E+00  1.25915229E+00 -1.47666290E+00  4.11377332E-01  6.38837066E+00  7.77150259E-01  2.40480874E-01
 -1.39104031E+00  1.00000000E+00  1.24177602E+00 -1.47638349E+00  4.11351138E-01  6.38671587E+00  7.77147077E-01  2.40410091E-01
 -1.36628709E+00  1.00000000E+00  1.22439975E+00 -1.47610413E+00  4.11329407E-01  6.38506150E+00  7.77143907E-01  2.40339326E-01
 -1.34153386E+00  1.00000000E+00  1.20703134E+00 -1.47611009E+00  4.11301584E-01  6.38449212E+00  7.77177661E-01  2.40313477E-01
 -1.31678064E+00  1.00000000E+00  1.18966292E+00 -1.47611605E+00  4.11269942E-01  6.38392279E+00  7.77211415E-01  2.40287631E-01
 -1.29202741E+00  1.00000000E+00  1.17232148E+00 -1.47611098E+00  4.11229988E-01  6.38382843E+00  7.77224180E-01  2.40283039E-01
 -1.26727418E+00  1.00000000E+00  1.15498004E+00 -1.47610591E+00  4.11185129E-01  6.38373406E+00  7.77236945E-01  2.40278448E-01
 -1.24252096E+00  1.00000000E+00  1.13764003E+00 -1.47616443E+00  4.11141340E-01  6.38367247E+00  7.77273592E-01  2.40274238E-01
 -1.21776773E+00  1.00000000E+00  1.12030001E+00 -1.47622295E+00  4.11085650E-01  6.38361089E+00  7.77310241E-01  2.40270028E-01
 -1.19301451E+00  1.00000000E+00  1.10296807E+00 -1.47594311E+00  4.11037218E-01  6.38195491E+00  7.77313259E-01  2.40198928E-01
 -1.16826128E+00  1.00000000E+00  1.08563612E+00 -1.47566334E+00  4.10994977E-01  6.38029937E+00  7.77316290E-01  2.40127846E-01
 -1.14350806E+00  1.00000000E+00  1.06834228E+00 -1.47569238E+00  4.10941152E-01  6.37994469E+00  7.77351948E-01  2.40111118E-01
 -1.11875483E+00  1.00000000E+00  1.05104845E+00 -1.47572142E+00  4.10882957E-01  6.37959004E+00  7.77387608E-01  2.40094390E-01
 -1.09400160E+00  1.00000000E+00  1.03377259E+00 -1.47561116E+00  4.10831549E-01  6.37864068E+00  7.77408188E-01  2.40052821E-01
 -1.06924838E+00  1.00000000E+00  1.01649674E+00 -1.47550090E+00  4.10778980E-01  6.37769147E+00  7.77428770E-01  2.40011258E-01
 -1.04449515E+00  1.00000000E+00  9.99263052E-01 -1.47539559E+00  4.10717750E-01  6.37662355E+00  7.77468095E-01  2.39963805E-01
 -1.01974193E+00  1.00000000E+00  9.82029367E-01 -1.47529030E+00  4.10652442E-01  6.37555582E+00  7.77507424E-01  2.39916360E-01
 -9.94988700E-01  1.00000000E+00  9.64836401E-01 -1.47520940E+00  4.10589204E-01  6.37489502E+00  7.77531540E-01  2.39887006E-01
 -9.70235474E-01  1.00000000E+00  9.47643435E-01 -1.47512850E+00  4.10530878E-01  6.37423429E+00  7.77555658E-01  2.39857656E-01
 -9.45482248E-01  1.00000000E+00  9.30488222E-01 -1.47500232E+00  4.10479910E-01  6.37335215E+00  7.77558874E-01  2.39819712E-01
 -9.20729022E-01  1.00000000E+00  9.13333010E-01 -1.47487614E+00  4.10433311E-01  6.37247014E+00  7.77562093E-01  2.39781773E-01
 -8.95975796E-01  1.00000000E+00  8.96263784E-01 -1.47476426E+00  4.10385424E-01  6.37141092E+00  7.77601350E-01  2.39734696E-01
 -8.71222570E-01  1.00000000E+00  8.79194558E-01 -1.47465239E+00  4.10339337E-01  6.37035189E+00  7.77640612E-01  2.39687626E-01
 -8.46469344E-01  1.00000000E+00  8.62192630E-01 -1.47476672E+00  4.10311677E-01  6.37062809E+00  7.77683007E-01  2.39697647E-01
 -8.21716118E-01  1.00000000E+00  8.45190702E-01 -1.47488105E+00  4.10278009E-01  6.37090431E+00  7.77725404E-01  2.39707668E-01
 -7.97201467E-01  1.00000000E+00  8.28456262E-01 -1.47492775E+00  4.10299260E-01  6.37110532E+00  7.77722656E-01  2.39716400E-01
 -7.72686817E-01  1.00000000E+00  8.11721822E-01 -1.47497445E+00  4.10317756E-01  6.37130633E+00  7.77719908E-01  2.39725132E-01
 -7.49503432E-01  1.00000000E+00  7.96000415E-01 -1.47490720E+00  4.10368150E-01  6.37196730E+00  7.77629990E-01  2.39757313E-01
 -7.26320047E-01  1.00000000E+00  7.80279008E-01 -1.47483994E+00  4.10437512E-01  6.37262837E+00  7.77540080E-01  2.39789498E-01
 -7.04527831E-01  1.00000000E+00  7.65622017E-01 -1.47519000E+00  4.10532544E-01  6.37407566E+00  7.77599056E-01  2.39848997E-01
 -6.82735615E-01  1.00000000E+00  7.50965026E-01 -1.47554013E+00  4.10644119E-01  6.37552328E+00  7.77658052E-01  2.39908510E-01
 -6.62251087E-01  1.00000000E+00  7.37296831E-01 -1.47549178E+00  4.10834453E-01  6.37790026E+00  7.77420652E-01  2.40020555E-01
 -6.41766559E-01  1.00000000E+00  7.23628636E-01 -1.47544342E+00  4.11050008E-01  6.38027829E+00  7.77183308E-01  2.40132642E-01
 -6.22511254E-01  1.00000000E+00  7.10918555E-01 -1.47565780E+00  4.11285433E-01  6.38331817E+00  7.77034727E-01  2.40269290E-01
 -6.03255949E-01  1.00000000E+00  6.98208473E-01 -1.47587225E+00  4.11555604E-01  6.38635959E+00  7.76886180E-01  2.40406003E-01
 -5.85156097E-01  1.00000000E+00  6.86400450E-01 -1.47657561E+00  4.11877543E-01  6.39088748E+00  7.76850561E-01  2.40601582E-01
 -5.67056245E-01  1.00000000E+00  6.74592426E-01 -1.47727938E+00  4.12227443E-01  6.39541859E+00  7.76815031E-01  2.40797296E-01
 -5.50042515E-01  1.00000000E+00  6.63611459E-01 -1.47767983E+00  4.12678275E-01  6.40158756E+00  7.76483989E-01  2.41075867E-01
 -5.33028786E-01  1.00000000E+00  6.52630492E-01 -1.47808055E+00  4.13145593E-01  6.40776289E+00  7.76153109E-01  2.41354705E-01
 -5.17036006E-01  1.00000000E+00  6.42489120E-01 -1.47906372E+00  4.13670740E-01  6.41561217E+00  7.75992284E-01  2.41697995E-01
 -5.01043227E-01  1.00000000E+00  6.32347748E-01 -1.48004783E+00  4.14228349E-01  6.42347127E+00  7.75831660E-01  2.42041697E-01
 -4.86010125E-01  1.00000000E+00  6.22937460E-01 -1.48092354E+00  4.14869483E-01  6.43226774E+00  7.75516566E-01  2.42432193E-01
 -4.70977023E-01  1.00000000E+00  6.13527173E-01 -1.48180014E+00  4.15578154E-01  6.44107671E+00  7.75201750E-01  2.42823213E-01
 -4.56846016E-01  1.00000000E+00  6.04834252E-01 -1.48302127E+00  4.16334768E-01  6.45235559E+00  7.74863835E-01  2.43321075E-01
 -4.42715008E-01  1.00000000E+00  5.96141330E-01 -1.48424401E+00  4.17165616E-01  6.46365485E+00  7.74526341E-01  2.43819793E-01
 -4.29431964E-01  1.00000000E+00  5.88165465E-01 -1.48554509E+00  4.18112431E-01  6.47647070E+00  7.74078880E-01  2.44388221E-01
 -4.16148920E-01  1.00000000E+00  5.80189599E-01 -1.48684813E+00  4.19108657E-01  6.48931287E+00  7.73632015E-01  2.44957751E-01
 -4.03662954E-01  1.00000000E+00  5.72829211E-01 -1.48813069E+00  4.20099503E-01  6.50368075E+00  7.73093402E-01  2.45596600E-01
 -3.91176988E-01  1.00000000E+00  5.65468823E-01 -1.48941524E+00  4.21225159E-01  6.51808192E+00  7.72555419E-01  2.46236850E-01
 -3.79440270E-01  1.00000000E+00  5.58678936E-01 -1.49147739E+00  4.22442993E-01  6.53516202E+00  7.72146650E-01  2.46986373E-01
 -3.67703552E-01  1.00000000E+00  5.51889049E-01 -1.49354379E+00  4.23728247E-01  6.55228789E+00  7.71738894E-01  2.47737814E-01
 -3.56671122E-01  1.00000000E+00  5.45786199E-01 -1.49543482E+00  4.25124550E-01  6.57143713E+00  7.71074937E-01  2.48586951E-01
 -3.45638692E-01  1.00000000E+00  5.39683348E-01 -1.49732997E+00  4.26553573E-01  6.59064444E+00  7.70412225E-01  2.49438523E-01
 -3.35268287E-01  1.00000000E+00  5.34019501E-01 -1.49952589E+00  4.27993583E-01  6.61147972E+00  7.69813589E-01  2.50357120E-01
 -3.24897882E-01  1.00000000E+00  5.28355654E-01 -1.50172695E+00  4.29593839E-01  6.63238304E+00  7.69216228E-01  2.51278578E-01
 -3.15149775E-01  1.00000000E+00  5.23273335E-01 -1.50400782E+00  4.31319001E-01  6.65502142E+00  7.68488429E-01  2.52279985E-01
 -3.05401669E-01  1.00000000E+00  5.18191016E-01 -1.50629448E+00  4.33094307E-01  6.67773983E+00  7.67762253E-01  2.53284753E-01
 -2.96238520E-01  1.00000000E+00  5.13516594E-01 -1.50852065E+00  4.34908215E-01  6.70463039E+00  7.66687206E-01  2.54483279E-01
 -2.87075371E-01  1.00000000E+00  5.08842173E-01 -1.51075306E+00  4.36966079E-01  6.73163468E+00  7.65614434E-01  2.55686582E-01
 -2.78462077E-01  1.00000000E+00  5.04744194E-01 -1.51366505E+00  4.39084466E-01  6.75961350E+00  7.64751869E-01  2.56922641E-01
 -2.69848783E-01  1.00000000E+00  5.00646216E-01 -1.51658626E+00  4.41281279E-01  6.78771232E+00  7.63891884E-01  2.58163733E-01
 -2.61752348E-01  1.00000000E+00  4.96957731E-01 -1.52014130E+00  4.43489981E-01  6.81911519E+00  7.63151348E-01  2.59541307E-01
 -2.53655913E-01  1.00000000E+00  4.93269245E-01 -1.52370891E+00  4.45832614E-01  6.85066710E+00  7.62413651E-01  2.60925148E-01
 -2.46045323E-01  1.00000000E+00  4.90024596E-01 -1.52620741E+00  4.48307730E-01  6.88318969E+00  7.61074565E-01  2.62376363E-01
 -2.38434732E-01  1.00000000E+00  4.86779947E-01 -1.52871393E+00  4.50857115E-01  6.91587507E+00  7.59738701E-01  2.63834416E-01
 -2.31280830E-01  1.00000000E+00  4.83896253E-01 -1.53181687E+00  4.53490769E-01  6.95058462E+00  7.58567488E-01  2.65372163E-01
 -2.24126928E-01  1.00000000E+00  4.81012559E-01 -1.53493081E+00  4.56235825E-01  6.98547579E+00  7.57399546E-01  2.66917554E-01
 -2.17402314E-01  1.00000000E+00  4.78524058E-01 -1.53970450E+00  4.59072181E-01  7.02528299E+00  7.56606830E-01  2.68657550E-01
 -2.10677699E-01  1.00000000E+00  4.76035557E-01 -1.54449962E+00  4.61992176E-01  7.06532157E+00  7.55818845E-01  2.70407260E-01
 -2.04351753E-01  1.00000000E+00  4.73958202E-01 -1.54812765E+00  4.65099994E-01  7.10709545E+00  7.54375089E-01  2.72259444E-01
 -1.98025807E-01  1.00000000E+00  4.71880847E-01 -1.55177085E+00  4.68270521E-01  7.14912706E+00  7.52936152E-01  2.74122468E-01
 -1.91837501E-01  1.00000000E+00  4.70068394E-01 -1.55650189E+00  4.71730964E-01  7.19483274E+00  7.51760699E-01  2.76131659E-01
 -1.85649194E-01  1.00000000E+00  4.68255940E-01 -1.56125559E+00  4.75288267E-01  7.24083935E+00  7.50590715E-01  2.78153513E-01
 -1.79460888E-01  1.00000000E+00  4.66733268E-01 -1.56408961E+00  4.79278619E-01  7.29193235E+00  7.48186414E-01  2.80446254E-01
 -1.73272582E-01  1.00000000E+00  4.65210595E-01 -1.56693507E+00  4.83407954E-01  7.34341208E+00  7.45789862E-01  2.82755238E-01
 -1.67084275E-01  1.00000000E+00  4.64034599E-01 -1.57412889E+00  4.87910838E-01  7.40469849E+00  7.44697506E-01  2.85428614E-01
 -1.60895969E-01  1.00000000E+00  4.62858604E-01 -1.58136979E+00  4.92572291E-01  7.46650626E+00  7.43614966E-01  2.88123913E-01
 -1.54707662E-01  1.00000000E+00  4.62027398E-01 -1.58601776E+00  4.97920238E-01  7.53488326E+00  7.40925236E-01  2.91169630E-01
 -1.48519356E-01  1.00000000E+00  4.61196192E-01 -1.59069265E+00  5.03426197E-01  7.60392252E+00  7.38247366E-01  2.94243221E-01
 -1.42331049E-01  1.00000000E+00  4.61107225E-01 -1.59870860E+00  5.09725566E-01  7.68424537E+00  7.36239900E-01  2.97771663E-01
 -1.36142743E-01  1.00000000E+00  4.61018258E-01 -1.60678824E+00  5.16330555E-01  7.76544116E+00  7.34248328E-01  3.01336835E-01
 -1.29954436E-01  1.00000000E+00  4.61434651E-01 -1.61363424E+00  5.23390750E-01  7.85755415E+00  7.31234371E-01  3.05413705E-01
 -1.23766130E-01  1.00000000E+00  4.61851044E-01 -1.62053207E+00  5.31037661E-01  7.95081383E+00  7.28237476E-01  3.09538986E-01
 -1.17577823E-01  1.00000000E+00  4.62877453E-01 -1.63054067E+00  5.39871759E-01  8.06488950E+00  7.25176116E-01  3.14559145E-01
 -1.11389517E-01  1.00000000E+00  4.63903861E-01 -1.64065110E+00  5.49167086E-01  8.18066054E+00  7.22141627E-01  3.19650810E-01
 -1.05201210E-01  1.00000000E+00  4.66388506E-01 -1.65160210E+00  5.60128540E-01  8.31793909E+00  7.18130645E-01  3.25706076E-01
 -9.90129037E-02  1.00000000E+00  4.68873150E-01 -1.66267940E+00  5.71565718E-01  8.45761508E+00  7.14157933E-01  3.31862449E-01
 -9.28245972E-02  1.00000000E+00  4.72844022E-01 -1.67002674E+00  5.85093604E-01  8.61675566E+00  7.07740826E-01  3.38957779E-01
 -8.66362908E-02  1.00000000E+00  4.76814893E-01 -1.67743677E+00  5.99280575E-01  8.77910781E+00  7.01375960E-01  3.46188508E-01
 -8.04479843E-02  1.00000000E+00  4.82406317E-01 -1.69778850E+00  6.16593420E-01  8.98984794E+00  6.97547790E-01  3.55384292E-01
 -7.42596778E-02  1.00000000E+00  4.87997741E-01 -1.71850660E+00  6.35168546E-01  9.20576499E+00  6.93796450E-01  3.64798652E-01
 -6.80713713E-02  1.00000000E+00  4.97662665E-01 -1.71824554E+00  6.57772129E-01  9.46255213E+00  6.80191087E-01  3.76386902E-01
 -6.18830648E-02  1.00000000E+00  5.07327590E-01 -1.71780951E+00  6.83177283E-01  9.72743397E+00  6.66763343E-01  3.88314456E-01
 -5.56947583E-02  1.00000000E+00  5.17202358E-01 -1.79807035E+00  7.14894401E-01  1.01466381E+01  6.74520362E-01  4.05947904E-01
 -4.95064519E-02  1.00000000E+00  5.27077125E-01 -1.88173788E+00  7.48596840E-01  1.05839821E+01  6.83075599E-01  4.24324563E-01
 -4.33181454E-02  1.00000000E+00  5.84939772E-01 -1.78486785E+00  7.92455364E-01  1.10091527E+01  6.32427717E-01  4.44716785E-01
 -3.71298389E-02  1.00000000E+00  6.42802419E-01 -1.68418744E+00  8.54483063E-01  1.14643946E+01  5.84709918E-01  4.66272200E-01
 -3.09415324E-02  1.00000000E+00  5.42570460E-01 -1.47016567E+00  9.40529611E-01  1.12087172E+01  5.37203500E-01  4.57350586E-01
 -2.47532259E-02  1.00000000E+00  4.42338500E-01 -1.26295841E+00  1.00838608E+00  1.09739763E+01  4.96462557E-01  4.49036301E-01
 -1.85649194E-02  1.00000000E+00  1.09745899E+00 -2.90338258E+00  1.13714896E+00  1.64445844E+01  7.82300022E-01  6.71240759E-01
 -1.23766130E-02  1.00000000E+00  1.75257948E+00 -5.56708007E+00  1.42874472E+00  2.51754866E+01  1.43381861E+00  1.01750006E+00
 -6.18830648E-03  1.00000000E+00  2.46274875E-01  2.04566773E+00  2.44855415E+00  1.84907698E+01  5.05481476E-01  7.70798069E-01
  0.00000000E+00  1.00000000E+00 -1.26002973E+00  1.26850804E+01  5.19454515E+00  2.97602327E+01  5.58232116E+00  1.03619621E+00
