# curve 5 (die wall), step =      200, time =   8.00000000E+01
# N1 = tau_xx - tau_yy = G ( c_xx - c_yy ),  G =  4.2857E-02  (polymer part only)
#              x               y        pressure            c_xy        gammadot            c_xx            c_yy              N1
 -3.00000000E+00  1.00000000E+00  2.37262219E+00 -1.47672994E+00  4.11684913E-01  6.38991855E+00  7.77001607E-01  2.40553583E-01
 -2.97524677E+00  1.00000000E+00  2.35522142E+00 -1.47667169E+00  4.11689413E-01  6.38961086E+00  7.77002764E-01  2.40540347E-01
 -2.95049355E+00  1.00000000E+00  2.33782064E+00 -1.47661344E+00  4.11692512E-01  6.38930318E+00  7.77003921E-01  2.40527111E-01
 -2.92574032E+00  1.00000000E+00  2.32042330E+00 -1.47668681E+00  4.11692000E-01  6.38968811E+00  7.77009768E-01  2.40543358E-01
 -2.90098710E+00  1.00000000E+00  2.30302596E+00 -1.47676017E+00  4.11687594E-01  6.39007307E+00  7.77015616E-01  2.40559605E-01
 -2.87623387E+00  1.00000000E+00  2.28562677E+00 -1.47689589E+00  4.11683070E-01  6.39113712E+00  7.77001474E-01  2.40605813E-01
 -2.85148064E+00  1.00000000E+00  2.26822759E+00 -1.47703162E+00  4.11676319E-01  6.39220134E+00  7.76987336E-01  2.40652029E-01
 -2.82672742E+00  1.00000000E+00  2.25082462E+00 -1.47681251E+00  4.11678307E-01  6.39107239E+00  7.76975830E-01  2.40604138E-01
 -2.80197419E+00  1.00000000E+00  2.23342165E+00 -1.47659344E+00  4.11681250E-01  6.38994364E+00  7.76964332E-01  2.40556256E-01
 -2.77722097E+00  1.00000000E+00  2.21601328E+00 -1.47663277E+00  4.11686425E-01  6.38972963E+00  7.76984559E-01  2.40546218E-01
 -2.75246774E+00  1.00000000E+00  2.19860490E+00 -1.47667211E+00  4.11690596E-01  6.38951564E+00  7.77004787E-01  2.40536179E-01
 -2.72771451E+00  1.00000000E+00  2.18121747E+00 -1.47670359E+00  4.11688584E-01  6.38968444E+00  7.77016197E-01  2.40542925E-01
 -2.70296129E+00  1.00000000E+00  2.16383004E+00 -1.47673508E+00  4.11680623E-01  6.38985325E+00  7.77027608E-01  2.40549670E-01
 -2.67820806E+00  1.00000000E+00  2.14642412E+00 -1.47669776E+00  4.11678671E-01  6.38975053E+00  7.77008930E-01  2.40546069E-01
 -2.65345484E+00  1.00000000E+00  2.12901819E+00 -1.47666045E+00  4.11682014E-01  6.38964781E+00  7.76990253E-01  2.40542467E-01
 -2.62870161E+00  1.00000000E+00  2.11162063E+00 -1.47668260E+00  4.11686018E-01  6.38955785E+00  7.77004144E-01  2.40538016E-01
 -2.60394839E+00  1.00000000E+00  2.09422307E+00 -1.47670475E+00  4.11688437E-01  6.38946789E+00  7.77018034E-01  2.40533565E-01
 -2.57919516E+00  1.00000000E+00  2.07682681E+00 -1.47668672E+00  4.11688403E-01  6.38953379E+00  7.77014778E-01  2.40536529E-01
 -2.55444193E+00  1.00000000E+00  2.05943054E+00 -1.47666869E+00  4.11684158E-01  6.38959969E+00  7.77011523E-01  2.40539493E-01
 -2.52968871E+00  1.00000000E+00  2.04202817E+00 -1.47679575E+00  4.11679110E-01  6.39036400E+00  7.77017356E-01  2.40571999E-01
 -2.50493548E+00  1.00000000E+00  2.02462579E+00 -1.47692283E+00  4.11670261E-01  6.39112839E+00  7.77023192E-01  2.40604509E-01
 -2.48018226E+00  1.00000000E+00  2.00721968E+00 -1.47674372E+00  4.11674801E-01  6.39024902E+00  7.77002398E-01  2.40567712E-01
 -2.45542903E+00  1.00000000E+00  1.98981356E+00 -1.47656464E+00  4.11682036E-01  6.38936976E+00  7.76981608E-01  2.40530921E-01
 -2.43067580E+00  1.00000000E+00  1.97241515E+00 -1.47659358E+00  4.11688937E-01  6.38926925E+00  7.76994925E-01  2.40526042E-01
 -2.40592258E+00  1.00000000E+00  1.95501674E+00 -1.47662251E+00  4.11694653E-01  6.38916874E+00  7.77008243E-01  2.40521164E-01
 -2.38116935E+00  1.00000000E+00  1.93762375E+00 -1.47662748E+00  4.11691683E-01  6.38922371E+00  7.77016662E-01  2.40523159E-01
 -2.35641613E+00  1.00000000E+00  1.92023077E+00 -1.47663245E+00  4.11682777E-01  6.38927868E+00  7.77025081E-01  2.40525154E-01
 -2.33166290E+00  1.00000000E+00  1.90282783E+00 -1.47665454E+00  4.11680074E-01  6.38948578E+00  7.77015669E-01  2.40534433E-01
 -2.30690967E+00  1.00000000E+00  1.88542490E+00 -1.47667662E+00  4.11679109E-01  6.38969289E+00  7.77006257E-01  2.40543713E-01
 -2.28215645E+00  1.00000000E+00  1.86802266E+00 -1.47667140E+00  4.11680709E-01  6.38962969E+00  7.77000859E-01  2.40541235E-01
 -2.25740322E+00  1.00000000E+00  1.85062043E+00 -1.47666618E+00  4.11684673E-01  6.38956649E+00  7.76995462E-01  2.40538758E-01
 -2.23265000E+00  1.00000000E+00  1.83322298E+00 -1.47679329E+00  4.11682157E-01  6.39025691E+00  7.77013160E-01  2.40567589E-01
 -2.20789677E+00  1.00000000E+00  1.81582554E+00 -1.47692041E+00  4.11671295E-01  6.39094742E+00  7.77030861E-01  2.40596424E-01
 -2.18314354E+00  1.00000000E+00  1.79842017E+00 -1.47675934E+00  4.11670248E-01  6.39003873E+00  7.77021852E-01  2.40557866E-01
 -2.15839032E+00  1.00000000E+00  1.78101480E+00 -1.47659828E+00  4.11671896E-01  6.38913017E+00  7.77012847E-01  2.40519314E-01
 -2.13363709E+00  1.00000000E+00  1.76362228E+00 -1.47660524E+00  4.11674434E-01  6.38908157E+00  7.77015140E-01  2.40517133E-01
 -2.10888387E+00  1.00000000E+00  1.74622976E+00 -1.47661219E+00  4.11677378E-01  6.38903298E+00  7.77017433E-01  2.40514952E-01
 -2.08413064E+00  1.00000000E+00  1.72882281E+00 -1.47661516E+00  4.11679000E-01  6.38895760E+00  7.77022212E-01  2.40511517E-01
 -2.05937741E+00  1.00000000E+00  1.71141587E+00 -1.47661813E+00  4.11677742E-01  6.38888222E+00  7.77026991E-01  2.40508081E-01
 -2.03462419E+00  1.00000000E+00  1.69402217E+00 -1.47660455E+00  4.11672607E-01  6.38901670E+00  7.77018746E-01  2.40514198E-01
 -2.00987096E+00  1.00000000E+00  1.67662846E+00 -1.47659098E+00  4.11666204E-01  6.38915117E+00  7.77010501E-01  2.40520315E-01
 -1.98511774E+00  1.00000000E+00  1.65922189E+00 -1.47660076E+00  4.11664546E-01  6.38907543E+00  7.77014398E-01  2.40516901E-01
 -1.96036451E+00  1.00000000E+00  1.64181532E+00 -1.47661054E+00  4.11663779E-01  6.38899968E+00  7.77018295E-01  2.40513488E-01
 -1.93561128E+00  1.00000000E+00  1.62442764E+00 -1.47671979E+00  4.11657024E-01  6.38960193E+00  7.77032908E-01  2.40538672E-01
 -1.91085806E+00  1.00000000E+00  1.60703997E+00 -1.47682905E+00  4.11646270E-01  6.39020424E+00  7.77047523E-01  2.40563859E-01
 -1.88610483E+00  1.00000000E+00  1.58962388E+00 -1.47672578E+00  4.11642048E-01  6.38989283E+00  7.77012858E-01  2.40551999E-01
 -1.86135161E+00  1.00000000E+00  1.57220779E+00 -1.47662251E+00  4.11641736E-01  6.38958143E+00  7.76978195E-01  2.40540139E-01
 -1.83659838E+00  1.00000000E+00  1.55481740E+00 -1.47663160E+00  4.11644071E-01  6.38916735E+00  7.77020306E-01  2.40520588E-01
 -1.81184516E+00  1.00000000E+00  1.53742701E+00 -1.47664069E+00  4.11640851E-01  6.38875330E+00  7.77062418E-01  2.40501038E-01
 -1.78709193E+00  1.00000000E+00  1.52003933E+00 -1.47675893E+00  4.11623032E-01  6.38981804E+00  7.77048889E-01  2.40547249E-01
 -1.76233870E+00  1.00000000E+00  1.50265165E+00 -1.47687718E+00  4.11599890E-01  6.39088297E+00  7.77035361E-01  2.40593469E-01
 -1.73758548E+00  1.00000000E+00  1.48523636E+00 -1.47679063E+00  4.11596863E-01  6.39034902E+00  7.77028476E-01  2.40570880E-01
 -1.71283225E+00  1.00000000E+00  1.46782106E+00 -1.47670409E+00  4.11592761E-01  6.38981511E+00  7.77021591E-01  2.40548294E-01
 -1.68807903E+00  1.00000000E+00  1.45042252E+00 -1.47670320E+00  4.11585501E-01  6.38945227E+00  7.77040326E-01  2.40531941E-01
 -1.66332580E+00  1.00000000E+00  1.43302398E+00 -1.47670231E+00  4.11578580E-01  6.38908945E+00  7.77059061E-01  2.40515588E-01
 -1.63857257E+00  1.00000000E+00  1.41564263E+00 -1.47666942E+00  4.11569494E-01  6.38903761E+00  7.77058755E-01  2.40513380E-01
 -1.61381935E+00  1.00000000E+00  1.39826127E+00 -1.47663653E+00  4.11554325E-01  6.38898578E+00  7.77058449E-01  2.40511171E-01
 -1.58906612E+00  1.00000000E+00  1.38085087E+00 -1.47655525E+00  4.11540001E-01  6.38831288E+00  7.77061536E-01  2.40482200E-01
 -1.56431290E+00  1.00000000E+00  1.36344047E+00 -1.47647397E+00  4.11529721E-01  6.38764005E+00  7.77064624E-01  2.40453232E-01
 -1.53955967E+00  1.00000000E+00  1.34606809E+00 -1.47643184E+00  4.11515426E-01  6.38716075E+00  7.77084366E-01  2.40431845E-01
 -1.51480644E+00  1.00000000E+00  1.32869570E+00 -1.47638971E+00  4.11499935E-01  6.38668149E+00  7.77104110E-01  2.40410459E-01
 -1.49005322E+00  1.00000000E+00  1.31131109E+00 -1.47639255E+00  4.11478423E-01  6.38667942E+00  7.77118134E-01  2.40409769E-01
 -1.46529999E+00  1.00000000E+00  1.29392647E+00 -1.47639540E+00  4.11448081E-01  6.38667735E+00  7.77132159E-01  2.40409079E-01
 -1.44054677E+00  1.00000000E+00  1.27653938E+00 -1.47652909E+00  4.11417037E-01  6.38752396E+00  7.77141197E-01  2.40444976E-01
 -1.41579354E+00  1.00000000E+00  1.25915229E+00 -1.47666280E+00  4.11377337E-01  6.38837069E+00  7.77150237E-01  2.40480877E-01
 -1.39104031E+00  1.00000000E+00  1.24177602E+00 -1.47638339E+00  4.11351142E-01  6.38671591E+00  7.77147055E-01  2.40410094E-01
 -1.36628709E+00  1.00000000E+00  1.22439976E+00 -1.47610403E+00  4.11329411E-01  6.38506155E+00  7.77143885E-01  2.40339328E-01
 -1.34153386E+00  1.00000000E+00  1.20703134E+00 -1.47611000E+00  4.11301588E-01  6.38449216E+00  7.77177639E-01  2.40313480E-01
 -1.31678064E+00  1.00000000E+00  1.18966293E+00 -1.47611596E+00  4.11269946E-01  6.38392284E+00  7.77211393E-01  2.40287633E-01
 -1.29202741E+00  1.00000000E+00  1.17232149E+00 -1.47611089E+00  4.11229992E-01  6.38382847E+00  7.77224158E-01  2.40283042E-01
 -1.26727418E+00  1.00000000E+00  1.15498005E+00 -1.47610582E+00  4.11185133E-01  6.38373410E+00  7.77236923E-01  2.40278450E-01
 -1.24252096E+00  1.00000000E+00  1.13764003E+00 -1.47616433E+00  4.11141344E-01  6.38367251E+00  7.77273571E-01  2.40274240E-01
 -1.21776773E+00  1.00000000E+00  1.12030001E+00 -1.47622285E+00  4.11085655E-01  6.38361092E+00  7.77310220E-01  2.40270030E-01
 -1.19301451E+00  1.00000000E+00  1.10296807E+00 -1.47594302E+00  4.11037223E-01  6.38195495E+00  7.77313237E-01  2.40198930E-01
 -1.16826128E+00  1.00000000E+00  1.08563613E+00 -1.47566325E+00  4.10994981E-01  6.38029940E+00  7.77316268E-01  2.40127849E-01
 -1.14350806E+00  1.00000000E+00  1.06834229E+00 -1.47569229E+00  4.10941157E-01  6.37994473E+00  7.77351927E-01  2.40111120E-01
 -1.11875483E+00  1.00000000E+00  1.05104845E+00 -1.47572132E+00  4.10882961E-01  6.37959008E+00  7.77387587E-01  2.40094393E-01
 -1.09400160E+00  1.00000000E+00  1.03377260E+00 -1.47561106E+00  4.10831554E-01  6.37864072E+00  7.77408167E-01  2.40052824E-01
 -1.06924838E+00  1.00000000E+00  1.01649674E+00 -1.47550081E+00  4.10778984E-01  6.37769150E+00  7.77428749E-01  2.40011261E-01
 -1.04449515E+00  1.00000000E+00  9.99263057E-01 -1.47539550E+00  4.10717755E-01  6.37662359E+00  7.77468074E-01  2.39963808E-01
 -1.01974193E+00  1.00000000E+00  9.82029373E-01 -1.47529020E+00  4.10652446E-01  6.37555586E+00  7.77507403E-01  2.39916362E-01
 -9.94988700E-01  1.00000000E+00  9.64836406E-01 -1.47520930E+00  4.10589208E-01  6.37489506E+00  7.77531518E-01  2.39887009E-01
 -9.70235474E-01  1.00000000E+00  9.47643440E-01 -1.47512841E+00  4.10530883E-01  6.37423432E+00  7.77555636E-01  2.39857658E-01
 -9.45482248E-01  1.00000000E+00  9.30488228E-01 -1.47500222E+00  4.10479914E-01  6.37335219E+00  7.77558853E-01  2.39819714E-01
 -9.20729022E-01  1.00000000E+00  9.13333015E-01 -1.47487605E+00  4.10433315E-01  6.37247017E+00  7.77562072E-01  2.39781776E-01
 -8.95975796E-01  1.00000000E+00  8.96263789E-01 -1.47476416E+00  4.10385428E-01  6.37141095E+00  7.77601329E-01  2.39734698E-01
 -8.71222570E-01  1.00000000E+00  8.79194563E-01 -1.47465229E+00  4.10339341E-01  6.37035191E+00  7.77640591E-01  2.39687628E-01
 -8.46469344E-01  1.00000000E+00  8.62192635E-01 -1.47476662E+00  4.10311681E-01  6.37062812E+00  7.77682986E-01  2.39697648E-01
 -8.21716118E-01  1.00000000E+00  8.45190708E-01 -1.47488095E+00  4.10278013E-01  6.37090433E+00  7.77725384E-01  2.39707669E-01
 -7.97201467E-01  1.00000000E+00  8.28456268E-01 -1.47492765E+00  4.10299264E-01  6.37110534E+00  7.77722635E-01  2.39716401E-01
 -7.72686817E-01  1.00000000E+00  8.11721828E-01 -1.47497435E+00  4.10317760E-01  6.37130634E+00  7.77719887E-01  2.39725134E-01
 -7.49503432E-01  1.00000000E+00  7.96000421E-01 -1.47490710E+00  4.10368154E-01  6.37196731E+00  7.77629970E-01  2.39757315E-01
 -7.26320047E-01  1.00000000E+00  7.80279014E-01 -1.47483985E+00  4.10437516E-01  6.37262838E+00  7.77540060E-01  2.39789499E-01
 -7.04527831E-01  1.00000000E+00  7.65622023E-01 -1.47518990E+00  4.10532547E-01  6.37407566E+00  7.77599037E-01  2.39848998E-01
 -6.82735615E-01  1.00000000E+00  7.50965032E-01 -1.47554003E+00  4.10644123E-01  6.37552327E+00  7.77658033E-01  2.39908510E-01
 -6.62251087E-01  1.00000000E+00  7.37296837E-01 -1.47549168E+00  4.10834456E-01  6.37790024E+00  7.77420633E-01  2.40020555E-01
 -6.41766559E-01  1.00000000E+00  7.23628642E-01 -1.47544332E+00  4.11050012E-01  6.38027826E+00  7.77183289E-01  2.40132642E-01
 -6.22511254E-01  1.00000000E+00  7.10918561E-01 -1.47565770E+00  4.11285436E-01  6.38331814E+00  7.77034709E-01  2.40269290E-01
 -6.03255949E-01  1.00000000E+00  6.98208480E-01 -1.47587215E+00  4.11555607E-01  6.38635956E+00  7.76886162E-01  2.40406003E-01
 -5.85156097E-01  1.00000000E+00  6.86400456E-01 -1.47657551E+00  4.11877546E-01  6.39088744E+00  7.76850543E-01  2.40601581E-01
 -5.67056245E-01  1.00000000E+00  6.74592432E-01 -1.47727929E+00  4.12227445E-01  6.39541855E+00  7.76815014E-01  2.40797294E-01
 -5.50042515E-01  1.00000000E+00  6.63611466E-01 -1.47767974E+00  4.12678278E-01  6.40158751E+00  7.76483973E-01  2.41075866E-01
 -5.33028786E-01  1.00000000E+00  6.52630499E-01 -1.47808045E+00  4.13145595E-01  6.40776283E+00  7.76153093E-01  2.41354703E-01
 -5.17036006E-01  1.00000000E+00  6.42489127E-01 -1.47906362E+00  4.13670742E-01  6.41561210E+00  7.75992268E-01  2.41697993E-01
 -5.01043227E-01  1.00000000E+00  6.32347755E-01 -1.48004773E+00  4.14228352E-01  6.42347119E+00  7.75831644E-01  2.42041695E-01
 -4.86010125E-01  1.00000000E+00  6.22937467E-01 -1.48092344E+00  4.14869486E-01  6.43226766E+00  7.75516552E-01  2.42432190E-01
 -4.70977023E-01  1.00000000E+00  6.13527180E-01 -1.48180005E+00  4.15578156E-01  6.44107662E+00  7.75201736E-01  2.42823210E-01
 -4.56846016E-01  1.00000000E+00  6.04834259E-01 -1.48302117E+00  4.16334770E-01  6.45235549E+00  7.74863822E-01  2.43321072E-01
 -4.42715008E-01  1.00000000E+00  5.96141338E-01 -1.48424392E+00  4.17165618E-01  6.46365474E+00  7.74526328E-01  2.43819789E-01
 -4.29431964E-01  1.00000000E+00  5.88165472E-01 -1.48554500E+00  4.18112433E-01  6.47647058E+00  7.74078868E-01  2.44388216E-01
 -4.16148920E-01  1.00000000E+00  5.80189607E-01 -1.48684804E+00  4.19108659E-01  6.48931275E+00  7.73632003E-01  2.44957746E-01
 -4.03662954E-01  1.00000000E+00  5.72829219E-01 -1.48813060E+00  4.20099505E-01  6.50368061E+00  7.73093391E-01  2.45596595E-01
 -3.91176988E-01  1.00000000E+00  5.65468832E-01 -1.48941515E+00  4.21225160E-01  6.51808177E+00  7.72555408E-01  2.46236844E-01
 -3.79440270E-01  1.00000000E+00  5.58678945E-01 -1.49147731E+00  4.22442994E-01  6.53516187E+00  7.72146641E-01  2.46986367E-01
 -3.67703552E-01  1.00000000E+00  5.51889058E-01 -1.49354371E+00  4.23728248E-01  6.55228773E+00  7.71738886E-01  2.47737808E-01
 -3.56671122E-01  1.00000000E+00  5.45786207E-01 -1.49543474E+00  4.25124552E-01  6.57143696E+00  7.71074929E-01  2.48586944E-01
 -3.45638692E-01  1.00000000E+00  5.39683356E-01 -1.49732989E+00  4.26553574E-01  6.59064426E+00  7.70412218E-01  2.49438516E-01
 -3.35268287E-01  1.00000000E+00  5.34019510E-01 -1.49952581E+00  4.27993584E-01  6.61147954E+00  7.69813583E-01  2.50357112E-01
 -3.24897882E-01  1.00000000E+00  5.28355663E-01 -1.50172688E+00  4.29593840E-01  6.63238285E+00  7.69216223E-01  2.51278570E-01
 -3.15149775E-01  1.00000000E+00  5.23273344E-01 -1.50400775E+00  4.31319002E-01  6.65502123E+00  7.68488425E-01  2.52279977E-01
 -3.05401669E-01  1.00000000E+00  5.18191025E-01 -1.50629441E+00  4.33094307E-01  6.67773963E+00  7.67762249E-01  2.53284745E-01
 -2.96238520E-01  1.00000000E+00  5.13516604E-01 -1.50852059E+00  4.34908215E-01  6.70463018E+00  7.66687203E-01  2.54483271E-01
 -2.87075371E-01  1.00000000E+00  5.08842182E-01 -1.51075299E+00  4.36966080E-01  6.73163447E+00  7.65614432E-01  2.55686573E-01
 -2.78462077E-01  1.00000000E+00  5.04744204E-01 -1.51366499E+00  4.39084466E-01  6.75961328E+00  7.64751868E-01  2.56922632E-01
 -2.69848783E-01  1.00000000E+00  5.00646225E-01 -1.51658620E+00  4.41281279E-01  6.78771210E+00  7.63891884E-01  2.58163724E-01
 -2.61752348E-01  1.00000000E+00  4.96957740E-01 -1.52014124E+00  4.43489981E-01  6.81911497E+00  7.63151348E-01  2.59541298E-01
 -2.53655913E-01  1.00000000E+00  4.93269255E-01 -1.52370886E+00  4.45832614E-01  6.85066687E+00  7.62413652E-01  2.60925138E-01
 -2.46045323E-01  1.00000000E+00  4.90024606E-01 -1.52620736E+00  4.48307730E-01  6.88318947E+00  7.61074567E-01  2.62376353E-01
 -2.38434732E-01  1.00000000E+00  4.86779957E-01 -1.52871388E+00  4.50857115E-01  6.91587485E+00  7.59738704E-01  2.63834406E-01
 -2.31280830E-01  1.00000000E+00  4.83896263E-01 -1.53181683E+00  4.53490769E-01  6.95058440E+00  7.58567492E-01  2.65372153E-01
 -2.24126928E-01  1.00000000E+00  4.81012569E-01 -1.53493077E+00  4.56235824E-01  6.98547558E+00  7.57399550E-01  2.66917544E-01
 -2.17402314E-01  1.00000000E+00  4.78524068E-01 -1.53970447E+00  4.59072181E-01  7.02528278E+00  7.56606835E-01  2.68657541E-01
 -2.10677699E-01  1.00000000E+00  4.76035568E-01 -1.54449959E+00  4.61992176E-01  7.06532137E+00  7.55818850E-01  2.70407251E-01
 -2.04351753E-01  1.00000000E+00  4.73958213E-01 -1.54812763E+00  4.65099994E-01  7.10709526E+00  7.54375095E-01  2.72259436E-01
 -1.98025807E-01  1.00000000E+00  4.71880858E-01 -1.55177083E+00  4.68270520E-01  7.14912687E+00  7.52936158E-01  2.74122459E-01
 -1.91837501E-01  1.00000000E+00  4.70068405E-01 -1.55650188E+00  4.71730964E-01  7.19483256E+00  7.51760705E-01  2.76131651E-01
 -1.85649194E-01  1.00000000E+00  4.68255951E-01 -1.56125557E+00  4.75288266E-01  7.24083917E+00  7.50590721E-01  2.78153505E-01
 -1.79460888E-01  1.00000000E+00  4.66733279E-01 -1.56408960E+00  4.79278618E-01  7.29193218E+00  7.48186420E-01  2.80446247E-01
 -1.73272582E-01  1.00000000E+00  4.65210606E-01 -1.56693507E+00  4.83407954E-01  7.34341192E+00  7.45789869E-01  2.82755231E-01
 -1.67084275E-01  1.00000000E+00  4.64034611E-01 -1.57412889E+00  4.87910837E-01  7.40469834E+00  7.44697513E-01  2.85428607E-01
 -1.60895969E-01  1.00000000E+00  4.62858616E-01 -1.58136979E+00  4.92572290E-01  7.46650613E+00  7.43614973E-01  2.88123907E-01
 -1.54707662E-01  1.00000000E+00  4.62027410E-01 -1.58601777E+00  4.97920237E-01  7.53488315E+00  7.40925242E-01  2.91169625E-01
 -1.48519356E-01  1.00000000E+00  4.61196203E-01 -1.59069266E+00  5.03426196E-01  7.60392242E+00  7.38247372E-01  2.94243216E-01
 -1.42331049E-01  1.00000000E+00  4.61107237E-01 -1.59870861E+00  5.09725566E-01  7.68424528E+00  7.36239906E-01  2.97771659E-01
 -1.36142743E-01  1.00000000E+00  4.61018270E-01 -1.60678825E+00  5.16330555E-01  7.76544106E+00  7.34248335E-01  3.01336831E-01
 -1.29954436E-01  1.00000000E+00  4.61434664E-01 -1.61363426E+00  5.23390750E-01  7.85755408E+00  7.31234377E-01  3.05413702E-01
 -1.23766130E-01  1.00000000E+00  4.61851057E-01 -1.62053209E+00  5.31037662E-01  7.95081378E+00  7.28237482E-01  3.09538984E-01
 -1.17577823E-01  1.00000000E+00  4.62877465E-01 -1.63054068E+00  5.39871760E-01  8.06488948E+00  7.25176121E-01  3.14559144E-01
 -1.11389517E-01  1.00000000E+00  4.63903874E-01 -1.64065112E+00  5.49167087E-01  8.18066054E+00  7.22141632E-01  3.19650810E-01
 -1.05201210E-01  1.00000000E+00  4.66388518E-01 -1.65160212E+00  5.60128541E-01  8.31793911E+00  7.18130649E-01  3.25706077E-01
 -9.90129037E-02  1.00000000E+00  4.68873163E-01 -1.66267943E+00  5.71565719E-01  8.45761512E+00  7.14157937E-01  3.31862451E-01
 -9.28245972E-02  1.00000000E+00  4.72844035E-01 -1.67002676E+00  5.85093605E-01  8.61675572E+00  7.07740828E-01  3.38957781E-01
 -8.66362908E-02  1.00000000E+00  4.76814907E-01 -1.67743679E+00  5.99280576E-01  8.77910790E+00  7.01375962E-01  3.46188511E-01
 -8.04479843E-02  1.00000000E+00  4.82406331E-01 -1.69778852E+00  6.16593422E-01  8.98984803E+00  6.97547791E-01  3.55384296E-01
 -7.42596778E-02  1.00000000E+00  4.87997754E-01 -1.71850662E+00  6.35168548E-01  9.20576509E+00  6.93796450E-01  3.64798656E-01
 -6.80713713E-02  1.00000000E+00  4.97662679E-01 -1.71824556E+00  6.57772132E-01  9.46255225E+00  6.80191086E-01  3.76386907E-01
 -6.18830648E-02  1.00000000E+00  5.07327605E-01 -1.71780953E+00  6.83177286E-01  9.72743412E+00  6.66763342E-01  3.88314462E-01
 -5.56947583E-02  1.00000000E+00  5.17202373E-01 -1.79807037E+00  7.14894404E-01  1.01466383E+01  6.74520360E-01  4.05947911E-01
 -4.95064519E-02  1.00000000E+00  5.27077140E-01 -1.88173790E+00  7.48596844E-01  1.05839822E+01  6.83075598E-01  4.24324570E-01
 -4.33181454E-02  1.00000000E+00  5.84939789E-01 -1.78486786E+00  7.92455368E-01  1.10091529E+01  6.32427713E-01  4.44716793E-01
 -3.71298389E-02  1.00000000E+00  6.42802437E-01 -1.68418744E+00  8.54483068E-01  1.14643948E+01  5.84709912E-01  4.66272209E-01
 -3.09415324E-02  1.00000000E+00  5.42570476E-01 -1.47016566E+00  9.40529617E-01  1.12087174E+01  5.37203493E-01  4.57350594E-01
 -2.47532259E-02  1.00000000E+00  4.42338514E-01 -1.26295839E+00  1.00838609E+00  1.09739764E+01  4.96462549E-01  4.49036309E-01
 -1.85649194E-02  1.00000000E+00  1.09745902E+00 -2.90338263E+00  1.13714897E+00  1.64445847E+01  7.82300031E-01  6.71240770E-01
 -1.23766130E-02  1.00000000E+00  1.75257952E+00 -5.56708026E+00  1.42874473E+00  2.51754871E+01  1.43381866E+00  1.01750008E+00
 -6.18830648E-03  1.00000000E+00  2.46274892E-01  2.04566776E+00  2.44855417E+00  1.84907697E+01  5.05481486E-01  7.70798067E-01
  0.00000000E+00  1.00000000E+00 -1.26002974E+00  1.26850807E+01  5.19454525E+00  2.97602328E+01  5.58232140E+00  1.03619620E+00
