# curve 5 (die wall), step =      200, time =   8.00000000E+01
# N1 = tau_xx - tau_yy = G ( c_xx - c_yy ),  G =  1.2857E-01  (polymer part only)
#              x               y        pressure            c_xy        gammadot            c_xx            c_yy              N1
 -3.00000000E+00  1.00000000E+00  1.86578740E+00 -1.56916181E+00  4.81979124E-01  7.33604881E+00  7.47426153E-01  8.47108627E-01
 -2.97524677E+00  1.00000000E+00  1.85333811E+00 -1.56906510E+00  4.82032082E-01  7.33530061E+00  7.47438127E-01  8.47010891E-01
 -2.95049355E+00  1.00000000E+00  1.84088882E+00 -1.56896839E+00  4.82081316E-01  7.33455249E+00  7.47450103E-01  8.46913164E-01
 -2.92574032E+00  1.00000000E+00  1.82856442E+00 -1.56939052E+00  4.82062025E-01  7.33508971E+00  7.47603401E-01  8.46962525E-01
 -2.90098710E+00  1.00000000E+00  1.81624003E+00 -1.56981271E+00  4.81968020E-01  7.33562702E+00  7.47756740E-01  8.47011893E-01
 -2.87623387E+00  1.00000000E+00  1.80394473E+00 -1.56989704E+00  4.81873590E-01  7.33743916E+00  7.47690804E-01  8.47253360E-01
 -2.85148064E+00  1.00000000E+00  1.79164943E+00 -1.56998138E+00  4.81718677E-01  7.33925179E+00  7.47624871E-01  8.47494889E-01
 -2.82672742E+00  1.00000000E+00  1.77914515E+00 -1.56919061E+00  4.81834762E-01  7.33743907E+00  7.47394804E-01  8.47291405E-01
 -2.80197419E+00  1.00000000E+00  1.76664086E+00 -1.56840008E+00  4.81966919E-01  7.33562690E+00  7.47164857E-01  8.47087977E-01
 -2.77722097E+00  1.00000000E+00  1.75426804E+00 -1.56893740E+00  4.82005754E-01  7.33584103E+00  7.47352905E-01  8.47091330E-01
 -2.75246774E+00  1.00000000E+00  1.74189523E+00 -1.56947475E+00  4.82037212E-01  7.33605531E+00  7.47541019E-01  8.47094694E-01
 -2.72771451E+00  1.00000000E+00  1.72959911E+00 -1.56943180E+00  4.82051979E-01  7.33607010E+00  7.47545309E-01  8.47096045E-01
 -2.70296129E+00  1.00000000E+00  1.71730299E+00 -1.56938885E+00  4.82015134E-01  7.33608490E+00  7.47549600E-01  8.47097396E-01
 -2.67820806E+00  1.00000000E+00  1.70488152E+00 -1.56930133E+00  4.81978502E-01  7.33593877E+00  7.47508081E-01  8.47083946E-01
 -2.65345484E+00  1.00000000E+00  1.69246004E+00 -1.56921380E+00  4.81984202E-01  7.33579265E+00  7.47466565E-01  8.47070496E-01
 -2.62870161E+00  1.00000000E+00  1.68009780E+00 -1.56928334E+00  4.81981249E-01  7.33553684E+00  7.47509854E-01  8.47032041E-01
 -2.60394839E+00  1.00000000E+00  1.66773556E+00 -1.56935287E+00  4.81969975E-01  7.33528105E+00  7.47553145E-01  8.46993587E-01
 -2.57919516E+00  1.00000000E+00  1.65538588E+00 -1.56939874E+00  4.82000384E-01  7.33507776E+00  7.47602380E-01  8.46961121E-01
 -2.55444193E+00  1.00000000E+00  1.64303619E+00 -1.56944460E+00  4.81987846E-01  7.33487449E+00  7.47651619E-01  8.46928655E-01
 -2.52968871E+00  1.00000000E+00  1.63070498E+00 -1.56957552E+00  4.81922462E-01  7.33611805E+00  7.47636820E-01  8.47090443E-01
 -2.50493548E+00  1.00000000E+00  1.61837377E+00 -1.56970646E+00  4.81823794E-01  7.33736182E+00  7.47622023E-01  8.47252260E-01
 -2.48018226E+00  1.00000000E+00  1.60585650E+00 -1.56914085E+00  4.81944513E-01  7.33617091E+00  7.47438088E-01  8.47122791E-01
 -2.45542903E+00  1.00000000E+00  1.59333924E+00 -1.56857536E+00  4.82066622E-01  7.33498025E+00  7.47254217E-01  8.46993347E-01
 -2.43067580E+00  1.00000000E+00  1.58099884E+00 -1.56894783E+00  4.82125509E-01  7.33548508E+00  7.47361376E-01  8.47044477E-01
 -2.40592258E+00  1.00000000E+00  1.56865843E+00 -1.56932034E+00  4.82172965E-01  7.33599000E+00  7.47468564E-01  8.47095613E-01
 -2.38116935E+00  1.00000000E+00  1.55634748E+00 -1.56940026E+00  4.82177585E-01  7.33587291E+00  7.47538062E-01  8.47071624E-01
 -2.35641613E+00  1.00000000E+00  1.54403652E+00 -1.56948019E+00  4.82128566E-01  7.33575584E+00  7.47607567E-01  8.47047635E-01
 -2.33166290E+00  1.00000000E+00  1.53161442E+00 -1.56930829E+00  4.82092501E-01  7.33612542E+00  7.47505557E-01  8.47108269E-01
 -2.30690967E+00  1.00000000E+00  1.51919231E+00 -1.56913638E+00  4.82075141E-01  7.33649506E+00  7.47403559E-01  8.47168908E-01
 -2.28215645E+00  1.00000000E+00  1.50680326E+00 -1.56930835E+00  4.82077854E-01  7.33661386E+00  7.47455366E-01  8.47177521E-01
 -2.25740322E+00  1.00000000E+00  1.49441420E+00 -1.56948033E+00  4.82080326E-01  7.33673268E+00  7.47507179E-01  8.47186136E-01
 -2.23265000E+00  1.00000000E+00  1.48209943E+00 -1.56972376E+00  4.82037414E-01  7.33769444E+00  7.47573622E-01  8.47301248E-01
 -2.20789677E+00  1.00000000E+00  1.46978466E+00 -1.56996723E+00  4.81926556E-01  7.33865633E+00  7.47640074E-01  8.47416376E-01
 -2.18314354E+00  1.00000000E+00  1.45731745E+00 -1.56939555E+00  4.81990383E-01  7.33722974E+00  7.47473170E-01  8.47254416E-01
 -2.15839032E+00  1.00000000E+00  1.44485024E+00 -1.56882401E+00  4.82080702E-01  7.33580348E+00  7.47306328E-01  8.47092491E-01
 -2.13363709E+00  1.00000000E+00  1.43249148E+00 -1.56895351E+00  4.82142463E-01  7.33610125E+00  7.47327400E-01  8.47128067E-01
 -2.10888387E+00  1.00000000E+00  1.42013271E+00 -1.56908301E+00  4.82203286E-01  7.33639903E+00  7.47348476E-01  8.47163643E-01
 -2.08413064E+00  1.00000000E+00  1.40773145E+00 -1.56924718E+00  4.82241889E-01  7.33657177E+00  7.47405361E-01  8.47178538E-01
 -2.05937741E+00  1.00000000E+00  1.39533018E+00 -1.56941136E+00  4.82245769E-01  7.33674452E+00  7.47462252E-01  8.47193435E-01
 -2.03462419E+00  1.00000000E+00  1.38297997E+00 -1.56936373E+00  4.82227688E-01  7.33659788E+00  7.47470622E-01  8.47173504E-01
 -2.00987096E+00  1.00000000E+00  1.37062976E+00 -1.56931610E+00  4.82180145E-01  7.33645124E+00  7.47478994E-01  8.47153574E-01
 -1.98511774E+00  1.00000000E+00  1.35819906E+00 -1.56942117E+00  4.82134055E-01  7.33620042E+00  7.47533241E-01  8.47114352E-01
 -1.96036451E+00  1.00000000E+00  1.34576836E+00 -1.56952623E+00  4.82090729E-01  7.33594962E+00  7.47587492E-01  8.47075131E-01
 -1.93561128E+00  1.00000000E+00  1.33348044E+00 -1.56975593E+00  4.82013473E-01  7.33635459E+00  7.47684433E-01  8.47114734E-01
 -1.91085806E+00  1.00000000E+00  1.32119253E+00 -1.56998565E+00  4.81885113E-01  7.33675959E+00  7.47781389E-01  8.47154340E-01
 -1.88610483E+00  1.00000000E+00  1.30869587E+00 -1.56946907E+00  4.81826483E-01  7.33624887E+00  7.47574807E-01  8.47115237E-01
 -1.86135161E+00  1.00000000E+00  1.29619921E+00 -1.56895256E+00  4.81797889E-01  7.33573829E+00  7.47368291E-01  8.47076143E-01
 -1.83659838E+00  1.00000000E+00  1.28378789E+00 -1.56917632E+00  4.81852285E-01  7.33441091E+00  7.47558486E-01  8.46881026E-01
 -1.81184516E+00  1.00000000E+00  1.27137657E+00 -1.56940005E+00  4.81862271E-01  7.33308390E+00  7.47748718E-01  8.46685952E-01
 -1.78709193E+00  1.00000000E+00  1.25914660E+00 -1.56965935E+00  4.81739481E-01  7.33453121E+00  7.47793084E-01  8.46866330E-01
 -1.76233870E+00  1.00000000E+00  1.24691663E+00 -1.56991869E+00  4.81557063E-01  7.33597880E+00  7.47837458E-01  8.47046745E-01
 -1.73758548E+00  1.00000000E+00  1.23434045E+00 -1.56933455E+00  4.81540244E-01  7.33471987E+00  7.47657583E-01  8.46908009E-01
 -1.71283225E+00  1.00000000E+00  1.22176427E+00 -1.56875054E+00  4.81524622E-01  7.33346122E+00  7.47477775E-01  8.46769301E-01
 -1.68807903E+00  1.00000000E+00  1.20933195E+00 -1.56890749E+00  4.81447587E-01  7.33225503E+00  7.47610919E-01  8.46597100E-01
 -1.66332580E+00  1.00000000E+00  1.19689964E+00 -1.56906442E+00  4.81398731E-01  7.33104912E+00  7.47744079E-01  8.46424934E-01
 -1.63857257E+00  1.00000000E+00  1.18453878E+00 -1.56881239E+00  4.81419348E-01  7.33023587E+00  7.47702408E-01  8.46325730E-01
 -1.61381935E+00  1.00000000E+00  1.17217792E+00 -1.56856040E+00  4.81356668E-01  7.32942271E+00  7.47660748E-01  8.46226537E-01
 -1.58906612E+00  1.00000000E+00  1.15968584E+00 -1.56837954E+00  4.81215673E-01  7.32762494E+00  7.47685534E-01  8.45992209E-01
 -1.56431290E+00  1.00000000E+00  1.14719376E+00 -1.56819872E+00  4.81131561E-01  7.32582763E+00  7.47710323E-01  8.45757939E-01
 -1.53955967E+00  1.00000000E+00  1.13487126E+00 -1.56813539E+00  4.81051188E-01  7.32373690E+00  7.47830037E-01  8.45473739E-01
 -1.51480644E+00  1.00000000E+00  1.12254876E+00 -1.56807207E+00  4.80936640E-01  7.32164682E+00  7.47949767E-01  8.45189621E-01
 -1.49005322E+00  1.00000000E+00  1.11020719E+00 -1.56826314E+00  4.80758345E-01  7.31918770E+00  7.48230048E-01  8.44837413E-01
 -1.46529999E+00  1.00000000E+00  1.09786562E+00 -1.56845416E+00  4.80481113E-01  7.31672965E+00  7.48510408E-01  8.44485331E-01
 -1.44054677E+00  1.00000000E+00  1.08549711E+00 -1.56840065E+00  4.80159237E-01  7.31563574E+00  7.48600354E-01  8.44333121E-01
 -1.41579354E+00  1.00000000E+00  1.07312860E+00 -1.56834714E+00  4.79745788E-01  7.31454200E+00  7.48690315E-01  8.44180931E-01
 -1.39104031E+00  1.00000000E+00  1.06060032E+00 -1.56708471E+00  4.79580317E-01  7.30891095E+00  7.48512845E-01  8.43479756E-01
 -1.36628709E+00  1.00000000E+00  1.04807205E+00 -1.56582322E+00  4.79475508E-01  7.30328424E+00  7.48335606E-01  8.42779110E-01
 -1.34153386E+00  1.00000000E+00  1.03569823E+00 -1.56596951E+00  4.79235658E-01  7.29975778E+00  7.48617221E-01  8.42289501E-01
 -1.31678064E+00  1.00000000E+00  1.02332440E+00 -1.56611570E+00  4.78961644E-01  7.29623341E+00  7.48898899E-01  8.41800151E-01
 -1.29202741E+00  1.00000000E+00  1.01101498E+00 -1.56582541E+00  4.78606047E-01  7.29246579E+00  7.49058979E-01  8.41295161E-01
 -1.26727418E+00  1.00000000E+00  9.98705567E-01 -1.56553523E+00  4.78180594E-01  7.28870020E+00  7.49219112E-01  8.40790426E-01
 -1.24252096E+00  1.00000000E+00  9.86428115E-01 -1.56541415E+00  4.77748866E-01  7.28457574E+00  7.49469500E-01  8.40227945E-01
 -1.21776773E+00  1.00000000E+00  9.74150663E-01 -1.56529310E+00  4.77241884E-01  7.28045385E+00  7.49719959E-01  8.39665786E-01
 -1.19301451E+00  1.00000000E+00  9.61741275E-01 -1.56385723E+00  4.76815694E-01  7.27185321E+00  7.49692189E-01  8.38563560E-01
 -1.16826128E+00  1.00000000E+00  9.49331887E-01 -1.56242284E+00  4.76456390E-01  7.26326273E+00  7.49664727E-01  8.37462601E-01
 -1.14350806E+00  1.00000000E+00  9.37111577E-01 -1.56216960E+00  4.75936313E-01  7.25742703E+00  7.49954188E-01  8.36675079E-01
 -1.11875483E+00  1.00000000E+00  9.24891267E-01 -1.56191644E+00  4.75359755E-01  7.25159642E+00  7.50243741E-01  8.35888201E-01
 -1.09400160E+00  1.00000000E+00  9.12643199E-01 -1.56120976E+00  4.74771526E-01  7.24398784E+00  7.50466494E-01  8.34881316E-01
 -1.06924838E+00  1.00000000E+00  9.00395130E-01 -1.56050361E+00  4.74196959E-01  7.23638754E+00  7.50689387E-01  8.33875477E-01
 -1.04449515E+00  1.00000000E+00  8.88285007E-01 -1.55971199E+00  4.73555716E-01  7.22688996E+00  7.51013452E-01  8.32612695E-01
 -1.01974193E+00  1.00000000E+00  8.76174884E-01 -1.55892109E+00  4.72868190E-01  7.21740542E+00  7.51337744E-01  8.31351559E-01
 -9.94988700E-01  1.00000000E+00  8.64158915E-01 -1.55784093E+00  4.72063610E-01  7.20672667E+00  7.51643340E-01  8.29939285E-01
 -9.70235474E-01  1.00000000E+00  8.52142947E-01 -1.55676198E+00  4.71259929E-01  7.19606419E+00  7.51949272E-01  8.28529062E-01
 -9.45482248E-01  1.00000000E+00  8.40105193E-01 -1.55581163E+00  4.70391390E-01  7.18515078E+00  7.52305775E-01  8.27080072E-01
 -9.20729022E-01  1.00000000E+00  8.28067439E-01 -1.55486229E+00  4.69526788E-01  7.17425461E+00  7.52662577E-01  8.25633262E-01
 -8.95975796E-01  1.00000000E+00  8.16321100E-01 -1.55349752E+00  4.68593238E-01  7.15986817E+00  7.53083805E-01  8.23729418E-01
 -8.71222570E-01  1.00000000E+00  8.04574760E-01 -1.55213471E+00  4.67638304E-01  7.14551162E+00  7.53505554E-01  8.21829351E-01
 -8.46469344E-01  1.00000000E+00  7.92953453E-01 -1.55116397E+00  4.66501466E-01  7.13217185E+00  7.54072522E-01  8.20041342E-01
 -8.21716118E-01  1.00000000E+00  7.81332145E-01 -1.55019448E+00  4.65312846E-01  7.11885834E+00  7.54640063E-01  8.18256636E-01
 -7.97201467E-01  1.00000000E+00  7.69871719E-01 -1.54885321E+00  4.64311065E-01  7.10489786E+00  7.55040056E-01  8.16410289E-01
 -7.72686817E-01  1.00000000E+00  7.58411293E-01 -1.54751384E+00  4.63278653E-01  7.09096574E+00  7.55440531E-01  8.14567527E-01
 -7.49503432E-01  1.00000000E+00  7.47939234E-01 -1.54647420E+00  4.62176376E-01  7.07717957E+00  7.55999556E-01  8.12723144E-01
 -7.26320047E-01  1.00000000E+00  7.37467175E-01 -1.54543594E+00  4.61052016E-01  7.06342162E+00  7.56559149E-01  8.10882318E-01
 -7.04527831E-01  1.00000000E+00  7.27851050E-01 -1.54364402E+00  4.59867793E-01  7.04822369E+00  7.56902765E-01  8.08884119E-01
 -6.82735615E-01  1.00000000E+00  7.18234924E-01 -1.54185516E+00  4.58788902E-01  7.03305913E+00  7.57247135E-01  8.06890113E-01
 -6.62251087E-01  1.00000000E+00  7.09159040E-01 -1.54045359E+00  4.57985077E-01  7.02127526E+00  7.57448519E-01  8.05349152E-01
 -6.41766559E-01  1.00000000E+00  7.00083156E-01 -1.53905382E+00  4.57165993E-01  7.00951155E+00  7.57650245E-01  8.03810739E-01
 -6.22511254E-01  1.00000000E+00  6.92068378E-01 -1.53787541E+00  4.56215675E-01  6.99660455E+00  7.58081659E-01  8.02095800E-01
 -6.03255949E-01  1.00000000E+00  6.84053600E-01 -1.53669857E+00  4.55278040E-01  6.98372227E+00  7.58513548E-01  8.00383978E-01
 -5.85156097E-01  1.00000000E+00  6.76760643E-01 -1.53522329E+00  4.54315484E-01  6.96987113E+00  7.58865985E-01  7.98557804E-01
 -5.67056245E-01  1.00000000E+00  6.69467686E-01 -1.53375021E+00  4.53435384E-01  6.95604825E+00  7.59218942E-01  7.96735197E-01
 -5.50042515E-01  1.00000000E+00  6.62736272E-01 -1.53292720E+00  4.52750937E-01  6.94671205E+00  7.59528622E-01  7.95495012E-01
 -5.33028786E-01  1.00000000E+00  6.56004858E-01 -1.53210495E+00  4.51969156E-01  6.93738892E+00  7.59838522E-01  7.94256480E-01
 -5.17036006E-01  1.00000000E+00  6.50239378E-01 -1.53222535E+00  4.51131962E-01  6.92862820E+00  7.60622162E-01  7.93029348E-01
 -5.01043227E-01  1.00000000E+00  6.44473899E-01 -1.53234564E+00  4.50250596E-01  6.91988039E+00  7.61406441E-01  7.91803794E-01
 -4.86010125E-01  1.00000000E+00  6.38900529E-01 -1.53040606E+00  4.49478626E-01  6.90931758E+00  7.61286812E-01  7.90461098E-01
 -4.70977023E-01  1.00000000E+00  6.33327160E-01 -1.52846913E+00  4.49058136E-01  6.89877087E+00  7.61167731E-01  7.89120403E-01
 -4.56846016E-01  1.00000000E+00  6.28818188E-01 -1.52819396E+00  4.48376707E-01  6.89262385E+00  7.61485117E-01  7.88289266E-01
 -4.42715008E-01  1.00000000E+00  6.24309215E-01 -1.52791889E+00  4.47922932E-01  6.88648280E+00  7.61802609E-01  7.87458882E-01
 -4.29431964E-01  1.00000000E+00  6.20045998E-01 -1.52817818E+00  4.47740747E-01  6.88546799E+00  7.62050720E-01  7.87296506E-01
 -4.16148920E-01  1.00000000E+00  6.15782781E-01 -1.52843749E+00  4.47579934E-01  6.88445344E+00  7.62298900E-01  7.87134155E-01
 -4.03662954E-01  1.00000000E+00  6.12225534E-01 -1.52699116E+00  4.46974872E-01  6.87774234E+00  7.62153312E-01  7.86290017E-01
 -3.91176988E-01  1.00000000E+00  6.08668286E-01 -1.52554615E+00  4.46726715E-01  6.87103777E+00  7.62008056E-01  7.85446678E-01
 -3.79440270E-01  1.00000000E+00  6.05536517E-01 -1.52574855E+00  4.46582997E-01  6.86955707E+00  7.62168092E-01  7.85235725E-01
 -3.67703552E-01  1.00000000E+00  6.02404748E-01 -1.52595089E+00  4.46591501E-01  6.86807683E+00  7.62328151E-01  7.85024830E-01
 -3.56671122E-01  1.00000000E+00  5.99773286E-01 -1.52648493E+00  4.46865539E-01  6.86953815E+00  7.62448458E-01  7.85197246E-01
 -3.45638692E-01  1.00000000E+00  5.97141823E-01 -1.52701908E+00  4.46944609E-01  6.87099982E+00  7.62568819E-01  7.85369700E-01
 -3.35268287E-01  1.00000000E+00  5.95271415E-01 -1.52642831E+00  4.46349765E-01  6.86733720E+00  7.62620699E-01  7.84892121E-01
 -3.24897882E-01  1.00000000E+00  5.93401007E-01 -1.52583781E+00  4.46236840E-01  6.86367653E+00  7.62672662E-01  7.84414783E-01
 -3.15149775E-01  1.00000000E+00  5.91757767E-01 -1.52681671E+00  4.46334809E-01  6.86708837E+00  7.62926034E-01  7.84820872E-01
 -3.05401669E-01  1.00000000E+00  5.90114526E-01 -1.52779614E+00  4.46470709E-01  6.87050196E+00  7.63179566E-01  7.85227165E-01
 -2.96238520E-01  1.00000000E+00  5.88873100E-01 -1.52662836E+00  4.46341521E-01  6.87196484E+00  7.62486516E-01  7.85504356E-01
 -2.87075371E-01  1.00000000E+00  5.87631674E-01 -1.52546068E+00  4.46681110E-01  6.87342923E+00  7.61794032E-01  7.85781668E-01
 -2.78462077E-01  1.00000000E+00  5.86695802E-01 -1.52663164E+00  4.47466421E-01  6.88098606E+00  7.61708524E-01  7.86764255E-01
 -2.69848783E-01  1.00000000E+00  5.85759930E-01 -1.52780370E+00  4.48242991E-01  6.88855124E+00  7.61623301E-01  7.87747878E-01
 -2.61752348E-01  1.00000000E+00  5.85683365E-01 -1.52860748E+00  4.48330500E-01  6.89204904E+00  7.61753118E-01  7.88180905E-01
 -2.53655913E-01  1.00000000E+00  5.85606800E-01 -1.52941165E+00  4.48651904E-01  6.89554863E+00  7.61883030E-01  7.88614149E-01
 -2.46045323E-01  1.00000000E+00  5.85455187E-01 -1.52947252E+00  4.49216361E-01  6.90125462E+00  7.61462307E-01  7.89401869E-01
 -2.38434732E-01  1.00000000E+00  5.85303575E-01 -1.52953338E+00  4.49652706E-01  6.90696596E+00  7.61041766E-01  7.90190254E-01
 -2.31280830E-01  1.00000000E+00  5.86066852E-01 -1.53009609E+00  4.49651198E-01  6.90957801E+00  7.61152145E-01  7.90511896E-01
 -2.24126928E-01  1.00000000E+00  5.86830130E-01 -1.53065900E+00  4.49845785E-01  6.91219103E+00  7.61262566E-01  7.90833660E-01
 -2.17402314E-01  1.00000000E+00  5.87774972E-01 -1.53110253E+00  4.49808166E-01  6.91197008E+00  7.61463192E-01  7.90779458E-01
 -2.10677699E-01  1.00000000E+00  5.88719815E-01 -1.53154607E+00  4.49855916E-01  6.91174928E+00  7.61663875E-01  7.90725266E-01
 -2.04351753E-01  1.00000000E+00  5.89940029E-01 -1.53207841E+00  4.50234961E-01  6.91605468E+00  7.61558581E-01  7.91292356E-01
 -1.98025807E-01  1.00000000E+00  5.91160243E-01 -1.53261102E+00  4.50486827E-01  6.92036281E+00  7.61453362E-01  7.91859786E-01
 -1.91837501E-01  1.00000000E+00  5.92969900E-01 -1.53313724E+00  4.50474501E-01  6.92189900E+00  7.61693208E-01  7.92026459E-01
 -1.85649194E-01  1.00000000E+00  5.94779558E-01 -1.53366363E+00  4.50440230E-01  6.92343555E+00  7.61933132E-01  7.92193169E-01
 -1.79460888E-01  1.00000000E+00  5.96927142E-01 -1.53421791E+00  4.50565764E-01  6.92988314E+00  7.61719744E-01  7.93049579E-01
 -1.73272582E-01  1.00000000E+00  5.99074726E-01 -1.53477254E+00  4.50644113E-01  6.93633701E+00  7.61506452E-01  7.93906786E-01
 -1.67084275E-01  1.00000000E+00  6.02334270E-01 -1.53406451E+00  4.49847157E-01  6.92576301E+00  7.62006566E-01  7.92482972E-01
 -1.60895969E-01  1.00000000E+00  6.05593813E-01 -1.53335721E+00  4.49365418E-01  6.91520615E+00  7.62507077E-01  7.91061309E-01
 -1.54707662E-01  1.00000000E+00  6.09350909E-01 -1.53358639E+00  4.49256270E-01  6.91454139E+00  7.62646312E-01  7.90957939E-01
 -1.48519356E-01  1.00000000E+00  6.13108005E-01 -1.53381556E+00  4.48712510E-01  6.91387677E+00  7.62785568E-01  7.90854584E-01
 -1.42331049E-01  1.00000000E+00  6.18243742E-01 -1.53940503E+00  4.47594463E-01  6.90868790E+00  7.66179696E-01  7.89751054E-01
 -1.36142743E-01  1.00000000E+00  6.23379480E-01 -1.54499961E+00  4.46121451E-01  6.90352696E+00  7.69587413E-01  7.88649370E-01
 -1.29954436E-01  1.00000000E+00  6.29920860E-01 -1.53868347E+00  4.42021462E-01  6.86161783E+00  7.69978104E-01  7.83210822E-01
 -1.23766130E-01  1.00000000E+00  6.36462241E-01 -1.53239981E+00  4.38897578E-01  6.81996471E+00  7.70376083E-01  7.77804252E-01
 -1.17577823E-01  1.00000000E+00  6.45623249E-01 -1.52841271E+00  4.33678640E-01  6.75916065E+00  7.73431758E-01  7.69593715E-01
 -1.11389517E-01  1.00000000E+00  6.54784256E-01 -1.52444983E+00  4.28899805E-01  6.69893461E+00  7.76501714E-01  7.61455657E-01
 -1.05201210E-01  1.00000000E+00  6.65442180E-01 -1.52505125E+00  4.25022799E-01  6.64219184E+00  7.81660905E-01  7.53496834E-01
 -9.90129037E-02  1.00000000E+00  6.76100103E-01 -1.52564774E+00  4.19352963E-01  6.58601063E+00  7.86846861E-01  7.45606771E-01
 -9.28245972E-02  1.00000000E+00  6.92291951E-01 -1.52205124E+00  4.10955102E-01  6.48526538E+00  7.93996901E-01  7.31734519E-01
 -8.66362908E-02  1.00000000E+00  7.08483800E-01 -1.51849154E+00  3.99812817E-01  6.38622237E+00  8.01206943E-01  7.18073412E-01
 -8.04479843E-02  1.00000000E+00  7.32531491E-01 -1.50366340E+00  3.81435076E-01  6.17238349E+00  8.14288314E-01  6.88897951E-01
 -7.42596778E-02  1.00000000E+00  7.56579181E-01 -1.48922758E+00  3.63778759E-01  5.96619629E+00  8.27640762E-01  6.60671425E-01
 -6.80713713E-02  1.00000000E+00  7.83601577E-01 -1.46514704E+00  3.47662548E-01  5.72627839E+00  8.38826430E-01  6.28386681E-01
 -6.18830648E-02  1.00000000E+00  8.10623973E-01 -1.44180957E+00  3.22582979E-01  5.49646445E+00  8.50295394E-01  5.97364593E-01
 -5.56947583E-02  1.00000000E+00  8.68243770E-01 -1.52580480E+00  2.84595867E-01  5.02587289E+00  9.60320494E-01  5.22713880E-01
 -4.95064519E-02  1.00000000E+00  9.25863568E-01 -1.60894162E+00  2.41877583E-01  4.61785649E+00  1.08149971E+00  4.54674443E-01
 -4.33181454E-02  1.00000000E+00  1.05464820E+00 -9.80323484E-01  1.25041775E-01  2.58997998E+00  1.05866373E+00  1.96883517E-01
 -3.71298389E-02  1.00000000E+00  1.18343283E+00 -5.90619137E-01  4.28355173E-02  1.44890726E+00  1.15071402E+00  3.83391307E-02
 -3.09415324E-02  1.00000000E+00  1.42193501E+00 -3.21474142E-01  8.02370622E-02  7.11132334E-01  1.63591948E+00 -1.18901205E-01
 -2.47532259E-02  1.00000000E+00  1.66043719E+00 -1.12474919E-01  2.11124843E-01  3.49482000E-01  2.47475088E+00 -2.73248856E-01
 -1.85649194E-02  1.00000000E+00  2.13539183E+00 -3.16477011E-01  3.90341177E-01  7.88642348E-01  1.43436447E+00 -8.30214150E-02
 -1.23766130E-02  1.00000000E+00  2.61034646E+00 -5.95345317E-01  4.30859409E-01  1.77456205E+00  9.02650571E-01  1.12102904E-01
 -6.18830648E-03  1.00000000E+00  1.54141458E+00  1.81700489E+00  1.10288196E+00  3.50003385E+00  1.63533802E+00  2.39746607E-01
  0.00000000E+00  1.00000000E+00  4.72482689E-01  1.28589688E+01  7.98047620E+00  1.67568717E+01  1.01484770E+01  8.49650750E-01
