# curve 5 (die wall), step =        1, time =   4.00000000E-01
# N1 = tau_xx - tau_yy = G ( c_xx - c_yy ),  G =  1.0000E-01  (polymer part only)
#              x               y        pressure            c_xy        gammadot            c_xx            c_yy              N1
 -3.00000000E+00  1.00000000E+00  3.54959568E-01  0.00000000E+00  3.99998512E-01  1.00000000E+00  1.00000000E+00  0.00000000E+00
 -2.97524677E+00  1.00000000E+00  3.52221334E-01  0.00000000E+00  3.99999041E-01  1.00000000E+00  1.00000000E+00  0.00000000E+00
 -2.95049355E+00  1.00000000E+00  3.49483100E-01  0.00000000E+00  3.99999459E-01  1.00000000E+00  1.00000000E+00  0.00000000E+00
 -2.92574032E+00  1.00000000E+00  3.46744349E-01  0.00000000E+00  3.99999839E-01  1.00000000E+00  1.00000000E+00  0.00000000E+00
 -2.90098710E+00  1.00000000E+00  3.44005598E-01  0.00000000E+00  4.00000092E-01  1.00000000E+00  1.00000000E+00  0.00000000E+00
 -2.87623387E+00  1.00000000E+00  3.41266955E-01  0.00000000E+00  4.00000110E-01  1.00000000E+00  1.00000000E+00  0.00000000E+00
 -2.85148064E+00  1.00000000E+00  3.38528312E-01  0.00000000E+00  4.00000088E-01  1.00000000E+00  1.00000000E+00  0.00000000E+00
 -2.82672742E+00  1.00000000E+00  3.35789643E-01  0.00000000E+00  4.00000064E-01  1.00000000E+00  1.00000000E+00  0.00000000E+00
 -2.80197419E+00  1.00000000E+00  3.33050974E-01  0.00000000E+00  4.00000029E-01  1.00000000E+00  1.00000000E+00  0.00000000E+00
 -2.77722097E+00  1.00000000E+00  3.30312311E-01  0.00000000E+00  3.99999989E-01  1.00000000E+00  1.00000000E+00  0.00000000E+00
 -2.75246774E+00  1.00000000E+00  3.27573649E-01  0.00000000E+00  3.99999947E-01  1.00000000E+00  1.00000000E+00  0.00000000E+00
 -2.72771451E+00  1.00000000E+00  3.24834987E-01  0.00000000E+00  3.99999897E-01  1.00000000E+00  1.00000000E+00  0.00000000E+00
 -2.70296129E+00  1.00000000E+00  3.22096325E-01  0.00000000E+00  3.99999844E-01  1.00000000E+00  1.00000000E+00  0.00000000E+00
 -2.67820806E+00  1.00000000E+00  3.19357661E-01  0.00000000E+00  3.99999780E-01  1.00000000E+00  1.00000000E+00  0.00000000E+00
 -2.65345484E+00  1.00000000E+00  3.16618997E-01  0.00000000E+00  3.99999713E-01  1.00000000E+00  1.00000000E+00  0.00000000E+00
 -2.62870161E+00  1.00000000E+00  3.13880332E-01  0.00000000E+00  3.99999627E-01  1.00000000E+00  1.00000000E+00  0.00000000E+00
 -2.60394839E+00  1.00000000E+00  3.11141667E-01  0.00000000E+00  3.99999535E-01  1.00000000E+00  1.00000000E+00  0.00000000E+00
 -2.57919516E+00  1.00000000E+00  3.08403006E-01  0.00000000E+00  3.99999428E-01  1.00000000E+00  1.00000000E+00  0.00000000E+00
 -2.55444193E+00  1.00000000E+00  3.05664344E-01  0.00000000E+00  3.99999313E-01  1.00000000E+00  1.00000000E+00  0.00000000E+00
 -2.52968871E+00  1.00000000E+00  3.02925680E-01  0.00000000E+00  3.99999174E-01  1.00000000E+00  1.00000000E+00  0.00000000E+00
 -2.50493548E+00  1.00000000E+00  3.00187016E-01  0.00000000E+00  3.99999027E-01  1.00000000E+00  1.00000000E+00  0.00000000E+00
 -2.48018226E+00  1.00000000E+00  2.97448352E-01  0.00000000E+00  3.99998852E-01  1.00000000E+00  1.00000000E+00  0.00000000E+00
 -2.45542903E+00  1.00000000E+00  2.94709688E-01  0.00000000E+00  3.99998664E-01  1.00000000E+00  1.00000000E+00  0.00000000E+00
 -2.43067580E+00  1.00000000E+00  2.91971024E-01  0.00000000E+00  3.99998438E-01  1.00000000E+00  1.00000000E+00  0.00000000E+00
 -2.40592258E+00  1.00000000E+00  2.89232361E-01  0.00000000E+00  3.99998202E-01  1.00000000E+00  1.00000000E+00  0.00000000E+00
 -2.38116935E+00  1.00000000E+00  2.86493701E-01  0.00000000E+00  3.99997917E-01  1.00000000E+00  1.00000000E+00  0.00000000E+00
 -2.35641613E+00  1.00000000E+00  2.83755041E-01  0.00000000E+00  3.99997609E-01  1.00000000E+00  1.00000000E+00  0.00000000E+00
 -2.33166290E+00  1.00000000E+00  2.81016386E-01  0.00000000E+00  3.99997240E-01  1.00000000E+00  1.00000000E+00  0.00000000E+00
 -2.30690967E+00  1.00000000E+00  2.78277731E-01  0.00000000E+00  3.99996845E-01  1.00000000E+00  1.00000000E+00  0.00000000E+00
 -2.28215645E+00  1.00000000E+00  2.75539074E-01  0.00000000E+00  3.99996380E-01  1.00000000E+00  1.00000000E+00  0.00000000E+00
 -2.25740322E+00  1.00000000E+00  2.72800417E-01  0.00000000E+00  3.99995887E-01  1.00000000E+00  1.00000000E+00  0.00000000E+00
 -2.23265000E+00  1.00000000E+00  2.70061772E-01  0.00000000E+00  3.99995304E-01  1.00000000E+00  1.00000000E+00  0.00000000E+00
 -2.20789677E+00  1.00000000E+00  2.67323126E-01  0.00000000E+00  3.99994684E-01  1.00000000E+00  1.00000000E+00  0.00000000E+00
 -2.18314354E+00  1.00000000E+00  2.64584479E-01  0.00000000E+00  3.99993964E-01  1.00000000E+00  1.00000000E+00  0.00000000E+00
 -2.15839032E+00  1.00000000E+00  2.61845832E-01  0.00000000E+00  3.99993196E-01  1.00000000E+00  1.00000000E+00  0.00000000E+00
 -2.13363709E+00  1.00000000E+00  2.59107220E-01  0.00000000E+00  3.99992293E-01  1.00000000E+00  1.00000000E+00  0.00000000E+00
 -2.10888387E+00  1.00000000E+00  2.56368609E-01  0.00000000E+00  3.99991347E-01  1.00000000E+00  1.00000000E+00  0.00000000E+00
 -2.08413064E+00  1.00000000E+00  2.53630005E-01  0.00000000E+00  3.99990196E-01  1.00000000E+00  1.00000000E+00  0.00000000E+00
 -2.05937741E+00  1.00000000E+00  2.50891402E-01  0.00000000E+00  3.99989008E-01  1.00000000E+00  1.00000000E+00  0.00000000E+00
 -2.03462419E+00  1.00000000E+00  2.48152834E-01  0.00000000E+00  3.99987598E-01  1.00000000E+00  1.00000000E+00  0.00000000E+00
 -2.00987096E+00  1.00000000E+00  2.45414266E-01  0.00000000E+00  3.99986105E-01  1.00000000E+00  1.00000000E+00  0.00000000E+00
 -1.98511774E+00  1.00000000E+00  2.42675728E-01  0.00000000E+00  3.99984397E-01  1.00000000E+00  1.00000000E+00  0.00000000E+00
 -1.96036451E+00  1.00000000E+00  2.39937191E-01  0.00000000E+00  3.99982599E-01  1.00000000E+00  1.00000000E+00  0.00000000E+00
 -1.93561128E+00  1.00000000E+00  2.37198675E-01  0.00000000E+00  3.99980528E-01  1.00000000E+00  1.00000000E+00  0.00000000E+00
 -1.91085806E+00  1.00000000E+00  2.34460158E-01  0.00000000E+00  3.99978279E-01  1.00000000E+00  1.00000000E+00  0.00000000E+00
 -1.88610483E+00  1.00000000E+00  2.31721730E-01  0.00000000E+00  3.99975700E-01  1.00000000E+00  1.00000000E+00  0.00000000E+00
 -1.86135161E+00  1.00000000E+00  2.28983302E-01  0.00000000E+00  3.99973018E-01  1.00000000E+00  1.00000000E+00  0.00000000E+00
 -1.83659838E+00  1.00000000E+00  2.26244998E-01  0.00000000E+00  3.99969944E-01  1.00000000E+00  1.00000000E+00  0.00000000E+00
 -1.81184516E+00  1.00000000E+00  2.23506695E-01  0.00000000E+00  3.99966766E-01  1.00000000E+00  1.00000000E+00  0.00000000E+00
 -1.78709193E+00  1.00000000E+00  2.20768430E-01  0.00000000E+00  3.99963033E-01  1.00000000E+00  1.00000000E+00  0.00000000E+00
 -1.76233870E+00  1.00000000E+00  2.18030165E-01  0.00000000E+00  3.99959000E-01  1.00000000E+00  1.00000000E+00  0.00000000E+00
 -1.73758548E+00  1.00000000E+00  2.15292194E-01  0.00000000E+00  3.99954364E-01  1.00000000E+00  1.00000000E+00  0.00000000E+00
 -1.71283225E+00  1.00000000E+00  2.12554223E-01  0.00000000E+00  3.99949778E-01  1.00000000E+00  1.00000000E+00  0.00000000E+00
 -1.68807903E+00  1.00000000E+00  2.09816275E-01  0.00000000E+00  3.99944949E-01  1.00000000E+00  1.00000000E+00  0.00000000E+00
 -1.66332580E+00  1.00000000E+00  2.07078328E-01  0.00000000E+00  3.99939709E-01  1.00000000E+00  1.00000000E+00  0.00000000E+00
 -1.63857257E+00  1.00000000E+00  2.04340792E-01  0.00000000E+00  3.99933543E-01  1.00000000E+00  1.00000000E+00  0.00000000E+00
 -1.61381935E+00  1.00000000E+00  2.01603256E-01  0.00000000E+00  3.99927024E-01  1.00000000E+00  1.00000000E+00  0.00000000E+00
 -1.58906612E+00  1.00000000E+00  1.98865876E-01  0.00000000E+00  3.99920228E-01  1.00000000E+00  1.00000000E+00  0.00000000E+00
 -1.56431290E+00  1.00000000E+00  1.96128496E-01  0.00000000E+00  3.99913023E-01  1.00000000E+00  1.00000000E+00  0.00000000E+00
 -1.53955967E+00  1.00000000E+00  1.93391611E-01  0.00000000E+00  3.99904799E-01  1.00000000E+00  1.00000000E+00  0.00000000E+00
 -1.51480644E+00  1.00000000E+00  1.90654726E-01  0.00000000E+00  3.99896521E-01  1.00000000E+00  1.00000000E+00  0.00000000E+00
 -1.49005322E+00  1.00000000E+00  1.87918347E-01  0.00000000E+00  3.99887072E-01  1.00000000E+00  1.00000000E+00  0.00000000E+00
 -1.46529999E+00  1.00000000E+00  1.85181968E-01  0.00000000E+00  3.99877347E-01  1.00000000E+00  1.00000000E+00  0.00000000E+00
 -1.44054677E+00  1.00000000E+00  1.82446134E-01  0.00000000E+00  3.99867652E-01  1.00000000E+00  1.00000000E+00  0.00000000E+00
 -1.41579354E+00  1.00000000E+00  1.79710300E-01  0.00000000E+00  3.99856916E-01  1.00000000E+00  1.00000000E+00  0.00000000E+00
 -1.39104031E+00  1.00000000E+00  1.76975444E-01  0.00000000E+00  3.99845387E-01  1.00000000E+00  1.00000000E+00  0.00000000E+00
 -1.36628709E+00  1.00000000E+00  1.74240588E-01  0.00000000E+00  3.99834049E-01  1.00000000E+00  1.00000000E+00  0.00000000E+00
 -1.34153386E+00  1.00000000E+00  1.71506653E-01  0.00000000E+00  3.99822273E-01  1.00000000E+00  1.00000000E+00  0.00000000E+00
 -1.31678064E+00  1.00000000E+00  1.68772719E-01  0.00000000E+00  3.99810223E-01  1.00000000E+00  1.00000000E+00  0.00000000E+00
 -1.29202741E+00  1.00000000E+00  1.66039825E-01  0.00000000E+00  3.99797285E-01  1.00000000E+00  1.00000000E+00  0.00000000E+00
 -1.26727418E+00  1.00000000E+00  1.63306931E-01  0.00000000E+00  3.99784652E-01  1.00000000E+00  1.00000000E+00  0.00000000E+00
 -1.24252096E+00  1.00000000E+00  1.60575802E-01  0.00000000E+00  3.99774382E-01  1.00000000E+00  1.00000000E+00  0.00000000E+00
 -1.21776773E+00  1.00000000E+00  1.57844674E-01  0.00000000E+00  3.99761817E-01  1.00000000E+00  1.00000000E+00  0.00000000E+00
 -1.19301451E+00  1.00000000E+00  1.55115362E-01  0.00000000E+00  3.99749735E-01  1.00000000E+00  1.00000000E+00  0.00000000E+00
 -1.16826128E+00  1.00000000E+00  1.52386050E-01  0.00000000E+00  3.99739941E-01  1.00000000E+00  1.00000000E+00  0.00000000E+00
 -1.14350806E+00  1.00000000E+00  1.49658938E-01  0.00000000E+00  3.99731512E-01  1.00000000E+00  1.00000000E+00  0.00000000E+00
 -1.11875483E+00  1.00000000E+00  1.46931827E-01  0.00000000E+00  3.99724342E-01  1.00000000E+00  1.00000000E+00  0.00000000E+00
 -1.09400160E+00  1.00000000E+00  1.44208345E-01  0.00000000E+00  3.99723755E-01  1.00000000E+00  1.00000000E+00  0.00000000E+00
 -1.06924838E+00  1.00000000E+00  1.41484864E-01  0.00000000E+00  3.99724138E-01  1.00000000E+00  1.00000000E+00  0.00000000E+00
 -1.04449515E+00  1.00000000E+00  1.38764553E-01  0.00000000E+00  3.99728407E-01  1.00000000E+00  1.00000000E+00  0.00000000E+00
 -1.01974193E+00  1.00000000E+00  1.36044242E-01  0.00000000E+00  3.99732647E-01  1.00000000E+00  1.00000000E+00  0.00000000E+00
 -9.94988700E-01  1.00000000E+00  1.33326122E-01  0.00000000E+00  3.99749156E-01  1.00000000E+00  1.00000000E+00  0.00000000E+00
 -9.70235474E-01  1.00000000E+00  1.30608001E-01  0.00000000E+00  3.99771508E-01  1.00000000E+00  1.00000000E+00  0.00000000E+00
 -9.45482248E-01  1.00000000E+00  1.27898626E-01  0.00000000E+00  3.99811192E-01  1.00000000E+00  1.00000000E+00  0.00000000E+00
 -9.20729022E-01  1.00000000E+00  1.25189251E-01  0.00000000E+00  3.99854504E-01  1.00000000E+00  1.00000000E+00  0.00000000E+00
 -8.95975796E-01  1.00000000E+00  1.22485038E-01  0.00000000E+00  3.99906202E-01  1.00000000E+00  1.00000000E+00  0.00000000E+00
 -8.71222570E-01  1.00000000E+00  1.19780824E-01  0.00000000E+00  3.99966209E-01  1.00000000E+00  1.00000000E+00  0.00000000E+00
 -8.46469344E-01  1.00000000E+00  1.17075851E-01  0.00000000E+00  4.00066086E-01  1.00000000E+00  1.00000000E+00  0.00000000E+00
 -8.21716118E-01  1.00000000E+00  1.14370877E-01  0.00000000E+00  4.00175409E-01  1.00000000E+00  1.00000000E+00  0.00000000E+00
 -7.97201467E-01  1.00000000E+00  1.11712094E-01  0.00000000E+00  4.00331046E-01  1.00000000E+00  1.00000000E+00  0.00000000E+00
 -7.72686817E-01  1.00000000E+00  1.09053310E-01  0.00000000E+00  4.00495782E-01  1.00000000E+00  1.00000000E+00  0.00000000E+00
 -7.49503432E-01  1.00000000E+00  1.06545951E-01  0.00000000E+00  4.00701693E-01  1.00000000E+00  1.00000000E+00  0.00000000E+00
 -7.26320047E-01  1.00000000E+00  1.04038591E-01  0.00000000E+00  4.00925156E-01  1.00000000E+00  1.00000000E+00  0.00000000E+00
 -7.04527831E-01  1.00000000E+00  1.01677750E-01  0.00000000E+00  4.01191051E-01  1.00000000E+00  1.00000000E+00  0.00000000E+00
 -6.82735615E-01  1.00000000E+00  9.93169092E-02  0.00000000E+00  4.01483629E-01  1.00000000E+00  1.00000000E+00  0.00000000E+00
 -6.62251087E-01  1.00000000E+00  9.71392578E-02  0.00000000E+00  4.01835067E-01  1.00000000E+00  1.00000000E+00  0.00000000E+00
 -6.41766559E-01  1.00000000E+00  9.49616064E-02  0.00000000E+00  4.02217561E-01  1.00000000E+00  1.00000000E+00  0.00000000E+00
 -6.22511254E-01  1.00000000E+00  9.28953557E-02  0.00000000E+00  4.02637252E-01  1.00000000E+00  1.00000000E+00  0.00000000E+00
 -6.03255949E-01  1.00000000E+00  9.08291050E-02  0.00000000E+00  4.03082311E-01  1.00000000E+00  1.00000000E+00  0.00000000E+00
 -5.85156097E-01  1.00000000E+00  8.89051876E-02  0.00000000E+00  4.03585950E-01  1.00000000E+00  1.00000000E+00  0.00000000E+00
 -5.67056245E-01  1.00000000E+00  8.69812702E-02  0.00000000E+00  4.04134090E-01  1.00000000E+00  1.00000000E+00  0.00000000E+00
 -5.50042515E-01  1.00000000E+00  8.51856198E-02  0.00000000E+00  4.04767562E-01  1.00000000E+00  1.00000000E+00  0.00000000E+00
 -5.33028786E-01  1.00000000E+00  8.33899693E-02  0.00000000E+00  4.05428713E-01  1.00000000E+00  1.00000000E+00  0.00000000E+00
 -5.17036006E-01  1.00000000E+00  8.17112805E-02  0.00000000E+00  4.06161682E-01  1.00000000E+00  1.00000000E+00  0.00000000E+00
 -5.01043227E-01  1.00000000E+00  8.00325917E-02  0.00000000E+00  4.06940764E-01  1.00000000E+00  1.00000000E+00  0.00000000E+00
 -4.86010125E-01  1.00000000E+00  7.84709285E-02  0.00000000E+00  4.07811215E-01  1.00000000E+00  1.00000000E+00  0.00000000E+00
 -4.70977023E-01  1.00000000E+00  7.69092652E-02  0.00000000E+00  4.08706729E-01  1.00000000E+00  1.00000000E+00  0.00000000E+00
 -4.56846016E-01  1.00000000E+00  7.54386935E-02  0.00000000E+00  4.09671227E-01  1.00000000E+00  1.00000000E+00  0.00000000E+00
 -4.42715008E-01  1.00000000E+00  7.39681217E-02  0.00000000E+00  4.10692964E-01  1.00000000E+00  1.00000000E+00  0.00000000E+00
 -4.29431964E-01  1.00000000E+00  7.26100007E-02  0.00000000E+00  4.11842464E-01  1.00000000E+00  1.00000000E+00  0.00000000E+00
 -4.16148920E-01  1.00000000E+00  7.12518796E-02  0.00000000E+00  4.13035138E-01  1.00000000E+00  1.00000000E+00  0.00000000E+00
 -4.03662954E-01  1.00000000E+00  6.99834401E-02  0.00000000E+00  4.14279154E-01  1.00000000E+00  1.00000000E+00  0.00000000E+00
 -3.91176988E-01  1.00000000E+00  6.87150006E-02  0.00000000E+00  4.15589577E-01  1.00000000E+00  1.00000000E+00  0.00000000E+00
 -3.79440270E-01  1.00000000E+00  6.75084146E-02  0.00000000E+00  4.16993853E-01  1.00000000E+00  1.00000000E+00  0.00000000E+00
 -3.67703552E-01  1.00000000E+00  6.63018286E-02  0.00000000E+00  4.18478479E-01  1.00000000E+00  1.00000000E+00  0.00000000E+00
 -3.56671122E-01  1.00000000E+00  6.52244266E-02  0.00000000E+00  4.20019618E-01  1.00000000E+00  1.00000000E+00  0.00000000E+00
 -3.45638692E-01  1.00000000E+00  6.41470245E-02  0.00000000E+00  4.21631038E-01  1.00000000E+00  1.00000000E+00  0.00000000E+00
 -3.35268287E-01  1.00000000E+00  6.31055292E-02  0.00000000E+00  4.23326659E-01  1.00000000E+00  1.00000000E+00  0.00000000E+00
 -3.24897882E-01  1.00000000E+00  6.20640339E-02  0.00000000E+00  4.25108639E-01  1.00000000E+00  1.00000000E+00  0.00000000E+00
 -3.15149775E-01  1.00000000E+00  6.11099207E-02  0.00000000E+00  4.27008541E-01  1.00000000E+00  1.00000000E+00  0.00000000E+00
 -3.05401669E-01  1.00000000E+00  6.01558075E-02  0.00000000E+00  4.28982288E-01  1.00000000E+00  1.00000000E+00  0.00000000E+00
 -2.96238520E-01  1.00000000E+00  5.92813222E-02  0.00000000E+00  4.31100615E-01  1.00000000E+00  1.00000000E+00  0.00000000E+00
 -2.87075371E-01  1.00000000E+00  5.84068369E-02  0.00000000E+00  4.33337977E-01  1.00000000E+00  1.00000000E+00  0.00000000E+00
 -2.78462077E-01  1.00000000E+00  5.75791135E-02  0.00000000E+00  4.35542544E-01  1.00000000E+00  1.00000000E+00  0.00000000E+00
 -2.69848783E-01  1.00000000E+00  5.67513900E-02  0.00000000E+00  4.37794490E-01  1.00000000E+00  1.00000000E+00  0.00000000E+00
 -2.61752348E-01  1.00000000E+00  5.59922928E-02  0.00000000E+00  4.40194796E-01  1.00000000E+00  1.00000000E+00  0.00000000E+00
 -2.53655913E-01  1.00000000E+00  5.52331955E-02  0.00000000E+00  4.42704069E-01  1.00000000E+00  1.00000000E+00  0.00000000E+00
 -2.46045323E-01  1.00000000E+00  5.45442751E-02  0.00000000E+00  4.45310542E-01  1.00000000E+00  1.00000000E+00  0.00000000E+00
 -2.38434732E-01  1.00000000E+00  5.38553546E-02  0.00000000E+00  4.47984003E-01  1.00000000E+00  1.00000000E+00  0.00000000E+00
 -2.31280830E-01  1.00000000E+00  5.32055404E-02  0.00000000E+00  4.50755616E-01  1.00000000E+00  1.00000000E+00  0.00000000E+00
 -2.24126928E-01  1.00000000E+00  5.25557261E-02  0.00000000E+00  4.53646408E-01  1.00000000E+00  1.00000000E+00  0.00000000E+00
 -2.17402314E-01  1.00000000E+00  5.19296925E-02  0.00000000E+00  4.56604115E-01  1.00000000E+00  1.00000000E+00  0.00000000E+00
 -2.10677699E-01  1.00000000E+00  5.13036588E-02  0.00000000E+00  4.59668518E-01  1.00000000E+00  1.00000000E+00  0.00000000E+00
 -2.04351753E-01  1.00000000E+00  5.07743625E-02  0.00000000E+00  4.62875473E-01  1.00000000E+00  1.00000000E+00  0.00000000E+00
 -1.98025807E-01  1.00000000E+00  5.02450662E-02  0.00000000E+00  4.66142421E-01  1.00000000E+00  1.00000000E+00  0.00000000E+00
 -1.91837501E-01  1.00000000E+00  4.96913847E-02  0.00000000E+00  4.69708970E-01  1.00000000E+00  1.00000000E+00  0.00000000E+00
 -1.85649194E-01  1.00000000E+00  4.91377032E-02  0.00000000E+00  4.73404789E-01  1.00000000E+00  1.00000000E+00  0.00000000E+00
 -1.79460888E-01  1.00000000E+00  4.86869514E-02  0.00000000E+00  4.77495390E-01  1.00000000E+00  1.00000000E+00  0.00000000E+00
 -1.73272582E-01  1.00000000E+00  4.82361997E-02  0.00000000E+00  4.81700812E-01  1.00000000E+00  1.00000000E+00  0.00000000E+00
 -1.67084275E-01  1.00000000E+00  4.76961404E-02  0.00000000E+00  4.86275562E-01  1.00000000E+00  1.00000000E+00  0.00000000E+00
 -1.60895969E-01  1.00000000E+00  4.71560810E-02  0.00000000E+00  4.91022349E-01  1.00000000E+00  1.00000000E+00  0.00000000E+00
 -1.54707662E-01  1.00000000E+00  4.66865043E-02  0.00000000E+00  4.96372664E-01  1.00000000E+00  1.00000000E+00  0.00000000E+00
 -1.48519356E-01  1.00000000E+00  4.62169275E-02  0.00000000E+00  5.01933025E-01  1.00000000E+00  1.00000000E+00  0.00000000E+00
 -1.42331049E-01  1.00000000E+00  4.57593488E-02  0.00000000E+00  5.08217519E-01  1.00000000E+00  1.00000000E+00  0.00000000E+00
 -1.36142743E-01  1.00000000E+00  4.53017701E-02  0.00000000E+00  5.14753406E-01  1.00000000E+00  1.00000000E+00  0.00000000E+00
 -1.29954436E-01  1.00000000E+00  4.50090958E-02  0.00000000E+00  5.22014501E-01  1.00000000E+00  1.00000000E+00  0.00000000E+00
 -1.23766130E-01  1.00000000E+00  4.47164214E-02  0.00000000E+00  5.29667867E-01  1.00000000E+00  1.00000000E+00  0.00000000E+00
 -1.17577823E-01  1.00000000E+00  4.41736083E-02  0.00000000E+00  5.38166236E-01  1.00000000E+00  1.00000000E+00  0.00000000E+00
 -1.11389517E-01  1.00000000E+00  4.36307952E-02  0.00000000E+00  5.47187790E-01  1.00000000E+00  1.00000000E+00  0.00000000E+00
 -1.05201210E-01  1.00000000E+00  4.33302847E-02  0.00000000E+00  5.57688333E-01  1.00000000E+00  1.00000000E+00  0.00000000E+00
 -9.90129037E-02  1.00000000E+00  4.30297743E-02  0.00000000E+00  5.69003077E-01  1.00000000E+00  1.00000000E+00  0.00000000E+00
 -9.28245972E-02  1.00000000E+00  4.30259979E-02  0.00000000E+00  5.82094756E-01  1.00000000E+00  1.00000000E+00  0.00000000E+00
 -8.66362908E-02  1.00000000E+00  4.30222216E-02  0.00000000E+00  5.95864014E-01  1.00000000E+00  1.00000000E+00  0.00000000E+00
 -8.04479843E-02  1.00000000E+00  4.25105237E-02  0.00000000E+00  6.12739534E-01  1.00000000E+00  1.00000000E+00  0.00000000E+00
 -7.42596778E-02  1.00000000E+00  4.19988258E-02  0.00000000E+00  6.30940903E-01  1.00000000E+00  1.00000000E+00  0.00000000E+00
 -6.80713713E-02  1.00000000E+00  4.23649008E-02  0.00000000E+00  6.51734553E-01  1.00000000E+00  1.00000000E+00  0.00000000E+00
 -6.18830648E-02  1.00000000E+00  4.27309758E-02  0.00000000E+00  6.75170448E-01  1.00000000E+00  1.00000000E+00  0.00000000E+00
 -5.56947583E-02  1.00000000E+00  4.32403308E-02  0.00000000E+00  7.03812445E-01  1.00000000E+00  1.00000000E+00  0.00000000E+00
 -4.95064519E-02  1.00000000E+00  4.37496858E-02  0.00000000E+00  7.37333626E-01  1.00000000E+00  1.00000000E+00  0.00000000E+00
 -4.33181454E-02  1.00000000E+00  4.50108031E-02  0.00000000E+00  7.81298982E-01  1.00000000E+00  1.00000000E+00  0.00000000E+00
 -3.71298389E-02  1.00000000E+00  4.62719203E-02  0.00000000E+00  8.32339955E-01  1.00000000E+00  1.00000000E+00  0.00000000E+00
 -3.09415324E-02  1.00000000E+00  3.96440632E-02  0.00000000E+00  9.06485121E-01  1.00000000E+00  1.00000000E+00  0.00000000E+00
 -2.47532259E-02  1.00000000E+00  3.30162061E-02  0.00000000E+00  9.98453035E-01  1.00000000E+00  1.00000000E+00  0.00000000E+00
 -1.85649194E-02  1.00000000E+00  9.24034638E-02  0.00000000E+00  1.16873172E+00  1.00000000E+00  1.00000000E+00  0.00000000E+00
 -1.23766130E-02  1.00000000E+00  1.51790721E-01  0.00000000E+00  1.36646807E+00  1.00000000E+00  1.00000000E+00  0.00000000E+00
 -6.18830648E-03  1.00000000E+00  2.68757279E-02  0.00000000E+00  1.78134836E+00  1.00000000E+00  1.00000000E+00  0.00000000E+00
  0.00000000E+00  1.00000000E+00 -9.80392657E-02  0.00000000E+00  2.48611249E+00  1.00000000E+00  1.00000000E+00  0.00000000E+00
