# curve 5 (die wall), step =      900, time =   3.60000000E+02
# N1 = tau_xx - tau_yy = G ( c_xx - c_yy ),  G =  1.0000E-01  (polymer part only)
#              x               y        pressure            c_xy        gammadot            c_xx            c_yy              N1
 -3.00000000E+00  1.00000000E+00  2.03735379E+00 -2.12115520E+00  4.75692442E-01  1.24259267E+01  7.72306258E-01  1.16536204E+00
 -2.97524677E+00  1.00000000E+00  2.02438949E+00 -2.12117716E+00  4.75771152E-01  1.24253499E+01  7.72334743E-01  1.16530151E+00
 -2.95049355E+00  1.00000000E+00  2.01142519E+00 -2.12119911E+00  4.75845984E-01  1.24247731E+01  7.72363230E-01  1.16524099E+00
 -2.92574032E+00  1.00000000E+00  1.99858315E+00 -2.12172944E+00  4.75856174E-01  1.24259014E+01  7.72511340E-01  1.16533900E+00
 -2.90098710E+00  1.00000000E+00  1.98574111E+00 -2.12225983E+00  4.75792562E-01  1.24270298E+01  7.72659486E-01  1.16543703E+00
 -2.87623387E+00  1.00000000E+00  1.97308390E+00 -2.12255545E+00  4.75696881E-01  1.24306738E+01  7.72653452E-01  1.16580203E+00
 -2.85148064E+00  1.00000000E+00  1.96042670E+00 -2.12285111E+00  4.75528171E-01  1.24343188E+01  7.72647416E-01  1.16616714E+00
 -2.82672742E+00  1.00000000E+00  1.94739143E+00 -2.12150413E+00  4.75599665E-01  1.24308868E+01  7.72307333E-01  1.16585794E+00
 -2.80197419E+00  1.00000000E+00  1.93435617E+00 -2.12015764E+00  4.75732714E-01  1.24274560E+01  7.71967471E-01  1.16554885E+00
 -2.77722097E+00  1.00000000E+00  1.92147541E+00 -2.12107254E+00  4.75764101E-01  1.24274500E+01  7.72241943E-01  1.16552081E+00
 -2.75246774E+00  1.00000000E+00  1.90859465E+00 -2.12198745E+00  4.75787198E-01  1.24274444E+01  7.72516539E-01  1.16549278E+00
 -2.72771451E+00  1.00000000E+00  1.89586855E+00 -2.12198613E+00  4.75791592E-01  1.24277505E+01  7.72530967E-01  1.16552195E+00
 -2.70296129E+00  1.00000000E+00  1.88314245E+00 -2.12198481E+00  4.75749507E-01  1.24280566E+01  7.72545396E-01  1.16555112E+00
 -2.67820806E+00  1.00000000E+00  1.87020295E+00 -2.12167352E+00  4.75716729E-01  1.24276974E+01  7.72435518E-01  1.16552619E+00
 -2.65345484E+00  1.00000000E+00  1.85726346E+00 -2.12136225E+00  4.75739447E-01  1.24273383E+01  7.72325656E-01  1.16550127E+00
 -2.62870161E+00  1.00000000E+00  1.84443299E+00 -2.12157215E+00  4.75754069E-01  1.24269773E+01  7.72402735E-01  1.16545746E+00
 -2.60394839E+00  1.00000000E+00  1.83160252E+00 -2.12178204E+00  4.75752885E-01  1.24266163E+01  7.72479821E-01  1.16541365E+00
 -2.57919516E+00  1.00000000E+00  1.81876236E+00 -2.12200111E+00  4.75813334E-01  1.24268982E+01  7.72563715E-01  1.16543345E+00
 -2.55444193E+00  1.00000000E+00  1.80592220E+00 -2.12222019E+00  4.75811108E-01  1.24271801E+01  7.72647618E-01  1.16545325E+00
 -2.52968871E+00  1.00000000E+00  1.79315578E+00 -2.12230751E+00  4.75742285E-01  1.24298166E+01  7.72600263E-01  1.16572163E+00
 -2.50493548E+00  1.00000000E+00  1.78038937E+00 -2.12239482E+00  4.75649446E-01  1.24324537E+01  7.72552906E-01  1.16599007E+00
 -2.48018226E+00  1.00000000E+00  1.76729803E+00 -2.12143584E+00  4.75784027E-01  1.24302400E+01  7.72280504E-01  1.16579595E+00
 -2.45542903E+00  1.00000000E+00  1.75420669E+00 -2.12047711E+00  4.75932253E-01  1.24280268E+01  7.72008223E-01  1.16560186E+00
 -2.43067580E+00  1.00000000E+00  1.74138371E+00 -2.12126104E+00  4.76009819E-01  1.24291618E+01  7.72202107E-01  1.16569597E+00
 -2.40592258E+00  1.00000000E+00  1.72856074E+00 -2.12204506E+00  4.76062891E-01  1.24302969E+01  7.72396071E-01  1.16579009E+00
 -2.38116935E+00  1.00000000E+00  1.71582232E+00 -2.12234619E+00  4.76048525E-01  1.24307880E+01  7.72516178E-01  1.16582718E+00
 -2.35641613E+00  1.00000000E+00  1.70308391E+00 -2.12264734E+00  4.75993329E-01  1.24312791E+01  7.72636304E-01  1.16586428E+00
 -2.33166290E+00  1.00000000E+00  1.69011673E+00 -2.12200703E+00  4.75980671E-01  1.24322310E+01  7.72377582E-01  1.16598534E+00
 -2.30690967E+00  1.00000000E+00  1.67714955E+00 -2.12136669E+00  4.76008289E-01  1.24331833E+01  7.72118939E-01  1.16610644E+00
 -2.28215645E+00  1.00000000E+00  1.66423930E+00 -2.12179837E+00  4.76045327E-01  1.24335108E+01  7.72233358E-01  1.16612775E+00
 -2.25740322E+00  1.00000000E+00  1.65132906E+00 -2.12223006E+00  4.76061192E-01  1.24338384E+01  7.72347803E-01  1.16614906E+00
 -2.23265000E+00  1.00000000E+00  1.63860591E+00 -2.12282584E+00  4.76013463E-01  1.24362216E+01  7.72497351E-01  1.16637242E+00
 -2.20789677E+00  1.00000000E+00  1.62588277E+00 -2.12342175E+00  4.75893791E-01  1.24386051E+01  7.72646937E-01  1.16659582E+00
 -2.18314354E+00  1.00000000E+00  1.61288348E+00 -2.12234859E+00  4.75950378E-01  1.24361617E+01  7.72351598E-01  1.16638101E+00
 -2.15839032E+00  1.00000000E+00  1.59988419E+00 -2.12127574E+00  4.76061247E-01  1.24337189E+01  7.72056408E-01  1.16616625E+00
 -2.13363709E+00  1.00000000E+00  1.58699118E+00 -2.12146685E+00  4.76153179E-01  1.24344140E+01  7.72072837E-01  1.16623411E+00
 -2.10888387E+00  1.00000000E+00  1.57409818E+00 -2.12165796E+00  4.76245099E-01  1.24351091E+01  7.72089270E-01  1.16630198E+00
 -2.08413064E+00  1.00000000E+00  1.56120002E+00 -2.12209984E+00  4.76309823E-01  1.24359141E+01  7.72199929E-01  1.16637142E+00
 -2.05937741E+00  1.00000000E+00  1.54830187E+00 -2.12254175E+00  4.76320881E-01  1.24367193E+01  7.72310613E-01  1.16644087E+00
 -2.03462419E+00  1.00000000E+00  1.53545696E+00 -2.12244841E+00  4.76301452E-01  1.24366834E+01  7.72309170E-01  1.16643742E+00
 -2.00987096E+00  1.00000000E+00  1.52261205E+00 -2.12235507E+00  4.76261417E-01  1.24366474E+01  7.72307729E-01  1.16643397E+00
 -1.98511774E+00  1.00000000E+00  1.50964350E+00 -2.12258676E+00  4.76206089E-01  1.24359878E+01  7.72405947E-01  1.16635819E+00
 -1.96036451E+00  1.00000000E+00  1.49667494E+00 -2.12281844E+00  4.76140167E-01  1.24353283E+01  7.72504176E-01  1.16628242E+00
 -1.93561128E+00  1.00000000E+00  1.48395073E+00 -2.12328688E+00  4.76036057E-01  1.24359636E+01  7.72678857E-01  1.16632847E+00
 -1.91085806E+00  1.00000000E+00  1.47122652E+00 -2.12375537E+00  4.75887546E-01  1.24365989E+01  7.72853577E-01  1.16637454E+00
 -1.88610483E+00  1.00000000E+00  1.45816062E+00 -2.12247289E+00  4.75815591E-01  1.24352994E+01  7.72438685E-01  1.16628607E+00
 -1.86135161E+00  1.00000000E+00  1.44509473E+00 -2.12119070E+00  4.75802908E-01  1.24340004E+01  7.72024042E-01  1.16619763E+00
 -1.83659838E+00  1.00000000E+00  1.43210595E+00 -2.12186554E+00  4.75849132E-01  1.24309277E+01  7.72378648E-01  1.16585490E+00
 -1.81184516E+00  1.00000000E+00  1.41911717E+00 -2.12254021E+00  4.75835446E-01  1.24278563E+01  7.72733377E-01  1.16551229E+00
 -1.78709193E+00  1.00000000E+00  1.40645867E+00 -2.12293794E+00  4.75687083E-01  1.24305898E+01  7.72808762E-01  1.16577811E+00
 -1.76233870E+00  1.00000000E+00  1.39380018E+00 -2.12333574E+00  4.75476122E-01  1.24333240E+01  7.72884158E-01  1.16604399E+00
 -1.73758548E+00  1.00000000E+00  1.38061464E+00 -2.12204586E+00  4.75416692E-01  1.24299112E+01  7.72559027E-01  1.16573521E+00
 -1.71283225E+00  1.00000000E+00  1.36742911E+00 -2.12075645E+00  4.75375794E-01  1.24264995E+01  7.72234097E-01  1.16542654E+00
 -1.68807903E+00  1.00000000E+00  1.35441221E+00 -2.12095197E+00  4.75246548E-01  1.24224071E+01  7.72448681E-01  1.16499585E+00
 -1.66332580E+00  1.00000000E+00  1.34139532E+00 -2.12114736E+00  4.75141403E-01  1.24183164E+01  7.72663294E-01  1.16456531E+00
 -1.63857257E+00  1.00000000E+00  1.32850681E+00 -2.12068206E+00  4.75112861E-01  1.24152152E+01  7.72631786E-01  1.16425834E+00
 -1.61381935E+00  1.00000000E+00  1.31561830E+00 -2.12021687E+00  4.74985281E-01  1.24121148E+01  7.72600296E-01  1.16395145E+00
 -1.58906612E+00  1.00000000E+00  1.30251286E+00 -2.11980754E+00  4.74744918E-01  1.24062847E+01  7.72666213E-01  1.16336185E+00
 -1.56431290E+00  1.00000000E+00  1.28940743E+00 -2.11939830E+00  4.74554407E-01  1.24004574E+01  7.72732133E-01  1.16277253E+00
 -1.53955967E+00  1.00000000E+00  1.27660456E+00 -2.11951796E+00  4.74338577E-01  1.23941038E+01  7.73025312E-01  1.16210785E+00
 -1.51480644E+00  1.00000000E+00  1.26380169E+00 -2.11963743E+00  4.74076140E-01  1.23877539E+01  7.73318547E-01  1.16144353E+00
 -1.49005322E+00  1.00000000E+00  1.25091998E+00 -2.11986225E+00  4.73708333E-01  1.23795205E+01  7.73770787E-01  1.16057497E+00
 -1.46529999E+00  1.00000000E+00  1.23803826E+00 -2.12008680E+00  4.73236266E-01  1.23712935E+01  7.74223193E-01  1.15970703E+00
 -1.44054677E+00  1.00000000E+00  1.22516234E+00 -2.11978174E+00  4.72716045E-01  1.23653185E+01  7.74433672E-01  1.15908848E+00
 -1.41579354E+00  1.00000000E+00  1.21228642E+00 -2.11947678E+00  4.72092337E-01  1.23593465E+01  7.74644225E-01  1.15847023E+00
 -1.39104031E+00  1.00000000E+00  1.19912048E+00 -2.11659769E+00  4.71647139E-01  1.23423332E+01  7.74298218E-01  1.15680350E+00
 -1.36628709E+00  1.00000000E+00  1.18595454E+00 -2.11372245E+00  4.71346923E-01  1.23253432E+01  7.73952888E-01  1.15513903E+00
 -1.34153386E+00  1.00000000E+00  1.17296681E+00 -2.11363622E+00  4.70896457E-01  1.23122387E+01  7.74408225E-01  1.15378305E+00
 -1.31678064E+00  1.00000000E+00  1.15997908E+00 -2.11354947E+00  4.70397504E-01  1.22991497E+01  7.74863654E-01  1.15242861E+00
 -1.29202741E+00  1.00000000E+00  1.14714808E+00 -2.11272219E+00  4.69761821E-01  1.22856636E+01  7.75152894E-01  1.15105107E+00
 -1.26727418E+00  1.00000000E+00  1.13431709E+00 -2.11189539E+00  4.69046908E-01  1.22721928E+01  7.75442256E-01  1.14967506E+00
 -1.24252096E+00  1.00000000E+00  1.12151330E+00 -2.11150958E+00  4.68322107E-01  1.22571463E+01  7.75953964E-01  1.14811924E+00
 -1.21776773E+00  1.00000000E+00  1.10870952E+00 -2.11112366E+00  4.67481304E-01  1.22421198E+01  7.76465878E-01  1.14656540E+00
 -1.19301451E+00  1.00000000E+00  1.09574870E+00 -2.10785887E+00  4.66559164E-01  1.22153908E+01  7.76402136E-01  1.14389887E+00
 -1.16826128E+00  1.00000000E+00  1.08278788E+00 -2.10460001E+00  4.65822335E-01  1.21887204E+01  7.76339156E-01  1.14123813E+00
 -1.14350806E+00  1.00000000E+00  1.07003975E+00 -2.10318619E+00  4.64904906E-01  1.21670080E+01  7.76723281E-01  1.13902847E+00
 -1.11875483E+00  1.00000000E+00  1.05729162E+00 -2.10177364E+00  4.63933197E-01  1.21453359E+01  7.77107607E-01  1.13682283E+00
 -1.09400160E+00  1.00000000E+00  1.04448385E+00 -2.10018010E+00  4.62931194E-01  1.21197392E+01  7.77593743E-01  1.13421454E+00
 -1.06924838E+00  1.00000000E+00  1.03167609E+00 -2.09858817E+00  4.61908704E-01  1.20941988E+01  7.78080168E-01  1.13161187E+00
 -1.04449515E+00  1.00000000E+00  1.01915634E+00 -2.09670744E+00  4.60723005E-01  1.20627481E+01  7.78709722E-01  1.12840384E+00
 -1.01974193E+00  1.00000000E+00  1.00663660E+00 -2.09482892E+00  4.59467867E-01  1.20313831E+01  7.79339718E-01  1.12520434E+00
 -9.94988700E-01  1.00000000E+00  9.94238968E-01 -2.09188448E+00  4.58004792E-01  1.19954585E+01  7.79843339E-01  1.12156152E+00
 -9.70235474E-01  1.00000000E+00  9.81841337E-01 -2.08894587E+00  4.56558372E-01  1.19596442E+01  7.80347832E-01  1.11792964E+00
 -9.45482248E-01  1.00000000E+00  9.69357305E-01 -2.08642129E+00  4.55021669E-01  1.19226646E+01  7.81006983E-01  1.11416576E+00
 -9.20729022E-01  1.00000000E+00  9.56873273E-01 -2.08390094E+00  4.53464089E-01  1.18858038E+01  7.81666828E-01  1.11041369E+00
 -8.95975796E-01  1.00000000E+00  9.44874051E-01 -2.08060660E+00  4.51746030E-01  1.18382215E+01  7.82475326E-01  1.10557462E+00
 -8.71222570E-01  1.00000000E+00  9.32874828E-01 -2.07731934E+00  4.50021028E-01  1.17908372E+01  7.83284845E-01  1.10075524E+00
 -8.46469344E-01  1.00000000E+00  9.21076102E-01 -2.07384173E+00  4.47963394E-01  1.17450170E+01  7.84083349E-01  1.09609336E+00
 -8.21716118E-01  1.00000000E+00  9.09277376E-01 -2.07037263E+00  4.45873205E-01  1.16993807E+01  7.84883377E-01  1.09144973E+00
 -7.97201467E-01  1.00000000E+00  8.97417231E-01 -2.06659080E+00  4.44120525E-01  1.16503359E+01  7.85604409E-01  1.08647315E+00
 -7.72686817E-01  1.00000000E+00  8.85557086E-01 -2.06281843E+00  4.42297846E-01  1.16015035E+01  7.86326645E-01  1.08151769E+00
 -7.49503432E-01  1.00000000E+00  8.75225779E-01 -2.06067439E+00  4.40249009E-01  1.15535332E+01  7.87667160E-01  1.07658660E+00
 -7.26320047E-01  1.00000000E+00  8.64894471E-01 -2.05853261E+00  4.38131131E-01  1.15057741E+01  7.89009179E-01  1.07167649E+00
 -7.04527831E-01  1.00000000E+00  8.55415755E-01 -2.05298952E+00  4.35882867E-01  1.14520750E+01  7.89438235E-01  1.06626368E+00
 -6.82735615E-01  1.00000000E+00  8.45937040E-01 -2.04746608E+00  4.33818671E-01  1.13986304E+01  7.89870049E-01  1.06087604E+00
 -6.62251087E-01  1.00000000E+00  8.36703350E-01 -2.04348412E+00  4.32190266E-01  1.13522527E+01  7.90410061E-01  1.05618426E+00
 -6.41766559E-01  1.00000000E+00  8.27469659E-01 -2.03951257E+00  4.30499470E-01  1.13060690E+01  7.90951203E-01  1.05151178E+00
 -6.22511254E-01  1.00000000E+00  8.19808195E-01 -2.03610357E+00  4.28534286E-01  1.12561849E+01  7.91935422E-01  1.04642494E+00
 -6.03255949E-01  1.00000000E+00  8.12146731E-01 -2.03270261E+00  4.26559082E-01  1.12065302E+01  7.92921068E-01  1.04136092E+00
 -5.85156097E-01  1.00000000E+00  8.05121045E-01 -2.02719639E+00  4.24529788E-01  1.11513274E+01  7.93355847E-01  1.03579716E+00
 -5.67056245E-01  1.00000000E+00  7.98095359E-01 -2.02170977E+00  4.22645630E-01  1.10964018E+01  7.93792937E-01  1.03026088E+00
 -5.50042515E-01  1.00000000E+00  7.91652693E-01 -2.01908841E+00  4.20984226E-01  1.10521383E+01  7.94816323E-01  1.02573219E+00
 -5.33028786E-01  1.00000000E+00  7.85210028E-01 -2.01647153E+00  4.19130682E-01  1.10080606E+01  7.95840759E-01  1.02122199E+00
 -5.17036006E-01  1.00000000E+00  7.80278432E-01 -2.01611276E+00  4.17090575E-01  1.09657849E+01  7.97811643E-01  1.01679733E+00
 -5.01043227E-01  1.00000000E+00  7.75346837E-01 -2.01575081E+00  4.14913903E-01  1.09236902E+01  7.99785565E-01  1.01239046E+00
 -4.86010125E-01  1.00000000E+00  7.69959948E-01 -2.00819622E+00  4.12813610E-01  1.08706232E+01  7.99384723E-01  1.00712384E+00
 -4.70977023E-01  1.00000000E+00  7.64573059E-01 -2.00067350E+00  4.11439675E-01  1.08178144E+01  7.98988533E-01  1.00188259E+00
 -4.56846016E-01  1.00000000E+00  7.60864977E-01 -1.99847790E+00  4.09486145E-01  1.07746964E+01  8.00121429E-01  9.97457498E-01
 -4.42715008E-01  1.00000000E+00  7.57156895E-01 -1.99628482E+00  4.07830507E-01  1.07317612E+01  8.01255255E-01  9.93050595E-01
 -4.29431964E-01  1.00000000E+00  7.53481833E-01 -1.99470567E+00  4.06522457E-01  1.07039696E+01  8.02123233E-01  9.90184632E-01
 -4.16148920E-01  1.00000000E+00  7.49806771E-01 -1.99312873E+00  4.05241857E-01  1.06762539E+01  8.02992214E-01  9.87326164E-01
 -4.03662954E-01  1.00000000E+00  7.46984257E-01 -1.98691395E+00  4.03139972E-01  1.06251428E+01  8.03078570E-01  9.82206422E-01
 -3.91176988E-01  1.00000000E+00  7.44161742E-01 -1.98072305E+00  4.01539901E-01  1.05742787E+01  8.03168127E-01  9.77111057E-01
 -3.79440270E-01  1.00000000E+00  7.41723783E-01 -1.97758149E+00  4.00110772E-01  1.05358971E+01  8.03719518E-01  9.73217755E-01
 -3.67703552E-01  1.00000000E+00  7.39285825E-01 -1.97444663E+00  3.98814291E-01  1.04976597E+01  8.04271588E-01  9.69338811E-01
 -3.56671122E-01  1.00000000E+00  7.37267231E-01 -1.97317143E+00  3.97788556E-01  1.04631381E+01  8.05448743E-01  9.65768935E-01
 -3.45638692E-01  1.00000000E+00  7.35248638E-01 -1.97189641E+00  3.96460626E-01  1.04287393E+01  8.06626865E-01  9.62211239E-01
 -3.35268287E-01  1.00000000E+00  7.34689466E-01 -1.96791702E+00  3.93951179E-01  1.03776353E+01  8.07651732E-01  9.56998352E-01
 -3.24897882E-01  1.00000000E+00  7.34130294E-01 -1.96394948E+00  3.92030196E-01  1.03267913E+01  8.08678709E-01  9.51811264E-01
 -3.15149775E-01  1.00000000E+00  7.33699126E-01 -1.96284436E+00  3.90235155E-01  1.02896071E+01  8.10322692E-01  9.47928444E-01
 -3.05401669E-01  1.00000000E+00  7.33267957E-01 -1.96173994E+00  3.88439015E-01  1.02525687E+01  8.11969245E-01  9.44059947E-01
 -2.96238520E-01  1.00000000E+00  7.32967167E-01 -1.95321609E+00  3.86014055E-01  1.01972674E+01  8.11354071E-01  9.38591334E-01
 -2.87075371E-01  1.00000000E+00  7.32666376E-01 -1.94473293E+00  3.84255638E-01  1.01422645E+01  8.10745243E-01  9.33151929E-01
 -2.78462077E-01  1.00000000E+00  7.32293458E-01 -1.94223306E+00  3.83401942E-01  1.01099192E+01  8.11325835E-01  9.29859335E-01
 -2.69848783E-01  1.00000000E+00  7.31920540E-01 -1.93973759E+00  3.82575735E-01  1.00776813E+01  8.11906962E-01  9.26577432E-01
 -2.61752348E-01  1.00000000E+00  7.33200395E-01 -1.93560972E+00  3.80365092E-01  1.00218691E+01  8.13130761E-01  9.20873830E-01
 -2.53655913E-01  1.00000000E+00  7.34480249E-01 -1.93149473E+00  3.78378342E-01  9.96637958E+00  8.14356911E-01  9.15202267E-01
 -2.46045323E-01  1.00000000E+00  7.35328651E-01 -1.92794546E+00  3.76557752E-01  9.91555771E+00  8.15575499E-01  9.09998221E-01
 -2.38434732E-01  1.00000000E+00  7.36177054E-01 -1.92440579E+00  3.74426585E-01  9.86500763E+00  8.16796065E-01  9.04821156E-01
 -2.31280830E-01  1.00000000E+00  7.38828778E-01 -1.91928079E+00  3.71405701E-01  9.79768760E+00  8.18406088E-01  8.97928151E-01
 -2.24126928E-01  1.00000000E+00  7.41480503E-01 -1.91417694E+00  3.68648207E-01  9.73084674E+00  8.20020712E-01  8.91082603E-01
 -2.17402314E-01  1.00000000E+00  7.43666076E-01 -1.90517914E+00  3.65462741E-01  9.63994207E+00  8.21205639E-01  8.81873644E-01
 -2.10677699E-01  1.00000000E+00  7.45851648E-01 -1.89623977E+00  3.62322354E-01  9.54990899E+00  8.22398293E-01  8.72751069E-01
 -2.04351753E-01  1.00000000E+00  7.48508069E-01 -1.89043001E+00  3.59384997E-01  9.46595329E+00  8.24605831E-01  8.64134746E-01
 -1.98025807E-01  1.00000000E+00  7.51164489E-01 -1.88464703E+00  3.56079097E-01  9.38277407E+00  8.26819517E-01  8.55595455E-01
 -1.91837501E-01  1.00000000E+00  7.55045535E-01 -1.87758206E+00  3.51811014E-01  9.27680636E+00  8.30181396E-01  8.44662497E-01
 -1.85649194E-01  1.00000000E+00  7.58926581E-01 -1.87056225E+00  3.47264558E-01  9.17210084E+00  8.33558654E-01  8.33854218E-01
 -1.79460888E-01  1.00000000E+00  7.63572497E-01 -1.86289096E+00  3.42217562E-01  9.06565295E+00  8.36778094E-01  8.22887486E-01
 -1.73272582E-01  1.00000000E+00  7.68218413E-01 -1.85527227E+00  3.36890387E-01  8.96050392E+00  8.40012887E-01  8.12049103E-01
 -1.67084275E-01  1.00000000E+00  7.73455007E-01 -1.83131024E+00  3.29673601E-01  8.76227145E+00  8.41565970E-01  7.92070548E-01
 -1.60895969E-01  1.00000000E+00  7.78691602E-01 -1.80775444E+00  3.23376854E-01  8.56849811E+00  8.43176682E-01  7.72532143E-01
 -1.54707662E-01  1.00000000E+00  7.86232807E-01 -1.79584880E+00  3.16852921E-01  8.38932446E+00  8.49265288E-01  7.54005917E-01
 -1.48519356E-01  1.00000000E+00  7.93774011E-01 -1.78407209E+00  3.09210982E-01  8.21412750E+00  8.55396218E-01  7.35873128E-01
 -1.42331049E-01  1.00000000E+00  8.03824617E-01 -1.77845351E+00  2.99120873E-01  8.00309428E+00  8.68850912E-01  7.13424337E-01
 -1.36142743E-01  1.00000000E+00  8.13875223E-01 -1.77289098E+00  2.88747679E-01  7.79807536E+00  8.82480028E-01  6.91559533E-01
 -1.29954436E-01  1.00000000E+00  8.26291270E-01 -1.71906007E+00  2.74145714E-01  7.40926794E+00  8.85284243E-01  6.52398370E-01
 -1.23766130E-01  1.00000000E+00  8.38707317E-01 -1.66735183E+00  2.61065077E-01  7.04013277E+00  8.88430563E-01  6.15170220E-01
 -1.17577823E-01  1.00000000E+00  8.56490120E-01 -1.60780517E+00  2.44020972E-01  6.54676130E+00  8.99493088E-01  5.64726821E-01
 -1.11389517E-01  1.00000000E+00  8.74272924E-01 -1.55138617E+00  2.26883049E-01  6.08893642E+00  9.11169605E-01  5.17776682E-01
 -1.05201210E-01  1.00000000E+00  8.97459850E-01 -1.50672255E+00  2.10111023E-01  5.61544416E+00  9.34336009E-01  4.68110815E-01
 -9.90129037E-02  1.00000000E+00  9.20646776E-01 -1.46452755E+00  1.91432471E-01  5.18081890E+00  9.58386164E-01  4.22243274E-01
 -9.28245972E-02  1.00000000E+00  9.60275916E-01 -1.37165792E+00  1.67336256E-01  4.58870885E+00  9.77320453E-01  3.61138840E-01
 -8.66362908E-02  1.00000000E+00  9.99905056E-01 -1.28736001E+00  1.43798515E-01  4.06572738E+00  9.98597214E-01  3.06713016E-01
 -8.04479843E-02  1.00000000E+00  1.04724360E+00 -1.09648452E+00  1.18805152E-01  3.19402950E+00  1.01911644E+00  2.17491306E-01
 -7.42596778E-02  1.00000000E+00  1.09458214E+00 -9.40009023E-01  9.05735479E-02  2.50980168E+00  1.05086711E+00  1.45893457E-01
 -6.80713713E-02  1.00000000E+00  1.18497681E+00 -7.31387939E-01  5.78339457E-02  1.84936675E+00  1.07722043E+00  7.72146320E-02
 -6.18830648E-02  1.00000000E+00  1.27537149E+00 -5.67682046E-01  2.45303091E-02  1.36167833E+00  1.12586565E+00  2.35812683E-02
 -5.56947583E-02  1.00000000E+00  1.42295848E+00 -2.31070940E-01  1.21493385E-02  8.67203306E-01  1.16937351E+00 -3.02170203E-02
 -4.95064519E-02  1.00000000E+00  1.57054547E+00  2.61336507E-02  5.46448542E-02  5.81433937E-01  1.31214552E+00 -7.30711585E-02
 -4.33181454E-02  1.00000000E+00  1.71480727E+00  1.56082355E-01  4.01135249E-02  6.53071503E-01  1.21793891E+00 -5.64867402E-02
 -3.71298389E-02  1.00000000E+00  1.85906906E+00  2.88725147E-01  5.68716307E-02  7.49213167E-01  1.15227518E+00 -4.03062014E-02
 -3.09415324E-02  1.00000000E+00  2.06550180E+00  7.33299907E-01  9.94520756E-02  1.07716179E+00  1.43463468E+00 -3.57472896E-02
 -2.47532259E-02  1.00000000E+00  2.27193453E+00  1.39853034E+00  1.79646620E-01  1.66623803E+00  1.95507273E+00 -2.88834696E-02
 -1.85649194E-02  1.00000000E+00  3.09602466E+00  1.67428924E+00  4.98278446E-01  2.87788591E+00  1.66434889E+00  1.21353701E-01
 -1.23766130E-02  1.00000000E+00  3.92011479E+00  2.14020485E+00  5.65235843E-01  5.17492926E+00  1.47096836E+00  3.70396090E-01
 -6.18830648E-03  1.00000000E+00  1.98367793E+00  5.75415099E+00  6.24144474E-01  6.46446181E+00  5.84231242E+00  6.22149389E-02
  0.00000000E+00  1.00000000E+00  4.72410732E-02  1.63071537E+01  1.10592969E+01  1.28076112E+01  2.13214936E+01 -8.51388238E-01
