# curve 5 (die wall), step =      200, time =   8.00000000E+01
# N1 = tau_xx - tau_yy = G ( c_xx - c_yy ),  G =  1.0000E-01  (polymer part only)
#              x               y        pressure            c_xy        gammadot            c_xx            c_yy              N1
 -3.00000000E+00  1.00000000E+00  2.03736072E+00 -2.12116907E+00  4.75693082E-01  1.24259486E+01  7.72307611E-01  1.16536410E+00
 -2.97524677E+00  1.00000000E+00  2.02439630E+00 -2.12119133E+00  4.75771797E-01  1.24253725E+01  7.72336177E-01  1.16530363E+00
 -2.95049355E+00  1.00000000E+00  2.01143188E+00 -2.12121359E+00  4.75846626E-01  1.24247964E+01  7.72364742E-01  1.16524316E+00
 -2.92574032E+00  1.00000000E+00  1.99858985E+00 -2.12174437E+00  4.75856805E-01  1.24259258E+01  7.72512955E-01  1.16534128E+00
 -2.90098710E+00  1.00000000E+00  1.98574781E+00 -2.12227522E+00  4.75793178E-01  1.24270553E+01  7.72661204E-01  1.16543941E+00
 -2.87623387E+00  1.00000000E+00  1.97309046E+00 -2.12257006E+00  4.75697504E-01  1.24306988E+01  7.72654925E-01  1.16580439E+00
 -2.85148064E+00  1.00000000E+00  1.96043310E+00 -2.12286495E+00  4.75528836E-01  1.24343434E+01  7.72648644E-01  1.16616948E+00
 -2.82672742E+00  1.00000000E+00  1.94739772E+00 -2.12151826E+00  4.75600378E-01  1.24309119E+01  7.72308635E-01  1.16586032E+00
 -2.80197419E+00  1.00000000E+00  1.93436233E+00 -2.12017207E+00  4.75733449E-01  1.24274815E+01  7.71968845E-01  1.16555127E+00
 -2.77722097E+00  1.00000000E+00  1.92148149E+00 -2.12108736E+00  4.75764846E-01  1.24274764E+01  7.72243410E-01  1.16552330E+00
 -2.75246774E+00  1.00000000E+00  1.90860066E+00 -2.12200267E+00  4.75787941E-01  1.24274717E+01  7.72518098E-01  1.16549536E+00
 -2.72771451E+00  1.00000000E+00  1.89587450E+00 -2.12200133E+00  4.75792317E-01  1.24277778E+01  7.72532507E-01  1.16552453E+00
 -2.70296129E+00  1.00000000E+00  1.88314834E+00 -2.12199998E+00  4.75750229E-01  1.24280840E+01  7.72546918E-01  1.16555371E+00
 -2.67820806E+00  1.00000000E+00  1.87020871E+00 -2.12168865E+00  4.75717449E-01  1.24277238E+01  7.72437043E-01  1.16552867E+00
 -2.65345484E+00  1.00000000E+00  1.85726909E+00 -2.12137735E+00  4.75740167E-01  1.24273636E+01  7.72327185E-01  1.16550364E+00
 -2.62870161E+00  1.00000000E+00  1.84443856E+00 -2.12158756E+00  4.75754763E-01  1.24270016E+01  7.72404385E-01  1.16545972E+00
 -2.60394839E+00  1.00000000E+00  1.83160804E+00 -2.12179776E+00  4.75753537E-01  1.24266396E+01  7.72481592E-01  1.16541581E+00
 -2.57919516E+00  1.00000000E+00  1.81876786E+00 -2.12201662E+00  4.75813906E-01  1.24269190E+01  7.72565496E-01  1.16543535E+00
 -2.55444193E+00  1.00000000E+00  1.80592769E+00 -2.12223550E+00  4.75811633E-01  1.24271983E+01  7.72649409E-01  1.16545489E+00
 -2.52968871E+00  1.00000000E+00  1.79316119E+00 -2.12232260E+00  4.75742794E-01  1.24298339E+01  7.72602006E-01  1.16572319E+00
 -2.50493548E+00  1.00000000E+00  1.78039469E+00 -2.12240969E+00  4.75649948E-01  1.24324701E+01  7.72554602E-01  1.16599155E+00
 -2.48018226E+00  1.00000000E+00  1.76730325E+00 -2.12145046E+00  4.75784492E-01  1.24302521E+01  7.72282223E-01  1.16579698E+00
 -2.45542903E+00  1.00000000E+00  1.75421180E+00 -2.12049149E+00  4.75932679E-01  1.24280346E+01  7.72009965E-01  1.16560246E+00
 -2.43067580E+00  1.00000000E+00  1.74138883E+00 -2.12127552E+00  4.76010213E-01  1.24291670E+01  7.72203959E-01  1.16569630E+00
 -2.40592258E+00  1.00000000E+00  1.72856586E+00 -2.12205965E+00  4.76063225E-01  1.24302996E+01  7.72398032E-01  1.16579016E+00
 -2.38116935E+00  1.00000000E+00  1.71582749E+00 -2.12236046E+00  4.76048736E-01  1.24307865E+01  7.72518199E-01  1.16582683E+00
 -2.35641613E+00  1.00000000E+00  1.70308911E+00 -2.12266129E+00  4.75993434E-01  1.24312735E+01  7.72638384E-01  1.16586351E+00
 -2.33166290E+00  1.00000000E+00  1.69012185E+00 -2.12202065E+00  4.75980735E-01  1.24322231E+01  7.72379640E-01  1.16598434E+00
 -2.30690967E+00  1.00000000E+00  1.67715460E+00 -2.12137999E+00  4.76008306E-01  1.24331730E+01  7.72120975E-01  1.16610520E+00
 -2.28215645E+00  1.00000000E+00  1.66424429E+00 -2.12181136E+00  4.76045310E-01  1.24334982E+01  7.72235369E-01  1.16612628E+00
 -2.25740322E+00  1.00000000E+00  1.65133398E+00 -2.12224275E+00  4.76061150E-01  1.24338234E+01  7.72349787E-01  1.16614736E+00
 -2.23265000E+00  1.00000000E+00  1.63861080E+00 -2.12283845E+00  4.76013368E-01  1.24362049E+01  7.72499393E-01  1.16637055E+00
 -2.20789677E+00  1.00000000E+00  1.62588762E+00 -2.12343429E+00  4.75893627E-01  1.24385869E+01  7.72649038E-01  1.16659379E+00
 -2.18314354E+00  1.00000000E+00  1.61288830E+00 -2.12236109E+00  4.75950193E-01  1.24361421E+01  7.72353745E-01  1.16637883E+00
 -2.15839032E+00  1.00000000E+00  1.59988897E+00 -2.12128821E+00  4.76061017E-01  1.24336979E+01  7.72058599E-01  1.16616393E+00
 -2.13363709E+00  1.00000000E+00  1.58699598E+00 -2.12147907E+00  4.76152906E-01  1.24343923E+01  7.72075021E-01  1.16623173E+00
 -2.10888387E+00  1.00000000E+00  1.57410298E+00 -2.12166994E+00  4.76244781E-01  1.24350867E+01  7.72091447E-01  1.16629953E+00
 -2.08413064E+00  1.00000000E+00  1.56120475E+00 -2.12211110E+00  4.76309476E-01  1.24358908E+01  7.72201953E-01  1.16636888E+00
 -2.05937741E+00  1.00000000E+00  1.54830651E+00 -2.12255230E+00  4.76320529E-01  1.24366949E+01  7.72312484E-01  1.16643824E+00
 -2.03462419E+00  1.00000000E+00  1.53546144E+00 -2.12245888E+00  4.76301148E-01  1.24366590E+01  7.72311020E-01  1.16643480E+00
 -2.00987096E+00  1.00000000E+00  1.52261637E+00 -2.12236546E+00  4.76261133E-01  1.24366231E+01  7.72309558E-01  1.16643135E+00
 -1.98511774E+00  1.00000000E+00  1.50964787E+00 -2.12259764E+00  4.76205761E-01  1.24359651E+01  7.72407942E-01  1.16635571E+00
 -1.96036451E+00  1.00000000E+00  1.49667936E+00 -2.12282980E+00  4.76139768E-01  1.24353071E+01  7.72506337E-01  1.16628008E+00
 -1.93561128E+00  1.00000000E+00  1.48395500E+00 -2.12329763E+00  4.76035650E-01  1.24359404E+01  7.72680864E-01  1.16632596E+00
 -1.91085806E+00  1.00000000E+00  1.47123063E+00 -2.12376551E+00  4.75887152E-01  1.24365738E+01  7.72855430E-01  1.16637184E+00
 -1.88610483E+00  1.00000000E+00  1.45816489E+00 -2.12248332E+00  4.75815123E-01  1.24352741E+01  7.72440700E-01  1.16628334E+00
 -1.86135161E+00  1.00000000E+00  1.44509916E+00 -2.12120142E+00  4.75802378E-01  1.24339751E+01  7.72026219E-01  1.16619488E+00
 -1.83659838E+00  1.00000000E+00  1.43211038E+00 -2.12187464E+00  4.75848531E-01  1.24309011E+01  7.72380441E-01  1.16585207E+00
 -1.81184516E+00  1.00000000E+00  1.41912161E+00 -2.12254770E+00  4.75834851E-01  1.24278285E+01  7.72734786E-01  1.16550937E+00
 -1.78709193E+00  1.00000000E+00  1.40646284E+00 -2.12294454E+00  4.75686538E-01  1.24305588E+01  7.72809961E-01  1.16577489E+00
 -1.76233870E+00  1.00000000E+00  1.39380408E+00 -2.12334145E+00  4.75475649E-01  1.24332897E+01  7.72885148E-01  1.16604046E+00
 -1.73758548E+00  1.00000000E+00  1.38061862E+00 -2.12205311E+00  4.75416307E-01  1.24298815E+01  7.72560460E-01  1.16573211E+00
 -1.71283225E+00  1.00000000E+00  1.36743316E+00 -2.12076524E+00  4.75375356E-01  1.24264745E+01  7.72235972E-01  1.16542385E+00
 -1.68807903E+00  1.00000000E+00  1.35441644E+00 -2.12095996E+00  4.75246034E-01  1.24223848E+01  7.72450308E-01  1.16499345E+00
 -1.66332580E+00  1.00000000E+00  1.34139972E+00 -2.12115455E+00  4.75140850E-01  1.24182967E+01  7.72664674E-01  1.16456320E+00
 -1.63857257E+00  1.00000000E+00  1.32851094E+00 -2.12068791E+00  4.75112410E-01  1.24151974E+01  7.72632722E-01  1.16425646E+00
 -1.61381935E+00  1.00000000E+00  1.31562216E+00 -2.12022137E+00  4.74984971E-01  1.24120988E+01  7.72600789E-01  1.16394981E+00
 -1.58906612E+00  1.00000000E+00  1.30251689E+00 -2.11981228E+00  4.74744670E-01  1.24062748E+01  7.72666715E-01  1.16336081E+00
 -1.56431290E+00  1.00000000E+00  1.28941161E+00 -2.11940327E+00  4.74554229E-01  1.24004536E+01  7.72732645E-01  1.16277210E+00
 -1.53955967E+00  1.00000000E+00  1.27660847E+00 -2.11952197E+00  4.74338652E-01  1.23941090E+01  7.73025293E-01  1.16210837E+00
 -1.51480644E+00  1.00000000E+00  1.26380533E+00 -2.11964049E+00  4.74076487E-01  1.23877681E+01  7.73317995E-01  1.16144501E+00
 -1.49005322E+00  1.00000000E+00  1.25092332E+00 -2.11986610E+00  4.73709035E-01  1.23795452E+01  7.73770180E-01  1.16057750E+00
 -1.46529999E+00  1.00000000E+00  1.23804131E+00 -2.12009143E+00  4.73237203E-01  1.23713287E+01  7.74222531E-01  1.15971062E+00
 -1.44054677E+00  1.00000000E+00  1.22516559E+00 -2.11978652E+00  4.72717045E-01  1.23653550E+01  7.74432988E-01  1.15909220E+00
 -1.41579354E+00  1.00000000E+00  1.21228986E+00 -2.11948171E+00  4.72093390E-01  1.23593843E+01  7.74643520E-01  1.15847407E+00
 -1.39104031E+00  1.00000000E+00  1.19912375E+00 -2.11660220E+00  4.71648479E-01  1.23423890E+01  7.74296992E-01  1.15680921E+00
 -1.36628709E+00  1.00000000E+00  1.18595763E+00 -2.11372654E+00  4.71348522E-01  1.23254172E+01  7.73951142E-01  1.15514661E+00
 -1.34153386E+00  1.00000000E+00  1.17296992E+00 -2.11364071E+00  4.70898231E-01  1.23123251E+01  7.74406356E-01  1.15379188E+00
 -1.31678064E+00  1.00000000E+00  1.15998222E+00 -2.11355436E+00  4.70399522E-01  1.22992486E+01  7.74861662E-01  1.15243869E+00
 -1.29202741E+00  1.00000000E+00  1.14715093E+00 -2.11272777E+00  4.69764226E-01  1.22857727E+01  7.75150807E-01  1.15106219E+00
 -1.26727418E+00  1.00000000E+00  1.13431964E+00 -2.11190165E+00  4.69049569E-01  1.22723123E+01  7.75440076E-01  1.14968722E+00
 -1.24252096E+00  1.00000000E+00  1.12151594E+00 -2.11151517E+00  4.68324863E-01  1.22572748E+01  7.75951282E-01  1.14813236E+00
 -1.21776773E+00  1.00000000E+00  1.10871224E+00 -2.11112858E+00  4.67484251E-01  1.22422574E+01  7.76462694E-01  1.14657947E+00
 -1.19301451E+00  1.00000000E+00  1.09575103E+00 -2.10786456E+00  4.66562800E-01  1.22155516E+01  7.76398582E-01  1.14391530E+00
 -1.16826128E+00  1.00000000E+00  1.08278981E+00 -2.10460648E+00  4.65826386E-01  1.21889043E+01  7.76335231E-01  1.14125691E+00
 -1.14350806E+00  1.00000000E+00  1.07004154E+00 -2.10319383E+00  4.64909245E-01  1.21672074E+01  7.76719291E-01  1.13904881E+00
 -1.11875483E+00  1.00000000E+00  1.05729327E+00 -2.10178244E+00  4.63937859E-01  1.21455507E+01  7.77103552E-01  1.13684471E+00
 -1.09400160E+00  1.00000000E+00  1.04448524E+00 -2.10018893E+00  4.62936048E-01  1.21199712E+01  7.77589147E-01  1.13423820E+00
 -1.06924838E+00  1.00000000E+00  1.03167721E+00 -2.09859703E+00  4.61913873E-01  1.20944480E+01  7.78075032E-01  1.13163730E+00
 -1.04449515E+00  1.00000000E+00  1.01915665E+00 -2.09671854E+00  4.60728797E-01  1.20630242E+01  7.78704302E-01  1.12843199E+00
 -1.01974193E+00  1.00000000E+00  1.00663608E+00 -2.09484225E+00  4.59474232E-01  1.20316859E+01  7.79334014E-01  1.12523519E+00
 -9.94988700E-01  1.00000000E+00  9.94238103E-01 -2.09190191E+00  4.58011683E-01  1.19957885E+01  7.79838000E-01  1.12159505E+00
 -9.70235474E-01  1.00000000E+00  9.81840122E-01 -2.08896738E+00  4.56565701E-01  1.19600012E+01  7.80342858E-01  1.11796583E+00
 -9.45482248E-01  1.00000000E+00  9.69355891E-01 -2.08644485E+00  4.55029163E-01  1.19230399E+01  7.81002046E-01  1.11420379E+00
 -9.20729022E-01  1.00000000E+00  9.56871660E-01 -2.08392655E+00  4.53471774E-01  1.18861974E+01  7.81661927E-01  1.11045355E+00
 -8.95975796E-01  1.00000000E+00  9.44871752E-01 -2.08063406E+00  4.51753945E-01  1.18386300E+01  7.82470217E-01  1.10561598E+00
 -8.71222570E-01  1.00000000E+00  9.32871843E-01 -2.07734864E+00  4.50029277E-01  1.17912605E+01  7.83279526E-01  1.10079809E+00
 -8.46469344E-01  1.00000000E+00  9.21073343E-01 -2.07387317E+00  4.47972025E-01  1.17454566E+01  7.84078077E-01  1.09613785E+00
 -8.21716118E-01  1.00000000E+00  9.09274842E-01 -2.07040620E+00  4.45882168E-01  1.16998365E+01  7.84878151E-01  1.09149583E+00
 -7.97201467E-01  1.00000000E+00  8.97413460E-01 -2.06662276E+00  4.44129732E-01  1.16507901E+01  7.85598290E-01  1.08651919E+00
 -7.72686817E-01  1.00000000E+00  8.85552079E-01 -2.06284879E+00  4.42307468E-01  1.16019563E+01  7.86319633E-01  1.08156367E+00
 -7.49503432E-01  1.00000000E+00  8.75220229E-01 -2.06071329E+00  4.40258718E-01  1.15539861E+01  7.87662669E-01  1.07663234E+00
 -7.26320047E-01  1.00000000E+00  8.64888379E-01 -2.05858001E+00  4.38140549E-01  1.15062272E+01  7.89007207E-01  1.07172200E+00
 -7.04527831E-01  1.00000000E+00  8.55410632E-01 -2.05303901E+00  4.35891581E-01  1.14525273E+01  7.89436818E-01  1.06630904E+00
 -6.82735615E-01  1.00000000E+00  8.45932885E-01 -2.04751767E+00  4.33826905E-01  1.13990818E+01  7.89869183E-01  1.06092127E+00
 -6.62251087E-01  1.00000000E+00  8.36697819E-01 -2.04353210E+00  4.32198443E-01  1.13526818E+01  7.90408149E-01  1.05622737E+00
 -6.41766559E-01  1.00000000E+00  8.27462753E-01 -2.03955695E+00  4.30507678E-01  1.13064760E+01  7.90948243E-01  1.05155277E+00
 -6.22511254E-01  1.00000000E+00  8.19801370E-01 -2.03615343E+00  4.28542020E-01  1.12565602E+01  7.91934878E-01  1.04646253E+00
 -6.03255949E-01  1.00000000E+00  8.12139987E-01 -2.03275790E+00  4.26566053E-01  1.12068742E+01  7.92922936E-01  1.04139512E+00
 -5.85156097E-01  1.00000000E+00  8.05114917E-01 -2.02724936E+00  4.24535491E-01  1.11516228E+01  7.93357936E-01  1.03582648E+00
 -5.67056245E-01  1.00000000E+00  7.98089848E-01 -2.02176044E+00  4.22650431E-01  1.10966489E+01  7.93795246E-01  1.03028537E+00
 -5.50042515E-01  1.00000000E+00  7.91646230E-01 -2.01913787E+00  4.20988688E-01  1.10523461E+01  7.94818986E-01  1.02575271E+00
 -5.33028786E-01  1.00000000E+00  7.85202613E-01 -2.01651976E+00  4.19134699E-01  1.10082294E+01  7.95843773E-01  1.02123856E+00
 -5.17036006E-01  1.00000000E+00  7.80273193E-01 -2.01616996E+00  4.17093299E-01  1.09659369E+01  7.97818736E-01  1.01681181E+00
 -5.01043227E-01  1.00000000E+00  7.75343772E-01 -2.01581694E+00  4.14914974E-01  1.09238255E+01  7.99796747E-01  1.01240288E+00
 -4.86010125E-01  1.00000000E+00  7.69955621E-01 -2.00824790E+00  4.12813131E-01  1.08706837E+01  7.99392622E-01  1.00712911E+00
 -4.70977023E-01  1.00000000E+00  7.64567470E-01 -2.00071084E+00  4.11439232E-01  1.08178010E+01  7.98993163E-01  1.00188078E+00
 -4.56846016E-01  1.00000000E+00  7.60860566E-01 -1.99851860E+00  4.09484897E-01  1.07746315E+01  8.00128808E-01  9.97450271E-01
 -4.42715008E-01  1.00000000E+00  7.57153661E-01 -1.99632885E+00  4.07828407E-01  1.07316453E+01  8.01265382E-01  9.93037994E-01
 -4.29431964E-01  1.00000000E+00  7.53478017E-01 -1.99474577E+00  4.06519907E-01  1.07038473E+01  8.02132288E-01  9.90171501E-01
 -4.16148920E-01  1.00000000E+00  7.49802373E-01 -1.99316492E+00  4.05238937E-01  1.06761252E+01  8.03000197E-01  9.87312505E-01
 -4.03662954E-01  1.00000000E+00  7.46979707E-01 -1.98695044E+00  4.03136351E-01  1.06249622E+01  8.03088111E-01  9.82187413E-01
 -3.91176988E-01  1.00000000E+00  7.44157040E-01 -1.98075987E+00  4.01535366E-01  1.05740467E+01  8.03179222E-01  9.77086750E-01
 -3.79440270E-01  1.00000000E+00  7.41719928E-01 -1.97762340E+00  4.00105296E-01  1.05356387E+01  8.03733209E-01  9.73190549E-01
 -3.67703552E-01  1.00000000E+00  7.39282816E-01 -1.97449360E+00  3.98807647E-01  1.04973751E+01  8.04287873E-01  9.69308727E-01
 -3.56671122E-01  1.00000000E+00  7.37265256E-01 -1.97321831E+00  3.97780762E-01  1.04628181E+01  8.05466652E-01  9.65735140E-01
 -3.45638692E-01  1.00000000E+00  7.35247697E-01 -1.97194320E+00  3.96451457E-01  1.04283840E+01  8.06646402E-01  9.62173758E-01
 -3.35268287E-01  1.00000000E+00  7.34690195E-01 -1.96795280E+00  3.93939679E-01  1.03772028E+01  8.07670638E-01  9.56953211E-01
 -3.24897882E-01  1.00000000E+00  7.34132692E-01 -1.96397432E+00  3.92017323E-01  1.03262824E+01  8.08696990E-01  9.51758540E-01
 -3.15149775E-01  1.00000000E+00  7.33701785E-01 -1.96285821E+00  3.90221462E-01  1.02890480E+01  8.10339201E-01  9.47870882E-01
 -3.05401669E-01  1.00000000E+00  7.33270877E-01 -1.96174284E+00  3.88424675E-01  1.02519598E+01  8.11983981E-01  9.43997583E-01
 -2.96238520E-01  1.00000000E+00  7.32969273E-01 -1.95322371E+00  3.85999863E-01  1.01966222E+01  8.11371328E-01  9.38525087E-01
 -2.87075371E-01  1.00000000E+00  7.32667670E-01 -1.94474524E+00  3.84240820E-01  1.01415834E+01  8.10765006E-01  9.33081843E-01
 -2.78462077E-01  1.00000000E+00  7.32296382E-01 -1.94225075E+00  3.83386213E-01  1.01092182E+01  8.11348657E-01  9.29786958E-01
 -2.69848783E-01  1.00000000E+00  7.31925094E-01 -1.93976064E+00  3.82558511E-01  1.00769606E+01  8.11932843E-01  9.26502780E-01
 -2.61752348E-01  1.00000000E+00  7.33206849E-01 -1.93563150E+00  3.80346077E-01  1.00211219E+01  8.13158089E-01  9.20796383E-01
 -2.53655913E-01  1.00000000E+00  7.34488604E-01 -1.93151525E+00  3.78357717E-01  9.96560627E+00  8.14385691E-01  9.15122058E-01
 -2.46045323E-01  1.00000000E+00  7.35338448E-01 -1.92795943E+00  3.76535593E-01  9.91473887E+00  8.15604545E-01  9.09913432E-01
 -2.38434732E-01  1.00000000E+00  7.36188291E-01 -1.92441324E+00  3.74402895E-01  9.86414375E+00  8.16825384E-01  9.04731837E-01
 -2.31280830E-01  1.00000000E+00  7.38841404E-01 -1.91927659E+00  3.71380182E-01  9.79674751E+00  8.18435020E-01  8.97831249E-01
 -2.24126928E-01  1.00000000E+00  7.41494516E-01 -1.91416118E+00  3.68621349E-01  9.72983152E+00  8.20049268E-01  8.90978225E-01
 -2.17402314E-01  1.00000000E+00  7.43681426E-01 -1.90515852E+00  3.65434434E-01  9.63885957E+00  8.21235430E-01  8.81762414E-01
 -2.10677699E-01  1.00000000E+00  7.45868335E-01 -1.89621436E+00  3.62292754E-01  9.54876061E+00  8.22429323E-01  8.72633129E-01
 -2.04351753E-01  1.00000000E+00  7.48526475E-01 -1.89040043E+00  3.59354787E-01  9.46476416E+00  8.24637438E-01  8.64012672E-01
 -1.98025807E-01  1.00000000E+00  7.51184615E-01 -1.88461332E+00  3.56048026E-01  9.38154502E+00  8.26851704E-01  8.55469331E-01
 -1.91837501E-01  1.00000000E+00  7.55068108E-01 -1.87753890E+00  3.51778915E-01  9.27554254E+00  8.30212834E-01  8.44532971E-01
 -1.85649194E-01  1.00000000E+00  7.58951602E-01 -1.87050977E+00  3.47231554E-01  9.17080318E+00  8.33589358E-01  8.33721382E-01
 -1.79460888E-01  1.00000000E+00  7.63599239E-01 -1.86282614E+00  3.42184294E-01  9.06432085E+00  8.36806469E-01  8.22751438E-01
 -1.73272582E-01  1.00000000E+00  7.68246876E-01 -1.85519526E+00  3.36857094E-01  8.95913832E+00  8.40038944E-01  8.11909937E-01
 -1.67084275E-01  1.00000000E+00  7.73486424E-01 -1.83123235E+00  3.29640484E-01  8.76090429E+00  8.41593614E-01  7.91931068E-01
 -1.60895969E-01  1.00000000E+00  7.78725972E-01 -1.80767576E+00  3.23343505E-01  8.56713019E+00  8.43205942E-01  7.72392424E-01
 -1.54707662E-01  1.00000000E+00  7.86271816E-01 -1.79575008E+00  3.16820236E-01  8.38797345E+00  8.49287720E-01  7.53868573E-01
 -1.48519356E-01  1.00000000E+00  7.93817660E-01 -1.78395380E+00  3.09179766E-01  8.21279289E+00  8.55411838E-01  7.35738105E-01
 -1.42331049E-01  1.00000000E+00  8.03868254E-01 -1.77827401E+00  2.99092913E-01  8.00178742E+00  8.68840630E-01  7.13294679E-01
 -1.36142743E-01  1.00000000E+00  8.13918849E-01 -1.77265165E+00  2.88724890E-01  7.79679356E+00  8.82443480E-01  6.91435008E-01
 -1.29954436E-01  1.00000000E+00  8.26331796E-01 -1.71882433E+00  2.74134669E-01  7.40821518E+00  8.85235627E-01  6.52297955E-01
 -1.23766130E-01  1.00000000E+00  8.38744744E-01 -1.66711914E+00  2.61063275E-01  7.03928839E+00  8.88369892E-01  6.15091850E-01
 -1.17577823E-01  1.00000000E+00  8.56523050E-01 -1.60763426E+00  2.44032073E-01  6.54641512E+00  8.99433705E-01  5.64698141E-01
 -1.11389517E-01  1.00000000E+00  8.74301357E-01 -1.55127153E+00  2.26900441E-01  6.08902065E+00  9.11111152E-01  5.17790950E-01
 -1.05201210E-01  1.00000000E+00  8.97485789E-01 -1.50662479E+00  2.10129447E-01  5.61589944E+00  9.34264572E-01  4.68163487E-01
 -9.90129037E-02  1.00000000E+00  9.20670222E-01 -1.46444520E+00  1.91453096E-01  5.18158147E+00  9.58301913E-01  4.22327955E-01
 -9.28245972E-02  1.00000000E+00  9.60277042E-01 -1.37162402E+00  1.67361618E-01  4.58991503E+00  9.77223536E-01  3.61269149E-01
 -8.66362908E-02  1.00000000E+00  9.99883862E-01 -1.28736418E+00  1.43825706E-01  4.06725985E+00  9.98486784E-01  3.06877307E-01
 -8.04479843E-02  1.00000000E+00  1.04719964E+00 -1.09664646E+00  1.18830301E-01  3.19604463E+00  1.01905257E+00  2.17699206E-01
 -7.42596778E-02  1.00000000E+00  1.09451541E+00 -9.40270674E-01  9.05920444E-02  2.51201863E+00  1.05084104E+00  1.46117759E-01
 -6.80713713E-02  1.00000000E+00  1.18490524E+00 -7.31807764E-01  5.78438551E-02  1.85169943E+00  1.07730599E+00  7.74393434E-02
 -6.18830648E-02  1.00000000E+00  1.27529506E+00 -5.68177786E-01  2.45245057E-02  1.36391401E+00  1.12604225E+00  2.37871762E-02
 -5.56947583E-02  1.00000000E+00  1.42291464E+00 -2.31642071E-01  1.21712234E-02  8.69305844E-01  1.16941301E+00 -3.00107166E-02
 -4.95064519E-02  1.00000000E+00  1.57053421E+00  2.55765831E-02  5.46514029E-02  5.83181970E-01  1.31185858E+00 -7.28676611E-02
 -4.33181454E-02  1.00000000E+00  1.71487284E+00  1.56260909E-01  4.01072890E-02  6.54401418E-01  1.21807389E+00 -5.63672469E-02
 -3.71298389E-02  1.00000000E+00  1.85921148E+00  2.89598019E-01  5.68406376E-02  7.50185420E-01  1.15297163E+00 -4.02786206E-02
 -3.09415324E-02  1.00000000E+00  2.06553826E+00  7.33905998E-01  9.94100732E-02  1.07757696E+00  1.43521639E+00 -3.57639427E-02
 -2.47532259E-02  1.00000000E+00  2.27186504E+00  1.39810212E+00  1.79618861E-01  1.66517525E+00  1.95497879E+00 -2.89803536E-02
 -1.85649194E-02  1.00000000E+00  3.09598010E+00  1.67432450E+00  4.98218033E-01  2.87721739E+00  1.66468543E+00  1.21253196E-01
 -1.23766130E-02  1.00000000E+00  3.92009516E+00  2.14103110E+00  5.65174972E-01  5.17593765E+00  1.47167717E+00  3.70426048E-01
 -6.18830648E-03  1.00000000E+00  1.98366891E+00  5.75535207E+00  6.24110598E-01  6.46545156E+00  5.84377129E+00  6.21680278E-02
  0.00000000E+00  1.00000000E+00  4.72426713E-02  1.63076983E+01  1.10608550E+01  1.28079303E+01  2.13223854E+01 -8.51445515E-01
