# curve 5 (die wall), step =      700, time =   2.80000000E+02
# N1 = tau_xx - tau_yy = G ( c_xx - c_yy ),  G =  1.0000E-01  (polymer part only)
#              x               y        pressure            c_xy        gammadot            c_xx            c_yy              N1
 -3.00000000E+00  1.00000000E+00  2.31229881E+00 -1.83002792E+00  4.35817050E-01  8.89016942E+00  8.31121932E-01  8.05904749E-01
 -2.97524677E+00  1.00000000E+00  2.29672518E+00 -1.82998391E+00  4.35841990E-01  8.88969366E+00  8.31134490E-01  8.05855917E-01
 -2.95049355E+00  1.00000000E+00  2.28115154E+00 -1.82993990E+00  4.35862258E-01  8.88921793E+00  8.31147050E-01  8.05807088E-01
 -2.92574032E+00  1.00000000E+00  2.26562495E+00 -1.83015731E+00  4.35860471E-01  8.88988277E+00  8.31205054E-01  8.05867771E-01
 -2.90098710E+00  1.00000000E+00  2.25009836E+00 -1.83037475E+00  4.35831956E-01  8.89054766E+00  8.31263065E-01  8.05928459E-01
 -2.87623387E+00  1.00000000E+00  2.23462334E+00 -1.83060164E+00  4.35796835E-01  8.89272591E+00  8.31251017E-01  8.06147489E-01
 -2.85148064E+00  1.00000000E+00  2.21914832E+00 -1.83082856E+00  4.35742377E-01  8.89490471E+00  8.31238971E-01  8.06366574E-01
 -2.82672742E+00  1.00000000E+00  2.20355785E+00 -1.83017395E+00  4.35761669E-01  8.89264360E+00  8.31094442E-01  8.06154916E-01
 -2.80197419E+00  1.00000000E+00  2.18796737E+00 -1.82951952E+00  4.35803928E-01  8.89038309E+00  8.30949971E-01  8.05943312E-01
 -2.77722097E+00  1.00000000E+00  2.17240048E+00 -1.82982664E+00  4.35826637E-01  8.89009417E+00  8.31064559E-01  8.05902962E-01
 -2.75246774E+00  1.00000000E+00  2.15683358E+00 -1.83013375E+00  4.35840310E-01  8.88980533E+00  8.31179166E-01  8.05862617E-01
 -2.72771451E+00  1.00000000E+00  2.14138303E+00 -1.83022292E+00  4.35829423E-01  8.89001812E+00  8.31225944E-01  8.05879218E-01
 -2.70296129E+00  1.00000000E+00  2.12593248E+00 -1.83031210E+00  4.35795844E-01  8.89023092E+00  8.31272724E-01  8.05895820E-01
 -2.67820806E+00  1.00000000E+00  2.11034776E+00 -1.83007136E+00  4.35783596E-01  8.88992394E+00  8.31174002E-01  8.05874994E-01
 -2.65345484E+00  1.00000000E+00  2.09476305E+00 -1.82983064E+00  4.35800535E-01  8.88961698E+00  8.31075293E-01  8.05854169E-01
 -2.62870161E+00  1.00000000E+00  2.07924538E+00 -1.82997862E+00  4.35812941E-01  8.88940767E+00  8.31140765E-01  8.05826690E-01
 -2.60394839E+00  1.00000000E+00  2.06372771E+00 -1.83012659E+00  4.35812071E-01  8.88919838E+00  8.31206242E-01  8.05799214E-01
 -2.57919516E+00  1.00000000E+00  2.04821809E+00 -1.83017027E+00  4.35821934E-01  8.88929973E+00  8.31236813E-01  8.05806292E-01
 -2.55444193E+00  1.00000000E+00  2.03270847E+00 -1.83021395E+00  4.35806096E-01  8.88940109E+00  8.31267385E-01  8.05813371E-01
 -2.52968871E+00  1.00000000E+00  2.01720188E+00 -1.83039980E+00  4.35771638E-01  8.89077629E+00  8.31282878E-01  8.05949342E-01
 -2.50493548E+00  1.00000000E+00  2.00169528E+00 -1.83058567E+00  4.35725705E-01  8.89215171E+00  8.31298372E-01  8.06085334E-01
 -2.48018226E+00  1.00000000E+00  1.98607459E+00 -1.83006194E+00  4.35767611E-01  8.89053895E+00  8.31154442E-01  8.05938451E-01
 -2.45542903E+00  1.00000000E+00  1.97045389E+00 -1.82953832E+00  4.35821271E-01  8.88892650E+00  8.31010553E-01  8.05791595E-01
 -2.43067580E+00  1.00000000E+00  1.95492873E+00 -1.82978547E+00  4.35856171E-01  8.88906494E+00  8.31086116E-01  8.05797882E-01
 -2.40592258E+00  1.00000000E+00  1.93940357E+00 -1.83003262E+00  4.35879802E-01  8.88920340E+00  8.31161691E-01  8.05804171E-01
 -2.38116935E+00  1.00000000E+00  1.92393542E+00 -1.83016869E+00  4.35861664E-01  8.88933828E+00  8.31236163E-01  8.05810212E-01
 -2.35641613E+00  1.00000000E+00  1.90846726E+00 -1.83030477E+00  4.35822034E-01  8.88947317E+00  8.31310641E-01  8.05816253E-01
 -2.33166290E+00  1.00000000E+00  1.89289554E+00 -1.83009365E+00  4.35813625E-01  8.88987814E+00  8.31194836E-01  8.05868331E-01
 -2.30690967E+00  1.00000000E+00  1.87732381E+00 -1.82988253E+00  4.35825671E-01  8.89028317E+00  8.31079045E-01  8.05920413E-01
 -2.28215645E+00  1.00000000E+00  1.86176170E+00 -1.82996299E+00  4.35844890E-01  8.89027106E+00  8.31095950E-01  8.05917511E-01
 -2.25740322E+00  1.00000000E+00  1.84619958E+00 -1.83004346E+00  4.35858804E-01  8.89025896E+00  8.31112857E-01  8.05914610E-01
 -2.23265000E+00  1.00000000E+00  1.83072915E+00 -1.83048533E+00  4.35836235E-01  8.89159754E+00  8.31248607E-01  8.06034893E-01
 -2.20789677E+00  1.00000000E+00  1.81525872E+00 -1.83092728E+00  4.35773070E-01  8.89293633E+00  8.31384387E-01  8.06155195E-01
 -2.18314354E+00  1.00000000E+00  1.79967838E+00 -1.83037726E+00  4.35770400E-01  8.89107605E+00  8.31250222E-01  8.05982583E-01
 -2.15839032E+00  1.00000000E+00  1.78409805E+00 -1.82982736E+00  4.35798528E-01  8.88921618E+00  8.31116099E-01  8.05810008E-01
 -2.13363709E+00  1.00000000E+00  1.76856909E+00 -1.82984356E+00  4.35829700E-01  8.88919846E+00  8.31109981E-01  8.05808847E-01
 -2.10888387E+00  1.00000000E+00  1.75304013E+00 -1.82985975E+00  4.35862707E-01  8.88918073E+00  8.31103864E-01  8.05807686E-01
 -2.08413064E+00  1.00000000E+00  1.73747777E+00 -1.82997656E+00  4.35887651E-01  8.88926883E+00  8.31141142E-01  8.05812768E-01
 -2.05937741E+00  1.00000000E+00  1.72191541E+00 -1.83009337E+00  4.35888915E-01  8.88935693E+00  8.31178423E-01  8.05817851E-01
 -2.03462419E+00  1.00000000E+00  1.70641412E+00 -1.83004727E+00  4.35874967E-01  8.88966332E+00  8.31160321E-01  8.05850300E-01
 -2.00987096E+00  1.00000000E+00  1.69091284E+00 -1.83000116E+00  4.35859820E-01  8.88996972E+00  8.31142220E-01  8.05882750E-01
 -1.98511774E+00  1.00000000E+00  1.67532319E+00 -1.83003646E+00  4.35856450E-01  8.88974392E+00  8.31158663E-01  8.05858525E-01
 -1.96036451E+00  1.00000000E+00  1.65973354E+00 -1.83007176E+00  4.35850148E-01  8.88951812E+00  8.31175106E-01  8.05834301E-01
 -1.93561128E+00  1.00000000E+00  1.64429074E+00 -1.83043239E+00  4.35814372E-01  8.89050283E+00  8.31293631E-01  8.05920920E-01
 -1.91085806E+00  1.00000000E+00  1.62884795E+00 -1.83079307E+00  4.35756088E-01  8.89148767E+00  8.31412177E-01  8.06007549E-01
 -1.88610483E+00  1.00000000E+00  1.61320207E+00 -1.83020182E+00  4.35740058E-01  8.89082008E+00  8.31183303E-01  8.05963677E-01
 -1.86135161E+00  1.00000000E+00  1.59755620E+00 -1.82961066E+00  4.35752334E-01  8.89015263E+00  8.30954500E-01  8.05919813E-01
 -1.83659838E+00  1.00000000E+00  1.58202514E+00 -1.82997326E+00  4.35779596E-01  8.88913409E+00  8.31168406E-01  8.05796568E-01
 -1.81184516E+00  1.00000000E+00  1.56649409E+00 -1.83033583E+00  4.35772767E-01  8.88811580E+00  8.31382358E-01  8.05673344E-01
 -1.78709193E+00  1.00000000E+00  1.55105814E+00 -1.83049357E+00  4.35705647E-01  8.89004827E+00  8.31370321E-01  8.05867794E-01
 -1.76233870E+00  1.00000000E+00  1.53562219E+00 -1.83065133E+00  4.35621414E-01  8.89198117E+00  8.31358283E-01  8.06062289E-01
 -1.73758548E+00  1.00000000E+00  1.51994596E+00 -1.83021655E+00  4.35624331E-01  8.89074851E+00  8.31231816E-01  8.05951669E-01
 -1.71283225E+00  1.00000000E+00  1.50426973E+00 -1.82978185E+00  4.35627725E-01  8.88951603E+00  8.31105379E-01  8.05841065E-01
 -1.68807903E+00  1.00000000E+00  1.48869068E+00 -1.82984421E+00  4.35597531E-01  8.88826261E+00  8.31187185E-01  8.05707543E-01
 -1.66332580E+00  1.00000000E+00  1.47311163E+00 -1.82990655E+00  4.35573911E-01  8.88700942E+00  8.31268995E-01  8.05574043E-01
 -1.63857257E+00  1.00000000E+00  1.45762011E+00 -1.82982561E+00  4.35573536E-01  8.88668476E+00  8.31266667E-01  8.05541810E-01
 -1.61381935E+00  1.00000000E+00  1.44212858E+00 -1.82974467E+00  4.35535936E-01  8.88636012E+00  8.31264341E-01  8.05509578E-01
 -1.58906612E+00  1.00000000E+00  1.42648024E+00 -1.82945743E+00  4.35476694E-01  8.88448111E+00  8.31231588E-01  8.05324952E-01
 -1.56431290E+00  1.00000000E+00  1.41083190E+00 -1.82917024E+00  4.35441739E-01  8.88260249E+00  8.31198842E-01  8.05140365E-01
 -1.53955967E+00  1.00000000E+00  1.39536079E+00 -1.82919591E+00  4.35397266E-01  8.88098897E+00  8.31302453E-01  8.04968652E-01
 -1.51480644E+00  1.00000000E+00  1.37988968E+00 -1.82922156E+00  4.35340308E-01  8.87937580E+00  8.31406071E-01  8.04796973E-01
 -1.49005322E+00  1.00000000E+00  1.36435939E+00 -1.82928536E+00  4.35255037E-01  8.87804570E+00  8.31536450E-01  8.04650925E-01
 -1.46529999E+00  1.00000000E+00  1.34882911E+00 -1.82934915E+00  4.35120417E-01  8.87671585E+00  8.31666844E-01  8.04504900E-01
 -1.44054677E+00  1.00000000E+00  1.33328601E+00 -1.82943082E+00  4.34973362E-01  8.87675965E+00  8.31734273E-01  8.04502538E-01
 -1.41579354E+00  1.00000000E+00  1.31774290E+00 -1.82951249E+00  4.34786511E-01  8.87680346E+00  8.31801708E-01  8.04500175E-01
 -1.39104031E+00  1.00000000E+00  1.30213220E+00 -1.82848804E+00  4.34670478E-01  8.87144381E+00  8.31670411E-01  8.03977340E-01
 -1.36628709E+00  1.00000000E+00  1.28652151E+00 -1.82746416E+00  4.34600297E-01  8.86608739E+00  8.31539227E-01  8.03454816E-01
 -1.34153386E+00  1.00000000E+00  1.27095158E+00 -1.82743386E+00  4.34485496E-01  8.86288707E+00  8.31680879E-01  8.03120619E-01
 -1.31678064E+00  1.00000000E+00  1.25538165E+00 -1.82740351E+00  4.34351538E-01  8.85968806E+00  8.31822539E-01  8.02786552E-01
 -1.29202741E+00  1.00000000E+00  1.23991922E+00 -1.82719502E+00  4.34167798E-01  8.85691226E+00  8.31914197E-01  8.02499807E-01
 -1.26727418E+00  1.00000000E+00  1.22445679E+00 -1.82698658E+00  4.33952490E-01  8.85413738E+00  8.32005869E-01  8.02213151E-01
 -1.24252096E+00  1.00000000E+00  1.20899185E+00 -1.82690589E+00  4.33730063E-01  8.85103318E+00  8.32167042E-01  8.01886613E-01
 -1.21776773E+00  1.00000000E+00  1.19352692E+00 -1.82682520E+00  4.33471054E-01  8.84793017E+00  8.32328236E-01  8.01560193E-01
 -1.19301451E+00  1.00000000E+00  1.17797422E+00 -1.82564650E+00  4.33221559E-01  8.84015386E+00  8.32283290E-01  8.00787057E-01
 -1.16826128E+00  1.00000000E+00  1.16242153E+00 -1.82446868E+00  4.33008202E-01  8.83238440E+00  8.32238482E-01  8.00014592E-01
 -1.14350806E+00  1.00000000E+00  1.14700159E+00 -1.82411489E+00  4.32724549E-01  8.82724780E+00  8.32377409E-01  7.99487039E-01
 -1.11875483E+00  1.00000000E+00  1.13158165E+00 -1.82376119E+00  4.32423156E-01  8.82211436E+00  8.32516357E-01  7.98959800E-01
 -1.09400160E+00  1.00000000E+00  1.11615347E+00 -1.82312462E+00  4.32103222E-01  8.81503514E+00  8.32658440E-01  7.98237670E-01
 -1.06924838E+00  1.00000000E+00  1.10072530E+00 -1.82248837E+00  4.31776962E-01  8.80796181E+00  8.32800574E-01  7.97516124E-01
 -1.04449515E+00  1.00000000E+00  1.08541409E+00 -1.82174169E+00  4.31395018E-01  8.79923617E+00  8.32997028E-01  7.96623914E-01
 -1.01974193E+00  1.00000000E+00  1.07010288E+00 -1.82099546E+00  4.30986503E-01  8.79051952E+00  8.33193561E-01  7.95732596E-01
 -9.94988700E-01  1.00000000E+00  1.05486797E+00 -1.81993497E+00  4.30514095E-01  8.78102292E+00  8.33326882E-01  7.94769604E-01
 -9.70235474E-01  1.00000000E+00  1.03963306E+00 -1.81887533E+00  4.30050527E-01  8.77153680E+00  8.33460346E-01  7.93807645E-01
 -9.45482248E-01  1.00000000E+00  1.02439196E+00 -1.81791557E+00  4.29554904E-01  8.76114017E+00  8.33659280E-01  7.92748089E-01
 -9.20729022E-01  1.00000000E+00  1.00915086E+00 -1.81695654E+00  4.29052597E-01  8.75075631E+00  8.33858323E-01  7.91689799E-01
 -8.95975796E-01  1.00000000E+00  9.94162858E-01 -1.81573590E+00  4.28490369E-01  8.73725133E+00  8.34134546E-01  7.90311679E-01
 -8.71222570E-01  1.00000000E+00  9.79174862E-01 -1.81451648E+00  4.27915559E-01  8.72376799E+00  8.34410958E-01  7.88935703E-01
 -8.46469344E-01  1.00000000E+00  9.64313998E-01 -1.81338029E+00  4.27230614E-01  8.71143879E+00  8.34702147E-01  7.87673664E-01
 -8.21716118E-01  1.00000000E+00  9.49453133E-01 -1.81224522E+00  4.26517610E-01  8.69912764E+00  8.34993567E-01  7.86413407E-01
 -7.97201467E-01  1.00000000E+00  9.34807047E-01 -1.81089373E+00  4.25920097E-01  8.68539282E+00  8.35219782E-01  7.85017303E-01
 -7.72686817E-01  1.00000000E+00  9.20160960E-01 -1.80954366E+00  4.25299924E-01  8.67168038E+00  8.35446192E-01  7.83623419E-01
 -7.49503432E-01  1.00000000E+00  9.06668922E-01 -1.80854270E+00  4.24625627E-01  8.65840340E+00  8.35824051E-01  7.82257935E-01
 -7.26320047E-01  1.00000000E+00  8.93176884E-01 -1.80754261E+00  4.23936813E-01  8.64514779E+00  8.36202117E-01  7.80894567E-01
 -7.04527831E-01  1.00000000E+00  8.80736568E-01 -1.80587600E+00  4.23202038E-01  8.63050343E+00  8.36408625E-01  7.79409480E-01
 -6.82735615E-01  1.00000000E+00  8.68296252E-01 -1.80421153E+00  4.22518950E-01  8.61588439E+00  8.36615494E-01  7.77926889E-01
 -6.62251087E-01  1.00000000E+00  8.56625721E-01 -1.80267802E+00  4.22016645E-01  8.60392455E+00  8.36643525E-01  7.76728103E-01
 -6.41766559E-01  1.00000000E+00  8.44955191E-01 -1.80114615E+00  4.21516524E-01  8.59198156E+00  8.36671758E-01  7.75530980E-01
 -6.22511254E-01  1.00000000E+00  8.34464600E-01 -1.79995931E+00  4.20944352E-01  8.57960035E+00  8.36909324E-01  7.74269103E-01
 -6.03255949E-01  1.00000000E+00  8.23974009E-01 -1.79877362E+00  4.20392095E-01  8.56723760E+00  8.37147067E-01  7.73009054E-01
 -5.85156097E-01  1.00000000E+00  8.14357139E-01 -1.79743323E+00  4.19855603E-01  8.55479333E+00  8.37313691E-01  7.71747964E-01
 -5.67056245E-01  1.00000000E+00  8.04740269E-01 -1.79609422E+00  4.19366986E-01  8.54236761E+00  8.37480502E-01  7.70488710E-01
 -5.50042515E-01  1.00000000E+00  7.95889838E-01 -1.79529077E+00  4.19020547E-01  8.53447090E+00  8.37593812E-01  7.69687709E-01
 -5.33028786E-01  1.00000000E+00  7.87039407E-01 -1.79448783E+00  4.18629148E-01  8.52658171E+00  8.37707182E-01  7.68887453E-01
 -5.17036006E-01  1.00000000E+00  7.79260381E-01 -1.79474315E+00  4.18215834E-01  8.52060184E+00  8.38244810E-01  7.68235703E-01
 -5.01043227E-01  1.00000000E+00  7.71481355E-01 -1.79499830E+00  4.17771004E-01  8.51462706E+00  8.38782684E-01  7.67584438E-01
 -4.86010125E-01  1.00000000E+00  7.64148641E-01 -1.79340490E+00  4.17447726E-01  8.50731124E+00  8.38511846E-01  7.66879939E-01
 -4.70977023E-01  1.00000000E+00  7.56815927E-01 -1.79181284E+00  4.17340038E-01  8.50000171E+00  8.38241305E-01  7.66176040E-01
 -4.56846016E-01  1.00000000E+00  7.50537478E-01 -1.79209512E+00  4.17154079E-01  8.49821323E+00  8.38448387E-01  7.65976484E-01
 -4.42715008E-01  1.00000000E+00  7.44259029E-01 -1.79237734E+00  4.17073216E-01  8.49642532E+00  8.38655506E-01  7.65776982E-01
 -4.29431964E-01  1.00000000E+00  7.38544122E-01 -1.79268038E+00  4.17146078E-01  8.49898459E+00  8.38655572E-01  7.66032902E-01
 -4.16148920E-01  1.00000000E+00  7.32829214E-01 -1.79298350E+00  4.17248237E-01  8.50154465E+00  8.38655643E-01  7.66288901E-01
 -4.03662954E-01  1.00000000E+00  7.27824835E-01 -1.79243329E+00  4.17210570E-01  8.50217653E+00  8.38387103E-01  7.66378943E-01
 -3.91176988E-01  1.00000000E+00  7.22820456E-01 -1.79188308E+00  4.17393683E-01  8.50280868E+00  8.38118646E-01  7.66469003E-01
 -3.79440270E-01  1.00000000E+00  7.18448031E-01 -1.79299289E+00  4.17662801E-01  8.50876678E+00  8.38198825E-01  7.67056795E-01
 -3.67703552E-01  1.00000000E+00  7.14075607E-01 -1.79410341E+00  4.18003264E-01  8.51472904E+00  8.38279157E-01  7.67644988E-01
 -3.56671122E-01  1.00000000E+00  7.10383664E-01 -1.79515486E+00  4.18541806E-01  8.52452736E+00  8.38110388E-01  7.68641698E-01
 -3.45638692E-01  1.00000000E+00  7.06691721E-01 -1.79620720E+00  4.19015539E-01  8.53433725E+00  8.37941772E-01  7.69639548E-01
 -3.35268287E-01  1.00000000E+00  7.03622535E-01 -1.79699628E+00  4.19253354E-01  8.54332693E+00  8.37778930E-01  7.70554800E-01
 -3.24897882E-01  1.00000000E+00  7.00553350E-01 -1.79778585E+00  4.19765368E-01  8.55232649E+00  8.37616135E-01  7.71471035E-01
 -3.15149775E-01  1.00000000E+00  6.97986820E-01 -1.79957678E+00  4.20440914E-01  8.56725817E+00  8.37509944E-01  7.72974822E-01
 -3.05401669E-01  1.00000000E+00  6.95420290E-01 -1.80137006E+00  4.21146966E-01  8.58221641E+00  8.37404048E-01  7.74481236E-01
 -2.96238520E-01  1.00000000E+00  6.93332349E-01 -1.80216655E+00  4.21809239E-01  8.59973144E+00  8.36651109E-01  7.76308033E-01
 -2.87075371E-01  1.00000000E+00  6.91244408E-01 -1.80296356E+00  4.22767443E-01  8.61728519E+00  8.35898673E-01  7.78138652E-01
 -2.78462077E-01  1.00000000E+00  6.89768731E-01 -1.80537263E+00  4.23935240E-01  8.63894797E+00  8.35567315E-01  7.80338066E-01
 -2.69848783E-01  1.00000000E+00  6.88293053E-01 -1.80778624E+00  4.25131804E-01  8.66066644E+00  8.35236734E-01  7.82542970E-01
 -2.61752348E-01  1.00000000E+00  6.87441457E-01 -1.81072435E+00  4.26098884E-01  8.68427562E+00  8.35114877E-01  7.84916074E-01
 -2.53655913E-01  1.00000000E+00  6.86589860E-01 -1.81366860E+00  4.27212972E-01  8.70795015E+00  8.34993822E-01  7.87295633E-01
 -2.46045323E-01  1.00000000E+00  6.86050047E-01 -1.81525631E+00  4.28533108E-01  8.73386920E+00  8.34102118E-01  7.89976708E-01
 -2.38434732E-01  1.00000000E+00  6.85510235E-01 -1.81684625E+00  4.29858552E-01  8.75987040E+00  8.33211251E-01  7.92665915E-01
 -2.31280830E-01  1.00000000E+00  6.85584161E-01 -1.81958313E+00  4.31078483E-01  8.78675724E+00  8.32823779E-01  7.95393346E-01
 -2.24126928E-01  1.00000000E+00  6.85658087E-01 -1.82232577E+00  4.32416304E-01  8.81372901E+00  8.32437050E-01  7.98129196E-01
 -2.17402314E-01  1.00000000E+00  6.86205350E-01 -1.82616218E+00  4.33730137E-01  8.84352702E+00  8.32308605E-01  8.01121842E-01
 -2.10677699E-01  1.00000000E+00  6.86752612E-01 -1.83000885E+00  4.35101841E-01  8.87342702E+00  8.32181631E-01  8.04124539E-01
 -2.04351753E-01  1.00000000E+00  6.87696708E-01 -1.83307758E+00  4.36731910E-01  8.90761315E+00  8.31450371E-01  8.07616278E-01
 -1.98025807E-01  1.00000000E+00  6.88640804E-01 -1.83615405E+00  4.38362063E-01  8.94193589E+00  8.30720463E-01  8.11121543E-01
 -1.91837501E-01  1.00000000E+00  6.90113220E-01 -1.84000853E+00  4.40067841E-01  8.97910263E+00  8.30252709E-01  8.14884992E-01
 -1.85649194E-01  1.00000000E+00  6.91585636E-01 -1.84387413E+00  4.41818081E-01  9.01642803E+00  8.29786326E-01  8.18664170E-01
 -1.79460888E-01  1.00000000E+00  6.93520614E-01 -1.84680921E+00  4.43924283E-01  9.06122341E+00  8.28405527E-01  8.23281788E-01
 -1.73272582E-01  1.00000000E+00  6.95455591E-01 -1.84975166E+00  4.46106054E-01  9.10625436E+00  8.27026948E-01  8.27922741E-01
 -1.67084275E-01  1.00000000E+00  6.98426353E-01 -1.85548832E+00  4.48176783E-01  9.15182533E+00  8.26875938E-01  8.32494939E-01
 -1.60895969E-01  1.00000000E+00  7.01397116E-01 -1.86124745E+00  4.50378901E-01  9.19762726E+00  8.26727908E-01  8.37089936E-01
 -1.54707662E-01  1.00000000E+00  7.04984660E-01 -1.86563960E+00  4.53121826E-01  9.25457806E+00  8.25301975E-01  8.42927608E-01
 -1.48519356E-01  1.00000000E+00  7.08572204E-01 -1.87004773E+00  4.55821738E-01  9.31189778E+00  8.23879366E-01  8.48801842E-01
 -1.42331049E-01  1.00000000E+00  7.13568444E-01 -1.87917809E+00  4.58797690E-01  9.37821364E+00  8.24076771E-01  8.55413687E-01
 -1.36142743E-01  1.00000000E+00  7.18564685E-01 -1.88836175E+00  4.61790997E-01  9.44500510E+00  8.24281423E-01  8.62072368E-01
 -1.29954436E-01  1.00000000E+00  7.24674927E-01 -1.89256484E+00  4.64262041E-01  9.50616251E+00  8.22746058E-01  8.68341645E-01
 -1.23766130E-01  1.00000000E+00  7.30785170E-01 -1.89678126E+00  4.67326711E-01  9.56773722E+00  8.21213315E-01  8.74652391E-01
 -1.17577823E-01  1.00000000E+00  7.38884015E-01 -1.90469598E+00  4.70399517E-01  9.63852785E+00  8.20665636E-01  8.81786222E-01
 -1.11389517E-01  1.00000000E+00  7.46982860E-01 -1.91265417E+00  4.73719212E-01  9.70985203E+00  8.20123445E-01  8.88972859E-01
 -1.05201210E-01  1.00000000E+00  7.57271224E-01 -1.92221699E+00  4.78140311E-01  9.79760848E+00  8.19347791E-01  8.97826069E-01
 -9.90129037E-02  1.00000000E+00  7.67559587E-01 -1.93184344E+00  4.82178688E-01  9.88617378E+00  8.18580332E-01  9.06759345E-01
 -9.28245972E-02  1.00000000E+00  7.80959792E-01 -1.94139673E+00  4.86073400E-01  9.96869115E+00  8.18194773E-01  9.15049637E-01
 -8.66362908E-02  1.00000000E+00  7.94359997E-01 -1.95101050E+00  4.88989989E-01  1.00519079E+01  8.17816543E-01  9.23409140E-01
 -8.04479843E-02  1.00000000E+00  8.14173252E-01 -1.96151085E+00  4.89571643E-01  1.00909253E+01  8.20801823E-01  9.27012344E-01
 -7.42596778E-02  1.00000000E+00  8.33986506E-01 -1.97205919E+00  4.90445216E-01  1.01300991E+01  8.23801650E-01  9.30629747E-01
 -6.80713713E-02  1.00000000E+00  8.54895781E-01 -1.97360094E+00  4.92113016E-01  1.01597477E+01  8.22922335E-01  9.33682535E-01
 -6.18830648E-02  1.00000000E+00  8.75805056E-01 -1.97514406E+00  4.89110801E-01  1.01894890E+01  8.22043604E-01  9.36744541E-01
 -5.56947583E-02  1.00000000E+00  9.18297341E-01 -2.14756731E+00  4.78151147E-01  1.00402222E+01  9.03654471E-01  9.13656772E-01
 -4.95064519E-02  1.00000000E+00  9.60789626E-01 -2.32144905E+00  4.53415833E-01  9.91063126E+00  9.92454736E-01  8.91817653E-01
 -4.33181454E-02  1.00000000E+00  1.06230960E+00 -1.99515519E+00  3.66116299E-01  7.98837560E+00  9.92780757E-01  6.99559484E-01
 -3.71298389E-02  1.00000000E+00  1.16382958E+00 -1.72387499E+00  2.92077417E-01  6.44066173E+00  1.00620317E+00  5.43445856E-01
 -3.09415324E-02  1.00000000E+00  1.33045268E+00 -1.59521955E+00  1.73458330E-01  4.43298919E+00  1.23258917E+00  3.20040002E-01
 -2.47532259E-02  1.00000000E+00  1.49707578E+00 -1.51511239E+00  1.14896142E-01  3.10902880E+00  1.51957602E+00  1.58945278E-01
 -1.85649194E-02  1.00000000E+00  2.39385408E+00 -1.79190529E+00  2.88403648E-01  3.80586566E+00  1.47281957E+00  2.33304610E-01
 -1.23766130E-02  1.00000000E+00  3.29063238E+00 -2.11695104E+00  3.70785311E-01  4.65488731E+00  1.46985016E+00  3.18503716E-01
 -6.18830648E-03  1.00000000E+00  1.72214600E+00  1.99144592E+00  1.30552649E+00  5.06111585E+00  1.60925364E+00  3.45186221E-01
  0.00000000E+00  1.00000000E+00  1.53659627E-01  2.04187980E+01  8.36360320E+00  2.58303695E+01  1.64273649E+01  9.40300467E-01
