# curve 5 (die wall), step =        1, time =   4.00000000E-01
# N1 = tau_xx - tau_yy = G ( c_xx - c_yy ),  G =  1.8000E+00  (polymer part only)
#              x               y        pressure            c_xy        gammadot            c_xx            c_yy              N1
 -3.00000000E+00  1.00000000E+00  1.28265904E+00  0.00000000E+00  3.99997878E-01  1.00000000E+00  1.00000000E+00  0.00000000E+00
 -2.97524677E+00  1.00000000E+00  1.27275934E+00  0.00000000E+00  3.99998788E-01  1.00000000E+00  1.00000000E+00  0.00000000E+00
 -2.95049355E+00  1.00000000E+00  1.26285964E+00  0.00000000E+00  3.99999400E-01  1.00000000E+00  1.00000000E+00  0.00000000E+00
 -2.92574032E+00  1.00000000E+00  1.25295804E+00  0.00000000E+00  3.99999872E-01  1.00000000E+00  1.00000000E+00  0.00000000E+00
 -2.90098710E+00  1.00000000E+00  1.24305644E+00  0.00000000E+00  4.00000107E-01  1.00000000E+00  1.00000000E+00  0.00000000E+00
 -2.87623387E+00  1.00000000E+00  1.23315518E+00  0.00000000E+00  4.00000117E-01  1.00000000E+00  1.00000000E+00  0.00000000E+00
 -2.85148064E+00  1.00000000E+00  1.22325391E+00  0.00000000E+00  4.00000096E-01  1.00000000E+00  1.00000000E+00  0.00000000E+00
 -2.82672742E+00  1.00000000E+00  1.21335257E+00  0.00000000E+00  4.00000068E-01  1.00000000E+00  1.00000000E+00  0.00000000E+00
 -2.80197419E+00  1.00000000E+00  1.20345123E+00  0.00000000E+00  4.00000032E-01  1.00000000E+00  1.00000000E+00  0.00000000E+00
 -2.77722097E+00  1.00000000E+00  1.19354992E+00  0.00000000E+00  3.99999990E-01  1.00000000E+00  1.00000000E+00  0.00000000E+00
 -2.75246774E+00  1.00000000E+00  1.18364860E+00  0.00000000E+00  3.99999947E-01  1.00000000E+00  1.00000000E+00  0.00000000E+00
 -2.72771451E+00  1.00000000E+00  1.17374728E+00  0.00000000E+00  3.99999896E-01  1.00000000E+00  1.00000000E+00  0.00000000E+00
 -2.70296129E+00  1.00000000E+00  1.16384596E+00  0.00000000E+00  3.99999842E-01  1.00000000E+00  1.00000000E+00  0.00000000E+00
 -2.67820806E+00  1.00000000E+00  1.15394464E+00  0.00000000E+00  3.99999777E-01  1.00000000E+00  1.00000000E+00  0.00000000E+00
 -2.65345484E+00  1.00000000E+00  1.14404331E+00  0.00000000E+00  3.99999709E-01  1.00000000E+00  1.00000000E+00  0.00000000E+00
 -2.62870161E+00  1.00000000E+00  1.13414199E+00  0.00000000E+00  3.99999623E-01  1.00000000E+00  1.00000000E+00  0.00000000E+00
 -2.60394839E+00  1.00000000E+00  1.12424066E+00  0.00000000E+00  3.99999532E-01  1.00000000E+00  1.00000000E+00  0.00000000E+00
 -2.57919516E+00  1.00000000E+00  1.11433935E+00  0.00000000E+00  3.99999425E-01  1.00000000E+00  1.00000000E+00  0.00000000E+00
 -2.55444193E+00  1.00000000E+00  1.10443803E+00  0.00000000E+00  3.99999311E-01  1.00000000E+00  1.00000000E+00  0.00000000E+00
 -2.52968871E+00  1.00000000E+00  1.09453670E+00  0.00000000E+00  3.99999170E-01  1.00000000E+00  1.00000000E+00  0.00000000E+00
 -2.50493548E+00  1.00000000E+00  1.08463538E+00  0.00000000E+00  3.99999019E-01  1.00000000E+00  1.00000000E+00  0.00000000E+00
 -2.48018226E+00  1.00000000E+00  1.07473406E+00  0.00000000E+00  3.99998845E-01  1.00000000E+00  1.00000000E+00  0.00000000E+00
 -2.45542903E+00  1.00000000E+00  1.06483273E+00  0.00000000E+00  3.99998657E-01  1.00000000E+00  1.00000000E+00  0.00000000E+00
 -2.43067580E+00  1.00000000E+00  1.05493141E+00  0.00000000E+00  3.99998429E-01  1.00000000E+00  1.00000000E+00  0.00000000E+00
 -2.40592258E+00  1.00000000E+00  1.04503009E+00  0.00000000E+00  3.99998190E-01  1.00000000E+00  1.00000000E+00  0.00000000E+00
 -2.38116935E+00  1.00000000E+00  1.03512878E+00  0.00000000E+00  3.99997902E-01  1.00000000E+00  1.00000000E+00  0.00000000E+00
 -2.35641613E+00  1.00000000E+00  1.02522747E+00  0.00000000E+00  3.99997592E-01  1.00000000E+00  1.00000000E+00  0.00000000E+00
 -2.33166290E+00  1.00000000E+00  1.01532617E+00  0.00000000E+00  3.99997222E-01  1.00000000E+00  1.00000000E+00  0.00000000E+00
 -2.30690967E+00  1.00000000E+00  1.00542488E+00  0.00000000E+00  3.99996825E-01  1.00000000E+00  1.00000000E+00  0.00000000E+00
 -2.28215645E+00  1.00000000E+00  9.95523589E-01  0.00000000E+00  3.99996357E-01  1.00000000E+00  1.00000000E+00  0.00000000E+00
 -2.25740322E+00  1.00000000E+00  9.85622303E-01  0.00000000E+00  3.99995861E-01  1.00000000E+00  1.00000000E+00  0.00000000E+00
 -2.23265000E+00  1.00000000E+00  9.75721038E-01  0.00000000E+00  3.99995273E-01  1.00000000E+00  1.00000000E+00  0.00000000E+00
 -2.20789677E+00  1.00000000E+00  9.65819773E-01  0.00000000E+00  3.99994639E-01  1.00000000E+00  1.00000000E+00  0.00000000E+00
 -2.18314354E+00  1.00000000E+00  9.55918535E-01  0.00000000E+00  3.99993917E-01  1.00000000E+00  1.00000000E+00  0.00000000E+00
 -2.15839032E+00  1.00000000E+00  9.46017297E-01  0.00000000E+00  3.99993147E-01  1.00000000E+00  1.00000000E+00  0.00000000E+00
 -2.13363709E+00  1.00000000E+00  9.36116140E-01  0.00000000E+00  3.99992236E-01  1.00000000E+00  1.00000000E+00  0.00000000E+00
 -2.10888387E+00  1.00000000E+00  9.26214984E-01  0.00000000E+00  3.99991284E-01  1.00000000E+00  1.00000000E+00  0.00000000E+00
 -2.08413064E+00  1.00000000E+00  9.16313880E-01  0.00000000E+00  3.99990137E-01  1.00000000E+00  1.00000000E+00  0.00000000E+00
 -2.05937741E+00  1.00000000E+00  9.06412776E-01  0.00000000E+00  3.99988947E-01  1.00000000E+00  1.00000000E+00  0.00000000E+00
 -2.03462419E+00  1.00000000E+00  8.96511796E-01  0.00000000E+00  3.99987531E-01  1.00000000E+00  1.00000000E+00  0.00000000E+00
 -2.00987096E+00  1.00000000E+00  8.86610816E-01  0.00000000E+00  3.99986037E-01  1.00000000E+00  1.00000000E+00  0.00000000E+00
 -1.98511774E+00  1.00000000E+00  8.76709947E-01  0.00000000E+00  3.99984326E-01  1.00000000E+00  1.00000000E+00  0.00000000E+00
 -1.96036451E+00  1.00000000E+00  8.66809078E-01  0.00000000E+00  3.99982517E-01  1.00000000E+00  1.00000000E+00  0.00000000E+00
 -1.93561128E+00  1.00000000E+00  8.56908379E-01  0.00000000E+00  3.99980425E-01  1.00000000E+00  1.00000000E+00  0.00000000E+00
 -1.91085806E+00  1.00000000E+00  8.47007680E-01  0.00000000E+00  3.99978138E-01  1.00000000E+00  1.00000000E+00  0.00000000E+00
 -1.88610483E+00  1.00000000E+00  8.37107237E-01  0.00000000E+00  3.99975573E-01  1.00000000E+00  1.00000000E+00  0.00000000E+00
 -1.86135161E+00  1.00000000E+00  8.27206795E-01  0.00000000E+00  3.99972851E-01  1.00000000E+00  1.00000000E+00  0.00000000E+00
 -1.83659838E+00  1.00000000E+00  8.17306676E-01  0.00000000E+00  3.99969779E-01  1.00000000E+00  1.00000000E+00  0.00000000E+00
 -1.81184516E+00  1.00000000E+00  8.07406557E-01  0.00000000E+00  3.99966594E-01  1.00000000E+00  1.00000000E+00  0.00000000E+00
 -1.78709193E+00  1.00000000E+00  7.97506876E-01  0.00000000E+00  3.99962863E-01  1.00000000E+00  1.00000000E+00  0.00000000E+00
 -1.76233870E+00  1.00000000E+00  7.87607195E-01  0.00000000E+00  3.99958803E-01  1.00000000E+00  1.00000000E+00  0.00000000E+00
 -1.73758548E+00  1.00000000E+00  7.77708160E-01  0.00000000E+00  3.99954260E-01  1.00000000E+00  1.00000000E+00  0.00000000E+00
 -1.71283225E+00  1.00000000E+00  7.67809126E-01  0.00000000E+00  3.99949641E-01  1.00000000E+00  1.00000000E+00  0.00000000E+00
 -1.68807903E+00  1.00000000E+00  7.57910588E-01  0.00000000E+00  3.99944724E-01  1.00000000E+00  1.00000000E+00  0.00000000E+00
 -1.66332580E+00  1.00000000E+00  7.48012051E-01  0.00000000E+00  3.99939373E-01  1.00000000E+00  1.00000000E+00  0.00000000E+00
 -1.63857257E+00  1.00000000E+00  7.38114667E-01  0.00000000E+00  3.99933156E-01  1.00000000E+00  1.00000000E+00  0.00000000E+00
 -1.61381935E+00  1.00000000E+00  7.28217283E-01  0.00000000E+00  3.99926610E-01  1.00000000E+00  1.00000000E+00  0.00000000E+00
 -1.58906612E+00  1.00000000E+00  7.18320779E-01  0.00000000E+00  3.99919729E-01  1.00000000E+00  1.00000000E+00  0.00000000E+00
 -1.56431290E+00  1.00000000E+00  7.08424275E-01  0.00000000E+00  3.99912428E-01  1.00000000E+00  1.00000000E+00  0.00000000E+00
 -1.53955967E+00  1.00000000E+00  6.98529423E-01  0.00000000E+00  3.99904168E-01  1.00000000E+00  1.00000000E+00  0.00000000E+00
 -1.51480644E+00  1.00000000E+00  6.88634570E-01  0.00000000E+00  3.99895907E-01  1.00000000E+00  1.00000000E+00  0.00000000E+00
 -1.49005322E+00  1.00000000E+00  6.78741481E-01  0.00000000E+00  3.99886633E-01  1.00000000E+00  1.00000000E+00  0.00000000E+00
 -1.46529999E+00  1.00000000E+00  6.68848392E-01  0.00000000E+00  3.99877018E-01  1.00000000E+00  1.00000000E+00  0.00000000E+00
 -1.44054677E+00  1.00000000E+00  6.58957751E-01  0.00000000E+00  3.99867300E-01  1.00000000E+00  1.00000000E+00  0.00000000E+00
 -1.41579354E+00  1.00000000E+00  6.49067111E-01  0.00000000E+00  3.99856230E-01  1.00000000E+00  1.00000000E+00  0.00000000E+00
 -1.39104031E+00  1.00000000E+00  6.39179288E-01  0.00000000E+00  3.99844511E-01  1.00000000E+00  1.00000000E+00  0.00000000E+00
 -1.36628709E+00  1.00000000E+00  6.29291465E-01  0.00000000E+00  3.99833230E-01  1.00000000E+00  1.00000000E+00  0.00000000E+00
 -1.34153386E+00  1.00000000E+00  6.19407470E-01  0.00000000E+00  3.99821440E-01  1.00000000E+00  1.00000000E+00  0.00000000E+00
 -1.31678064E+00  1.00000000E+00  6.09523475E-01  0.00000000E+00  3.99809484E-01  1.00000000E+00  1.00000000E+00  0.00000000E+00
 -1.29202741E+00  1.00000000E+00  5.99643552E-01  0.00000000E+00  3.99797018E-01  1.00000000E+00  1.00000000E+00  0.00000000E+00
 -1.26727418E+00  1.00000000E+00  5.89763630E-01  0.00000000E+00  3.99784541E-01  1.00000000E+00  1.00000000E+00  0.00000000E+00
 -1.24252096E+00  1.00000000E+00  5.79889989E-01  0.00000000E+00  3.99774104E-01  1.00000000E+00  1.00000000E+00  0.00000000E+00
 -1.21776773E+00  1.00000000E+00  5.70016347E-01  0.00000000E+00  3.99760928E-01  1.00000000E+00  1.00000000E+00  0.00000000E+00
 -1.19301451E+00  1.00000000E+00  5.60148835E-01  0.00000000E+00  3.99748625E-01  1.00000000E+00  1.00000000E+00  0.00000000E+00
 -1.16826128E+00  1.00000000E+00  5.50281322E-01  0.00000000E+00  3.99739503E-01  1.00000000E+00  1.00000000E+00  0.00000000E+00
 -1.14350806E+00  1.00000000E+00  5.40422612E-01  0.00000000E+00  3.99731796E-01  1.00000000E+00  1.00000000E+00  0.00000000E+00
 -1.11875483E+00  1.00000000E+00  5.30563902E-01  0.00000000E+00  3.99724712E-01  1.00000000E+00  1.00000000E+00  0.00000000E+00
 -1.09400160E+00  1.00000000E+00  5.20716858E-01  0.00000000E+00  3.99723724E-01  1.00000000E+00  1.00000000E+00  0.00000000E+00
 -1.06924838E+00  1.00000000E+00  5.10869814E-01  0.00000000E+00  3.99724017E-01  1.00000000E+00  1.00000000E+00  0.00000000E+00
 -1.04449515E+00  1.00000000E+00  5.01034128E-01  0.00000000E+00  3.99728372E-01  1.00000000E+00  1.00000000E+00  0.00000000E+00
 -1.01974193E+00  1.00000000E+00  4.91198442E-01  0.00000000E+00  3.99732717E-01  1.00000000E+00  1.00000000E+00  0.00000000E+00
 -9.94988700E-01  1.00000000E+00  4.81376256E-01  0.00000000E+00  3.99749249E-01  1.00000000E+00  1.00000000E+00  0.00000000E+00
 -9.70235474E-01  1.00000000E+00  4.71554069E-01  0.00000000E+00  3.99770942E-01  1.00000000E+00  1.00000000E+00  0.00000000E+00
 -9.45482248E-01  1.00000000E+00  4.61753995E-01  0.00000000E+00  3.99809467E-01  1.00000000E+00  1.00000000E+00  0.00000000E+00
 -9.20729022E-01  1.00000000E+00  4.51953921E-01  0.00000000E+00  3.99852758E-01  1.00000000E+00  1.00000000E+00  0.00000000E+00
 -8.95975796E-01  1.00000000E+00  4.42175149E-01  0.00000000E+00  3.99907424E-01  1.00000000E+00  1.00000000E+00  0.00000000E+00
 -8.71222570E-01  1.00000000E+00  4.32396378E-01  0.00000000E+00  3.99970514E-01  1.00000000E+00  1.00000000E+00  0.00000000E+00
 -8.46469344E-01  1.00000000E+00  4.22633965E-01  0.00000000E+00  4.00073324E-01  1.00000000E+00  1.00000000E+00  0.00000000E+00
 -8.21716118E-01  1.00000000E+00  4.12871552E-01  0.00000000E+00  4.00183304E-01  1.00000000E+00  1.00000000E+00  0.00000000E+00
 -7.97201467E-01  1.00000000E+00  4.03248860E-01  0.00000000E+00  4.00339423E-01  1.00000000E+00  1.00000000E+00  0.00000000E+00
 -7.72686817E-01  1.00000000E+00  3.93626168E-01  0.00000000E+00  4.00505470E-01  1.00000000E+00  1.00000000E+00  0.00000000E+00
 -7.49503432E-01  1.00000000E+00  3.84559372E-01  0.00000000E+00  4.00711832E-01  1.00000000E+00  1.00000000E+00  0.00000000E+00
 -7.26320047E-01  1.00000000E+00  3.75492577E-01  0.00000000E+00  4.00937528E-01  1.00000000E+00  1.00000000E+00  0.00000000E+00
 -7.04527831E-01  1.00000000E+00  3.66985075E-01  0.00000000E+00  4.01207653E-01  1.00000000E+00  1.00000000E+00  0.00000000E+00
 -6.82735615E-01  1.00000000E+00  3.58477574E-01  0.00000000E+00  4.01501729E-01  1.00000000E+00  1.00000000E+00  0.00000000E+00
 -6.62251087E-01  1.00000000E+00  3.50559628E-01  0.00000000E+00  4.01852514E-01  1.00000000E+00  1.00000000E+00  0.00000000E+00
 -6.41766559E-01  1.00000000E+00  3.42641682E-01  0.00000000E+00  4.02234744E-01  1.00000000E+00  1.00000000E+00  0.00000000E+00
 -6.22511254E-01  1.00000000E+00  3.35198440E-01  0.00000000E+00  4.02655957E-01  1.00000000E+00  1.00000000E+00  0.00000000E+00
 -6.03255949E-01  1.00000000E+00  3.27755197E-01  0.00000000E+00  4.03107195E-01  1.00000000E+00  1.00000000E+00  0.00000000E+00
 -5.85156097E-01  1.00000000E+00  3.20802087E-01  0.00000000E+00  4.03619680E-01  1.00000000E+00  1.00000000E+00  0.00000000E+00
 -5.67056245E-01  1.00000000E+00  3.13848977E-01  0.00000000E+00  4.04172647E-01  1.00000000E+00  1.00000000E+00  0.00000000E+00
 -5.50042515E-01  1.00000000E+00  3.07357809E-01  0.00000000E+00  4.04809371E-01  1.00000000E+00  1.00000000E+00  0.00000000E+00
 -5.33028786E-01  1.00000000E+00  3.00866640E-01  0.00000000E+00  4.05476029E-01  1.00000000E+00  1.00000000E+00  0.00000000E+00
 -5.17036006E-01  1.00000000E+00  2.94801487E-01  0.00000000E+00  4.06219112E-01  1.00000000E+00  1.00000000E+00  0.00000000E+00
 -5.01043227E-01  1.00000000E+00  2.88736333E-01  0.00000000E+00  4.07007402E-01  1.00000000E+00  1.00000000E+00  0.00000000E+00
 -4.86010125E-01  1.00000000E+00  2.83084159E-01  0.00000000E+00  4.07873189E-01  1.00000000E+00  1.00000000E+00  0.00000000E+00
 -4.70977023E-01  1.00000000E+00  2.77431985E-01  0.00000000E+00  4.08782505E-01  1.00000000E+00  1.00000000E+00  0.00000000E+00
 -4.56846016E-01  1.00000000E+00  2.72130192E-01  0.00000000E+00  4.09750282E-01  1.00000000E+00  1.00000000E+00  0.00000000E+00
 -4.42715008E-01  1.00000000E+00  2.66828398E-01  0.00000000E+00  4.10784099E-01  1.00000000E+00  1.00000000E+00  0.00000000E+00
 -4.29431964E-01  1.00000000E+00  2.61917070E-01  0.00000000E+00  4.11945210E-01  1.00000000E+00  1.00000000E+00  0.00000000E+00
 -4.16148920E-01  1.00000000E+00  2.57005742E-01  0.00000000E+00  4.13164324E-01  1.00000000E+00  1.00000000E+00  0.00000000E+00
 -4.03662954E-01  1.00000000E+00  2.52425185E-01  0.00000000E+00  4.14395441E-01  1.00000000E+00  1.00000000E+00  0.00000000E+00
 -3.91176988E-01  1.00000000E+00  2.47844629E-01  0.00000000E+00  4.15713916E-01  1.00000000E+00  1.00000000E+00  0.00000000E+00
 -3.79440270E-01  1.00000000E+00  2.43518686E-01  0.00000000E+00  4.17141816E-01  1.00000000E+00  1.00000000E+00  0.00000000E+00
 -3.67703552E-01  1.00000000E+00  2.39192743E-01  0.00000000E+00  4.18649081E-01  1.00000000E+00  1.00000000E+00  0.00000000E+00
 -3.56671122E-01  1.00000000E+00  2.35252296E-01  0.00000000E+00  4.20217961E-01  1.00000000E+00  1.00000000E+00  0.00000000E+00
 -3.45638692E-01  1.00000000E+00  2.31311850E-01  0.00000000E+00  4.21864950E-01  1.00000000E+00  1.00000000E+00  0.00000000E+00
 -3.35268287E-01  1.00000000E+00  2.27587042E-01  0.00000000E+00  4.23564387E-01  1.00000000E+00  1.00000000E+00  0.00000000E+00
 -3.24897882E-01  1.00000000E+00  2.23862234E-01  0.00000000E+00  4.25373251E-01  1.00000000E+00  1.00000000E+00  0.00000000E+00
 -3.15149775E-01  1.00000000E+00  2.20428659E-01  0.00000000E+00  4.27304400E-01  1.00000000E+00  1.00000000E+00  0.00000000E+00
 -3.05401669E-01  1.00000000E+00  2.16995085E-01  0.00000000E+00  4.29295629E-01  1.00000000E+00  1.00000000E+00  0.00000000E+00
 -2.96238520E-01  1.00000000E+00  2.13798844E-01  0.00000000E+00  4.31363460E-01  1.00000000E+00  1.00000000E+00  0.00000000E+00
 -2.87075371E-01  1.00000000E+00  2.10602603E-01  0.00000000E+00  4.33607603E-01  1.00000000E+00  1.00000000E+00  0.00000000E+00
 -2.78462077E-01  1.00000000E+00  2.07628478E-01  0.00000000E+00  4.35871861E-01  1.00000000E+00  1.00000000E+00  0.00000000E+00
 -2.69848783E-01  1.00000000E+00  2.04654353E-01  0.00000000E+00  4.38220406E-01  1.00000000E+00  1.00000000E+00  0.00000000E+00
 -2.61752348E-01  1.00000000E+00  2.01923991E-01  0.00000000E+00  4.40642613E-01  1.00000000E+00  1.00000000E+00  0.00000000E+00
 -2.53655913E-01  1.00000000E+00  1.99193629E-01  0.00000000E+00  4.43181776E-01  1.00000000E+00  1.00000000E+00  0.00000000E+00
 -2.46045323E-01  1.00000000E+00  1.96668678E-01  0.00000000E+00  4.45824489E-01  1.00000000E+00  1.00000000E+00  0.00000000E+00
 -2.38434732E-01  1.00000000E+00  1.94143728E-01  0.00000000E+00  4.48541950E-01  1.00000000E+00  1.00000000E+00  0.00000000E+00
 -2.31280830E-01  1.00000000E+00  1.91806188E-01  0.00000000E+00  4.51351646E-01  1.00000000E+00  1.00000000E+00  0.00000000E+00
 -2.24126928E-01  1.00000000E+00  1.89468648E-01  0.00000000E+00  4.54280448E-01  1.00000000E+00  1.00000000E+00  0.00000000E+00
 -2.17402314E-01  1.00000000E+00  1.87265759E-01  0.00000000E+00  4.57292865E-01  1.00000000E+00  1.00000000E+00  0.00000000E+00
 -2.10677699E-01  1.00000000E+00  1.85062869E-01  0.00000000E+00  4.60406721E-01  1.00000000E+00  1.00000000E+00  0.00000000E+00
 -2.04351753E-01  1.00000000E+00  1.83111225E-01  0.00000000E+00  4.63667207E-01  1.00000000E+00  1.00000000E+00  0.00000000E+00
 -1.98025807E-01  1.00000000E+00  1.81159580E-01  0.00000000E+00  4.66994401E-01  1.00000000E+00  1.00000000E+00  0.00000000E+00
 -1.91837501E-01  1.00000000E+00  1.79229777E-01  0.00000000E+00  4.70620307E-01  1.00000000E+00  1.00000000E+00  0.00000000E+00
 -1.85649194E-01  1.00000000E+00  1.77299974E-01  0.00000000E+00  4.74357241E-01  1.00000000E+00  1.00000000E+00  0.00000000E+00
 -1.79460888E-01  1.00000000E+00  1.75558597E-01  0.00000000E+00  4.78478617E-01  1.00000000E+00  1.00000000E+00  0.00000000E+00
 -1.73272582E-01  1.00000000E+00  1.73817221E-01  0.00000000E+00  4.82732356E-01  1.00000000E+00  1.00000000E+00  0.00000000E+00
 -1.67084275E-01  1.00000000E+00  1.71976432E-01  0.00000000E+00  4.87377697E-01  1.00000000E+00  1.00000000E+00  0.00000000E+00
 -1.60895969E-01  1.00000000E+00  1.70135643E-01  0.00000000E+00  4.92203283E-01  1.00000000E+00  1.00000000E+00  0.00000000E+00
 -1.54707662E-01  1.00000000E+00  1.68432757E-01  0.00000000E+00  4.97645445E-01  1.00000000E+00  1.00000000E+00  0.00000000E+00
 -1.48519356E-01  1.00000000E+00  1.66729871E-01  0.00000000E+00  5.03296801E-01  1.00000000E+00  1.00000000E+00  0.00000000E+00
 -1.42331049E-01  1.00000000E+00  1.65171576E-01  0.00000000E+00  5.09701448E-01  1.00000000E+00  1.00000000E+00  0.00000000E+00
 -1.36142743E-01  1.00000000E+00  1.63613281E-01  0.00000000E+00  5.16420508E-01  1.00000000E+00  1.00000000E+00  0.00000000E+00
 -1.29954436E-01  1.00000000E+00  1.62350509E-01  0.00000000E+00  5.23671780E-01  1.00000000E+00  1.00000000E+00  0.00000000E+00
 -1.23766130E-01  1.00000000E+00  1.61087737E-01  0.00000000E+00  5.31424165E-01  1.00000000E+00  1.00000000E+00  0.00000000E+00
 -1.17577823E-01  1.00000000E+00  1.59527875E-01  0.00000000E+00  5.40194287E-01  1.00000000E+00  1.00000000E+00  0.00000000E+00
 -1.11389517E-01  1.00000000E+00  1.57968013E-01  0.00000000E+00  5.49502683E-01  1.00000000E+00  1.00000000E+00  0.00000000E+00
 -1.05201210E-01  1.00000000E+00  1.56911236E-01  0.00000000E+00  5.60298284E-01  1.00000000E+00  1.00000000E+00  0.00000000E+00
 -9.90129037E-02  1.00000000E+00  1.55854459E-01  0.00000000E+00  5.71826851E-01  1.00000000E+00  1.00000000E+00  0.00000000E+00
 -9.28245972E-02  1.00000000E+00  1.55452489E-01  0.00000000E+00  5.85139132E-01  1.00000000E+00  1.00000000E+00  0.00000000E+00
 -8.66362908E-02  1.00000000E+00  1.55050520E-01  0.00000000E+00  5.99146223E-01  1.00000000E+00  1.00000000E+00  0.00000000E+00
 -8.04479843E-02  1.00000000E+00  1.54190877E-01  0.00000000E+00  6.16308202E-01  1.00000000E+00  1.00000000E+00  0.00000000E+00
 -7.42596778E-02  1.00000000E+00  1.53331233E-01  0.00000000E+00  6.34892769E-01  1.00000000E+00  1.00000000E+00  0.00000000E+00
 -6.80713713E-02  1.00000000E+00  1.54078862E-01  0.00000000E+00  6.56331359E-01  1.00000000E+00  1.00000000E+00  0.00000000E+00
 -6.18830648E-02  1.00000000E+00  1.54826491E-01  0.00000000E+00  6.80559242E-01  1.00000000E+00  1.00000000E+00  0.00000000E+00
 -5.56947583E-02  1.00000000E+00  1.55829192E-01  0.00000000E+00  7.10212519E-01  1.00000000E+00  1.00000000E+00  0.00000000E+00
 -4.95064519E-02  1.00000000E+00  1.56831892E-01  0.00000000E+00  7.45507855E-01  1.00000000E+00  1.00000000E+00  0.00000000E+00
 -4.33181454E-02  1.00000000E+00  1.66548378E-01  0.00000000E+00  7.89884084E-01  1.00000000E+00  1.00000000E+00  0.00000000E+00
 -3.71298389E-02  1.00000000E+00  1.76264864E-01  0.00000000E+00  8.43984894E-01  1.00000000E+00  1.00000000E+00  0.00000000E+00
 -3.09415324E-02  1.00000000E+00  1.48795805E-01  0.00000000E+00  9.22197134E-01  1.00000000E+00  1.00000000E+00  0.00000000E+00
 -2.47532259E-02  1.00000000E+00  1.21326745E-01  0.00000000E+00  1.00994983E+00  1.00000000E+00  1.00000000E+00  0.00000000E+00
 -1.85649194E-02  1.00000000E+00  3.24368703E-01  0.00000000E+00  1.17609958E+00  1.00000000E+00  1.00000000E+00  0.00000000E+00
 -1.23766130E-02  1.00000000E+00  5.27410662E-01  0.00000000E+00  1.43866515E+00  1.00000000E+00  1.00000000E+00  0.00000000E+00
 -6.18830648E-03  1.00000000E+00 -2.05625542E-02  0.00000000E+00  1.95952634E+00  1.00000000E+00  1.00000000E+00  0.00000000E+00
  0.00000000E+00  1.00000000E+00 -5.68535770E-01  0.00000000E+00  2.81942915E+00  1.00000000E+00  1.00000000E+00  0.00000000E+00
