# curve 5 (die wall), step =      600, time =   2.40000000E+02
# N1 = tau_xx - tau_yy = G ( c_xx - c_yy ),  G =  6.0000E-01  (polymer part only)
#              x               y        pressure            c_xy        gammadot            c_xx            c_yy              N1
 -3.00000000E+00  1.00000000E+00  2.59233848E+00 -1.98396922E-01  4.00350568E-01  1.07580095E+00  9.96858399E-01  4.73655329E-02
 -2.97524677E+00  1.00000000E+00  2.57257287E+00 -1.98395340E-01  4.00352305E-01  1.07580843E+00  9.96854917E-01  4.73721083E-02
 -2.95049355E+00  1.00000000E+00  2.55280726E+00 -1.98393758E-01  4.00353278E-01  1.07581591E+00  9.96851436E-01  4.73786837E-02
 -2.92574032E+00  1.00000000E+00  2.53303943E+00 -1.98395204E-01  4.00353973E-01  1.07581224E+00  9.96853308E-01  4.73753615E-02
 -2.90098710E+00  1.00000000E+00  2.51327161E+00 -1.98396650E-01  4.00354173E-01  1.07580858E+00  9.96855181E-01  4.73720392E-02
 -2.87623387E+00  1.00000000E+00  2.49350691E+00 -1.98399434E-01  4.00354016E-01  1.07579868E+00  9.96859825E-01  4.73633135E-02
 -2.85148064E+00  1.00000000E+00  2.47374222E+00 -1.98402218E-01  4.00353399E-01  1.07578878E+00  9.96864469E-01  4.73545879E-02
 -2.82672742E+00  1.00000000E+00  2.45397269E+00 -1.98398766E-01  4.00353202E-01  1.07579990E+00  9.96859225E-01  4.73644059E-02
 -2.80197419E+00  1.00000000E+00  2.43420316E+00 -1.98395313E-01  4.00353900E-01  1.07581102E+00  9.96853981E-01  4.73742240E-02
 -2.77722097E+00  1.00000000E+00  2.41443645E+00 -1.98396449E-01  4.00353007E-01  1.07580712E+00  9.96855680E-01  4.73708663E-02
 -2.75246774E+00  1.00000000E+00  2.39466974E+00 -1.98397584E-01  4.00352878E-01  1.07580323E+00  9.96857379E-01  4.73675085E-02
 -2.72771451E+00  1.00000000E+00  2.37490260E+00 -1.98396783E-01  4.00353675E-01  1.07580632E+00  9.96856050E-01  4.73701630E-02
 -2.70296129E+00  1.00000000E+00  2.35513546E+00 -1.98395982E-01  4.00354050E-01  1.07580942E+00  9.96854720E-01  4.73728175E-02
 -2.67820806E+00  1.00000000E+00  2.33536814E+00 -1.98397017E-01  4.00353448E-01  1.07580578E+00  9.96856384E-01  4.73696366E-02
 -2.65345484E+00  1.00000000E+00  2.31560082E+00 -1.98398051E-01  4.00353237E-01  1.07580214E+00  9.96858048E-01  4.73664558E-02
 -2.62870161E+00  1.00000000E+00  2.29583415E+00 -1.98397513E-01  4.00352951E-01  1.07580336E+00  9.96857458E-01  4.73675439E-02
 -2.60394839E+00  1.00000000E+00  2.27606747E+00 -1.98396976E-01  4.00352560E-01  1.07580459E+00  9.96856868E-01  4.73686320E-02
 -2.57919516E+00  1.00000000E+00  2.25629953E+00 -1.98396092E-01  4.00353054E-01  1.07580792E+00  9.96855364E-01  4.73715359E-02
 -2.55444193E+00  1.00000000E+00  2.23653159E+00 -1.98395209E-01  4.00353259E-01  1.07581126E+00  9.96853860E-01  4.73744399E-02
 -2.52968871E+00  1.00000000E+00  2.21676547E+00 -1.98397183E-01  4.00352848E-01  1.07580391E+00  9.96857223E-01  4.73680096E-02
 -2.50493548E+00  1.00000000E+00  2.19699935E+00 -1.98399157E-01  4.00352296E-01  1.07579655E+00  9.96860585E-01  4.73615794E-02
 -2.48018226E+00  1.00000000E+00  2.17723096E+00 -1.98396583E-01  4.00352170E-01  1.07580469E+00  9.96856771E-01  4.73687496E-02
 -2.45542903E+00  1.00000000E+00  2.15746258E+00 -1.98394009E-01  4.00352476E-01  1.07581282E+00  9.96852957E-01  4.73759198E-02
 -2.43067580E+00  1.00000000E+00  2.13769548E+00 -1.98394493E-01  4.00351755E-01  1.07581086E+00  9.96853747E-01  4.73742682E-02
 -2.40592258E+00  1.00000000E+00  2.11792837E+00 -1.98394977E-01  4.00351533E-01  1.07580890E+00  9.96854536E-01  4.73726166E-02
 -2.38116935E+00  1.00000000E+00  2.09816122E+00 -1.98394329E-01  4.00351979E-01  1.07581105E+00  9.96853635E-01  4.73744480E-02
 -2.35641613E+00  1.00000000E+00  2.07839406E+00 -1.98393681E-01  4.00352083E-01  1.07581320E+00  9.96852733E-01  4.73762795E-02
 -2.33166290E+00  1.00000000E+00  2.05862720E+00 -1.98394367E-01  4.00351321E-01  1.07580978E+00  9.96854181E-01  4.73733614E-02
 -2.30690967E+00  1.00000000E+00  2.03886033E+00 -1.98395052E-01  4.00350821E-01  1.07580637E+00  9.96855630E-01  4.73704434E-02
 -2.28215645E+00  1.00000000E+00  2.01909306E+00 -1.98395390E-01  4.00350132E-01  1.07580419E+00  9.96856572E-01  4.73685736E-02
 -2.25740322E+00  1.00000000E+00  1.99932579E+00 -1.98395727E-01  4.00349153E-01  1.07580202E+00  9.96857514E-01  4.73667038E-02
 -2.23265000E+00  1.00000000E+00  1.97955949E+00 -1.98396162E-01  4.00348691E-01  1.07579903E+00  9.96858802E-01  4.73641347E-02
 -2.20789677E+00  1.00000000E+00  1.95979318E+00 -1.98396596E-01  4.00347908E-01  1.07579603E+00  9.96860091E-01  4.73615656E-02
 -2.18314354E+00  1.00000000E+00  1.94002478E+00 -1.98394018E-01  4.00347142E-01  1.07580300E+00  9.96856739E-01  4.73677571E-02
 -2.15839032E+00  1.00000000E+00  1.92025638E+00 -1.98391441E-01  4.00346751E-01  1.07580997E+00  9.96853387E-01  4.73739487E-02
 -2.13363709E+00  1.00000000E+00  1.90048985E+00 -1.98391398E-01  4.00345318E-01  1.07580827E+00  9.96853932E-01  4.73726042E-02
 -2.10888387E+00  1.00000000E+00  1.88072332E+00 -1.98391355E-01  4.00344481E-01  1.07580658E+00  9.96854476E-01  4.73712598E-02
 -2.08413064E+00  1.00000000E+00  1.86095629E+00 -1.98390693E-01  4.00343836E-01  1.07580749E+00  9.96853974E-01  4.73721108E-02
 -2.05937741E+00  1.00000000E+00  1.84118926E+00 -1.98390031E-01  4.00342729E-01  1.07580841E+00  9.96853472E-01  4.73729618E-02
 -2.03462419E+00  1.00000000E+00  1.82142279E+00 -1.98389230E-01  4.00341534E-01  1.07580759E+00  9.96853628E-01  4.73723766E-02
 -2.00987096E+00  1.00000000E+00  1.80165633E+00 -1.98388428E-01  4.00340202E-01  1.07580677E+00  9.96853784E-01  4.73717914E-02
 -1.98511774E+00  1.00000000E+00  1.78189010E+00 -1.98388368E-01  4.00337942E-01  1.07580329E+00  9.96855122E-01  4.73689004E-02
 -1.96036451E+00  1.00000000E+00  1.76212387E+00 -1.98388307E-01  4.00335664E-01  1.07579981E+00  9.96856459E-01  4.73660094E-02
 -1.93561128E+00  1.00000000E+00  1.74235844E+00 -1.98387817E-01  4.00333723E-01  1.07579684E+00  9.96857491E-01  4.73636113E-02
 -1.91085806E+00  1.00000000E+00  1.72259300E+00 -1.98387326E-01  4.00331329E-01  1.07579388E+00  9.96858523E-01  4.73612132E-02
 -1.88610483E+00  1.00000000E+00  1.70282786E+00 -1.98386358E-01  4.00328282E-01  1.07579095E+00  9.96859444E-01  4.73589015E-02
 -1.86135161E+00  1.00000000E+00  1.68306272E+00 -1.98385390E-01  4.00324887E-01  1.07578801E+00  9.96860365E-01  4.73565898E-02
 -1.83659838E+00  1.00000000E+00  1.66329616E+00 -1.98382037E-01  4.00321692E-01  1.07579310E+00  9.96857415E-01  4.73614084E-02
 -1.81184516E+00  1.00000000E+00  1.64352960E+00 -1.98378684E-01  4.00318794E-01  1.07579818E+00  9.96854464E-01  4.73662270E-02
 -1.78709193E+00  1.00000000E+00  1.62376732E+00 -1.98379113E-01  4.00315468E-01  1.07578929E+00  9.96858161E-01  4.73586796E-02
 -1.76233870E+00  1.00000000E+00  1.60400504E+00 -1.98379543E-01  4.00311326E-01  1.07578041E+00  9.96861857E-01  4.73511323E-02
 -1.73758548E+00  1.00000000E+00  1.58424127E+00 -1.98376489E-01  4.00306469E-01  1.07578063E+00  9.96860885E-01  4.73518460E-02
 -1.71283225E+00  1.00000000E+00  1.56447751E+00 -1.98373435E-01  4.00301771E-01  1.07578085E+00  9.96859914E-01  4.73525597E-02
 -1.68807903E+00  1.00000000E+00  1.54471580E+00 -1.98371963E-01  4.00295891E-01  1.07577432E+00  9.96862066E-01  4.73473512E-02
 -1.66332580E+00  1.00000000E+00  1.52495410E+00 -1.98370491E-01  4.00289238E-01  1.07576779E+00  9.96864219E-01  4.73421427E-02
 -1.63857257E+00  1.00000000E+00  1.50519431E+00 -1.98365358E-01  4.00283649E-01  1.07577220E+00  9.96861151E-01  4.73466295E-02
 -1.61381935E+00  1.00000000E+00  1.48543451E+00 -1.98360225E-01  4.00277932E-01  1.07577661E+00  9.96858084E-01  4.73511163E-02
 -1.58906612E+00  1.00000000E+00  1.46567643E+00 -1.98357607E-01  4.00269687E-01  1.07576992E+00  9.96859954E-01  4.73459793E-02
 -1.56431290E+00  1.00000000E+00  1.44591834E+00 -1.98354988E-01  4.00261191E-01  1.07576323E+00  9.96861825E-01  4.73408423E-02
 -1.53955967E+00  1.00000000E+00  1.42616351E+00 -1.98349128E-01  4.00253605E-01  1.07576670E+00  9.96858911E-01  4.73446710E-02
 -1.51480644E+00  1.00000000E+00  1.40640868E+00 -1.98343268E-01  4.00245525E-01  1.07577016E+00  9.96855997E-01  4.73484997E-02
 -1.49005322E+00  1.00000000E+00  1.38665783E+00 -1.98338854E-01  4.00235859E-01  1.07576514E+00  9.96856810E-01  4.73450000E-02
 -1.46529999E+00  1.00000000E+00  1.36690698E+00 -1.98334440E-01  4.00225975E-01  1.07576012E+00  9.96857623E-01  4.73415004E-02
 -1.44054677E+00  1.00000000E+00  1.34716269E+00 -1.98331693E-01  4.00215324E-01  1.07574671E+00  9.96862383E-01  4.73305969E-02
 -1.41579354E+00  1.00000000E+00  1.32741840E+00 -1.98328946E-01  4.00202370E-01  1.07573330E+00  9.96867142E-01  4.73196936E-02
 -1.39104031E+00  1.00000000E+00  1.30767559E+00 -1.98319292E-01  4.00190303E-01  1.07574099E+00  9.96861386E-01  4.73277646E-02
 -1.36628709E+00  1.00000000E+00  1.28793278E+00 -1.98309638E-01  4.00179786E-01  1.07574869E+00  9.96855630E-01  4.73358356E-02
 -1.34153386E+00  1.00000000E+00  1.26820067E+00 -1.98304900E-01  4.00166843E-01  1.07574025E+00  9.96857591E-01  4.73295930E-02
 -1.31678064E+00  1.00000000E+00  1.24846856E+00 -1.98300162E-01  4.00153714E-01  1.07573180E+00  9.96859551E-01  4.73233505E-02
 -1.29202741E+00  1.00000000E+00  1.22874471E+00 -1.98293938E-01  4.00140725E-01  1.07572551E+00  9.96860538E-01  4.73189832E-02
 -1.26727418E+00  1.00000000E+00  1.20902086E+00 -1.98287714E-01  4.00127119E-01  1.07571922E+00  9.96861525E-01  4.73146159E-02
 -1.24252096E+00  1.00000000E+00  1.18931098E+00 -1.98283766E-01  4.00115069E-01  1.07570650E+00  9.96865875E-01  4.73043760E-02
 -1.21776773E+00  1.00000000E+00  1.16960109E+00 -1.98279818E-01  4.00098825E-01  1.07569378E+00  9.96870225E-01  4.72941362E-02
 -1.19301451E+00  1.00000000E+00  1.14989915E+00 -1.98269638E-01  4.00086079E-01  1.07570325E+00  9.96863319E-01  4.73039565E-02
 -1.16826128E+00  1.00000000E+00  1.13019720E+00 -1.98259458E-01  4.00077762E-01  1.07571271E+00  9.96856413E-01  4.73137768E-02
 -1.14350806E+00  1.00000000E+00  1.11051809E+00 -1.98257451E-01  4.00068041E-01  1.07570134E+00  9.96860904E-01  4.73042643E-02
 -1.11875483E+00  1.00000000E+00  1.09083899E+00 -1.98255445E-01  4.00058477E-01  1.07568998E+00  9.96865396E-01  4.72947519E-02
 -1.09400160E+00  1.00000000E+00  1.07118095E+00 -1.98255280E-01  4.00055814E-01  1.07568763E+00  9.96866084E-01  4.72929285E-02
 -1.06924838E+00  1.00000000E+00  1.05152291E+00 -1.98255116E-01  4.00053791E-01  1.07568528E+00  9.96866771E-01  4.72911052E-02
 -1.04449515E+00  1.00000000E+00  1.03188779E+00 -1.98254178E-01  4.00054404E-01  1.07569012E+00  9.96864840E-01  4.72951681E-02
 -1.01974193E+00  1.00000000E+00  1.01225267E+00 -1.98253240E-01  4.00055915E-01  1.07569496E+00  9.96862909E-01  4.72992311E-02
 -9.94988700E-01  1.00000000E+00  9.92651323E-01 -1.98262211E-01  4.00070904E-01  1.07569945E+00  9.96864527E-01  4.73009535E-02
 -9.70235474E-01  1.00000000E+00  9.73049978E-01 -1.98271181E-01  4.00091901E-01  1.07570394E+00  9.96866145E-01  4.73026759E-02
 -9.45482248E-01  1.00000000E+00  9.53485611E-01 -1.98289638E-01  4.00125319E-01  1.07571862E+00  9.96864298E-01  4.73125911E-02
 -9.20729022E-01  1.00000000E+00  9.33921244E-01 -1.98308094E-01  4.00163929E-01  1.07573329E+00  9.96862451E-01  4.73225063E-02
 -8.95975796E-01  1.00000000E+00  9.14403706E-01 -1.98332255E-01  4.00218639E-01  1.07576000E+00  9.96858375E-01  4.73409780E-02
 -8.71222570E-01  1.00000000E+00  8.94886167E-01 -1.98356416E-01  4.00280892E-01  1.07578672E+00  9.96854299E-01  4.73594501E-02
 -8.46469344E-01  1.00000000E+00  8.75420021E-01 -1.98410039E-01  4.00381360E-01  1.07582033E+00  9.96857604E-01  4.73776374E-02
 -8.21716118E-01  1.00000000E+00  8.55953874E-01 -1.98463662E-01  4.00485926E-01  1.07585395E+00  9.96860912E-01  4.73958251E-02
 -7.97201467E-01  1.00000000E+00  8.36750826E-01 -1.98540751E-01  4.00639866E-01  1.07590849E+00  9.96860350E-01  4.74288830E-02
 -7.72686817E-01  1.00000000E+00  8.17547779E-01 -1.98617844E-01  4.00799857E-01  1.07596303E+00  9.96859793E-01  4.74619420E-02
 -7.49503432E-01  1.00000000E+00  7.99458013E-01 -1.98719994E-01  4.00998985E-01  1.07604807E+00  9.96851638E-01  4.75178589E-02
 -7.26320047E-01  1.00000000E+00  7.81368248E-01 -1.98822150E-01  4.01220646E-01  1.07613312E+00  9.96843494E-01  4.75737786E-02
 -7.04527831E-01  1.00000000E+00  7.64434841E-01 -1.98960536E-01  4.01485852E-01  1.07622857E+00  9.96850578E-01  4.76267970E-02
 -6.82735615E-01  1.00000000E+00  7.47501435E-01 -1.99098932E-01  4.01773559E-01  1.07632404E+00  9.96857679E-01  4.76798191E-02
 -6.62251087E-01  1.00000000E+00  7.31676834E-01 -1.99273772E-01  4.02122906E-01  1.07646668E+00  9.96842844E-01  4.77743027E-02
 -6.41766559E-01  1.00000000E+00  7.15852233E-01 -1.99448628E-01  4.02502979E-01  1.07660936E+00  9.96828039E-01  4.78687941E-02
 -6.22511254E-01  1.00000000E+00  7.01044155E-01 -1.99655697E-01  4.02917830E-01  1.07677793E+00  9.96816853E-01  4.79766457E-02
 -6.03255949E-01  1.00000000E+00  6.86236078E-01 -1.99862788E-01  4.03370508E-01  1.07694656E+00  9.96805709E-01  4.80845085E-02
 -5.85156097E-01  1.00000000E+00  6.72402218E-01 -2.00123495E-01  4.03887074E-01  1.07714119E+00  9.96803802E-01  4.82024334E-02
 -5.67056245E-01  1.00000000E+00  6.58568357E-01 -2.00384237E-01  4.04439260E-01  1.07733591E+00  9.96801959E-01  4.83203732E-02
 -5.50042515E-01  1.00000000E+00  6.45648025E-01 -2.00697978E-01  4.05077794E-01  1.07759278E+00  9.96779047E-01  4.84882409E-02
 -5.33028786E-01  1.00000000E+00  6.32727693E-01 -2.01011770E-01  4.05743227E-01  1.07784979E+00  9.96756231E-01  4.86561341E-02
 -5.17036006E-01  1.00000000E+00  6.20682584E-01 -2.01389771E-01  4.06479260E-01  1.07813509E+00  9.96753401E-01  4.88290118E-02
 -5.01043227E-01  1.00000000E+00  6.08637475E-01 -2.01767845E-01  4.07269355E-01  1.07842057E+00  9.96750705E-01  4.90019215E-02
 -4.86010125E-01  1.00000000E+00  5.97398022E-01 -2.02198419E-01  4.08118844E-01  1.07875758E+00  9.96736622E-01  4.92125755E-02
 -4.70977023E-01  1.00000000E+00  5.86158569E-01 -2.02629090E-01  4.09041398E-01  1.07909484E+00  9.96722715E-01  4.94232741E-02
 -4.56846016E-01  1.00000000E+00  5.75664047E-01 -2.03107270E-01  4.10017476E-01  1.07948016E+00  9.96698108E-01  4.96692310E-02
 -4.42715008E-01  1.00000000E+00  5.65169524E-01 -2.03585569E-01  4.11068385E-01  1.07986580E+00  9.96673720E-01  4.99152458E-02
 -4.29431964E-01  1.00000000E+00  5.55433603E-01 -2.04187808E-01  4.12221721E-01  1.08032763E+00  9.96667027E-01  5.01963593E-02
 -4.16148920E-01  1.00000000E+00  5.45697682E-01 -2.04790236E-01  4.13451471E-01  1.08078994E+00  9.96660677E-01  5.04775568E-02
 -4.03662954E-01  1.00000000E+00  5.36626444E-01 -2.05400128E-01  4.14675933E-01  1.08128025E+00  9.96635482E-01  5.07868584E-02
 -3.91176988E-01  1.00000000E+00  5.27555205E-01 -2.06010216E-01  4.16019142E-01  1.08177107E+00  9.96610642E-01  5.10962540E-02
 -3.79440270E-01  1.00000000E+00  5.19064215E-01 -2.06732675E-01  4.17466997E-01  1.08234758E+00  9.96586341E-01  5.14567430E-02
 -3.67703552E-01  1.00000000E+00  5.10573225E-01 -2.07455410E-01  4.18991840E-01  1.08292481E+00  9.96562536E-01  5.18173618E-02
 -3.56671122E-01  1.00000000E+00  5.02770284E-01 -2.08249941E-01  4.20599535E-01  1.08357342E+00  9.96526925E-01  5.22279001E-02
 -3.45638692E-01  1.00000000E+00  4.94967342E-01 -2.09044808E-01  4.22283633E-01  1.08422292E+00  9.96491914E-01  5.26386023E-02
 -3.35268287E-01  1.00000000E+00  4.87671919E-01 -2.09901900E-01  4.23985281E-01  1.08491105E+00  9.96470460E-01  5.30643554E-02
 -3.24897882E-01  1.00000000E+00  4.80376495E-01 -2.10759387E-01  4.25829739E-01  1.08560019E+00  9.96449701E-01  5.34902939E-02
 -3.15149775E-01  1.00000000E+00  4.73675165E-01 -2.11750729E-01  4.27784605E-01  1.08637115E+00  9.96451777E-01  5.39516252E-02
 -3.05401669E-01  1.00000000E+00  4.66973836E-01 -2.12742598E-01  4.29800496E-01  1.08714343E+00  9.96454775E-01  5.44131903E-02
 -2.96238520E-01  1.00000000E+00  4.60686310E-01 -2.13763598E-01  4.31843023E-01  1.08803915E+00  9.96375898E-01  5.49979518E-02
 -2.87075371E-01  1.00000000E+00  4.54398785E-01 -2.14785175E-01  4.34114199E-01  1.08893640E+00  9.96298024E-01  5.55830234E-02
 -2.78462077E-01  1.00000000E+00  4.48634297E-01 -2.15951792E-01  4.36441018E-01  1.08991719E+00  9.96247559E-01  5.62017765E-02
 -2.69848783E-01  1.00000000E+00  4.42869809E-01 -2.17119156E-01  4.38894103E-01  1.09089989E+00  9.96198385E-01  5.68209032E-02
 -2.61752348E-01  1.00000000E+00  4.37584147E-01 -2.18353647E-01  4.41361767E-01  1.09190606E+00  9.96189000E-01  5.74302381E-02
 -2.53655913E-01  1.00000000E+00  4.32298485E-01 -2.19588984E-01  4.43967150E-01  1.09291432E+00  9.96181041E-01  5.80399699E-02
 -2.46045323E-01  1.00000000E+00  4.27417529E-01 -2.20905017E-01  4.46683206E-01  1.09406114E+00  9.96110073E-01  5.87706379E-02
 -2.38434732E-01  1.00000000E+00  4.22536573E-01 -2.22222023E-01  4.49479109E-01  1.09521044E+00  9.96040750E-01  5.95018146E-02
 -2.31280830E-01  1.00000000E+00  4.18067351E-01 -2.23643841E-01  4.52365969E-01  1.09643285E+00  9.95996951E-01  6.02615410E-02
 -2.24126928E-01  1.00000000E+00  4.13598129E-01 -2.25066809E-01  4.55361879E-01  1.09765813E+00  9.95955051E-01  6.10218489E-02
 -2.17402314E-01  1.00000000E+00  4.09461497E-01 -2.26597291E-01  4.58466515E-01  1.09898962E+00  9.95908033E-01  6.18489534E-02
 -2.10677699E-01  1.00000000E+00  4.05324865E-01 -2.28129119E-01  4.61671424E-01  1.10032446E+00  9.95863212E-01  6.26767470E-02
 -2.04351753E-01  1.00000000E+00  4.01604118E-01 -2.29760641E-01  4.65036782E-01  1.10179819E+00  9.95780457E-01  6.36106381E-02
 -1.98025807E-01  1.00000000E+00  3.97883371E-01 -2.31393716E-01  4.68476000E-01  1.10327583E+00  9.95700215E-01  6.45453682E-02
 -1.91837501E-01  1.00000000E+00  3.94363168E-01 -2.33244844E-01  4.72217136E-01  1.10489184E+00  9.95678083E-01  6.55282547E-02
 -1.85649194E-01  1.00000000E+00  3.90842965E-01 -2.35097983E-01  4.76061536E-01  1.10651273E+00  9.95659131E-01  6.65121567E-02
 -1.79460888E-01  1.00000000E+00  3.87512329E-01 -2.37147207E-01  4.80313729E-01  1.10847812E+00  9.95505348E-01  6.77836614E-02
 -1.73272582E-01  1.00000000E+00  3.84181693E-01 -2.39198967E-01  4.84698748E-01  1.11044997E+00  9.95355555E-01  6.90566466E-02
 -1.67084275E-01  1.00000000E+00  3.80940953E-01 -2.41587102E-01  4.89522678E-01  1.11262790E+00  9.95313062E-01  7.03889006E-02
 -1.60895969E-01  1.00000000E+00  3.77700214E-01 -2.43978702E-01  4.94547144E-01  1.11481417E+00  9.95275847E-01  7.17229930E-02
 -1.54707662E-01  1.00000000E+00  3.74707104E-01 -2.46687372E-01  5.00231476E-01  1.11748978E+00  9.95084740E-01  7.34430224E-02
 -1.48519356E-01  1.00000000E+00  3.71713995E-01 -2.49400611E-01  5.06110989E-01  1.12017686E+00  9.94900551E-01  7.51657879E-02
 -1.42331049E-01  1.00000000E+00  3.69132457E-01 -2.52762044E-01  5.12737258E-01  1.12335419E+00  9.94853514E-01  7.71004034E-02
 -1.36142743E-01  1.00000000E+00  3.66550919E-01 -2.56130577E-01  5.19785597E-01  1.12654837E+00  9.94816847E-01  7.90389118E-02
 -1.29954436E-01  1.00000000E+00  3.64320907E-01 -2.59815656E-01  5.27349752E-01  1.13028898E+00  9.94639481E-01  8.13896992E-02
 -1.23766130E-01  1.00000000E+00  3.62090894E-01 -2.63509592E-01  5.35466295E-01  1.13405109E+00  9.94474688E-01  8.37458437E-02
 -1.17577823E-01  1.00000000E+00  3.60031036E-01 -2.68069936E-01  5.44775485E-01  1.13882524E+00  9.94240615E-01  8.67507752E-02
 -1.11389517E-01  1.00000000E+00  3.57971178E-01 -2.72644179E-01  5.54594057E-01  1.14363305E+00  9.94025728E-01  8.97643946E-02
 -1.05201210E-01  1.00000000E+00  3.56773508E-01 -2.78277827E-01  5.66061402E-01  1.14969689E+00  9.93752751E-01  9.35664844E-02
 -9.90129037E-02  1.00000000E+00  3.55575838E-01 -2.83933224E-01  5.78152540E-01  1.15581303E+00  9.93508835E-01  9.73825179E-02
 -9.28245972E-02  1.00000000E+00  3.55348333E-01 -2.90553556E-01  5.92304281E-01  1.16356626E+00  9.92923402E-01  1.02385714E-01
 -8.66362908E-02  1.00000000E+00  3.55120827E-01 -2.97205404E-01  6.07218879E-01  1.17139766E+00  9.92378599E-01  1.07411437E-01
 -8.04479843E-02  1.00000000E+00  3.55703059E-01 -3.06398481E-01  6.25371583E-01  1.18191184E+00  9.92236143E-01  1.13805421E-01
 -7.42596778E-02  1.00000000E+00  3.56285291E-01 -3.15654101E-01  6.44947907E-01  1.19257025E+00  9.92168424E-01  1.20241098E-01
 -6.80713713E-02  1.00000000E+00  3.59293206E-01 -3.26105388E-01  6.68380014E-01  1.20709664E+00  9.90534913E-01  1.29937038E-01
 -6.18830648E-02  1.00000000E+00  3.62301120E-01 -3.36644911E-01  6.94722288E-01  1.22185486E+00  9.89004852E-01  1.39710007E-01
 -5.56947583E-02  1.00000000E+00  3.65906440E-01 -3.53619124E-01  7.27123958E-01  1.24348073E+00  9.89043729E-01  1.52662198E-01
 -4.95064519E-02  1.00000000E+00  3.69511761E-01 -3.70826775E-01  7.65132772E-01  1.26563740E+00  9.89326669E-01  1.65786438E-01
 -4.33181454E-02  1.00000000E+00  4.00539507E-01 -3.95624924E-01  8.13048743E-01  1.30746979E+00  9.85218442E-01  1.93350810E-01
 -3.71298389E-02  1.00000000E+00  4.31567254E-01 -4.21015955E-01  8.72712760E-01  1.35090793E+00  9.81670281E-01  2.21542591E-01
 -3.09415324E-02  1.00000000E+00  3.73828456E-01 -4.48489520E-01  9.61219447E-01  1.38696279E+00  9.85198556E-01  2.41058543E-01
 -2.47532259E-02  1.00000000E+00  3.16089658E-01 -4.76586147E-01  1.04202912E+00  1.42431018E+00  9.89291874E-01  2.61010983E-01
 -1.85649194E-02  1.00000000E+00  7.90769738E-01 -6.04741002E-01  1.19590708E+00  1.69124384E+00  9.79905720E-01  4.26802873E-01
 -1.23766130E-02  1.00000000E+00  1.26544982E+00 -7.51897420E-01  1.55806022E+00  2.01104247E+00  9.82917523E-01  6.16874970E-01
 -6.18830648E-03  1.00000000E+00 -1.85058033E-01 -3.58847426E-01  2.47623691E+00  2.64579892E+00  6.39754236E-01  1.20362681E+00
  0.00000000E+00  1.00000000E+00 -1.63556588E+00  9.87286206E-02  4.25123711E+00  3.78957451E+00  4.59860708E-01  1.99782828E+00
