# curve 5 (die wall), step =      559, time =   1.11800000E+02
# N1 = tau_xx - tau_yy = G ( c_xx - c_yy ),  G =  4.0000E-02  (polymer part only)
#              x               y        pressure            c_xy        gammadot            c_xx            c_yy              N1
 -3.00000000E+00  1.00000000E+00  2.72284876E+00 -2.00164650E+00  4.00040451E-01  9.00955632E+00  1.00006516E+00  3.20379647E-01
 -2.95108291E+00  1.00000000E+00  2.68358758E+00 -2.00208192E+00  4.00040788E-01  9.01149105E+00  1.00013789E+00  3.20454126E-01
 -2.90216582E+00  1.00000000E+00  2.64432640E+00 -2.00251743E+00  4.00047435E-01  9.01342619E+00  1.00021064E+00  3.20528622E-01
 -2.85324873E+00  1.00000000E+00  2.60513117E+00 -2.00201022E+00  4.00008478E-01  9.01006545E+00  1.00015736E+00  3.20396323E-01
 -2.80433164E+00  1.00000000E+00  2.56593595E+00 -2.00150315E+00  3.99979760E-01  9.00670597E+00  1.00010410E+00  3.20264075E-01
 -2.75541455E+00  1.00000000E+00  2.52682738E+00 -2.00128154E+00  4.00019427E-01  9.00585028E+00  1.00008065E+00  3.20230785E-01
 -2.70649746E+00  1.00000000E+00  2.48771882E+00 -2.00105994E+00  4.00014830E-01  9.00499467E+00  1.00005721E+00  3.20197498E-01
 -2.65758037E+00  1.00000000E+00  2.44857334E+00 -2.00132598E+00  4.00023853E-01  9.00673807E+00  1.00009271E+00  3.20265814E-01
 -2.60866328E+00  1.00000000E+00  2.40942785E+00 -2.00159206E+00  4.00012614E-01  9.00848180E+00  1.00012820E+00  3.20334144E-01
 -2.55974619E+00  1.00000000E+00  2.37034923E+00 -2.00177138E+00  3.99996840E-01  9.01042633E+00  1.00016842E+00  3.20410316E-01
 -2.51082911E+00  1.00000000E+00  2.33127061E+00 -2.00195070E+00  4.00013964E-01  9.01237130E+00  1.00020863E+00  3.20486507E-01
 -2.46191202E+00  1.00000000E+00  2.29202843E+00 -2.00127735E+00  3.99986907E-01  9.00875241E+00  1.00005904E+00  3.20347735E-01
 -2.41299493E+00  1.00000000E+00  2.25278625E+00 -2.00060423E+00  3.99986784E-01  9.00513497E+00  9.99909493E-01  3.20209019E-01
 -2.36407784E+00  1.00000000E+00  2.21373032E+00 -2.00095319E+00  4.00007794E-01  9.00649451E+00  1.00004256E+00  3.20258078E-01
 -2.31516075E+00  1.00000000E+00  2.17467440E+00 -2.00130221E+00  3.99994904E-01  9.00785426E+00  1.00017566E+00  3.20307144E-01
 -2.26624366E+00  1.00000000E+00  2.13553421E+00 -2.00178609E+00  3.99972219E-01  9.01118444E+00  1.00018260E+00  3.20440074E-01
 -2.21732657E+00  1.00000000E+00  2.09639403E+00 -2.00227012E+00  3.99971727E-01  9.01451587E+00  1.00018956E+00  3.20573052E-01
 -2.16840948E+00  1.00000000E+00  2.05719203E+00 -2.00188034E+00  3.99961588E-01  9.01173801E+00  1.00013344E+00  3.20464183E-01
 -2.11949239E+00  1.00000000E+00  2.01799004E+00 -2.00149063E+00  3.99951177E-01  9.00896103E+00  1.00007732E+00  3.20355348E-01
 -2.07057530E+00  1.00000000E+00  1.97898183E+00 -2.00272041E+00  3.99974210E-01  9.01556483E+00  1.00028458E+00  3.20611210E-01
 -2.02165821E+00  1.00000000E+00  1.93997363E+00 -2.00395098E+00  3.99960926E-01  9.02217347E+00  1.00049197E+00  3.20867260E-01
 -1.97274112E+00  1.00000000E+00  1.90070564E+00 -2.00283421E+00  3.99917879E-01  9.01712654E+00  1.00024231E+00  3.20675369E-01
 -1.92382403E+00  1.00000000E+00  1.86143765E+00 -2.00171806E+00  3.99912724E-01  9.01208243E+00  9.99992791E-01  3.20483586E-01
 -1.87490694E+00  1.00000000E+00  1.82235457E+00 -2.00151118E+00  3.99945562E-01  9.00936481E+00  1.00007799E+00  3.20371473E-01
 -1.82598985E+00  1.00000000E+00  1.78327149E+00 -2.00130434E+00  3.99947074E-01  9.00664805E+00  1.00016319E+00  3.20259394E-01
 -1.77707276E+00  1.00000000E+00  1.74419593E+00 -2.00236365E+00  3.99955742E-01  9.01251821E+00  1.00030254E+00  3.20488627E-01
 -1.72815567E+00  1.00000000E+00  1.70512036E+00 -2.00342357E+00  3.99917749E-01  9.01839220E+00  1.00044199E+00  3.20718008E-01
 -1.67923858E+00  1.00000000E+00  1.66594614E+00 -2.00308705E+00  3.99865642E-01  9.01715972E+00  1.00040772E+00  3.20670080E-01
 -1.63032150E+00  1.00000000E+00  1.62677191E+00 -2.00275057E+00  3.99869182E-01  9.01592741E+00  1.00037346E+00  3.20622158E-01
 -1.58140441E+00  1.00000000E+00  1.58770120E+00 -2.00237518E+00  3.99801574E-01  9.01177470E+00  1.00043298E+00  3.20453668E-01
 -1.53248732E+00  1.00000000E+00  1.54863048E+00 -2.00199987E+00  3.99760813E-01  9.00762399E+00  1.00049250E+00  3.20285259E-01
 -1.48357023E+00  1.00000000E+00  1.50949515E+00 -2.00083612E+00  3.99746158E-01  9.00362214E+00  1.00010552E+00  3.20140665E-01
 -1.43465314E+00  1.00000000E+00  1.47035983E+00 -1.99967297E+00  3.99786032E-01  8.99962211E+00  9.99718735E-01  3.19996135E-01
 -1.38573605E+00  1.00000000E+00  1.43127126E+00 -1.99987460E+00  3.99766285E-01  8.99815110E+00  9.99962025E-01  3.19927563E-01
 -1.33681896E+00  1.00000000E+00  1.39218269E+00 -2.00007621E+00  3.99713976E-01  8.99668043E+00  1.00020536E+00  3.19859003E-01
 -1.28790187E+00  1.00000000E+00  1.35308606E+00 -1.99950350E+00  3.99618878E-01  8.99293573E+00  1.00014006E+00  3.19711827E-01
 -1.23898478E+00  1.00000000E+00  1.31398943E+00 -1.99893098E+00  3.99535034E-01  8.98919261E+00  1.00007477E+00  3.19564713E-01
 -1.19006769E+00  1.00000000E+00  1.27509615E+00 -1.99966584E+00  3.99470760E-01  8.99136988E+00  1.00031188E+00  3.19642320E-01
 -1.14115060E+00  1.00000000E+00  1.23620287E+00 -2.00040090E+00  3.99377042E-01  8.99354772E+00  1.00054907E+00  3.19719946E-01
 -1.09223351E+00  1.00000000E+00  1.19722629E+00 -1.99908051E+00  3.99254268E-01  8.98661911E+00  1.00032754E+00  3.19451663E-01
 -1.04331642E+00  1.00000000E+00  1.15824970E+00 -1.99776103E+00  3.99163809E-01  8.97969583E+00  1.00010616E+00  3.19183587E-01
 -9.94399333E-01  1.00000000E+00  1.11951802E+00 -1.99721187E+00  3.99111769E-01  8.97476001E+00  1.00014556E+00  3.18984578E-01
 -9.45482243E-01  1.00000000E+00  1.08078633E+00 -1.99666292E+00  3.99036381E-01  8.96982699E+00  1.00018497E+00  3.18785681E-01
 -8.96565154E-01  1.00000000E+00  1.04229592E+00 -1.99693460E+00  3.98993885E-01  8.97105280E+00  1.00026469E+00  3.18831524E-01
 -8.47648064E-01  1.00000000E+00  1.00380551E+00 -1.99720632E+00  3.98929626E-01  8.97227878E+00  1.00034442E+00  3.18877374E-01
 -7.99501858E-01  1.00000000E+00  9.66319959E-01 -1.99730282E+00  3.98915114E-01  8.97219903E+00  1.00043153E+00  3.18870700E-01
 -7.51355652E-01  1.00000000E+00  9.28834407E-01 -1.99739932E+00  3.98983978E-01  8.97211928E+00  1.00051864E+00  3.18864026E-01
 -7.08111109E-01  1.00000000E+00  8.95494786E-01 -1.99755440E+00  3.99108565E-01  8.97632719E+00  1.00030527E+00  3.19040877E-01
 -6.64866566E-01  1.00000000E+00  8.62155165E-01 -1.99770948E+00  3.99435649E-01  8.98053727E+00  1.00009194E+00  3.19217813E-01
 -6.26599939E-01  1.00000000E+00  8.33250776E-01 -2.00055725E+00  3.99895399E-01  8.99750711E+00  1.00035428E+00  3.19886113E-01
 -5.88333313E-01  1.00000000E+00  8.04346388E-01 -2.00340960E+00  4.00444497E-01  9.01450910E+00  1.00061730E+00  3.20555672E-01
 -5.54471587E-01  1.00000000E+00  7.79279060E-01 -2.00429867E+00  4.01278514E-01  9.04197620E+00  9.99313245E-01  3.21706518E-01
 -5.20609860E-01  1.00000000E+00  7.54211732E-01 -2.00518709E+00  4.02247633E-01  9.06953622E+00  9.98009988E-01  3.22861049E-01
 -4.90645977E-01  1.00000000E+00  7.32692381E-01 -2.01445678E+00  4.03443329E-01  9.11907980E+00  9.99432675E-01  3.24785885E-01
 -4.60682095E-01  1.00000000E+00  7.11173031E-01 -2.02377181E+00  4.04736803E-01  9.16889387E+00  1.00086294E+00  3.26721237E-01
 -4.34167380E-01  1.00000000E+00  6.92839545E-01 -2.02704925E+00  4.06462496E-01  9.22791577E+00  9.98794250E-01  3.29164861E-01
 -4.07652666E-01  1.00000000E+00  6.74506059E-01 -2.03033194E+00  4.08432002E-01  9.28734848E+00  9.96727494E-01  3.31624840E-01
 -3.84190072E-01  1.00000000E+00  6.58929030E-01 -2.04486973E+00  4.10608494E-01  9.38172181E+00  9.98165238E-01  3.35342263E-01
 -3.60727478E-01  1.00000000E+00  6.43352001E-01 -2.05952697E+00  4.12898923E-01  9.47706083E+00  9.99616964E-01  3.39097755E-01
 -3.39965684E-01  1.00000000E+00  6.30367062E-01 -2.07021908E+00  4.15706557E-01  9.58371880E+00  9.98418675E-01  3.43412005E-01
 -3.19203889E-01  1.00000000E+00  6.17382124E-01 -2.08098392E+00  4.18757749E-01  9.69162141E+00  9.97224768E-01  3.47775865E-01
 -3.00831998E-01  1.00000000E+00  6.06697966E-01 -2.10057091E+00  4.22213898E-01  9.83855318E+00  9.98143891E-01  3.53616372E-01
 -2.82460107E-01  1.00000000E+00  5.96013808E-01 -2.12037956E+00  4.25859482E-01  9.98774548E+00  9.99082641E-01  3.59546514E-01
 -2.66203017E-01  1.00000000E+00  5.87381643E-01 -2.13473049E+00  4.30037753E-01  1.01470229E+01  9.96848650E-01  3.66006970E-01
 -2.49945927E-01  1.00000000E+00  5.78749479E-01 -2.14920711E+00  4.34604089E-01  1.03089489E+01  9.94621099E-01  3.72573114E-01
 -2.35560203E-01  1.00000000E+00  5.72084479E-01 -2.17922573E+00  4.39562196E-01  1.05374256E+01  9.96345463E-01  3.81643204E-01
 -2.21174479E-01  1.00000000E+00  5.65419478E-01 -2.20974223E+00  4.44662831E-01  1.07710354E+01  9.98112359E-01  3.90916921E-01
 -2.08421419E-01  1.00000000E+00  5.60717573E-01 -2.23989571E+00  4.50276749E-01  1.10189633E+01  9.98747780E-01  4.00808621E-01
 -1.95668358E-01  1.00000000E+00  5.56015669E-01 -2.27055035E+00  4.56255187E-01  1.12726975E+01  9.99422433E-01  4.10931002E-01
 -1.83439085E-01  1.00000000E+00  5.52521965E-01 -2.29261433E+00  4.63325697E-01  1.15556133E+01  9.95308607E-01  4.22412188E-01
 -1.71209813E-01  1.00000000E+00  5.49028262E-01 -2.31493120E+00  4.71052409E-01  1.18459718E+01  9.91199577E-01  4.34190891E-01
 -1.58980541E-01  1.00000000E+00  5.46869121E-01 -2.37479561E+00  4.80720491E-01  1.23085560E+01  9.95795116E-01  4.52510433E-01
 -1.46751268E-01  1.00000000E+00  5.44709979E-01 -2.43645305E+00  4.90490457E-01  1.27893915E+01  1.00054658E+00  4.71553796E-01
 -1.34521996E-01  1.00000000E+00  5.47950981E-01 -2.48849634E+00  5.02955743E-01  1.33997849E+01  9.95820712E-01  4.96158568E-01
 -1.22292724E-01  1.00000000E+00  5.51191983E-01 -2.54186180E+00  5.16153077E-01  1.40403617E+01  9.91119293E-01  5.21969697E-01
 -1.10063451E-01  1.00000000E+00  5.48462255E-01 -2.67061003E+00  5.35554274E-01  1.48852814E+01  1.00758345E+00  5.55107917E-01
 -9.78341789E-02  1.00000000E+00  5.45732527E-01 -2.80629314E+00  5.56098095E-01  1.57810576E+01  1.02498726E+00  5.90242815E-01
 -8.56049065E-02  1.00000000E+00  5.82615050E-01 -2.73605201E+00  5.87088089E-01  1.73537684E+01  9.51488794E-01  6.56091183E-01
 -7.33756342E-02  1.00000000E+00  6.19497574E-01 -2.64889348E+00  6.24708262E-01  1.91173270E+01  8.80451495E-01  7.29475022E-01
 -6.11463618E-02  1.00000000E+00  5.18371515E-01 -3.13975194E+00  6.67210826E-01  1.99060414E+01  1.01175532E+00  7.55771443E-01
 -4.89170895E-02  1.00000000E+00  4.17245456E-01 -3.66741411E+00  6.84806728E-01  2.07699515E+01  1.16615016E+00  7.84152056E-01
 -3.66878171E-02  1.00000000E+00  1.18629615E+00 -9.68634740E+00  6.98127754E-01  3.98817961E+01  2.80543727E+00  1.48305435E+00
 -2.44585447E-02  1.00000000E+00  1.95534685E+00 -2.27857018E+01  7.51624419E-01  7.87250253E+01  6.97963351E+00  2.86981567E+00
 -1.22292724E-02  1.00000000E+00  3.06733610E-01  4.10060442E+00  1.60629702E+00  4.19655610E+01  1.00205205E+00  1.63854036E+00
  0.00000000E+00  1.00000000E+00 -1.34187963E+00  3.45866410E+01  3.77790039E+00  7.27323898E+01  1.67362388E+01  2.23984604E+00
