# curve 5 (die wall), step =      400, time =   8.00000000E+01
# N1 = tau_xx - tau_yy = G ( c_xx - c_yy ),  G =  4.0000E-02  (polymer part only)
#              x               y        pressure            c_xy        gammadot            c_xx            c_yy              N1
 -3.00000000E+00  1.00000000E+00  2.72284815E+00 -2.00164629E+00  4.00040450E-01  9.00954103E+00  1.00006516E+00  3.20379035E-01
 -2.95108291E+00  1.00000000E+00  2.68358697E+00 -2.00208170E+00  4.00040787E-01  9.01147572E+00  1.00013789E+00  3.20453513E-01
 -2.90216582E+00  1.00000000E+00  2.64432579E+00 -2.00251721E+00  4.00047434E-01  9.01341082E+00  1.00021064E+00  3.20528007E-01
 -2.85324873E+00  1.00000000E+00  2.60513057E+00 -2.00200999E+00  4.00008477E-01  9.01005006E+00  1.00015736E+00  3.20395708E-01
 -2.80433164E+00  1.00000000E+00  2.56593534E+00 -2.00150291E+00  3.99979759E-01  9.00669056E+00  1.00010410E+00  3.20263459E-01
 -2.75541455E+00  1.00000000E+00  2.52682678E+00 -2.00128130E+00  4.00019427E-01  9.00583486E+00  1.00008065E+00  3.20230168E-01
 -2.70649746E+00  1.00000000E+00  2.48771822E+00 -2.00105971E+00  4.00014830E-01  9.00497925E+00  1.00005721E+00  3.20196881E-01
 -2.65758037E+00  1.00000000E+00  2.44857274E+00 -2.00132576E+00  4.00023854E-01  9.00672270E+00  1.00009271E+00  3.20265200E-01
 -2.60866328E+00  1.00000000E+00  2.40942725E+00 -2.00159185E+00  4.00012615E-01  9.00846649E+00  1.00012821E+00  3.20333531E-01
 -2.55974619E+00  1.00000000E+00  2.37034864E+00 -2.00177117E+00  3.99996841E-01  9.01041108E+00  1.00016842E+00  3.20409706E-01
 -2.51082911E+00  1.00000000E+00  2.33127002E+00 -2.00195051E+00  4.00013965E-01  9.01235611E+00  1.00020864E+00  3.20485899E-01
 -2.46191202E+00  1.00000000E+00  2.29202783E+00 -2.00127715E+00  3.99986907E-01  9.00873724E+00  1.00005905E+00  3.20347128E-01
 -2.41299493E+00  1.00000000E+00  2.25278565E+00 -2.00060403E+00  3.99986785E-01  9.00511982E+00  9.99909497E-01  3.20208413E-01
 -2.36407784E+00  1.00000000E+00  2.21372973E+00 -2.00095299E+00  4.00007794E-01  9.00647934E+00  1.00004257E+00  3.20257471E-01
 -2.31516075E+00  1.00000000E+00  2.17467380E+00 -2.00130200E+00  3.99994904E-01  9.00783906E+00  1.00017566E+00  3.20306536E-01
 -2.26624366E+00  1.00000000E+00  2.13553362E+00 -2.00178589E+00  3.99972219E-01  9.01116924E+00  1.00018260E+00  3.20439466E-01
 -2.21732657E+00  1.00000000E+00  2.09639343E+00 -2.00226992E+00  3.99971727E-01  9.01450066E+00  1.00018956E+00  3.20572444E-01
 -2.16840948E+00  1.00000000E+00  2.05719144E+00 -2.00188013E+00  3.99961588E-01  9.01172280E+00  1.00013344E+00  3.20463575E-01
 -2.11949239E+00  1.00000000E+00  2.01798944E+00 -2.00149043E+00  3.99951176E-01  9.00894582E+00  1.00007733E+00  3.20354740E-01
 -2.07057530E+00  1.00000000E+00  1.97898124E+00 -2.00272020E+00  3.99974210E-01  9.01554961E+00  1.00028459E+00  3.20610601E-01
 -2.02165821E+00  1.00000000E+00  1.93997304E+00 -2.00395078E+00  3.99960926E-01  9.02215823E+00  1.00049197E+00  3.20866650E-01
 -1.97274112E+00  1.00000000E+00  1.90070505E+00 -2.00283401E+00  3.99917879E-01  9.01711130E+00  1.00024232E+00  3.20674759E-01
 -1.92382403E+00  1.00000000E+00  1.86143706E+00 -2.00171785E+00  3.99912723E-01  9.01206719E+00  9.99992794E-01  3.20482976E-01
 -1.87490694E+00  1.00000000E+00  1.82235398E+00 -2.00151097E+00  3.99945561E-01  9.00934955E+00  1.00007799E+00  3.20370862E-01
 -1.82598985E+00  1.00000000E+00  1.78327091E+00 -2.00130412E+00  3.99947073E-01  9.00663278E+00  1.00016320E+00  3.20258783E-01
 -1.77707276E+00  1.00000000E+00  1.74419534E+00 -2.00236343E+00  3.99955741E-01  9.01250291E+00  1.00030255E+00  3.20488015E-01
 -1.72815567E+00  1.00000000E+00  1.70511978E+00 -2.00342335E+00  3.99917748E-01  9.01837687E+00  1.00044199E+00  3.20717395E-01
 -1.67923858E+00  1.00000000E+00  1.66594555E+00 -2.00308684E+00  3.99865641E-01  9.01714440E+00  1.00040772E+00  3.20669467E-01
 -1.63032150E+00  1.00000000E+00  1.62677133E+00 -2.00275037E+00  3.99869181E-01  9.01591211E+00  1.00037347E+00  3.20621546E-01
 -1.58140441E+00  1.00000000E+00  1.58770061E+00 -2.00237497E+00  3.99801573E-01  9.01175941E+00  1.00043299E+00  3.20453057E-01
 -1.53248732E+00  1.00000000E+00  1.54862990E+00 -2.00199966E+00  3.99760812E-01  9.00760871E+00  1.00049251E+00  3.20284648E-01
 -1.48357023E+00  1.00000000E+00  1.50949457E+00 -2.00083590E+00  3.99746156E-01  9.00360677E+00  1.00010552E+00  3.20140050E-01
 -1.43465314E+00  1.00000000E+00  1.47035925E+00 -1.99967273E+00  3.99786030E-01  8.99960667E+00  9.99718732E-01  3.19995517E-01
 -1.38573605E+00  1.00000000E+00  1.43127068E+00 -1.99987435E+00  3.99766285E-01  8.99813561E+00  9.99962022E-01  3.19926944E-01
 -1.33681896E+00  1.00000000E+00  1.39218211E+00 -2.00007597E+00  3.99713976E-01  8.99666490E+00  1.00020536E+00  3.19858381E-01
 -1.28790187E+00  1.00000000E+00  1.35308548E+00 -1.99950327E+00  3.99618879E-01  8.99292026E+00  1.00014006E+00  3.19711208E-01
 -1.23898478E+00  1.00000000E+00  1.31398885E+00 -1.99893076E+00  3.99535035E-01  8.98917720E+00  1.00007477E+00  3.19564097E-01
 -1.19006769E+00  1.00000000E+00  1.27509558E+00 -1.99966563E+00  3.99470761E-01  8.99135456E+00  1.00031189E+00  3.19641707E-01
 -1.14115060E+00  1.00000000E+00  1.23620230E+00 -2.00040070E+00  3.99377044E-01  8.99353248E+00  1.00054908E+00  3.19719336E-01
 -1.09223351E+00  1.00000000E+00  1.19722572E+00 -1.99908031E+00  3.99254269E-01  8.98660392E+00  1.00032755E+00  3.19451055E-01
 -1.04331642E+00  1.00000000E+00  1.15824913E+00 -1.99776083E+00  3.99163809E-01  8.97968069E+00  1.00010617E+00  3.19182981E-01
 -9.94399333E-01  1.00000000E+00  1.11951745E+00 -1.99721166E+00  3.99111769E-01  8.97474485E+00  1.00014556E+00  3.18983971E-01
 -9.45482243E-01  1.00000000E+00  1.08078576E+00 -1.99666269E+00  3.99036381E-01  8.96981180E+00  1.00018497E+00  3.18785073E-01
 -8.96565154E-01  1.00000000E+00  1.04229535E+00 -1.99693435E+00  3.98993885E-01  8.97103749E+00  1.00026469E+00  3.18830912E-01
 -8.47648064E-01  1.00000000E+00  1.00380494E+00 -1.99720605E+00  3.98929627E-01  8.97226334E+00  1.00034441E+00  3.18876757E-01
 -7.99501858E-01  1.00000000E+00  9.66319392E-01 -1.99730253E+00  3.98915116E-01  8.97218354E+00  1.00043151E+00  3.18870081E-01
 -7.51355652E-01  1.00000000E+00  9.28833840E-01 -1.99739901E+00  3.98983982E-01  8.97210374E+00  1.00051861E+00  3.18863405E-01
 -7.08111109E-01  1.00000000E+00  8.95494219E-01 -1.99755411E+00  3.99108573E-01  8.97631199E+00  1.00030525E+00  3.19040270E-01
 -6.64866566E-01  1.00000000E+00  8.62154598E-01 -1.99770921E+00  3.99435659E-01  8.98052241E+00  1.00009191E+00  3.19217220E-01
 -6.26599939E-01  1.00000000E+00  8.33250210E-01 -2.00055702E+00  3.99895412E-01  8.99749272E+00  1.00035426E+00  3.19885539E-01
 -5.88333313E-01  1.00000000E+00  8.04345822E-01 -2.00340940E+00  4.00444512E-01  9.01449519E+00  1.00061728E+00  3.20555116E-01
 -5.54471587E-01  1.00000000E+00  7.79278494E-01 -2.00429849E+00  4.01278530E-01  9.04196267E+00  9.99313216E-01  3.21705978E-01
 -5.20609860E-01  1.00000000E+00  7.54211165E-01 -2.00518691E+00  4.02247653E-01  9.06952309E+00  9.98009953E-01  3.22860526E-01
 -4.90645977E-01  1.00000000E+00  7.32691814E-01 -2.01445664E+00  4.03443355E-01  9.11906750E+00  9.99432636E-01  3.24785395E-01
 -4.60682095E-01  1.00000000E+00  7.11172462E-01 -2.02377171E+00  4.04736833E-01  9.16888243E+00  1.00086290E+00  3.26720781E-01
 -4.34167380E-01  1.00000000E+00  6.92838972E-01 -2.02704916E+00  4.06462527E-01  9.22790498E+00  9.98794195E-01  3.29164431E-01
 -4.07652666E-01  1.00000000E+00  6.74505482E-01 -2.03033187E+00  4.08432040E-01  9.28733835E+00  9.96727425E-01  3.31624437E-01
 -3.84190072E-01  1.00000000E+00  6.58928450E-01 -2.04486989E+00  4.10608544E-01  9.38171415E+00  9.98165205E-01  3.35341958E-01
 -3.60727478E-01  1.00000000E+00  6.43351418E-01 -2.05952737E+00  4.12898977E-01  9.47705570E+00  9.99616967E-01  3.39097549E-01
 -3.39965684E-01  1.00000000E+00  6.30366486E-01 -2.07021966E+00  4.15706608E-01  9.58371602E+00  9.98418697E-01  3.43411893E-01
 -3.19203889E-01  1.00000000E+00  6.17381554E-01 -2.08098469E+00  4.18757796E-01  9.69162103E+00  9.97224809E-01  3.47775849E-01
 -3.00831998E-01  1.00000000E+00  6.06697382E-01 -2.10057164E+00  4.22213951E-01  9.83855432E+00  9.98143898E-01  3.53616417E-01
 -2.82460107E-01  1.00000000E+00  5.96013210E-01 -2.12038026E+00  4.25859544E-01  9.98774818E+00  9.99082614E-01  3.59546622E-01
 -2.66203017E-01  1.00000000E+00  5.87381055E-01 -2.13473121E+00  4.30037815E-01  1.01470269E+01  9.96848619E-01  3.66007131E-01
 -2.49945927E-01  1.00000000E+00  5.78748899E-01 -2.14920785E+00  4.34604154E-01  1.03089543E+01  9.94621063E-01  3.72573328E-01
 -2.35560203E-01  1.00000000E+00  5.72083875E-01 -2.17922631E+00  4.39562274E-01  1.05374320E+01  9.96345354E-01  3.81643467E-01
 -2.21174479E-01  1.00000000E+00  5.65418850E-01 -2.20974264E+00  4.44662928E-01  1.07710430E+01  9.98112174E-01  3.90917233E-01
 -2.08421419E-01  1.00000000E+00  5.60716939E-01 -2.23989628E+00  4.50276863E-01  1.10189728E+01  9.98747618E-01  4.00809005E-01
 -1.95668358E-01  1.00000000E+00  5.56015028E-01 -2.27055108E+00  4.56255318E-01  1.12727089E+01  9.99422293E-01  4.10931463E-01
 -1.83439085E-01  1.00000000E+00  5.52521320E-01 -2.29261520E+00  4.63325842E-01  1.15556278E+01  9.95308453E-01  4.22412773E-01
 -1.71209813E-01  1.00000000E+00  5.49027612E-01 -2.31493221E+00  4.71052572E-01  1.18459895E+01  9.91199408E-01  4.34191606E-01
 -1.58980541E-01  1.00000000E+00  5.46868447E-01 -2.37479696E+00  4.80720696E-01  1.23085802E+01  9.95794955E-01  4.52511410E-01
 -1.46751268E-01  1.00000000E+00  5.44709282E-01 -2.43645476E+00  4.90490691E-01  1.27894228E+01  1.00054643E+00  4.71555054E-01
 -1.34521996E-01  1.00000000E+00  5.47950308E-01 -2.48849822E+00  5.02955992E-01  1.33998230E+01  9.95820534E-01  4.96160099E-01
 -1.22292724E-01  1.00000000E+00  5.51191334E-01 -2.54186387E+00  5.16153343E-01  1.40404072E+01  9.91119086E-01  5.21971526E-01
 -1.10063451E-01  1.00000000E+00  5.48461464E-01 -2.67061058E+00  5.35554630E-01  1.48853288E+01  1.00758270E+00  5.55109845E-01
 -9.78341789E-02  1.00000000E+00  5.45731594E-01 -2.80629203E+00  5.56098569E-01  1.57811071E+01  1.02498592E+00  5.90244847E-01
 -8.56049065E-02  1.00000000E+00  5.82614217E-01 -2.73605856E+00  5.87088575E-01  1.73538352E+01  9.51489746E-01  6.56093819E-01
 -7.33756342E-02  1.00000000E+00  6.19496841E-01 -2.64890830E+00  6.24708365E-01  1.91174130E+01  8.80454470E-01  7.29478340E-01
 -6.11463618E-02  1.00000000E+00  5.18372222E-01 -3.13973639E+00  6.67211029E-01  1.99060380E+01  1.01175136E+00  7.55771466E-01
 -4.89170895E-02  1.00000000E+00  4.17247602E-01 -3.66736253E+00  6.84807475E-01  2.07698470E+01  1.16613651E+00  7.84148420E-01
 -3.66878171E-02  1.00000000E+00  1.18628861E+00 -9.68608641E+00  6.98130682E-01  3.98811025E+01  2.80535090E+00  1.48303006E+00
 -2.44585447E-02  1.00000000E+00  1.95532961E+00 -2.27847969E+01  7.51632693E-01  7.87226324E+01  6.97930856E+00  2.86973295E+00
 -1.22292724E-02  1.00000000E+00  3.06726025E-01  4.10059607E+00  1.60630479E+00  4.19649552E+01  1.00205173E+00  1.63851614E+00
  0.00000000E+00  1.00000000E+00 -1.34187756E+00  3.45860942E+01  3.77789456E+00  7.27313649E+01  1.67359519E+01  2.23981652E+00
