# curve 5 (die wall), step =      300, time =   1.20000000E+02
# N1 = tau_xx - tau_yy = G ( c_xx - c_yy ),  G =  2.0000E-02  (polymer part only)
#              x               y        pressure            c_xy        gammadot            c_xx            c_yy              N1
 -3.00000000E+00  1.00000000E+00  2.54825766E+00 -1.32520133E+00  4.02975625E-01  4.95144103E+00  8.57951080E-01  8.18697989E-02
 -2.97524677E+00  1.00000000E+00  2.52899173E+00 -1.32513389E+00  4.02977815E-01  4.95120573E+00  8.57945076E-01  8.18652130E-02
 -2.95049355E+00  1.00000000E+00  2.50972579E+00 -1.32506646E+00  4.02979348E-01  4.95097044E+00  8.57939073E-01  8.18606272E-02
 -2.92574032E+00  1.00000000E+00  2.49045906E+00 -1.32513467E+00  4.02979592E-01  4.95126331E+00  8.57945214E-01  8.18663619E-02
 -2.90098710E+00  1.00000000E+00  2.47119233E+00 -1.32520288E+00  4.02978343E-01  4.95155620E+00  8.57951356E-01  8.18720968E-02
 -2.87623387E+00  1.00000000E+00  2.45192636E+00 -1.32536181E+00  4.02976942E-01  4.95234252E+00  8.57957199E-01  8.18877065E-02
 -2.85148064E+00  1.00000000E+00  2.43266039E+00 -1.32552077E+00  4.02974788E-01  4.95312898E+00  8.57963046E-01  8.19033186E-02
 -2.82672742E+00  1.00000000E+00  2.41339173E+00 -1.32532554E+00  4.02975014E-01  4.95232688E+00  8.57946908E-01  8.18875994E-02
 -2.80197419E+00  1.00000000E+00  2.39412308E+00 -1.32513033E+00  4.02975904E-01  4.95152491E+00  8.57930778E-01  8.18718827E-02
 -2.77722097E+00  1.00000000E+00  2.37485303E+00 -1.32513545E+00  4.02977315E-01  4.95133398E+00  8.57939645E-01  8.18678866E-02
 -2.75246774E+00  1.00000000E+00  2.35558297E+00 -1.32514056E+00  4.02978801E-01  4.95114305E+00  8.57948513E-01  8.18638908E-02
 -2.72771451E+00  1.00000000E+00  2.33631978E+00 -1.32515213E+00  4.02978579E-01  4.95128253E+00  8.57949577E-01  8.18666590E-02
 -2.70296129E+00  1.00000000E+00  2.31705660E+00 -1.32516370E+00  4.02976298E-01  4.95142200E+00  8.57950642E-01  8.18694272E-02
 -2.67820806E+00  1.00000000E+00  2.29778771E+00 -1.32516393E+00  4.02975511E-01  4.95134593E+00  8.57949129E-01  8.18679361E-02
 -2.65345484E+00  1.00000000E+00  2.27851882E+00 -1.32516416E+00  4.02976409E-01  4.95126986E+00  8.57947616E-01  8.18664450E-02
 -2.62870161E+00  1.00000000E+00  2.25925288E+00 -1.32515783E+00  4.02977578E-01  4.95118938E+00  8.57950653E-01  8.18647745E-02
 -2.60394839E+00  1.00000000E+00  2.23998695E+00 -1.32515151E+00  4.02978369E-01  4.95110890E+00  8.57953689E-01  8.18631042E-02
 -2.57919516E+00  1.00000000E+00  2.22072065E+00 -1.32513824E+00  4.02978420E-01  4.95117193E+00  8.57949524E-01  8.18644482E-02
 -2.55444193E+00  1.00000000E+00  2.20145436E+00 -1.32512497E+00  4.02977078E-01  4.95123497E+00  8.57945360E-01  8.18657923E-02
 -2.52968871E+00  1.00000000E+00  2.18218650E+00 -1.32525200E+00  4.02975443E-01  4.95181529E+00  8.57955754E-01  8.18771908E-02
 -2.50493548E+00  1.00000000E+00  2.16291863E+00 -1.32537905E+00  4.02972441E-01  4.95239568E+00  8.57966151E-01  8.18885906E-02
 -2.48018226E+00  1.00000000E+00  2.14364951E+00 -1.32522761E+00  4.02973208E-01  4.95174079E+00  8.57950888E-01  8.18757980E-02
 -2.45542903E+00  1.00000000E+00  2.12438039E+00 -1.32507620E+00  4.02975227E-01  4.95108598E+00  8.57935629E-01  8.18630071E-02
 -2.43067580E+00  1.00000000E+00  2.10511388E+00 -1.32507485E+00  4.02977180E-01  4.95097349E+00  8.57939957E-01  8.18606707E-02
 -2.40592258E+00  1.00000000E+00  2.08584738E+00 -1.32507350E+00  4.02979143E-01  4.95086101E+00  8.57944284E-01  8.18583344E-02
 -2.38116935E+00  1.00000000E+00  2.06658245E+00 -1.32506938E+00  4.02978546E-01  4.95092369E+00  8.57944673E-01  8.18595803E-02
 -2.35641613E+00  1.00000000E+00  2.04731753E+00 -1.32506525E+00  4.02975795E-01  4.95098637E+00  8.57945061E-01  8.18608261E-02
 -2.33166290E+00  1.00000000E+00  2.02804972E+00 -1.32510776E+00  4.02974467E-01  4.95114362E+00  8.57946893E-01  8.18639345E-02
 -2.30690967E+00  1.00000000E+00  2.00878192E+00 -1.32515028E+00  4.02973620E-01  4.95130088E+00  8.57948726E-01  8.18670431E-02
 -2.28215645E+00  1.00000000E+00  1.98951403E+00 -1.32515101E+00  4.02973616E-01  4.95123742E+00  8.57948846E-01  8.18657716E-02
 -2.25740322E+00  1.00000000E+00  1.97024613E+00 -1.32515175E+00  4.02974335E-01  4.95117397E+00  8.57948966E-01  8.18645001E-02
 -2.23265000E+00  1.00000000E+00  1.95098023E+00 -1.32524882E+00  4.02973328E-01  4.95169336E+00  8.57957057E-01  8.18747260E-02
 -2.20789677E+00  1.00000000E+00  1.93171433E+00 -1.32534589E+00  4.02969734E-01  4.95221280E+00  8.57965149E-01  8.18849530E-02
 -2.18314354E+00  1.00000000E+00  1.91244477E+00 -1.32520402E+00  4.02968885E-01  4.95154669E+00  8.57955616E-01  8.18718215E-02
 -2.15839032E+00  1.00000000E+00  1.89317521E+00 -1.32506217E+00  4.02968915E-01  4.95088067E+00  8.57946087E-01  8.18586916E-02
 -2.13363709E+00  1.00000000E+00  1.87391155E+00 -1.32506552E+00  4.02968829E-01  4.95084139E+00  8.57947835E-01  8.18578710E-02
 -2.10888387E+00  1.00000000E+00  1.85464790E+00 -1.32506888E+00  4.02969126E-01  4.95080211E+00  8.57949584E-01  8.18570505E-02
 -2.08413064E+00  1.00000000E+00  1.83537868E+00 -1.32506277E+00  4.02969120E-01  4.95073644E+00  8.57951304E-01  8.18557028E-02
 -2.05937741E+00  1.00000000E+00  1.81610947E+00 -1.32505665E+00  4.02968133E-01  4.95067078E+00  8.57953023E-01  8.18543551E-02
 -2.03462419E+00  1.00000000E+00  1.79684508E+00 -1.32506033E+00  4.02965603E-01  4.95079164E+00  8.57949972E-01  8.18568334E-02
 -2.00987096E+00  1.00000000E+00  1.77758070E+00 -1.32506400E+00  4.02962412E-01  4.95091251E+00  8.57946921E-01  8.18593118E-02
 -1.98511774E+00  1.00000000E+00  1.75831195E+00 -1.32507339E+00  4.02960517E-01  4.95085225E+00  8.57951537E-01  8.18580143E-02
 -1.96036451E+00  1.00000000E+00  1.73904321E+00 -1.32508278E+00  4.02958892E-01  4.95079199E+00  8.57956153E-01  8.18567167E-02
 -1.93561128E+00  1.00000000E+00  1.71978135E+00 -1.32516655E+00  4.02955438E-01  4.95123863E+00  8.57963217E-01  8.18655082E-02
 -1.91085806E+00  1.00000000E+00  1.70051948E+00 -1.32525033E+00  4.02950696E-01  4.95168531E+00  8.57970282E-01  8.18743005E-02
 -1.88610483E+00  1.00000000E+00  1.68124855E+00 -1.32521100E+00  4.02947681E-01  4.95146035E+00  8.57962600E-01  8.18699551E-02
 -1.86135161E+00  1.00000000E+00  1.66197762E+00 -1.32517166E+00  4.02945508E-01  4.95123541E+00  8.57954918E-01  8.18656099E-02
 -1.83659838E+00  1.00000000E+00  1.64271527E+00 -1.32510855E+00  4.02944194E-01  4.95093256E+00  8.57960039E-01  8.18594505E-02
 -1.81184516E+00  1.00000000E+00  1.62345291E+00 -1.32504543E+00  4.02941700E-01  4.95062973E+00  8.57965161E-01  8.18532914E-02
 -1.78709193E+00  1.00000000E+00  1.60419239E+00 -1.32520484E+00  4.02933942E-01  4.95146225E+00  8.57973042E-01  8.18697842E-02
 -1.76233870E+00  1.00000000E+00  1.58493186E+00 -1.32536426E+00  4.02923545E-01  4.95229492E+00  8.57980926E-01  8.18862798E-02
 -1.73758548E+00  1.00000000E+00  1.56566269E+00 -1.32529659E+00  4.02919578E-01  4.95190758E+00  8.57977915E-01  8.18785933E-02
 -1.71283225E+00  1.00000000E+00  1.54639351E+00 -1.32522891E+00  4.02915482E-01  4.95152027E+00  8.57974904E-01  8.18709073E-02
 -1.68807903E+00  1.00000000E+00  1.52713125E+00 -1.32521262E+00  4.02910082E-01  4.95126777E+00  8.57983982E-01  8.18656757E-02
 -1.66332580E+00  1.00000000E+00  1.50786899E+00 -1.32519632E+00  4.02904175E-01  4.95101528E+00  8.57993061E-01  8.18604444E-02
 -1.63857257E+00  1.00000000E+00  1.48861370E+00 -1.32516182E+00  4.02897363E-01  4.95100179E+00  8.57987922E-01  8.18602773E-02
 -1.61381935E+00  1.00000000E+00  1.46935841E+00 -1.32512733E+00  4.02888906E-01  4.95098830E+00  8.57982783E-01  8.18601103E-02
 -1.58906612E+00  1.00000000E+00  1.45009440E+00 -1.32506449E+00  4.02880054E-01  4.95051321E+00  8.57986876E-01  8.18505266E-02
 -1.56431290E+00  1.00000000E+00  1.43083038E+00 -1.32500166E+00  4.02872092E-01  4.95003816E+00  8.57990968E-01  8.18409438E-02
 -1.53955967E+00  1.00000000E+00  1.41158159E+00 -1.32493909E+00  4.02862999E-01  4.94972894E+00  8.57993041E-01  8.18347180E-02
 -1.51480644E+00  1.00000000E+00  1.39233281E+00 -1.32487652E+00  4.02853578E-01  4.94941974E+00  8.57995114E-01  8.18284926E-02
 -1.49005322E+00  1.00000000E+00  1.37308211E+00 -1.32488908E+00  4.02841372E-01  4.94950896E+00  8.58002202E-01  8.18301351E-02
 -1.46529999E+00  1.00000000E+00  1.35383141E+00 -1.32490163E+00  4.02826112E-01  4.94959817E+00  8.58009289E-01  8.18317777E-02
 -1.44054677E+00  1.00000000E+00  1.33458400E+00 -1.32506253E+00  4.02810422E-01  4.95033098E+00  8.58026696E-01  8.18460856E-02
 -1.41579354E+00  1.00000000E+00  1.31533659E+00 -1.32522345E+00  4.02790692E-01  4.95106389E+00  8.58044108E-01  8.18603956E-02
 -1.39104031E+00  1.00000000E+00  1.29609539E+00 -1.32498216E+00  4.02775522E-01  4.94996711E+00  8.58030290E-01  8.18387365E-02
 -1.36628709E+00  1.00000000E+00  1.27685419E+00 -1.32474091E+00  4.02762764E-01  4.94887058E+00  8.58016484E-01  8.18170819E-02
 -1.34153386E+00  1.00000000E+00  1.25762162E+00 -1.32473230E+00  4.02747397E-01  4.94854642E+00  8.58032283E-01  8.18102827E-02
 -1.31678064E+00  1.00000000E+00  1.23838904E+00 -1.32472369E+00  4.02730661E-01  4.94822228E+00  8.58048081E-01  8.18034839E-02
 -1.29202741E+00  1.00000000E+00  1.21917090E+00 -1.32474831E+00  4.02711745E-01  4.94832212E+00  8.58056946E-01  8.18053035E-02
 -1.26727418E+00  1.00000000E+00  1.19995276E+00 -1.32477293E+00  4.02691094E-01  4.94842197E+00  8.58065812E-01  8.18071231E-02
 -1.24252096E+00  1.00000000E+00  1.18074404E+00 -1.32483993E+00  4.02672279E-01  4.94857168E+00  8.58086852E-01  8.18096965E-02
 -1.21776773E+00  1.00000000E+00  1.16153532E+00 -1.32490692E+00  4.02647117E-01  4.94872139E+00  8.58107892E-01  8.18122700E-02
 -1.19301451E+00  1.00000000E+00  1.14233556E+00 -1.32469691E+00  4.02626337E-01  4.94780370E+00  8.58096375E-01  8.17941465E-02
 -1.16826128E+00  1.00000000E+00  1.12313579E+00 -1.32448693E+00  4.02610486E-01  4.94688618E+00  8.58084867E-01  8.17760262E-02
 -1.14350806E+00  1.00000000E+00  1.10396244E+00 -1.32454589E+00  4.02591213E-01  4.94691476E+00  8.58105923E-01  8.17761767E-02
 -1.11875483E+00  1.00000000E+00  1.08478910E+00 -1.32460485E+00  4.02570591E-01  4.94694334E+00  8.58126980E-01  8.17763272E-02
 -1.09400160E+00  1.00000000E+00  1.06563612E+00 -1.32454479E+00  4.02557721E-01  4.94660497E+00  8.58125353E-01  8.17695923E-02
 -1.06924838E+00  1.00000000E+00  1.04648314E+00 -1.32448472E+00  4.02545020E-01  4.94626662E+00  8.58123726E-01  8.17628578E-02
 -1.04449515E+00  1.00000000E+00  1.02735908E+00 -1.32442965E+00  4.02531757E-01  4.94595373E+00  8.58130720E-01  8.17564601E-02
 -1.01974193E+00  1.00000000E+00  1.00823501E+00 -1.32437458E+00  4.02518188E-01  4.94564085E+00  8.58137714E-01  8.17500628E-02
 -9.94988700E-01  1.00000000E+00  9.89145870E-01 -1.32440522E+00  4.02515683E-01  4.94578555E+00  8.58145139E-01  8.17528083E-02
 -9.70235474E-01  1.00000000E+00  9.70056727E-01 -1.32443587E+00  4.02518279E-01  4.94593026E+00  8.58152565E-01  8.17555538E-02
 -9.45482248E-01  1.00000000E+00  9.51004429E-01 -1.32440649E+00  4.02532813E-01  4.94595404E+00  8.58123414E-01  8.17566126E-02
 -9.20729022E-01  1.00000000E+00  9.31952130E-01 -1.32437710E+00  4.02552746E-01  4.94597783E+00  8.58094263E-01  8.17576713E-02
 -8.95975796E-01  1.00000000E+00  9.12957524E-01 -1.32437930E+00  4.02584287E-01  4.94613040E+00  8.58087324E-01  8.17608615E-02
 -8.71222570E-01  1.00000000E+00  8.93962919E-01 -1.32438150E+00  4.02621466E-01  4.94628297E+00  8.58080386E-01  8.17640517E-02
 -8.46469344E-01  1.00000000E+00  8.75023468E-01 -1.32464465E+00  4.02692726E-01  4.94764274E+00  8.58082706E-01  8.17912006E-02
 -8.21716118E-01  1.00000000E+00  8.56084017E-01 -1.32490786E+00  4.02764518E-01  4.94900288E+00  8.58085039E-01  8.18183567E-02
 -7.97201467E-01  1.00000000E+00  8.37410357E-01 -1.32513757E+00  4.02887382E-01  4.95045640E+00  8.58043005E-01  8.18482679E-02
 -7.72686817E-01  1.00000000E+00  8.18736697E-01 -1.32536733E+00  4.03013810E-01  4.95191036E+00  8.58000987E-01  8.18781874E-02
 -7.49503432E-01  1.00000000E+00  8.01154716E-01 -1.32552056E+00  4.03178448E-01  4.95385738E+00  8.57864863E-01  8.19198503E-02
 -7.26320047E-01  1.00000000E+00  7.83572734E-01 -1.32567384E+00  4.03365228E-01  4.95580522E+00  8.57728766E-01  8.19615291E-02
 -7.04527831E-01  1.00000000E+00  7.67131399E-01 -1.32628504E+00  4.03591645E-01  4.95877266E+00  8.57752671E-01  8.20203998E-02
 -6.82735615E-01  1.00000000E+00  7.50690064E-01 -1.32689656E+00  4.03836567E-01  4.96174188E+00  8.57776649E-01  8.20793045E-02
 -6.62251087E-01  1.00000000E+00  7.35330898E-01 -1.32717397E+00  4.04146942E-01  4.96532269E+00  8.57515866E-01  8.21561364E-02
 -6.41766559E-01  1.00000000E+00  7.19971732E-01 -1.32745154E+00  4.04486839E-01  4.96890627E+00  8.57255181E-01  8.22330218E-02
 -6.22511254E-01  1.00000000E+00  7.05619421E-01 -1.32800258E+00  4.04859887E-01  4.97336595E+00  8.57070711E-01  8.23259047E-02
 -6.03255949E-01  1.00000000E+00  6.91267110E-01 -1.32855400E+00  4.05269346E-01  4.97782977E+00  8.56886350E-01  8.24188683E-02
 -5.85156097E-01  1.00000000E+00  6.77875125E-01 -1.32959582E+00  4.05739425E-01  4.98381079E+00  8.56816369E-01  8.25398885E-02
 -5.67056245E-01  1.00000000E+00  6.64483140E-01 -1.33063867E+00  4.06240572E-01  4.98979906E+00  8.56746624E-01  8.26610488E-02
 -5.50042515E-01  1.00000000E+00  6.51986783E-01 -1.33144923E+00  4.06832142E-01  4.99694985E+00  8.56395123E-01  8.28110945E-02
 -5.33028786E-01  1.00000000E+00  6.39490426E-01 -1.33226068E+00  4.07448758E-01  5.00411131E+00  8.56043930E-01  8.29613476E-02
 -5.17036006E-01  1.00000000E+00  6.27863088E-01 -1.33359748E+00  4.08133850E-01  5.01299677E+00  8.55825450E-01  8.31434265E-02
 -5.01043227E-01  1.00000000E+00  6.16235751E-01 -1.33493618E+00  4.08865127E-01  5.02189830E+00  8.55607416E-01  8.33258177E-02
 -4.86010125E-01  1.00000000E+00  6.05401347E-01 -1.33636803E+00  4.09664319E-01  5.03182998E+00  8.55310571E-01  8.35303883E-02
 -4.70977023E-01  1.00000000E+00  5.94566944E-01 -1.33780214E+00  4.10531184E-01  5.04178172E+00  8.55014303E-01  8.37353484E-02
 -4.56846016E-01  1.00000000E+00  5.84468481E-01 -1.33943788E+00  4.11454057E-01  5.05363862E+00  8.54646249E-01  8.39798475E-02
 -4.42715008E-01  1.00000000E+00  5.74370018E-01 -1.34107663E+00  4.12447516E-01  5.06552410E+00  8.54278939E-01  8.42249032E-02
 -4.29431964E-01  1.00000000E+00  5.65029253E-01 -1.34293663E+00  4.13548891E-01  5.07883818E+00  8.53829501E-01  8.45001736E-02
 -4.16148920E-01  1.00000000E+00  5.55688488E-01 -1.34480054E+00  4.14717053E-01  5.09218806E+00  8.53381142E-01  8.47761383E-02
 -4.03662954E-01  1.00000000E+00  5.46996943E-01 -1.34676270E+00  4.15884989E-01  5.10712559E+00  8.52886116E-01  8.50847895E-02
 -3.91176988E-01  1.00000000E+00  5.38305397E-01 -1.34872929E+00  4.17172230E-01  5.12210820E+00  8.52392191E-01  8.53943202E-02
 -3.79440270E-01  1.00000000E+00  5.30196422E-01 -1.35129639E+00  4.18561204E-01  5.13943112E+00  8.51953414E-01  8.57495541E-02
 -3.67703552E-01  1.00000000E+00  5.22087446E-01 -1.35387045E+00  4.20022053E-01  5.15681370E+00  8.51516311E-01  8.61059478E-02
 -3.56671122E-01  1.00000000E+00  5.14671148E-01 -1.35640970E+00  4.21572221E-01  5.17570641E+00  8.50881724E-01  8.64964937E-02
 -3.45638692E-01  1.00000000E+00  5.07254849E-01 -1.35895628E+00  4.23182273E-01  5.19467013E+00  8.50249086E-01  8.68884208E-02
 -3.35268287E-01  1.00000000E+00  5.00323955E-01 -1.36192993E+00  4.24820900E-01  5.21566969E+00  8.49701014E-01  8.73193736E-02
 -3.24897882E-01  1.00000000E+00  4.93393061E-01 -1.36491305E+00  4.26602184E-01  5.23675601E+00  8.49155124E-01  8.77520178E-02
 -3.15149775E-01  1.00000000E+00  4.87061927E-01 -1.36801299E+00  4.28496315E-01  5.25914934E+00  8.48493859E-01  8.82131096E-02
 -3.05401669E-01  1.00000000E+00  4.80730794E-01 -1.37112341E+00  4.30444376E-01  5.28164063E+00  8.47835218E-01  8.86761082E-02
 -2.96238520E-01  1.00000000E+00  4.74808752E-01 -1.37420589E+00  4.32426246E-01  5.30755304E+00  8.46837433E-01  8.92143122E-02
 -2.87075371E-01  1.00000000E+00  4.68886711E-01 -1.37729985E+00  4.34643892E-01  5.33359711E+00  8.45842825E-01  8.97550856E-02
 -2.78462077E-01  1.00000000E+00  4.63509192E-01 -1.38095576E+00  4.36910187E-01  5.36057102E+00  8.45008033E-01  9.03112598E-02
 -2.69848783E-01  1.00000000E+00  4.58131672E-01 -1.38462633E+00  4.39284893E-01  5.38768459E+00  8.44177050E-01  9.08701508E-02
 -2.61752348E-01  1.00000000E+00  4.53206169E-01 -1.38895337E+00  4.41686822E-01  5.41801316E+00  8.43480995E-01  9.14906433E-02
 -2.53655913E-01  1.00000000E+00  4.48280665E-01 -1.39329967E+00  4.44217736E-01  5.44851586E+00  8.42789219E-01  9.21145328E-02
 -2.46045323E-01  1.00000000E+00  4.43785164E-01 -1.39693812E+00  4.46861711E-01  5.47970340E+00  8.41601568E-01  9.27620366E-02
 -2.38434732E-01  1.00000000E+00  4.39289663E-01 -1.40059237E+00  4.49586769E-01  5.51107582E+00  8.40418349E-01  9.34131494E-02
 -2.31280830E-01  1.00000000E+00  4.35175697E-01 -1.40476473E+00  4.52407091E-01  5.54472918E+00  8.39339969E-01  9.41077842E-02
 -2.24126928E-01  1.00000000E+00  4.31061731E-01 -1.40895658E+00  4.55333250E-01  5.57859427E+00  8.38266413E-01  9.48065571E-02
 -2.17402314E-01  1.00000000E+00  4.27311700E-01 -1.41451007E+00  4.58365097E-01  5.61671475E+00  8.37504355E-01  9.55842079E-02
 -2.10677699E-01  1.00000000E+00  4.23561668E-01 -1.42009396E+00  4.61490772E-01  5.65510010E+00  8.36749006E-01  9.63670219E-02
 -2.04351753E-01  1.00000000E+00  4.20219454E-01 -1.42476854E+00  4.64780192E-01  5.69455275E+00  8.35405803E-01  9.71829390E-02
 -1.98025807E-01  1.00000000E+00  4.16877240E-01 -1.42946792E+00  4.68139540E-01  5.73428968E+00  8.34069072E-01  9.80044121E-02
 -1.91837501E-01  1.00000000E+00  4.13758161E-01 -1.43537322E+00  4.71802447E-01  5.77802202E+00  8.33026559E-01  9.88999092E-02
 -1.85649194E-01  1.00000000E+00  4.10639082E-01 -1.44131393E+00  4.75563671E-01  5.82209513E+00  8.31992005E-01  9.98020624E-02
 -1.79460888E-01  1.00000000E+00  4.07729650E-01 -1.44575178E+00  4.79734025E-01  5.87032402E+00  8.29779634E-01  1.00810888E-01
 -1.73272582E-01  1.00000000E+00  4.04820218E-01 -1.45021573E+00  4.84042814E-01  5.91897331E+00  8.27576516E-01  1.01827936E-01
 -1.67084275E-01  1.00000000E+00  4.02062468E-01 -1.45852274E+00  4.88782266E-01  5.97759415E+00  8.26542500E-01  1.03021033E-01
 -1.60895969E-01  1.00000000E+00  3.99304718E-01 -1.46689534E+00  4.93698773E-01  6.03680531E+00  8.25522148E-01  1.04225663E-01
 -1.54707662E-01  1.00000000E+00  3.96815716E-01 -1.47340289E+00  4.99279190E-01  6.10128035E+00  8.23055506E-01  1.05564497E-01
 -1.48519356E-01  1.00000000E+00  3.94326713E-01 -1.47996083E+00  5.05038741E-01  6.16647358E+00  8.20603560E-01  1.06917400E-01
 -1.42331049E-01  1.00000000E+00  3.92339322E-01 -1.48952968E+00  5.11573553E-01  6.24264510E+00  8.18680952E-01  1.08479283E-01
 -1.36142743E-01  1.00000000E+00  3.90351930E-01 -1.49919074E+00  5.18482424E-01  6.31978004E+00  8.16779810E-01  1.10060005E-01
 -1.29954436E-01  1.00000000E+00  3.88735423E-01 -1.50847453E+00  5.25902113E-01  6.40808720E+00  8.14034045E-01  1.11881063E-01
 -1.23766130E-01  1.00000000E+00  3.87118915E-01 -1.51785182E+00  5.33879065E-01  6.49767496E+00  8.11310624E-01  1.13727287E-01
 -1.17577823E-01  1.00000000E+00  3.85763760E-01 -1.53019548E+00  5.43072340E-01  6.60649023E+00  8.08417627E-01  1.15961452E-01
 -1.11389517E-01  1.00000000E+00  3.84408605E-01 -1.54269434E+00  5.52746933E-01  6.71718230E+00  8.05559868E-01  1.18232449E-01
 -1.05201210E-01  1.00000000E+00  3.84097233E-01 -1.55636940E+00  5.64056532E-01  6.84688448E+00  8.01775049E-01  1.20902189E-01
 -9.90129037E-02  1.00000000E+00  3.83785862E-01 -1.57023938E+00  5.75931115E-01  6.97917599E+00  7.98038050E-01  1.23622759E-01
 -9.28245972E-02  1.00000000E+00  3.84569411E-01 -1.58171835E+00  5.89863369E-01  7.13026216E+00  7.92006578E-01  1.26765112E-01
 -8.66362908E-02  1.00000000E+00  3.85352960E-01 -1.59335589E+00  6.04532371E-01  7.28480566E+00  7.86033553E-01  1.29975442E-01
 -8.04479843E-02  1.00000000E+00  3.87103784E-01 -1.61657797E+00  6.22462349E-01  7.48833671E+00  7.82024295E-01  1.34126248E-01
 -7.42596778E-02  1.00000000E+00  3.88854608E-01 -1.64029448E+00  6.41795358E-01  7.69768797E+00  7.78114763E-01  1.38391464E-01
 -6.80713713E-02  1.00000000E+00  3.93272190E-01 -1.65047973E+00  6.64989858E-01  7.94032069E+00  7.66423610E-01  1.43477942E-01
 -6.18830648E-02  1.00000000E+00  3.97689771E-01 -1.66078105E+00  6.90947586E-01  8.19127249E+00  7.54875249E-01  1.48727945E-01
 -5.56947583E-02  1.00000000E+00  4.03582610E-01 -1.71073541E+00  7.23183555E-01  8.56747892E+00  7.52161243E-01  1.56306354E-01
 -4.95064519E-02  1.00000000E+00  4.09475448E-01 -1.76259594E+00  7.60390968E-01  8.96109953E+00  7.49802766E-01  1.64225935E-01
 -4.33181454E-02  1.00000000E+00  4.42586735E-01 -1.79511371E+00  8.07479686E-01  9.56805879E+00  7.28797998E-01  1.76785216E-01
 -3.71298389E-02  1.00000000E+00  4.75698022E-01 -1.82868690E+00  8.66767137E-01  1.02188040E+01  7.08359418E-01  1.90208891E-01
 -3.09415324E-02  1.00000000E+00  4.18810467E-01 -1.66172192E+00  9.56725139E-01  1.00608242E+01  6.63383090E-01  1.87948823E-01
 -2.47532259E-02  1.00000000E+00  3.61922912E-01 -1.49845749E+00  1.03594057E+00  9.91506789E+00  6.22960243E-01  1.85842153E-01
 -1.85649194E-02  1.00000000E+00  8.76567758E-01 -2.49376529E+00  1.18171522E+00  1.45286784E+01  7.46187374E-01  2.75649820E-01
 -1.23766130E-02  1.00000000E+00  1.39121260E+00 -3.98050867E+00  1.56013290E+00  2.13535227E+01  9.96513102E-01  4.07140192E-01
 -6.18830648E-03  1.00000000E+00 -2.52588241E-01  1.69082874E+00  2.48949373E+00  1.81549970E+01  4.62224193E-01  3.53855456E-01
  0.00000000E+00  1.00000000E+00 -1.89638908E+00  9.16432077E+00  4.59153338E+00  2.58028713E+01  3.47315946E+00  4.46594236E-01
