# curve 5 (die wall), step =      300, time =   1.20000000E+02
# N1 = tau_xx - tau_yy = G ( c_xx - c_yy ),  G =  1.8000E-01  (polymer part only)
#              x               y        pressure            c_xy        gammadot            c_xx            c_yy              N1
 -3.00000000E+00  1.00000000E+00  1.45434757E+00 -9.02600069E-01  5.13560123E-01  3.26380166E+00  6.15000730E-01  4.76784168E-01
 -2.97524677E+00  1.00000000E+00  1.44377174E+00 -9.02495558E-01  5.13618631E-01  3.26340306E+00  6.15011521E-01  4.76710478E-01
 -2.95049355E+00  1.00000000E+00  1.43319590E+00 -9.02391057E-01  5.13663350E-01  3.26300452E+00  6.15022318E-01  4.76636796E-01
 -2.92574032E+00  1.00000000E+00  1.42266983E+00 -9.02617870E-01  5.13625906E-01  3.26312720E+00  6.15130714E-01  4.76639368E-01
 -2.90098710E+00  1.00000000E+00  1.41214377E+00 -9.02844701E-01  5.13495147E-01  3.26324993E+00  6.15239135E-01  4.76641942E-01
 -2.87623387E+00  1.00000000E+00  1.40152851E+00 -9.02902466E-01  5.13382769E-01  3.26387667E+00  6.15166738E-01  4.76767788E-01
 -2.85148064E+00  1.00000000E+00  1.39091325E+00 -9.02960242E-01  5.13187090E-01  3.26450354E+00  6.15094354E-01  4.76893654E-01
 -2.82672742E+00  1.00000000E+00  1.38026726E+00 -9.02569549E-01  5.13384433E-01  3.26393588E+00  6.14969907E-01  4.76813875E-01
 -2.80197419E+00  1.00000000E+00  1.36962128E+00 -9.02178932E-01  5.13530662E-01  3.26336838E+00  6.14845523E-01  4.76734115E-01
 -2.77722097E+00  1.00000000E+00  1.35906018E+00 -9.02440314E-01  5.13584123E-01  3.26358423E+00  6.14948503E-01  4.76754430E-01
 -2.75246774E+00  1.00000000E+00  1.34849907E+00 -9.02701721E-01  5.13635768E-01  3.26380013E+00  6.15051515E-01  4.76774750E-01
 -2.72771451E+00  1.00000000E+00  1.33793859E+00 -9.02641379E-01  5.13671213E-01  3.26367891E+00  6.15044522E-01  4.76754190E-01
 -2.70296129E+00  1.00000000E+00  1.32737811E+00 -9.02581040E-01  5.13635011E-01  3.26355770E+00  6.15037530E-01  4.76733631E-01
 -2.67820806E+00  1.00000000E+00  1.31678494E+00 -9.02617811E-01  5.13592852E-01  3.26360440E+00  6.15046415E-01  4.76740437E-01
 -2.65345484E+00  1.00000000E+00  1.30619176E+00 -9.02654583E-01  5.13582697E-01  3.26365109E+00  6.15055301E-01  4.76747242E-01
 -2.62870161E+00  1.00000000E+00  1.29558633E+00 -9.02645138E-01  5.13571091E-01  3.26357359E+00  6.15062904E-01  4.76731923E-01
 -2.60394839E+00  1.00000000E+00  1.28498090E+00 -9.02635694E-01  5.13567437E-01  3.26349608E+00  6.15070508E-01  4.76716604E-01
 -2.57919516E+00  1.00000000E+00  1.27444066E+00 -9.02626914E-01  5.13581943E-01  3.26327926E+00  6.15106543E-01  4.76671089E-01
 -2.55444193E+00  1.00000000E+00  1.26390043E+00 -9.02618135E-01  5.13556677E-01  3.26306245E+00  6.15142581E-01  4.76625576E-01
 -2.52968871E+00  1.00000000E+00  1.25330528E+00 -9.02732619E-01  5.13486787E-01  3.26349532E+00  6.15133365E-01  4.76705153E-01
 -2.50493548E+00  1.00000000E+00  1.24271014E+00 -9.02847115E-01  5.13365310E-01  3.26392826E+00  6.15124156E-01  4.76784739E-01
 -2.48018226E+00  1.00000000E+00  1.23206397E+00 -9.02557192E-01  5.13505225E-01  3.26352646E+00  6.15027725E-01  4.76729772E-01
 -2.45542903E+00  1.00000000E+00  1.22141780E+00 -9.02267310E-01  5.13619338E-01  3.26312474E+00  6.14931328E-01  4.76674815E-01
 -2.43067580E+00  1.00000000E+00  1.21086556E+00 -9.02414039E-01  5.13671905E-01  3.26331498E+00  6.14977174E-01  4.76700805E-01
 -2.40592258E+00  1.00000000E+00  1.20031331E+00 -9.02560776E-01  5.13728144E-01  3.26350524E+00  6.15023029E-01  4.76726797E-01
 -2.38116935E+00  1.00000000E+00  1.18974218E+00 -9.02526428E-01  5.13768696E-01  3.26332409E+00  6.15040190E-01  4.76691103E-01
 -2.35641613E+00  1.00000000E+00  1.17917105E+00 -9.02492082E-01  5.13727847E-01  3.26314296E+00  6.15057352E-01  4.76655410E-01
 -2.33166290E+00  1.00000000E+00  1.16857893E+00 -9.02540870E-01  5.13669823E-01  3.26326737E+00  6.15062848E-01  4.76676814E-01
 -2.30690967E+00  1.00000000E+00  1.15798681E+00 -9.02589660E-01  5.13598563E-01  3.26339178E+00  6.15068345E-01  4.76698219E-01
 -2.28215645E+00  1.00000000E+00  1.14741463E+00 -9.02649175E-01  5.13560339E-01  3.26346222E+00  6.15087043E-01  4.76707532E-01
 -2.25740322E+00  1.00000000E+00  1.13684245E+00 -9.02708691E-01  5.13554510E-01  3.26353266E+00  6.15105743E-01  4.76716846E-01
 -2.23265000E+00  1.00000000E+00  1.12623794E+00 -9.02745226E-01  5.13523425E-01  3.26379321E+00  6.15085497E-01  4.76767388E-01
 -2.20789677E+00  1.00000000E+00  1.11563343E+00 -9.02781764E-01  5.13419219E-01  3.26405377E+00  6.15065253E-01  4.76817934E-01
 -2.18314354E+00  1.00000000E+00  1.10500882E+00 -9.02561509E-01  5.13524547E-01  3.26360426E+00  6.15016093E-01  4.76745870E-01
 -2.15839032E+00  1.00000000E+00  1.09438420E+00 -9.02341285E-01  5.13608365E-01  3.26315482E+00  6.14966952E-01  4.76673816E-01
 -2.13363709E+00  1.00000000E+00  1.08384593E+00 -9.02416260E-01  5.13648301E-01  3.26323905E+00  6.14992305E-01  4.76684414E-01
 -2.10888387E+00  1.00000000E+00  1.07330765E+00 -9.02491236E-01  5.13685972E-01  3.26332329E+00  6.15017660E-01  4.76695013E-01
 -2.08413064E+00  1.00000000E+00  1.06270096E+00 -9.02505509E-01  5.13701818E-01  3.26327052E+00  6.15035277E-01  4.76682343E-01
 -2.05937741E+00  1.00000000E+00  1.05209426E+00 -9.02519782E-01  5.13706161E-01  3.26321774E+00  6.15052894E-01  4.76669673E-01
 -2.03462419E+00  1.00000000E+00  1.04152115E+00 -9.02504941E-01  5.13695408E-01  3.26310024E+00  6.15068236E-01  4.76645761E-01
 -2.00987096E+00  1.00000000E+00  1.03094804E+00 -9.02490101E-01  5.13622030E-01  3.26298274E+00  6.15083578E-01  4.76621849E-01
 -1.98511774E+00  1.00000000E+00  1.02036339E+00 -9.02555848E-01  5.13564067E-01  3.26298384E+00  6.15117366E-01  4.76615965E-01
 -1.96036451E+00  1.00000000E+00  1.00977873E+00 -9.02621596E-01  5.13535458E-01  3.26298494E+00  6.15151157E-01  4.76610080E-01
 -1.93561128E+00  1.00000000E+00  9.99209161E-01 -9.02690929E-01  5.13475221E-01  3.26313396E+00  6.15169076E-01  4.76633679E-01
 -1.91085806E+00  1.00000000E+00  9.88639594E-01 -9.02760265E-01  5.13340319E-01  3.26328299E+00  6.15186998E-01  4.76657279E-01
 -1.88610483E+00  1.00000000E+00  9.77994689E-01 -9.02661962E-01  5.13278944E-01  3.26319109E+00  6.15144138E-01  4.76648451E-01
 -1.86135161E+00  1.00000000E+00  9.67349784E-01 -9.02563662E-01  5.13214605E-01  3.26309919E+00  6.15101282E-01  4.76639624E-01
 -1.83659838E+00  1.00000000E+00  9.56800763E-01 -9.02546589E-01  5.13294238E-01  3.26265225E+00  6.15169497E-01  4.76546896E-01
 -1.81184516E+00  1.00000000E+00  9.46251741E-01 -9.02529520E-01  5.13331999E-01  3.26220538E+00  6.15237721E-01  4.76454178E-01
 -1.78709193E+00  1.00000000E+00  9.35730784E-01 -9.02700757E-01  5.13197244E-01  3.26258556E+00  6.15274367E-01  4.76516015E-01
 -1.76233870E+00  1.00000000E+00  9.25209826E-01 -9.02872014E-01  5.12971236E-01  3.26296580E+00  6.15311024E-01  4.76577860E-01
 -1.73758548E+00  1.00000000E+00  9.14545428E-01 -9.02668151E-01  5.12968382E-01  3.26267220E+00  6.15244256E-01  4.76537030E-01
 -1.71283225E+00  1.00000000E+00  9.03881029E-01 -9.02464309E-01  5.12950657E-01  3.26237865E+00  6.15177505E-01  4.76496206E-01
 -1.68807903E+00  1.00000000E+00  8.93274409E-01 -9.02566224E-01  5.12915102E-01  3.26232493E+00  6.15237773E-01  4.76475688E-01
 -1.66332580E+00  1.00000000E+00  8.82667789E-01 -9.02668139E-01  5.12928297E-01  3.26227123E+00  6.15298048E-01  4.76455172E-01
 -1.63857257E+00  1.00000000E+00  8.72116585E-01 -9.02522774E-01  5.12984838E-01  3.26204179E+00  6.15261107E-01  4.76420523E-01
 -1.61381935E+00  1.00000000E+00  8.61565381E-01 -9.02377418E-01  5.12948132E-01  3.26181238E+00  6.15224176E-01  4.76385877E-01
 -1.58906612E+00  1.00000000E+00  8.50950873E-01 -9.02370196E-01  5.12865306E-01  3.26159861E+00  6.15250930E-01  4.76342583E-01
 -1.56431290E+00  1.00000000E+00  8.40336365E-01 -9.02362974E-01  5.12860510E-01  3.26138486E+00  6.15277685E-01  4.76299292E-01
 -1.53955967E+00  1.00000000E+00  8.29788974E-01 -9.02266380E-01  5.12863215E-01  3.26087614E+00  6.15313302E-01  4.76201311E-01
 -1.51480644E+00  1.00000000E+00  8.19241583E-01 -9.02169799E-01  5.12826911E-01  3.26036750E+00  6.15348928E-01  4.76103344E-01
 -1.49005322E+00  1.00000000E+00  8.08743154E-01 -9.02303923E-01  5.12740600E-01  3.25987739E+00  6.15512639E-01  4.75985655E-01
 -1.46529999E+00  1.00000000E+00  7.98244725E-01 -9.02438049E-01  5.12559559E-01  3.25938741E+00  6.15676387E-01  4.75867983E-01
 -1.44054677E+00  1.00000000E+00  7.87646540E-01 -9.02508247E-01  5.12344577E-01  3.25957243E+00  6.15687292E-01  4.75899325E-01
 -1.41579354E+00  1.00000000E+00  7.77048354E-01 -9.02578448E-01  5.12034477E-01  3.25975746E+00  6.15698198E-01  4.75930667E-01
 -1.39104031E+00  1.00000000E+00  7.66436398E-01 -9.02138730E-01  5.12088613E-01  3.25865152E+00  6.15639588E-01  4.75742149E-01
 -1.36628709E+00  1.00000000E+00  7.55824442E-01 -9.01699148E-01  5.12123366E-01  3.25754599E+00  6.15581057E-01  4.75553689E-01
 -1.34153386E+00  1.00000000E+00  7.45318882E-01 -9.01871082E-01  5.12021666E-01  3.25718631E+00  6.15734850E-01  4.75461262E-01
 -1.31678064E+00  1.00000000E+00  7.34813323E-01 -9.02043017E-01  5.11894968E-01  3.25682672E+00  6.15888678E-01  4.75368848E-01
 -1.29202741E+00  1.00000000E+00  7.24303817E-01 -9.02003317E-01  5.11719842E-01  3.25637506E+00  6.15949388E-01  4.75276620E-01
 -1.26727418E+00  1.00000000E+00  7.13794310E-01 -9.01963625E-01  5.11477626E-01  3.25592346E+00  6.16010106E-01  4.75184403E-01
 -1.24252096E+00  1.00000000E+00  7.03281756E-01 -9.02054800E-01  5.11262956E-01  3.25564711E+00  6.16108098E-01  4.75117023E-01
 -1.21776773E+00  1.00000000E+00  6.92769202E-01 -9.02145977E-01  5.10983975E-01  3.25537082E+00  6.16206103E-01  4.75049649E-01
 -1.19301451E+00  1.00000000E+00  6.82242334E-01 -9.01663516E-01  5.10901248E-01  3.25381205E+00  6.16206240E-01  4.74769046E-01
 -1.16826128E+00  1.00000000E+00  6.71715466E-01 -9.01181255E-01  5.10828626E-01  3.25225404E+00  6.16206490E-01  4.74488559E-01
 -1.14350806E+00  1.00000000E+00  6.61277403E-01 -9.01337280E-01  5.10621001E-01  3.25193487E+00  6.16346139E-01  4.74405971E-01
 -1.11875483E+00  1.00000000E+00  6.50839341E-01 -9.01493306E-01  5.10338226E-01  3.25161577E+00  6.16485816E-01  4.74323392E-01
 -1.09400160E+00  1.00000000E+00  6.40371228E-01 -9.01345755E-01  5.10108202E-01  3.25081980E+00  6.16537918E-01  4.74170739E-01
 -1.06924838E+00  1.00000000E+00  6.29903115E-01 -9.01198236E-01  5.09930027E-01  3.25002403E+00  6.16590041E-01  4.74018118E-01
 -1.04449515E+00  1.00000000E+00  6.19534009E-01 -9.01099338E-01  5.09737141E-01  3.24888923E+00  6.16732005E-01  4.73788300E-01
 -1.01974193E+00  1.00000000E+00  6.09164904E-01 -9.01000481E-01  5.09510643E-01  3.24775485E+00  6.16874018E-01  4.73558549E-01
 -9.94988700E-01  1.00000000E+00  5.98836419E-01 -9.00849332E-01  5.09236966E-01  3.24659738E+00  6.16993201E-01  4.73328753E-01
 -9.70235474E-01  1.00000000E+00  5.88507934E-01 -9.00698237E-01  5.08948777E-01  3.24544034E+00  6.17112433E-01  4.73099023E-01
 -9.45482248E-01  1.00000000E+00  5.78164041E-01 -9.00590513E-01  5.08665946E-01  3.24451768E+00  6.17208848E-01  4.72915591E-01
 -9.20729022E-01  1.00000000E+00  5.67820148E-01 -9.00482820E-01  5.08423098E-01  3.24359530E+00  6.17305291E-01  4.72732202E-01
 -8.95975796E-01  1.00000000E+00  5.57656994E-01 -9.00258442E-01  5.08177250E-01  3.24196321E+00  6.17465113E-01  4.72409658E-01
 -8.71222570E-01  1.00000000E+00  5.47493841E-01 -9.00034172E-01  5.07903838E-01  3.24033196E+00  6.17625029E-01  4.72087248E-01
 -8.46469344E-01  1.00000000E+00  5.37360271E-01 -9.00112113E-01  5.07576967E-01  3.23943586E+00  6.17829155E-01  4.71889207E-01
 -8.21716118E-01  1.00000000E+00  5.27226702E-01 -9.00190064E-01  5.07193037E-01  3.23854008E+00  6.18033343E-01  4.71691212E-01
 -7.97201467E-01  1.00000000E+00  5.17275601E-01 -9.00126772E-01  5.06977730E-01  3.23783300E+00  6.18118510E-01  4.71548608E-01
 -7.72686817E-01  1.00000000E+00  5.07324500E-01 -9.00063495E-01  5.06771137E-01  3.23712608E+00  6.18203695E-01  4.71406030E-01
 -7.49503432E-01  1.00000000E+00  4.98020595E-01 -8.99926632E-01  5.06599077E-01  3.23648426E+00  6.18239687E-01  4.71284023E-01
 -7.26320047E-01  1.00000000E+00  4.88716690E-01 -8.99789791E-01  5.06447107E-01  3.23584256E+00  6.18275694E-01  4.71162035E-01
 -7.04527831E-01  1.00000000E+00  4.80122376E-01 -8.99774674E-01  5.06289968E-01  3.23528087E+00  6.18372148E-01  4.71043570E-01
 -6.82735615E-01  1.00000000E+00  4.71528062E-01 -8.99759565E-01  5.06192261E-01  3.23471930E+00  6.18468620E-01  4.70925122E-01
 -6.62251087E-01  1.00000000E+00  4.63488919E-01 -8.99634349E-01  5.06307749E-01  3.23515474E+00  6.18312833E-01  4.71031542E-01
 -6.41766559E-01  1.00000000E+00  4.55449777E-01 -8.99509139E-01  5.06456301E-01  3.23559028E+00  6.18157081E-01  4.71137976E-01
 -6.22511254E-01  1.00000000E+00  4.48096919E-01 -8.99471680E-01  5.06554023E-01  3.23573235E+00  6.18114736E-01  4.71171170E-01
 -6.03255949E-01  1.00000000E+00  4.40744061E-01 -8.99434221E-01  5.06683013E-01  3.23587443E+00  6.18072394E-01  4.71204367E-01
 -5.85156097E-01  1.00000000E+00  4.33993376E-01 -8.99546249E-01  5.06826632E-01  3.23622911E+00  6.18073839E-01  4.71267950E-01
 -5.67056245E-01  1.00000000E+00  4.27242692E-01 -8.99658286E-01  5.07037299E-01  3.23658384E+00  6.18075289E-01  4.71331538E-01
 -5.50042515E-01  1.00000000E+00  4.20937767E-01 -8.99751453E-01  5.07454207E-01  3.23833301E+00  6.17818620E-01  4.71692589E-01
 -5.33028786E-01  1.00000000E+00  4.14632843E-01 -8.99844702E-01  5.07843396E-01  3.24008320E+00  6.17562085E-01  4.72053801E-01
 -5.17036006E-01  1.00000000E+00  4.08928844E-01 -9.00284694E-01  5.08265518E-01  3.24199119E+00  6.17493162E-01  4.72409645E-01
 -5.01043227E-01  1.00000000E+00  4.03224844E-01 -9.00724911E-01  5.08698732E-01  3.24390030E+00  6.17424359E-01  4.72765670E-01
 -4.86010125E-01  1.00000000E+00  3.97932989E-01 -9.00822254E-01  5.09260916E-01  3.24602773E+00  6.17101697E-01  4.73206687E-01
 -4.70977023E-01  1.00000000E+00  3.92641133E-01 -9.00919713E-01  5.09996126E-01  3.24815669E+00  6.16779242E-01  4.73647940E-01
 -4.56846016E-01  1.00000000E+00  3.87915839E-01 -9.01224371E-01  5.10646685E-01  3.25132104E+00  6.16402032E-01  4.74285422E-01
 -4.42715008E-01  1.00000000E+00  3.83190546E-01 -9.01529358E-01  5.11509295E-01  3.25448862E+00  6.16025194E-01  4.74923417E-01
 -4.29431964E-01  1.00000000E+00  3.78781443E-01 -9.02221543E-01  5.12658895E-01  3.25920034E+00  6.15610769E-01  4.75846123E-01
 -4.16148920E-01  1.00000000E+00  3.74372340E-01 -9.02914662E-01  5.13838580E-01  3.26391897E+00  6.15197072E-01  4.76769942E-01
 -4.03662954E-01  1.00000000E+00  3.70474428E-01 -9.03062760E-01  5.14725347E-01  3.26759069E+00  6.14645666E-01  4.77530104E-01
 -3.91176988E-01  1.00000000E+00  3.66576515E-01 -9.03211182E-01  5.15899663E-01  3.27126694E+00  6.14094847E-01  4.78290976E-01
 -3.79440270E-01  1.00000000E+00  3.62997893E-01 -9.03996521E-01  5.17165866E-01  3.27647230E+00  6.13638490E-01  4.79310087E-01
 -3.67703552E-01  1.00000000E+00  3.59419270E-01 -9.04783025E-01  5.18634480E-01  3.28168604E+00  6.13183055E-01  4.80330537E-01
 -3.56671122E-01  1.00000000E+00  3.56286503E-01 -9.05462555E-01  5.20364655E-01  3.28815709E+00  6.12459591E-01  4.81625550E-01
 -3.45638692E-01  1.00000000E+00  3.53153737E-01 -9.06143506E-01  5.22005372E-01  3.29464139E+00  6.11737605E-01  4.82922681E-01
 -3.35268287E-01  1.00000000E+00  3.50373697E-01 -9.06615218E-01  5.23210463E-01  3.29992924E+00  6.11108361E-01  4.83987758E-01
 -3.24897882E-01  1.00000000E+00  3.47593657E-01 -9.07087794E-01  5.24840391E-01  3.30522600E+00  6.10480116E-01  4.85054260E-01
 -3.15149775E-01  1.00000000E+00  3.45043096E-01 -9.08062591E-01  5.26758357E-01  3.31300859E+00  6.09722563E-01  4.86591486E-01
 -3.05401669E-01  1.00000000E+00  3.42492536E-01 -9.09039637E-01  5.28791511E-01  3.32080996E+00  6.08966979E-01  4.88131736E-01
 -2.96238520E-01  1.00000000E+00  3.40315074E-01 -9.09469456E-01  5.30718020E-01  3.32917840E+00  6.07792137E-01  4.89849528E-01
 -2.87075371E-01  1.00000000E+00  3.38137613E-01 -9.09901026E-01  5.33091576E-01  3.33756974E+00  6.06620132E-01  4.91570930E-01
 -2.78462077E-01  1.00000000E+00  3.36280163E-01 -9.11152270E-01  5.35688500E-01  3.34698227E+00  6.05745984E-01  4.93422531E-01
 -2.69848783E-01  1.00000000E+00  3.34422714E-01 -9.12406913E-01  5.38280460E-01  3.35642184E+00  6.04874709E-01  4.95278483E-01
 -2.61752348E-01  1.00000000E+00  3.32964001E-01 -9.13572369E-01  5.40528359E-01  3.36558906E+00  6.04016314E-01  4.97083095E-01
 -2.53655913E-01  1.00000000E+00  3.31505287E-01 -9.14740921E-01  5.43083542E-01  3.37478189E+00  6.03160558E-01  4.98891840E-01
 -2.46045323E-01  1.00000000E+00  3.30137660E-01 -9.15348351E-01  5.45937144E-01  3.38504207E+00  6.01811959E-01  5.00981420E-01
 -2.38434732E-01  1.00000000E+00  3.28770033E-01 -9.15958436E-01  5.48756675E-01  3.39533586E+00  6.00467282E-01  5.03076343E-01
 -2.31280830E-01  1.00000000E+00  3.27806671E-01 -9.17021822E-01  5.51394946E-01  3.40543270E+00  5.99423599E-01  5.05081638E-01
 -2.24126928E-01  1.00000000E+00  3.26843310E-01 -9.18088498E-01  5.54230833E-01  3.41556066E+00  5.98383141E-01  5.07091954E-01
 -2.17402314E-01  1.00000000E+00  3.26134770E-01 -9.19568370E-01  5.56933243E-01  3.42637426E+00  5.97459768E-01  5.09204608E-01
 -2.10677699E-01  1.00000000E+00  3.25426230E-01 -9.21052685E-01  5.59849047E-01  3.43722264E+00  5.96539907E-01  5.11322892E-01
 -2.04351753E-01  1.00000000E+00  3.24903611E-01 -9.22063442E-01  5.63254612E-01  3.44993851E+00  5.95066915E-01  5.13876888E-01
 -1.98025807E-01  1.00000000E+00  3.24380993E-01 -9.23078648E-01  5.66645884E-01  3.46270412E+00  5.93599278E-01  5.16438871E-01
 -1.91837501E-01  1.00000000E+00  3.24053216E-01 -9.24487781E-01  5.70245607E-01  3.47641134E+00  5.92229972E-01  5.19152646E-01
 -1.85649194E-01  1.00000000E+00  3.23725440E-01 -9.25902709E-01  5.74034743E-01  3.49017488E+00  5.90866242E-01  5.21875555E-01
 -1.79460888E-01  1.00000000E+00  3.23526717E-01 -9.26798215E-01  5.78483890E-01  3.50655844E+00  5.88806237E-01  5.25195396E-01
 -1.73272582E-01  1.00000000E+00  3.23327994E-01 -9.27699877E-01  5.82985594E-01  3.52302511E+00  5.86755396E-01  5.28528548E-01
 -1.67084275E-01  1.00000000E+00  3.23837281E-01 -9.29972888E-01  5.87344835E-01  3.53936127E+00  5.85493022E-01  5.31696284E-01
 -1.60895969E-01  1.00000000E+00  3.24346569E-01 -9.32255766E-01  5.92010276E-01  3.55577424E+00  5.84237892E-01  5.34876543E-01
 -1.54707662E-01  1.00000000E+00  3.24671965E-01 -9.33300914E-01  5.97758940E-01  3.57664191E+00  5.81652418E-01  5.39098109E-01
 -1.48519356E-01  1.00000000E+00  3.24997361E-01 -9.34355395E-01  6.03519283E-01  3.59764245E+00  5.79081233E-01  5.43341018E-01
 -1.42331049E-01  1.00000000E+00  3.26176014E-01 -9.38120334E-01  6.10128282E-01  3.62214880E+00  5.77490458E-01  5.48038501E-01
 -1.36142743E-01  1.00000000E+00  3.27354666E-01 -9.41908645E-01  6.16851402E-01  3.64682323E+00  5.75914798E-01  5.52763517E-01
 -1.29954436E-01  1.00000000E+00  3.28926413E-01 -9.43300186E-01  6.22866074E-01  3.66916156E+00  5.73423767E-01  5.57232802E-01
 -1.23766130E-01  1.00000000E+00  3.30498161E-01 -9.44702752E-01  6.29758157E-01  3.69164650E+00  5.70947173E-01  5.61725879E-01
 -1.17577823E-01  1.00000000E+00  3.32897682E-01 -9.47366009E-01  6.37059056E-01  3.72039254E+00  5.68271757E-01  5.67381741E-01
 -1.11389517E-01  1.00000000E+00  3.35297203E-01 -9.50051187E-01  6.45524118E-01  3.74937202E+00  5.65617487E-01  5.73075815E-01
 -1.05201210E-01  1.00000000E+00  3.38378551E-01 -9.53473719E-01  6.56670563E-01  3.78909560E+00  5.61904527E-01  5.80894394E-01
 -9.90129037E-02  1.00000000E+00  3.41459899E-01 -9.56935459E-01  6.67935403E-01  3.82926007E+00  5.58230809E-01  5.88785266E-01
 -9.28245972E-02  1.00000000E+00  3.45520608E-01 -9.58607866E-01  6.81170852E-01  3.87143009E+00  5.53452682E-01  5.97235934E-01
 -8.66362908E-02  1.00000000E+00  3.49581317E-01 -9.60310348E-01  6.93821130E-01  3.91410797E+00  5.48723216E-01  6.05769256E-01
 -8.04479843E-02  1.00000000E+00  3.56211856E-01 -9.69205057E-01  7.07606624E-01  3.96539849E+00  5.46630715E-01  6.15378200E-01
 -7.42596778E-02  1.00000000E+00  3.62842395E-01 -9.78203975E-01  7.22948808E-01  4.01736026E+00  5.44592257E-01  6.25098240E-01
 -6.80713713E-02  1.00000000E+00  3.71117904E-01 -9.72351769E-01  7.43158403E-01  4.08092414E+00  5.33890997E-01  6.38465966E-01
 -6.18830648E-02  1.00000000E+00  3.79393414E-01 -9.66501285E-01  7.64055438E-01  4.14580799E+00  5.23369722E-01  6.52038889E-01
 -5.56947583E-02  1.00000000E+00  3.86949213E-01 -1.01402106E+00  7.88840293E-01  4.24310065E+00  5.34658721E-01  6.67519548E-01
 -4.95064519E-02  1.00000000E+00  3.94505012E-01 -1.06273460E+00  8.07647083E-01  4.34339976E+00  5.46691846E-01  6.83407425E-01
 -4.33181454E-02  1.00000000E+00  4.47984632E-01 -9.92907042E-01  8.16989432E-01  4.32607192E+00  5.15984001E-01  6.85815825E-01
 -3.71298389E-02  1.00000000E+00  5.01464251E-01 -9.24190725E-01  8.48741376E-01  4.31274498E+00  4.87316619E-01  6.88577105E-01
 -3.09415324E-02  1.00000000E+00  4.19471977E-01 -8.81439748E-01  8.91611243E-01  4.35450270E+00  4.64912849E-01  7.00126174E-01
 -2.47532259E-02  1.00000000E+00  3.37479702E-01 -8.38822594E-01  9.16767363E-01  4.39893426E+00  4.43547432E-01  7.11969628E-01
 -1.85649194E-02  1.00000000E+00  7.64950241E-01 -1.15395451E+00  1.02812268E+00  5.26480822E+00  4.94981191E-01  8.58568866E-01
 -1.23766130E-02  1.00000000E+00  1.19242078E+00 -1.53367905E+00  1.23949389E+00  6.32808007E+00  5.77422695E-01  1.03511833E+00
 -6.18830648E-03  1.00000000E+00  6.72115098E-01  4.52393387E-01  2.42430126E+00  6.26253121E+00  2.42957986E-01  1.08352318E+00
  0.00000000E+00  1.00000000E+00  1.51809418E-01  3.21852016E+00  5.33637480E+00  9.85006865E+00  1.18689377E+00  1.55937148E+00
