# curve 5 (die wall), step =      335, time =   6.70000000E+01
# N1 = tau_xx - tau_yy = G ( c_xx - c_yy ),  G =  9.3000E+00  (polymer part only)
#              x               y        pressure            c_xy        gammadot            c_xx            c_yy              N1
 -3.00000000E+00  1.00000000E+00  2.59583601E+00 -3.99992201E-02  3.99991029E-01  1.00319648E+00  1.00000128E+00  2.97153864E-02
 -2.95108291E+00  1.00000000E+00  2.55671630E+00 -3.99995387E-02  3.99994973E-01  1.00319706E+00  1.00000095E+00  2.97237886E-02
 -2.90216582E+00  1.00000000E+00  2.51759658E+00 -3.99998573E-02  3.99998305E-01  1.00319764E+00  1.00000063E+00  2.97321907E-02
 -2.85324873E+00  1.00000000E+00  2.47845887E+00 -3.99999767E-02  3.99998973E-01  1.00319625E+00  1.00000115E+00  2.97144880E-02
 -2.80433164E+00  1.00000000E+00  2.43932116E+00 -4.00000961E-02  3.99998810E-01  1.00319487E+00  1.00000166E+00  2.96967853E-02
 -2.75541455E+00  1.00000000E+00  2.40018789E+00 -4.00000835E-02  3.99999833E-01  1.00319663E+00  1.00000112E+00  2.97182341E-02
 -2.70649746E+00  1.00000000E+00  2.36105463E+00 -4.00000708E-02  3.99999667E-01  1.00319838E+00  1.00000057E+00  2.97396830E-02
 -2.65758037E+00  1.00000000E+00  2.32192095E+00 -4.00000632E-02  3.99999552E-01  1.00319773E+00  1.00000077E+00  2.97317551E-02
 -2.60866328E+00  1.00000000E+00  2.28278727E+00 -4.00000557E-02  3.99999358E-01  1.00319708E+00  1.00000097E+00  2.97238272E-02
 -2.55974619E+00  1.00000000E+00  2.24365301E+00 -4.00000142E-02  3.99999458E-01  1.00319791E+00  1.00000071E+00  2.97339496E-02
 -2.51082911E+00  1.00000000E+00  2.20451874E+00 -3.99999727E-02  3.99999971E-01  1.00319873E+00  1.00000044E+00  2.97440721E-02
 -2.46191202E+00  1.00000000E+00  2.16538514E+00 -3.99999459E-02  3.99998604E-01  1.00319783E+00  1.00000072E+00  2.97330875E-02
 -2.41299493E+00  1.00000000E+00  2.12625154E+00 -3.99999190E-02  3.99997705E-01  1.00319692E+00  1.00000100E+00  2.97221029E-02
 -2.36407784E+00  1.00000000E+00  2.08711757E+00 -3.99998406E-02  3.99997850E-01  1.00319782E+00  1.00000070E+00  2.97332291E-02
 -2.31516075E+00  1.00000000E+00  2.04798361E+00 -3.99997621E-02  3.99997414E-01  1.00319872E+00  1.00000041E+00  2.97443552E-02
 -2.26624366E+00  1.00000000E+00  2.00884995E+00 -3.99996913E-02  3.99996444E-01  1.00319786E+00  1.00000069E+00  2.97337324E-02
 -2.21732657E+00  1.00000000E+00  1.96971629E+00 -3.99996206E-02  3.99995598E-01  1.00319700E+00  1.00000097E+00  2.97231097E-02
 -2.16840948E+00  1.00000000E+00  1.93058301E+00 -3.99994935E-02  3.99993754E-01  1.00319649E+00  1.00000114E+00  2.97168199E-02
 -2.11949239E+00  1.00000000E+00  1.89144972E+00 -3.99993664E-02  3.99991497E-01  1.00319598E+00  1.00000130E+00  2.97105301E-02
 -2.07057530E+00  1.00000000E+00  1.85231718E+00 -3.99990772E-02  3.99989873E-01  1.00319623E+00  1.00000123E+00  2.97135166E-02
 -2.02165821E+00  1.00000000E+00  1.81318464E+00 -3.99987880E-02  3.99987423E-01  1.00319648E+00  1.00000116E+00  2.97165031E-02
 -1.97274112E+00  1.00000000E+00  1.77405202E+00 -3.99984386E-02  3.99983356E-01  1.00319547E+00  1.00000146E+00  2.97042501E-02
 -1.92382403E+00  1.00000000E+00  1.73491940E+00 -3.99980892E-02  3.99978547E-01  1.00319445E+00  1.00000177E+00  2.96919971E-02
 -1.87490694E+00  1.00000000E+00  1.69578925E+00 -3.99975190E-02  3.99973764E-01  1.00319584E+00  1.00000128E+00  2.97094707E-02
 -1.82598985E+00  1.00000000E+00  1.65665910E+00 -3.99969489E-02  3.99968176E-01  1.00319723E+00  1.00000079E+00  2.97269442E-02
 -1.77707276E+00  1.00000000E+00  1.61753270E+00 -3.99961707E-02  3.99961435E-01  1.00319622E+00  1.00000112E+00  2.97144237E-02
 -1.72815567E+00  1.00000000E+00  1.57840630E+00 -3.99953926E-02  3.99952354E-01  1.00319522E+00  1.00000146E+00  2.97019031E-02
 -1.67923858E+00  1.00000000E+00  1.53928266E+00 -3.99941669E-02  3.99940702E-01  1.00319567E+00  1.00000124E+00  2.97082339E-02
 -1.63032150E+00  1.00000000E+00  1.50015901E+00 -3.99929411E-02  3.99929587E-01  1.00319613E+00  1.00000101E+00  2.97145648E-02
 -1.58140441E+00  1.00000000E+00  1.46104480E+00 -3.99915895E-02  3.99914498E-01  1.00319508E+00  1.00000131E+00  2.97020385E-02
 -1.53248732E+00  1.00000000E+00  1.42193060E+00 -3.99902379E-02  3.99899937E-01  1.00319403E+00  1.00000161E+00  2.96895122E-02
 -1.48357023E+00  1.00000000E+00  1.38283169E+00 -3.99882688E-02  3.99882572E-01  1.00319380E+00  1.00000170E+00  2.96864926E-02
 -1.43465314E+00  1.00000000E+00  1.34373279E+00 -3.99862997E-02  3.99860560E-01  1.00319357E+00  1.00000180E+00  2.96834730E-02
 -1.38573605E+00  1.00000000E+00  1.30465011E+00 -3.99837890E-02  3.99835738E-01  1.00319407E+00  1.00000153E+00  2.96906370E-02
 -1.33681896E+00  1.00000000E+00  1.26556743E+00 -3.99812783E-02  3.99813970E-01  1.00319457E+00  1.00000126E+00  2.96978010E-02
 -1.28790187E+00  1.00000000E+00  1.22652005E+00 -3.99791121E-02  3.99789926E-01  1.00319374E+00  1.00000131E+00  2.96896399E-02
 -1.23898478E+00  1.00000000E+00  1.18747267E+00 -3.99769459E-02  3.99765758E-01  1.00319292E+00  1.00000136E+00  2.96814788E-02
 -1.19006769E+00  1.00000000E+00  1.14847267E+00 -3.99745734E-02  3.99743485E-01  1.00319193E+00  1.00000212E+00  2.96652362E-02
 -1.14115060E+00  1.00000000E+00  1.10947267E+00 -3.99722009E-02  3.99719609E-01  1.00319095E+00  1.00000288E+00  2.96489936E-02
 -1.09223351E+00  1.00000000E+00  1.07055621E+00 -3.99724798E-02  3.99719696E-01  1.00319030E+00  1.00000308E+00  2.96412028E-02
 -1.04331642E+00  1.00000000E+00  1.03163975E+00 -3.99727587E-02  3.99722813E-01  1.00318966E+00  1.00000327E+00  2.96334119E-02
 -9.94399333E-01  1.00000000E+00  9.92815458E-01 -3.99758056E-02  3.99750638E-01  1.00319191E+00  1.00000231E+00  2.96632976E-02
 -9.45482243E-01  1.00000000E+00  9.53991167E-01 -3.99788525E-02  3.99793697E-01  1.00319416E+00  1.00000134E+00  2.96931833E-02
 -8.96565154E-01  1.00000000E+00  9.15339197E-01 -3.99921395E-02  3.99912135E-01  1.00319507E+00  1.00000250E+00  2.96909108E-02
 -8.47648064E-01  1.00000000E+00  8.76687226E-01 -4.00054264E-02  4.00061010E-01  1.00319598E+00  1.00000365E+00  2.96886382E-02
 -7.99501858E-01  1.00000000E+00  8.38892090E-01 -4.00345024E-02  4.00311876E-01  1.00319780E+00  1.00000707E+00  2.96737957E-02
 -7.51355652E-01  1.00000000E+00  8.01096953E-01 -4.00635785E-02  4.00641757E-01  1.00319962E+00  1.00001049E+00  2.96589532E-02
 -7.08111109E-01  1.00000000E+00  7.67417317E-01 -4.01155634E-02  4.01077721E-01  1.00321067E+00  1.00000800E+00  2.97848524E-02
 -6.64866566E-01  1.00000000E+00  7.33737681E-01 -4.01675487E-02  4.01692789E-01  1.00322173E+00  1.00000552E+00  2.99107523E-02
 -6.26599939E-01  1.00000000E+00  7.04196146E-01 -4.02545428E-02  4.02488083E-01  1.00322926E+00  1.00001268E+00  2.99142276E-02
 -5.88333313E-01  1.00000000E+00  6.74654612E-01 -4.03415379E-02  4.03394141E-01  1.00323680E+00  1.00001984E+00  2.99177030E-02
 -5.54471587E-01  1.00000000E+00  6.48953190E-01 -4.04680296E-02  4.04583991E-01  1.00326907E+00  1.00000765E+00  3.03311959E-02
 -5.20609860E-01  1.00000000E+00  6.23251769E-01 -4.05945231E-02  4.05914413E-01  1.00330135E+00  9.99995467E-01  3.07446943E-02
 -4.90645977E-01  1.00000000E+00  6.00585870E-01 -4.07619591E-02  4.07487773E-01  1.00331279E+00  1.00001261E+00  3.06916698E-02
 -4.60682095E-01  1.00000000E+00  5.77919970E-01 -4.09293987E-02  4.09225581E-01  1.00332426E+00  1.00002978E+00  3.06386445E-02
 -4.34167380E-01  1.00000000E+00  5.58612517E-01 -4.11587685E-02  4.11412893E-01  1.00337788E+00  1.00001347E+00  3.12889964E-02
 -4.07652666E-01  1.00000000E+00  5.39305064E-01 -4.13881446E-02  4.13804520E-01  1.00343155E+00  9.99997214E-01  3.19393648E-02
 -3.84190072E-01  1.00000000E+00  5.22147169E-01 -4.16524972E-02  4.16351744E-01  1.00346391E+00  1.00000884E+00  3.21321406E-02
 -3.60727478E-01  1.00000000E+00  5.04989274E-01 -4.19168586E-02  4.19146587E-01  1.00349634E+00  1.00002054E+00  3.23249228E-02
 -3.39965684E-01  1.00000000E+00  4.90367920E-01 -4.22596262E-02  4.22502796E-01  1.00356734E+00  1.00000702E+00  3.31109676E-02
 -3.19203889E-01  1.00000000E+00  4.75746566E-01 -4.26024086E-02  4.26044126E-01  1.00363846E+00  9.99993614E-01  3.38970438E-02
 -3.00831998E-01  1.00000000E+00  4.63118378E-01 -4.30141136E-02  4.29954206E-01  1.00369453E+00  1.00000883E+00  3.42770141E-02
 -2.82460107E-01  1.00000000E+00  4.50490190E-01 -4.34258408E-02  4.34203466E-01  1.00375077E+00  1.00002421E+00  3.46570044E-02
 -2.66203017E-01  1.00000000E+00  4.39804162E-01 -4.39119639E-02  4.38928301E-01  1.00384990E+00  1.00001019E+00  3.57092964E-02
 -2.49945927E-01  1.00000000E+00  4.29118133E-01 -4.43981180E-02  4.43907932E-01  1.00394927E+00  9.99996406E-01  3.67616508E-02
 -2.35560203E-01  1.00000000E+00  4.19920650E-01 -4.49428241E-02  4.49200672E-01  1.00404446E+00  9.99998195E-01  3.76302309E-02
 -2.21174479E-01  1.00000000E+00  4.10723167E-01 -4.54875697E-02  4.54939319E-01  1.00413994E+00  1.00000028E+00  3.84988706E-02
 -2.08421419E-01  1.00000000E+00  4.02931921E-01 -4.61516952E-02  4.61245249E-01  1.00425203E+00  1.00001201E+00  3.94321707E-02
 -1.95668358E-01  1.00000000E+00  3.95140675E-01 -4.68158826E-02  4.67952890E-01  1.00436457E+00  1.00002419E+00  4.03655541E-02
 -1.83439085E-01  1.00000000E+00  3.88683981E-01 -4.76067047E-02  4.75694703E-01  1.00453969E+00  9.99998120E-01  4.22366336E-02
 -1.71209813E-01  1.00000000E+00  3.82227288E-01 -4.83976150E-02  4.83839306E-01  1.00471546E+00  9.99972679E-01  4.41079075E-02
 -1.58980541E-01  1.00000000E+00  3.75889205E-01 -4.94267747E-02  4.93850205E-01  1.00486777E+00  1.00002198E+00  4.50658640E-02
 -1.46751268E-01  1.00000000E+00  3.69551122E-01 -5.04560900E-02  5.04557278E-01  1.00502114E+00  1.00007233E+00  4.60239651E-02
 -1.34521996E-01  1.00000000E+00  3.65136117E-01 -5.18509545E-02  5.18208463E-01  1.00543082E+00  9.99950705E-01  5.09650914E-02
 -1.22292724E-01  1.00000000E+00  3.60721112E-01 -5.32461217E-02  5.32540981E-01  1.00584257E+00  9.99831043E-01  5.59072034E-02
 -1.10063451E-01  1.00000000E+00  3.54071679E-01 -5.53453966E-02  5.53298857E-01  1.00589286E+00  1.00023243E+00  5.26420486E-02
 -9.78341789E-02  1.00000000E+00  3.47422247E-01 -5.74453849E-02  5.74217452E-01  1.00594755E+00  1.00063830E+00  4.93759836E-02
 -8.56049065E-02  1.00000000E+00  3.62999156E-01 -6.04553763E-02  6.02310084E-01  1.00777565E+00  9.99548243E-01  7.65148667E-02
 -7.33756342E-02  1.00000000E+00  3.78576064E-01 -6.34670878E-02  6.36319018E-01  1.00961568E+00  9.98468634E-01  1.03667563E-01
 -6.11463618E-02  1.00000000E+00  3.07736201E-01 -6.85220621E-02  6.99577307E-01  1.00952253E+00  9.99798273E-01  9.04355466E-02
 -4.89170895E-02  1.00000000E+00  2.36896338E-01 -7.35816844E-02  7.49431883E-01  1.00945488E+00  1.00115449E+00  7.71936250E-02
 -3.66878171E-02  1.00000000E+00  5.73249708E-01 -9.27040507E-02  8.45127774E-01  1.00956160E+00  1.00706665E+00  2.32030155E-02
 -2.44585447E-02  1.00000000E+00  9.09603078E-01 -1.11914602E-01  1.04152149E+00  1.01003151E+00  1.01336518E+00 -3.10030907E-02
 -1.22292724E-02  1.00000000E+00 -2.36464429E-01 -1.09707139E-01  1.69561402E+00  1.12240043E+00  9.23205520E-01  1.85251270E+00
  0.00000000E+00  1.00000000E+00 -1.38253194E+00 -1.07813330E-01  2.89504788E+00  1.24737351E+00  8.41071651E-01  3.77860725E+00
