# curve 5 (die wall), step =      300, time =   1.20000000E+02
# N1 = tau_xx - tau_yy = G ( c_xx - c_yy ),  G =  3.3333E-02  (polymer part only)
#              x               y        pressure            c_xy        gammadot            c_xx            c_yy              N1
 -3.00000000E+00  1.00000000E+00  2.71065517E+00 -2.86098196E+00  4.07352602E-01  1.87506243E+01  9.18045372E-01  5.94419297E-01
 -2.97524677E+00  1.00000000E+00  2.69179125E+00 -2.86096023E+00  4.07363064E-01  1.87499571E+01  9.18060000E-01  5.94396569E-01
 -2.95049355E+00  1.00000000E+00  2.67292734E+00 -2.86093851E+00  4.07370029E-01  1.87492899E+01  9.18074628E-01  5.94373842E-01
 -2.92574032E+00  1.00000000E+00  2.65407590E+00 -2.86115808E+00  4.07376258E-01  1.87511600E+01  9.18095377E-01  5.94435486E-01
 -2.90098710E+00  1.00000000E+00  2.63522445E+00 -2.86137766E+00  4.07372387E-01  1.87530302E+01  9.18116128E-01  5.94497136E-01
 -2.87623387E+00  1.00000000E+00  2.61643543E+00 -2.86188382E+00  4.07359946E-01  1.87584082E+01  9.18149116E-01  5.94675304E-01
 -2.85148064E+00  1.00000000E+00  2.59764640E+00 -2.86239008E+00  4.07338190E-01  1.87637878E+01  9.18182108E-01  5.94853524E-01
 -2.82672742E+00  1.00000000E+00  2.57878365E+00 -2.86141775E+00  4.07322142E-01  1.87586481E+01  9.18035044E-01  5.94687101E-01
 -2.80197419E+00  1.00000000E+00  2.55992091E+00 -2.86044571E+00  4.07329752E-01  1.87535098E+01  9.17888040E-01  5.94520724E-01
 -2.77722097E+00  1.00000000E+00  2.54103657E+00 -2.86055650E+00  4.07339685E-01  1.87512989E+01  9.17949766E-01  5.94444972E-01
 -2.75246774E+00  1.00000000E+00  2.52215224E+00 -2.86066725E+00  4.07351397E-01  1.87490884E+01  9.18011493E-01  5.94369230E-01
 -2.72771451E+00  1.00000000E+00  2.50337975E+00 -2.86116452E+00  4.07349009E-01  1.87506624E+01  9.18130886E-01  5.94417718E-01
 -2.70296129E+00  1.00000000E+00  2.48460726E+00 -2.86166184E+00  4.07326053E-01  1.87522366E+01  9.18250300E-01  5.94466210E-01
 -2.67820806E+00  1.00000000E+00  2.46573027E+00 -2.86108214E+00  4.07319069E-01  1.87509388E+01  9.18092636E-01  5.94428206E-01
 -2.65345484E+00  1.00000000E+00  2.44685329E+00 -2.86050251E+00  4.07334115E-01  1.87496412E+01  9.17935003E-01  5.94390205E-01
 -2.62870161E+00  1.00000000E+00  2.42802809E+00 -2.86072052E+00  4.07347897E-01  1.87488147E+01  9.18011462E-01  5.94360109E-01
 -2.60394839E+00  1.00000000E+00  2.40920289E+00 -2.86093852E+00  4.07353300E-01  1.87479884E+01  9.18087926E-01  5.94330016E-01
 -2.57919516E+00  1.00000000E+00  2.39037208E+00 -2.86111648E+00  4.07361790E-01  1.87494418E+01  9.18122906E-01  5.94377297E-01
 -2.55444193E+00  1.00000000E+00  2.37154126E+00 -2.86129445E+00  4.07348834E-01  1.87508954E+01  9.18157887E-01  5.94424583E-01
 -2.52968871E+00  1.00000000E+00  2.35273063E+00 -2.86179358E+00  4.07328014E-01  1.87548564E+01  9.18228627E-01  5.94554260E-01
 -2.50493548E+00  1.00000000E+00  2.33391999E+00 -2.86229281E+00  4.07298457E-01  1.87588183E+01  9.18299377E-01  5.94683965E-01
 -2.48018226E+00  1.00000000E+00  2.31503505E+00 -2.86129096E+00  4.07297583E-01  1.87539831E+01  9.18111202E-01  5.94529065E-01
 -2.45542903E+00  1.00000000E+00  2.29615011E+00 -2.86028940E+00  4.07320329E-01  1.87491492E+01  9.17923094E-01  5.94374204E-01
 -2.43067580E+00  1.00000000E+00  2.27729863E+00 -2.86043793E+00  4.07344504E-01  1.87480406E+01  9.17971687E-01  5.94335631E-01
 -2.40592258E+00  1.00000000E+00  2.25844716E+00 -2.86058643E+00  4.07365627E-01  1.87469321E+01  9.18020283E-01  5.94297061E-01
 -2.38116935E+00  1.00000000E+00  2.23965743E+00 -2.86111559E+00  4.07360440E-01  1.87485886E+01  9.18155289E-01  5.94347778E-01
 -2.35641613E+00  1.00000000E+00  2.22086771E+00 -2.86164481E+00  4.07334089E-01  1.87502453E+01  9.18290319E-01  5.94398500E-01
 -2.33166290E+00  1.00000000E+00  2.20201544E+00 -2.86125771E+00  4.07326781E-01  1.87509109E+01  9.18153966E-01  5.94425232E-01
 -2.30690967E+00  1.00000000E+00  2.18316318E+00 -2.86087060E+00  4.07336325E-01  1.87515766E+01  9.18017631E-01  5.94451966E-01
 -2.28215645E+00  1.00000000E+00  2.16429145E+00 -2.86068602E+00  4.07349744E-01  1.87505357E+01  9.17972237E-01  5.94418783E-01
 -2.25740322E+00  1.00000000E+00  2.14541973E+00 -2.86050145E+00  4.07364923E-01  1.87494949E+01  9.17926845E-01  5.94385601E-01
 -2.23265000E+00  1.00000000E+00  2.12663213E+00 -2.86152484E+00  4.07360772E-01  1.87536873E+01  9.18150581E-01  5.94517891E-01
 -2.20789677E+00  1.00000000E+00  2.10784453E+00 -2.86254851E+00  4.07325614E-01  1.87578807E+01  9.18374395E-01  5.94650211E-01
 -2.18314354E+00  1.00000000E+00  2.08898112E+00 -2.86177368E+00  4.07305626E-01  1.87535868E+01  9.18248135E-01  5.94511288E-01
 -2.15839032E+00  1.00000000E+00  2.07011770E+00 -2.86099903E+00  4.07307680E-01  1.87492938E+01  9.18121911E-01  5.94372396E-01
 -2.13363709E+00  1.00000000E+00  2.05128552E+00 -2.86080025E+00  4.07315129E-01  1.87481735E+01  9.18079063E-01  5.94336480E-01
 -2.10888387E+00  1.00000000E+00  2.03245334E+00 -2.86060148E+00  4.07331211E-01  1.87470532E+01  9.18036218E-01  5.94300566E-01
 -2.08413064E+00  1.00000000E+00  2.01358827E+00 -2.86070109E+00  4.07349220E-01  1.87464897E+01  9.18066975E-01  5.94280756E-01
 -2.05937741E+00  1.00000000E+00  1.99472321E+00 -2.86080071E+00  4.07353180E-01  1.87459261E+01  9.18097733E-01  5.94260947E-01
 -2.03462419E+00  1.00000000E+00  1.97591921E+00 -2.86081365E+00  4.07345818E-01  1.87474140E+01  9.18082560E-01  5.94311048E-01
 -2.00987096E+00  1.00000000E+00  1.95711521E+00 -2.86082658E+00  4.07337206E-01  1.87489020E+01  9.18067387E-01  5.94361154E-01
 -1.98511774E+00  1.00000000E+00  1.93823201E+00 -2.86073787E+00  4.07338167E-01  1.87481833E+01  9.18049671E-01  5.94337789E-01
 -1.96036451E+00  1.00000000E+00  1.91934882E+00 -2.86064916E+00  4.07340540E-01  1.87474647E+01  9.18031955E-01  5.94314425E-01
 -1.93561128E+00  1.00000000E+00  1.90058826E+00 -2.86150873E+00  4.07325933E-01  1.87512246E+01  9.18217570E-01  5.94433567E-01
 -1.91085806E+00  1.00000000E+00  1.88182770E+00 -2.86236850E+00  4.07293463E-01  1.87549853E+01  9.18403238E-01  5.94552735E-01
 -1.88610483E+00  1.00000000E+00  1.86291316E+00 -2.86119117E+00  4.07282140E-01  1.87526734E+01  9.18087626E-01  5.94486192E-01
 -1.86135161E+00  1.00000000E+00  1.84399863E+00 -2.86001408E+00  4.07300050E-01  1.87503620E+01  9.17772143E-01  5.94419662E-01
 -1.83659838E+00  1.00000000E+00  1.82516293E+00 -2.86069461E+00  4.07312807E-01  1.87485966E+01  9.18031450E-01  5.94352170E-01
 -1.81184516E+00  1.00000000E+00  1.80632724E+00 -2.86137508E+00  4.07305812E-01  1.87468315E+01  9.18290819E-01  5.94284690E-01
 -1.78709193E+00  1.00000000E+00  1.78757079E+00 -2.86178459E+00  4.07273598E-01  1.87528035E+01  9.18291282E-01  5.94483742E-01
 -1.76233870E+00  1.00000000E+00  1.76881433E+00 -2.86219414E+00  4.07226790E-01  1.87587775E+01  9.18291741E-01  5.94682860E-01
 -1.73758548E+00  1.00000000E+00  1.74989263E+00 -2.86154227E+00  4.07220142E-01  1.87558345E+01  9.18159794E-01  5.94589158E-01
 -1.71283225E+00  1.00000000E+00  1.73097092E+00 -2.86089051E+00  4.07223995E-01  1.87528920E+01  9.18027877E-01  5.94495472E-01
 -1.68807903E+00  1.00000000E+00  1.71210653E+00 -2.86073304E+00  4.07210284E-01  1.87495047E+01  9.18057317E-01  5.94381580E-01
 -1.66332580E+00  1.00000000E+00  1.69324214E+00 -2.86057557E+00  4.07197814E-01  1.87461180E+01  9.18086755E-01  5.94267709E-01
 -1.63857257E+00  1.00000000E+00  1.67445462E+00 -2.86070173E+00  4.07199313E-01  1.87462826E+01  9.18124833E-01  5.94271925E-01
 -1.61381935E+00  1.00000000E+00  1.65566710E+00 -2.86082789E+00  4.07182300E-01  1.87464472E+01  9.18162912E-01  5.94276142E-01
 -1.58906612E+00  1.00000000E+00  1.63675135E+00 -2.86018289E+00  4.07158644E-01  1.87422200E+01  9.18058690E-01  5.94138710E-01
 -1.56431290E+00  1.00000000E+00  1.61783561E+00 -2.85953803E+00  4.07149191E-01  1.87379938E+01  9.17954489E-01  5.94001309E-01
 -1.53955967E+00  1.00000000E+00  1.59905320E+00 -2.85972379E+00  4.07139594E-01  1.87357894E+01  9.18061277E-01  5.93924271E-01
 -1.51480644E+00  1.00000000E+00  1.58027079E+00 -2.85990951E+00  4.07125264E-01  1.87335854E+01  9.18168072E-01  5.93847244E-01
 -1.49005322E+00  1.00000000E+00  1.56143885E+00 -2.86025336E+00  4.07094235E-01  1.87346321E+01  9.18275700E-01  5.93878546E-01
 -1.46529999E+00  1.00000000E+00  1.54260692E+00 -2.86059725E+00  4.07028765E-01  1.87356788E+01  9.18383342E-01  5.93909849E-01
 -1.44054677E+00  1.00000000E+00  1.52379995E+00 -2.86107403E+00  4.06962249E-01  1.87394454E+01  9.18473007E-01  5.94032412E-01
 -1.41579354E+00  1.00000000E+00  1.50499298E+00 -2.86155089E+00  4.06872347E-01  1.87432126E+01  9.18562683E-01  5.94154999E-01
 -1.39104031E+00  1.00000000E+00  1.48613141E+00 -2.86011185E+00  4.06798607E-01  1.87336029E+01  9.18381366E-01  5.93840717E-01
 -1.36628709E+00  1.00000000E+00  1.46726984E+00 -2.85867352E+00  4.06763219E-01  1.87239980E+01  9.18200156E-01  5.93526595E-01
 -1.34153386E+00  1.00000000E+00  1.44841380E+00 -2.85836406E+00  4.06721834E-01  1.87180248E+01  9.18230357E-01  5.93326481E-01
 -1.31678064E+00  1.00000000E+00  1.42955777E+00 -2.85805460E+00  4.06682431E-01  1.87120535E+01  9.18260549E-01  5.93126433E-01
 -1.29202741E+00  1.00000000E+00  1.41079263E+00 -2.85810434E+00  4.06624826E-01  1.87102011E+01  9.18326638E-01  5.93062482E-01
 -1.26727418E+00  1.00000000E+00  1.39202750E+00 -2.85815406E+00  4.06542909E-01  1.87083489E+01  9.18392729E-01  5.92998538E-01
 -1.24252096E+00  1.00000000E+00  1.37327158E+00 -2.85841373E+00  4.06451658E-01  1.87064148E+01  9.18539007E-01  5.92929193E-01
 -1.21776773E+00  1.00000000E+00  1.35451566E+00 -2.85867336E+00  4.06340032E-01  1.87044810E+01  9.18685300E-01  5.92859857E-01
 -1.19301451E+00  1.00000000E+00  1.33569952E+00 -2.85729784E+00  4.06227765E-01  1.86932061E+01  9.18574443E-01  5.92487723E-01
 -1.16826128E+00  1.00000000E+00  1.31688337E+00 -2.85592304E+00  4.06134751E-01  1.86819380E+01  9.18463664E-01  5.92115812E-01
 -1.14350806E+00  1.00000000E+00  1.29815253E+00 -2.85557236E+00  4.06019654E-01  1.86758830E+01  9.18500250E-01  5.91912759E-01
 -1.11875483E+00  1.00000000E+00  1.27942168E+00 -2.85522171E+00  4.05909906E-01  1.86698300E+01  9.18536830E-01  5.91709773E-01
 -1.09400160E+00  1.00000000E+00  1.26069592E+00 -2.85451917E+00  4.05788820E-01  1.86603758E+01  9.18569745E-01  5.91393536E-01
 -1.06924838E+00  1.00000000E+00  1.24197015E+00 -2.85381682E+00  4.05662741E-01  1.86509265E+01  9.18602661E-01  5.91077461E-01
 -1.04449515E+00  1.00000000E+00  1.22332028E+00 -2.85327050E+00  4.05512989E-01  1.86403769E+01  9.18715092E-01  5.90722061E-01
 -1.01974193E+00  1.00000000E+00  1.20467041E+00 -2.85272425E+00  4.05348609E-01  1.86298336E+01  9.18827514E-01  5.90366869E-01
 -9.94988700E-01  1.00000000E+00  1.18608922E+00 -2.85186176E+00  4.05163119E-01  1.86204860E+01  9.18842093E-01  5.90054796E-01
 -9.70235474E-01  1.00000000E+00  1.16750803E+00 -2.85099960E+00  4.04981508E-01  1.86111431E+01  9.18856699E-01  5.89742880E-01
 -9.45482248E-01  1.00000000E+00  1.14891681E+00 -2.84988961E+00  4.04793616E-01  1.85980985E+01  9.18857844E-01  5.89308021E-01
 -9.20729022E-01  1.00000000E+00  1.13032559E+00 -2.84878012E+00  4.04608726E-01  1.85850631E+01  9.18859005E-01  5.88873471E-01
 -8.95975796E-01  1.00000000E+00  1.11192248E+00 -2.84802917E+00  4.04395591E-01  1.85697101E+01  9.19041486E-01  5.88355622E-01
 -8.71222570E-01  1.00000000E+00  1.09351938E+00 -2.84727831E+00  4.04173504E-01  1.85543704E+01  9.19223950E-01  5.87838216E-01
 -8.46469344E-01  1.00000000E+00  1.07521878E+00 -2.84655604E+00  4.03920136E-01  1.85440712E+01  9.19330216E-01  5.87491368E-01
 -8.21716118E-01  1.00000000E+00  1.05691818E+00 -2.84583402E+00  4.03644602E-01  1.85337779E+01  9.19436507E-01  5.87144714E-01
 -7.97201467E-01  1.00000000E+00  1.03886991E+00 -2.84450924E+00  4.03438692E-01  1.85185894E+01  9.19424511E-01  5.86638829E-01
 -7.72686817E-01  1.00000000E+00  1.02082164E+00 -2.84318517E+00  4.03233879E-01  1.85034135E+01  9.19412540E-01  5.86133365E-01
 -7.49503432E-01  1.00000000E+00  1.00398117E+00 -2.84239299E+00  4.03022835E-01  1.84900450E+01  9.19523948E-01  5.85684035E-01
 -7.26320047E-01  1.00000000E+00  9.87140709E-01 -2.84160101E+00  4.02812094E-01  1.84766866E+01  9.19635344E-01  5.85235040E-01
 -7.04527831E-01  1.00000000E+00  9.71544762E-01 -2.84088852E+00  4.02585111E-01  1.84648882E+01  9.19780672E-01  5.84836917E-01
 -6.82735615E-01  1.00000000E+00  9.55948815E-01 -2.84017624E+00  4.02364983E-01  1.84530976E+01  9.19926019E-01  5.84439054E-01
 -6.62251087E-01  1.00000000E+00  9.41331745E-01 -2.83838254E+00  4.02249206E-01  1.84420817E+01  9.19634690E-01  5.84081568E-01
 -6.41766559E-01  1.00000000E+00  9.26714675E-01 -2.83658992E+00  4.02155894E-01  1.84310724E+01  9.19343540E-01  5.83724296E-01
 -6.22511254E-01  1.00000000E+00  9.13312489E-01 -2.83584687E+00  4.02048649E-01  1.84215696E+01  9.19355449E-01  5.83407140E-01
 -6.03255949E-01  1.00000000E+00  8.99910303E-01 -2.83510404E+00  4.01964854E-01  1.84120719E+01  9.19367359E-01  5.83090151E-01
 -5.85156097E-01  1.00000000E+00  8.87530490E-01 -2.83491230E+00  4.01909820E-01  1.84064496E+01  9.19451826E-01  5.82899927E-01
 -5.67056245E-01  1.00000000E+00  8.75150678E-01 -2.83472052E+00  4.01871937E-01  1.84008292E+01  9.19536288E-01  5.82709764E-01
 -5.50042515E-01  1.00000000E+00  8.63675027E-01 -2.83434688E+00  4.01939828E-01  1.84022265E+01  9.19340507E-01  5.82762865E-01
 -5.33028786E-01  1.00000000E+00  8.52199377E-01 -2.83397322E+00  4.02007999E-01  1.84036239E+01  9.19144759E-01  5.82815973E-01
 -5.17036006E-01  1.00000000E+00  8.41825753E-01 -2.83596943E+00  4.02085622E-01  1.84134286E+01  9.19527153E-01  5.83130049E-01
 -5.01043227E-01  1.00000000E+00  8.31452130E-01 -2.83796684E+00  4.02144475E-01  1.84232387E+01  9.19909813E-01  5.83444295E-01
 -4.86010125E-01  1.00000000E+00  8.21788897E-01 -2.83738544E+00  4.02317421E-01  1.84310494E+01  9.19490414E-01  5.83718634E-01
 -4.70977023E-01  1.00000000E+00  8.12125664E-01 -2.83680364E+00  4.02580479E-01  1.84388644E+01  9.19071122E-01  5.83993109E-01
 -4.56846016E-01  1.00000000E+00  8.03430958E-01 -2.83926552E+00  4.02879751E-01  1.84600027E+01  9.19220495E-01  5.84692741E-01
 -4.42715008E-01  1.00000000E+00  7.94736253E-01 -2.84172978E+00  4.03220697E-01  1.84811654E+01  9.19370117E-01  5.85393175E-01
 -4.29431964E-01  1.00000000E+00  7.86834619E-01 -2.84296217E+00  4.03656130E-01  1.85045343E+01  9.19069642E-01  5.86182156E-01
 -4.16148920E-01  1.00000000E+00  7.78932985E-01 -2.84419503E+00  4.04128447E-01  1.85279341E+01  9.18769186E-01  5.86972164E-01
 -4.03662954E-01  1.00000000E+00  7.71785017E-01 -2.84601340E+00  4.04615424E-01  1.85610700E+01  9.18438370E-01  5.88087721E-01
 -3.91176988E-01  1.00000000E+00  7.64637050E-01 -2.84783267E+00  4.05224387E-01  1.85942676E+01  9.18107487E-01  5.89205337E-01
 -3.79440270E-01  1.00000000E+00  7.58194669E-01 -2.85217937E+00  4.05906130E-01  1.86365635E+01  9.18272158E-01  5.90609713E-01
 -3.67703552E-01  1.00000000E+00  7.51752289E-01 -2.85653372E+00  4.06618058E-01  1.86789565E+01  9.18437434E-01  5.92017301E-01
 -3.56671122E-01  1.00000000E+00  7.46195626E-01 -2.86042846E+00  4.07439467E-01  1.87291238E+01  9.18221330E-01  5.93696750E-01
 -3.45638692E-01  1.00000000E+00  7.40638964E-01 -2.86432950E+00  4.08239287E-01  1.87794289E+01  9.18005500E-01  5.95380778E-01
 -3.35268287E-01  1.00000000E+00  7.35556983E-01 -2.86837057E+00  4.09088258E-01  1.88394616E+01  9.17692380E-01  5.97392307E-01
 -3.24897882E-01  1.00000000E+00  7.30475001E-01 -2.87241749E+00  4.10079789E-01  1.88996920E+01  9.17379132E-01  5.99410429E-01
 -3.15149775E-01  1.00000000E+00  7.26085751E-01 -2.87623209E+00  4.11189845E-01  1.89602780E+01  9.16894553E-01  6.01446114E-01
 -3.05401669E-01  1.00000000E+00  7.21696501E-01 -2.88005196E+00  4.12358382E-01  1.90210646E+01  9.16409986E-01  6.03488486E-01
 -2.96238520E-01  1.00000000E+00  7.17852093E-01 -2.88566346E+00  4.13608455E-01  1.91065865E+01  9.15804621E-01  6.06359396E-01
 -2.87075371E-01  1.00000000E+00  7.14007685E-01 -2.89128679E+00  4.15037956E-01  1.91925046E+01  9.15199375E-01  6.09243507E-01
 -2.78462077E-01  1.00000000E+00  7.10995717E-01 -2.89783451E+00  4.16490409E-01  1.92758503E+01  9.14908491E-01  6.12031393E-01
 -2.69848783E-01  1.00000000E+00  7.07983748E-01 -2.90439979E+00  4.17954562E-01  1.93595652E+01  9.14618391E-01  6.14831560E-01
 -2.61752348E-01  1.00000000E+00  7.05353251E-01 -2.91343148E+00  4.19511649E-01  1.94653886E+01  9.14632749E-01  6.18358527E-01
 -2.53655913E-01  1.00000000E+00  7.02722753E-01 -2.92249564E+00  4.21140228E-01  1.95717996E+01  9.14648450E-01  6.21905037E-01
 -2.46045323E-01  1.00000000E+00  7.00827896E-01 -2.92842701E+00  4.22862237E-01  1.96802177E+01  9.13617218E-01  6.25553350E-01
 -2.38434732E-01  1.00000000E+00  6.98933039E-01 -2.93436832E+00  4.24651721E-01  1.97892598E+01  9.12585550E-01  6.29222475E-01
 -2.31280830E-01  1.00000000E+00  6.97305530E-01 -2.94115134E+00  4.26544331E-01  1.99056844E+01  9.11708311E-01  6.33132535E-01
 -2.24126928E-01  1.00000000E+00  6.95678022E-01 -2.94794830E+00  4.28553427E-01  2.00228180E+01  9.10830373E-01  6.37066253E-01
 -2.17402314E-01  1.00000000E+00  6.94710714E-01 -2.96103900E+00  4.30674281E-01  2.01630761E+01  9.11169124E-01  6.41730233E-01
 -2.10677699E-01  1.00000000E+00  6.93743407E-01 -2.97419699E+00  4.32825372E-01  2.03043267E+01  9.11512129E-01  6.46427153E-01
 -2.04351753E-01  1.00000000E+00  6.93374814E-01 -2.98447869E+00  4.35079383E-01  2.04535474E+01  9.10798332E-01  6.51424969E-01
 -1.98025807E-01  1.00000000E+00  6.93006221E-01 -2.99479986E+00  4.37365254E-01  2.06038923E+01  9.10085129E-01  6.56460238E-01
 -1.91837501E-01  1.00000000E+00  6.92959391E-01 -3.00613504E+00  4.39940406E-01  2.07614671E+01  9.09517094E-01  6.61731668E-01
 -1.85649194E-01  1.00000000E+00  6.92912560E-01 -3.01751872E+00  4.42617638E-01  2.09202739E+01  9.08950124E-01  6.67044127E-01
 -1.79460888E-01  1.00000000E+00  6.93513357E-01 -3.02531635E+00  4.45626238E-01  2.11006488E+01  9.06770994E-01  6.73129260E-01
 -1.73272582E-01  1.00000000E+00  6.94114155E-01 -3.03311968E+00  4.48763950E-01  2.12826514E+01  9.04590750E-01  6.79268690E-01
 -1.67084275E-01  1.00000000E+00  6.95376641E-01 -3.05302892E+00  4.52251819E-01  2.15101003E+01  9.05008757E-01  6.86836385E-01
 -1.60895969E-01  1.00000000E+00  6.96639127E-01 -3.07308840E+00  4.55773291E-01  2.17400075E+01  9.05434631E-01  6.94485764E-01
 -1.54707662E-01  1.00000000E+00  6.98753244E-01 -3.08719493E+00  4.59772041E-01  2.19907774E+01  9.03545460E-01  7.02907732E-01
 -1.48519356E-01  1.00000000E+00  7.00867360E-01 -3.10136200E+00  4.63836166E-01  2.22445337E+01  9.01655294E-01  7.11429279E-01
 -1.42331049E-01  1.00000000E+00  7.04157481E-01 -3.12009604E+00  4.68714639E-01  2.25112977E+01  9.00527760E-01  7.20358998E-01
 -1.36142743E-01  1.00000000E+00  7.07447602E-01 -3.13896242E+00  4.73801097E-01  2.27813249E+01  8.99405964E-01  7.29397296E-01
 -1.29954436E-01  1.00000000E+00  7.11789053E-01 -3.15940983E+00  4.79169187E-01  2.31430508E+01  8.97341167E-01  7.41523654E-01
 -1.23766130E-01  1.00000000E+00  7.16130503E-01 -3.17997552E+00  4.85037987E-01  2.35106948E+01  8.95270611E-01  7.53847474E-01
 -1.17577823E-01  1.00000000E+00  7.21887598E-01 -3.20975675E+00  4.91938801E-01  2.39429869E+01  8.94099230E-01  7.68296254E-01
 -1.11389517E-01  1.00000000E+00  7.27644693E-01 -3.23985076E+00  4.99103040E-01  2.43833797E+01  8.92935291E-01  7.83014812E-01
 -1.05201210E-01  1.00000000E+00  7.36371012E-01 -3.27140501E+00  5.07373520E-01  2.48878471E+01  8.90643658E-01  7.99906781E-01
 -9.90129037E-02  1.00000000E+00  7.45097331E-01 -3.30329680E+00  5.15897821E-01  2.54029838E+01  8.88359449E-01  8.17154143E-01
 -9.28245972E-02  1.00000000E+00  7.56496597E-01 -3.33116536E+00  5.26011430E-01  2.60110834E+01  8.83612994E-01  8.37582348E-01
 -8.66362908E-02  1.00000000E+00  7.67895864E-01 -3.35917707E+00  5.36374933E-01  2.66342456E+01  8.78853853E-01  8.58513058E-01
 -8.04479843E-02  1.00000000E+00  7.83535359E-01 -3.40192416E+00  5.48934050E-01  2.73739346E+01  8.75871149E-01  8.83268782E-01
 -7.42596778E-02  1.00000000E+00  7.99174853E-01 -3.44522915E+00  5.62602637E-01  2.81346230E+01  8.72889175E-01  9.08724461E-01
 -6.80713713E-02  1.00000000E+00  8.18461528E-01 -3.45510504E+00  5.78838435E-01  2.90369528E+01  8.59534613E-01  9.39247273E-01
 -6.18830648E-02  1.00000000E+00  8.37748203E-01 -3.46399170E+00  5.95606672E-01  2.99701902E+01  8.46178691E-01  9.70800385E-01
 -5.56947583E-02  1.00000000E+00  8.74486183E-01 -3.82571057E+00  6.15869563E-01  3.13993477E+01  9.05350719E-01  1.01646656E+00
 -4.95064519E-02  1.00000000E+00  9.11224164E-01 -4.20970093E+00  6.30295680E-01  3.29060231E+01  9.71167917E-01  1.06449517E+00
 -4.33181454E-02  1.00000000E+00  9.81966502E-01 -2.63790445E+00  6.47593631E-01  2.97308914E+01  7.00312133E-01  9.67685974E-01
 -3.71298389E-02  1.00000000E+00  1.05270884E+00 -1.26443019E+00  6.98817002E-01  2.71632968E+01  5.55809200E-01  8.86916252E-01
 -3.09415324E-02  1.00000000E+00  9.54727264E-01 -1.26141128E+00  7.06060328E-01  2.51385003E+01  5.68374399E-01  8.19004198E-01
 -2.47532259E-02  1.00000000E+00  8.56745686E-01 -1.25560113E+00  6.28083858E-01  2.32662940E+01  5.81063251E-01  7.56174359E-01
 -1.85649194E-02  1.00000000E+00  2.14173969E+00 -1.12914262E+01  4.92532956E-01  4.00802135E+01  3.58002376E+00  1.21667299E+00
 -1.23766130E-02  1.00000000E+00  3.42673369E+00 -3.92245911E+01  5.58960606E-01  9.07383680E+01  1.71920921E+01  2.45154253E+00
 -6.18830648E-03  1.00000000E+00  1.40181413E+00  4.66887094E+00  1.73224988E+00  3.23603176E+01  1.40057220E+00  1.03199151E+00
  0.00000000E+00  1.00000000E+00 -6.23105425E-01  9.65803559E+01  7.03808560E+00  1.49076374E+02  6.27437355E+01  2.87775462E+00
