# curve 5 (die wall), step =      400, time =   8.00000000E+01
# N1 = tau_xx - tau_yy = G ( c_xx - c_yy ),  G =  8.0000E-02  (polymer part only)
#              x               y        pressure            c_xy        gammadot            c_xx            c_yy              N1
 -3.00000000E+00  1.00000000E+00  2.83210978E+00 -2.00181157E+00  4.00081423E-01  9.01099372E+00  1.00005264E+00  6.40875286E-01
 -2.95108291E+00  1.00000000E+00  2.79274171E+00 -2.00218851E+00  4.00072244E-01  9.01270821E+00  1.00012758E+00  6.41006450E-01
 -2.90216582E+00  1.00000000E+00  2.75337364E+00 -2.00256551E+00  4.00089823E-01  9.01442302E+00  1.00020254E+00  6.41137639E-01
 -2.85324873E+00  1.00000000E+00  2.71409532E+00 -2.00188797E+00  4.00011288E-01  9.01036616E+00  1.00010961E+00  6.40820524E-01
 -2.80433164E+00  1.00000000E+00  2.67481701E+00 -2.00121068E+00  3.99962393E-01  9.00631113E+00  1.00001672E+00  6.40503553E-01
 -2.75541455E+00  1.00000000E+00  2.63574674E+00 -2.00114026E+00  4.00048531E-01  9.00581126E+00  1.00002375E+00  6.40463000E-01
 -2.70649746E+00  1.00000000E+00  2.59667646E+00 -2.00106985E+00  4.00038372E-01  9.00531141E+00  1.00003078E+00  6.40422450E-01
 -2.65758037E+00  1.00000000E+00  2.55752356E+00 -2.00142895E+00  4.00057474E-01  9.00711044E+00  1.00010981E+00  6.40560050E-01
 -2.60866328E+00  1.00000000E+00  2.51837065E+00 -2.00178812E+00  4.00027879E-01  9.00890983E+00  1.00018885E+00  6.40697678E-01
 -2.55974619E+00  1.00000000E+00  2.47935370E+00 -2.00184467E+00  3.99989884E-01  9.01040993E+00  1.00020094E+00  6.40816719E-01
 -2.51082911E+00  1.00000000E+00  2.44033674E+00 -2.00190120E+00  4.00035607E-01  9.01191031E+00  1.00021304E+00  6.40935782E-01
 -2.46191202E+00  1.00000000E+00  2.40097501E+00 -2.00114549E+00  3.99989638E-01  9.00850782E+00  1.00000688E+00  6.40680075E-01
 -2.41299493E+00  1.00000000E+00  2.36161328E+00 -2.00039007E+00  3.99988206E-01  9.00510662E+00  9.99800789E-01  6.40424467E-01
 -2.36407784E+00  1.00000000E+00  2.32264200E+00 -2.00096103E+00  4.00024116E-01  9.00621266E+00  1.00005401E+00  6.40492692E-01
 -2.31516075E+00  1.00000000E+00  2.28367072E+00 -2.00153210E+00  3.99990972E-01  9.00731888E+00  1.00030729E+00  6.40560927E-01
 -2.26624366E+00  1.00000000E+00  2.24451841E+00 -2.00168501E+00  3.99946000E-01  9.00999327E+00  1.00020542E+00  6.40783029E-01
 -2.21732657E+00  1.00000000E+00  2.20536610E+00 -2.00183794E+00  3.99957616E-01  9.01266852E+00  1.00010354E+00  6.41005198E-01
 -2.16840948E+00  1.00000000E+00  2.16609832E+00 -2.00163916E+00  3.99945846E-01  9.01024189E+00  1.00010447E+00  6.40810993E-01
 -2.11949239E+00  1.00000000E+00  2.12683053E+00 -2.00144040E+00  3.99923009E-01  9.00781596E+00  1.00010540E+00  6.40616845E-01
 -2.07057530E+00  1.00000000E+00  2.08794606E+00 -2.00257862E+00  3.99964133E-01  9.01369698E+00  1.00033344E+00  6.41069083E-01
 -2.02165821E+00  1.00000000E+00  2.04906159E+00 -2.00371752E+00  3.99940635E-01  9.01958184E+00  1.00056160E+00  6.41521619E-01
 -1.97274112E+00  1.00000000E+00  2.00964794E+00 -2.00236846E+00  3.99867223E-01  9.01491557E+00  1.00016397E+00  6.41180127E-01
 -1.92382403E+00  1.00000000E+00  1.97023429E+00 -2.00102017E+00  3.99872298E-01  9.01025178E+00  9.99766594E-01  6.40838815E-01
 -1.87490694E+00  1.00000000E+00  1.93118716E+00 -2.00126640E+00  3.99940204E-01  9.00794050E+00  1.00003009E+00  6.40632833E-01
 -1.82598985E+00  1.00000000E+00  1.89214003E+00 -2.00151256E+00  3.99931743E-01  9.00563004E+00  1.00029364E+00  6.40426912E-01
 -1.77707276E+00  1.00000000E+00  1.85311855E+00 -2.00252096E+00  3.99942770E-01  9.01091948E+00  1.00046363E+00  6.40836468E-01
 -1.72815567E+00  1.00000000E+00  1.81409707E+00 -2.00352990E+00  3.99868702E-01  9.01621202E+00  1.00063372E+00  6.41246264E-01
 -1.67923858E+00  1.00000000E+00  1.77489801E+00 -2.00300530E+00  3.99766406E-01  9.01463098E+00  1.00052968E+00  6.41128104E-01
 -1.63032150E+00  1.00000000E+00  1.73569894E+00 -2.00248079E+00  3.99787279E-01  9.01305023E+00  1.00042568E+00  6.41009964E-01
 -1.58140441E+00  1.00000000E+00  1.69660583E+00 -2.00204487E+00  3.99671542E-01  9.00759476E+00  1.00054790E+00  6.40563749E-01
 -1.53248732E+00  1.00000000E+00  1.65751272E+00 -2.00160907E+00  3.99613335E-01  9.00214278E+00  1.00067012E+00  6.40117813E-01
 -1.48357023E+00  1.00000000E+00  1.61833571E+00 -2.00018101E+00  3.99609125E-01  8.99926086E+00  1.00006935E+00  6.39935320E-01
 -1.43465314E+00  1.00000000E+00  1.57915870E+00 -1.99875366E+00  3.99687071E-01  8.99638014E+00  9.99468989E-01  6.39752892E-01
 -1.38573605E+00  1.00000000E+00  1.54004002E+00 -1.99883534E+00  3.99646051E-01  8.99241469E+00  9.99818094E-01  6.39407727E-01
 -1.33681896E+00  1.00000000E+00  1.50092135E+00 -1.99891698E+00  3.99552283E-01  8.98845130E+00  1.00016729E+00  6.39062721E-01
 -1.28790187E+00  1.00000000E+00  1.46176977E+00 -1.99827368E+00  3.99367128E-01  8.98281136E+00  1.00017945E+00  6.38610552E-01
 -1.23898478E+00  1.00000000E+00  1.42261819E+00 -1.99763064E+00  3.99192989E-01  8.97717507E+00  1.00019163E+00  6.38158675E-01
 -1.19006769E+00  1.00000000E+00  1.38383094E+00 -1.99792506E+00  3.99031598E-01  8.97558479E+00  1.00046312E+00  6.38009734E-01
 -1.14115060E+00  1.00000000E+00  1.34504369E+00 -1.99821946E+00  3.98822752E-01  8.97399495E+00  1.00073467E+00  6.37860823E-01
 -1.09223351E+00  1.00000000E+00  1.30594475E+00 -1.99610022E+00  3.98556111E-01  8.96274419E+00  1.00040457E+00  6.36987169E-01
 -1.04331642E+00  1.00000000E+00  1.26684581E+00 -1.99398336E+00  3.98348115E-01  8.95150752E+00  1.00007487E+00  6.36114612E-01
 -9.94399333E-01  1.00000000E+00  1.22819210E+00 -1.99308858E+00  3.98154325E-01  8.94053458E+00  1.00030270E+00  6.35218551E-01
 -9.45482243E-01  1.00000000E+00  1.18953840E+00 -1.99219432E+00  3.97880568E-01  8.92957586E+00  1.00053055E+00  6.34323625E-01
 -8.96565154E-01  1.00000000E+00  1.15117537E+00 -1.99126390E+00  3.97573176E-01  8.92169109E+00  1.00063276E+00  6.33684666E-01
 -8.47648064E-01  1.00000000E+00  1.11281235E+00 -1.99033407E+00  3.97226034E-01  8.91381345E+00  1.00073505E+00  6.33046272E-01
 -7.99501858E-01  1.00000000E+00  1.07562426E+00 -1.98870216E+00  3.96813316E-01  8.90038512E+00  1.00080905E+00  6.31966086E-01
 -7.51355652E-01  1.00000000E+00  1.03843618E+00 -1.98707199E+00  3.96554876E-01  8.88697750E+00  1.00088321E+00  6.30887543E-01
 -7.08111109E-01  1.00000000E+00  1.00545548E+00 -1.98494896E+00  3.96241159E-01  8.87449969E+00  1.00057487E+00  6.29913986E-01
 -6.64866566E-01  1.00000000E+00  9.72474785E-01 -1.98282843E+00  3.96204682E-01  8.86203947E+00  1.00026688E+00  6.28941807E-01
 -6.26599939E-01  1.00000000E+00  9.44139628E-01 -1.98333112E+00  3.96262217E-01  8.86181017E+00  1.00044499E+00  6.28909215E-01
 -5.88333313E-01  1.00000000E+00  9.15804472E-01 -1.98383379E+00  3.96387531E-01  8.86158102E+00  1.00062315E+00  6.28876630E-01
 -5.54471587E-01  1.00000000E+00  8.91488257E-01 -1.98358604E+00  3.96791651E-01  8.87394590E+00  9.99682269E-01  6.29941091E-01
 -5.20609860E-01  1.00000000E+00  8.67172042E-01 -1.98333744E+00  3.97292887E-01  8.88633131E+00  9.98741910E-01  6.31007152E-01
 -4.90645977E-01  1.00000000E+00  8.46687913E-01 -1.98891986E+00  3.97957554E-01  8.91257672E+00  9.99786303E-01  6.33023233E-01
 -4.60682095E-01  1.00000000E+00  8.26203783E-01 -1.99451791E+00  3.98744129E-01  8.93889957E+00  1.00083387E+00  6.35045256E-01
 -4.34167380E-01  1.00000000E+00  8.08998904E-01 -1.99629974E+00  3.99976789E-01  8.97976328E+00  9.99075512E-01  6.38455021E-01
 -4.07652666E-01  1.00000000E+00  7.91794025E-01 -1.99808225E+00  4.01436811E-01  9.02083177E+00  9.97318676E-01  6.41881047E-01
 -3.84190072E-01  1.00000000E+00  7.77697182E-01 -2.00910983E+00  4.03112448E-01  9.08883037E+00  9.98526504E-01  6.47224309E-01
 -3.60727478E-01  1.00000000E+00  7.63600339E-01 -2.02020629E+00  4.04855023E-01  9.15734403E+00  9.99743242E-01  6.52608063E-01
 -3.39965684E-01  1.00000000E+00  7.52269554E-01 -2.02846110E+00  4.07072064E-01  9.24024118E+00  9.98646797E-01  6.59327551E-01
 -3.19203889E-01  1.00000000E+00  7.40938769E-01 -2.03676087E+00  4.09538829E-01  9.32391786E+00  9.97553392E-01  6.66109158E-01
 -3.00831998E-01  1.00000000E+00  7.32165381E-01 -2.05286303E+00  4.12386071E-01  9.44130677E+00  9.98384496E-01  6.75433782E-01
 -2.82460107E-01  1.00000000E+00  7.23391993E-01 -2.06911803E+00  4.15343762E-01  9.56019446E+00  9.99229835E-01  6.84877170E-01
 -2.66203017E-01  1.00000000E+00  7.16707101E-01 -2.08089865E+00  4.18864490E-01  9.69188889E+00  9.97090069E-01  6.95583906E-01
 -2.49945927E-01  1.00000000E+00  7.10022210E-01 -2.09276780E+00  4.22821625E-01  9.82547946E+00  9.94955753E-01  7.06441897E-01
 -2.35560203E-01  1.00000000E+00  7.05838955E-01 -2.11977825E+00  4.27155234E-01  1.00154611E+01  9.97055244E-01  7.21472467E-01
 -2.21174479E-01  1.00000000E+00  7.01655700E-01 -2.14719640E+00  4.31383401E-01  1.02091533E+01  9.99196072E-01  7.36796576E-01
 -2.08421419E-01  1.00000000E+00  6.99650255E-01 -2.17162583E+00  4.36030799E-01  1.04118286E+01  9.99388480E-01  7.52995207E-01
 -1.95668358E-01  1.00000000E+00  6.97644809E-01 -2.19639800E+00  4.41051363E-01  1.06186083E+01  9.99606480E-01  7.69520148E-01
 -1.83439085E-01  1.00000000E+00  6.96892437E-01 -2.21654855E+00  4.47081343E-01  1.08573902E+01  9.96272576E-01  7.88889412E-01
 -1.71209813E-01  1.00000000E+00  6.96140066E-01 -2.23692908E+00  4.53792314E-01  1.11017842E+01  9.92946605E-01  8.08707007E-01
 -1.58980541E-01  1.00000000E+00  6.97969140E-01 -2.28995773E+00  4.62144513E-01  1.14830070E+01  9.97751752E-01  8.38820423E-01
 -1.46751268E-01  1.00000000E+00  6.99798214E-01 -2.34442922E+00  4.70248931E-01  1.18774268E+01  1.00270197E+00  8.69977990E-01
 -1.34521996E-01  1.00000000E+00  7.08753456E-01 -2.39851603E+00  4.80300582E-01  1.23805637E+01  1.00223543E+00  9.10266264E-01
 -1.22292724E-01  1.00000000E+00  7.17708699E-01 -2.45413152E+00  4.90330037E-01  1.29055042E+01  1.00185606E+00  9.52291847E-01
 -1.10063451E-01  1.00000000E+00  7.17505603E-01 -2.52117947E+00  5.05514976E-01  1.34939504E+01  1.00414184E+00  9.99184682E-01
 -9.78341789E-02  1.00000000E+00  7.17302506E-01 -2.59040603E+00  5.20830011E-01  1.41096646E+01  1.00657284E+00  1.04824734E+00
 -8.56049065E-02  1.00000000E+00  7.45515606E-01 -2.59021191E+00  5.38805396E-01  1.47079230E+01  9.87140105E-01  1.09766263E+00
 -7.33756342E-02  1.00000000E+00  7.73728707E-01 -2.58837720E+00  5.37878238E-01  1.53350879E+01  9.67722230E-01  1.14938926E+00
 -6.11463618E-02  1.00000000E+00  8.19590291E-01 -2.98493794E+00  4.86659449E-01  1.35991638E+01  1.21098697E+00  9.91054146E-01
 -4.89170895E-02  1.00000000E+00  8.65451875E-01 -3.35060071E+00  4.14113858E-01  1.22017246E+01  1.49526540E+00  8.56516735E-01
 -3.66878171E-02  1.00000000E+00  1.77815788E+00 -6.34429536E+00  3.57778005E-01  1.88053458E+01  2.64079071E+00  1.29316440E+00
 -2.44585447E-02  1.00000000E+00  2.69086388E+00 -1.13535610E+01  4.30692562E-01  2.96067268E+01  4.78007985E+00  1.98613176E+00
 -1.22292724E-02  1.00000000E+00  9.55877884E-01  2.80284508E+00  1.56468487E+00  1.73969075E+01  1.27381323E+00  1.28984754E+00
  0.00000000E+00  1.00000000E+00 -7.79108116E-01  3.08193189E+01  4.57704993E+00  4.99970339E+01  1.93220514E+01  2.45399860E+00
