# curve 5 (die wall), step =      600, time =   1.20000000E+02
# N1 = tau_xx - tau_yy = G ( c_xx - c_yy ),  G =  8.0000E-02  (polymer part only)
#              x               y        pressure            c_xy        gammadot            c_xx            c_yy              N1
 -3.00000000E+00  1.00000000E+00  2.83211021E+00 -2.00181185E+00  4.00081426E-01  9.01100924E+00  1.00005265E+00  6.40876527E-01
 -2.95108291E+00  1.00000000E+00  2.79274214E+00 -2.00218879E+00  4.00072246E-01  9.01272380E+00  1.00012760E+00  6.41007696E-01
 -2.90216582E+00  1.00000000E+00  2.75337406E+00 -2.00256580E+00  4.00089825E-01  9.01443868E+00  1.00020255E+00  6.41138890E-01
 -2.85324873E+00  1.00000000E+00  2.71409575E+00 -2.00188825E+00  4.00011288E-01  9.01038178E+00  1.00010963E+00  6.40821772E-01
 -2.80433164E+00  1.00000000E+00  2.67481744E+00 -2.00121096E+00  3.99962391E-01  9.00632672E+00  1.00001674E+00  6.40504799E-01
 -2.75541455E+00  1.00000000E+00  2.63574717E+00 -2.00114050E+00  4.00048527E-01  9.00582666E+00  1.00002376E+00  6.40464232E-01
 -2.70649746E+00  1.00000000E+00  2.59667689E+00 -2.00107004E+00  4.00038367E-01  9.00532662E+00  1.00003078E+00  6.40423667E-01
 -2.65758037E+00  1.00000000E+00  2.55752398E+00 -2.00142909E+00  4.00057469E-01  9.00712545E+00  1.00010980E+00  6.40561252E-01
 -2.60866328E+00  1.00000000E+00  2.51837107E+00 -2.00178821E+00  4.00027876E-01  9.00892464E+00  1.00018882E+00  6.40698865E-01
 -2.55974619E+00  1.00000000E+00  2.47935412E+00 -2.00184479E+00  3.99989885E-01  9.01042481E+00  1.00020092E+00  6.40817911E-01
 -2.51082911E+00  1.00000000E+00  2.44033716E+00 -2.00190135E+00  4.00035608E-01  9.01192527E+00  1.00021302E+00  6.40936979E-01
 -2.46191202E+00  1.00000000E+00  2.40097543E+00 -2.00114568E+00  3.99989640E-01  9.00852295E+00  1.00000688E+00  6.40681286E-01
 -2.41299493E+00  1.00000000E+00  2.36161369E+00 -2.00039029E+00  3.99988207E-01  9.00512193E+00  9.99800793E-01  6.40425691E-01
 -2.36407784E+00  1.00000000E+00  2.32264241E+00 -2.00096127E+00  4.00024117E-01  9.00622814E+00  1.00005401E+00  6.40493930E-01
 -2.31516075E+00  1.00000000E+00  2.28367112E+00 -2.00153237E+00  3.99990973E-01  9.00733453E+00  1.00030730E+00  6.40562178E-01
 -2.26624366E+00  1.00000000E+00  2.24451881E+00 -2.00168527E+00  3.99945999E-01  9.01000890E+00  1.00020542E+00  6.40784278E-01
 -2.21732657E+00  1.00000000E+00  2.20536650E+00 -2.00183819E+00  3.99957615E-01  9.01268413E+00  1.00010355E+00  6.41006447E-01
 -2.16840948E+00  1.00000000E+00  2.16609872E+00 -2.00163939E+00  3.99945845E-01  9.01025741E+00  1.00010447E+00  6.40812235E-01
 -2.11949239E+00  1.00000000E+00  2.12683093E+00 -2.00144060E+00  3.99923008E-01  9.00783138E+00  1.00010539E+00  6.40618079E-01
 -2.07057530E+00  1.00000000E+00  2.08794646E+00 -2.00257883E+00  3.99964134E-01  9.01371238E+00  1.00033343E+00  6.41070316E-01
 -2.02165821E+00  1.00000000E+00  2.04906198E+00 -2.00371773E+00  3.99940637E-01  9.01959721E+00  1.00056159E+00  6.41522850E-01
 -1.97274112E+00  1.00000000E+00  2.00964833E+00 -2.00236867E+00  3.99867226E-01  9.01493094E+00  1.00016397E+00  6.41181358E-01
 -1.92382403E+00  1.00000000E+00  1.97023468E+00 -2.00102040E+00  3.99872302E-01  9.01026715E+00  9.99766591E-01  6.40840045E-01
 -1.87490694E+00  1.00000000E+00  1.93118755E+00 -2.00126663E+00  3.99940207E-01  9.00795586E+00  1.00003009E+00  6.40634062E-01
 -1.82598985E+00  1.00000000E+00  1.89214042E+00 -2.00151279E+00  3.99931746E-01  9.00564539E+00  1.00029364E+00  6.40428140E-01
 -1.77707276E+00  1.00000000E+00  1.85311894E+00 -2.00252117E+00  3.99942772E-01  9.01093482E+00  1.00046363E+00  6.40837695E-01
 -1.72815567E+00  1.00000000E+00  1.81409747E+00 -2.00353009E+00  3.99868704E-01  9.01622735E+00  1.00063371E+00  6.41247491E-01
 -1.67923858E+00  1.00000000E+00  1.77489840E+00 -2.00300549E+00  3.99766410E-01  9.01464634E+00  1.00052967E+00  6.41129333E-01
 -1.63032150E+00  1.00000000E+00  1.73569933E+00 -2.00248098E+00  3.99787284E-01  9.01306562E+00  1.00042567E+00  6.41011196E-01
 -1.58140441E+00  1.00000000E+00  1.69660621E+00 -2.00204512E+00  3.99671547E-01  9.00761038E+00  1.00054790E+00  6.40564998E-01
 -1.53248732E+00  1.00000000E+00  1.65751309E+00 -2.00160939E+00  3.99613339E-01  9.00215863E+00  1.00067014E+00  6.40119079E-01
 -1.48357023E+00  1.00000000E+00  1.61833609E+00 -2.00018138E+00  3.99609124E-01  8.99927696E+00  1.00006940E+00  6.39936605E-01
 -1.43465314E+00  1.00000000E+00  1.57915909E+00 -1.99875410E+00  3.99687064E-01  8.99639651E+00  9.99469060E-01  6.39754196E-01
 -1.38573605E+00  1.00000000E+00  1.54004042E+00 -1.99883562E+00  3.99646034E-01  8.99243056E+00  9.99818118E-01  6.39408996E-01
 -1.33681896E+00  1.00000000E+00  1.50092175E+00 -1.99891709E+00  3.99552267E-01  8.98846669E+00  1.00016726E+00  6.39063954E-01
 -1.28790187E+00  1.00000000E+00  1.46177015E+00 -1.99827368E+00  3.99367117E-01  8.98282614E+00  1.00017940E+00  6.38611740E-01
 -1.23898478E+00  1.00000000E+00  1.42261855E+00 -1.99763053E+00  3.99192988E-01  8.97718925E+00  1.00019155E+00  6.38159816E-01
 -1.19006769E+00  1.00000000E+00  1.38383130E+00 -1.99792506E+00  3.99031607E-01  8.97559922E+00  1.00046306E+00  6.38010893E-01
 -1.14115060E+00  1.00000000E+00  1.34504405E+00 -1.99821957E+00  3.98822763E-01  8.97400964E+00  1.00073464E+00  6.37862001E-01
 -1.09223351E+00  1.00000000E+00  1.30594510E+00 -1.99610044E+00  3.98556123E-01  8.96275933E+00  1.00040456E+00  6.36988382E-01
 -1.04331642E+00  1.00000000E+00  1.26684616E+00 -1.99398369E+00  3.98348125E-01  8.95152312E+00  1.00007489E+00  6.36115858E-01
 -9.94399333E-01  1.00000000E+00  1.22819246E+00 -1.99308902E+00  3.98154333E-01  8.94055076E+00  1.00030274E+00  6.35219841E-01
 -9.45482243E-01  1.00000000E+00  1.18953876E+00 -1.99219486E+00  3.97880569E-01  8.92959260E+00  1.00053062E+00  6.34324959E-01
 -8.96565154E-01  1.00000000E+00  1.15117574E+00 -1.99126441E+00  3.97573170E-01  8.92170780E+00  1.00063282E+00  6.33685998E-01
 -8.47648064E-01  1.00000000E+00  1.11281272E+00 -1.99033455E+00  3.97226025E-01  8.91383013E+00  1.00073511E+00  6.33047602E-01
 -7.99501858E-01  1.00000000E+00  1.07562463E+00 -1.98870259E+00  3.96813300E-01  8.90040133E+00  1.00080910E+00  6.31967379E-01
 -7.51355652E-01  1.00000000E+00  1.03843653E+00 -1.98707235E+00  3.96554863E-01  8.88699325E+00  1.00088325E+00  6.30888800E-01
 -7.08111109E-01  1.00000000E+00  1.00545584E+00 -1.98494930E+00  3.96241137E-01  8.87451465E+00  1.00057493E+00  6.29915178E-01
 -6.64866566E-01  1.00000000E+00  9.72475151E-01 -1.98282875E+00  3.96204655E-01  8.86205363E+00  1.00026694E+00  6.28942935E-01
 -6.26599939E-01  1.00000000E+00  9.44140006E-01 -1.98333134E+00  3.96262185E-01  8.86182340E+00  1.00044504E+00  6.28910269E-01
 -5.88333313E-01  1.00000000E+00  9.15804860E-01 -1.98383392E+00  3.96387497E-01  8.86159332E+00  1.00062319E+00  6.28877611E-01
 -5.54471587E-01  1.00000000E+00  8.91488646E-01 -1.98358600E+00  3.96791620E-01  8.87395706E+00  9.99682273E-01  6.29941983E-01
 -5.20609860E-01  1.00000000E+00  8.67172431E-01 -1.98333724E+00  3.97292860E-01  8.88634134E+00  9.98741883E-01  6.31007956E-01
 -4.90645977E-01  1.00000000E+00  8.46688296E-01 -1.98891961E+00  3.97957521E-01  8.91258525E+00  9.99786269E-01  6.33023918E-01
 -4.60682095E-01  1.00000000E+00  8.26204161E-01 -1.99451760E+00  3.98744100E-01  8.93890659E+00  1.00083383E+00  6.35045821E-01
 -4.34167380E-01  1.00000000E+00  8.08999299E-01 -1.99629951E+00  3.99976774E-01  8.97976972E+00  9.99075512E-01  6.38455537E-01
 -4.07652666E-01  1.00000000E+00  7.91794438E-01 -1.99808211E+00  4.01436793E-01  9.02083765E+00  9.97318719E-01  6.41881515E-01
 -3.84190072E-01  1.00000000E+00  7.77697628E-01 -2.00910922E+00  4.03112410E-01  9.08883342E+00  9.98526415E-01  6.47224560E-01
 -3.60727478E-01  1.00000000E+00  7.63600819E-01 -2.02020519E+00  4.04854995E-01  9.15734420E+00  9.99743021E-01  6.52608095E-01
 -3.39965684E-01  1.00000000E+00  7.52269978E-01 -2.02845958E+00  4.07072069E-01  9.24023865E+00  9.98646448E-01  6.59327376E-01
 -3.19203889E-01  1.00000000E+00  7.40939137E-01 -2.03675892E+00  4.09538889E-01  9.32391259E+00  9.97552915E-01  6.66108774E-01
 -3.00831998E-01  1.00000000E+00  7.32165776E-01 -2.05286197E+00  4.12386173E-01  9.44130370E+00  9.98384257E-01  6.75433556E-01
 -2.82460107E-01  1.00000000E+00  7.23392415E-01 -2.06911788E+00  4.15343860E-01  9.56019365E+00  9.99229837E-01  6.84877105E-01
 -2.66203017E-01  1.00000000E+00  7.16707552E-01 -2.08089916E+00  4.18864583E-01  9.69189151E+00  9.97090198E-01  6.95584105E-01
 -2.49945927E-01  1.00000000E+00  7.10022689E-01 -2.09276899E+00  4.22821696E-01  9.82548560E+00  9.94956009E-01  7.06442367E-01
 -2.35560203E-01  1.00000000E+00  7.05839515E-01 -2.11977974E+00  4.27155270E-01  1.00154699E+01  9.97055582E-01  7.21473145E-01
 -2.21174479E-01  1.00000000E+00  7.01656341E-01 -2.14719820E+00  4.31383388E-01  1.02091649E+01  9.99196492E-01  7.36797469E-01
 -2.08421419E-01  1.00000000E+00  6.99650934E-01 -2.17162701E+00  4.36030745E-01  1.04118383E+01  9.99388728E-01  7.52995966E-01
 -1.95668358E-01  1.00000000E+00  6.97645527E-01 -2.19639853E+00  4.41051299E-01  1.06186161E+01  9.99606553E-01  7.69520766E-01
 -1.83439085E-01  1.00000000E+00  6.96893146E-01 -2.21654843E+00  4.47081289E-01  1.08573947E+01  9.96272501E-01  7.88889773E-01
 -1.71209813E-01  1.00000000E+00  6.96140764E-01 -2.23692830E+00  4.53792284E-01  1.11017851E+01  9.92946382E-01  8.08707101E-01
 -1.58980541E-01  1.00000000E+00  6.97969843E-01 -2.28995661E+00  4.62144509E-01  1.14830046E+01  9.97751411E-01  8.38820255E-01
 -1.46751268E-01  1.00000000E+00  6.99798921E-01 -2.34442774E+00  4.70248994E-01  1.18774208E+01  1.00270151E+00  8.69977541E-01
 -1.34521996E-01  1.00000000E+00  7.08754102E-01 -2.39851473E+00  4.80300733E-01  1.23805596E+01  1.00223489E+00  9.10265975E-01
 -1.22292724E-01  1.00000000E+00  7.17709283E-01 -2.45413041E+00  4.90330278E-01  1.29055021E+01  1.00185545E+00  9.52291731E-01
 -1.10063451E-01  1.00000000E+00  7.17506304E-01 -2.52118336E+00  5.05515283E-01  1.34939641E+01  1.00414253E+00  9.99185726E-01
 -9.78341789E-02  1.00000000E+00  7.17303325E-01 -2.59041522E+00  5.20830130E-01  1.41096955E+01  1.00657487E+00  1.04824965E+00
 -8.56049065E-02  1.00000000E+00  7.45517540E-01 -2.59022025E+00  5.38805473E-01  1.47079557E+01  9.87141786E-01  1.09766512E+00
 -7.33756342E-02  1.00000000E+00  7.73731755E-01 -2.58838463E+00  5.37878139E-01  1.53351227E+01  9.67723564E-01  1.14939193E+00
 -6.11463618E-02  1.00000000E+00  8.19591331E-01 -2.98490095E+00  4.86659732E-01  1.35990642E+01  1.21097490E+00  9.91047143E-01
 -4.89170895E-02  1.00000000E+00  8.65450907E-01 -3.35051547E+00  4.14115514E-01  1.22015106E+01  1.49523397E+00  8.56502132E-01
 -3.66878171E-02  1.00000000E+00  1.77815450E+00 -6.34416516E+00  3.57780590E-01  1.88049578E+01  2.64074319E+00  1.29313717E+00
 -2.44585447E-02  1.00000000E+00  2.69085809E+00 -1.13533511E+01  4.30697133E-01  2.96060602E+01  4.78001038E+00  1.98608399E+00
 -1.22292724E-02  1.00000000E+00  9.55874940E-01  2.80279643E+00  1.56469135E+00  1.73966446E+01  1.27379997E+00  1.28982757E+00
  0.00000000E+00  1.00000000E+00 -7.79108214E-01  3.08191808E+01  4.57706321E+00  4.99967832E+01  1.93219771E+01  2.45398449E+00
