# curve 5 (die wall), step =      200, time =   4.00000000E+01
# N1 = tau_xx - tau_yy = G ( c_xx - c_yy ),  G =  8.0000E-02  (polymer part only)
#              x               y        pressure            c_xy        gammadot            c_xx            c_yy              N1
 -3.00000000E+00  1.00000000E+00  2.83107942E+00 -2.00112899E+00  4.00081113E-01  8.98632891E+00  1.00005330E+00  6.38902049E-01
 -2.95108291E+00  1.00000000E+00  2.79171637E+00 -2.00150639E+00  4.00072153E-01  8.98803928E+00  1.00012819E+00  6.39032888E-01
 -2.90216582E+00  1.00000000E+00  2.75235333E+00 -2.00188386E+00  4.00089892E-01  8.98974999E+00  1.00020309E+00  6.39163752E-01
 -2.85324873E+00  1.00000000E+00  2.71308057E+00 -2.00121215E+00  4.00011700E-01  8.98572739E+00  1.00011130E+00  6.38849287E-01
 -2.80433164E+00  1.00000000E+00  2.67380782E+00 -2.00054069E+00  3.99962906E-01  8.98170661E+00  1.00001955E+00  6.38534965E-01
 -2.75541455E+00  1.00000000E+00  2.63474278E+00 -2.00047656E+00  4.00048698E-01  8.98123813E+00  1.00002847E+00  6.38496772E-01
 -2.70649746E+00  1.00000000E+00  2.59567775E+00 -2.00041243E+00  4.00038074E-01  8.98076967E+00  1.00003739E+00  6.38458582E-01
 -2.65758037E+00  1.00000000E+00  2.55653050E+00 -2.00076696E+00  4.00056669E-01  8.98254621E+00  1.00011551E+00  6.38594456E-01
 -2.60866328E+00  1.00000000E+00  2.51738326E+00 -2.00112156E+00  4.00027150E-01  8.98432310E+00  1.00019364E+00  6.38730358E-01
 -2.55974619E+00  1.00000000E+00  2.47837098E+00 -2.00116815E+00  3.99988703E-01  8.98576262E+00  1.00020314E+00  6.38844758E-01
 -2.51082911E+00  1.00000000E+00  2.43935870E+00 -2.00121472E+00  4.00034496E-01  8.98720239E+00  1.00021264E+00  6.38959180E-01
 -2.46191202E+00  1.00000000E+00  2.40000221E+00 -2.00045997E+00  3.99989169E-01  8.98378936E+00  1.00000706E+00  6.38702584E-01
 -2.41299493E+00  1.00000000E+00  2.36064571E+00 -1.99970549E+00  3.99988206E-01  8.98037761E+00  9.99801541E-01  6.38446086E-01
 -2.36407784E+00  1.00000000E+00  2.32167976E+00 -2.00028015E+00  4.00024274E-01  8.98149613E+00  1.00005605E+00  6.38515207E-01
 -2.31516075E+00  1.00000000E+00  2.28271380E+00 -2.00085492E+00  3.99990910E-01  8.98261484E+00  1.00031062E+00  6.38584337E-01
 -2.26624366E+00  1.00000000E+00  2.24356665E+00 -2.00101047E+00  3.99945719E-01  8.98528403E+00  1.00020965E+00  6.38805951E-01
 -2.21732657E+00  1.00000000E+00  2.20441951E+00 -2.00116604E+00  3.99956972E-01  8.98795408E+00  1.00010868E+00  6.39027632E-01
 -2.16840948E+00  1.00000000E+00  2.16515746E+00 -2.00096561E+00  3.99945060E-01  8.98554060E+00  1.00010910E+00  6.38834520E-01
 -2.11949239E+00  1.00000000E+00  2.12589540E+00 -2.00076520E+00  3.99922211E-01  8.98312781E+00  1.00010951E+00  6.38641464E-01
 -2.07057530E+00  1.00000000E+00  2.08701461E+00 -2.00190105E+00  3.99963198E-01  8.98898325E+00  1.00033700E+00  6.39091700E-01
 -2.02165821E+00  1.00000000E+00  2.04813382E+00 -2.00303757E+00  3.99939785E-01  8.99484250E+00  1.00056461E+00  6.39542231E-01
 -1.97274112E+00  1.00000000E+00  2.00872640E+00 -2.00169576E+00  3.99866506E-01  8.99020560E+00  1.00016899E+00  6.39202929E-01
 -1.92382403E+00  1.00000000E+00  1.96931899E+00 -2.00035472E+00  3.99871433E-01  8.98557117E+00  9.99773611E-01  6.38863804E-01
 -1.87490694E+00  1.00000000E+00  1.93027707E+00 -2.00059774E+00  3.99939050E-01  8.98328586E+00  1.00003595E+00  6.38659993E-01
 -1.82598985E+00  1.00000000E+00  1.89123516E+00 -2.00084070E+00  3.99930349E-01  8.98100136E+00  1.00029834E+00  6.38456241E-01
 -1.77707276E+00  1.00000000E+00  1.85221849E+00 -2.00184342E+00  3.99941162E-01  8.98625420E+00  1.00046680E+00  6.38862992E-01
 -1.72815567E+00  1.00000000E+00  1.81320182E+00 -2.00284667E+00  3.99867520E-01  8.99151011E+00  1.00063534E+00  6.39269981E-01
 -1.67923858E+00  1.00000000E+00  1.77400742E+00 -2.00231185E+00  3.99765650E-01  8.98989911E+00  1.00052755E+00  6.39149725E-01
 -1.63032150E+00  1.00000000E+00  1.73481303E+00 -2.00177714E+00  3.99787050E-01  8.98828843E+00  1.00041980E+00  6.39029490E-01
 -1.58140441E+00  1.00000000E+00  1.69572366E+00 -2.00134327E+00  3.99672597E-01  8.98285263E+00  1.00054180E+00  6.38584866E-01
 -1.53248732E+00  1.00000000E+00  1.65663430E+00 -2.00090952E+00  3.99615376E-01  8.97742031E+00  1.00066381E+00  6.38140520E-01
 -1.48357023E+00  1.00000000E+00  1.61746358E+00 -1.99951204E+00  3.99612062E-01  8.97464235E+00  1.00007179E+00  6.37965645E-01
 -1.43465314E+00  1.00000000E+00  1.57829287E+00 -1.99811523E+00  3.99688714E-01  8.97186554E+00  9.99480151E-01  6.37790831E-01
 -1.38573605E+00  1.00000000E+00  1.53918099E+00 -1.99820643E+00  3.99647153E-01  8.96801530E+00  9.99830556E-01  6.37454779E-01
 -1.33681896E+00  1.00000000E+00  1.50006912E+00 -1.99829758E+00  3.99552682E-01  8.96416702E+00  1.00018105E+00  6.37118878E-01
 -1.28790187E+00  1.00000000E+00  1.46092449E+00 -1.99763941E+00  3.99366616E-01  8.95855171E+00  1.00018823E+00  6.36669078E-01
 -1.23898478E+00  1.00000000E+00  1.42177986E+00 -1.99698152E+00  3.99192243E-01  8.95294000E+00  1.00019541E+00  6.36219567E-01
 -1.19006769E+00  1.00000000E+00  1.38299424E+00 -1.99724885E+00  3.99031483E-01  8.95128265E+00  1.00045837E+00  6.36065943E-01
 -1.14115060E+00  1.00000000E+00  1.34420862E+00 -1.99751615E+00  3.98824719E-01  8.94962576E+00  1.00072137E+00  6.35912351E-01
 -1.09223351E+00  1.00000000E+00  1.30511599E+00 -1.99541528E+00  3.98559610E-01  8.93848078E+00  1.00039538E+00  6.35046832E-01
 -1.04331642E+00  1.00000000E+00  1.26602335E+00 -1.99331675E+00  3.98352548E-01  8.92734966E+00  1.00006979E+00  6.34182390E-01
 -9.94399333E-01  1.00000000E+00  1.22737551E+00 -1.99243157E+00  3.98160052E-01  8.91658268E+00  1.00029676E+00  6.33302874E-01
 -9.45482243E-01  1.00000000E+00  1.18872766E+00 -1.99154690E+00  3.97886852E-01  8.90582941E+00  1.00052375E+00  6.32424452E-01
 -8.96565154E-01  1.00000000E+00  1.15036914E+00 -1.99061115E+00  3.97581055E-01  8.89807156E+00  1.00062061E+00  6.31796077E-01
 -8.47648064E-01  1.00000000E+00  1.11201062E+00 -1.98967600E+00  3.97235262E-01  8.89032063E+00  1.00071754E+00  6.31168247E-01
 -7.99501858E-01  1.00000000E+00  1.07482432E+00 -1.98804665E+00  3.96827050E-01  8.87724128E+00  1.00078348E+00  6.30116624E-01
 -7.51355652E-01  1.00000000E+00  1.03763803E+00 -1.98641903E+00  3.96570231E-01  8.86418159E+00  1.00084959E+00  6.29066560E-01
 -7.08111109E-01  1.00000000E+00  1.00465813E+00 -1.98437621E+00  3.96263935E-01  8.85256973E+00  1.00054923E+00  6.28161640E-01
 -6.64866566E-01  1.00000000E+00  9.71678228E-01 -1.98233569E+00  3.96229400E-01  8.84097312E+00  1.00024921E+00  6.27257913E-01
 -6.26599939E-01  1.00000000E+00  9.43344483E-01 -1.98289790E+00  3.96287312E-01  8.84146029E+00  1.00043486E+00  6.27282034E-01
 -5.88333313E-01  1.00000000E+00  9.15010738E-01 -1.98346016E+00  3.96413211E-01  8.84194760E+00  1.00062057E+00  6.27306162E-01
 -5.54471587E-01  1.00000000E+00  8.90695375E-01 -1.98323176E+00  3.96814578E-01  8.85487141E+00  9.99671677E-01  6.28415979E-01
 -5.20609860E-01  1.00000000E+00  8.66380013E-01 -1.98300242E+00  3.97316363E-01  8.86781766E+00  9.98723287E-01  6.29527549E-01
 -4.90645977E-01  1.00000000E+00  8.45884987E-01 -1.98863091E+00  3.97990202E-01  8.89499496E+00  9.99768194E-01  6.31618142E-01
 -4.60682095E-01  1.00000000E+00  8.25389962E-01 -1.99427554E+00  3.98780350E-01  8.92225546E+00  1.00081623E+00  6.33715138E-01
 -4.34167380E-01  1.00000000E+00  8.08178617E-01 -1.99612271E+00  4.00007440E-01  8.96382689E+00  9.99061377E-01  6.37181241E-01
 -4.07652666E-01  1.00000000E+00  7.90967271E-01 -1.99797061E+00  4.01467833E-01  9.00561059E+00  9.97307969E-01  6.40664210E-01
 -3.84190072E-01  1.00000000E+00  7.76870026E-01 -2.00916268E+00  4.03149953E-01  9.07518919E+00  9.98550166E-01  6.46131122E-01
 -3.60727478E-01  1.00000000E+00  7.62772780E-01 -2.02042588E+00  4.04887420E-01  9.14530831E+00  9.99801301E-01  6.51640561E-01
 -3.39965684E-01  1.00000000E+00  7.51433499E-01 -2.02866132E+00  4.07094161E-01  9.22908228E+00  9.98676756E-01  6.58432442E-01
 -3.19203889E-01  1.00000000E+00  7.40094218E-01 -2.03694127E+00  4.09557417E-01  9.31365446E+00  9.97554973E-01  6.65287959E-01
 -3.00831998E-01  1.00000000E+00  7.31283477E-01 -2.05299742E+00  4.12415268E-01  9.43176281E+00  9.98345722E-01  6.74673367E-01
 -2.82460107E-01  1.00000000E+00  7.22472737E-01 -2.06920589E+00  4.15388845E-01  9.55139118E+00  9.99150235E-01  6.84179276E-01
 -2.66203017E-01  1.00000000E+00  7.15783433E-01 -2.08114436E+00  4.18911860E-01  9.68426515E+00  9.97041427E-01  6.94977898E-01
 -2.49945927E-01  1.00000000E+00  7.09094129E-01 -2.09317336E+00  4.22870321E-01  9.81907096E+00  9.94937880E-01  7.05930646E-01
 -2.35560203E-01  1.00000000E+00  7.04875111E-01 -2.12023587E+00  4.27218527E-01  1.00107616E+01  9.97009682E-01  7.21100154E-01
 -2.21174479E-01  1.00000000E+00  7.00656093E-01 -2.14770831E+00  4.31456190E-01  1.02062344E+01  9.99122095E-01  7.36568982E-01
 -2.08421419E-01  1.00000000E+00  6.98634052E-01 -2.17229857E+00  4.36103460E-01  1.04100627E+01  9.99354727E-01  7.52856642E-01
 -1.95668358E-01  1.00000000E+00  6.96612011E-01 -2.19723552E+00  4.41124159E-01  1.06180438E+01  9.99612970E-01  7.69474462E-01
 -1.83439085E-01  1.00000000E+00  6.95841958E-01 -2.21742081E+00  4.47148583E-01  1.08580529E+01  9.96263315E-01  7.88943166E-01
 -1.71209813E-01  1.00000000E+00  6.95071906E-01 -2.23783572E+00  4.53857075E-01  1.11037344E+01  9.92920999E-01  8.08865069E-01
 -1.58980541E-01  1.00000000E+00  6.96848602E-01 -2.29087588E+00  4.62225593E-01  1.14868493E+01  9.97695686E-01  8.39132288E-01
 -1.46751268E-01  1.00000000E+00  6.98625298E-01 -2.34536044E+00  4.70345118E-01  1.18832942E+01  1.00261348E+00  8.70454458E-01
 -1.34521996E-01  1.00000000E+00  7.07517176E-01 -2.39952627E+00  4.80395332E-01  1.23882214E+01  1.00215451E+00  9.10885351E-01
 -1.22292724E-01  1.00000000E+00  7.16409053E-01 -2.45522313E+00  4.90421895E-01  1.29151004E+01  1.00178122E+00  9.53065537E-01
 -1.10063451E-01  1.00000000E+00  7.16166861E-01 -2.52246389E+00  5.05621846E-01  1.35058999E+01  1.00411427E+00  1.00014285E+00
 -9.78341789E-02  1.00000000E+00  7.15924669E-01 -2.59189296E+00  5.20966612E-01  1.41241675E+01  1.00659162E+00  1.04940607E+00
 -8.56049065E-02  1.00000000E+00  7.44195479E-01 -2.59039646E+00  5.38919542E-01  1.47295374E+01  9.86638844E-01  1.09943189E+00
 -7.33756342E-02  1.00000000E+00  7.72466289E-01 -2.58714167E+00  5.38129250E-01  1.53645691E+01  9.66706780E-01  1.15182899E+00
 -6.11463618E-02  1.00000000E+00  8.17297604E-01 -2.99147957E+00  4.87220542E-01  1.36639035E+01  1.21107980E+00  9.96225892E-01
 -4.89170895E-02  1.00000000E+00  8.62128919E-01 -3.36597987E+00  4.14924795E-01  1.22939393E+01  1.49723042E+00  8.63736708E-01
 -3.66878171E-02  1.00000000E+00  1.77466989E+00 -6.38181940E+00  3.58701654E-01  1.89878401E+01  2.64709919E+00  1.30725927E+00
 -2.44585447E-02  1.00000000E+00  2.68721086E+00 -1.14384036E+01  4.30502464E-01  2.99505782E+01  4.79736758E+00  2.01225685E+00
 -1.22292724E-02  1.00000000E+00  9.53806401E-01  2.82868053E+00  1.56264242E+00  1.75752987E+01  1.27650540E+00  1.30390346E+00
  0.00000000E+00  1.00000000E+00 -7.79598055E-01  3.08289842E+01  4.56676284E+00  5.01264241E+01  1.92840892E+01  2.46738679E+00
