# model=oldroyd  theta_MLE: lambda=0.382515, beta=0.285669, eta_0=0.845971
# delta(x) = y_clean(x) - y_model(x; theta_MLE)   (x from curve4_x.txt)
# columns: x  delta
5.000000000000000000e+00 -8.604940162444396634e-04
4.950333040000000295e+00 -8.605344567811368250e-04
4.900666089999999642e+00 -8.605566231321137849e-04
4.850999129999999937e+00 -8.605653951192504536e-04
4.801332180000000172e+00 -8.605780222681325142e-04
4.751665219999999579e+00 -8.605887021866376330e-04
4.701998269999999813e+00 -8.605840666604525069e-04
4.652331310000000109e+00 -8.605792248366217478e-04
4.602664360000000343e+00 -8.605726200006102999e-04
4.552997399999999750e+00 -8.605610638177108029e-04
4.503330449999999985e+00 -8.605401674302015635e-04
4.453663490000000280e+00 -8.605207749088350511e-04
4.403996539999999627e+00 -8.604912313980861427e-04
4.354329579999999922e+00 -8.604735899571114288e-04
4.304662630000000156e+00 -8.604368947171536774e-04
4.254995669999999564e+00 -8.604060313992523135e-04
4.205328709999999859e+00 -8.603763485950377543e-04
4.155661760000000093e+00 -8.603398988067390007e-04
4.105994800000000389e+00 -8.603016101520477577e-04
4.056327849999999735e+00 -8.602729914364282138e-04
4.006660890000000030e+00 -8.602331225937565051e-04
3.956993939999999821e+00 -8.601960055734103605e-04
3.907326980000000116e+00 -8.601609733607240571e-04
3.857660029999999907e+00 -8.601422786125301201e-04
3.807993070000000202e+00 -8.601137706132355731e-04
3.758326119999999992e+00 -8.600901621367285088e-04
3.708659159999999844e+00 -8.600794833373281989e-04
3.658992210000000078e+00 -8.600806716945186281e-04
3.609325249999999929e+00 -8.600882948985866250e-04
3.559658300000000164e+00 -8.601146624531708085e-04
3.509991340000000015e+00 -8.601474480103288300e-04
3.460324389999999806e+00 -8.602023446446782629e-04
3.410657430000000101e+00 -8.602763141181135609e-04
3.360990469999999952e+00 -8.603576698662518396e-04
3.311323520000000187e+00 -8.604611785771876242e-04
3.261656560000000038e+00 -8.605911412811195760e-04
3.211989609999999828e+00 -8.607448793156446953e-04
3.162322650000000124e+00 -8.609202775913260552e-04
3.112655699999999914e+00 -8.611291831581713296e-04
3.062988740000000210e+00 -8.613584768486504117e-04
3.013321790000000000e+00 -8.616190398627043834e-04
2.963654829999999851e+00 -8.618971595302227229e-04
2.913987880000000086e+00 -8.622161230547042976e-04
2.864320919999999937e+00 -8.625329334106535129e-04
2.814653970000000172e+00 -8.628649924222742129e-04
2.764987010000000023e+00 -8.632191668875854873e-04
2.715320059999999813e+00 -8.635736333157950639e-04
2.665653100000000109e+00 -8.639157045473577767e-04
2.615986139999999960e+00 -8.642446670754644344e-04
2.566319190000000194e+00 -8.645550177273086945e-04
2.516652230000000046e+00 -8.648113878788610265e-04
2.466985279999999836e+00 -8.649922113239671972e-04
2.417318320000000131e+00 -8.650927605697855682e-04
2.367651369999999922e+00 -8.650431303185435183e-04
2.317984410000000217e+00 -8.648577277865499013e-04
2.268317460000000008e+00 -8.644746528185809353e-04
2.218650499999999859e+00 -8.638410811938612710e-04
2.168983550000000093e+00 -8.629278379406191135e-04
2.119316589999999945e+00 -8.616720538010547159e-04
2.069649640000000179e+00 -8.599937346533970128e-04
2.019982680000000030e+00 -8.578407780364116775e-04
1.970315730000000043e+00 -8.551105930272306921e-04
1.920648769999999894e+00 -8.517170415236474668e-04
1.870981809999999967e+00 -8.475745580189819606e-04
1.821314859999999980e+00 -8.425368404569866243e-04
1.771647900000000053e+00 -8.365121831228616855e-04
1.721980950000000066e+00 -8.293276938320381930e-04
1.672313989999999917e+00 -8.209254502702378886e-04
1.622647039999999929e+00 -8.110536386014555177e-04
1.572980080000000003e+00 -7.995178782189693578e-04
1.523313130000000015e+00 -7.861866241638537645e-04
1.473646170000000089e+00 -7.707923816964168395e-04
1.423979220000000101e+00 -7.531208145217238581e-04
1.374312259999999952e+00 -7.330622779742057560e-04
1.324645309999999965e+00 -7.101847854438236851e-04
1.274978350000000038e+00 -6.843650294492409358e-04
1.225311400000000051e+00 -6.552035533300415437e-04
1.175644439999999902e+00 -6.225564473678613098e-04
1.125977479999999975e+00 -5.859709523976519563e-04
1.076310529999999988e+00 -5.451727112482096516e-04
1.026643570000000061e+00 -5.001348193185428670e-04
9.769766189999999906e-01 -4.499791043035550331e-04
9.273096640000000335e-01 -3.951916096827101654e-04
8.776427079999999936e-01 -3.347736060039796513e-04
8.279757530000000365e-01 -2.678827353557178270e-04
7.786002389999999718e-01 -1.956435547021406762e-04
7.317317880000000496e-01 -1.208159920240703400e-04
6.876846269999999928e-01 -4.594564710047599476e-05
6.462889219999999879e-01 3.058251940490919196e-05
6.073850619999999756e-01 1.061851608916697387e-04
5.708230460000000006e-01 1.817956185135027880e-04
5.364619149999999559e-01 2.571780862348216345e-04
5.041691750000000249e-01 3.320243817452883661e-04
4.738203240000000149e-01 4.044751165110938018e-04
4.452983460000000115e-01 4.750658628966952790e-04
4.184932690000000011e-01 5.453312863050729931e-04
3.933017460000000076e-01 6.129306013940016840e-04
3.696266380000000074e-01 6.780885182007256873e-04
3.473766770000000226e-01 7.404391136285326525e-04
3.264660690000000254e-01 8.011254404309831045e-04
3.068141939999999845e-01 8.593585082357080296e-04
2.883452770000000109e-01 9.132427633722350890e-04
2.709881089999999770e-01 9.648259281656024200e-04
2.546757709999999952e-01 1.014094679173238589e-03
2.393453670000000033e-01 1.058156861920567238e-03
2.249377889999999991e-01 1.100899478976513635e-03
2.113974849999999961e-01 1.140571195372475088e-03
1.986678209999999944e-01 1.175384487195563210e-03
1.862510820000000122e-01 1.208954082461133339e-03
1.738343440000000018e-01 1.240087748295426451e-03
1.614176049999999918e-01 1.269324223344803215e-03
1.490008660000000096e-01 1.295497677132217973e-03
1.365841269999999996e-01 1.317331878393446232e-03
1.241673880000000035e-01 1.334371320991678544e-03
1.117506489999999936e-01 1.344107290144780364e-03
9.933391060000000550e-02 1.341739741566927435e-03
8.691717179999999821e-02 1.328133638664574789e-03
7.450043300000000479e-02 1.300282548785558490e-03
6.208369419999999750e-02 1.247929156855009936e-03
4.966695530000000275e-02 1.151838006702154971e-03
3.725021650000000240e-02 1.032733271677299669e-03
2.483347769999999857e-02 7.998444553074524066e-04
1.241673880000000035e-02 4.257272932788325193e-04
0.000000000000000000e+00 0.000000000000000000e+00
