# model=oldroyd  theta_MLE: lambda=0.676827, beta=0.817783, eta_0=0.845856
# delta(x) = y_clean(x) - y_model(x; theta_MLE)   (x from curve4_x.txt)
# columns: x  delta
5.000000000000000000e+00 -1.135699434517967177e-05
4.950333040000000295e+00 -1.134064228192066537e-05
4.900666089999999642e+00 -1.133570527933613903e-05
4.850999129999999937e+00 -1.132679450344120653e-05
4.801332180000000172e+00 -1.132014449845009096e-05
4.751665219999999579e+00 -1.131932953923886487e-05
4.701998269999999813e+00 -1.130996905707171152e-05
4.652331310000000109e+00 -1.130650787950493452e-05
4.602664360000000343e+00 -1.128978079467657381e-05
4.552997399999999750e+00 -1.128227961788574873e-05
4.503330449999999985e+00 -1.127239753428987967e-05
4.453663490000000280e+00 -1.126150690500260509e-05
4.403996539999999627e+00 -1.124802097951516089e-05
4.354329579999999922e+00 -1.122946111475897624e-05
4.304662630000000156e+00 -1.121331621867227568e-05
4.254995669999999564e+00 -1.119688182527056597e-05
4.205328709999999859e+00 -1.117009269102631208e-05
4.155661760000000093e+00 -1.115556286457319857e-05
4.105994800000000389e+00 -1.112441854211887460e-05
4.056327849999999735e+00 -1.110001938942062338e-05
4.006660890000000030e+00 -1.107533165201068925e-05
3.956993939999999821e+00 -1.104751469749309933e-05
3.907326980000000116e+00 -1.101472325548691344e-05
3.857660029999999907e+00 -1.098427287704595301e-05
3.807993070000000202e+00 -1.095012319574095727e-05
3.758326119999999992e+00 -1.091244043105454864e-05
3.708659159999999844e+00 -1.087438275226837447e-05
3.658992210000000078e+00 -1.084213691027180460e-05
3.609325249999999929e+00 -1.080405221842717367e-05
3.559658300000000164e+00 -1.075473605927079745e-05
3.509991340000000015e+00 -1.071906859406723811e-05
3.460324389999999806e+00 -1.067304637314414606e-05
3.410657430000000101e+00 -1.062934783613300738e-05
3.360990469999999952e+00 -1.058797669295508115e-05
3.311323520000000187e+00 -1.054769328390214866e-05
3.261656560000000038e+00 -1.050939431790354206e-05
3.211989609999999828e+00 -1.046506372293087850e-05
3.162322650000000124e+00 -1.042420651353737071e-05
3.112655699999999914e+00 -1.038465126046439480e-05
3.062988740000000210e+00 -1.033412419726431608e-05
3.013321790000000000e+00 -1.028911360134721065e-05
2.963654829999999851e+00 -1.024232287072379677e-05
2.913987880000000086e+00 -1.019133198254529304e-05
2.864320919999999937e+00 -1.012720388837706764e-05
2.814653970000000172e+00 -1.006328578601056734e-05
2.764987010000000023e+00 -9.987968606184338682e-06
2.715320059999999813e+00 -9.901487767471905954e-06
2.665653100000000109e+00 -9.787617526457736972e-06
2.615986139999999960e+00 -9.660406618650085875e-06
2.566319190000000194e+00 -9.496793002883308077e-06
2.516652230000000046e+00 -9.303540953631284083e-06
2.466985279999999836e+00 -9.069848372122990554e-06
2.417318320000000131e+00 -8.779067817155095099e-06
2.367651369999999922e+00 -8.440033653744904996e-06
2.317984410000000217e+00 -8.013871639178660189e-06
2.268317460000000008e+00 -7.514956976484299389e-06
2.218650499999999859e+00 -6.923079812981569603e-06
2.168983550000000093e+00 -6.208967007648169556e-06
2.119316589999999945e+00 -5.368567543628799399e-06
2.069649640000000179e+00 -4.405094199411152545e-06
2.019982680000000030e+00 -3.255479955388551616e-06
1.970315730000000043e+00 -1.951443822978404796e-06
1.920648769999999894e+00 -4.462245015712795748e-07
1.870981809999999967e+00 1.261139697783519864e-06
1.821314859999999980e+00 3.213734571572146592e-06
1.771647900000000053e+00 5.370410270266745556e-06
1.721980950000000066e+00 7.779245484007546452e-06
1.672313989999999917e+00 1.047153488298313562e-05
1.622647039999999929e+00 1.339329038740899591e-05
1.572980080000000003e+00 1.658535202686550747e-05
1.523313130000000015e+00 2.004466128702198091e-05
1.473646170000000089e+00 2.367500311817316572e-05
1.423979220000000101e+00 2.748374168226597192e-05
1.374312259999999952e+00 3.152466344236160012e-05
1.324645309999999965e+00 3.559739089920022082e-05
1.274978350000000038e+00 3.975083180218774714e-05
1.225311400000000051e+00 4.390781220942052698e-05
1.175644439999999902e+00 4.786520822697148958e-05
1.125977479999999975e+00 5.166415647961386526e-05
1.076310529999999988e+00 5.518936572612709313e-05
1.026643570000000061e+00 5.823356859502304417e-05
9.769766189999999906e-01 6.011036669906211216e-05
9.273096640000000335e-01 6.185625077126388760e-05
8.776427079999999936e-01 6.225098280454588462e-05
8.279757530000000365e-01 6.120203712867144930e-05
7.786002389999999718e-01 5.900564526450935432e-05
7.317317880000000496e-01 5.532294443244545334e-05
6.876846269999999928e-01 5.082682825463535892e-05
6.462889219999999879e-01 4.474838455270635507e-05
6.073850619999999756e-01 3.812624603827252656e-05
5.708230460000000006e-01 3.053094549754220566e-05
5.364619149999999559e-01 2.301373920299276676e-05
5.041691750000000249e-01 1.412759516283834671e-05
4.738203240000000149e-01 6.110579491735990132e-06
4.452983460000000115e-01 -1.737446416960608531e-06
4.184932690000000011e-01 -9.694021708916977786e-06
3.933017460000000076e-01 -1.705355125336538435e-05
3.696266380000000074e-01 -2.365261844472499320e-05
3.473766770000000226e-01 -2.962473044365587782e-05
3.264660690000000254e-01 -3.522115509313472614e-05
3.068141939999999845e-01 -3.969061472774981780e-05
2.883452770000000109e-01 -4.407943287443316649e-05
2.709881089999999770e-01 -4.633896713857055261e-05
2.546757709999999952e-01 -4.852106312891457662e-05
2.393453670000000033e-01 -4.999289097384895797e-05
2.249377889999999991e-01 -4.954143447699621561e-05
2.113974849999999961e-01 -5.027146624114742224e-05
1.986678209999999944e-01 -4.973488128956482512e-05
1.862510820000000122e-01 -4.741847407774280043e-05
1.738343440000000018e-01 -4.503479088668882468e-05
1.614176049999999918e-01 -4.198961406820522768e-05
1.490008660000000096e-01 -3.769593592828357487e-05
1.365841269999999996e-01 -3.401216218934521862e-05
1.241673880000000035e-01 -2.676986009286785873e-05
1.117506489999999936e-01 -2.141345743100764309e-05
9.933391060000000550e-02 -1.223548038820077011e-05
8.691717179999999821e-02 -5.568225309282581748e-06
7.450043300000000479e-02 7.330084056400565373e-06
6.208369419999999750e-02 1.542419412170481507e-05
4.966695530000000275e-02 2.636960300939072965e-05
3.725021650000000240e-02 3.650175021929769059e-05
2.483347769999999857e-02 4.225820090342224944e-05
1.241673880000000035e-02 1.965532475844966598e-05
0.000000000000000000e+00 0.000000000000000000e+00
