# curve 5 (die wall), step =      400, time =   2.00000000E+01
# N1 = tau_xx - tau_yy = G ( c_xx - c_yy ),  G =  8.8889E-01  (polymer part only)
#              x               y        pressure            c_xy        gammadot            c_xx            c_yy              N1
 -3.00000000E+00  1.00000000E+00  1.52485173E+01 -2.01006118E+00  2.00090661E+00  9.04891886E+00  1.00162386E+00  7.15315111E+00
 -2.90322402E+00  1.00000000E+00  1.48410123E+01 -2.00561530E+00  1.99985685E+00  9.03867371E+00  1.00016364E+00  7.14534229E+00
 -2.80644804E+00  1.00000000E+00  1.44335073E+01 -2.00117597E+00  2.00169758E+00  9.02844261E+00  9.98706515E-01  7.13754320E+00
 -2.70967207E+00  1.00000000E+00  1.40501030E+01 -2.00194663E+00  2.00154497E+00  9.03440128E+00  9.98728376E-01  7.14282036E+00
 -2.61289609E+00  1.00000000E+00  1.36666988E+01 -2.00271766E+00  2.00568799E+00  9.04036395E+00  9.98750265E-01  7.14810105E+00
 -2.51612011E+00  1.00000000E+00  1.32735976E+01 -2.00459643E+00  2.00313893E+00  9.03502932E+00  9.99720429E-01  7.14249679E+00
 -2.41934413E+00  1.00000000E+00  1.28804965E+01 -2.00647386E+00  2.00027412E+00  9.02970181E+00  1.00069150E+00  7.13689805E+00
 -2.32256815E+00  1.00000000E+00  1.25028005E+01 -2.00859302E+00  2.00281167E+00  9.04326034E+00  1.00106031E+00  7.14862225E+00
 -2.22579217E+00  1.00000000E+00  1.21251045E+01 -2.01071466E+00  2.00398680E+00  9.05683941E+00  1.00142938E+00  7.16036447E+00
 -2.12901620E+00  1.00000000E+00  1.17315687E+01 -2.00738399E+00  2.00076882E+00  9.04777276E+00  1.00029171E+00  7.15331649E+00
 -2.03224022E+00  1.00000000E+00  1.13380329E+01 -2.00405753E+00  2.00140234E+00  9.03871610E+00  9.99155762E-01  7.14627586E+00
 -1.93546424E+00  1.00000000E+00  1.09495738E+01 -2.00609906E+00  2.00200482E+00  9.03126493E+00  1.00052691E+00  7.13843380E+00
 -1.83868826E+00  1.00000000E+00  1.05611147E+01 -2.00813924E+00  1.99878240E+00  9.02382540E+00  1.00189959E+00  7.13060072E+00
 -1.74191228E+00  1.00000000E+00  1.01778238E+01 -2.00541425E+00  2.00005680E+00  9.02381179E+00  1.00092551E+00  7.13145447E+00
 -1.64513630E+00  1.00000000E+00  9.79453302E+00 -2.00268938E+00  2.00085136E+00  9.02380163E+00  9.99952847E-01  7.13231003E+00
 -1.54836033E+00  1.00000000E+00  9.39801272E+00 -1.99982188E+00  1.99587826E+00  8.99732840E+00  1.00001653E+00  7.10872166E+00
 -1.45158435E+00  1.00000000E+00  9.00149242E+00 -1.99695933E+00  1.99281413E+00  8.97093552E+00  1.00008029E+00  7.08520464E+00
 -1.35480837E+00  1.00000000E+00  8.62149826E+00 -1.99794871E+00  1.98866132E+00  8.94555003E+00  1.00220451E+00  7.06075157E+00
 -1.25803239E+00  1.00000000E+00  8.24150410E+00 -1.99893342E+00  1.98006576E+00  8.92025245E+00  1.00433144E+00  7.03637423E+00
 -1.16125641E+00  1.00000000E+00  7.85244619E+00 -1.98387633E+00  1.96782393E+00  8.84187292E+00  1.00247087E+00  6.96835738E+00
 -1.06448043E+00  1.00000000E+00  7.46338828E+00 -1.96893874E+00  1.95898399E+00  8.76418124E+00  1.00063239E+00  6.90093231E+00
 -9.67704456E-01  1.00000000E+00  7.07598055E+00 -1.96006635E+00  1.95116488E+00  8.68201432E+00  1.00115250E+00  6.82743273E+00
 -8.70928477E-01  1.00000000E+00  6.68857281E+00 -1.95124428E+00  1.93961889E+00  8.60064498E+00  1.00167441E+00  6.75464051E+00
 -7.79321894E-01  1.00000000E+00  6.36708473E+00 -1.93780174E+00  1.91738263E+00  8.46933571E+00  1.00383339E+00  6.63600206E+00
 -6.87715310E-01  1.00000000E+00  6.04559665E+00 -1.92448761E+00  1.90117150E+00  8.34010940E+00  1.00600441E+00  6.51920444E+00
 -6.17205014E-01  1.00000000E+00  5.79948773E+00 -1.90674869E+00  1.89393508E+00  8.26785484E+00  1.00177198E+00  6.45874032E+00
 -5.46694718E-01  1.00000000E+00  5.55337880E+00 -1.88916339E+00  1.88887370E+00  8.19622843E+00  9.97577157E-01  6.39880113E+00
 -4.93524655E-01  1.00000000E+00  5.39289850E+00 -1.88807347E+00  1.88930401E+00  8.16062393E+00  9.98706230E-01  6.36614907E+00
 -4.40354593E-01  1.00000000E+00  5.23241819E+00 -1.88697757E+00  1.89092432E+00  8.12519357E+00  9.99834436E-01  6.33365256E+00
 -4.00260370E-01  1.00000000E+00  5.13261730E+00 -1.88831426E+00  1.90007828E+00  8.16374310E+00  9.97345328E-01  6.37013135E+00
 -3.60166148E-01  1.00000000E+00  5.03281642E+00 -1.88965329E+00  1.90978362E+00  8.20249511E+00  9.94861213E-01  6.40678568E+00
 -3.29932095E-01  1.00000000E+00  4.98210633E+00 -1.90470674E+00  1.92073411E+00  8.28354780E+00  9.97034821E-01  6.47690043E+00
 -2.99698042E-01  1.00000000E+00  4.93139624E+00 -1.91989006E+00  1.93053672E+00  8.36540190E+00  9.99229275E-01  6.54770900E+00
 -2.76899294E-01  1.00000000E+00  4.89631612E+00 -1.93625755E+00  1.94953125E+00  8.49019499E+00  9.99067926E-01  6.65877961E+00
 -2.54100545E-01  1.00000000E+00  4.86123600E+00 -1.95280228E+00  1.96502817E+00  8.61688825E+00  9.98923522E-01  6.77152421E+00
 -2.36908572E-01  1.00000000E+00  4.85235709E+00 -1.97213740E+00  1.97544043E+00  8.72906397E+00  1.00173222E+00  6.86873933E+00
 -2.19716598E-01  1.00000000E+00  4.84347818E+00 -1.99168428E+00  1.98510998E+00  8.84270498E+00  1.00457001E+00  6.96723109E+00
 -2.06634277E-01  1.00000000E+00  4.84344341E+00 -2.00280485E+00  1.99134066E+00  8.91982843E+00  1.00559512E+00  7.03487405E+00
 -1.93551957E-01  1.00000000E+00  4.84340864E+00 -2.01399816E+00  1.99320975E+00  8.99763388E+00  1.00662667E+00  7.10311752E+00
 -1.81454959E-01  1.00000000E+00  4.83758061E+00 -2.03231940E+00  1.98765409E+00  9.01352010E+00  1.01517263E+00  7.10964219E+00
 -1.69357962E-01  1.00000000E+00  4.83175259E+00 -2.05072386E+00  1.97583197E+00  9.02953042E+00  1.02379450E+00  7.11620971E+00
 -1.57260965E-01  1.00000000E+00  4.84908861E+00 -2.05245791E+00  1.96013202E+00  8.93671281E+00  1.03263444E+00  7.02584744E+00
 -1.45163967E-01  1.00000000E+00  4.86642463E+00 -2.05417972E+00  1.90667094E+00  8.84502414E+00  1.04153399E+00  6.93643569E+00
 -1.33066970E-01  1.00000000E+00  4.83632559E+00 -1.92581337E+00  1.76691000E+00  8.13048075E+00  1.03151850E+00  6.31018867E+00
 -1.20969973E-01  1.00000000E+00  4.80622655E+00 -1.80642392E+00  1.64734828E+00  7.47374721E+00  1.02307979E+00  5.73392660E+00
 -1.08872976E-01  1.00000000E+00  4.89887203E+00 -1.78617528E+00  1.54620798E+00  6.38806902E+00  1.11162185E+00  4.69017526E+00
 -9.67759783E-02  1.00000000E+00  4.99151750E+00 -1.76576503E+00  1.33270977E+00  5.48157580E+00  1.20533831E+00  3.80110000E+00
 -8.46789810E-02  1.00000000E+00  6.24037492E+00 -1.10878908E+00  8.00283457E-01  3.44525527E+00  1.06974719E+00  2.11156274E+00
 -7.25819837E-02  1.00000000E+00  7.48923234E+00 -6.78218181E-01  4.20120625E-01  2.16683882E+00  1.01018437E+00  1.02813729E+00
 -6.04849864E-02  1.00000000E+00  9.12668146E+00 -2.66879313E-01  2.87413680E-01  7.84362927E-01  1.50481217E+00 -6.40399330E-01
 -4.83879891E-02  1.00000000E+00  1.07641306E+01 -1.00528083E-02  8.56765534E-01  2.87450251E-01  2.47547953E+00 -1.94491491E+00
 -3.62909919E-02  1.00000000E+00  1.58146098E+01 -1.02877309E-01  1.80838930E+00  6.10861889E-01  1.25869996E+00 -5.75856062E-01
 -2.41939946E-02  1.00000000E+00  2.08650891E+01 -2.04192716E-01  2.10053185E+00  1.30126717E+00  6.53145923E-01  5.76107779E-01
 -1.20969973E-02  1.00000000E+00  1.14296589E+01  1.88853333E+00  5.36639724E+00  2.74944145E+00  2.28603598E+00  4.11915979E-01
  0.00000000E+00  1.00000000E+00  1.99422866E+00  1.32044090E+01  4.45794601E+01  1.28948597E+01  1.42306327E+01 -1.18735378E+00
