# curve 5 (die wall), step =      500, time =   2.50000000E+01
# N1 = tau_xx - tau_yy = G ( c_xx - c_yy ),  G =  8.8889E-01  (polymer part only)
#              x               y        pressure            c_xy        gammadot            c_xx            c_yy              N1
 -3.00000000E+00  1.00000000E+00  1.52485173E+01 -2.01006135E+00  2.00090658E+00  9.04891945E+00  1.00162392E+00  7.15315158E+00
 -2.90322402E+00  1.00000000E+00  1.48410124E+01 -2.00561542E+00  1.99985680E+00  9.03867433E+00  1.00016368E+00  7.14534280E+00
 -2.80644804E+00  1.00000000E+00  1.44335074E+01 -2.00117604E+00  2.00169753E+00  9.02844326E+00  9.98706537E-01  7.13754376E+00
 -2.70967207E+00  1.00000000E+00  1.40501031E+01 -2.00194659E+00  2.00154491E+00  9.03440168E+00  9.98728358E-01  7.14282073E+00
 -2.61289609E+00  1.00000000E+00  1.36666988E+01 -2.00271750E+00  2.00568797E+00  9.04036410E+00  9.98750207E-01  7.14810124E+00
 -2.51612011E+00  1.00000000E+00  1.32735976E+01 -2.00459628E+00  2.00313896E+00  9.03502934E+00  9.99720374E-01  7.14249686E+00
 -2.41934413E+00  1.00000000E+00  1.28804964E+01 -2.00647370E+00  2.00027419E+00  9.02970171E+00  1.00069145E+00  7.13689801E+00
 -2.32256815E+00  1.00000000E+00  1.25028004E+01 -2.00859300E+00  2.00281176E+00  9.04326045E+00  1.00106030E+00  7.14862235E+00
 -2.22579217E+00  1.00000000E+00  1.21251044E+01 -2.01071478E+00  2.00398686E+00  9.05683972E+00  1.00142942E+00  7.16036471E+00
 -2.12901620E+00  1.00000000E+00  1.17315687E+01 -2.00738415E+00  2.00076882E+00  9.04777329E+00  1.00029177E+00  7.15331690E+00
 -2.03224022E+00  1.00000000E+00  1.13380330E+01 -2.00405774E+00  2.00140229E+00  9.03871685E+00  9.99155839E-01  7.14627646E+00
 -1.93546424E+00  1.00000000E+00  1.09495739E+01 -2.00609919E+00  2.00200474E+00  9.03126563E+00  1.00052696E+00  7.13843438E+00
 -1.83868826E+00  1.00000000E+00  1.05611148E+01 -2.00813928E+00  1.99878231E+00  9.02382605E+00  1.00189960E+00  7.13060128E+00
 -1.74191228E+00  1.00000000E+00  1.01778239E+01 -2.00541420E+00  2.00005673E+00  9.02381221E+00  1.00092549E+00  7.13145486E+00
 -1.64513630E+00  1.00000000E+00  9.79453305E+00 -2.00268924E+00  2.00085133E+00  9.02380182E+00  9.99952794E-01  7.13231025E+00
 -1.54836033E+00  1.00000000E+00  9.39801267E+00 -1.99982173E+00  1.99587828E+00  8.99732847E+00  1.00001647E+00  7.10872177E+00
 -1.45158435E+00  1.00000000E+00  9.00149228E+00 -1.99695917E+00  1.99281418E+00  8.97093548E+00  1.00008024E+00  7.08520466E+00
 -1.35480837E+00  1.00000000E+00  8.62149814E+00 -1.99794865E+00  1.98866140E+00  8.94555012E+00  1.00220449E+00  7.06075168E+00
 -1.25803239E+00  1.00000000E+00  8.24150399E+00 -1.99893344E+00  1.98006582E+00  8.92025268E+00  1.00433145E+00  7.03637442E+00
 -1.16125641E+00  1.00000000E+00  7.85244616E+00 -1.98387641E+00  1.96782397E+00  8.84187336E+00  1.00247089E+00  6.96835775E+00
 -1.06448043E+00  1.00000000E+00  7.46338832E+00 -1.96893887E+00  1.95898400E+00  8.76418188E+00  1.00063244E+00  6.90093284E+00
 -9.67704456E-01  1.00000000E+00  7.07598059E+00 -1.96006645E+00  1.95116485E+00  8.68201494E+00  1.00115253E+00  6.82743325E+00
 -8.70928477E-01  1.00000000E+00  6.68857286E+00 -1.95124435E+00  1.93961884E+00  8.60064557E+00  1.00167443E+00  6.75464101E+00
 -7.79321894E-01  1.00000000E+00  6.36708478E+00 -1.93780180E+00  1.91738256E+00  8.46933621E+00  1.00383342E+00  6.63600248E+00
 -6.87715310E-01  1.00000000E+00  6.04559670E+00 -1.92448767E+00  1.90117143E+00  8.34010983E+00  1.00600443E+00  6.51920479E+00
 -6.17205014E-01  1.00000000E+00  5.79948783E+00 -1.90674868E+00  1.89393503E+00  8.26785515E+00  1.00177199E+00  6.45874059E+00
 -5.46694718E-01  1.00000000E+00  5.55337895E+00 -1.88916332E+00  1.88887367E+00  8.19622863E+00  9.97577135E-01  6.39880133E+00
 -4.93524655E-01  1.00000000E+00  5.39289854E+00 -1.88807321E+00  1.88930401E+00  8.16062362E+00  9.98706136E-01  6.36614887E+00
 -4.40354593E-01  1.00000000E+00  5.23241813E+00 -1.88697713E+00  1.89092442E+00  8.12519274E+00  9.99834271E-01  6.33365197E+00
 -4.00260370E-01  1.00000000E+00  5.13261706E+00 -1.88831387E+00  1.90007846E+00  8.16374224E+00  9.97345175E-01  6.37013072E+00
 -3.60166148E-01  1.00000000E+00  5.03281599E+00 -1.88965297E+00  1.90978390E+00  8.20249422E+00  9.94861072E-01  6.40678502E+00
 -3.29932095E-01  1.00000000E+00  4.98210595E+00 -1.90470676E+00  1.92073447E+00  8.28354778E+00  9.97034785E-01  6.47690044E+00
 -2.99698042E-01  1.00000000E+00  4.93139590E+00 -1.91989042E+00  1.93053700E+00  8.36540275E+00  9.99229346E-01  6.54770969E+00
 -2.76899294E-01  1.00000000E+00  4.89631589E+00 -1.93625818E+00  1.94953161E+00  8.49019738E+00  9.99068048E-01  6.65878163E+00
 -2.54100545E-01  1.00000000E+00  4.86123587E+00 -1.95280318E+00  1.96502842E+00  8.61689223E+00  9.98923694E-01  6.77152759E+00
 -2.36908572E-01  1.00000000E+00  4.85235700E+00 -1.97213815E+00  1.97544042E+00  8.72906754E+00  1.00173237E+00  6.86874238E+00
 -2.19716598E-01  1.00000000E+00  4.84347814E+00 -1.99168488E+00  1.98510989E+00  8.84270813E+00  1.00457013E+00  6.96723378E+00
 -2.06634277E-01  1.00000000E+00  4.84344305E+00 -2.00280538E+00  1.99134053E+00  8.91983014E+00  1.00559527E+00  7.03487544E+00
 -1.93551957E-01  1.00000000E+00  4.84340796E+00 -2.01399860E+00  1.99320953E+00  8.99763412E+00  1.00662685E+00  7.10311758E+00
 -1.81454959E-01  1.00000000E+00  4.83758033E+00 -2.03231972E+00  1.98765360E+00  9.01351824E+00  1.01517283E+00  7.10964036E+00
 -1.69357962E-01  1.00000000E+00  4.83175270E+00 -2.05072406E+00  1.97583133E+00  9.02952645E+00  1.02379473E+00  7.11620598E+00
 -1.57260965E-01  1.00000000E+00  4.84908908E+00 -2.05245731E+00  1.96013149E+00  8.93670625E+00  1.03263441E+00  7.02584164E+00
 -1.45163967E-01  1.00000000E+00  4.86642547E+00 -2.05417833E+00  1.90667077E+00  8.84501504E+00  1.04153369E+00  6.93642786E+00
 -1.33066970E-01  1.00000000E+00  4.83632626E+00 -1.92581033E+00  1.76691032E+00  8.13046759E+00  1.03151759E+00  6.31017778E+00
 -1.20969973E-01  1.00000000E+00  4.80622706E+00 -1.80641944E+00  1.64734921E+00  7.47373070E+00  1.02307831E+00  5.73391324E+00
 -1.08872976E-01  1.00000000E+00  4.89887171E+00 -1.78617093E+00  1.54620936E+00  6.38805316E+00  1.11162032E+00  4.69016252E+00
 -9.67759783E-02  1.00000000E+00  4.99151636E+00 -1.76576078E+00  1.33271154E+00  5.48156077E+00  1.20533672E+00  3.80108804E+00
 -8.46789810E-02  1.00000000E+00  6.24037595E+00 -1.10878861E+00  8.00285471E-01  3.44525169E+00  1.06974704E+00  2.11155969E+00
 -7.25819837E-02  1.00000000E+00  7.48923554E+00 -6.78219422E-01  4.20121357E-01  2.16684023E+00  1.01018504E+00  1.02813794E+00
 -6.04849864E-02  1.00000000E+00  9.12668103E+00 -2.66879080E-01  2.87413919E-01  7.84363675E-01  1.50481106E+00 -6.40397671E-01
 -4.83879891E-02  1.00000000E+00  1.07641265E+01 -1.00516655E-02  8.56765058E-01  2.87450726E-01  2.47547533E+00 -1.94491076E+00
 -3.62909919E-02  1.00000000E+00  1.58146065E+01 -1.02876651E-01  1.80838856E+00  6.10862407E-01  1.25869912E+00 -5.75854857E-01
 -2.41939946E-02  1.00000000E+00  2.08650864E+01 -2.04192442E-01  2.10053144E+00  1.30126741E+00  6.53146174E-01  5.76107769E-01
 -1.20969973E-02  1.00000000E+00  1.14296561E+01  1.88853237E+00  5.36639603E+00  2.74944074E+00  2.28603480E+00  4.11916385E-01
  0.00000000E+00  1.00000000E+00  1.99422572E+00  1.32043872E+01  4.45795494E+01  1.28948412E+01  1.42306073E+01 -1.18734765E+00
