# curve 5 (die wall), step =      300, time =   1.20000000E+02
# N1 = tau_xx - tau_yy = G ( c_xx - c_yy ),  G =  7.1429E-02  (polymer part only)
#              x               y        pressure            c_xy        gammadot            c_xx            c_yy              N1
 -3.00000000E+00  1.00000000E+00  2.76603812E+00 -2.40981176E+00  4.10059264E-01  1.32731717E+01  9.41869078E-01  8.80807333E-01
 -2.97524677E+00  1.00000000E+00  2.74730464E+00 -2.40972205E+00  4.10073732E-01  1.32726644E+01  9.41862081E-01  8.80771597E-01
 -2.95049355E+00  1.00000000E+00  2.72857116E+00 -2.40963235E+00  4.10087085E-01  1.32721571E+01  9.41855085E-01  8.80735861E-01
 -2.92574032E+00  1.00000000E+00  2.70986560E+00 -2.40988514E+00  4.10100599E-01  1.32733466E+01  9.41901130E-01  8.80817531E-01
 -2.90098710E+00  1.00000000E+00  2.69116003E+00 -2.41013796E+00  4.10094275E-01  1.32745361E+01  9.41947181E-01  8.80899207E-01
 -2.87623387E+00  1.00000000E+00  2.67260164E+00 -2.41069167E+00  4.10069740E-01  1.32780876E+01  9.42030809E-01  8.81146916E-01
 -2.85148064E+00  1.00000000E+00  2.65404324E+00 -2.41124552E+00  4.10030829E-01  1.32816401E+01  9.42114456E-01  8.81394692E-01
 -2.82672742E+00  1.00000000E+00  2.63531045E+00 -2.41021683E+00  4.10005272E-01  1.32780639E+01  9.41890642E-01  8.81155233E-01
 -2.80197419E+00  1.00000000E+00  2.61657765E+00 -2.40918845E+00  4.10030183E-01  1.32744887E+01  9.41666932E-01  8.80915840E-01
 -2.77722097E+00  1.00000000E+00  2.59784322E+00 -2.40943735E+00  4.10043741E-01  1.32733322E+01  9.41768246E-01  8.80825998E-01
 -2.75246774E+00  1.00000000E+00  2.57910878E+00 -2.40968620E+00  4.10056209E-01  1.32721759E+01  9.41869570E-01  8.80736167E-01
 -2.72771451E+00  1.00000000E+00  2.56053764E+00 -2.40997735E+00  4.10051843E-01  1.32729986E+01  9.41961943E-01  8.80788336E-01
 -2.70296129E+00  1.00000000E+00  2.54196649E+00 -2.41026852E+00  4.10024761E-01  1.32738214E+01  9.42054327E-01  8.80840508E-01
 -2.67820806E+00  1.00000000E+00  2.52323005E+00 -2.40983994E+00  4.10013635E-01  1.32730730E+01  9.41909343E-01  8.80797402E-01
 -2.65345484E+00  1.00000000E+00  2.50449361E+00 -2.40941141E+00  4.10033817E-01  1.32723246E+01  9.41764383E-01  8.80754300E-01
 -2.62870161E+00  1.00000000E+00  2.48584890E+00 -2.40962126E+00  4.10048288E-01  1.32718457E+01  9.41849282E-01  8.80714032E-01
 -2.60394839E+00  1.00000000E+00  2.46720420E+00 -2.40983110E+00  4.10046860E-01  1.32713669E+01  9.41934188E-01  8.80673766E-01
 -2.57919516E+00  1.00000000E+00  2.44853808E+00 -2.40996170E+00  4.10061362E-01  1.32720507E+01  9.41975310E-01  8.80719673E-01
 -2.55444193E+00  1.00000000E+00  2.42987196E+00 -2.41009231E+00  4.10046743E-01  1.32727346E+01  9.42016434E-01  8.80765581E-01
 -2.52968871E+00  1.00000000E+00  2.41125769E+00 -2.41043944E+00  4.10014172E-01  1.32749995E+01  9.42075768E-01  8.80923122E-01
 -2.50493548E+00  1.00000000E+00  2.39264343E+00 -2.41078661E+00  4.09977013E-01  1.32772648E+01  9.42135109E-01  8.81080689E-01
 -2.48018226E+00  1.00000000E+00  2.37387401E+00 -2.40989665E+00  4.09985607E-01  1.32742279E+01  9.41914552E-01  8.80879528E-01
 -2.45542903E+00  1.00000000E+00  2.35510459E+00 -2.40900694E+00  4.10027194E-01  1.32711919E+01  9.41694074E-01  8.80678414E-01
 -2.43067580E+00  1.00000000E+00  2.33641845E+00 -2.40928447E+00  4.10061119E-01  1.32710325E+01  9.41773867E-01  8.80661330E-01
 -2.40592258E+00  1.00000000E+00  2.31773230E+00 -2.40956200E+00  4.10085448E-01  1.32708731E+01  9.41853671E-01  8.80644248E-01
 -2.38116935E+00  1.00000000E+00  2.29915059E+00 -2.41000785E+00  4.10070458E-01  1.32719018E+01  9.42003566E-01  8.80707019E-01
 -2.35641613E+00  1.00000000E+00  2.28056888E+00 -2.41045376E+00  4.10033715E-01  1.32729306E+01  9.42153487E-01  8.80769796E-01
 -2.33166290E+00  1.00000000E+00  2.26185466E+00 -2.40996660E+00  4.10025763E-01  1.32733780E+01  9.41954364E-01  8.80815971E-01
 -2.30690967E+00  1.00000000E+00  2.24314045E+00 -2.40947945E+00  4.10048786E-01  1.32738254E+01  9.41755281E-01  8.80862151E-01
 -2.28215645E+00  1.00000000E+00  2.22441426E+00 -2.40953770E+00  4.10073126E-01  1.32734212E+01  9.41772271E-01  8.80832065E-01
 -2.25740322E+00  1.00000000E+00  2.20568806E+00 -2.40959595E+00  4.10085849E-01  1.32730170E+01  9.41789261E-01  8.80801979E-01
 -2.23265000E+00  1.00000000E+00  2.18711924E+00 -2.41045946E+00  4.10070362E-01  1.32755482E+01  9.42034194E-01  8.80965283E-01
 -2.20789677E+00  1.00000000E+00  2.16855042E+00 -2.41132318E+00  4.10017171E-01  1.32780799E+01  9.42279210E-01  8.81128621E-01
 -2.18314354E+00  1.00000000E+00  2.14982784E+00 -2.41046095E+00  4.09986558E-01  1.32749621E+01  9.42083324E-01  8.80919915E-01
 -2.15839032E+00  1.00000000E+00  2.13110525E+00 -2.40959896E+00  4.09999624E-01  1.32718451E+01  9.41887510E-01  8.80711260E-01
 -2.13363709E+00  1.00000000E+00  2.11242405E+00 -2.40945524E+00  4.10019554E-01  1.32713136E+01  9.41837456E-01  8.80676869E-01
 -2.10888387E+00  1.00000000E+00  2.09374285E+00 -2.40931153E+00  4.10051513E-01  1.32707821E+01  9.41787405E-01  8.80642479E-01
 -2.08413064E+00  1.00000000E+00  2.07504040E+00 -2.40953331E+00  4.10083950E-01  1.32709120E+01  9.41848847E-01  8.80647371E-01
 -2.05937741E+00  1.00000000E+00  2.05633795E+00 -2.40975509E+00  4.10087124E-01  1.32710420E+01  9.41910296E-01  8.80652264E-01
 -2.03462419E+00  1.00000000E+00  2.03771439E+00 -2.40975854E+00  4.10075025E-01  1.32719501E+01  9.41899323E-01  8.80717910E-01
 -2.00987096E+00  1.00000000E+00  2.01909084E+00 -2.40976198E+00  4.10067736E-01  1.32728582E+01  9.41888350E-01  8.80783561E-01
 -1.98511774E+00  1.00000000E+00  2.00035008E+00 -2.40974647E+00  4.10065326E-01  1.32723693E+01  9.41891008E-01  8.80748449E-01
 -1.96036451E+00  1.00000000E+00  1.98160932E+00 -2.40973096E+00  4.10058868E-01  1.32718804E+01  9.41893665E-01  8.80713338E-01
 -1.93561128E+00  1.00000000E+00  1.96305643E+00 -2.41036890E+00  4.10033775E-01  1.32737444E+01  9.42080798E-01  8.80833115E-01
 -1.91085806E+00  1.00000000E+00  1.94450354E+00 -2.41100697E+00  4.09990125E-01  1.32756087E+01  9.42267978E-01  8.80952909E-01
 -1.88610483E+00  1.00000000E+00  1.92571918E+00 -2.41002309E+00  4.09974625E-01  1.32743136E+01  9.41936259E-01  8.80884099E-01
 -1.86135161E+00  1.00000000E+00  1.90693482E+00 -2.40903940E+00  4.09998512E-01  1.32730189E+01  9.41604673E-01  8.80815303E-01
 -1.83659838E+00  1.00000000E+00  1.88823981E+00 -2.40957713E+00  4.10011859E-01  1.32714038E+01  9.41871365E-01  8.80680889E-01
 -1.81184516E+00  1.00000000E+00  1.86954480E+00 -2.41011481E+00  4.09999504E-01  1.32697892E+01  9.42138118E-01  8.80546502E-01
 -1.78709193E+00  1.00000000E+00  1.85101475E+00 -2.41045907E+00  4.09956877E-01  1.32733875E+01  9.42155030E-01  8.80802317E-01
 -1.76233870E+00  1.00000000E+00  1.83248470E+00 -2.41080338E+00  4.09902486E-01  1.32769868E+01  9.42171942E-01  8.81058202E-01
 -1.73758548E+00  1.00000000E+00  1.81365930E+00 -2.41011828E+00  4.09899378E-01  1.32749196E+01  9.41986281E-01  8.80923812E-01
 -1.71283225E+00  1.00000000E+00  1.79483389E+00 -2.40943333E+00  4.09911779E-01  1.32728529E+01  9.41800672E-01  8.80789444E-01
 -1.68807903E+00  1.00000000E+00  1.77611109E+00 -2.40938700E+00  4.09885336E-01  1.32702605E+01  9.41871962E-01  8.80599180E-01
 -1.66332580E+00  1.00000000E+00  1.75738829E+00 -2.40934065E+00  4.09859107E-01  1.32676686E+01  9.41943252E-01  8.80408956E-01
 -1.63857257E+00  1.00000000E+00  1.73877788E+00 -2.40932976E+00  4.09868512E-01  1.32675166E+01  9.41950604E-01  8.80397571E-01
 -1.61381935E+00  1.00000000E+00  1.72016747E+00 -2.40931887E+00  4.09850985E-01  1.32673646E+01  9.41957956E-01  8.80386186E-01
 -1.58906612E+00  1.00000000E+00  1.70136176E+00 -2.40876569E+00  4.09809455E-01  1.32641374E+01  9.41860017E-01  8.80162674E-01
 -1.56431290E+00  1.00000000E+00  1.68255605E+00 -2.40821264E+00  4.09786712E-01  1.32609111E+01  9.41762099E-01  8.79939216E-01
 -1.53955967E+00  1.00000000E+00  1.66396044E+00 -2.40837176E+00  4.09765981E-01  1.32588958E+01  9.41891752E-01  8.79786004E-01
 -1.51480644E+00  1.00000000E+00  1.64536482E+00 -2.40853084E+00  4.09733770E-01  1.32568809E+01  9.42021415E-01  8.79632818E-01
 -1.49005322E+00  1.00000000E+00  1.62668599E+00 -2.40873543E+00  4.09675629E-01  1.32558719E+01  9.42168143E-01  8.79550266E-01
 -1.46529999E+00  1.00000000E+00  1.60800715E+00 -2.40894001E+00  4.09571545E-01  1.32548630E+01  9.42314888E-01  8.79467721E-01
 -1.44054677E+00  1.00000000E+00  1.58937414E+00 -2.40920027E+00  4.09463219E-01  1.32555795E+01  9.42424796E-01  8.79511049E-01
 -1.41579354E+00  1.00000000E+00  1.57074112E+00 -2.40946055E+00  4.09327581E-01  1.32562960E+01  9.42534718E-01  8.79554378E-01
 -1.39104031E+00  1.00000000E+00  1.55198328E+00 -2.40783210E+00  4.09205701E-01  1.32475785E+01  9.42275117E-01  8.78950242E-01
 -1.36628709E+00  1.00000000E+00  1.53322545E+00 -2.40620470E+00  4.09156643E-01  1.32388667E+01  9.42015715E-01  8.78346502E-01
 -1.34153386E+00  1.00000000E+00  1.51448024E+00 -2.40589005E+00  4.09090997E-01  1.32331926E+01  9.42077169E-01  8.77936819E-01
 -1.31678064E+00  1.00000000E+00  1.49573503E+00 -2.40557541E+00  4.09021666E-01  1.32275211E+01  9.42138610E-01  8.77527321E-01
 -1.29202741E+00  1.00000000E+00  1.47714089E+00 -2.40550388E+00  4.08914583E-01  1.32240670E+01  9.42256324E-01  8.77272192E-01
 -1.26727418E+00  1.00000000E+00  1.45854675E+00 -2.40543233E+00  4.08769301E-01  1.32206139E+01  9.42374043E-01  8.77017133E-01
 -1.24252096E+00  1.00000000E+00  1.43996797E+00 -2.40537605E+00  4.08612536E-01  1.32164890E+01  9.42530860E-01  8.76711299E-01
 -1.21776773E+00  1.00000000E+00  1.42138919E+00 -2.40531974E+00  4.08434031E-01  1.32123656E+01  9.42687687E-01  8.76405566E-01
 -1.19301451E+00  1.00000000E+00  1.40267735E+00 -2.40358851E+00  4.08230713E-01  1.32000324E+01  9.42535859E-01  8.75535471E-01
 -1.16826128E+00  1.00000000E+00  1.38396551E+00 -2.40185866E+00  4.08073977E-01  1.31877108E+01  9.42384200E-01  8.74666188E-01
 -1.14350806E+00  1.00000000E+00  1.36538737E+00 -2.40119621E+00  4.07881499E-01  1.31798115E+01  9.42424836E-01  8.74099050E-01
 -1.11875483E+00  1.00000000E+00  1.34680922E+00 -2.40053397E+00  4.07696362E-01  1.31719171E+01  9.42465471E-01  8.73532261E-01
 -1.09400160E+00  1.00000000E+00  1.32821524E+00 -2.39956207E+00  4.07484545E-01  1.31607542E+01  9.42535527E-01  8.72729908E-01
 -1.06924838E+00  1.00000000E+00  1.30962125E+00 -2.39859064E+00  4.07262744E-01  1.31496011E+01  9.42605598E-01  8.71928250E-01
 -1.04449515E+00  1.00000000E+00  1.29115413E+00 -2.39757244E+00  4.06994330E-01  1.31361735E+01  9.42748118E-01  8.70958957E-01
 -1.01974193E+00  1.00000000E+00  1.27268701E+00 -2.39655474E+00  4.06703710E-01  1.31227602E+01  9.42890645E-01  8.69990680E-01
 -9.94988700E-01  1.00000000E+00  1.25429901E+00 -2.39503941E+00  4.06364482E-01  1.31088371E+01  9.42906803E-01  8.68995020E-01
 -9.70235474E-01  1.00000000E+00  1.23591101E+00 -2.39352527E+00  4.06034762E-01  1.30949290E+01  9.42923067E-01  8.68000423E-01
 -9.45482248E-01  1.00000000E+00  1.21746878E+00 -2.39192437E+00  4.05691142E-01  1.30783276E+01  9.42968493E-01  8.66811363E-01
 -9.20729022E-01  1.00000000E+00  1.19902655E+00 -2.39032477E+00  4.05341608E-01  1.30617477E+01  9.43013980E-01  8.65623837E-01
 -8.95975796E-01  1.00000000E+00  1.18087107E+00 -2.38874892E+00  4.04936297E-01  1.30405769E+01  9.43249807E-01  8.64094794E-01
 -8.71222570E-01  1.00000000E+00  1.16271558E+00 -2.38717424E+00  4.04523315E-01  1.30194419E+01  9.43485644E-01  8.62568302E-01
 -8.46469344E-01  1.00000000E+00  1.14469106E+00 -2.38527376E+00  4.04019774E-01  1.30014327E+01  9.43552929E-01  8.61277127E-01
 -8.21716118E-01  1.00000000E+00  1.12666654E+00 -2.38337519E+00  4.03495408E-01  1.29834489E+01  9.43620397E-01  8.59987749E-01
 -7.97201467E-01  1.00000000E+00  1.10879878E+00 -2.38110534E+00  4.03094841E-01  1.29613905E+01  9.43616286E-01  8.58412444E-01
 -7.72686817E-01  1.00000000E+00  1.09093102E+00 -2.37883808E+00  4.02693819E-01  1.29393703E+01  9.43612311E-01  8.56839860E-01
 -7.49503432E-01  1.00000000E+00  1.07446326E+00 -2.37760127E+00  4.02225551E-01  1.29187360E+01  9.43966246E-01  8.55340696E-01
 -7.26320047E-01  1.00000000E+00  1.05799551E+00 -2.37636502E+00  4.01735084E-01  1.28981364E+01  9.44320180E-01  8.53844014E-01
 -7.04527831E-01  1.00000000E+00  1.04281817E+00 -2.37404091E+00  4.01188829E-01  1.28765104E+01  9.44376846E-01  8.52295256E-01
 -6.82735615E-01  1.00000000E+00  1.02764083E+00 -2.37171965E+00  4.00674458E-01  1.28549213E+01  9.44433775E-01  8.50749112E-01
 -6.62251087E-01  1.00000000E+00  1.01326512E+00 -2.36910068E+00  4.00334083E-01  1.28349401E+01  9.44198946E-01  8.49338654E-01
 -6.41766559E-01  1.00000000E+00  9.98889410E-01 -2.36648497E+00  4.00012813E-01  1.28149901E+01  9.43964433E-01  8.47930406E-01
 -6.22511254E-01  1.00000000E+00  9.85967207E-01 -2.36491723E+00  3.99627097E-01  1.27955516E+01  9.44131001E-01  8.46530043E-01
 -6.03255949E-01  1.00000000E+00  9.73045005E-01 -2.36335069E+00  3.99253434E-01  1.27761437E+01  9.44297581E-01  8.45131863E-01
 -5.85156097E-01  1.00000000E+00  9.61127736E-01 -2.36141547E+00  3.98902760E-01  1.27577146E+01  9.44292111E-01  8.43815893E-01
 -5.67056245E-01  1.00000000E+00  9.49210468E-01 -2.35948215E+00  3.98585633E-01  1.27393127E+01  9.44286752E-01  8.42501851E-01
 -5.50042515E-01  1.00000000E+00  9.38175809E-01 -2.35826513E+00  3.98400542E-01  1.27277962E+01  9.44249029E-01  8.41681939E-01
 -5.33028786E-01  1.00000000E+00  9.27141150E-01 -2.35704883E+00  3.98194789E-01  1.27162903E+01  9.44211338E-01  8.40862784E-01
 -5.17036006E-01  1.00000000E+00  9.17416786E-01 -2.35782582E+00  3.97953067E-01  1.27108154E+01  9.44789885E-01  8.40430396E-01
 -5.01043227E-01  1.00000000E+00  9.07692421E-01 -2.35860249E+00  3.97666451E-01  1.27053440E+01  9.45368683E-01  8.39998234E-01
 -4.86010125E-01  1.00000000E+00  8.98478906E-01 -2.35637759E+00  3.97525907E-01  1.26969586E+01  9.44826028E-01  8.39438041E-01
 -4.70977023E-01  1.00000000E+00  8.89265390E-01 -2.35415438E+00  3.97561515E-01  1.26885790E+01  9.44283868E-01  8.38878224E-01
 -4.56846016E-01  1.00000000E+00  8.81268022E-01 -2.35533958E+00  3.97587128E-01  1.26909323E+01  9.44595625E-01  8.39024047E-01
 -4.42715008E-01  1.00000000E+00  8.73270655E-01 -2.35652508E+00  3.97647293E-01  1.26932862E+01  9.44907550E-01  8.39169906E-01
 -4.29431964E-01  1.00000000E+00  8.65987184E-01 -2.35674352E+00  3.97813216E-01  1.27008085E+01  9.44673460E-01  8.39723932E-01
 -4.16148920E-01  1.00000000E+00  8.58703713E-01 -2.35696189E+00  3.98024437E-01  1.27083357E+01  9.44439384E-01  8.40278306E-01
 -4.03662954E-01  1.00000000E+00  8.52233786E-01 -2.35745319E+00  3.98231923E-01  1.27188491E+01  9.44203631E-01  8.41046108E-01
 -3.91176988E-01  1.00000000E+00  8.45763860E-01 -2.35794451E+00  3.98570640E-01  1.27293719E+01  9.43967879E-01  8.41814576E-01
 -3.79440270E-01  1.00000000E+00  8.40072989E-01 -2.36065772E+00  3.98989484E-01  1.27482083E+01  9.44190516E-01  8.43144124E-01
 -3.67703552E-01  1.00000000E+00  8.34382119E-01 -2.36337439E+00  3.99428854E-01  1.27670725E+01  9.44413608E-01  8.44475635E-01
 -3.56671122E-01  1.00000000E+00  8.29573370E-01 -2.36573085E+00  4.00003737E-01  1.27918548E+01  9.44262378E-01  8.46256602E-01
 -3.45638692E-01  1.00000000E+00  8.24764620E-01 -2.36809027E+00  4.00551466E-01  1.28166864E+01  9.44111349E-01  8.48041076E-01
 -3.35268287E-01  1.00000000E+00  8.20513441E-01 -2.37077452E+00  4.01102675E-01  1.28475847E+01  9.43941264E-01  8.50260245E-01
 -3.24897882E-01  1.00000000E+00  8.16262261E-01 -2.37346234E+00  4.01806694E-01  1.28785598E+01  9.43771230E-01  8.52484901E-01
 -3.15149775E-01  1.00000000E+00  8.12689587E-01 -2.37670273E+00  4.02644505E-01  1.29143921E+01  9.43541042E-01  8.55060793E-01
 -3.05401669E-01  1.00000000E+00  8.09116912E-01 -2.37994859E+00  4.03526597E-01  1.29503270E+01  9.43311121E-01  8.57643988E-01
 -2.96238520E-01  1.00000000E+00  8.06129362E-01 -2.38405092E+00  4.04509301E-01  1.30000492E+01  9.42833715E-01  8.61229680E-01
 -2.87075371E-01  1.00000000E+00  8.03141812E-01 -2.38816196E+00  4.05655364E-01  1.30499689E+01  9.42356693E-01  8.64829447E-01
 -2.78462077E-01  1.00000000E+00  8.01035597E-01 -2.39311283E+00  4.06844989E-01  1.30998416E+01  9.42165185E-01  8.68405459E-01
 -2.69848783E-01  1.00000000E+00  7.98929382E-01 -2.39807649E+00  4.08046355E-01  1.31499089E+01  9.41974580E-01  8.71995311E-01
 -2.61752348E-01  1.00000000E+00  7.97274421E-01 -2.40494007E+00  4.09318535E-01  1.32140051E+01  9.42073443E-01  8.76566549E-01
 -2.53655913E-01  1.00000000E+00  7.95619461E-01 -2.41182716E+00  4.10638644E-01  1.32784190E+01  9.42173808E-01  8.81160369E-01
 -2.46045323E-01  1.00000000E+00  7.94667903E-01 -2.41656914E+00  4.12073772E-01  1.33448273E+01  9.41343357E-01  8.85963136E-01
 -2.38434732E-01  1.00000000E+00  7.93716345E-01 -2.42132167E+00  4.13574377E-01  1.34115819E+01  9.40513114E-01  8.90790624E-01
 -2.31280830E-01  1.00000000E+00  7.93086237E-01 -2.42755960E+00  4.15150172E-01  1.34848910E+01  9.40051357E-01  8.96059972E-01
 -2.24126928E-01  1.00000000E+00  7.92456130E-01 -2.43381669E+00  4.16824964E-01  1.35586131E+01  9.39590107E-01  9.01358788E-01
 -2.17402314E-01  1.00000000E+00  7.92599643E-01 -2.44374386E+00  4.18581037E-01  1.36459837E+01  9.39921732E-01  9.07575857E-01
 -2.10677699E-01  1.00000000E+00  7.92743156E-01 -2.45371896E+00  4.20341025E-01  1.37339241E+01  9.40257193E-01  9.13833349E-01
 -2.04351753E-01  1.00000000E+00  7.93436829E-01 -2.46166758E+00  4.22217854E-01  1.38261748E+01  9.39686544E-01  9.20463448E-01
 -1.98025807E-01  1.00000000E+00  7.94130501E-01 -2.46964740E+00  4.24137201E-01  1.39190631E+01  9.39117093E-01  9.27138999E-01
 -1.91837501E-01  1.00000000E+00  7.95242038E-01 -2.47877788E+00  4.26303845E-01  1.40197361E+01  9.38707864E-01  9.34359161E-01
 -1.85649194E-01  1.00000000E+00  7.96353575E-01 -2.48794925E+00  4.28552078E-01  1.41211555E+01  9.38300425E-01  9.41632502E-01
 -1.79460888E-01  1.00000000E+00  7.98149091E-01 -2.49589469E+00  4.31118332E-01  1.42371727E+01  9.36849914E-01  9.50023053E-01
 -1.73272582E-01  1.00000000E+00  7.99944607E-01 -2.50386849E+00  4.33798121E-01  1.43541831E+01  9.35400127E-01  9.58484501E-01
 -1.67084275E-01  1.00000000E+00  8.02729710E-01 -2.51922844E+00  4.36707141E-01  1.44969781E+01  9.35853247E-01  9.68651774E-01
 -1.60895969E-01  1.00000000E+00  8.05514812E-01 -2.53469956E+00  4.39599562E-01  1.46412125E+01  9.36314049E-01  9.78921317E-01
 -1.54707662E-01  1.00000000E+00  8.09188636E-01 -2.54690878E+00  4.42908752E-01  1.47995001E+01  9.35018599E-01  9.90320107E-01
 -1.48519356E-01  1.00000000E+00  8.12862459E-01 -2.55918720E+00  4.46260741E-01  1.49595554E+01  9.33725017E-01  1.00184503E+00
 -1.42331049E-01  1.00000000E+00  8.17916461E-01 -2.57549491E+00  4.50288919E-01  1.51337439E+01  9.33239984E-01  1.01432171E+00
 -1.36142743E-01  1.00000000E+00  8.22970463E-01 -2.59192963E+00  4.54424684E-01  1.53100005E+01  9.32762830E-01  1.02694555E+00
 -1.29954436E-01  1.00000000E+00  8.29237970E-01 -2.60929000E+00  4.58652013E-01  1.55321521E+01  9.31535488E-01  1.04290118E+00
 -1.23766130E-01  1.00000000E+00  8.35505477E-01 -2.62678216E+00  4.63297470E-01  1.57576256E+01  9.30309176E-01  1.05909403E+00
 -1.17577823E-01  1.00000000E+00  8.43715538E-01 -2.65054806E+00  4.68577157E-01  1.60169749E+01  9.29968020E-01  1.07764335E+00
 -1.11389517E-01  1.00000000E+00  8.51925599E-01 -2.67457024E+00  4.74005049E-01  1.62806749E+01  9.29639349E-01  1.09650254E+00
 -1.05201210E-01  1.00000000E+00  8.63129078E-01 -2.69912269E+00  4.80255624E-01  1.65747999E+01  9.28446378E-01  1.11759668E+00
 -9.90129037E-02  1.00000000E+00  8.74332556E-01 -2.72394430E+00  4.86523684E-01  1.68743634E+01  9.27264485E-01  1.13907849E+00
 -9.28245972E-02  1.00000000E+00  8.88636759E-01 -2.75034449E+00  4.93589707E-01  1.72129518E+01  9.25731459E-01  1.16337288E+00
 -8.66362908E-02  1.00000000E+00  9.02940962E-01 -2.77703966E+00  5.00332972E-01  1.75585128E+01  9.24204901E-01  1.18816485E+00
 -8.04479843E-02  1.00000000E+00  9.22104151E-01 -2.80851227E+00  5.06978611E-01  1.79023704E+01  9.24837586E-01  1.21268091E+00
 -7.42596778E-02  1.00000000E+00  9.41267340E-01 -2.84039447E+00  5.14120929E-01  1.82530697E+01  9.25486797E-01  1.23768449E+00
 -6.80713713E-02  1.00000000E+00  9.63693958E-01 -2.86892712E+00  5.22015486E-01  1.86327981E+01  9.23814127E-01  1.26492743E+00
 -6.18830648E-02  1.00000000E+00  9.86120577E-01 -2.89778724E+00  5.26970697E-01  1.90206267E+01  9.22148445E-01  1.29274844E+00
 -5.56947583E-02  1.00000000E+00  1.02339260E+00 -3.13641359E+00  5.27666990E-01  1.91138387E+01  9.97107008E-01  1.29405226E+00
 -4.95064519E-02  1.00000000E+00  1.06066462E+00 -3.37981112E+00  5.16669451E-01  1.92221528E+01  1.07813294E+00  1.29600142E+00
 -4.33181454E-02  1.00000000E+00  1.14322294E+00 -2.94028370E+00  4.49179951E-01  1.58202517E+01  1.06845696E+00  1.05369962E+00
 -3.71298389E-02  1.00000000E+00  1.22578126E+00 -2.56746361E+00  3.89662623E-01  1.30231478E+01  1.06916395E+00  8.53855990E-01
 -3.09415324E-02  1.00000000E+00  1.45610833E+00 -2.76718841E+00  2.54998910E-01  8.66852898E+00  1.56173189E+00  5.07628364E-01
 -2.47532259E-02  1.00000000E+00  1.68643540E+00 -2.96081675E+00  1.51711108E-01  6.09978809E+00  2.21039118E+00  2.77814065E-01
 -1.85649194E-02  1.00000000E+00  2.94487667E+00 -3.32491424E+00  3.16789635E-01  6.90226921E+00  2.21491662E+00  3.34810899E-01
 -1.23766130E-02  1.00000000E+00  4.20331794E+00 -3.72474595E+00  3.88308382E-01  7.80880594E+00  2.26316612E+00  3.96117130E-01
 -6.18830648E-03  1.00000000E+00  2.04745360E+00  2.91481003E+00  1.28592650E+00  7.11452972E+00  2.32425274E+00  3.42162641E-01
  0.00000000E+00  1.00000000E+00 -1.08410730E-01  4.13949824E+01  9.11159135E+00  4.80905719E+01  3.59854284E+01  8.64653108E-01
