# model=oldroyd  theta_MLE: lambda=5.9991, beta=0.523098, eta_0=0.846295
# delta(x) = y_clean(x) - y_model(x; theta_MLE)   (x from curve4_x.txt)
# columns: x  delta
5.000000000000000000e+00 -5.514828549066930208e-04
4.950333040000000295e+00 -5.513930925473697897e-04
4.900666089999999642e+00 -5.511877447934576679e-04
4.850999129999999937e+00 -5.509600877338094449e-04
4.801332180000000172e+00 -5.507047484885063682e-04
4.751665219999999579e+00 -5.504560939793012864e-04
4.701998269999999813e+00 -5.501920468160559352e-04
4.652331310000000109e+00 -5.499181696719812606e-04
4.602664360000000343e+00 -5.496327038352344374e-04
4.552997399999999750e+00 -5.493085674594944123e-04
4.503330449999999985e+00 -5.489328150454220179e-04
4.453663490000000280e+00 -5.485044607309585984e-04
4.403996539999999627e+00 -5.479959333996031745e-04
4.354329579999999922e+00 -5.473947591174699312e-04
4.304662630000000156e+00 -5.466762790991008814e-04
4.254995669999999564e+00 -5.458321816484978939e-04
4.205328709999999859e+00 -5.448203547322449936e-04
4.155661760000000093e+00 -5.436249218979671838e-04
4.105994800000000389e+00 -5.422224544624487663e-04
4.056327849999999735e+00 -5.405793802981673224e-04
4.006660890000000030e+00 -5.386808845957435921e-04
3.956993939999999821e+00 -5.364642518748130584e-04
3.907326980000000116e+00 -5.339046286110260553e-04
3.857660029999999907e+00 -5.309840811045241082e-04
3.807993070000000202e+00 -5.276250772741075679e-04
3.758326119999999992e+00 -5.238141511783034332e-04
3.708659159999999844e+00 -5.194720527463836390e-04
3.658992210000000078e+00 -5.145540586146690742e-04
3.609325249999999929e+00 -5.090192735710541427e-04
3.559658300000000164e+00 -5.027791989640206793e-04
3.509991340000000015e+00 -4.957879987901314678e-04
3.460324389999999806e+00 -4.879646209063892570e-04
3.410657430000000101e+00 -4.792207592976271968e-04
3.360990469999999952e+00 -4.694980245076862957e-04
3.311323520000000187e+00 -4.587049689879219017e-04
3.261656560000000038e+00 -4.467483097247981760e-04
3.211989609999999828e+00 -4.335309102456719188e-04
3.162322650000000124e+00 -4.189537788348296488e-04
3.112655699999999914e+00 -4.029224527406505274e-04
3.062988740000000210e+00 -3.853208899853299840e-04
3.013321790000000000e+00 -3.660472805653292028e-04
2.963654829999999851e+00 -3.450187770412949106e-04
2.913987880000000086e+00 -3.220808830122212640e-04
2.864320919999999937e+00 -2.971301532439518667e-04
2.814653970000000172e+00 -2.700739079166680767e-04
2.764987010000000023e+00 -2.408161929348118235e-04
2.715320059999999813e+00 -2.092195733489621290e-04
2.665653100000000109e+00 -1.752089893580777158e-04
2.615986139999999960e+00 -1.386393640416816453e-04
2.566319190000000194e+00 -9.950894738519622251e-05
2.516652230000000046e+00 -5.775033530386330938e-05
2.466985279999999836e+00 -1.332479315507839601e-05
2.417318320000000131e+00 3.375981480835399395e-05
2.367651369999999922e+00 8.361743643603425369e-05
2.317984410000000217e+00 1.362617492857154389e-04
2.268317460000000008e+00 1.915359651576409306e-04
2.218650499999999859e+00 2.493112559140975293e-04
2.168983550000000093e+00 3.095182913226413035e-04
2.119316589999999945e+00 3.721078730729576733e-04
2.069649640000000179e+00 4.367836453238460592e-04
2.019982680000000030e+00 5.032504378936764056e-04
1.970315730000000043e+00 5.712327066555999977e-04
1.920648769999999894e+00 6.401999499314747766e-04
1.870981809999999967e+00 7.105006898142640637e-04
1.821314859999999980e+00 7.808754242990545436e-04
1.771647900000000053e+00 8.509886289926882341e-04
1.721980950000000066e+00 9.205114048038698371e-04
1.672313989999999917e+00 9.884505697679291103e-04
1.622647039999999929e+00 1.054450700894937754e-03
1.572980080000000003e+00 1.117786733952685907e-03
1.523313130000000015e+00 1.176294989007953262e-03
1.473646170000000089e+00 1.230400006386744849e-03
1.423979220000000101e+00 1.279520741352513369e-03
1.374312259999999952e+00 1.320868965918320370e-03
1.324645309999999965e+00 1.357134658469094646e-03
1.274978350000000038e+00 1.383682359782811844e-03
1.225311400000000051e+00 1.399430703366899564e-03
1.175644439999999902e+00 1.407275849162115122e-03
1.125977479999999975e+00 1.404698115332170261e-03
1.076310529999999988e+00 1.388380733320371263e-03
1.026643570000000061e+00 1.354320350134941009e-03
9.769766189999999906e-01 1.311871531740615993e-03
9.273096640000000335e-01 1.247566244999331886e-03
8.776427079999999936e-01 1.170612104075763327e-03
8.279757530000000365e-01 1.080688415178387984e-03
7.786002389999999718e-01 9.727253777700450854e-04
7.317317880000000496e-01 8.601835670170032699e-04
6.876846269999999928e-01 7.325166251914705384e-04
6.462889219999999879e-01 6.059541904523957356e-04
6.073850619999999756e-01 4.775770376410637397e-04
5.708230460000000006e-01 3.520779207490942753e-04
5.364619149999999559e-01 2.260181399882377207e-04
5.041691750000000249e-01 9.645104978872609536e-05
4.738203240000000149e-01 -1.961306019748754181e-05
4.452983460000000115e-01 -1.288766273528363371e-04
4.184932690000000011e-01 -2.372920426068070299e-04
3.933017460000000076e-01 -3.446637795623264111e-04
3.696266380000000074e-01 -4.298276851011362254e-04
3.473766770000000226e-01 -5.043574386931481968e-04
3.264660690000000254e-01 -6.129299142150212987e-04
3.068141939999999845e-01 -6.633995979479223593e-04
2.883452770000000109e-01 -6.987549233765655288e-04
2.709881089999999770e-01 -7.719132895018798735e-04
2.546757709999999952e-01 -7.963513850237635694e-04
2.393453670000000033e-01 -7.893990865628364162e-04
2.249377889999999991e-01 -8.724205863779310732e-04
2.113974849999999961e-01 -8.644515488300807959e-04
1.986678209999999944e-01 -8.489546661580860132e-04
1.862510820000000122e-01 -8.634620331176012797e-04
1.738343440000000018e-01 -8.706105369626904178e-04
1.614176049999999918e-01 -8.699142962766970300e-04
1.490008660000000096e-01 -8.363360160867916449e-04
1.365841269999999996e-01 -7.990686334213847886e-04
1.241673880000000035e-01 -8.335989469652194117e-04
1.117506489999999936e-01 -8.105171442751579747e-04
9.933391060000000550e-02 -7.393256123013891568e-04
8.691717179999999821e-02 -6.582635865579611334e-04
7.450043300000000479e-02 -6.533197047398076052e-04
6.208369419999999750e-02 -5.420558766131566841e-04
4.966695530000000275e-02 -3.947836403346283163e-04
3.725021650000000240e-02 -3.291557892808327779e-04
2.483347769999999857e-02 -1.486833223838246454e-04
1.241673880000000035e-02 -2.299287942353345215e-05
0.000000000000000000e+00 0.000000000000000000e+00
