# curve 5 (die wall), step =      900, time =   3.60000000E+02
# N1 = tau_xx - tau_yy = G ( c_xx - c_yy ),  G =  1.4000E-01  (polymer part only)
#              x               y        pressure            c_xy        gammadot            c_xx            c_yy              N1
 -3.00000000E+00  1.00000000E+00  2.44765827E+00 -1.51410391E+00  4.26836397E-01  6.06646066E+00  8.84766738E-01  7.25437149E-01
 -2.97524677E+00  1.00000000E+00  2.43077879E+00 -1.51400513E+00  4.26852218E-01  6.06610157E+00  8.84755341E-01  7.25388473E-01
 -2.95049355E+00  1.00000000E+00  2.41389930E+00 -1.51390635E+00  4.26867960E-01  6.06574251E+00  8.84743946E-01  7.25339799E-01
 -2.92574032E+00  1.00000000E+00  2.39706887E+00 -1.51408457E+00  4.26868196E-01  6.06613118E+00  8.84801360E-01  7.25386175E-01
 -2.90098710E+00  1.00000000E+00  2.38023844E+00 -1.51426280E+00  4.26844211E-01  6.06651988E+00  8.84858781E-01  7.25432553E-01
 -2.87623387E+00  1.00000000E+00  2.36346894E+00 -1.51450960E+00  4.26813289E-01  6.06772139E+00  8.84887199E-01  7.25596786E-01
 -2.85148064E+00  1.00000000E+00  2.34669944E+00 -1.51475645E+00  4.26765701E-01  6.06892313E+00  8.84915625E-01  7.25761051E-01
 -2.82672742E+00  1.00000000E+00  2.32980764E+00 -1.51425167E+00  4.26778230E-01  6.06765138E+00  8.84774029E-01  7.25602829E-01
 -2.80197419E+00  1.00000000E+00  2.31291583E+00 -1.51374702E+00  4.26819365E-01  6.06637992E+00  8.84632484E-01  7.25444641E-01
 -2.77722097E+00  1.00000000E+00  2.29605751E+00 -1.51392405E+00  4.26836547E-01  6.06625798E+00  8.84708829E-01  7.25416882E-01
 -2.75246774E+00  1.00000000E+00  2.27919918E+00 -1.51410107E+00  4.26849432E-01  6.06613608E+00  8.84785182E-01  7.25389126E-01
 -2.72771451E+00  1.00000000E+00  2.26242610E+00 -1.51412839E+00  4.26848779E-01  6.06624300E+00  8.84809691E-01  7.25400664E-01
 -2.70296129E+00  1.00000000E+00  2.24565302E+00 -1.51415571E+00  4.26828712E-01  6.06634993E+00  8.84834200E-01  7.25412202E-01
 -2.67820806E+00  1.00000000E+00  2.22878191E+00 -1.51407114E+00  4.26816367E-01  6.06622619E+00  8.84786421E-01  7.25401567E-01
 -2.65345484E+00  1.00000000E+00  2.21191081E+00 -1.51398658E+00  4.26827187E-01  6.06610245E+00  8.84738646E-01  7.25390933E-01
 -2.62870161E+00  1.00000000E+00  2.19509562E+00 -1.51404484E+00  4.26833502E-01  6.06598332E+00  8.84775356E-01  7.25369114E-01
 -2.60394839E+00  1.00000000E+00  2.17828043E+00 -1.51410309E+00  4.26828661E-01  6.06586419E+00  8.84812068E-01  7.25347297E-01
 -2.57919516E+00  1.00000000E+00  2.16145769E+00 -1.51410177E+00  4.26838335E-01  6.06586271E+00  8.84826324E-01  7.25345094E-01
 -2.55444193E+00  1.00000000E+00  2.14463494E+00 -1.51410045E+00  4.26829197E-01  6.06586123E+00  8.84840580E-01  7.25342891E-01
 -2.52968871E+00  1.00000000E+00  2.12782868E+00 -1.51427486E+00  4.26800933E-01  6.06658733E+00  8.84872296E-01  7.25440105E-01
 -2.50493548E+00  1.00000000E+00  2.11102241E+00 -1.51444930E+00  4.26762805E-01  6.06731353E+00  8.84904017E-01  7.25537332E-01
 -2.48018226E+00  1.00000000E+00  2.09411573E+00 -1.51408608E+00  4.26793720E-01  6.06644777E+00  8.84785631E-01  7.25432699E-01
 -2.45542903E+00  1.00000000E+00  2.07720906E+00 -1.51372292E+00  4.26837875E-01  6.06558214E+00  8.84667273E-01  7.25328082E-01
 -2.43067580E+00  1.00000000E+00  2.06038465E+00 -1.51385672E+00  4.26862971E-01  6.06569881E+00  8.84711277E-01  7.25338255E-01
 -2.40592258E+00  1.00000000E+00  2.04356024E+00 -1.51399052E+00  4.26882556E-01  6.06581550E+00  8.84755285E-01  7.25348429E-01
 -2.38116935E+00  1.00000000E+00  2.02677907E+00 -1.51405906E+00  4.26874171E-01  6.06584139E+00  8.84810106E-01  7.25344380E-01
 -2.35641613E+00  1.00000000E+00  2.00999790E+00 -1.51412761E+00  4.26846599E-01  6.06586728E+00  8.84864929E-01  7.25340330E-01
 -2.33166290E+00  1.00000000E+00  1.99313588E+00 -1.51404017E+00  4.26834388E-01  6.06607645E+00  8.84794694E-01  7.25379446E-01
 -2.30690967E+00  1.00000000E+00  1.97627385E+00 -1.51395273E+00  4.26839492E-01  6.06628564E+00  8.84724463E-01  7.25418565E-01
 -2.28215645E+00  1.00000000E+00  1.95942033E+00 -1.51402055E+00  4.26851448E-01  6.06630332E+00  8.84743703E-01  7.25418346E-01
 -2.25740322E+00  1.00000000E+00  1.94256682E+00 -1.51408837E+00  4.26855945E-01  6.06632100E+00  8.84762945E-01  7.25418128E-01
 -2.23265000E+00  1.00000000E+00  1.92578800E+00 -1.51434390E+00  4.26837117E-01  6.06699274E+00  8.84855520E-01  7.25499210E-01
 -2.20789677E+00  1.00000000E+00  1.90900918E+00 -1.51459946E+00  4.26789080E-01  6.06766455E+00  8.84948109E-01  7.25580302E-01
 -2.18314354E+00  1.00000000E+00  1.89212499E+00 -1.51421469E+00  4.26789556E-01  6.06659120E+00  8.84840099E-01  7.25445154E-01
 -2.15839032E+00  1.00000000E+00  1.87524080E+00 -1.51382999E+00  4.26815270E-01  6.06551806E+00  8.84732118E-01  7.25310031E-01
 -2.13363709E+00  1.00000000E+00  1.85841801E+00 -1.51384558E+00  4.26835898E-01  6.06555054E+00  8.84724996E-01  7.25315577E-01
 -2.10888387E+00  1.00000000E+00  1.84159522E+00 -1.51386117E+00  4.26861138E-01  6.06558303E+00  8.84717875E-01  7.25321122E-01
 -2.08413064E+00  1.00000000E+00  1.82474180E+00 -1.51394042E+00  4.26880476E-01  6.06564920E+00  8.84750004E-01  7.25325887E-01
 -2.05937741E+00  1.00000000E+00  1.80788838E+00 -1.51401968E+00  4.26877988E-01  6.06571536E+00  8.84782134E-01  7.25330652E-01
 -2.03462419E+00  1.00000000E+00  1.79108499E+00 -1.51399799E+00  4.26863558E-01  6.06580369E+00  8.84777408E-01  7.25343679E-01
 -2.00987096E+00  1.00000000E+00  1.77428160E+00 -1.51397630E+00  4.26850396E-01  6.06589202E+00  8.84772682E-01  7.25356707E-01
 -1.98511774E+00  1.00000000E+00  1.75740726E+00 -1.51400005E+00  4.26842915E-01  6.06574157E+00  8.84787755E-01  7.25333534E-01
 -1.96036451E+00  1.00000000E+00  1.74053292E+00 -1.51402380E+00  4.26832507E-01  6.06559113E+00  8.84802828E-01  7.25310363E-01
 -1.93561128E+00  1.00000000E+00  1.72376850E+00 -1.51421887E+00  4.26805614E-01  6.06603421E+00  8.84880949E-01  7.25361456E-01
 -1.91085806E+00  1.00000000E+00  1.70700408E+00 -1.51441396E+00  4.26762135E-01  6.06647731E+00  8.84959078E-01  7.25412553E-01
 -1.88610483E+00  1.00000000E+00  1.69009429E+00 -1.51413404E+00  4.26745472E-01  6.06615469E+00  8.84826763E-01  7.25385910E-01
 -1.86135161E+00  1.00000000E+00  1.67318449E+00 -1.51385415E+00  4.26746708E-01  6.06583211E+00  8.84694470E-01  7.25359269E-01
 -1.83659838E+00  1.00000000E+00  1.65634622E+00 -1.51394386E+00  4.26762611E-01  6.06517820E+00  8.84806246E-01  7.25252073E-01
 -1.81184516E+00  1.00000000E+00  1.63950794E+00 -1.51403356E+00  4.26758536E-01  6.06452439E+00  8.84918034E-01  7.25144890E-01
 -1.78709193E+00  1.00000000E+00  1.62276698E+00 -1.51421494E+00  4.26707130E-01  6.06552411E+00  8.84941587E-01  7.25281554E-01
 -1.76233870E+00  1.00000000E+00  1.60602602E+00 -1.51439635E+00  4.26641711E-01  6.06652400E+00  8.84965144E-01  7.25418240E-01
 -1.73758548E+00  1.00000000E+00  1.58907273E+00 -1.51412147E+00  4.26644014E-01  6.06583708E+00  8.84870881E-01  7.25335268E-01
 -1.71283225E+00  1.00000000E+00  1.57211943E+00 -1.51384663E+00  4.26648698E-01  6.06515025E+00  8.84776635E-01  7.25252306E-01
 -1.68807903E+00  1.00000000E+00  1.55526476E+00 -1.51388825E+00  4.26617520E-01  6.06446959E+00  8.84844540E-01  7.25147507E-01
 -1.66332580E+00  1.00000000E+00  1.53841009E+00 -1.51392986E+00  4.26589267E-01  6.06378904E+00  8.84912448E-01  7.25042722E-01
 -1.63857257E+00  1.00000000E+00  1.52161556E+00 -1.51381385E+00  4.26593335E-01  6.06356882E+00  8.84886971E-01  7.25015459E-01
 -1.61381935E+00  1.00000000E+00  1.50482102E+00 -1.51369786E+00  4.26571435E-01  6.06334862E+00  8.84861497E-01  7.24988197E-01
 -1.58906612E+00  1.00000000E+00  1.48790351E+00 -1.51351355E+00  4.26522529E-01  6.06229129E+00  8.84842323E-01  7.24842856E-01
 -1.56431290E+00  1.00000000E+00  1.47098601E+00 -1.51332926E+00  4.26492564E-01  6.06123415E+00  8.84823152E-01  7.24697540E-01
 -1.53955967E+00  1.00000000E+00  1.45421339E+00 -1.51326031E+00  4.26463839E-01  6.06031829E+00  8.84871989E-01  7.24562482E-01
 -1.51480644E+00  1.00000000E+00  1.43744078E+00 -1.51319137E+00  4.26425420E-01  6.05940258E+00  8.84920828E-01  7.24427445E-01
 -1.49005322E+00  1.00000000E+00  1.42062095E+00 -1.51320511E+00  4.26366027E-01  6.05858315E+00  8.85017856E-01  7.24299141E-01
 -1.46529999E+00  1.00000000E+00  1.40380112E+00 -1.51321885E+00  4.26267428E-01  6.05776386E+00  8.85114892E-01  7.24170855E-01
 -1.44054677E+00  1.00000000E+00  1.38698293E+00 -1.51332614E+00  4.26156468E-01  6.05777418E+00  8.85186762E-01  7.24162238E-01
 -1.41579354E+00  1.00000000E+00  1.37016474E+00 -1.51343343E+00  4.26013261E-01  6.05778450E+00  8.85258637E-01  7.24153621E-01
 -1.39104031E+00  1.00000000E+00  1.35327609E+00 -1.51270466E+00  4.25933508E-01  6.05491199E+00  8.85134044E-01  7.23768913E-01
 -1.36628709E+00  1.00000000E+00  1.33638744E+00 -1.51197622E+00  4.25894575E-01  6.05204085E+00  8.85009538E-01  7.23384383E-01
 -1.34153386E+00  1.00000000E+00  1.31954862E+00 -1.51192668E+00  4.25814204E-01  6.05041574E+00  8.85101438E-01  7.23144002E-01
 -1.31678064E+00  1.00000000E+00  1.30270980E+00 -1.51187714E+00  4.25720443E-01  6.04879113E+00  8.85193342E-01  7.22903690E-01
 -1.29202741E+00  1.00000000E+00  1.28595268E+00 -1.51174104E+00  4.25593388E-01  6.04735820E+00  8.85264403E-01  7.22693131E-01
 -1.26727418E+00  1.00000000E+00  1.26919557E+00 -1.51160496E+00  4.25439902E-01  6.04592562E+00  8.85335473E-01  7.22482621E-01
 -1.24252096E+00  1.00000000E+00  1.25245623E+00 -1.51153177E+00  4.25279741E-01  6.04433846E+00  8.85443368E-01  7.22245313E-01
 -1.21776773E+00  1.00000000E+00  1.23571690E+00 -1.51145858E+00  4.25096582E-01  6.04275176E+00  8.85551273E-01  7.22008068E-01
 -1.19301451E+00  1.00000000E+00  1.21888458E+00 -1.51061893E+00  4.24929483E-01  6.03862734E+00  8.85487404E-01  7.21439592E-01
 -1.16826128E+00  1.00000000E+00  1.20205225E+00 -1.50977978E+00  4.24790453E-01  6.03450574E+00  8.85423643E-01  7.20871494E-01
 -1.14350806E+00  1.00000000E+00  1.18534454E+00 -1.50958244E+00  4.24599427E-01  6.03205619E+00  8.85523842E-01  7.20514529E-01
 -1.11875483E+00  1.00000000E+00  1.16863683E+00 -1.50938515E+00  4.24400019E-01  6.02960770E+00  8.85624052E-01  7.20157711E-01
 -1.09400160E+00  1.00000000E+00  1.15193552E+00 -1.50892408E+00  4.24182396E-01  6.02607602E+00  8.85695985E-01  7.19653205E-01
 -1.06924838E+00  1.00000000E+00  1.13523422E+00 -1.50846321E+00  4.23963895E-01  6.02254646E+00  8.85767955E-01  7.19148991E-01
 -1.04449515E+00  1.00000000E+00  1.11861780E+00 -1.50790385E+00  4.23717578E-01  6.01821540E+00  8.85865929E-01  7.18528927E-01
 -1.01974193E+00  1.00000000E+00  1.10200137E+00 -1.50734479E+00  4.23453804E-01  6.01388755E+00  8.85963962E-01  7.17909302E-01
 -9.94988700E-01  1.00000000E+00  1.08545735E+00 -1.50669709E+00  4.23153410E-01  6.00937604E+00  8.86043905E-01  7.17266498E-01
 -9.70235474E-01  1.00000000E+00  1.06891333E+00 -1.50604978E+00  4.22862205E-01  6.00486797E+00  8.86123926E-01  7.16624166E-01
 -9.45482248E-01  1.00000000E+00  1.05237681E+00 -1.50540715E+00  4.22551834E-01  5.99999555E+00  8.86216801E-01  7.15929025E-01
 -9.20729022E-01  1.00000000E+00  1.03584030E+00 -1.50476491E+00  4.22237964E-01  5.99512719E+00  8.86309744E-01  7.15234442E-01
 -8.95975796E-01  1.00000000E+00  1.01950690E+00 -1.50392875E+00  4.21901253E-01  5.98887529E+00  8.86435971E-01  7.14341504E-01
 -8.71222570E-01  1.00000000E+00  1.00317349E+00 -1.50309326E+00  4.21561120E-01  5.98263006E+00  8.86562323E-01  7.13449483E-01
 -8.46469344E-01  1.00000000E+00  9.86943841E-01 -1.50249860E+00  4.21164318E-01  5.97742960E+00  8.86741446E-01  7.12696342E-01
 -8.21716118E-01  1.00000000E+00  9.70714189E-01 -1.50190432E+00  4.20745045E-01  5.97223383E+00  8.86920666E-01  7.11943842E-01
 -7.97201467E-01  1.00000000E+00  9.54752420E-01 -1.50116764E+00  4.20416257E-01  5.96668480E+00  8.87018516E-01  7.11153279E-01
 -7.72686817E-01  1.00000000E+00  9.38790652E-01 -1.50043147E+00  4.20081436E-01  5.96114105E+00  8.87116449E-01  7.10363445E-01
 -7.49503432E-01  1.00000000E+00  9.23945098E-01 -1.49980103E+00  4.19730941E-01  5.95598083E+00  8.87260462E-01  7.09620852E-01
 -7.26320047E-01  1.00000000E+00  9.09099544E-01 -1.49917100E+00  4.19379793E-01  5.95082522E+00  8.87404561E-01  7.08878892E-01
 -7.04527831E-01  1.00000000E+00  8.95366950E-01 -1.49843870E+00  4.19024241E-01  5.94572582E+00  8.87505714E-01  7.08150815E-01
 -6.82735615E-01  1.00000000E+00  8.81634356E-01 -1.49770690E+00  4.18711567E-01  5.94063087E+00  8.87606973E-01  7.07423345E-01
 -6.62251087E-01  1.00000000E+00  8.68782334E-01 -1.49701959E+00  4.18539536E-01  5.93722562E+00  8.87522195E-01  7.06958479E-01
 -6.41766559E-01  1.00000000E+00  8.55930313E-01 -1.49633262E+00  4.18381535E-01  5.93382232E+00  8.87437480E-01  7.06493878E-01
 -6.22511254E-01  1.00000000E+00  8.44219950E-01 -1.49589732E+00  4.18198026E-01  5.93076624E+00  8.87488675E-01  7.06058859E-01
 -6.03255949E-01  1.00000000E+00  8.32509588E-01 -1.49546219E+00  4.18039098E-01  5.92771177E+00  8.87539903E-01  7.05624061E-01
 -5.85156097E-01  1.00000000E+00  8.21735389E-01 -1.49523290E+00  4.17918759E-01  5.92557246E+00  8.87611003E-01  7.05314604E-01
 -5.67056245E-01  1.00000000E+00  8.10961191E-01 -1.49500368E+00  4.17837788E-01  5.92343396E+00  8.87682116E-01  7.05005258E-01
 -5.50042515E-01  1.00000000E+00  8.00991994E-01 -1.49496293E+00  4.17888399E-01  5.92390951E+00  8.87596939E-01  7.05083760E-01
 -5.33028786E-01  1.00000000E+00  7.91022796E-01 -1.49492218E+00  4.17922517E-01  5.92438511E+00  8.87511770E-01  7.05162268E-01
 -5.17036006E-01  1.00000000E+00  7.82072304E-01 -1.49556455E+00  4.17973553E-01  5.92650431E+00  8.87696645E-01  7.05433074E-01
 -5.01043227E-01  1.00000000E+00  7.73121811E-01 -1.49620716E+00  4.18032440E-01  5.92862429E+00  8.87881595E-01  7.05703977E-01
 -4.86010125E-01  1.00000000E+00  7.64767099E-01 -1.49624595E+00  4.18214775E-01  5.93136437E+00  8.87627458E-01  7.06123167E-01
 -4.70977023E-01  1.00000000E+00  7.56412386E-01 -1.49628475E+00  4.18531659E-01  5.93410589E+00  8.87373379E-01  7.06542552E-01
 -4.56846016E-01  1.00000000E+00  7.49013588E-01 -1.49728029E+00  4.18848108E-01  5.94020570E+00  8.87341844E-01  7.07400940E-01
 -4.42715008E-01  1.00000000E+00  7.41614789E-01 -1.49827666E+00  4.19248775E-01  5.94631184E+00  8.87310462E-01  7.08260192E-01
 -4.29431964E-01  1.00000000E+00  7.34865370E-01 -1.49942700E+00  4.19783919E-01  5.95506912E+00  8.87108369E-01  7.09514505E-01
 -4.16148920E-01  1.00000000E+00  7.28115951E-01 -1.50057864E+00  4.20363736E-01  5.96383964E+00  8.86906532E-01  7.10770635E-01
 -4.03662954E-01  1.00000000E+00  7.22062260E-01 -1.50157110E+00  4.20902950E-01  5.97320839E+00  8.86601723E-01  7.12124933E-01
 -3.91176988E-01  1.00000000E+00  7.16008570E-01 -1.50256462E+00  4.21601857E-01  5.98259252E+00  8.86297132E-01  7.13481354E-01
 -3.79440270E-01  1.00000000E+00  7.10630482E-01 -1.50464160E+00  4.22381270E-01  5.99546593E+00  8.86207614E-01  7.15296164E-01
 -3.67703552E-01  1.00000000E+00  7.05252394E-01 -1.50672224E+00  4.23233176E-01  6.00836731E+00  8.86118789E-01  7.17114793E-01
 -3.56671122E-01  1.00000000E+00  7.00582680E-01 -1.50868170E+00  4.24256916E-01  6.02371498E+00  8.85743891E-01  7.19315952E-01
 -3.45638692E-01  1.00000000E+00  6.95912967E-01 -1.51064494E+00  4.25271633E-01  6.03910294E+00  8.85369753E-01  7.21522645E-01
 -3.35268287E-01  1.00000000E+00  6.91762915E-01 -1.51279970E+00  4.26179295E-01  6.05555663E+00  8.85076300E-01  7.23867247E-01
 -3.24897882E-01  1.00000000E+00  6.87612864E-01 -1.51495882E+00  4.27295908E-01  6.07205634E+00  8.84783553E-01  7.26218191E-01
 -3.15149775E-01  1.00000000E+00  6.84050081E-01 -1.51774690E+00  4.28571002E-01  6.09236449E+00  8.84427585E-01  7.29111166E-01
 -3.05401669E-01  1.00000000E+00  6.80487299E-01 -1.52054216E+00  4.29902385E-01  6.11274202E+00  8.84072929E-01  7.32013672E-01
 -2.96238520E-01  1.00000000E+00  6.77408084E-01 -1.52311752E+00  4.31259388E-01  6.13618871E+00  8.83335519E-01  7.35399447E-01
 -2.87075371E-01  1.00000000E+00  6.74328869E-01 -1.52569987E+00  4.32850698E-01  6.15972892E+00  8.82599617E-01  7.38798102E-01
 -2.78462077E-01  1.00000000E+00  6.71927271E-01 -1.52915573E+00  4.34564208E-01  6.18523887E+00  8.82094796E-01  7.42440171E-01
 -2.69848783E-01  1.00000000E+00  6.69525673E-01 -1.53262268E+00  4.36342383E-01  6.21085676E+00  8.81592170E-01  7.46097042E-01
 -2.61752348E-01  1.00000000E+00  6.67637939E-01 -1.53676428E+00  4.38035613E-01  6.23949329E+00  8.81298407E-01  7.50147284E-01
 -2.53655913E-01  1.00000000E+00  6.65750206E-01 -1.54092075E+00  4.39842117E-01  6.26826412E+00  8.81007084E-01  7.54215985E-01
 -2.46045323E-01  1.00000000E+00  6.64265618E-01 -1.54408955E+00  4.41835705E-01  6.29828277E+00  8.80032689E-01  7.58555012E-01
 -2.38434732E-01  1.00000000E+00  6.62781030E-01 -1.54726897E+00  4.43872712E-01  6.32845120E+00  8.79060666E-01  7.62914674E-01
 -2.31280830E-01  1.00000000E+00  6.61797764E-01 -1.55146336E+00  4.45900734E-01  6.36066961E+00  8.78501084E-01  7.67503594E-01
 -2.24126928E-01  1.00000000E+00  6.60814498E-01 -1.55567380E+00  4.48021313E-01  6.39305606E+00  8.77944213E-01  7.72115658E-01
 -2.17402314E-01  1.00000000E+00  6.60374053E-01 -1.56083365E+00  4.50164777E-01  6.42881098E+00  8.77576604E-01  7.77172812E-01
 -2.10677699E-01  1.00000000E+00  6.59933608E-01 -1.56601619E+00  4.52379209E-01  6.46476906E+00  8.77212840E-01  7.82257871E-01
 -2.04351753E-01  1.00000000E+00  6.59868879E-01 -1.57055355E+00  4.54838315E-01  6.50320399E+00  8.76291802E-01  7.87767707E-01
 -1.98025807E-01  1.00000000E+00  6.59804149E-01 -1.57511064E+00  4.57333683E-01  6.54187457E+00  8.75374494E-01  7.93310011E-01
 -1.91837501E-01  1.00000000E+00  6.60206357E-01 -1.58058966E+00  4.60002704E-01  6.58454603E+00  8.74671167E-01  7.99382480E-01
 -1.85649194E-01  1.00000000E+00  6.60608564E-01 -1.58609546E+00  4.62749090E-01  6.62750258E+00  8.73972252E-01  8.05494246E-01
 -1.79460888E-01  1.00000000E+00  6.61387829E-01 -1.59093098E+00  4.65938012E-01  6.67616672E+00  8.72401547E-01  8.12527125E-01
 -1.73272582E-01  1.00000000E+00  6.62167095E-01 -1.59579074E+00  4.69220952E-01  6.72520397E+00  8.70836346E-01  8.19611467E-01
 -1.67084275E-01  1.00000000E+00  6.63923692E-01 -1.60367399E+00  4.72587365E-01  6.78021326E+00  8.70431157E-01  8.27369495E-01
 -1.60895969E-01  1.00000000E+00  6.65680290E-01 -1.61160797E+00  4.76057829E-01  6.83567919E+00  8.70034036E-01  8.35190322E-01
 -1.54707662E-01  1.00000000E+00  6.67885587E-01 -1.61814452E+00  4.80158245E-01  6.89871117E+00  8.68281396E-01  8.44260169E-01
 -1.48519356E-01  1.00000000E+00  6.70090884E-01 -1.62472282E+00  4.84314215E-01  6.96234723E+00  8.66537136E-01  8.53413413E-01
 -1.42331049E-01  1.00000000E+00  6.73590147E-01 -1.63493246E+00  4.88987520E-01  7.03625215E+00  8.65850796E-01  8.63856189E-01
 -1.36142743E-01  1.00000000E+00  6.77089409E-01 -1.64522690E+00  4.93777478E-01  7.11095417E+00  8.65178163E-01  8.74408641E-01
 -1.29954436E-01  1.00000000E+00  6.81449162E-01 -1.65364485E+00  4.98512298E-01  7.18971187E+00  8.63458695E-01  8.85675444E-01
 -1.23766130E-01  1.00000000E+00  6.85808915E-01 -1.66212691E+00  5.03751894E-01  7.26937299E+00  8.61749514E-01  8.97067287E-01
 -1.17577823E-01  1.00000000E+00  6.91914195E-01 -1.67355416E+00  5.09448143E-01  7.36303299E+00  8.60378680E-01  9.10371604E-01
 -1.11389517E-01  1.00000000E+00  6.98019475E-01 -1.68509091E+00  5.15488142E-01  7.45792848E+00  8.59024914E-01  9.23846500E-01
 -1.05201210E-01  1.00000000E+00  7.06229371E-01 -1.69765446E+00  5.22869190E-01  7.56971260E+00  8.56925173E-01  9.39790240E-01
 -9.90129037E-02  1.00000000E+00  7.14439268E-01 -1.71035402E+00  5.30192390E-01  7.68322073E+00  8.54848027E-01  9.55972179E-01
 -9.28245972E-02  1.00000000E+00  7.25005787E-01 -1.72293104E+00  5.38404036E-01  7.80476421E+00  8.52310192E-01  9.73343562E-01
 -8.66362908E-02  1.00000000E+00  7.35572306E-01 -1.73564542E+00  5.46248450E-01  7.92829615E+00  8.49795043E-01  9.90990155E-01
 -8.04479843E-02  1.00000000E+00  7.51576678E-01 -1.75414211E+00  5.53549771E-01  8.05599862E+00  8.50155133E-01  1.00881809E+00
 -7.42596778E-02  1.00000000E+00  7.67581050E-01 -1.77287843E+00  5.61421446E-01  8.18577728E+00  8.50547705E-01  1.02693214E+00
 -6.80713713E-02  1.00000000E+00  7.85692523E-01 -1.77926465E+00  5.71509981E-01  8.32736410E+00  8.44224711E-01  1.04763951E+00
 -6.18830648E-02  1.00000000E+00  8.03803996E-01 -1.78568218E+00  5.79926873E-01  8.47161676E+00  8.37935055E-01  1.06871544E+00
 -5.56947583E-02  1.00000000E+00  8.35604812E-01 -1.88824378E+00  5.85196243E-01  8.59094010E+00  8.76050365E-01  1.08008456E+00
 -4.95064519E-02  1.00000000E+00  8.67405628E-01 -1.99339672E+00  5.81376869E-01  8.71507260E+00  9.16291334E-01  1.09182938E+00
 -4.33181454E-02  1.00000000E+00  9.37787818E-01 -1.77743291E+00  5.42037532E-01  7.84327107E+00  8.87564462E-01  9.73798924E-01
 -3.71298389E-02  1.00000000E+00  1.00817001E+00 -1.58235505E+00  5.08339848E-01  7.05926112E+00  8.65130626E-01  8.67178269E-01
 -3.09415324E-02  1.00000000E+00  1.09650546E+00 -1.44233189E+00  4.18596751E-01  5.99965661E+00  8.97628933E-01  7.14283875E-01
 -2.47532259E-02  1.00000000E+00  1.18484092E+00 -1.31992019E+00  2.87458369E-01  5.10112145E+00  9.35837081E-01  5.83139811E-01
 -1.85649194E-02  1.00000000E+00  2.14487595E+00 -2.31155654E+00  2.20376608E-01  6.32176782E+00  1.35293579E+00  6.95636484E-01
 -1.23766130E-02  1.00000000E+00  3.10491098E+00 -3.64903556E+00  3.87891388E-01  8.14365384E+00  2.05234530E+00  8.52783196E-01
 -6.18830648E-03  1.00000000E+00  1.64543980E+00  1.59654536E+00  1.59540543E+00  7.15589615E+00  1.02332541E+00  8.58559904E-01
  0.00000000E+00  1.00000000E+00  1.85968616E-01  1.70453681E+01  7.03990521E+00  2.68445307E+01  1.10730604E+01  2.20800584E+00
