# curve 5 (die wall), step =      200, time =   4.00000000E+01
# N1 = tau_xx - tau_yy = G ( c_xx - c_yy ),  G =  2.2222E-02  (polymer part only)
#              x               y        pressure            c_xy        gammadot            c_xx            c_yy              N1
 -3.00000000E+00  1.00000000E+00  2.80356436E+00 -3.55997074E+00  4.00095997E-01  2.52805917E+01  9.99916419E-01  5.39570562E-01
 -2.95108291E+00  1.00000000E+00  2.76435403E+00 -3.56093329E+00  4.00096172E-01  2.52890566E+01  1.00001535E+00  5.39756471E-01
 -2.90216582E+00  1.00000000E+00  2.72514370E+00 -3.56189613E+00  4.00097905E-01  2.52975243E+01  1.00011431E+00  5.39942444E-01
 -2.85324873E+00  1.00000000E+00  2.68594480E+00 -3.56000195E+00  4.00021379E-01  2.52825233E+01  9.99894093E-01  5.39613982E-01
 -2.80433164E+00  1.00000000E+00  2.64674590E+00 -3.55810881E+00  3.99978360E-01  2.52675311E+01  9.99673993E-01  5.39285714E-01
 -2.75541455E+00  1.00000000E+00  2.60775205E+00 -3.55818807E+00  4.00059690E-01  2.52637459E+01  9.99757326E-01  5.39199747E-01
 -2.70649746E+00  1.00000000E+00  2.56875820E+00 -3.55826727E+00  4.00066361E-01  2.52599614E+01  9.99840658E-01  5.39113793E-01
 -2.65758037E+00  1.00000000E+00  2.52968910E+00 -3.55930566E+00  4.00087607E-01  2.52691253E+01  9.99965106E-01  5.39314670E-01
 -2.60866328E+00  1.00000000E+00  2.49062000E+00 -3.56034437E+00  4.00057284E-01  2.52782925E+01  1.00008958E+00  5.39515621E-01
 -2.55974619E+00  1.00000000E+00  2.45169478E+00 -3.56140290E+00  4.00025805E-01  2.52883936E+01  1.00027337E+00  5.39736006E-01
 -2.51082911E+00  1.00000000E+00  2.41276957E+00 -3.56246175E+00  4.00037092E-01  2.52984988E+01  1.00045720E+00  5.39956480E-01
 -2.46191202E+00  1.00000000E+00  2.37351074E+00 -3.55990848E+00  3.99982106E-01  2.52845412E+01  9.99979940E-01  5.39656916E-01
 -2.41299493E+00  1.00000000E+00  2.33425191E+00 -3.55735683E+00  3.99986688E-01  2.52705914E+01  9.99503008E-01  5.39357519E-01
 -2.36407784E+00  1.00000000E+00  2.29535348E+00 -3.55919660E+00  4.00012032E-01  2.52753148E+01  9.99968660E-01  5.39452135E-01
 -2.31516075E+00  1.00000000E+00  2.25645506E+00 -3.56103694E+00  3.99978134E-01  2.52800394E+01  1.00043455E+00  5.39546774E-01
 -2.26624366E+00  1.00000000E+00  2.21741079E+00 -3.56139025E+00  3.99942159E-01  2.52940185E+01  1.00025930E+00  5.39861316E-01
 -2.21732657E+00  1.00000000E+00  2.17836652E+00 -3.56174335E+00  3.99937720E-01  2.53080059E+01  1.00008403E+00  5.40176042E-01
 -2.16840948E+00  1.00000000E+00  2.13917134E+00 -3.56060156E+00  3.99923633E-01  2.52969805E+01  9.99943986E-01  5.39934145E-01
 -2.11949239E+00  1.00000000E+00  2.09997615E+00 -3.55946016E+00  3.99918546E-01  2.52859600E+01  9.99803974E-01  5.39692355E-01
 -2.07057530E+00  1.00000000E+00  2.06119140E+00 -3.56263853E+00  3.99962358E-01  2.53108611E+01  1.00023990E+00  5.40236026E-01
 -2.02165821E+00  1.00000000E+00  2.02240664E+00 -3.56581981E+00  3.99931403E-01  2.53357867E+01  1.00067617E+00  5.40780235E-01
 -1.97274112E+00  1.00000000E+00  1.98310375E+00 -3.56236037E+00  3.99859138E-01  2.53175704E+01  1.00003597E+00  5.40389653E-01
 -1.92382403E+00  1.00000000E+00  1.94380086E+00 -3.55890381E+00  3.99857934E-01  2.52993673E+01  9.99396381E-01  5.39999354E-01
 -1.87490694E+00  1.00000000E+00  1.90482288E+00 -3.55968325E+00  3.99921010E-01  2.52885556E+01  9.99830534E-01  5.39749445E-01
 -1.82598985E+00  1.00000000E+00  1.86584490E+00 -3.56046200E+00  3.99932533E-01  2.52777496E+01  1.00026478E+00  5.39499663E-01
 -1.77707276E+00  1.00000000E+00  1.82690203E+00 -3.56273138E+00  3.99960293E-01  2.53009878E+01  1.00044912E+00  5.40011970E-01
 -1.72815567E+00  1.00000000E+00  1.78795916E+00 -3.56500233E+00  3.99892737E-01  2.53242474E+01  1.00063356E+00  5.40524752E-01
 -1.67923858E+00  1.00000000E+00  1.74887091E+00 -3.56508232E+00  3.99796034E-01  2.53230737E+01  1.00073479E+00  5.40496420E-01
 -1.63032150E+00  1.00000000E+00  1.70978266E+00 -3.56516232E+00  3.99790461E-01  2.53219000E+01  1.00083602E+00  5.40468089E-01
 -1.58140441E+00  1.00000000E+00  1.67081438E+00 -3.56416410E+00  3.99660297E-01  2.53047824E+01  1.00094753E+00  5.40085219E-01
 -1.53248732E+00  1.00000000E+00  1.63184610E+00 -3.56316615E+00  3.99588461E-01  2.52876767E+01  1.00105902E+00  5.39702614E-01
 -1.48357023E+00  1.00000000E+00  1.59274292E+00 -3.55802527E+00  3.99572565E-01  2.52684681E+01  9.99851765E-01  5.39302586E-01
 -1.43465314E+00  1.00000000E+00  1.55363974E+00 -3.55288982E+00  3.99694043E-01  2.52492757E+01  9.98646194E-01  5.38902878E-01
 -1.38573605E+00  1.00000000E+00  1.51462264E+00 -3.55477346E+00  3.99682366E-01  2.52419752E+01  9.99409602E-01  5.38723679E-01
 -1.33681896E+00  1.00000000E+00  1.47560555E+00 -3.55665663E+00  3.99596264E-01  2.52346786E+01  1.00017345E+00  5.38544559E-01
 -1.28790187E+00  1.00000000E+00  1.43653032E+00 -3.55507707E+00  3.99451170E-01  2.52202196E+01  1.00001774E+00  5.38226707E-01
 -1.23898478E+00  1.00000000E+00  1.39745508E+00 -3.55349828E+00  3.99327556E-01  2.52057688E+01  9.99862098E-01  5.37909038E-01
 -1.19006769E+00  1.00000000E+00  1.35877374E+00 -3.55635177E+00  3.99212652E-01  2.52147143E+01  1.00054166E+00  5.38092726E-01
 -1.14115060E+00  1.00000000E+00  1.32009239E+00 -3.55920676E+00  3.99022967E-01  2.52236636E+01  1.00122176E+00  5.38276486E-01
 -1.09223351E+00  1.00000000E+00  1.28111247E+00 -3.55445303E+00  3.98773589E-01  2.51931800E+01  1.00054262E+00  5.37614165E-01
 -1.04331642E+00  1.00000000E+00  1.24213255E+00 -3.54970526E+00  3.98588197E-01  2.51627334E+01  9.99864437E-01  5.36952643E-01
 -9.94399333E-01  1.00000000E+00  1.20352982E+00 -3.54902450E+00  3.98436442E-01  2.51357891E+01  1.00024215E+00  5.36345489E-01
 -9.45482243E-01  1.00000000E+00  1.16492710E+00 -3.54834303E+00  3.98227697E-01  2.51088757E+01  1.00061979E+00  5.35739020E-01
 -8.96565154E-01  1.00000000E+00  1.12662433E+00 -3.54740921E+00  3.98007920E-01  2.50997472E+01  1.00064996E+00  5.35535495E-01
 -8.47648064E-01  1.00000000E+00  1.08832156E+00 -3.54647568E+00  3.97728407E-01  2.50906221E+01  1.00068018E+00  5.35332043E-01
 -7.99501858E-01  1.00000000E+00  1.05114529E+00 -3.54531652E+00  3.97409450E-01  2.50681198E+01  1.00093778E+00  5.34826267E-01
 -7.51355652E-01  1.00000000E+00  1.01396902E+00 -3.54415774E+00  3.97175728E-01  2.50456384E+01  1.00119543E+00  5.34320954E-01
 -7.08111109E-01  1.00000000E+00  9.80957893E-01 -3.54070386E+00  3.96928049E-01  2.50237541E+01  1.00071612E+00  5.33845289E-01
 -6.64866566E-01  1.00000000E+00  9.47946767E-01 -3.53725312E+00  3.96916812E-01  2.50018891E+01  1.00023732E+00  5.33370039E-01
 -6.26599939E-01  1.00000000E+00  9.19561129E-01 -3.53912365E+00  3.96992838E-01  2.50126669E+01  1.00057257E+00  5.33602095E-01
 -5.88333313E-01  1.00000000E+00  8.91175491E-01 -3.54099507E+00  3.97133466E-01  2.50234493E+01  1.00090799E+00  5.33834251E-01
 -5.54471587E-01  1.00000000E+00  8.66746496E-01 -3.53701254E+00  3.97533101E-01  2.50634583E+01  9.98886996E-01  5.34768252E-01
 -5.20609860E-01  1.00000000E+00  8.42317501E-01 -3.53301925E+00  3.98054235E-01  2.51035517E+01  9.96868316E-01  5.35704076E-01
 -4.90645977E-01  1.00000000E+00  8.21606592E-01 -3.54511834E+00  3.98777789E-01  2.51895893E+01  9.98652612E-01  5.37576372E-01
 -4.60682095E-01  1.00000000E+00  8.00895684E-01 -3.55725849E+00  3.99574647E-01  2.52759218E+01  1.00044263E+00  5.39455093E-01
 -4.34167380E-01  1.00000000E+00  7.83527383E-01 -3.55543230E+00  4.00740226E-01  2.53983311E+01  9.97220700E-01  5.42246899E-01
 -4.07652666E-01  1.00000000E+00  7.66159083E-01 -3.55356357E+00  4.02157217E-01  2.55214090E+01  9.94000969E-01  5.45053511E-01
 -3.84190072E-01  1.00000000E+00  7.51812889E-01 -3.57644633E+00  4.03818565E-01  2.57428845E+01  9.96213875E-01  5.49926014E-01
 -3.60727478E-01  1.00000000E+00  7.37466695E-01 -3.59948852E+00  4.05490029E-01  2.59662905E+01  9.98438587E-01  5.54841154E-01
 -3.39965684E-01  1.00000000E+00  7.25929365E-01 -3.61035127E+00  4.07548994E-01  2.62182953E+01  9.96381563E-01  5.60486972E-01
 -3.19203889E-01  1.00000000E+00  7.14392034E-01 -3.62121248E+00  4.09856577E-01  2.64728567E+01  9.94317663E-01  5.66189756E-01
 -3.00831998E-01  1.00000000E+00  7.05252687E-01 -3.64860044E+00  4.12637208E-01  2.68198536E+01  9.95259431E-01  5.73879871E-01
 -2.82460107E-01  1.00000000E+00  6.96113340E-01 -3.67621095E+00  4.15547418E-01  2.71714661E+01  9.96204993E-01  5.81672470E-01
 -2.66203017E-01  1.00000000E+00  6.89302847E-01 -3.69009648E+00  4.18846303E-01  2.75585001E+01  9.92469092E-01  5.90356244E-01
 -2.49945927E-01  1.00000000E+00  6.82492353E-01 -3.70393234E+00  4.22597315E-01  2.79513253E+01  9.88718251E-01  5.99169046E-01
 -2.35560203E-01  1.00000000E+00  6.77713499E-01 -3.75446021E+00  4.26900625E-01  2.85397707E+01  9.91668354E-01  6.12180053E-01
 -2.21174479E-01  1.00000000E+00  6.72934646E-01 -3.80574243E+00  4.31106539E-01  2.91407172E+01  9.94651020E-01  6.25468138E-01
 -2.08421419E-01  1.00000000E+00  6.70844731E-01 -3.85631293E+00  4.35571633E-01  2.97586370E+01  9.96795612E-01  6.39152031E-01
 -1.95668358E-01  1.00000000E+00  6.68754816E-01 -3.90762440E+00  4.40292186E-01  3.03897937E+01  9.98968824E-01  6.53129441E-01
 -1.83439085E-01  1.00000000E+00  6.67992662E-01 -3.92812538E+00  4.45839031E-01  3.10906661E+01  9.92171697E-01  6.68855432E-01
 -1.71209813E-01  1.00000000E+00  6.67230508E-01 -3.94835415E+00  4.52089929E-01  3.18085608E+01  9.85330036E-01  6.84960685E-01
 -1.58980541E-01  1.00000000E+00  6.68379899E-01 -4.05028077E+00  4.60263596E-01  3.29680510E+01  9.92912931E-01  7.10558623E-01
 -1.46751268E-01  1.00000000E+00  6.69529290E-01 -4.15506088E+00  4.68185058E-01  3.41700329E+01  1.00065781E+00  7.37097225E-01
 -1.34521996E-01  1.00000000E+00  6.78578066E-01 -4.25926750E+00  4.77496987E-01  3.56970303E+01  1.00219808E+00  7.70996271E-01
 -1.22292724E-01  1.00000000E+00  6.87626842E-01 -4.36625278E+00  4.86597184E-01  3.72932129E+01  1.00377279E+00  8.06432003E-01
 -1.10063451E-01  1.00000000E+00  6.91239930E-01 -4.48640624E+00  5.01799455E-01  3.89974505E+01  1.00835312E+00  8.44202165E-01
 -9.78341789E-02  1.00000000E+00  6.94853018E-01 -4.61006361E+00  5.19365325E-01  4.07804078E+01  1.01300516E+00  8.83720059E-01
 -8.56049065E-02  1.00000000E+00  7.23122382E-01 -4.24547200E+00  5.42943070E-01  4.32585742E+01  9.09532434E-01  9.41089816E-01
 -7.33756342E-02  1.00000000E+00  7.51391745E-01 -3.84220508E+00  5.61377163E-01  4.59547307E+01  8.14411768E-01  1.00311820E+00
 -6.11463618E-02  1.00000000E+00  7.35557720E-01 -5.41753938E+00  5.48083639E-01  4.33597361E+01  1.18890609E+00  9.37129555E-01
 -4.89170895E-02  1.00000000E+00  7.19723694E-01 -6.95075756E+00  4.97502454E-01  4.14052413E+01  1.69207522E+00  8.82514802E-01
 -3.66878171E-02  1.00000000E+00  1.70968236E+00 -2.40761141E+01  4.16983918E-01  8.13865285E+01  7.56192558E+00  1.64054673E+00
 -2.44585447E-02  1.00000000E+00  2.69964103E+00 -6.89327331E+01  4.08940480E-01  1.78135760E+02  2.70051708E+01  3.35845754E+00
 -1.22292724E-02  1.00000000E+00  7.15487919E-01  6.56263582E+00  1.45890093E+00  5.32406727E+01  1.70950447E+00  1.14513707E+00
  0.00000000E+00  1.00000000E+00 -1.26866519E+00  1.01274037E+02  4.44088230E+00  1.61429826E+02  6.37768426E+01  2.17006629E+00
