# curve 5 (die wall), step =        1, time =   4.00000000E-01
# N1 = tau_xx - tau_yy = G ( c_xx - c_yy ),  G =  7.1429E-02  (polymer part only)
#              x               y        pressure            c_xy        gammadot            c_xx            c_yy              N1
 -3.00000000E+00  1.00000000E+00  1.35179912E+00  0.00000000E+00  3.99997617E-01  1.00000000E+00  1.00000000E+00  0.00000000E+00
 -2.97524677E+00  1.00000000E+00  1.34136430E+00  0.00000000E+00  3.99998705E-01  1.00000000E+00  1.00000000E+00  0.00000000E+00
 -2.95049355E+00  1.00000000E+00  1.33092948E+00  0.00000000E+00  3.99999415E-01  1.00000000E+00  1.00000000E+00  0.00000000E+00
 -2.92574032E+00  1.00000000E+00  1.32049268E+00  0.00000000E+00  3.99999911E-01  1.00000000E+00  1.00000000E+00  0.00000000E+00
 -2.90098710E+00  1.00000000E+00  1.31005589E+00  0.00000000E+00  4.00000113E-01  1.00000000E+00  1.00000000E+00  0.00000000E+00
 -2.87623387E+00  1.00000000E+00  1.29961940E+00  0.00000000E+00  4.00000115E-01  1.00000000E+00  1.00000000E+00  0.00000000E+00
 -2.85148064E+00  1.00000000E+00  1.28918292E+00  0.00000000E+00  4.00000097E-01  1.00000000E+00  1.00000000E+00  0.00000000E+00
 -2.82672742E+00  1.00000000E+00  1.27874637E+00  0.00000000E+00  4.00000068E-01  1.00000000E+00  1.00000000E+00  0.00000000E+00
 -2.80197419E+00  1.00000000E+00  1.26830983E+00  0.00000000E+00  4.00000032E-01  1.00000000E+00  1.00000000E+00  0.00000000E+00
 -2.77722097E+00  1.00000000E+00  1.25787331E+00  0.00000000E+00  3.99999990E-01  1.00000000E+00  1.00000000E+00  0.00000000E+00
 -2.75246774E+00  1.00000000E+00  1.24743678E+00  0.00000000E+00  3.99999947E-01  1.00000000E+00  1.00000000E+00  0.00000000E+00
 -2.72771451E+00  1.00000000E+00  1.23700026E+00  0.00000000E+00  3.99999896E-01  1.00000000E+00  1.00000000E+00  0.00000000E+00
 -2.70296129E+00  1.00000000E+00  1.22656373E+00  0.00000000E+00  3.99999842E-01  1.00000000E+00  1.00000000E+00  0.00000000E+00
 -2.67820806E+00  1.00000000E+00  1.21612720E+00  0.00000000E+00  3.99999776E-01  1.00000000E+00  1.00000000E+00  0.00000000E+00
 -2.65345484E+00  1.00000000E+00  1.20569068E+00  0.00000000E+00  3.99999707E-01  1.00000000E+00  1.00000000E+00  0.00000000E+00
 -2.62870161E+00  1.00000000E+00  1.19525414E+00  0.00000000E+00  3.99999622E-01  1.00000000E+00  1.00000000E+00  0.00000000E+00
 -2.60394839E+00  1.00000000E+00  1.18481761E+00  0.00000000E+00  3.99999531E-01  1.00000000E+00  1.00000000E+00  0.00000000E+00
 -2.57919516E+00  1.00000000E+00  1.17438109E+00  0.00000000E+00  3.99999424E-01  1.00000000E+00  1.00000000E+00  0.00000000E+00
 -2.55444193E+00  1.00000000E+00  1.16394456E+00  0.00000000E+00  3.99999310E-01  1.00000000E+00  1.00000000E+00  0.00000000E+00
 -2.52968871E+00  1.00000000E+00  1.15350803E+00  0.00000000E+00  3.99999169E-01  1.00000000E+00  1.00000000E+00  0.00000000E+00
 -2.50493548E+00  1.00000000E+00  1.14307150E+00  0.00000000E+00  3.99999017E-01  1.00000000E+00  1.00000000E+00  0.00000000E+00
 -2.48018226E+00  1.00000000E+00  1.13263497E+00  0.00000000E+00  3.99998843E-01  1.00000000E+00  1.00000000E+00  0.00000000E+00
 -2.45542903E+00  1.00000000E+00  1.12219844E+00  0.00000000E+00  3.99998654E-01  1.00000000E+00  1.00000000E+00  0.00000000E+00
 -2.43067580E+00  1.00000000E+00  1.11176191E+00  0.00000000E+00  3.99998426E-01  1.00000000E+00  1.00000000E+00  0.00000000E+00
 -2.40592258E+00  1.00000000E+00  1.10132539E+00  0.00000000E+00  3.99998186E-01  1.00000000E+00  1.00000000E+00  0.00000000E+00
 -2.38116935E+00  1.00000000E+00  1.09088887E+00  0.00000000E+00  3.99997896E-01  1.00000000E+00  1.00000000E+00  0.00000000E+00
 -2.35641613E+00  1.00000000E+00  1.08045236E+00  0.00000000E+00  3.99997587E-01  1.00000000E+00  1.00000000E+00  0.00000000E+00
 -2.33166290E+00  1.00000000E+00  1.07001585E+00  0.00000000E+00  3.99997216E-01  1.00000000E+00  1.00000000E+00  0.00000000E+00
 -2.30690967E+00  1.00000000E+00  1.05957935E+00  0.00000000E+00  3.99996819E-01  1.00000000E+00  1.00000000E+00  0.00000000E+00
 -2.28215645E+00  1.00000000E+00  1.04914286E+00  0.00000000E+00  3.99996351E-01  1.00000000E+00  1.00000000E+00  0.00000000E+00
 -2.25740322E+00  1.00000000E+00  1.03870637E+00  0.00000000E+00  3.99995854E-01  1.00000000E+00  1.00000000E+00  0.00000000E+00
 -2.23265000E+00  1.00000000E+00  1.02826990E+00  0.00000000E+00  3.99995264E-01  1.00000000E+00  1.00000000E+00  0.00000000E+00
 -2.20789677E+00  1.00000000E+00  1.01783343E+00  0.00000000E+00  3.99994626E-01  1.00000000E+00  1.00000000E+00  0.00000000E+00
 -2.18314354E+00  1.00000000E+00  1.00739699E+00  0.00000000E+00  3.99993905E-01  1.00000000E+00  1.00000000E+00  0.00000000E+00
 -2.15839032E+00  1.00000000E+00  9.96960558E-01  0.00000000E+00  3.99993134E-01  1.00000000E+00  1.00000000E+00  0.00000000E+00
 -2.13363709E+00  1.00000000E+00  9.86524199E-01  0.00000000E+00  3.99992219E-01  1.00000000E+00  1.00000000E+00  0.00000000E+00
 -2.10888387E+00  1.00000000E+00  9.76087840E-01  0.00000000E+00  3.99991263E-01  1.00000000E+00  1.00000000E+00  0.00000000E+00
 -2.08413064E+00  1.00000000E+00  9.65651542E-01  0.00000000E+00  3.99990118E-01  1.00000000E+00  1.00000000E+00  0.00000000E+00
 -2.05937741E+00  1.00000000E+00  9.55215244E-01  0.00000000E+00  3.99988928E-01  1.00000000E+00  1.00000000E+00  0.00000000E+00
 -2.03462419E+00  1.00000000E+00  9.44779074E-01  0.00000000E+00  3.99987510E-01  1.00000000E+00  1.00000000E+00  0.00000000E+00
 -2.00987096E+00  1.00000000E+00  9.34342905E-01  0.00000000E+00  3.99986016E-01  1.00000000E+00  1.00000000E+00  0.00000000E+00
 -1.98511774E+00  1.00000000E+00  9.23906855E-01  0.00000000E+00  3.99984303E-01  1.00000000E+00  1.00000000E+00  0.00000000E+00
 -1.96036451E+00  1.00000000E+00  9.13470806E-01  0.00000000E+00  3.99982492E-01  1.00000000E+00  1.00000000E+00  0.00000000E+00
 -1.93561128E+00  1.00000000E+00  9.03034950E-01  0.00000000E+00  3.99980398E-01  1.00000000E+00  1.00000000E+00  0.00000000E+00
 -1.91085806E+00  1.00000000E+00  8.92599095E-01  0.00000000E+00  3.99978101E-01  1.00000000E+00  1.00000000E+00  0.00000000E+00
 -1.88610483E+00  1.00000000E+00  8.82163500E-01  0.00000000E+00  3.99975546E-01  1.00000000E+00  1.00000000E+00  0.00000000E+00
 -1.86135161E+00  1.00000000E+00  8.71727904E-01  0.00000000E+00  3.99972801E-01  1.00000000E+00  1.00000000E+00  0.00000000E+00
 -1.83659838E+00  1.00000000E+00  8.61292629E-01  0.00000000E+00  3.99969728E-01  1.00000000E+00  1.00000000E+00  0.00000000E+00
 -1.81184516E+00  1.00000000E+00  8.50857354E-01  0.00000000E+00  3.99966540E-01  1.00000000E+00  1.00000000E+00  0.00000000E+00
 -1.78709193E+00  1.00000000E+00  8.40422586E-01  0.00000000E+00  3.99962821E-01  1.00000000E+00  1.00000000E+00  0.00000000E+00
 -1.76233870E+00  1.00000000E+00  8.29987819E-01  0.00000000E+00  3.99958751E-01  1.00000000E+00  1.00000000E+00  0.00000000E+00
 -1.73758548E+00  1.00000000E+00  8.19553667E-01  0.00000000E+00  3.99954245E-01  1.00000000E+00  1.00000000E+00  0.00000000E+00
 -1.71283225E+00  1.00000000E+00  8.09119514E-01  0.00000000E+00  3.99949609E-01  1.00000000E+00  1.00000000E+00  0.00000000E+00
 -1.68807903E+00  1.00000000E+00  7.98685969E-01  0.00000000E+00  3.99944654E-01  1.00000000E+00  1.00000000E+00  0.00000000E+00
 -1.66332580E+00  1.00000000E+00  7.88252424E-01  0.00000000E+00  3.99939265E-01  1.00000000E+00  1.00000000E+00  0.00000000E+00
 -1.63857257E+00  1.00000000E+00  7.77820009E-01  0.00000000E+00  3.99933046E-01  1.00000000E+00  1.00000000E+00  0.00000000E+00
 -1.61381935E+00  1.00000000E+00  7.67387595E-01  0.00000000E+00  3.99926504E-01  1.00000000E+00  1.00000000E+00  0.00000000E+00
 -1.58906612E+00  1.00000000E+00  7.56956200E-01  0.00000000E+00  3.99919586E-01  1.00000000E+00  1.00000000E+00  0.00000000E+00
 -1.56431290E+00  1.00000000E+00  7.46524805E-01  0.00000000E+00  3.99912252E-01  1.00000000E+00  1.00000000E+00  0.00000000E+00
 -1.53955967E+00  1.00000000E+00  7.36095091E-01  0.00000000E+00  3.99903992E-01  1.00000000E+00  1.00000000E+00  0.00000000E+00
 -1.51480644E+00  1.00000000E+00  7.25665378E-01  0.00000000E+00  3.99895732E-01  1.00000000E+00  1.00000000E+00  0.00000000E+00
 -1.49005322E+00  1.00000000E+00  7.15237524E-01  0.00000000E+00  3.99886503E-01  1.00000000E+00  1.00000000E+00  0.00000000E+00
 -1.46529999E+00  1.00000000E+00  7.04809670E-01  0.00000000E+00  3.99876908E-01  1.00000000E+00  1.00000000E+00  0.00000000E+00
 -1.44054677E+00  1.00000000E+00  6.94384525E-01  0.00000000E+00  3.99867191E-01  1.00000000E+00  1.00000000E+00  0.00000000E+00
 -1.41579354E+00  1.00000000E+00  6.83959381E-01  0.00000000E+00  3.99856010E-01  1.00000000E+00  1.00000000E+00  0.00000000E+00
 -1.39104031E+00  1.00000000E+00  6.73537028E-01  0.00000000E+00  3.99844241E-01  1.00000000E+00  1.00000000E+00  0.00000000E+00
 -1.36628709E+00  1.00000000E+00  6.63114674E-01  0.00000000E+00  3.99833015E-01  1.00000000E+00  1.00000000E+00  0.00000000E+00
 -1.34153386E+00  1.00000000E+00  6.52696455E-01  0.00000000E+00  3.99821202E-01  1.00000000E+00  1.00000000E+00  0.00000000E+00
 -1.31678064E+00  1.00000000E+00  6.42278235E-01  0.00000000E+00  3.99809241E-01  1.00000000E+00  1.00000000E+00  0.00000000E+00
 -1.29202741E+00  1.00000000E+00  6.31864360E-01  0.00000000E+00  3.99796920E-01  1.00000000E+00  1.00000000E+00  0.00000000E+00
 -1.26727418E+00  1.00000000E+00  6.21450484E-01  0.00000000E+00  3.99784448E-01  1.00000000E+00  1.00000000E+00  0.00000000E+00
 -1.24252096E+00  1.00000000E+00  6.11043338E-01  0.00000000E+00  3.99773968E-01  1.00000000E+00  1.00000000E+00  0.00000000E+00
 -1.21776773E+00  1.00000000E+00  6.00636192E-01  0.00000000E+00  3.99760643E-01  1.00000000E+00  1.00000000E+00  0.00000000E+00
 -1.19301451E+00  1.00000000E+00  5.90235198E-01  0.00000000E+00  3.99748210E-01  1.00000000E+00  1.00000000E+00  0.00000000E+00
 -1.16826128E+00  1.00000000E+00  5.79834204E-01  0.00000000E+00  3.99739325E-01  1.00000000E+00  1.00000000E+00  0.00000000E+00
 -1.14350806E+00  1.00000000E+00  5.69442916E-01  0.00000000E+00  3.99731838E-01  1.00000000E+00  1.00000000E+00  0.00000000E+00
 -1.11875483E+00  1.00000000E+00  5.59051628E-01  0.00000000E+00  3.99724746E-01  1.00000000E+00  1.00000000E+00  0.00000000E+00
 -1.09400160E+00  1.00000000E+00  5.48672145E-01  0.00000000E+00  3.99723537E-01  1.00000000E+00  1.00000000E+00  0.00000000E+00
 -1.06924838E+00  1.00000000E+00  5.38292661E-01  0.00000000E+00  3.99723766E-01  1.00000000E+00  1.00000000E+00  0.00000000E+00
 -1.04449515E+00  1.00000000E+00  5.27925211E-01  0.00000000E+00  3.99728244E-01  1.00000000E+00  1.00000000E+00  0.00000000E+00
 -1.01974193E+00  1.00000000E+00  5.17557760E-01  0.00000000E+00  3.99732802E-01  1.00000000E+00  1.00000000E+00  0.00000000E+00
 -9.94988700E-01  1.00000000E+00  5.07205700E-01  0.00000000E+00  3.99749515E-01  1.00000000E+00  1.00000000E+00  0.00000000E+00
 -9.70235474E-01  1.00000000E+00  4.96853640E-01  0.00000000E+00  3.99771006E-01  1.00000000E+00  1.00000000E+00  0.00000000E+00
 -9.45482248E-01  1.00000000E+00  4.86523036E-01  0.00000000E+00  3.99808946E-01  1.00000000E+00  1.00000000E+00  0.00000000E+00
 -9.20729022E-01  1.00000000E+00  4.76192433E-01  0.00000000E+00  3.99852088E-01  1.00000000E+00  1.00000000E+00  0.00000000E+00
 -8.95975796E-01  1.00000000E+00  4.65884545E-01  0.00000000E+00  3.99907999E-01  1.00000000E+00  1.00000000E+00  0.00000000E+00
 -8.71222570E-01  1.00000000E+00  4.55576657E-01  0.00000000E+00  3.99972202E-01  1.00000000E+00  1.00000000E+00  0.00000000E+00
 -8.46469344E-01  1.00000000E+00  4.45290189E-01  0.00000000E+00  4.00075830E-01  1.00000000E+00  1.00000000E+00  0.00000000E+00
 -8.21716118E-01  1.00000000E+00  4.35003722E-01  0.00000000E+00  4.00185707E-01  1.00000000E+00  1.00000000E+00  0.00000000E+00
 -7.97201467E-01  1.00000000E+00  4.24859278E-01  0.00000000E+00  4.00341929E-01  1.00000000E+00  1.00000000E+00  0.00000000E+00
 -7.72686817E-01  1.00000000E+00  4.14714835E-01  0.00000000E+00  4.00508503E-01  1.00000000E+00  1.00000000E+00  0.00000000E+00
 -7.49503432E-01  1.00000000E+00  4.05157095E-01  0.00000000E+00  4.00714516E-01  1.00000000E+00  1.00000000E+00  0.00000000E+00
 -7.26320047E-01  1.00000000E+00  3.95599354E-01  0.00000000E+00  4.00940403E-01  1.00000000E+00  1.00000000E+00  0.00000000E+00
 -7.04527831E-01  1.00000000E+00  3.86638583E-01  0.00000000E+00  4.01212045E-01  1.00000000E+00  1.00000000E+00  0.00000000E+00
 -6.82735615E-01  1.00000000E+00  3.77677813E-01  0.00000000E+00  4.01506705E-01  1.00000000E+00  1.00000000E+00  0.00000000E+00
 -6.62251087E-01  1.00000000E+00  3.69322484E-01  0.00000000E+00  4.01857272E-01  1.00000000E+00  1.00000000E+00  0.00000000E+00
 -6.41766559E-01  1.00000000E+00  3.60967156E-01  0.00000000E+00  4.02239230E-01  1.00000000E+00  1.00000000E+00  0.00000000E+00
 -6.22511254E-01  1.00000000E+00  3.53126709E-01  0.00000000E+00  4.02661054E-01  1.00000000E+00  1.00000000E+00  0.00000000E+00
 -6.03255949E-01  1.00000000E+00  3.45286262E-01  0.00000000E+00  4.03114605E-01  1.00000000E+00  1.00000000E+00  0.00000000E+00
 -5.85156097E-01  1.00000000E+00  3.37958879E-01  0.00000000E+00  4.03630527E-01  1.00000000E+00  1.00000000E+00  0.00000000E+00
 -5.67056245E-01  1.00000000E+00  3.30631496E-01  0.00000000E+00  4.04184706E-01  1.00000000E+00  1.00000000E+00  0.00000000E+00
 -5.50042515E-01  1.00000000E+00  3.23789332E-01  0.00000000E+00  4.04821845E-01  1.00000000E+00  1.00000000E+00  0.00000000E+00
 -5.33028786E-01  1.00000000E+00  3.16947167E-01  0.00000000E+00  4.05489551E-01  1.00000000E+00  1.00000000E+00  0.00000000E+00
 -5.17036006E-01  1.00000000E+00  3.10556081E-01  0.00000000E+00  4.06235191E-01  1.00000000E+00  1.00000000E+00  0.00000000E+00
 -5.01043227E-01  1.00000000E+00  3.04164994E-01  0.00000000E+00  4.07025800E-01  1.00000000E+00  1.00000000E+00  0.00000000E+00
 -4.86010125E-01  1.00000000E+00  2.98205671E-01  0.00000000E+00  4.07887250E-01  1.00000000E+00  1.00000000E+00  0.00000000E+00
 -4.70977023E-01  1.00000000E+00  2.92246348E-01  0.00000000E+00  4.08802322E-01  1.00000000E+00  1.00000000E+00  0.00000000E+00
 -4.56846016E-01  1.00000000E+00  2.86661760E-01  0.00000000E+00  4.09772557E-01  1.00000000E+00  1.00000000E+00  0.00000000E+00
 -4.42715008E-01  1.00000000E+00  2.81077171E-01  0.00000000E+00  4.10810484E-01  1.00000000E+00  1.00000000E+00  0.00000000E+00
 -4.29431964E-01  1.00000000E+00  2.75900689E-01  0.00000000E+00  4.11971996E-01  1.00000000E+00  1.00000000E+00  0.00000000E+00
 -4.16148920E-01  1.00000000E+00  2.70724207E-01  0.00000000E+00  4.13199269E-01  1.00000000E+00  1.00000000E+00  0.00000000E+00
 -4.03662954E-01  1.00000000E+00  2.65894687E-01  0.00000000E+00  4.14426842E-01  1.00000000E+00  1.00000000E+00  0.00000000E+00
 -3.91176988E-01  1.00000000E+00  2.61065168E-01  0.00000000E+00  4.15749067E-01  1.00000000E+00  1.00000000E+00  0.00000000E+00
 -3.79440270E-01  1.00000000E+00  2.56515660E-01  0.00000000E+00  4.17184328E-01  1.00000000E+00  1.00000000E+00  0.00000000E+00
 -3.67703552E-01  1.00000000E+00  2.51966152E-01  0.00000000E+00  4.18697008E-01  1.00000000E+00  1.00000000E+00  0.00000000E+00
 -3.56671122E-01  1.00000000E+00  2.47803552E-01  0.00000000E+00  4.20274471E-01  1.00000000E+00  1.00000000E+00  0.00000000E+00
 -3.45638692E-01  1.00000000E+00  2.43640953E-01  0.00000000E+00  4.21932637E-01  1.00000000E+00  1.00000000E+00  0.00000000E+00
 -3.35268287E-01  1.00000000E+00  2.39721484E-01  0.00000000E+00  4.23631491E-01  1.00000000E+00  1.00000000E+00  0.00000000E+00
 -3.24897882E-01  1.00000000E+00  2.35802016E-01  0.00000000E+00  4.25448951E-01  1.00000000E+00  1.00000000E+00  0.00000000E+00
 -3.15149775E-01  1.00000000E+00  2.32190563E-01  0.00000000E+00  4.27387182E-01  1.00000000E+00  1.00000000E+00  0.00000000E+00
 -3.05401669E-01  1.00000000E+00  2.28579110E-01  0.00000000E+00  4.29383679E-01  1.00000000E+00  1.00000000E+00  0.00000000E+00
 -2.96238520E-01  1.00000000E+00  2.25200570E-01  0.00000000E+00  4.31432053E-01  1.00000000E+00  1.00000000E+00  0.00000000E+00
 -2.87075371E-01  1.00000000E+00  2.21822030E-01  0.00000000E+00  4.33677258E-01  1.00000000E+00  1.00000000E+00  0.00000000E+00
 -2.78462077E-01  1.00000000E+00  2.18692358E-01  0.00000000E+00  4.35957909E-01  1.00000000E+00  1.00000000E+00  0.00000000E+00
 -2.69848783E-01  1.00000000E+00  2.15562686E-01  0.00000000E+00  4.38336670E-01  1.00000000E+00  1.00000000E+00  0.00000000E+00
 -2.61752348E-01  1.00000000E+00  2.12685930E-01  0.00000000E+00  4.40765229E-01  1.00000000E+00  1.00000000E+00  0.00000000E+00
 -2.53655913E-01  1.00000000E+00  2.09809175E-01  0.00000000E+00  4.43314269E-01  1.00000000E+00  1.00000000E+00  0.00000000E+00
 -2.46045323E-01  1.00000000E+00  2.07145285E-01  0.00000000E+00  4.45967781E-01  1.00000000E+00  1.00000000E+00  0.00000000E+00
 -2.38434732E-01  1.00000000E+00  2.04481396E-01  0.00000000E+00  4.48700421E-01  1.00000000E+00  1.00000000E+00  0.00000000E+00
 -2.31280830E-01  1.00000000E+00  2.02017889E-01  0.00000000E+00  4.51521632E-01  1.00000000E+00  1.00000000E+00  0.00000000E+00
 -2.24126928E-01  1.00000000E+00  1.99554381E-01  0.00000000E+00  4.54458750E-01  1.00000000E+00  1.00000000E+00  0.00000000E+00
 -2.17402314E-01  1.00000000E+00  1.97246728E-01  0.00000000E+00  4.57487253E-01  1.00000000E+00  1.00000000E+00  0.00000000E+00
 -2.10677699E-01  1.00000000E+00  1.94939075E-01  0.00000000E+00  4.60615103E-01  1.00000000E+00  1.00000000E+00  0.00000000E+00
 -2.04351753E-01  1.00000000E+00  1.92873450E-01  0.00000000E+00  4.63890901E-01  1.00000000E+00  1.00000000E+00  0.00000000E+00
 -1.98025807E-01  1.00000000E+00  1.90807825E-01  0.00000000E+00  4.67234856E-01  1.00000000E+00  1.00000000E+00  0.00000000E+00
 -1.91837501E-01  1.00000000E+00  1.88794270E-01  0.00000000E+00  4.70877559E-01  1.00000000E+00  1.00000000E+00  0.00000000E+00
 -1.85649194E-01  1.00000000E+00  1.86780715E-01  0.00000000E+00  4.74626156E-01  1.00000000E+00  1.00000000E+00  0.00000000E+00
 -1.79460888E-01  1.00000000E+00  1.84918642E-01  0.00000000E+00  4.78754433E-01  1.00000000E+00  1.00000000E+00  0.00000000E+00
 -1.73272582E-01  1.00000000E+00  1.83056570E-01  0.00000000E+00  4.83020086E-01  1.00000000E+00  1.00000000E+00  0.00000000E+00
 -1.67084275E-01  1.00000000E+00  1.81140440E-01  0.00000000E+00  4.87689903E-01  1.00000000E+00  1.00000000E+00  0.00000000E+00
 -1.60895969E-01  1.00000000E+00  1.79224311E-01  0.00000000E+00  4.92541032E-01  1.00000000E+00  1.00000000E+00  0.00000000E+00
 -1.54707662E-01  1.00000000E+00  1.77435205E-01  0.00000000E+00  4.98011714E-01  1.00000000E+00  1.00000000E+00  0.00000000E+00
 -1.48519356E-01  1.00000000E+00  1.75646100E-01  0.00000000E+00  5.03686380E-01  1.00000000E+00  1.00000000E+00  0.00000000E+00
 -1.42331049E-01  1.00000000E+00  1.74027854E-01  0.00000000E+00  5.10111369E-01  1.00000000E+00  1.00000000E+00  0.00000000E+00
 -1.36142743E-01  1.00000000E+00  1.72409608E-01  0.00000000E+00  5.16885925E-01  1.00000000E+00  1.00000000E+00  0.00000000E+00
 -1.29954436E-01  1.00000000E+00  1.71027899E-01  0.00000000E+00  5.24145719E-01  1.00000000E+00  1.00000000E+00  0.00000000E+00
 -1.23766130E-01  1.00000000E+00  1.69646189E-01  0.00000000E+00  5.31932107E-01  1.00000000E+00  1.00000000E+00  0.00000000E+00
 -1.17577823E-01  1.00000000E+00  1.68088006E-01  0.00000000E+00  5.40786988E-01  1.00000000E+00  1.00000000E+00  0.00000000E+00
 -1.11389517E-01  1.00000000E+00  1.66529824E-01  0.00000000E+00  5.50177200E-01  1.00000000E+00  1.00000000E+00  0.00000000E+00
 -1.05201210E-01  1.00000000E+00  1.65438205E-01  0.00000000E+00  5.61060937E-01  1.00000000E+00  1.00000000E+00  0.00000000E+00
 -9.90129037E-02  1.00000000E+00  1.64346586E-01  0.00000000E+00  5.72642023E-01  1.00000000E+00  1.00000000E+00  0.00000000E+00
 -9.28245972E-02  1.00000000E+00  1.63852326E-01  0.00000000E+00  5.86014031E-01  1.00000000E+00  1.00000000E+00  0.00000000E+00
 -8.66362908E-02  1.00000000E+00  1.63358066E-01  0.00000000E+00  6.00104806E-01  1.00000000E+00  1.00000000E+00  0.00000000E+00
 -8.04479843E-02  1.00000000E+00  1.62654461E-01  0.00000000E+00  6.17344071E-01  1.00000000E+00  1.00000000E+00  0.00000000E+00
 -7.42596778E-02  1.00000000E+00  1.61950856E-01  0.00000000E+00  6.36020139E-01  1.00000000E+00  1.00000000E+00  0.00000000E+00
 -6.80713713E-02  1.00000000E+00  1.62631603E-01  0.00000000E+00  6.57683595E-01  1.00000000E+00  1.00000000E+00  0.00000000E+00
 -6.18830648E-02  1.00000000E+00  1.63312351E-01  0.00000000E+00  6.82160556E-01  1.00000000E+00  1.00000000E+00  0.00000000E+00
 -5.56947583E-02  1.00000000E+00  1.64481951E-01  0.00000000E+00  7.12060401E-01  1.00000000E+00  1.00000000E+00  0.00000000E+00
 -4.95064519E-02  1.00000000E+00  1.65651551E-01  0.00000000E+00  7.48040854E-01  1.00000000E+00  1.00000000E+00  0.00000000E+00
 -4.33181454E-02  1.00000000E+00  1.75294245E-01  0.00000000E+00  7.92694447E-01  1.00000000E+00  1.00000000E+00  0.00000000E+00
 -3.71298389E-02  1.00000000E+00  1.84936939E-01  0.00000000E+00  8.47583804E-01  1.00000000E+00  1.00000000E+00  0.00000000E+00
 -3.09415324E-02  1.00000000E+00  1.61053835E-01  0.00000000E+00  9.27238604E-01  1.00000000E+00  1.00000000E+00  0.00000000E+00
 -2.47532259E-02  1.00000000E+00  1.37170731E-01  0.00000000E+00  1.01213624E+00  1.00000000E+00  1.00000000E+00  0.00000000E+00
 -1.85649194E-02  1.00000000E+00  3.36336643E-01  0.00000000E+00  1.16925045E+00  1.00000000E+00  1.00000000E+00  0.00000000E+00
 -1.23766130E-02  1.00000000E+00  5.35502555E-01  0.00000000E+00  1.46038571E+00  1.00000000E+00  1.00000000E+00  0.00000000E+00
 -6.18830648E-03  1.00000000E+00 -5.94676425E-02  0.00000000E+00  2.01909246E+00  1.00000000E+00  1.00000000E+00  0.00000000E+00
  0.00000000E+00  1.00000000E+00 -6.54437840E-01  0.00000000E+00  2.91597251E+00  1.00000000E+00  1.00000000E+00  0.00000000E+00
