# model=oldroyd  theta_MLE: lambda=1.55444, beta=0.08, eta_0=0.84688
# delta(x) = y_clean(x) - y_model(x; theta_MLE)   (x from curve4_x.txt)
# columns: x  delta
5.000000000000000000e+00 -2.771847026690865690e-03
4.950333040000000295e+00 -2.772141027054475515e-03
4.900666089999999642e+00 -2.772416110321085370e-03
4.850999129999999937e+00 -2.772660518735481361e-03
4.801332180000000172e+00 -2.772887892478648197e-03
4.751665219999999579e+00 -2.773090882600692808e-03
4.701998269999999813e+00 -2.773287778160105077e-03
4.652331310000000109e+00 -2.773484725332453493e-03
4.602664360000000343e+00 -2.773669551608959338e-03
4.552997399999999750e+00 -2.773866039756933688e-03
4.503330449999999985e+00 -2.774064685218347037e-03
4.453663490000000280e+00 -2.774256626559168382e-03
4.403996539999999627e+00 -2.774468472794167084e-03
4.354329579999999922e+00 -2.774674483371875056e-03
4.304662630000000156e+00 -2.774873202364469549e-03
4.254995669999999564e+00 -2.775072979867010403e-03
4.205328709999999859e+00 -2.775263749512646427e-03
4.155661760000000093e+00 -2.775418504072479919e-03
4.105994800000000389e+00 -2.775558545336620497e-03
4.056327849999999735e+00 -2.775650094044568306e-03
4.006660890000000030e+00 -2.775666797246056916e-03
3.956993939999999821e+00 -2.775612609206890014e-03
3.907326980000000116e+00 -2.775443441462632777e-03
3.857660029999999907e+00 -2.775147198618155286e-03
3.807993070000000202e+00 -2.774689964833543243e-03
3.758326119999999992e+00 -2.774016655278543908e-03
3.708659159999999844e+00 -2.773080004458527981e-03
3.658992210000000078e+00 -2.771842178700634207e-03
3.609325249999999929e+00 -2.770238983167416791e-03
3.559658300000000164e+00 -2.768197881888978529e-03
3.509991340000000015e+00 -2.765621467794243671e-03
3.460324389999999806e+00 -2.762438314119597393e-03
3.410657430000000101e+00 -2.758526358646706811e-03
3.360990469999999952e+00 -2.753758296648811665e-03
3.311323520000000187e+00 -2.748008450770500488e-03
3.261656560000000038e+00 -2.741104158716867190e-03
3.211989609999999828e+00 -2.732893781626222207e-03
3.162322650000000124e+00 -2.723146408134757834e-03
3.112655699999999914e+00 -2.711660395364523524e-03
3.062988740000000210e+00 -2.698189842454068454e-03
3.013321790000000000e+00 -2.682454811445911247e-03
2.963654829999999851e+00 -2.664183347703685811e-03
2.913987880000000086e+00 -2.642980897098468063e-03
2.864320919999999937e+00 -2.618523538885364488e-03
2.814653970000000172e+00 -2.590374593931743519e-03
2.764987010000000023e+00 -2.558154222202624339e-03
2.715320059999999813e+00 -2.521304395660450837e-03
2.665653100000000109e+00 -2.479356961977652318e-03
2.615986139999999960e+00 -2.431689129610559164e-03
2.566319190000000194e+00 -2.377761043098836069e-03
2.516652230000000046e+00 -2.316921634751611947e-03
2.466985279999999836e+00 -2.248505440712200709e-03
2.417318320000000131e+00 -2.171901069804915707e-03
2.367651369999999922e+00 -2.086154181184962653e-03
2.317984410000000217e+00 -1.990506620485943401e-03
2.268317460000000008e+00 -1.884305984394929467e-03
2.218650499999999859e+00 -1.766559903355613415e-03
2.168983550000000093e+00 -1.636530922457968273e-03
2.119316589999999945e+00 -1.493408048088840090e-03
2.069649640000000179e+00 -1.336227316744542648e-03
2.019982680000000030e+00 -1.164404685131126271e-03
1.970315730000000043e+00 -9.768392118967295090e-04
1.920648769999999894e+00 -7.732498745931515316e-04
1.870981809999999967e+00 -5.524794768698715330e-04
1.821314859999999980e+00 -3.144973722453148213e-04
1.771647900000000053e+00 -5.872349607671800698e-05
1.721980950000000066e+00 2.155419694838123235e-04
1.672313989999999917e+00 5.079567566701470582e-04
1.622647039999999929e+00 8.183379294424142358e-04
1.572980080000000003e+00 1.147160148065484719e-03
1.523313130000000015e+00 1.491926814256805400e-03
1.473646170000000089e+00 1.853319452991497585e-03
1.423979220000000101e+00 2.229841736943738439e-03
1.374312259999999952e+00 2.619907840228696827e-03
1.324645309999999965e+00 3.022079300821323145e-03
1.274978350000000038e+00 3.431744102985634370e-03
1.225311400000000051e+00 3.849368630245875167e-03
1.175644439999999902e+00 4.270868747289657819e-03
1.125977479999999975e+00 4.693130685947011216e-03
1.076310529999999988e+00 5.107902280660159278e-03
1.026643570000000061e+00 5.512391898955248948e-03
9.769766189999999906e-01 5.903465026933618631e-03
9.273096640000000335e-01 6.273217813516529517e-03
8.776427079999999936e-01 6.616727597777316561e-03
8.279757530000000365e-01 6.925783327636603204e-03
7.786002389999999718e-01 7.191926100029277791e-03
7.317317880000000496e-01 7.394574833365918920e-03
6.876846269999999928e-01 7.534154183894248291e-03
6.462889219999999879e-01 7.622565494625366256e-03
6.073850619999999756e-01 7.639075723897326142e-03
5.708230460000000006e-01 7.616003273387850214e-03
5.364619149999999559e-01 7.544976458112362394e-03
5.041691750000000249e-01 7.430362842257398626e-03
4.738203240000000149e-01 7.272686375488612853e-03
4.452983460000000115e-01 7.087628485774821741e-03
4.184932690000000011e-01 6.871166166094067052e-03
3.933017460000000076e-01 6.613176120557229254e-03
3.696266380000000074e-01 6.346433556929653719e-03
3.473766770000000226e-01 6.065261853652081925e-03
3.264660690000000254e-01 5.745818451061701637e-03
3.068141939999999845e-01 5.442011535994106808e-03
2.883452770000000109e-01 5.135586694643201611e-03
2.709881089999999770e-01 4.797974915921043859e-03
2.546757709999999952e-01 4.483811644323543177e-03
2.393453670000000033e-01 4.181226325283837753e-03
2.249377889999999991e-01 3.819329307980678934e-03
2.113974849999999961e-01 3.530204873385178743e-03
1.986678209999999944e-01 3.231272160660658699e-03
1.862510820000000122e-01 2.907576677718237690e-03
1.738343440000000018e-01 2.581950321150827676e-03
1.614176049999999918e-01 2.256088160340397053e-03
1.490008660000000096e-01 1.941641513046876710e-03
1.365841269999999996e-01 1.621470457702445245e-03
1.241673880000000035e-01 1.230474382842849934e-03
1.117506489999999936e-01 9.173507258621871330e-04
9.933391060000000550e-02 6.024507958009017727e-04
8.691717179999999821e-02 3.138559147635167079e-04
7.450043300000000479e-02 -8.924539370269712890e-05
6.208369419999999750e-02 -2.987493282142761331e-04
4.966695530000000275e-02 -4.763730580099601042e-04
3.725021650000000240e-02 -7.057697795145312369e-04
2.483347769999999857e-02 -7.738246318440555882e-04
1.241673880000000035e-02 -6.923609827285126528e-04
0.000000000000000000e+00 0.000000000000000000e+00
