# curve 5 (die wall), step =      100, time =   4.00000000E+01
# N1 = tau_xx - tau_yy = G ( c_xx - c_yy ),  G =  3.3333E-02  (polymer part only)
#              x               y        pressure            c_xy        gammadot            c_xx            c_yy              N1
 -3.00000000E+00  1.00000000E+00  2.56343814E+00 -9.36670400E-01  4.02306391E-01  2.83622187E+00  9.11545357E-01  6.41558836E-02
 -2.97524677E+00  1.00000000E+00  2.54396859E+00 -9.36615398E-01  4.02308464E-01  2.83612549E+00  9.11533398E-01  6.41530697E-02
 -2.95049355E+00  1.00000000E+00  2.52449904E+00 -9.36560397E-01  4.02309941E-01  2.83602912E+00  9.11521441E-01  6.41502558E-02
 -2.92574032E+00  1.00000000E+00  2.50502850E+00 -9.36609959E-01  4.02310107E-01  2.83613908E+00  9.11531589E-01  6.41535830E-02
 -2.90098710E+00  1.00000000E+00  2.48555797E+00 -9.36659523E-01  4.02308843E-01  2.83624905E+00  9.11541738E-01  6.41569103E-02
 -2.87623387E+00  1.00000000E+00  2.46608847E+00 -9.36779991E-01  4.02307551E-01  2.83654028E+00  9.11561982E-01  6.41659432E-02
 -2.85148064E+00  1.00000000E+00  2.44661898E+00 -9.36900470E-01  4.02305502E-01  2.83683154E+00  9.11582232E-01  6.41749770E-02
 -2.82672742E+00  1.00000000E+00  2.42714620E+00 -9.36759091E-01  4.02306212E-01  2.83652945E+00  9.11554316E-01  6.41658377E-02
 -2.80197419E+00  1.00000000E+00  2.40767342E+00 -9.36617726E-01  4.02307605E-01  2.83622739E+00  9.11526408E-01  6.41566993E-02
 -2.77722097E+00  1.00000000E+00  2.38820105E+00 -9.36625979E-01  4.02308501E-01  2.83617158E+00  9.11533033E-01  6.41546182E-02
 -2.75246774E+00  1.00000000E+00  2.36872868E+00 -9.36634232E-01  4.02309608E-01  2.83611577E+00  9.11539659E-01  6.41525371E-02
 -2.72771451E+00  1.00000000E+00  2.34926028E+00 -9.36630856E-01  4.02309849E-01  2.83615450E+00  9.11537649E-01  6.41538949E-02
 -2.70296129E+00  1.00000000E+00  2.32979189E+00 -9.36627479E-01  4.02308606E-01  2.83619322E+00  9.11535640E-01  6.41552528E-02
 -2.67820806E+00  1.00000000E+00  2.31032000E+00 -9.36639718E-01  4.02307760E-01  2.83617709E+00  9.11539173E-01  6.41545974E-02
 -2.65345484E+00  1.00000000E+00  2.29084811E+00 -9.36651956E-01  4.02308116E-01  2.83616097E+00  9.11542707E-01  6.41539420E-02
 -2.62870161E+00  1.00000000E+00  2.27137809E+00 -9.36642366E-01  4.02308693E-01  2.83613329E+00  9.11541772E-01  6.41530508E-02
 -2.60394839E+00  1.00000000E+00  2.25190808E+00 -9.36632777E-01  4.02309052E-01  2.83610562E+00  9.11540837E-01  6.41521595E-02
 -2.57919516E+00  1.00000000E+00  2.23243776E+00 -9.36619321E-01  4.02309224E-01  2.83611571E+00  9.11536494E-01  6.41526406E-02
 -2.55444193E+00  1.00000000E+00  2.21296745E+00 -9.36605866E-01  4.02308445E-01  2.83612580E+00  9.11532151E-01  6.41531217E-02
 -2.52968871E+00  1.00000000E+00  2.19349628E+00 -9.36696733E-01  4.02307109E-01  2.83633180E+00  9.11550013E-01  6.41593928E-02
 -2.50493548E+00  1.00000000E+00  2.17402511E+00 -9.36787606E-01  4.02304692E-01  2.83653781E+00  9.11567877E-01  6.41656644E-02
 -2.48018226E+00  1.00000000E+00  2.15455242E+00 -9.36681278E-01  4.02305479E-01  2.83630384E+00  9.11545663E-01  6.41586060E-02
 -2.45542903E+00  1.00000000E+00  2.13507973E+00 -9.36574958E-01  4.02307141E-01  2.83606990E+00  9.11523452E-01  6.41515481E-02
 -2.43067580E+00  1.00000000E+00  2.11560949E+00 -9.36573963E-01  4.02308235E-01  2.83603331E+00  9.11525547E-01  6.41502588E-02
 -2.40592258E+00  1.00000000E+00  2.09613925E+00 -9.36572968E-01  4.02309612E-01  2.83599673E+00  9.11527642E-01  6.41489695E-02
 -2.38116935E+00  1.00000000E+00  2.07666988E+00 -9.36564410E-01  4.02309601E-01  2.83600732E+00  9.11526198E-01  6.41493708E-02
 -2.35641613E+00  1.00000000E+00  2.05720051E+00 -9.36555852E-01  4.02307901E-01  2.83601792E+00  9.11524754E-01  6.41497721E-02
 -2.33166290E+00  1.00000000E+00  2.03772943E+00 -9.36592250E-01  4.02306471E-01  2.83608387E+00  9.11531551E-01  6.41517439E-02
 -2.30690967E+00  1.00000000E+00  2.01825836E+00 -9.36628649E-01  4.02305361E-01  2.83614982E+00  9.11538349E-01  6.41537158E-02
 -2.28215645E+00  1.00000000E+00  1.99878685E+00 -9.36634112E-01  4.02304993E-01  2.83613512E+00  9.11540322E-01  6.41531598E-02
 -2.25740322E+00  1.00000000E+00  1.97931534E+00 -9.36639575E-01  4.02304934E-01  2.83612041E+00  9.11542295E-01  6.41526039E-02
 -2.23265000E+00  1.00000000E+00  1.95984562E+00 -9.36699658E-01  4.02304002E-01  2.83629678E+00  9.11552816E-01  6.41581322E-02
 -2.20789677E+00  1.00000000E+00  1.94037589E+00 -9.36759743E-01  4.02301399E-01  2.83647316E+00  9.11563338E-01  6.41636609E-02
 -2.18314354E+00  1.00000000E+00  1.92090272E+00 -9.36660213E-01  4.02301075E-01  2.83622877E+00  9.11545783E-01  6.41560997E-02
 -2.15839032E+00  1.00000000E+00  1.90142954E+00 -9.36560690E-01  4.02301269E-01  2.83598441E+00  9.11528232E-01  6.41485392E-02
 -2.13363709E+00  1.00000000E+00  1.88196169E+00 -9.36563596E-01  4.02300733E-01  2.83597299E+00  9.11529808E-01  6.41481061E-02
 -2.10888387E+00  1.00000000E+00  1.86249384E+00 -9.36566501E-01  4.02300714E-01  2.83596157E+00  9.11531384E-01  6.41476730E-02
 -2.08413064E+00  1.00000000E+00  1.84302157E+00 -9.36560637E-01  4.02300502E-01  2.83593814E+00  9.11531630E-01  6.41468836E-02
 -2.05937741E+00  1.00000000E+00  1.82354929E+00 -9.36554774E-01  4.02299497E-01  2.83591470E+00  9.11531875E-01  6.41460943E-02
 -2.03462419E+00  1.00000000E+00  1.80408049E+00 -9.36557578E-01  4.02297409E-01  2.83594924E+00  9.11531427E-01  6.41472604E-02
 -2.00987096E+00  1.00000000E+00  1.78461169E+00 -9.36560383E-01  4.02294703E-01  2.83598377E+00  9.11530980E-01  6.41484265E-02
 -1.98511774E+00  1.00000000E+00  1.76514018E+00 -9.36571858E-01  4.02292557E-01  2.83596400E+00  9.11536696E-01  6.41475769E-02
 -1.96036451E+00  1.00000000E+00  1.74566867E+00 -9.36583332E-01  4.02290557E-01  2.83594423E+00  9.11542412E-01  6.41467273E-02
 -1.93561128E+00  1.00000000E+00  1.72620195E+00 -9.36634207E-01  4.02287465E-01  2.83609265E+00  9.11551621E-01  6.41513677E-02
 -1.91085806E+00  1.00000000E+00  1.70673523E+00 -9.36685085E-01  4.02283362E-01  2.83624108E+00  9.11560830E-01  6.41560082E-02
 -1.88610483E+00  1.00000000E+00  1.68726246E+00 -9.36671891E-01  4.02280395E-01  2.83617081E+00  9.11559092E-01  6.41537241E-02
 -1.86135161E+00  1.00000000E+00  1.66778968E+00 -9.36658697E-01  4.02277448E-01  2.83610055E+00  9.11557354E-01  6.41514399E-02
 -1.83659838E+00  1.00000000E+00  1.64832253E+00 -9.36596548E-01  4.02275709E-01  2.83596803E+00  9.11549246E-01  6.41472927E-02
 -1.81184516E+00  1.00000000E+00  1.62885537E+00 -9.36534401E-01  4.02273486E-01  2.83583551E+00  9.11541140E-01  6.41431457E-02
 -1.78709193E+00  1.00000000E+00  1.60939040E+00 -9.36650559E-01  4.02267004E-01  2.83612220E+00  9.11563653E-01  6.41519515E-02
 -1.76233870E+00  1.00000000E+00  1.58992544E+00 -9.36766728E-01  4.02258099E-01  2.83640892E+00  9.11586171E-01  6.41607582E-02
 -1.73758548E+00  1.00000000E+00  1.57045457E+00 -9.36722394E-01  4.02253934E-01  2.83626732E+00  9.11580359E-01  6.41562321E-02
 -1.71283225E+00  1.00000000E+00  1.55098371E+00 -9.36678061E-01  4.02249795E-01  2.83612573E+00  9.11574546E-01  6.41517063E-02
 -1.68807903E+00  1.00000000E+00  1.53151780E+00 -9.36668403E-01  4.02244382E-01  2.83603151E+00  9.11580789E-01  6.41483573E-02
 -1.66332580E+00  1.00000000E+00  1.51205188E+00 -9.36658745E-01  4.02238377E-01  2.83593729E+00  9.11587032E-01  6.41450085E-02
 -1.63857257E+00  1.00000000E+00  1.49259163E+00 -9.36621999E-01  4.02232159E-01  2.83590956E+00  9.11578510E-01  6.41443683E-02
 -1.61381935E+00  1.00000000E+00  1.47313138E+00 -9.36585254E-01  4.02224946E-01  2.83588183E+00  9.11569988E-01  6.41437282E-02
 -1.58906612E+00  1.00000000E+00  1.45366563E+00 -9.36551823E-01  4.02216549E-01  2.83570224E+00  9.11573195E-01  6.41376348E-02
 -1.56431290E+00  1.00000000E+00  1.43419988E+00 -9.36518392E-01  4.02208669E-01  2.83552266E+00  9.11576402E-01  6.41315418E-02
 -1.53955967E+00  1.00000000E+00  1.41474546E+00 -9.36461997E-01  4.02200295E-01  2.83539331E+00  9.11569921E-01  6.41274462E-02
 -1.51480644E+00  1.00000000E+00  1.39529103E+00 -9.36405604E-01  4.02191578E-01  2.83526396E+00  9.11563441E-01  6.41233507E-02
 -1.49005322E+00  1.00000000E+00  1.37583721E+00 -9.36411443E-01  4.02180456E-01  2.83525818E+00  9.11572265E-01  6.41228637E-02
 -1.46529999E+00  1.00000000E+00  1.35638338E+00 -9.36417282E-01  4.02167139E-01  2.83525239E+00  9.11581090E-01  6.41223767E-02
 -1.44054677E+00  1.00000000E+00  1.33693306E+00 -9.36530275E-01  4.02153136E-01  2.83549197E+00  9.11609161E-01  6.41294271E-02
 -1.41579354E+00  1.00000000E+00  1.31748273E+00 -9.36643278E-01  4.02135559E-01  2.83573158E+00  9.11637237E-01  6.41364781E-02
 -1.39104031E+00  1.00000000E+00  1.29803746E+00 -9.36468716E-01  4.02122399E-01  2.83531078E+00  9.11609576E-01  6.41233734E-02
 -1.36628709E+00  1.00000000E+00  1.27859218E+00 -9.36294178E-01  4.02111344E-01  2.83489004E+00  9.11581928E-01  6.41102706E-02
 -1.34153386E+00  1.00000000E+00  1.25915633E+00 -9.36290287E-01  4.02097310E-01  2.83476366E+00  9.11594630E-01  6.41056345E-02
 -1.31678064E+00  1.00000000E+00  1.23972047E+00 -9.36286397E-01  4.02082132E-01  2.83463729E+00  9.11607332E-01  6.41009986E-02
 -1.29202741E+00  1.00000000E+00  1.22029655E+00 -9.36297870E-01  4.02065621E-01  2.83464575E+00  9.11617459E-01  6.41009430E-02
 -1.26727418E+00  1.00000000E+00  1.20087263E+00 -9.36309343E-01  4.02047723E-01  2.83465421E+00  9.11627585E-01  6.41008875E-02
 -1.24252096E+00  1.00000000E+00  1.18145995E+00 -9.36357334E-01  4.02031832E-01  2.83468487E+00  9.11650070E-01  6.41011600E-02
 -1.21776773E+00  1.00000000E+00  1.16204727E+00 -9.36405327E-01  4.02010494E-01  2.83471553E+00  9.11672556E-01  6.41014325E-02
 -1.19301451E+00  1.00000000E+00  1.14264278E+00 -9.36252198E-01  4.01993776E-01  2.83435902E+00  9.11648745E-01  6.40903426E-02
 -1.16826128E+00  1.00000000E+00  1.12323828E+00 -9.36099087E-01  4.01981756E-01  2.83400256E+00  9.11624942E-01  6.40792540E-02
 -1.14350806E+00  1.00000000E+00  1.10385910E+00 -9.36146134E-01  4.01966924E-01  2.83401630E+00  9.11646980E-01  6.40789775E-02
 -1.11875483E+00  1.00000000E+00  1.08447991E+00 -9.36193181E-01  4.01951113E-01  2.83403005E+00  9.11669019E-01  6.40787010E-02
 -1.09400160E+00  1.00000000E+00  1.06512086E+00 -9.36161361E-01  4.01943178E-01  2.83391688E+00  9.11665740E-01  6.40750379E-02
 -1.06924838E+00  1.00000000E+00  1.04576180E+00 -9.36129542E-01  4.01935812E-01  2.83380371E+00  9.11662461E-01  6.40713748E-02
 -1.04449515E+00  1.00000000E+00  1.02642989E+00 -9.36089931E-01  4.01929259E-01  2.83370170E+00  9.11660533E-01  6.40680391E-02
 -1.01974193E+00  1.00000000E+00  1.00709798E+00 -9.36050321E-01  4.01922950E-01  2.83359971E+00  9.11658606E-01  6.40647034E-02
 -9.94988700E-01  1.00000000E+00  9.87800154E-01 -9.36084266E-01  4.01928787E-01  2.83370241E+00  9.11664830E-01  6.40679193E-02
 -9.70235474E-01  1.00000000E+00  9.68502327E-01 -9.36118213E-01  4.01939920E-01  2.83380511E+00  9.11671054E-01  6.40711353E-02
 -9.45482248E-01  1.00000000E+00  9.49240599E-01 -9.36131987E-01  4.01963713E-01  2.83392887E+00  9.11647501E-01  6.40760457E-02
 -9.20729022E-01  1.00000000E+00  9.29978872E-01 -9.36145761E-01  4.01992974E-01  2.83405264E+00  9.11623949E-01  6.40809563E-02
 -8.95975796E-01  1.00000000E+00  9.10770955E-01 -9.36161032E-01  4.02036131E-01  2.83424156E+00  9.11605870E-01  6.40878562E-02
 -8.71222570E-01  1.00000000E+00  8.91563039E-01 -9.36176304E-01  4.02085689E-01  2.83443049E+00  9.11587791E-01  6.40947565E-02
 -8.46469344E-01  1.00000000E+00  8.72408007E-01 -9.36397958E-01  4.02171182E-01  2.83518109E+00  9.11590109E-01  6.41196993E-02
 -8.21716118E-01  1.00000000E+00  8.53252976E-01 -9.36619663E-01  4.02258282E-01  2.83593189E+00  9.11592445E-01  6.41446480E-02
 -7.97201467E-01  1.00000000E+00  8.34362165E-01 -9.36841393E-01  4.02396757E-01  2.83683157E+00  9.11555215E-01  6.41758786E-02
 -7.72686817E-01  1.00000000E+00  8.15471354E-01 -9.37063183E-01  4.02540081E-01  2.83773154E+00  9.11518009E-01  6.42071178E-02
 -7.49503432E-01  1.00000000E+00  7.97679962E-01 -9.37291258E-01  4.02722444E-01  2.83896468E+00  9.11418032E-01  6.42515550E-02
 -7.26320047E-01  1.00000000E+00  7.79888570E-01 -9.37519416E-01  4.02927191E-01  2.84019836E+00  9.11318094E-01  6.42960089E-02
 -7.04527831E-01  1.00000000E+00  7.63245255E-01 -9.38015904E-01  4.03173615E-01  2.84193647E+00  9.11322347E-01  6.43538042E-02
 -6.82735615E-01  1.00000000E+00  7.46601941E-01 -9.38512652E-01  4.03439846E-01  2.84367564E+00  9.11326691E-01  6.44116318E-02
 -6.62251087E-01  1.00000000E+00  7.31048631E-01 -9.38895091E-01  4.03770874E-01  2.84581755E+00  9.11133821E-01  6.44894576E-02
 -6.41766559E-01  1.00000000E+00  7.15495321E-01 -9.39277771E-01  4.04132152E-01  2.84796109E+00  9.10941076E-01  6.45673338E-02
 -6.22511254E-01  1.00000000E+00  7.00953999E-01 -9.39846106E-01  4.04528055E-01  2.85061403E+00  9.10797216E-01  6.46605603E-02
 -6.03255949E-01  1.00000000E+00  6.86412677E-01 -9.40414881E-01  4.04960666E-01  2.85326944E+00  9.10653527E-01  6.47538637E-02
 -5.85156097E-01  1.00000000E+00  6.72836318E-01 -9.41269772E-01  4.05455463E-01  2.85663491E+00  9.10573606E-01  6.48687100E-02
 -5.67056245E-01  1.00000000E+00  6.59259959E-01 -9.42125510E-01  4.05982890E-01  2.86000433E+00  9.10493993E-01  6.49836778E-02
 -5.50042515E-01  1.00000000E+00  6.46584867E-01 -9.42967252E-01  4.06600166E-01  2.86410049E+00  9.10227404E-01  6.51291030E-02
 -5.33028786E-01  1.00000000E+00  6.33909775E-01 -9.43809994E-01  4.07243465E-01  2.86820255E+00  9.09961246E-01  6.52747102E-02
 -5.17036006E-01  1.00000000E+00  6.22106253E-01 -9.45004595E-01  4.07956435E-01  2.87322408E+00  9.09786726E-01  6.54479119E-02
 -5.01043227E-01  1.00000000E+00  6.10302730E-01 -9.46200942E-01  4.08718206E-01  2.87825438E+00  9.09612847E-01  6.56213845E-02
 -4.86010125E-01  1.00000000E+00  5.99296009E-01 -9.47493065E-01  4.09545827E-01  2.88386915E+00  9.09369689E-01  6.58166488E-02
 -4.70977023E-01  1.00000000E+00  5.88289287E-01 -9.48787288E-01  4.10443289E-01  2.88949486E+00  9.09127342E-01  6.60122507E-02
 -4.56846016E-01  1.00000000E+00  5.78021534E-01 -9.50233180E-01  4.11396546E-01  2.89605145E+00  9.08823489E-01  6.62409319E-02
 -4.42715008E-01  1.00000000E+00  5.67753782E-01 -9.51681796E-01  4.12421246E-01  2.90262292E+00  9.08520663E-01  6.64700751E-02
 -4.29431964E-01  1.00000000E+00  5.58243337E-01 -9.53443267E-01  4.13553095E-01  2.91027671E+00  9.08181262E-01  6.67365149E-02
 -4.16148920E-01  1.00000000E+00  5.48732893E-01 -9.55208614E-01  4.14755425E-01  2.91795065E+00  9.07843387E-01  6.70035753E-02
 -4.03662954E-01  1.00000000E+00  5.39876301E-01 -9.57010680E-01  4.15956545E-01  2.92626317E+00  9.07454060E-01  6.72936371E-02
 -3.91176988E-01  1.00000000E+00  5.31019708E-01 -9.58817005E-01  4.17275628E-01  2.93459942E+00  9.07066323E-01  6.75844364E-02
 -3.79440270E-01  1.00000000E+00  5.22745070E-01 -9.61039096E-01  4.18698286E-01  2.94423702E+00  9.06693461E-01  6.79181185E-02
 -3.67703552E-01  1.00000000E+00  5.14470431E-01 -9.63267277E-01  4.20194840E-01  2.95390622E+00  9.06322869E-01  6.82527782E-02
 -3.56671122E-01  1.00000000E+00  5.06884161E-01 -9.65566556E-01  4.21779098E-01  2.96445763E+00  9.05812791E-01  6.86214947E-02
 -3.45638692E-01  1.00000000E+00  4.99297892E-01 -9.67872669E-01  4.23429095E-01  2.97504677E+00  9.05305364E-01  6.89913803E-02
 -3.35268287E-01  1.00000000E+00  4.92206106E-01 -9.70504184E-01  4.25105323E-01  2.98673983E+00  9.04863279E-01  6.93958850E-02
 -3.24897882E-01  1.00000000E+00  4.85114321E-01 -9.73144318E-01  4.26923010E-01  2.99847882E+00  9.04424292E-01  6.98018178E-02
 -3.15149775E-01  1.00000000E+00  4.78619782E-01 -9.76034777E-01  4.28852851E-01  3.01128710E+00  9.03926032E-01  7.02453689E-02
 -3.05401669E-01  1.00000000E+00  4.72125244E-01 -9.78935542E-01  4.30837774E-01  3.02415004E+00  9.03431569E-01  7.06906157E-02
 -2.96238520E-01  1.00000000E+00  4.66038936E-01 -9.81799167E-01  4.32855017E-01  3.03851507E+00  9.02636423E-01  7.11959549E-02
 -2.87075371E-01  1.00000000E+00  4.59952629E-01 -9.84674059E-01  4.35107347E-01  3.05294877E+00  9.01845635E-01  7.17034377E-02
 -2.78462077E-01  1.00000000E+00  4.54402260E-01 -9.87980157E-01  4.37409597E-01  3.06817740E+00  9.01165423E-01  7.22337327E-02
 -2.69848783E-01  1.00000000E+00  4.48851892E-01 -9.91300016E-01  4.39827466E-01  3.08348206E+00  9.00490441E-01  7.27663874E-02
 -2.61752348E-01  1.00000000E+00  4.43763555E-01 -9.95036212E-01  4.42269478E-01  3.10034720E+00  8.99910646E-01  7.33478853E-02
 -2.53655913E-01  1.00000000E+00  4.38675219E-01 -9.98789462E-01  4.44841221E-01  3.11730461E+00  8.99336760E-01  7.39322616E-02
 -2.46045323E-01  1.00000000E+00  4.34005705E-01 -1.00227663E+00  4.47526236E-01  3.13487939E+00  8.98407171E-01  7.45490739E-02
 -2.38434732E-01  1.00000000E+00  4.29336191E-01 -1.00578011E+00  4.50292957E-01  3.15255386E+00  8.97483838E-01  7.51690008E-02
 -2.31280830E-01  1.00000000E+00  4.25058004E-01 -1.00972403E+00  4.53154048E-01  3.17170993E+00  8.96648169E-01  7.58353921E-02
 -2.24126928E-01  1.00000000E+00  4.20779818E-01 -1.01368786E+00  4.56119837E-01  3.19098286E+00  8.95819625E-01  7.65054411E-02
 -2.17402314E-01  1.00000000E+00  4.16856294E-01 -1.01831557E+00  4.59191908E-01  3.21219474E+00  8.95119899E-01  7.72358280E-02
 -2.10677699E-01  1.00000000E+00  4.12932771E-01 -1.02296900E+00  4.62360302E-01  3.23354771E+00  8.94428973E-01  7.79706246E-02
 -2.04351753E-01  1.00000000E+00  4.09413449E-01 -1.02727937E+00  4.65692998E-01  3.25569070E+00  8.93341441E-01  7.87449754E-02
 -1.98025807E-01  1.00000000E+00  4.05894127E-01 -1.03161425E+00  4.69097162E-01  3.27798641E+00  8.92262906E-01  7.95241168E-02
 -1.91837501E-01  1.00000000E+00  4.02593766E-01 -1.03686809E+00  4.72804923E-01  3.30289726E+00  8.91404548E-01  8.03830903E-02
 -1.85649194E-01  1.00000000E+00  3.99293404E-01 -1.04215526E+00  4.76611171E-01  3.32799782E+00  8.90557476E-01  8.12480115E-02
 -1.79460888E-01  1.00000000E+00  3.96184013E-01 -1.04689126E+00  4.80827945E-01  3.35571013E+00  8.88849476E-01  8.22286885E-02
 -1.73272582E-01  1.00000000E+00  3.93074622E-01 -1.05165987E+00  4.85181985E-01  3.38365695E+00  8.87154400E-01  8.32167517E-02
 -1.67084275E-01  1.00000000E+00  3.90098891E-01 -1.05864548E+00  4.89970328E-01  3.41677510E+00  8.86197748E-01  8.43525783E-02
 -1.60895969E-01  1.00000000E+00  3.87123160E-01 -1.06568829E+00  4.94940869E-01  3.45021801E+00  8.85259520E-01  8.54986164E-02
 -1.54707662E-01  1.00000000E+00  3.84394421E-01 -1.07211585E+00  5.00577642E-01  3.48712759E+00  8.83281838E-01  8.67948582E-02
 -1.48519356E-01  1.00000000E+00  3.81665681E-01 -1.07860021E+00  5.06398107E-01  3.52443765E+00  8.81325071E-01  8.81037526E-02
 -1.42331049E-01  1.00000000E+00  3.79406114E-01 -1.08733293E+00  5.12987221E-01  3.56887833E+00  8.79726884E-01  8.96383816E-02
 -1.36142743E-01  1.00000000E+00  3.77146546E-01 -1.09615751E+00  5.19962449E-01  3.61388235E+00  8.78159190E-01  9.11907721E-02
 -1.29954436E-01  1.00000000E+00  3.75236497E-01 -1.10501194E+00  5.27456393E-01  3.66471871E+00  8.75899447E-01  9.29606421E-02
 -1.23766130E-01  1.00000000E+00  3.73326447E-01 -1.11396875E+00  5.35501861E-01  3.71628008E+00  8.73673494E-01  9.47535528E-02
 -1.17577823E-01  1.00000000E+00  3.71635979E-01 -1.12521590E+00  5.44761250E-01  3.77934089E+00  8.71176987E-01  9.69387968E-02
 -1.11389517E-01  1.00000000E+00  3.69945511E-01 -1.13662075E+00  5.54505986E-01  3.84348382E+00  8.68731290E-01  9.91584178E-02
 -1.05201210E-01  1.00000000E+00  3.69221797E-01 -1.14937620E+00  5.65892110E-01  3.91902457E+00  8.65497762E-01  1.01784227E-01
 -9.90129037E-02  1.00000000E+00  3.68498084E-01 -1.16233831E+00  5.77858230E-01  3.99607156E+00  8.62332316E-01  1.04457975E-01
 -9.28245972E-02  1.00000000E+00  3.68799864E-01 -1.17488029E+00  5.91884780E-01  4.08518416E+00  8.57380696E-01  1.07593449E-01
 -8.66362908E-02  1.00000000E+00  3.69101643E-01 -1.18764944E+00  6.06657612E-01  4.17634050E+00  8.52512967E-01  1.10794251E-01
 -8.04479843E-02  1.00000000E+00  3.70304760E-01 -1.20868011E+00  6.24687905E-01  4.29826483E+00  8.48890306E-01  1.14979151E-01
 -7.42596778E-02  1.00000000E+00  3.71507876E-01 -1.23021826E+00  6.44123250E-01  4.42378735E+00  8.45413600E-01  1.19279125E-01
 -6.80713713E-02  1.00000000E+00  3.75162097E-01 -1.24505280E+00  6.67412458E-01  4.56907935E+00  8.35815252E-01  1.24442137E-01
 -6.18830648E-02  1.00000000E+00  3.78816318E-01 -1.26026940E+00  6.93471556E-01  4.71939578E+00  8.26395484E-01  1.29766676E-01
 -5.56947583E-02  1.00000000E+00  3.83994487E-01 -1.29858532E+00  7.25757310E-01  4.94107268E+00  8.22160275E-01  1.37297080E-01
 -4.95064519E-02  1.00000000E+00  3.89172656E-01 -1.33840821E+00  7.63315426E-01  5.17323479E+00  8.18322007E-01  1.45163759E-01
 -4.33181454E-02  1.00000000E+00  4.19133996E-01 -1.37732870E+00  8.10744519E-01  5.54030621E+00  8.00896599E-01  1.57980320E-01
 -3.71298389E-02  1.00000000E+00  4.49095335E-01 -1.41836363E+00  8.69838317E-01  5.93455715E+00  7.84223705E-01  1.71677782E-01
 -3.09415324E-02  1.00000000E+00  3.96754123E-01 -1.37005202E+00  9.59687577E-01  5.99218882E+00  7.59338730E-01  1.74428336E-01
 -2.47532259E-02  1.00000000E+00  3.44412910E-01 -1.32150136E+00  1.03904521E+00  6.05270312E+00  7.35303990E-01  1.77246638E-01
 -1.85649194E-02  1.00000000E+00  8.37251889E-01 -1.83763882E+00  1.18467796E+00  8.35662292E+00  7.83817019E-01  2.52426863E-01
 -1.23766130E-02  1.00000000E+00  1.33009087E+00 -2.54041056E+00  1.56734319E+00  1.15389542E+01  8.81976508E-01  3.55232591E-01
 -6.18830648E-03  1.00000000E+00 -2.94150982E-01  6.39589607E-01  2.48380508E+00  1.09279324E+01  3.88936346E-01  3.51299869E-01
  0.00000000E+00  1.00000000E+00 -1.91839283E+00  4.68337549E+00  4.50012503E+00  1.53653273E+01  1.68539998E+00  4.55997577E-01
