# curve 5 (die wall), step =      600, time =   1.20000000E+02
# N1 = tau_xx - tau_yy = G ( c_xx - c_yy ),  G =  1.0556E-01  (polymer part only)
#              x               y        pressure            c_xy        gammadot            c_xx            c_yy              N1
 -3.00000000E+00  1.00000000E+00  3.34807726E+00 -3.60208381E+00  3.99719780E-01  2.69851413E+01  9.99224275E-01  2.74295791E+00
 -2.95108291E+00  1.00000000E+00  3.31849743E+00 -3.62819798E+00  4.02617665E-01  2.71399058E+01  1.00254442E+00  2.75894370E+00
 -2.90216582E+00  1.00000000E+00  3.28891760E+00 -3.65447369E+00  4.02897231E-01  2.72955684E+01  1.00589524E+00  2.77502106E+00
 -2.85324873E+00  1.00000000E+00  3.24833909E+00 -3.63468662E+00  4.02258066E-01  2.72765312E+01  1.00182725E+00  2.77344098E+00
 -2.80433164E+00  1.00000000E+00  3.20776057E+00 -3.61491586E+00  4.01835869E-01  2.72575772E+01  9.97784103E-01  2.77186705E+00
 -2.75541455E+00  1.00000000E+00  3.16748748E+00 -3.60765693E+00  4.02455746E-01  2.72296602E+01  9.96536435E-01  2.76905196E+00
 -2.70649746E+00  1.00000000E+00  3.12721439E+00 -3.60040718E+00  4.02832354E-01  2.72017751E+01  9.95291574E-01  2.76623993E+00
 -2.65758037E+00  1.00000000E+00  3.08910201E+00 -3.61450338E+00  4.02843559E-01  2.71989220E+01  9.98974519E-01  2.76555001E+00
 -2.60866328E+00  1.00000000E+00  3.05098964E+00 -3.62860253E+00  4.02268497E-01  2.71961159E+01  1.00267195E+00  2.76486353E+00
 -2.55974619E+00  1.00000000E+00  3.01213138E+00 -3.62825954E+00  4.01726685E-01  2.71964747E+01  1.00265616E+00  2.76490307E+00
 -2.51082911E+00  1.00000000E+00  2.97327311E+00 -3.62791651E+00  4.01781140E-01  2.71968335E+01  1.00264038E+00  2.76494261E+00
 -2.46191202E+00  1.00000000E+00  2.93304585E+00 -3.62495269E+00  4.01341853E-01  2.71749335E+01  1.00227305E+00  2.76266972E+00
 -2.41299493E+00  1.00000000E+00  2.89281859E+00 -3.62199124E+00  4.00786220E-01  2.71530512E+01  1.00190604E+00  2.76039866E+00
 -2.36407784E+00  1.00000000E+00  2.85407348E+00 -3.61675785E+00  3.99928187E-01  2.71202380E+01  1.00127921E+00  2.75700121E+00
 -2.31516075E+00  1.00000000E+00  2.81532836E+00 -3.61153115E+00  3.99663303E-01  2.70874648E+01  1.00065356E+00  2.75360785E+00
 -2.26624366E+00  1.00000000E+00  2.77488730E+00 -3.60946149E+00  3.99844011E-01  2.70824232E+01  1.00015864E+00  2.75312792E+00
 -2.21732657E+00  1.00000000E+00  2.73444625E+00 -3.60739247E+00  4.00005069E-01  2.70773830E+01  9.99663990E-01  2.75264812E+00
 -2.16840948E+00  1.00000000E+00  2.69495695E+00 -3.61254737E+00  3.99918930E-01  2.70552204E+01  1.00134522E+00  2.75013127E+00
 -2.11949239E+00  1.00000000E+00  2.65546765E+00 -3.61769586E+00  3.99491622E-01  2.70330901E+01  1.00302876E+00  2.74761759E+00
 -2.07057530E+00  1.00000000E+00  2.61638403E+00 -3.61208050E+00  3.98732701E-01  2.70059644E+01  1.00242875E+00  2.74481766E+00
 -2.02165821E+00  1.00000000E+00  2.57730041E+00 -3.60647115E+00  3.98164760E-01  2.69788672E+01  1.00183044E+00  2.74202055E+00
 -1.97274112E+00  1.00000000E+00  2.53542531E+00 -3.60466064E+00  3.97852666E-01  2.69056288E+01  1.00265389E+00  2.73420291E+00
 -1.92382403E+00  1.00000000E+00  2.49355020E+00 -3.60284491E+00  3.97105249E-01  2.68326015E+01  1.00347665E+00  2.72640763E+00
 -1.87490694E+00  1.00000000E+00  2.45612742E+00 -3.60333770E+00  3.95312215E-01  2.67155734E+01  1.00609703E+00  2.71377806E+00
 -1.82598985E+00  1.00000000E+00  2.41870463E+00 -3.60380232E+00  3.93777083E-01  2.65991070E+01  1.00871856E+00  2.70120766E+00
 -1.77707276E+00  1.00000000E+00  2.37876441E+00 -3.59566789E+00  3.92099988E-01  2.65121510E+01  1.00856135E+00  2.69204557E+00
 -1.72815567E+00  1.00000000E+00  2.33882419E+00 -3.58755475E+00  3.91204520E-01  2.64254808E+01  1.00840602E+00  2.68291345E+00
 -1.67923858E+00  1.00000000E+00  2.30043012E+00 -3.56687777E+00  3.88498653E-01  2.62558071E+01  1.00614194E+00  2.66524244E+00
 -1.63032150E+00  1.00000000E+00  2.26203605E+00 -3.54632415E+00  3.87021004E-01  2.60872227E+01  1.00389181E+00  2.64768493E+00
 -1.58140441E+00  1.00000000E+00  2.22081066E+00 -3.52885850E+00  3.86452529E-01  2.59072027E+01  1.00291779E+00  2.62878563E+00
 -1.53248732E+00  1.00000000E+00  2.17958528E+00 -3.51148910E+00  3.85315768E-01  2.57284311E+01  1.00195089E+00  2.61001736E+00
 -1.48357023E+00  1.00000000E+00  2.13636163E+00 -3.48579387E+00  3.83311325E-01  2.55059288E+01  9.98508722E-01  2.58689435E+00
 -1.43465314E+00  1.00000000E+00  2.09313798E+00 -3.46029511E+00  3.83758009E-01  2.52853526E+01  9.95086596E-01  2.56397252E+00
 -1.38573605E+00  1.00000000E+00  2.05643560E+00 -3.45647698E+00  3.81033380E-01  2.49747864E+01  1.00057200E+00  2.53061152E+00
 -1.33681896E+00  1.00000000E+00  2.01973321E+00 -3.45251450E+00  3.78107211E-01  2.46683351E+01  1.00605369E+00  2.49768526E+00
 -1.28790187E+00  1.00000000E+00  1.98237901E+00 -3.42981142E+00  3.75630890E-01  2.43710107E+01  1.00601481E+00  2.46630512E+00
 -1.23898478E+00  1.00000000E+00  1.94502481E+00 -3.40727272E+00  3.73136848E-01  2.40773313E+01  1.00597863E+00  2.43530945E+00
 -1.19006769E+00  1.00000000E+00  1.90756384E+00 -3.36209427E+00  3.68718121E-01  2.37566012E+01  1.00055162E+00  2.40202746E+00
 -1.14115060E+00  1.00000000E+00  1.87010286E+00 -3.31750744E+00  3.65044032E-01  2.34401437E+01  9.95208167E-01  2.36918764E+00
 -1.09223351E+00  1.00000000E+00  1.82581414E+00 -3.29928669E+00  3.64519773E-01  2.30801813E+01  9.97062008E-01  2.33099592E+00
 -1.04331642E+00  1.00000000E+00  1.78152542E+00 -3.28110032E+00  3.63084728E-01  2.27259622E+01  9.98896903E-01  2.29341245E+00
 -9.94399333E-01  1.00000000E+00  1.75146205E+00 -3.27703002E+00  3.58287369E-01  2.22930670E+01  1.00752090E+00  2.24680764E+00
 -9.45482243E-01  1.00000000E+00  1.72139868E+00 -3.27259223E+00  3.53779056E-01  2.18691566E+01  1.01613494E+00  2.20115229E+00
 -8.96565154E-01  1.00000000E+00  1.68478909E+00 -3.21698894E+00  3.47896210E-01  2.14646183E+01  1.00995762E+00  2.15910308E+00
 -8.47648064E-01  1.00000000E+00  1.64817950E+00 -3.16235460E+00  3.44888194E-01  2.10675596E+01  1.00390887E+00  2.11782980E+00
 -7.99501858E-01  1.00000000E+00  1.61742474E+00 -3.13647209E+00  3.39070778E-01  2.05827609E+01  1.00765743E+00  2.06626093E+00
 -7.51355652E-01  1.00000000E+00  1.58666998E+00 -3.11070563E+00  3.34933320E-01  2.01095818E+01  1.01137589E+00  2.01592173E+00
 -7.08111109E-01  1.00000000E+00  1.55562060E+00 -3.05208432E+00  3.31675257E-01  1.95913249E+01  1.00542038E+00  1.96184548E+00
 -6.64866566E-01  1.00000000E+00  1.52457122E+00 -2.99467150E+00  3.29047532E-01  1.90864932E+01  9.99561745E-01  1.90917610E+00
 -6.26599939E-01  1.00000000E+00  1.49821949E+00 -2.96499075E+00  3.27294936E-01  1.87150218E+01  9.99615209E-01  1.86995959E+00
 -5.88333313E-01  1.00000000E+00  1.47186776E+00 -2.93562465E+00  3.24342938E-01  1.83509494E+01  9.99666099E-01  1.83152435E+00
 -5.54471587E-01  1.00000000E+00  1.45306998E+00 -2.91802684E+00  3.21903690E-01  1.80398040E+01  1.00262832E+00  1.79836854E+00
 -5.20609860E-01  1.00000000E+00  1.43427221E+00 -2.90049925E+00  3.18386592E-01  1.77341692E+01  1.00557846E+00  1.76579568E+00
 -4.90645977E-01  1.00000000E+00  1.41819570E+00 -2.88890031E+00  3.12912254E-01  1.73543129E+01  1.01267563E+00  1.72495060E+00
 -4.60682095E-01  1.00000000E+00  1.40211920E+00 -2.87713032E+00  3.07913305E-01  1.69832180E+01  1.01975168E+00  1.68503256E+00
 -4.34167380E-01  1.00000000E+00  1.39004358E+00 -2.84272958E+00  3.04022302E-01  1.65858612E+01  1.02189224E+00  1.64286339E+00
 -4.07652666E-01  1.00000000E+00  1.37796797E+00 -2.80883451E+00  2.96826276E-01  1.61980243E+01  1.02406167E+00  1.60169606E+00
 -3.84190072E-01  1.00000000E+00  1.35564668E+00 -2.69726975E+00  2.84217682E-01  1.53573519E+01  1.01333043E+00  1.51409116E+00
 -3.60727478E-01  1.00000000E+00  1.33332540E+00 -2.59059424E+00  2.76484232E-01  1.45604514E+01  1.00313027E+00  1.43105056E+00
 -3.39965684E-01  1.00000000E+00  1.32294626E+00 -2.55865965E+00  2.70418771E-01  1.37061713E+01  1.02440064E+00  1.33863135E+00
 -3.19203889E-01  1.00000000E+00  1.31256713E+00 -2.52633517E+00  2.58208433E-01  1.29058487E+01  1.04569854E+00  1.25190474E+00
 -3.00831998E-01  1.00000000E+00  1.31249054E+00 -2.38780250E+00  2.34352683E-01  1.14325570E+01  1.06027576E+00  1.09485190E+00
 -2.82460107E-01  1.00000000E+00  1.31241396E+00 -2.25898283E+00  2.14550607E-01  1.01329114E+01  1.07544835E+00  9.56065546E-01
 -2.66203017E-01  1.00000000E+00  1.31257477E+00 -2.07251552E+00  1.93435974E-01  8.73579083E+00  1.07786001E+00  8.08337142E-01
 -2.49945927E-01  1.00000000E+00  1.31273558E+00 -1.90540615E+00  1.70478349E-01  7.53479778E+00  1.08241511E+00  6.81084837E-01
 -2.35560203E-01  1.00000000E+00  1.30955325E+00 -1.51476066E+00  1.47758028E-01  5.49688580E+00  1.04139380E+00  4.70301933E-01
 -2.21174479E-01  1.00000000E+00  1.30637091E+00 -1.21373895E+00  1.24938188E-01  4.01193656E+00  1.01519670E+00  3.16322541E-01
 -2.08421419E-01  1.00000000E+00  1.37453510E+00 -9.79623848E-01  9.60722060E-02  2.60307304E+00  1.11153027E+00  1.57440625E-01
 -1.95668358E-01  1.00000000E+00  1.44269930E+00 -8.13626045E-01  6.64726559E-02  1.69830104E+00  1.23672360E+00  4.87220627E-02
 -1.83439085E-01  1.00000000E+00  1.60202484E+00 -2.52107178E-01  1.73998761E-02  8.65556333E-01  1.23721310E+00 -3.92304367E-02
 -1.71209813E-01  1.00000000E+00  1.76135037E+00  1.21557517E-01  5.08597535E-02  4.94458398E-01  1.45661685E+00 -1.01561170E-01
 -1.58980541E-01  1.00000000E+00  1.93220442E+00  5.40439917E-01  8.09984323E-02  9.01680540E-01  1.34904383E+00 -4.72216807E-02
 -1.46751268E-01  1.00000000E+00  2.10305847E+00  1.17466755E+00  1.12951650E-01  1.74579582E+00  1.48410915E+00  2.76224821E-02
 -1.34521996E-01  1.00000000E+00  2.27096500E+00  1.17394693E+00  1.19337064E-01  2.15018984E+00  1.27657029E+00  9.22153963E-02
 -1.22292724E-01  1.00000000E+00  2.43887154E+00  1.18792853E+00  1.09246073E-01  2.68561136E+00  1.09974740E+00  1.67396751E-01
 -1.10063451E-01  1.00000000E+00  2.60768118E+00  1.31998309E+00  1.01225622E-01  3.00521272E+00  1.19443470E+00  1.91137680E-01
 -9.78341789E-02  1.00000000E+00  2.77649082E+00  1.46678650E+00  1.16392655E-01  3.36281914E+00  1.29764647E+00  2.17990449E-01
 -8.56049065E-02  1.00000000E+00  2.99762033E+00  1.97119565E+00  1.41869579E-01  3.53459540E+00  1.68238795E+00  1.95510787E-01
 -7.33756342E-02  1.00000000E+00  3.21874985E+00  2.55268881E+00  1.73001000E-01  3.84943330E+00  2.19153872E+00  1.74999984E-01
 -6.11463618E-02  1.00000000E+00  3.25295630E+00  9.60191678E-01  2.63576719E-01  2.42539722E+00  1.08373472E+00  1.41619931E-01
 -4.89170895E-02  1.00000000E+00  3.28716276E+00 -3.05500083E-02  3.05673170E-01  2.00389541E+00  7.57393869E-01  1.31575162E-01
 -3.66878171E-02  1.00000000E+00  4.50700876E+00  1.97085622E+00  5.09695812E-01  5.29243711E+00  1.29116234E+00  4.22356782E-01
 -2.44585447E-02  1.00000000E+00  5.72685476E+00  8.91961247E+00  1.20352155E+00  1.78367194E+01  4.78190281E+00  1.37800842E+00
 -1.22292724E-02  1.00000000E+00  3.08040177E+00  5.09028474E+00  3.36131966E-01  3.11143193E+00  1.19027633E+01 -9.27973864E-01
  0.00000000E+00  1.00000000E+00  4.33948787E-01  7.19121585E+00  5.91871945E-01  6.20159751E-01  1.18183948E+02 -1.24095109E+01
