# curve 5 (die wall), step =      500, time =   2.00000000E+02
# N1 = tau_xx - tau_yy = G ( c_xx - c_yy ),  G =  3.0000E-01  (polymer part only)
#              x               y        pressure            c_xy        gammadot            c_xx            c_yy              N1
 -3.00000000E+00  1.00000000E+00  2.43713400E+00 -1.01176141E+00  4.28082557E-01  3.14804027E+00  9.17680216E-01  6.69108015E-01
 -2.97524677E+00  1.00000000E+00  2.41993405E+00 -1.01165207E+00  4.28096332E-01  3.14789377E+00  9.17644201E-01  6.69074871E-01
 -2.95049355E+00  1.00000000E+00  2.40273411E+00 -1.01154273E+00  4.28114548E-01  3.14774729E+00  9.17608191E-01  6.69041729E-01
 -2.92574032E+00  1.00000000E+00  2.38560177E+00 -1.01166595E+00  4.28112078E-01  3.14781896E+00  9.17673902E-01  6.69043519E-01
 -2.90098710E+00  1.00000000E+00  2.36846943E+00 -1.01178918E+00  4.28080362E-01  3.14789065E+00  9.17739621E-01  6.69045309E-01
 -2.87623387E+00  1.00000000E+00  2.35139377E+00 -1.01193323E+00  4.28045205E-01  3.14809332E+00  9.17789067E-01  6.69091276E-01
 -2.85148064E+00  1.00000000E+00  2.33431812E+00 -1.01207728E+00  4.27990710E-01  3.14829601E+00  9.17838521E-01  6.69137246E-01
 -2.82672742E+00  1.00000000E+00  2.31709559E+00 -1.01179623E+00  4.28022011E-01  3.14807043E+00  9.17702581E-01  6.69110355E-01
 -2.80197419E+00  1.00000000E+00  2.29987306E+00 -1.01151521E+00  4.28082381E-01  3.14784491E+00  9.17566677E-01  6.69083470E-01
 -2.77722097E+00  1.00000000E+00  2.28273153E+00 -1.01162490E+00  4.28086394E-01  3.14790326E+00  9.17618039E-01  6.69085565E-01
 -2.75246774E+00  1.00000000E+00  2.26559001E+00 -1.01173458E+00  4.28096777E-01  3.14796161E+00  9.17669407E-01  6.69087661E-01
 -2.72771451E+00  1.00000000E+00  2.24846811E+00 -1.01171230E+00  4.28120240E-01  3.14798806E+00  9.17661299E-01  6.69098028E-01
 -2.70296129E+00  1.00000000E+00  2.23134620E+00 -1.01169002E+00  4.28121841E-01  3.14801451E+00  9.17653191E-01  6.69108395E-01
 -2.67820806E+00  1.00000000E+00  2.21419178E+00 -1.01172681E+00  4.28100518E-01  3.14801047E+00  9.17669795E-01  6.69102203E-01
 -2.65345484E+00  1.00000000E+00  2.19703735E+00 -1.01176361E+00  4.28095707E-01  3.14800644E+00  9.17686399E-01  6.69096011E-01
 -2.62870161E+00  1.00000000E+00  2.17990775E+00 -1.01174180E+00  4.28087786E-01  3.14794614E+00  9.17686463E-01  6.69077904E-01
 -2.60394839E+00  1.00000000E+00  2.16277815E+00 -1.01172000E+00  4.28076013E-01  3.14788585E+00  9.17686526E-01  6.69059797E-01
 -2.57919516E+00  1.00000000E+00  2.14562567E+00 -1.01170069E+00  4.28093512E-01  3.14785349E+00  9.17685818E-01  6.69050302E-01
 -2.55444193E+00  1.00000000E+00  2.12847318E+00 -1.01168137E+00  4.28095503E-01  3.14782113E+00  9.17685111E-01  6.69040806E-01
 -2.52968871E+00  1.00000000E+00  2.11136483E+00 -1.01178665E+00  4.28068378E-01  3.14792947E+00  9.17727409E-01  6.69060619E-01
 -2.50493548E+00  1.00000000E+00  2.09425647E+00 -1.01189194E+00  4.28029640E-01  3.14803782E+00  9.17769711E-01  6.69080432E-01
 -2.48018226E+00  1.00000000E+00  2.07704681E+00 -1.01170462E+00  4.28059500E-01  3.14789398E+00  9.17676726E-01  6.69065176E-01
 -2.45542903E+00  1.00000000E+00  2.05983715E+00 -1.01151732E+00  4.28103156E-01  3.14775016E+00  9.17583756E-01  6.69049922E-01
 -2.43067580E+00  1.00000000E+00  2.04270766E+00 -1.01157680E+00  4.28115311E-01  3.14784963E+00  9.17599298E-01  6.69075100E-01
 -2.40592258E+00  1.00000000E+00  2.02557816E+00 -1.01163628E+00  4.28133991E-01  3.14794910E+00  9.17614841E-01  6.69100278E-01
 -2.38116935E+00  1.00000000E+00  2.00846047E+00 -1.01165356E+00  4.28155728E-01  3.14794400E+00  9.17639169E-01  6.69091448E-01
 -2.35641613E+00  1.00000000E+00  1.99134278E+00 -1.01167084E+00  4.28150290E-01  3.14793889E+00  9.17663497E-01  6.69082617E-01
 -2.33166290E+00  1.00000000E+00  1.97418772E+00 -1.01167137E+00  4.28124036E-01  3.14794622E+00  9.17654953E-01  6.69087380E-01
 -2.30690967E+00  1.00000000E+00  1.95703265E+00 -1.01167191E+00  4.28109357E-01  3.14795355E+00  9.17646409E-01  6.69092142E-01
 -2.28215645E+00  1.00000000E+00  1.93988268E+00 -1.01171743E+00  4.28103159E-01  3.14796192E+00  9.17670595E-01  6.69087399E-01
 -2.25740322E+00  1.00000000E+00  1.92273270E+00 -1.01176295E+00  4.28089750E-01  3.14797030E+00  9.17694782E-01  6.69082656E-01
 -2.23265000E+00  1.00000000E+00  1.90562398E+00 -1.01182565E+00  4.28076417E-01  3.14803836E+00  9.17726526E-01  6.69093551E-01
 -2.20789677E+00  1.00000000E+00  1.88851525E+00 -1.01188836E+00  4.28043004E-01  3.14810642E+00  9.17758272E-01  6.69104446E-01
 -2.18314354E+00  1.00000000E+00  1.87131214E+00 -1.01171314E+00  4.28058513E-01  3.14790485E+00  9.17683886E-01  6.69066290E-01
 -2.15839032E+00  1.00000000E+00  1.85410903E+00 -1.01153795E+00  4.28090398E-01  3.14770330E+00  9.17609513E-01  6.69028137E-01
 -2.13363709E+00  1.00000000E+00  1.83698216E+00 -1.01155227E+00  4.28096576E-01  3.14775296E+00  9.17603069E-01  6.69044969E-01
 -2.10888387E+00  1.00000000E+00  1.81985528E+00 -1.01156659E+00  4.28115465E-01  3.14780263E+00  9.17596626E-01  6.69061800E-01
 -2.08413064E+00  1.00000000E+00  1.80270379E+00 -1.01160711E+00  4.28132386E-01  3.14784576E+00  9.17617806E-01  6.69068385E-01
 -2.05937741E+00  1.00000000E+00  1.78555230E+00 -1.01164763E+00  4.28129937E-01  3.14788889E+00  9.17638987E-01  6.69074970E-01
 -2.03462419E+00  1.00000000E+00  1.76842422E+00 -1.01162922E+00  4.28125690E-01  3.14781650E+00  9.17643645E-01  6.69051857E-01
 -2.00987096E+00  1.00000000E+00  1.75129614E+00 -1.01161081E+00  4.28116516E-01  3.14774412E+00  9.17648304E-01  6.69028745E-01
 -1.98511774E+00  1.00000000E+00  1.73413738E+00 -1.01164351E+00  4.28091291E-01  3.14766866E+00  9.17680113E-01  6.68996564E-01
 -1.96036451E+00  1.00000000E+00  1.71697863E+00 -1.01167620E+00  4.28063603E-01  3.14759320E+00  9.17711924E-01  6.68964384E-01
 -1.93561128E+00  1.00000000E+00  1.69986825E+00 -1.01171053E+00  4.28041786E-01  3.14756558E+00  9.17741337E-01  6.68947273E-01
 -1.91085806E+00  1.00000000E+00  1.68275787E+00 -1.01174485E+00  4.28004427E-01  3.14753796E+00  9.17770751E-01  6.68930162E-01
 -1.88610483E+00  1.00000000E+00  1.66558774E+00 -1.01169437E+00  4.27975205E-01  3.14745438E+00  9.17746576E-01  6.68912340E-01
 -1.86135161E+00  1.00000000E+00  1.64841761E+00 -1.01164390E+00  4.27950459E-01  3.14737080E+00  9.17722403E-01  6.68894518E-01
 -1.83659838E+00  1.00000000E+00  1.63124051E+00 -1.01155682E+00  4.27953447E-01  3.14711887E+00  9.17719867E-01  6.68819701E-01
 -1.81184516E+00  1.00000000E+00  1.61406341E+00 -1.01146974E+00  4.27956349E-01  3.14686696E+00  9.17717335E-01  6.68744889E-01
 -1.78709193E+00  1.00000000E+00  1.59700858E+00 -1.01160676E+00  4.27918794E-01  3.14697049E+00  9.17785239E-01  6.68755576E-01
 -1.76233870E+00  1.00000000E+00  1.57995375E+00 -1.01174379E+00  4.27862368E-01  3.14707404E+00  9.17853152E-01  6.68766265E-01
 -1.73758548E+00  1.00000000E+00  1.56271865E+00 -1.01161002E+00  4.27853758E-01  3.14686712E+00  9.17795155E-01  6.68721590E-01
 -1.71283225E+00  1.00000000E+00  1.54548355E+00 -1.01147626E+00  4.27851203E-01  3.14666023E+00  9.17737166E-01  6.68676919E-01
 -1.68807903E+00  1.00000000E+00  1.52833688E+00 -1.01149415E+00  4.27804163E-01  3.14642284E+00  9.17786644E-01  6.68590860E-01
 -1.66332580E+00  1.00000000E+00  1.51119020E+00 -1.01151205E+00  4.27761899E-01  3.14618548E+00  9.17836125E-01  6.68504806E-01
 -1.63857257E+00  1.00000000E+00  1.49406404E+00 -1.01137666E+00  4.27778391E-01  3.14602423E+00  9.17783529E-01  6.68472211E-01
 -1.61381935E+00  1.00000000E+00  1.47693788E+00 -1.01124128E+00  4.27775760E-01  3.14586300E+00  9.17730940E-01  6.68439619E-01
 -1.58906612E+00  1.00000000E+00  1.45975647E+00 -1.01118644E+00  4.27718403E-01  3.14552651E+00  9.17747179E-01  6.68333799E-01
 -1.56431290E+00  1.00000000E+00  1.44257506E+00 -1.01113160E+00  4.27678740E-01  3.14519005E+00  9.17763419E-01  6.68227990E-01
 -1.53955967E+00  1.00000000E+00  1.42546517E+00 -1.01101379E+00  4.27664720E-01  3.14485839E+00  9.17752259E-01  6.68131839E-01
 -1.51480644E+00  1.00000000E+00  1.40835528E+00 -1.01089599E+00  4.27637222E-01  3.14452676E+00  9.17741105E-01  6.68035697E-01
 -1.49005322E+00  1.00000000E+00  1.39124183E+00 -1.01088499E+00  4.27589359E-01  3.14405700E+00  9.17824090E-01  6.67869872E-01
 -1.46529999E+00  1.00000000E+00  1.37412839E+00 -1.01087398E+00  4.27507404E-01  3.14358731E+00  9.17907082E-01  6.67704069E-01
 -1.44054677E+00  1.00000000E+00  1.35703553E+00 -1.01091279E+00  4.27400988E-01  3.14325275E+00  9.17987990E-01  6.67579428E-01
 -1.41579354E+00  1.00000000E+00  1.33994268E+00 -1.01095159E+00  4.27261559E-01  3.14291824E+00  9.18068904E-01  6.67454800E-01
 -1.39104031E+00  1.00000000E+00  1.32274330E+00 -1.01054494E+00  4.27214082E-01  3.14212268E+00  9.17948474E-01  6.67252262E-01
 -1.36628709E+00  1.00000000E+00  1.30554391E+00 -1.01013839E+00  4.27200781E-01  3.14132735E+00  9.17828102E-01  6.67049775E-01
 -1.34153386E+00  1.00000000E+00  1.28844619E+00 -1.01010467E+00  4.27122295E-01  3.14075346E+00  9.17898326E-01  6.66856540E-01
 -1.31678064E+00  1.00000000E+00  1.27134847E+00 -1.01007095E+00  4.27039122E-01  3.14017968E+00  9.17968556E-01  6.66663337E-01
 -1.29202741E+00  1.00000000E+00  1.25427243E+00 -1.00997012E+00  4.26939970E-01  3.13951754E+00  9.18026837E-01  6.66447211E-01
 -1.26727418E+00  1.00000000E+00  1.23719639E+00 -1.00986931E+00  4.26812949E-01  3.13885554E+00  9.18085127E-01  6.66231125E-01
 -1.24252096E+00  1.00000000E+00  1.22017738E+00 -1.00980427E+00  4.26676711E-01  3.13814089E+00  9.18164890E-01  6.65992799E-01
 -1.21776773E+00  1.00000000E+00  1.20315837E+00 -1.00973924E+00  4.26524118E-01  3.13742641E+00  9.18244661E-01  6.65754524E-01
 -1.19301451E+00  1.00000000E+00  1.18603696E+00 -1.00925478E+00  4.26408271E-01  3.13611080E+00  9.18170730E-01  6.65382022E-01
 -1.16826128E+00  1.00000000E+00  1.16891554E+00 -1.00877051E+00  4.26317308E-01  3.13479576E+00  9.18096878E-01  6.65009665E-01
 -1.14350806E+00  1.00000000E+00  1.15192095E+00 -1.00869162E+00  4.26172274E-01  3.13393625E+00  9.18186431E-01  6.64724946E-01
 -1.11875483E+00  1.00000000E+00  1.13492636E+00 -1.00861274E+00  4.26024079E-01  3.13307699E+00  9.18275995E-01  6.64440300E-01
 -1.09400160E+00  1.00000000E+00  1.11794673E+00 -1.00835967E+00  4.25857001E-01  3.13196163E+00  9.18307244E-01  6.64096314E-01
 -1.06924838E+00  1.00000000E+00  1.10096710E+00 -1.00810667E+00  4.25699142E-01  3.13084665E+00  9.18338517E-01  6.63752441E-01
 -1.04449515E+00  1.00000000E+00  1.08404071E+00 -1.00778438E+00  4.25547865E-01  3.12953080E+00  9.18364387E-01  6.63349923E-01
 -1.01974193E+00  1.00000000E+00  1.06711432E+00 -1.00746219E+00  4.25387856E-01  3.12821549E+00  9.18390296E-01  6.62947559E-01
 -9.94988700E-01  1.00000000E+00  1.05026913E+00 -1.00719103E+00  4.25209694E-01  3.12688281E+00  9.18453109E-01  6.62528912E-01
 -9.70235474E-01  1.00000000E+00  1.03342393E+00 -1.00691996E+00  4.25037498E-01  3.12555071E+00  9.18515956E-01  6.62110425E-01
 -9.45482248E-01  1.00000000E+00  1.01660345E+00 -1.00663619E+00  4.24848861E-01  3.12428138E+00  9.18552418E-01  6.61718688E-01
 -9.20729022E-01  1.00000000E+00  9.99782961E-01 -1.00635250E+00  4.24664161E-01  3.12301256E+00  9.18588912E-01  6.61327096E-01
 -8.95975796E-01  1.00000000E+00  9.83109938E-01 -1.00595529E+00  4.24505150E-01  3.12150500E+00  9.18601560E-01  6.60871032E-01
 -8.71222570E-01  1.00000000E+00  9.66436914E-01 -1.00555823E+00  4.24351587E-01  3.11999816E+00  9.18614266E-01  6.60415168E-01
 -8.46469344E-01  1.00000000E+00  9.49856806E-01 -1.00544784E+00  4.24187139E-01  3.11897893E+00  9.18729249E-01  6.60074906E-01
 -8.21716118E-01  1.00000000E+00  9.33276698E-01 -1.00533747E+00  4.24002605E-01  3.11796006E+00  9.18844252E-01  6.59734742E-01
 -7.97201467E-01  1.00000000E+00  9.17000974E-01 -1.00518360E+00  4.23892630E-01  3.11722929E+00  9.18862254E-01  6.59510110E-01
 -7.72686817E-01  1.00000000E+00  9.00725250E-01 -1.00502975E+00  4.23797679E-01  3.11649868E+00  9.18880263E-01  6.59285526E-01
 -7.49503432E-01  1.00000000E+00  8.85473688E-01 -1.00491111E+00  4.23728615E-01  3.11607586E+00  9.18882272E-01  6.59158075E-01
 -7.26320047E-01  1.00000000E+00  8.70222126E-01 -1.00479248E+00  4.23670334E-01  3.11565309E+00  9.18884287E-01  6.59030640E-01
 -7.04527831E-01  1.00000000E+00  8.56094276E-01 -1.00482932E+00  4.23656851E-01  3.11578798E+00  9.18894628E-01  6.59068007E-01
 -6.82735615E-01  1.00000000E+00  8.41966425E-01 -1.00486617E+00  4.23694487E-01  3.11592289E+00  9.18904971E-01  6.59105375E-01
 -6.62251087E-01  1.00000000E+00  8.28753515E-01 -1.00497960E+00  4.23853483E-01  3.11692051E+00  9.18771718E-01  6.59444638E-01
 -6.41766559E-01  1.00000000E+00  8.15540604E-01 -1.00509306E+00  4.24037911E-01  3.11791847E+00  9.18638495E-01  6.59783993E-01
 -6.22511254E-01  1.00000000E+00  8.03392734E-01 -1.00536857E+00  4.24244138E-01  3.11940781E+00  9.18562436E-01  6.60253613E-01
 -6.03255949E-01  1.00000000E+00  7.91244864E-01 -1.00564418E+00  4.24480528E-01  3.12089787E+00  9.18486412E-01  6.60723438E-01
 -5.85156097E-01  1.00000000E+00  7.80043086E-01 -1.00621671E+00  4.24781562E-01  3.12320520E+00  9.18462712E-01  6.61422745E-01
 -5.67056245E-01  1.00000000E+00  7.68841309E-01 -1.00678959E+00  4.25127622E-01  3.12551422E+00  9.18439126E-01  6.62122527E-01
 -5.50042515E-01  1.00000000E+00  7.58415654E-01 -1.00745796E+00  4.25613254E-01  3.12899482E+00  9.18237269E-01  6.63227267E-01
 -5.33028786E-01  1.00000000E+00  7.47989999E-01 -1.00812695E+00  4.26103539E-01  3.13247934E+00  9.18035652E-01  6.64333107E-01
 -5.17036006E-01  1.00000000E+00  7.38518834E-01 -1.00920425E+00  4.26647896E-01  3.13697142E+00  9.17972714E-01  6.65699612E-01
 -5.01043227E-01  1.00000000E+00  7.29047668E-01 -1.01028285E+00  4.27243649E-01  3.14146993E+00  9.17910179E-01  6.67067924E-01
 -4.86010125E-01  1.00000000E+00  7.20229441E-01 -1.01137755E+00  4.27968679E-01  3.14690198E+00  9.17650995E-01  6.68775295E-01
 -4.70977023E-01  1.00000000E+00  7.11411214E-01 -1.01247381E+00  4.28786441E-01  3.15234348E+00  9.17392374E-01  6.70485331E-01
 -4.56846016E-01  1.00000000E+00  7.03441978E-01 -1.01395074E+00  4.29662694E-01  3.15915296E+00  9.17178259E-01  6.72592412E-01
 -4.42715008E-01  1.00000000E+00  6.95472742E-01 -1.01543032E+00  4.30625079E-01  3.16597719E+00  9.16965000E-01  6.74703657E-01
 -4.29431964E-01  1.00000000E+00  6.88163116E-01 -1.01721809E+00  4.31732101E-01  3.17441450E+00  9.16624103E-01  6.77337120E-01
 -4.16148920E-01  1.00000000E+00  6.80853490E-01 -1.01900982E+00  4.32910721E-01  3.18287436E+00  9.16284600E-01  6.79976928E-01
 -4.03662954E-01  1.00000000E+00  6.74196618E-01 -1.02088000E+00  4.34112993E-01  3.19195832E+00  9.15946835E-01  6.82803444E-01
 -3.91176988E-01  1.00000000E+00  6.67539745E-01 -1.02275459E+00  4.35424920E-01  3.20106832E+00  9.15610494E-01  6.85637349E-01
 -3.79440270E-01  1.00000000E+00  6.61563728E-01 -1.02522808E+00  4.36831274E-01  3.21201629E+00  9.15328915E-01  6.89006211E-01
 -3.67703552E-01  1.00000000E+00  6.55587710E-01 -1.02770865E+00  4.38345370E-01  3.22300167E+00  9.15049641E-01  6.92385608E-01
 -3.56671122E-01  1.00000000E+00  6.50262244E-01 -1.03017364E+00  4.40028820E-01  3.23519589E+00  9.14528316E-01  6.96200274E-01
 -3.45638692E-01  1.00000000E+00  6.44936778E-01 -1.03264634E+00  4.41768665E-01  3.24743651E+00  9.14009650E-01  7.00028057E-01
 -3.35268287E-01  1.00000000E+00  6.40065861E-01 -1.03544638E+00  4.43433821E-01  3.26058733E+00  9.13636108E-01  7.04085366E-01
 -3.24897882E-01  1.00000000E+00  6.35194944E-01 -1.03825581E+00  4.45263259E-01  3.27379155E+00  9.13265458E-01  7.08157827E-01
 -3.15149775E-01  1.00000000E+00  6.30945379E-01 -1.04150428E+00  4.47279965E-01  3.28929400E+00  9.12728715E-01  7.12969586E-01
 -3.05401669E-01  1.00000000E+00  6.26695815E-01 -1.04476553E+00  4.49411730E-01  3.30487009E+00  9.12196177E-01  7.17802175E-01
 -2.96238520E-01  1.00000000E+00  6.22852189E-01 -1.04801404E+00  4.51633162E-01  3.32185343E+00  9.11440787E-01  7.23123793E-01
 -2.87075371E-01  1.00000000E+00  6.19008563E-01 -1.05127629E+00  4.54038609E-01  3.33892484E+00  9.10689988E-01  7.28470455E-01
 -2.78462077E-01  1.00000000E+00  6.15854415E-01 -1.05501234E+00  4.56536057E-01  3.35725063E+00  9.09993654E-01  7.34177091E-01
 -2.69848783E-01  1.00000000E+00  6.12700268E-01 -1.05876543E+00  4.59173004E-01  3.37567743E+00  9.09303061E-01  7.39912311E-01
 -2.61752348E-01  1.00000000E+00  6.09982259E-01 -1.06309430E+00  4.61803683E-01  3.39585325E+00  9.08837611E-01  7.46104692E-01
 -2.53655913E-01  1.00000000E+00  6.07264251E-01 -1.06744474E+00  4.64514817E-01  3.41614989E+00  9.08378614E-01  7.52331382E-01
 -2.46045323E-01  1.00000000E+00  6.04928414E-01 -1.07132066E+00  4.67435247E-01  3.43719731E+00  9.07398519E-01  7.58939638E-01
 -2.38434732E-01  1.00000000E+00  6.02592576E-01 -1.07521623E+00  4.70412072E-01  3.45837587E+00  9.06425085E-01  7.65585234E-01
 -2.31280830E-01  1.00000000E+00  6.00726828E-01 -1.07978856E+00  4.73420292E-01  3.48097414E+00  9.05756305E-01  7.72565350E-01
 -2.24126928E-01  1.00000000E+00  5.98861079E-01 -1.08438564E+00  4.76506168E-01  3.50372080E+00  9.05095020E-01  7.79587734E-01
 -2.17402314E-01  1.00000000E+00  5.97505239E-01 -1.08939669E+00  4.79643870E-01  3.52836697E+00  9.04420418E-01  7.87183966E-01
 -2.10677699E-01  1.00000000E+00  5.96149399E-01 -1.09443699E+00  4.82906075E-01  3.55318729E+00  9.03754549E-01  7.94829821E-01
 -2.04351753E-01  1.00000000E+00  5.95074846E-01 -1.09926752E+00  4.86465533E-01  3.57933987E+00  9.02697363E-01  8.02992752E-01
 -1.98025807E-01  1.00000000E+00  5.94000294E-01 -1.10412730E+00  4.90083688E-01  3.60568696E+00  9.01649533E-01  8.11211229E-01
 -1.91837501E-01  1.00000000E+00  5.93344934E-01 -1.10977746E+00  4.93946284E-01  3.63507832E+00  9.00730264E-01  8.20304418E-01
 -1.85649194E-01  1.00000000E+00  5.92689574E-01 -1.11546562E+00  4.97920771E-01  3.66471112E+00  8.99822243E-01  8.29466662E-01
 -1.79460888E-01  1.00000000E+00  5.92251739E-01 -1.12103097E+00  5.02481880E-01  3.69760863E+00  8.98254715E-01  8.39806173E-01
 -1.73272582E-01  1.00000000E+00  5.91813905E-01 -1.12663718E+00  5.07138503E-01  3.73080632E+00  8.96700803E-01  8.50231656E-01
 -1.67084275E-01  1.00000000E+00  5.92292192E-01 -1.13417973E+00  5.12012259E-01  3.76843389E+00  8.95919079E-01  8.61754443E-01
 -1.60895969E-01  1.00000000E+00  5.92770479E-01 -1.14178552E+00  5.17002524E-01  3.80644269E+00  8.95154883E-01  8.73386342E-01
 -1.54707662E-01  1.00000000E+00  5.93373049E-01 -1.14878440E+00  5.22767399E-01  3.84874063E+00  8.93279503E-01  8.86638339E-01
 -1.48519356E-01  1.00000000E+00  5.93975619E-01 -1.15584659E+00  5.28656030E-01  3.89151691E+00  8.91424186E-01  9.00027817E-01
 -1.42331049E-01  1.00000000E+00  5.95676013E-01 -1.16532479E+00  5.35229090E-01  3.94132741E+00  8.90184616E-01  9.15342838E-01
 -1.36142743E-01  1.00000000E+00  5.97376406E-01 -1.17490351E+00  5.42005223E-01  3.99177991E+00  8.88973224E-01  9.30842007E-01
 -1.29954436E-01  1.00000000E+00  5.99626219E-01 -1.18404528E+00  5.48886255E-01  4.04471784E+00  8.87342227E-01  9.47212685E-01
 -1.23766130E-01  1.00000000E+00  6.01876031E-01 -1.19328559E+00  5.56116221E-01  4.09836757E+00  8.85737888E-01  9.63788904E-01
 -1.17577823E-01  1.00000000E+00  6.05670177E-01 -1.20394978E+00  5.63892711E-01  4.16064490E+00  8.83844588E-01  9.83040095E-01
 -1.11389517E-01  1.00000000E+00  6.09464324E-01 -1.21474599E+00  5.72285681E-01  4.22388156E+00  8.81987215E-01  1.00256830E+00
 -1.05201210E-01  1.00000000E+00  6.14474548E-01 -1.22662648E+00  5.82292562E-01  4.29651364E+00  8.79549865E-01  1.02508913E+00
 -9.90129037E-02  1.00000000E+00  6.19484773E-01 -1.23867289E+00  5.92191213E-01  4.37041507E+00  8.77158872E-01  1.04797686E+00
 -9.28245972E-02  1.00000000E+00  6.26197030E-01 -1.25110876E+00  6.03171783E-01  4.44724002E+00  8.74830034E-01  1.07172299E+00
 -8.66362908E-02  1.00000000E+00  6.32909286E-01 -1.26372157E+00  6.13269887E-01  4.52543762E+00  8.72548090E-01  1.09586686E+00
 -8.04479843E-02  1.00000000E+00  6.45764590E-01 -1.28079770E+00  6.21937460E-01  4.60343739E+00  8.73549885E-01  1.11896625E+00
 -7.42596778E-02  1.00000000E+00  6.58619894E-01 -1.29812865E+00  6.31493463E-01  4.68277964E+00  8.74610925E-01  1.14245061E+00
 -6.80713713E-02  1.00000000E+00  6.72046937E-01 -1.30513436E+00  6.43682620E-01  4.76412527E+00  8.68979907E-01  1.16854361E+00
 -6.18830648E-02  1.00000000E+00  6.85473981E-01 -1.31222958E+00  6.53411179E-01  4.84698175E+00  8.63395720E-01  1.19507581E+00
 -5.56947583E-02  1.00000000E+00  7.09517370E-01 -1.37816244E+00  6.57985847E-01  4.90215230E+00  8.96205439E-01  1.20178406E+00
 -4.95064519E-02  1.00000000E+00  7.33560758E-01 -1.44561778E+00  6.51999187E-01  4.95974254E+00  9.30551118E-01  1.20875743E+00
 -4.33181454E-02  1.00000000E+00  8.20725263E-01 -1.33974677E+00  6.05777469E-01  4.62614972E+00  9.15747828E-01  1.11312057E+00
 -3.71298389E-02  1.00000000E+00  9.07889768E-01 -1.24048278E+00  5.77047992E-01  4.31523550E+00  9.03552020E-01  1.02350504E+00
 -3.09415324E-02  1.00000000E+00  9.39309694E-01 -1.14462446E+00  5.19259064E-01  3.99073406E+00  8.94325532E-01  9.28922557E-01
 -2.47532259E-02  1.00000000E+00  9.70729619E-01 -1.05532883E+00  4.34240146E-01  3.69072002E+00  8.87505071E-01  8.40964484E-01
 -1.85649194E-02  1.00000000E+00  1.79918606E+00 -1.50582042E+00  4.09187313E-01  4.70447584E+00  9.98803903E-01  1.11170158E+00
 -1.23766130E-02  1.00000000E+00  2.62764250E+00 -2.08144110E+00  5.88677466E-01  6.02605821E+00  1.17272308E+00  1.45600054E+00
 -6.18830648E-03  1.00000000E+00  1.55889940E+00  9.44479318E-01  1.97150215E+00  6.85804426E+00  6.27902375E-01  1.86904257E+00
  0.00000000E+00  1.00000000E+00  4.90156292E-01  7.27102580E+00  6.07526026E+00  1.62034423E+01  3.52582598E+00  3.80328489E+00
