# curve 5 (die wall), step =      300, time =   1.20000000E+02
# N1 = tau_xx - tau_yy = G ( c_xx - c_yy ),  G =  6.3636E-02  (polymer part only)
#              x               y        pressure            c_xy        gammadot            c_xx            c_yy              N1
 -3.00000000E+00  1.00000000E+00  1.37482724E+00 -1.01578160E+00  4.45149220E-01  4.79070625E+00  4.78542026E-01  2.74410451E-01
 -2.97524677E+00  1.00000000E+00  1.36502123E+00 -1.01575556E+00  4.45158537E-01  4.79047042E+00  4.78553146E-01  2.74394736E-01
 -2.95049355E+00  1.00000000E+00  1.35521521E+00 -1.01572952E+00  4.45164038E-01  4.79023460E+00  4.78564267E-01  2.74379021E-01
 -2.92574032E+00  1.00000000E+00  1.34540875E+00 -1.01576024E+00  4.45162977E-01  4.79046603E+00  4.78556978E-01  2.74394212E-01
 -2.90098710E+00  1.00000000E+00  1.33560229E+00 -1.01579096E+00  4.45154810E-01  4.79069747E+00  4.78549690E-01  2.74409404E-01
 -2.87623387E+00  1.00000000E+00  1.32577952E+00 -1.01580030E+00  4.45147757E-01  4.79137011E+00  4.78493771E-01  2.74455767E-01
 -2.85148064E+00  1.00000000E+00  1.31595674E+00 -1.01580965E+00  4.45138837E-01  4.79204286E+00  4.78437859E-01  2.74502136E-01
 -2.82672742E+00  1.00000000E+00  1.30614808E+00 -1.01571111E+00  4.45151479E-01  4.79126815E+00  4.78466537E-01  2.74451012E-01
 -2.80197419E+00  1.00000000E+00  1.29633941E+00 -1.01561258E+00  4.45157004E-01  4.79049357E+00  4.78495222E-01  2.74399895E-01
 -2.77722097E+00  1.00000000E+00  1.28652268E+00 -1.01570109E+00  4.45165209E-01  4.79049399E+00  4.78529644E-01  2.74397731E-01
 -2.75246774E+00  1.00000000E+00  1.27670594E+00 -1.01578960E+00  4.45168311E-01  4.79049441E+00  4.78564068E-01  2.74395567E-01
 -2.72771451E+00  1.00000000E+00  1.26690566E+00 -1.01578789E+00  4.45159616E-01  4.79049819E+00  4.78565372E-01  2.74395725E-01
 -2.70296129E+00  1.00000000E+00  1.25710538E+00 -1.01578619E+00  4.45144876E-01  4.79050197E+00  4.78566676E-01  2.74395882E-01
 -2.67820806E+00  1.00000000E+00  1.24728968E+00 -1.01576162E+00  4.45142064E-01  4.79051520E+00  4.78552957E-01  2.74397597E-01
 -2.65345484E+00  1.00000000E+00  1.23747398E+00 -1.01573705E+00  4.45146303E-01  4.79052843E+00  4.78539238E-01  2.74399312E-01
 -2.62870161E+00  1.00000000E+00  1.22766244E+00 -1.01577610E+00  4.45151723E-01  4.79049632E+00  4.78557979E-01  2.74396076E-01
 -2.60394839E+00  1.00000000E+00  1.21785090E+00 -1.01581516E+00  4.45154915E-01  4.79046421E+00  4.78576720E-01  2.74392840E-01
 -2.57919516E+00  1.00000000E+00  1.20804643E+00 -1.01577556E+00  4.45152880E-01  4.79040329E+00  4.78567695E-01  2.74389538E-01
 -2.55444193E+00  1.00000000E+00  1.19824196E+00 -1.01573597E+00  4.45146767E-01  4.79034237E+00  4.78558670E-01  2.74386235E-01
 -2.52968871E+00  1.00000000E+00  1.18842001E+00 -1.01577371E+00  4.45140826E-01  4.79081846E+00  4.78533038E-01  2.74418163E-01
 -2.50493548E+00  1.00000000E+00  1.17859806E+00 -1.01581146E+00  4.45129711E-01  4.79129460E+00  4.78507409E-01  2.74450094E-01
 -2.48018226E+00  1.00000000E+00  1.16878531E+00 -1.01573568E+00  4.45146181E-01  4.79078677E+00  4.78519608E-01  2.74417001E-01
 -2.45542903E+00  1.00000000E+00  1.15897256E+00 -1.01565990E+00  4.45159743E-01  4.79027900E+00  4.78531809E-01  2.74383912E-01
 -2.43067580E+00  1.00000000E+00  1.14916498E+00 -1.01571661E+00  4.45168767E-01  4.79027201E+00  4.78554968E-01  2.74381993E-01
 -2.40592258E+00  1.00000000E+00  1.13935740E+00 -1.01577333E+00  4.45173153E-01  4.79026502E+00  4.78578129E-01  2.74380075E-01
 -2.38116935E+00  1.00000000E+00  1.12955086E+00 -1.01574269E+00  4.45164196E-01  4.79017946E+00  4.78575181E-01  2.74374817E-01
 -2.35641613E+00  1.00000000E+00  1.11974431E+00 -1.01571205E+00  4.45149071E-01  4.79009389E+00  4.78572234E-01  2.74369560E-01
 -2.33166290E+00  1.00000000E+00  1.10992674E+00 -1.01572917E+00  4.45146170E-01  4.79027624E+00  4.78562174E-01  2.74381804E-01
 -2.30690967E+00  1.00000000E+00  1.10010916E+00 -1.01574630E+00  4.45143906E-01  4.79045859E+00  4.78552114E-01  2.74394049E-01
 -2.28215645E+00  1.00000000E+00  1.09029972E+00 -1.01575815E+00  4.45145649E-01  4.79048874E+00  4.78552652E-01  2.74395933E-01
 -2.25740322E+00  1.00000000E+00  1.08049029E+00 -1.01577001E+00  4.45151717E-01  4.79051890E+00  4.78553189E-01  2.74397818E-01
 -2.23265000E+00  1.00000000E+00  1.07067053E+00 -1.01580717E+00  4.45146140E-01  4.79086205E+00  4.78540665E-01  2.74420452E-01
 -2.20789677E+00  1.00000000E+00  1.06085077E+00 -1.01584433E+00  4.45128795E-01  4.79120523E+00  4.78528142E-01  2.74443087E-01
 -2.18314354E+00  1.00000000E+00  1.05104199E+00 -1.01578107E+00  4.45130400E-01  4.79064957E+00  4.78550440E-01  2.74406308E-01
 -2.15839032E+00  1.00000000E+00  1.04123322E+00 -1.01571782E+00  4.45133261E-01  4.79009397E+00  4.78572742E-01  2.74369533E-01
 -2.13363709E+00  1.00000000E+00  1.03142791E+00 -1.01574151E+00  4.45138097E-01  4.79010498E+00  4.78580874E-01  2.74369716E-01
 -2.10888387E+00  1.00000000E+00  1.02162261E+00 -1.01576520E+00  4.45140731E-01  4.79011600E+00  4.78589006E-01  2.74369900E-01
 -2.08413064E+00  1.00000000E+00  1.01180360E+00 -1.01576664E+00  4.45139309E-01  4.79006615E+00  4.78593726E-01  2.74366427E-01
 -2.05937741E+00  1.00000000E+00  1.00198458E+00 -1.01576808E+00  4.45135002E-01  4.79001631E+00  4.78598447E-01  2.74362955E-01
 -2.03462419E+00  1.00000000E+00  9.92175455E-01 -1.01572900E+00  4.45127755E-01  4.79003046E+00  4.78582254E-01  2.74364886E-01
 -2.00987096E+00  1.00000000E+00  9.82366326E-01 -1.01568992E+00  4.45119494E-01  4.79004462E+00  4.78566062E-01  2.74366817E-01
 -1.98511774E+00  1.00000000E+00  9.72549991E-01 -1.01571475E+00  4.45117203E-01  4.79004786E+00  4.78574956E-01  2.74366458E-01
 -1.96036451E+00  1.00000000E+00  9.62733656E-01 -1.01573957E+00  4.45115502E-01  4.79005111E+00  4.78583850E-01  2.74366098E-01
 -1.93561128E+00  1.00000000E+00  9.52926908E-01 -1.01578160E+00  4.45103951E-01  4.79037226E+00  4.78575000E-01  2.74387099E-01
 -1.91085806E+00  1.00000000E+00  9.43120160E-01 -1.01582363E+00  4.45086700E-01  4.79069344E+00  4.78566150E-01  2.74408100E-01
 -1.88610483E+00  1.00000000E+00  9.33293457E-01 -1.01575845E+00  4.45077952E-01  4.79055038E+00  4.78548967E-01  2.74400090E-01
 -1.86135161E+00  1.00000000E+00  9.23466754E-01 -1.01569327E+00  4.45074406E-01  4.79040732E+00  4.78531785E-01  2.74392080E-01
 -1.83659838E+00  1.00000000E+00  9.13667043E-01 -1.01574200E+00  4.45077097E-01  4.79006053E+00  4.78585259E-01  2.74366608E-01
 -1.81184516E+00  1.00000000E+00  9.03867331E-01 -1.01579074E+00  4.45067778E-01  4.78971378E+00  4.78638739E-01  2.74341139E-01
 -1.78709193E+00  1.00000000E+00  8.94059015E-01 -1.01577364E+00  4.45034879E-01  4.79028957E+00  4.78582583E-01  2.74381354E-01
 -1.76233870E+00  1.00000000E+00  8.84250700E-01 -1.01575653E+00  4.44997502E-01  4.79086545E+00  4.78526432E-01  2.74421574E-01
 -1.73758548E+00  1.00000000E+00  8.74423159E-01 -1.01573590E+00  4.44991889E-01  4.79055137E+00  4.78544388E-01  2.74400444E-01
 -1.71283225E+00  1.00000000E+00  8.64595619E-01 -1.01571527E+00  4.44978958E-01  4.79023732E+00  4.78562345E-01  2.74379317E-01
 -1.68807903E+00  1.00000000E+00  8.54784969E-01 -1.01575447E+00  4.44964022E-01  4.79006186E+00  4.78593023E-01  2.74366199E-01
 -1.66332580E+00  1.00000000E+00  8.44974319E-01 -1.01579367E+00  4.44951173E-01  4.78988641E+00  4.78623703E-01  2.74353081E-01
 -1.63857257E+00  1.00000000E+00  8.35176139E-01 -1.01575121E+00  4.44929893E-01  4.78970167E+00  4.78624825E-01  2.74341254E-01
 -1.61381935E+00  1.00000000E+00  8.25377959E-01 -1.01570875E+00  4.44897271E-01  4.78951693E+00  4.78625947E-01  2.74329426E-01
 -1.58906612E+00  1.00000000E+00  8.15557358E-01 -1.01570138E+00  4.44866550E-01  4.78911211E+00  4.78657334E-01  2.74301667E-01
 -1.56431290E+00  1.00000000E+00  8.05736758E-01 -1.01569401E+00  4.44841297E-01  4.78870732E+00  4.78688722E-01  2.74273911E-01
 -1.53955967E+00  1.00000000E+00  7.95950426E-01 -1.01568527E+00  4.44805186E-01  4.78828291E+00  4.78724325E-01  2.74244637E-01
 -1.51480644E+00  1.00000000E+00  7.86164094E-01 -1.01567653E+00  4.44766353E-01  4.78785853E+00  4.78759930E-01  2.74215366E-01
 -1.49005322E+00  1.00000000E+00  7.76364289E-01 -1.01565042E+00  4.44719280E-01  4.78765056E+00  4.78770702E-01  2.74201446E-01
 -1.46529999E+00  1.00000000E+00  7.66564484E-01 -1.01562432E+00  4.44660679E-01  4.78744260E+00  4.78781474E-01  2.74187526E-01
 -1.44054677E+00  1.00000000E+00  7.56748817E-01 -1.01563728E+00  4.44599465E-01  4.78781352E+00  4.78756196E-01  2.74212739E-01
 -1.41579354E+00  1.00000000E+00  7.46933151E-01 -1.01565024E+00  4.44526130E-01  4.78818447E+00  4.78730918E-01  2.74237953E-01
 -1.39104031E+00  1.00000000E+00  7.37149156E-01 -1.01553032E+00  4.44474780E-01  4.78698130E+00  4.78789044E-01  2.74157689E-01
 -1.36628709E+00  1.00000000E+00  7.27365161E-01 -1.01541043E+00  4.44421092E-01  4.78577843E+00  4.78847186E-01  2.74077443E-01
 -1.34153386E+00  1.00000000E+00  7.17581448E-01 -1.01548099E+00  4.44352998E-01  4.78537662E+00  4.78911617E-01  2.74047773E-01
 -1.31678064E+00  1.00000000E+00  7.07797735E-01 -1.01555155E+00  4.44274619E-01  4.78497487E+00  4.78976053E-01  2.74018107E-01
 -1.29202741E+00  1.00000000E+00  6.98038760E-01 -1.01551575E+00  4.44177256E-01  4.78463057E+00  4.78994154E-01  2.73995045E-01
 -1.26727418E+00  1.00000000E+00  6.88279785E-01 -1.01547996E+00  4.44075532E-01  4.78428629E+00  4.79012256E-01  2.73971984E-01
 -1.24252096E+00  1.00000000E+00  6.78508920E-01 -1.01551621E+00  4.43975468E-01  4.78397821E+00  4.79057121E-01  2.73949524E-01
 -1.21776773E+00  1.00000000E+00  6.68738055E-01 -1.01555246E+00  4.43851361E-01  4.78367016E+00  4.79101990E-01  2.73927065E-01
 -1.19301451E+00  1.00000000E+00  6.58994715E-01 -1.01539207E+00  4.43739408E-01  4.78227213E+00  4.79162825E-01  2.73834228E-01
 -1.16826128E+00  1.00000000E+00  6.49251375E-01 -1.01523173E+00  4.43634740E-01  4.78087451E+00  4.79223682E-01  2.73741416E-01
 -1.14350806E+00  1.00000000E+00  6.39533011E-01 -1.01527320E+00  4.43501974E-01  4.78035858E+00  4.79287818E-01  2.73704503E-01
 -1.11875483E+00  1.00000000E+00  6.29814646E-01 -1.01531467E+00  4.43354865E-01  4.77984271E+00  4.79351961E-01  2.73667593E-01
 -1.09400160E+00  1.00000000E+00  6.20109735E-01 -1.01526596E+00  4.43219653E-01  4.77887758E+00  4.79420135E-01  2.73601838E-01
 -1.06924838E+00  1.00000000E+00  6.10404824E-01 -1.01521727E+00  4.43080665E-01  4.77791266E+00  4.79488320E-01  2.73536095E-01
 -1.04449515E+00  1.00000000E+00  6.00745194E-01 -1.01517227E+00  4.42917429E-01  4.77670150E+00  4.79581995E-01  2.73453059E-01
 -1.01974193E+00  1.00000000E+00  5.91085565E-01 -1.01512728E+00  4.42741901E-01  4.77549066E+00  4.79675691E-01  2.73370044E-01
 -9.94988700E-01  1.00000000E+00  5.81456054E-01 -1.01503262E+00  4.42552896E-01  4.77437526E+00  4.79740400E-01  2.73294946E-01
 -9.70235474E-01  1.00000000E+00  5.71826544E-01 -1.01493798E+00  4.42371713E-01  4.77326014E+00  4.79805125E-01  2.73219864E-01
 -9.45482248E-01  1.00000000E+00  5.62232681E-01 -1.01488311E+00  4.42194549E-01  4.77211699E+00  4.79886751E-01  2.73141924E-01
 -9.20729022E-01  1.00000000E+00  5.52638817E-01 -1.01482824E+00  4.42020203E-01  4.77097413E+00  4.79968395E-01  2.73064001E-01
 -8.95975796E-01  1.00000000E+00  5.43128373E-01 -1.01473905E+00  4.41814572E-01  4.76932771E+00  4.80084773E-01  2.72951823E-01
 -8.71222570E-01  1.00000000E+00  5.33617929E-01 -1.01464989E+00  4.41602843E-01  4.76768190E+00  4.80201189E-01  2.72839681E-01
 -8.46469344E-01  1.00000000E+00  5.24158580E-01 -1.01468338E+00  4.41391061E-01  4.76672437E+00  4.80307087E-01  2.72772009E-01
 -8.21716118E-01  1.00000000E+00  5.14699230E-01 -1.01471688E+00  4.41172505E-01  4.76576707E+00  4.80413006E-01  2.72704349E-01
 -7.97201467E-01  1.00000000E+00  5.05425021E-01 -1.01469465E+00  4.41027180E-01  4.76478410E+00  4.80494476E-01  2.72636613E-01
 -7.72686817E-01  1.00000000E+00  4.96150813E-01 -1.01467242E+00  4.40859188E-01  4.76380136E+00  4.80575961E-01  2.72568889E-01
 -7.49503432E-01  1.00000000E+00  4.87475828E-01 -1.01455199E+00  4.40720294E-01  4.76298558E+00  4.80600642E-01  2.72515405E-01
 -7.26320047E-01  1.00000000E+00  4.78800842E-01 -1.01443157E+00  4.40597534E-01  4.76216994E+00  4.80625333E-01  2.72461930E-01
 -7.04527831E-01  1.00000000E+00  4.70744497E-01 -1.01450718E+00  4.40475140E-01  4.76132492E+00  4.80740017E-01  2.72400858E-01
 -6.82735615E-01  1.00000000E+00  4.62688151E-01 -1.01458279E+00  4.40380103E-01  4.76048010E+00  4.80854723E-01  2.72339797E-01
 -6.62251087E-01  1.00000000E+00  4.55215167E-01 -1.01435399E+00  4.40404611E-01  4.76062238E+00  4.80739677E-01  2.72356172E-01
 -6.41766559E-01  1.00000000E+00  4.47742183E-01 -1.01412520E+00  4.40445315E-01  4.76076472E+00  4.80624658E-01  2.72372550E-01
 -6.22511254E-01  1.00000000E+00  4.40841816E-01 -1.01406593E+00  4.40477114E-01  4.76083869E+00  4.80592995E-01  2.72379272E-01
 -6.03255949E-01  1.00000000E+00  4.33941449E-01 -1.01400667E+00  4.40544633E-01  4.76091267E+00  4.80561334E-01  2.72385994E-01
 -5.85156097E-01  1.00000000E+00  4.27577489E-01 -1.01416602E+00  4.40645256E-01  4.76143171E+00  4.80581477E-01  2.72417742E-01
 -5.67056245E-01  1.00000000E+00  4.21213529E-01 -1.01432538E+00  4.40784516E-01  4.76195081E+00  4.80601627E-01  2.72449493E-01
 -5.50042515E-01  1.00000000E+00  4.15329348E-01 -1.01426477E+00  4.41058715E-01  4.76383674E+00  4.80396800E-01  2.72582542E-01
 -5.33028786E-01  1.00000000E+00  4.09445168E-01 -1.01420417E+00  4.41331811E-01  4.76572356E+00  4.80192051E-01  2.72715641E-01
 -5.17036006E-01  1.00000000E+00  4.04067257E-01 -1.01452028E+00  4.41653041E-01  4.76797334E+00  4.80124536E-01  2.72863106E-01
 -5.01043227E-01  1.00000000E+00  3.98689346E-01 -1.01483651E+00  4.41987783E-01  4.77022419E+00  4.80057080E-01  2.73010634E-01
 -4.86010125E-01  1.00000000E+00  3.93743317E-01 -1.01488020E+00  4.42434112E-01  4.77289530E+00  4.79823763E-01  2.73195461E-01
 -4.70977023E-01  1.00000000E+00  3.88797288E-01 -1.01492393E+00  4.42957406E-01  4.77556807E+00  4.79590565E-01  2.73380386E-01
 -4.56846016E-01  1.00000000E+00  3.84298531E-01 -1.01520957E+00  4.43490209E-01  4.77972059E+00  4.79325045E-01  2.73661535E-01
 -4.42715008E-01  1.00000000E+00  3.79799774E-01 -1.01549546E+00  4.44131413E-01  4.78387691E+00  4.79059753E-01  2.73942910E-01
 -4.29431964E-01  1.00000000E+00  3.75704072E-01 -1.01579501E+00  4.44949153E-01  4.78884289E+00  4.78731791E-01  2.74279798E-01
 -4.16148920E-01  1.00000000E+00  3.71608369E-01 -1.01609488E+00  4.45783422E-01  4.79381433E+00  4.78404146E-01  2.74617012E-01
 -4.03662954E-01  1.00000000E+00  3.67909035E-01 -1.01613979E+00  4.46553278E-01  4.79910283E+00  4.77932851E-01  2.74983544E-01
 -3.91176988E-01  1.00000000E+00  3.64209701E-01 -1.01618487E+00  4.47507542E-01  4.80439785E+00  4.77462023E-01  2.75350462E-01
 -3.79440270E-01  1.00000000E+00  3.60824371E-01 -1.01679229E+00  4.48538930E-01  4.81099352E+00  4.77112595E-01  2.75792422E-01
 -3.67703552E-01  1.00000000E+00  3.57439042E-01 -1.01740050E+00  4.49666751E-01  4.81759850E+00  4.76763700E-01  2.76234942E-01
 -3.56671122E-01  1.00000000E+00  3.54503315E-01 -1.01779534E+00  4.50961325E-01  4.82580628E+00  4.76177638E-01  2.76794550E-01
 -3.45638692E-01  1.00000000E+00  3.51567588E-01 -1.01819094E+00  4.52233592E-01  4.83402900E+00  4.75592498E-01  2.77355050E-01
 -3.35268287E-01  1.00000000E+00  3.48883504E-01 -1.01858658E+00  4.53426891E-01  4.84203561E+00  4.75032187E-01  2.77900218E-01
 -3.24897882E-01  1.00000000E+00  3.46199419E-01 -1.01898296E+00  4.54854350E-01  4.85005638E+00  4.74472728E-01  2.78446232E-01
 -3.15149775E-01  1.00000000E+00  3.43823731E-01 -1.01940251E+00  4.56453089E-01  4.85952915E+00  4.73798394E-01  2.79091957E-01
 -3.05401669E-01  1.00000000E+00  3.41448043E-01 -1.01982301E+00  4.58101520E-01  4.86902177E+00  4.73125242E-01  2.79738870E-01
 -2.96238520E-01  1.00000000E+00  3.39367422E-01 -1.02004315E+00  4.59780217E-01  4.88080336E+00  4.72149857E-01  2.80550678E-01
 -2.87075371E-01  1.00000000E+00  3.37286801E-01 -1.02026430E+00  4.61756650E-01  4.89261643E+00  4.71176602E-01  2.81364352E-01
 -2.78462077E-01  1.00000000E+00  3.35553248E-01 -1.02111707E+00  4.63825288E-01  4.90486481E+00  4.70439104E-01  2.82190726E-01
 -2.69848783E-01  1.00000000E+00  3.33819695E-01 -1.02197198E+00  4.65899329E-01  4.91714526E+00  4.69703430E-01  2.83019026E-01
 -2.61752348E-01  1.00000000E+00  3.32343158E-01 -1.02294813E+00  4.67925917E-01  4.93039535E+00  4.68942563E-01  2.83910632E-01
 -2.53655913E-01  1.00000000E+00  3.30866622E-01 -1.02392686E+00  4.70140463E-01  4.94368265E+00  4.68183740E-01  2.84804476E-01
 -2.46045323E-01  1.00000000E+00  3.29645302E-01 -1.02398724E+00  4.72544521E-01  4.95795543E+00  4.66952633E-01  2.85791087E-01
 -2.38434732E-01  1.00000000E+00  3.28423981E-01 -1.02404862E+00  4.74998242E-01  4.97227450E+00  4.65724709E-01  2.86780441E-01
 -2.31280830E-01  1.00000000E+00  3.27422976E-01 -1.02455089E+00  4.77479735E-01  4.98696898E+00  4.64659599E-01  2.87783324E-01
 -2.24126928E-01  1.00000000E+00  3.26421971E-01 -1.02505504E+00  4.80117614E-01  5.00171047E+00  4.63597297E-01  2.88789020E-01
 -2.17402314E-01  1.00000000E+00  3.25663770E-01 -1.02664081E+00  4.82783501E-01  5.01876009E+00  4.62785841E-01  2.89925634E-01
 -2.10677699E-01  1.00000000E+00  3.24905569E-01 -1.02823163E+00  4.85552572E-01  5.03586933E+00  4.61977527E-01  2.91065842E-01
 -2.04351753E-01  1.00000000E+00  3.24421932E-01 -1.02888358E+00  4.88583315E-01  5.05456948E+00  4.60651208E-01  2.92340254E-01
 -1.98025807E-01  1.00000000E+00  3.23938296E-01 -1.02953854E+00  4.91658385E-01  5.07334470E+00  4.59329314E-01  2.93619161E-01
 -1.91837501E-01  1.00000000E+00  3.23602618E-01 -1.03066928E+00  4.95013357E-01  5.09326830E+00  4.58126128E-01  2.94963593E-01
 -1.85649194E-01  1.00000000E+00  3.23266940E-01 -1.03180455E+00  4.98484868E-01  5.11327455E+00  4.56927337E-01  2.96313005E-01
 -1.79460888E-01  1.00000000E+00  3.23181515E-01 -1.03158285E+00  5.02454481E-01  5.13659723E+00  4.54900973E-01  2.97926125E-01
 -1.73272582E-01  1.00000000E+00  3.23096091E-01 -1.03136255E+00  5.06564741E-01  5.16004138E+00  4.52882918E-01  2.99546448E-01
 -1.67084275E-01  1.00000000E+00  3.23333789E-01 -1.03373641E+00  5.10903552E-01  5.18626270E+00  4.51708396E-01  3.01289819E-01
 -1.60895969E-01  1.00000000E+00  3.23571486E-01 -1.03612146E+00  5.15423594E-01  5.21262069E+00  4.50540605E-01  3.03041460E-01
 -1.54707662E-01  1.00000000E+00  3.24014003E-01 -1.03632252E+00  5.20744891E-01  5.24365911E+00  4.48129650E-01  3.05170056E-01
 -1.48519356E-01  1.00000000E+00  3.24456519E-01 -1.03652759E+00  5.26198853E-01  5.27490378E+00  4.45731359E-01  3.07310972E-01
 -1.42331049E-01  1.00000000E+00  3.25497507E-01 -1.03920322E+00  5.32516355E-01  5.31130770E+00  4.43944586E-01  3.09741289E-01
 -1.36142743E-01  1.00000000E+00  3.26538495E-01 -1.04189630E+00  5.39044377E-01  5.34797231E+00  4.42170266E-01  3.12187403E-01
 -1.29954436E-01  1.00000000E+00  3.28017726E-01 -1.04270986E+00  5.45820960E-01  5.38729225E+00  4.39479143E-01  3.14860834E-01
 -1.23766130E-01  1.00000000E+00  3.29496957E-01 -1.04353187E+00  5.53294106E-01  5.42692856E+00  4.36805248E-01  3.17553301E-01
 -1.17577823E-01  1.00000000E+00  3.31435850E-01 -1.04588319E+00  5.61811626E-01  5.47640761E+00  4.34024903E-01  3.20878899E-01
 -1.11389517E-01  1.00000000E+00  3.33374743E-01 -1.04825623E+00  5.70917613E-01  5.52636514E+00  4.31267557E-01  3.24233483E-01
 -1.05201210E-01  1.00000000E+00  3.36395607E-01 -1.05074191E+00  5.81922397E-01  5.58862184E+00  4.27711799E-01  3.28421548E-01
 -9.90129037E-02  1.00000000E+00  3.39416471E-01 -1.05325678E+00  5.93372704E-01  5.65162742E+00  4.24191671E-01  3.32655003E-01
 -9.28245972E-02  1.00000000E+00  3.43646956E-01 -1.05241146E+00  6.06936817E-01  5.72226812E+00  4.18968597E-01  3.37482697E-01
 -8.66362908E-02  1.00000000E+00  3.47877441E-01 -1.05156866E+00  6.20946667E-01  5.79391322E+00  4.13802783E-01  3.42370664E-01
 -8.04479843E-02  1.00000000E+00  3.52979268E-01 -1.05888596E+00  6.37923166E-01  5.88463893E+00  4.10486229E-01  3.48355172E-01
 -7.42596778E-02  1.00000000E+00  3.58081095E-01 -1.06630664E+00  6.56177993E-01  5.97682159E+00  4.07226778E-01  3.54428761E-01
 -6.80713713E-02  1.00000000E+00  3.67339094E-01 -1.05639320E+00  6.78550029E-01  6.09128911E+00  3.96546720E-01  3.62392698E-01
 -6.18830648E-02  1.00000000E+00  3.76597093E-01 -1.04636994E+00  7.03644868E-01  6.20856609E+00  3.86081350E-01  3.70521756E-01
 -5.56947583E-02  1.00000000E+00  3.82530403E-01 -1.09982403E+00  7.34942284E-01  6.40235203E+00  3.92997924E-01  3.82413443E-01
 -4.95064519E-02  1.00000000E+00  3.88463712E-01 -1.15499899E+00  7.65897984E-01  6.60268067E+00  4.00581567E-01  3.94679034E-01
 -4.33181454E-02  1.00000000E+00  4.39818213E-01 -1.04697851E+00  8.04287658E-01  6.66870561E+00  3.61465024E-01  4.01369856E-01
 -3.71298389E-02  1.00000000E+00  4.91172714E-01 -9.39458949E-01  8.61791549E-01  6.74643322E+00  3.26154917E-01  4.08563165E-01
 -3.09415324E-02  1.00000000E+00  4.02389658E-01 -7.90724619E-01  9.32793009E-01  6.60748412E+00  2.93735742E-01  4.01783988E-01
 -2.47532259E-02  1.00000000E+00  3.13606601E-01 -6.46717794E-01  9.80855452E-01  6.48520963E+00  2.67017729E-01  3.95703121E-01
 -1.85649194E-02  1.00000000E+00  7.81005873E-01 -1.69901393E+00  1.07453524E+00  8.73873136E+00  4.83961938E-01  5.25303509E-01
 -1.23766130E-02  1.00000000E+00  1.24840514E+00 -3.28106401E+00  1.26300335E+00  1.23517987E+01  9.82669484E-01  7.23490043E-01
 -6.18830648E-03  1.00000000E+00  4.49928602E-01  9.84226229E-01  2.36066351E+00  8.71891056E+00  2.68795659E-01  5.37734585E-01
  0.00000000E+00  1.00000000E+00 -3.48547942E-01  7.35009587E+00  5.69776650E+00  1.61048891E+01  3.44003409E+00  8.05945316E-01
