# model=oldroyd  theta_MLE: lambda=0.396708, beta=0.282106, eta_0=0.846403
# delta(x) = y_clean(x) - y_model(x; theta_MLE)   (x from curve4_x.txt)
# columns: x  delta
5.000000000000000000e+00 -7.905263939810280860e-03
4.950333040000000295e+00 -7.905303443341837877e-03
4.900666089999999642e+00 -7.905325343949387573e-03
4.850999129999999937e+00 -7.905344127514313257e-03
4.801332180000000172e+00 -7.905367139011243438e-03
4.751665219999999579e+00 -7.905378423651132636e-03
4.701998269999999813e+00 -7.905384648088098487e-03
4.652331310000000109e+00 -7.905400783625005090e-03
4.602664360000000343e+00 -7.905405443836999169e-03
4.552997399999999750e+00 -7.905415204945587249e-03
4.503330449999999985e+00 -7.905415723030495556e-03
4.453663490000000280e+00 -7.905418022064569783e-03
4.403996539999999627e+00 -7.905430145906722217e-03
4.354329579999999922e+00 -7.905434323744575664e-03
4.304662630000000156e+00 -7.905449622988669489e-03
4.254995669999999564e+00 -7.905460573378597644e-03
4.205328709999999859e+00 -7.905472844528471654e-03
4.155661760000000093e+00 -7.905498501485030971e-03
4.105994800000000389e+00 -7.905522374291429344e-03
4.056327849999999735e+00 -7.905555864849977965e-03
4.006660890000000030e+00 -7.905598197909480263e-03
3.956993939999999821e+00 -7.905653178003513304e-03
3.907326980000000116e+00 -7.905720215630518410e-03
3.857660029999999907e+00 -7.905803675303690881e-03
3.807993070000000202e+00 -7.905897362168845532e-03
3.758326119999999992e+00 -7.906005781393998788e-03
3.708659159999999844e+00 -7.906137005846414212e-03
3.658992210000000078e+00 -7.906290300436769058e-03
3.609325249999999929e+00 -7.906459871278803675e-03
3.559658300000000164e+00 -7.906658232553098742e-03
3.509991340000000015e+00 -7.906893098785117147e-03
3.460324389999999806e+00 -7.907149998811702218e-03
3.410657430000000101e+00 -7.907436103959275542e-03
3.360990469999999952e+00 -7.907739576364036793e-03
3.311323520000000187e+00 -7.908085317312796292e-03
3.261656560000000038e+00 -7.908467534755159178e-03
3.211989609999999828e+00 -7.908873837984664590e-03
3.162322650000000124e+00 -7.909301940216328930e-03
3.112655699999999914e+00 -7.909773982057499708e-03
3.062988740000000210e+00 -7.910246562878864296e-03
3.013321790000000000e+00 -7.910750775850017291e-03
2.963654829999999851e+00 -7.911252949604596907e-03
2.913987880000000086e+00 -7.911766504168360470e-03
2.864320919999999937e+00 -7.912248065881533066e-03
2.814653970000000172e+00 -7.912695326341090407e-03
2.764987010000000023e+00 -7.913095339806996975e-03
2.715320059999999813e+00 -7.913436014500119242e-03
2.665653100000000109e+00 -7.913654971833272711e-03
2.615986139999999960e+00 -7.913751328483487057e-03
2.566319190000000194e+00 -7.913679438575682568e-03
2.516652230000000046e+00 -7.913383969208265256e-03
2.466985279999999836e+00 -7.912822814422515449e-03
2.417318320000000131e+00 -7.911931819019724088e-03
2.367651369999999922e+00 -7.910620268381185483e-03
2.317984410000000217e+00 -7.908842441343155727e-03
2.268317460000000008e+00 -7.906495944742131243e-03
2.218650499999999859e+00 -7.903467959962551248e-03
2.168983550000000093e+00 -7.899668858657005188e-03
2.119316589999999945e+00 -7.894944207966325678e-03
2.069649640000000179e+00 -7.889184149484806952e-03
2.019982680000000030e+00 -7.882205795044727736e-03
1.970315730000000043e+00 -7.873835110558502492e-03
1.920648769999999894e+00 -7.863895588494429489e-03
1.870981809999999967e+00 -7.852188836874995914e-03
1.821314859999999980e+00 -7.838447206838017323e-03
1.771647900000000053e+00 -7.822439538833547701e-03
1.721980950000000066e+00 -7.803908612008303436e-03
1.672313989999999917e+00 -7.782634120347964313e-03
1.622647039999999929e+00 -7.758182108203781624e-03
1.572980080000000003e+00 -7.730310110965588066e-03
1.523313130000000015e+00 -7.698550370979218016e-03
1.473646170000000089e+00 -7.662625732726802141e-03
1.423979220000000101e+00 -7.622068018078076435e-03
1.374312259999999952e+00 -7.576658172817163361e-03
1.324645309999999965e+00 -7.525741766734705962e-03
1.274978350000000038e+00 -7.468846038378496033e-03
1.225311400000000051e+00 -7.405696236790548781e-03
1.175644439999999902e+00 -7.335663550566140501e-03
1.125977479999999975e+00 -7.258481221697143937e-03
1.076310529999999988e+00 -7.173107655020771745e-03
1.026643570000000061e+00 -7.079861880387783302e-03
9.769766189999999906e-01 -6.977070607036672811e-03
9.273096640000000335e-01 -6.865731112293493865e-03
8.776427079999999936e-01 -6.743925968668573745e-03
8.279757530000000365e-01 -6.611008208649904461e-03
7.786002389999999718e-01 -6.468158932495970959e-03
7.317317880000000496e-01 -6.321007673800282944e-03
6.876846269999999928e-01 -6.173310465239056910e-03
6.462889219999999879e-01 -6.024673116098000492e-03
6.073850619999999756e-01 -5.875928975609845395e-03
5.708230460000000006e-01 -5.727871541479245820e-03
5.364619149999999559e-01 -5.580181027552644224e-03
5.041691750000000249e-01 -5.433563829406740098e-03
4.738203240000000149e-01 -5.289514619485569114e-03
4.452983460000000115e-01 -5.147859445102209719e-03
4.184932690000000011e-01 -5.006988004028656292e-03
3.933017460000000076e-01 -4.868634612827049679e-03
3.696266380000000074e-01 -4.733352810193602878e-03
3.473766770000000226e-01 -4.600544834060027455e-03
3.264660690000000254e-01 -4.469962673040672740e-03
3.068141939999999845e-01 -4.341259436912547898e-03
2.883452770000000109e-01 -4.216974137467133232e-03
2.709881089999999770e-01 -4.095200084184291711e-03
2.546757709999999952e-01 -3.975180185740834204e-03
2.393453670000000033e-01 -3.859636951332845456e-03
2.249377889999999991e-01 -3.745118406032199587e-03
2.113974849999999961e-01 -3.632654731988704810e-03
1.986678209999999944e-01 -3.524673105624653857e-03
1.862510820000000122e-01 -3.414458936886521911e-03
1.738343440000000018e-01 -3.300464762214572190e-03
1.614176049999999918e-01 -3.181223408212918713e-03
1.490008660000000096e-01 -3.054975098696344205e-03
1.365841269999999996e-01 -2.923791722559521133e-03
1.241673880000000035e-01 -2.784371025678300526e-03
1.117506489999999936e-01 -2.638087769814889683e-03
9.933391060000000550e-02 -2.482356785635797536e-03
8.691717179999999821e-02 -2.314420727461019567e-03
7.450043300000000479e-02 -2.132408943974040128e-03
6.208369419999999750e-02 -1.932619553344228081e-03
4.966695530000000275e-02 -1.699713878130282296e-03
3.725021650000000240e-02 -1.436105368692874862e-03
2.483347769999999857e-02 -1.104139039485030338e-03
1.241673880000000035e-02 -6.627964935261854151e-04
0.000000000000000000e+00 0.000000000000000000e+00
