# curve 5 (die wall), step =      800, time =   3.20000000E+02
# N1 = tau_xx - tau_yy = G ( c_xx - c_yy ),  G =  6.0000E-01  (polymer part only)
#              x               y        pressure            c_xy        gammadot            c_xx            c_yy              N1
 -3.00000000E+00  1.00000000E+00  2.59948603E+00 -1.99788886E-01  4.00044587E-01  1.07944172E+00  9.99608025E-01  4.79002143E-02
 -2.97524677E+00  1.00000000E+00  2.57968971E+00 -1.99787603E-01  4.00046049E-01  1.07944991E+00  9.99604909E-01  4.79070026E-02
 -2.95049355E+00  1.00000000E+00  2.55989340E+00 -1.99786320E-01  4.00046768E-01  1.07945811E+00  9.99601792E-01  4.79137909E-02
 -2.92574032E+00  1.00000000E+00  2.54009450E+00 -1.99787573E-01  4.00047542E-01  1.07945413E+00  9.99603390E-01  4.79104454E-02
 -2.90098710E+00  1.00000000E+00  2.52029561E+00 -1.99788826E-01  4.00048098E-01  1.07945015E+00  9.99604987E-01  4.79071000E-02
 -2.87623387E+00  1.00000000E+00  2.50049990E+00 -1.99791270E-01  4.00048216E-01  1.07943915E+00  9.99609251E-01  4.78979404E-02
 -2.85148064E+00  1.00000000E+00  2.48070420E+00 -1.99793713E-01  4.00048181E-01  1.07942815E+00  9.99613515E-01  4.78887809E-02
 -2.82672742E+00  1.00000000E+00  2.46090450E+00 -1.99790760E-01  4.00047476E-01  1.07944045E+00  9.99608845E-01  4.78989644E-02
 -2.80197419E+00  1.00000000E+00  2.44110480E+00 -1.99787807E-01  4.00047888E-01  1.07945275E+00  9.99604175E-01  4.79091479E-02
 -2.77722097E+00  1.00000000E+00  2.42130714E+00 -1.99788663E-01  4.00046968E-01  1.07944842E+00  9.99605624E-01  4.79056795E-02
 -2.75246774E+00  1.00000000E+00  2.40150947E+00 -1.99789519E-01  4.00046740E-01  1.07944409E+00  9.99607073E-01  4.79022111E-02
 -2.72771451E+00  1.00000000E+00  2.38171167E+00 -1.99788901E-01  4.00047421E-01  1.07944757E+00  9.99605883E-01  4.79050138E-02
 -2.70296129E+00  1.00000000E+00  2.36191387E+00 -1.99788283E-01  4.00047901E-01  1.07945105E+00  9.99604693E-01  4.79078164E-02
 -2.67820806E+00  1.00000000E+00  2.34211556E+00 -1.99789150E-01  4.00047425E-01  1.07944700E+00  9.99606193E-01  4.79044852E-02
 -2.65345484E+00  1.00000000E+00  2.32231726E+00 -1.99790018E-01  4.00047246E-01  1.07944295E+00  9.99607694E-01  4.79011541E-02
 -2.62870161E+00  1.00000000E+00  2.30252020E+00 -1.99789541E-01  4.00046950E-01  1.07944431E+00  9.99607181E-01  4.79022752E-02
 -2.60394839E+00  1.00000000E+00  2.28272314E+00 -1.99789063E-01  4.00046478E-01  1.07944566E+00  9.99606667E-01  4.79033964E-02
 -2.57919516E+00  1.00000000E+00  2.26292441E+00 -1.99788319E-01  4.00046805E-01  1.07944938E+00  9.99605289E-01  4.79064570E-02
 -2.55444193E+00  1.00000000E+00  2.24312568E+00 -1.99787576E-01  4.00047002E-01  1.07945311E+00  9.99603912E-01  4.79095176E-02
 -2.52968871E+00  1.00000000E+00  2.22332855E+00 -1.99789257E-01  4.00046783E-01  1.07944494E+00  9.99606951E-01  4.79027953E-02
 -2.50493548E+00  1.00000000E+00  2.20353143E+00 -1.99790938E-01  4.00046606E-01  1.07943678E+00  9.99609990E-01  4.78960730E-02
 -2.48018226E+00  1.00000000E+00  2.18373275E+00 -1.99788731E-01  4.00046100E-01  1.07944579E+00  9.99606595E-01  4.79035145E-02
 -2.45542903E+00  1.00000000E+00  2.16393406E+00 -1.99786524E-01  4.00046205E-01  1.07945479E+00  9.99603200E-01  4.79109560E-02
 -2.43067580E+00  1.00000000E+00  2.14413604E+00 -1.99786831E-01  4.00045453E-01  1.07945260E+00  9.99603854E-01  4.79092450E-02
 -2.40592258E+00  1.00000000E+00  2.12433803E+00 -1.99787139E-01  4.00045135E-01  1.07945040E+00  9.99604508E-01  4.79075339E-02
 -2.38116935E+00  1.00000000E+00  2.10454027E+00 -1.99786642E-01  4.00045485E-01  1.07945284E+00  9.99603710E-01  4.79094804E-02
 -2.35641613E+00  1.00000000E+00  2.08474251E+00 -1.99786145E-01  4.00045695E-01  1.07945529E+00  9.99602913E-01  4.79114269E-02
 -2.33166290E+00  1.00000000E+00  2.06494470E+00 -1.99786690E-01  4.00045029E-01  1.07945151E+00  9.99604189E-01  4.79083901E-02
 -2.30690967E+00  1.00000000E+00  2.04514689E+00 -1.99787235E-01  4.00044690E-01  1.07944772E+00  9.99605464E-01  4.79053533E-02
 -2.28215645E+00  1.00000000E+00  2.02534877E+00 -1.99787467E-01  4.00044120E-01  1.07944532E+00  9.99606305E-01  4.79034077E-02
 -2.25740322E+00  1.00000000E+00  2.00555065E+00 -1.99787700E-01  4.00043156E-01  1.07944292E+00  9.99607146E-01  4.79014621E-02
 -2.23265000E+00  1.00000000E+00  1.98575360E+00 -1.99788057E-01  4.00042790E-01  1.07943960E+00  9.99608330E-01  4.78987648E-02
 -2.20789677E+00  1.00000000E+00  1.96595655E+00 -1.99788415E-01  4.00042299E-01  1.07943629E+00  9.99609514E-01  4.78960675E-02
 -2.18314354E+00  1.00000000E+00  1.94615777E+00 -1.99786149E-01  4.00041153E-01  1.07944402E+00  9.99606522E-01  4.79024989E-02
 -2.15839032E+00  1.00000000E+00  1.92635899E+00 -1.99783883E-01  4.00040559E-01  1.07945175E+00  9.99603531E-01  4.79089303E-02
 -2.13363709E+00  1.00000000E+00  1.90656151E+00 -1.99783691E-01  4.00039048E-01  1.07944987E+00  9.99603945E-01  4.79075553E-02
 -2.10888387E+00  1.00000000E+00  1.88676402E+00 -1.99783499E-01  4.00038144E-01  1.07944799E+00  9.99604359E-01  4.79061803E-02
 -2.08413064E+00  1.00000000E+00  1.86696634E+00 -1.99782900E-01  4.00037520E-01  1.07944905E+00  9.99603889E-01  4.79070944E-02
 -2.05937741E+00  1.00000000E+00  1.84716866E+00 -1.99782300E-01  4.00036395E-01  1.07945010E+00  9.99603420E-01  4.79080086E-02
 -2.03462419E+00  1.00000000E+00  1.82737140E+00 -1.99781518E-01  4.00035159E-01  1.07944926E+00  9.99603560E-01  4.79074190E-02
 -2.00987096E+00  1.00000000E+00  1.80757415E+00 -1.99780736E-01  4.00033989E-01  1.07944842E+00  9.99603701E-01  4.79068294E-02
 -1.98511774E+00  1.00000000E+00  1.78777703E+00 -1.99780509E-01  4.00031840E-01  1.07944458E+00  9.99604871E-01  4.79038264E-02
 -1.96036451E+00  1.00000000E+00  1.76797991E+00 -1.99780281E-01  4.00029576E-01  1.07944075E+00  9.99606040E-01  4.79008234E-02
 -1.93561128E+00  1.00000000E+00  1.74818365E+00 -1.99779717E-01  4.00027745E-01  1.07943753E+00  9.99606935E-01  4.78983569E-02
 -1.91085806E+00  1.00000000E+00  1.72838738E+00 -1.99779152E-01  4.00025665E-01  1.07943431E+00  9.99607830E-01  4.78958903E-02
 -1.88610483E+00  1.00000000E+00  1.70859147E+00 -1.99778108E-01  4.00022602E-01  1.07943108E+00  9.99608692E-01  4.78934333E-02
 -1.86135161E+00  1.00000000E+00  1.68879555E+00 -1.99777065E-01  4.00019419E-01  1.07942785E+00  9.99609554E-01  4.78909762E-02
 -1.83659838E+00  1.00000000E+00  1.66899851E+00 -1.99773880E-01  4.00015861E-01  1.07943353E+00  9.99606809E-01  4.78960325E-02
 -1.81184516E+00  1.00000000E+00  1.64920146E+00 -1.99770696E-01  4.00012737E-01  1.07943921E+00  9.99604064E-01  4.79010887E-02
 -1.78709193E+00  1.00000000E+00  1.62940791E+00 -1.99770829E-01  4.00009632E-01  1.07942948E+00  9.99607358E-01  4.78932748E-02
 -1.76233870E+00  1.00000000E+00  1.60961436E+00 -1.99770962E-01  4.00005992E-01  1.07941975E+00  9.99610651E-01  4.78854609E-02
 -1.73758548E+00  1.00000000E+00  1.58981974E+00 -1.99768004E-01  4.00001044E-01  1.07942009E+00  9.99609719E-01  4.78862249E-02
 -1.71283225E+00  1.00000000E+00  1.57002512E+00 -1.99765046E-01  3.99996441E-01  1.07942043E+00  9.99608787E-01  4.78869889E-02
 -1.68807903E+00  1.00000000E+00  1.55023268E+00 -1.99763208E-01  3.99990619E-01  1.07941326E+00  9.99610668E-01  4.78815524E-02
 -1.66332580E+00  1.00000000E+00  1.53044024E+00 -1.99761369E-01  3.99983837E-01  1.07940608E+00  9.99612549E-01  4.78761159E-02
 -1.63857257E+00  1.00000000E+00  1.51064972E+00 -1.99756516E-01  3.99978017E-01  1.07941107E+00  9.99609727E-01  4.78808055E-02
 -1.61381935E+00  1.00000000E+00  1.49085920E+00 -1.99751663E-01  3.99972326E-01  1.07941606E+00  9.99606904E-01  4.78854950E-02
 -1.58906612E+00  1.00000000E+00  1.47107016E+00 -1.99748705E-01  3.99964139E-01  1.07940875E+00  9.99608485E-01  4.78801571E-02
 -1.56431290E+00  1.00000000E+00  1.45128111E+00 -1.99745746E-01  3.99955477E-01  1.07940143E+00  9.99610066E-01  4.78748192E-02
 -1.53955967E+00  1.00000000E+00  1.43149571E+00 -1.99740082E-01  3.99947685E-01  1.07940541E+00  9.99607346E-01  4.78788390E-02
 -1.51480644E+00  1.00000000E+00  1.41171031E+00 -1.99734417E-01  3.99939427E-01  1.07940939E+00  9.99604625E-01  4.78828588E-02
 -1.49005322E+00  1.00000000E+00  1.39192840E+00 -1.99729785E-01  3.99929607E-01  1.07940404E+00  9.99605182E-01  4.78793123E-02
 -1.46529999E+00  1.00000000E+00  1.37214649E+00 -1.99725153E-01  3.99919807E-01  1.07939868E+00  9.99605739E-01  4.78757657E-02
 -1.44054677E+00  1.00000000E+00  1.35237102E+00 -1.99721916E-01  3.99909331E-01  1.07938399E+00  9.99609998E-01  4.78643931E-02
 -1.41579354E+00  1.00000000E+00  1.33259555E+00 -1.99718680E-01  3.99896832E-01  1.07936929E+00  9.99614257E-01  4.78530207E-02
 -1.39104031E+00  1.00000000E+00  1.31282237E+00 -1.99709344E-01  3.99884094E-01  1.07937792E+00  9.99608935E-01  4.78613902E-02
 -1.36628709E+00  1.00000000E+00  1.29304919E+00 -1.99700008E-01  3.99873079E-01  1.07938655E+00  9.99603613E-01  4.78697598E-02
 -1.34153386E+00  1.00000000E+00  1.27328583E+00 -1.99694796E-01  3.99859977E-01  1.07937736E+00  9.99605144E-01  4.78633273E-02
 -1.31678064E+00  1.00000000E+00  1.25352246E+00 -1.99689584E-01  3.99846677E-01  1.07936817E+00  9.99606675E-01  4.78568949E-02
 -1.29202741E+00  1.00000000E+00  1.23376751E+00 -1.99683100E-01  3.99833509E-01  1.07936140E+00  9.99607434E-01  4.78523826E-02
 -1.26727418E+00  1.00000000E+00  1.21401256E+00 -1.99676615E-01  3.99819954E-01  1.07935464E+00  9.99608192E-01  4.78478703E-02
 -1.24252096E+00  1.00000000E+00  1.19427148E+00 -1.99672060E-01  3.99807773E-01  1.07934069E+00  9.99612077E-01  4.78371660E-02
 -1.21776773E+00  1.00000000E+00  1.17453040E+00 -1.99667504E-01  3.99791457E-01  1.07932673E+00  9.99615962E-01  4.78264617E-02
 -1.19301451E+00  1.00000000E+00  1.15479821E+00 -1.99657567E-01  3.99777809E-01  1.07933717E+00  9.99609517E-01  4.78365906E-02
 -1.16826128E+00  1.00000000E+00  1.13506603E+00 -1.99647629E-01  3.99768703E-01  1.07934761E+00  9.99603073E-01  4.78467196E-02
 -1.14350806E+00  1.00000000E+00  1.11535527E+00 -1.99644905E-01  3.99758510E-01  1.07933507E+00  9.99607074E-01  4.78367983E-02
 -1.11875483E+00  1.00000000E+00  1.09564451E+00 -1.99642180E-01  3.99748647E-01  1.07932254E+00  9.99611075E-01  4.78268771E-02
 -1.09400160E+00  1.00000000E+00  1.07595578E+00 -1.99641514E-01  3.99745360E-01  1.07931958E+00  9.99611697E-01  4.78247310E-02
 -1.06924838E+00  1.00000000E+00  1.05626704E+00 -1.99640848E-01  3.99742484E-01  1.07931663E+00  9.99612318E-01  4.78225848E-02
 -1.04449515E+00  1.00000000E+00  1.03660116E+00 -1.99639646E-01  3.99742035E-01  1.07932162E+00  9.99610612E-01  4.78266075E-02
 -1.01974193E+00  1.00000000E+00  1.01693528E+00 -1.99638444E-01  3.99742453E-01  1.07932662E+00  9.99608906E-01  4.78306303E-02
 -9.94988700E-01  1.00000000E+00  9.97303064E-01 -1.99646974E-01  3.99756139E-01  1.07933100E+00  9.99610712E-01  4.78321702E-02
 -9.70235474E-01  1.00000000E+00  9.77670851E-01 -1.99655504E-01  3.99775891E-01  1.07933537E+00  9.99612519E-01  4.78337102E-02
 -9.45482248E-01  1.00000000E+00  9.58076062E-01 -1.99673486E-01  3.99807767E-01  1.07935007E+00  9.99611165E-01  4.78433459E-02
 -9.20729022E-01  1.00000000E+00  9.38481273E-01 -1.99691468E-01  3.99844595E-01  1.07936478E+00  9.99609811E-01  4.78529816E-02
 -8.95975796E-01  1.00000000E+00  9.18933598E-01 -1.99715491E-01  3.99897020E-01  1.07939266E+00  9.99606743E-01  4.78715500E-02
 -8.71222570E-01  1.00000000E+00  8.99385923E-01 -1.99739515E-01  3.99956975E-01  1.07942054E+00  9.99603675E-01  4.78901188E-02
 -8.46469344E-01  1.00000000E+00  8.79889640E-01 -1.99792834E-01  4.00054778E-01  1.07945517E+00  9.99608263E-01  4.79081447E-02
 -8.21716118E-01  1.00000000E+00  8.60393357E-01 -1.99846153E-01  4.00156736E-01  1.07948981E+00  9.99612855E-01  4.79261711E-02
 -7.97201467E-01  1.00000000E+00  8.41161014E-01 -1.99923057E-01  4.00307346E-01  1.07954609E+00  9.99614214E-01  4.79591275E-02
 -7.72686817E-01  1.00000000E+00  8.21928672E-01 -1.99999963E-01  4.00463695E-01  1.07960239E+00  9.99615579E-01  4.79920851E-02
 -7.49503432E-01  1.00000000E+00  8.03812121E-01 -2.00102510E-01  4.00658746E-01  1.07969080E+00  9.99610400E-01  4.80482423E-02
 -7.26320047E-01  1.00000000E+00  7.85695570E-01 -2.00205064E-01  4.00876010E-01  1.07977924E+00  9.99605231E-01  4.81044026E-02
 -7.04527831E-01  1.00000000E+00  7.68737712E-01 -2.00344224E-01  4.01136188E-01  1.07987941E+00  9.99616171E-01  4.81579464E-02
 -6.82735615E-01  1.00000000E+00  7.51779853E-01 -2.00483396E-01  4.01418714E-01  1.07997962E+00  9.99627128E-01  4.82114943E-02
 -6.62251087E-01  1.00000000E+00  7.35932829E-01 -2.00659272E-01  4.01762417E-01  1.08012793E+00  9.99617028E-01  4.83065425E-02
 -6.41766559E-01  1.00000000E+00  7.20085806E-01 -2.00835165E-01  4.02136389E-01  1.08027629E+00  9.99606958E-01  4.84015994E-02
 -6.22511254E-01  1.00000000E+00  7.05258076E-01 -2.01044207E-01  4.02544657E-01  1.08045293E+00  9.99601911E-01  4.85106105E-02
 -6.03255949E-01  1.00000000E+00  6.90430346E-01 -2.01253274E-01  4.02990429E-01  1.08062963E+00  9.99596905E-01  4.86196343E-02
 -5.85156097E-01  1.00000000E+00  6.76579018E-01 -2.01516336E-01  4.03499387E-01  1.08083378E+00  9.99602240E-01  4.87389258E-02
 -5.67056245E-01  1.00000000E+00  6.62727690E-01 -2.01779438E-01  4.04043648E-01  1.08103803E+00  9.99607639E-01  4.88582342E-02
 -5.50042515E-01  1.00000000E+00  6.49792146E-01 -2.02096275E-01  4.04673575E-01  1.08130646E+00  9.99593549E-01  4.90277467E-02
 -5.33028786E-01  1.00000000E+00  6.36856603E-01 -2.02413169E-01  4.05330008E-01  1.08157504E+00  9.99579555E-01  4.91972880E-02
 -5.17036006E-01  1.00000000E+00  6.24798866E-01 -2.02795245E-01  4.06056217E-01  1.08187467E+00  9.99587372E-01  4.93723797E-02
 -5.01043227E-01  1.00000000E+00  6.12741129E-01 -2.03177404E-01  4.06835948E-01  1.08217451E+00  9.99595325E-01  4.95475079E-02
 -4.86010125E-01  1.00000000E+00  6.01490960E-01 -2.03612940E-01  4.07674582E-01  1.08252826E+00  9.99593430E-01  4.97608964E-02
 -4.70977023E-01  1.00000000E+00  5.90240790E-01 -2.04048583E-01  4.08585635E-01  1.08288227E+00  9.99591712E-01  4.99743354E-02
 -4.56846016E-01  1.00000000E+00  5.79738319E-01 -2.04532688E-01  4.09549787E-01  1.08328669E+00  9.99580865E-01  5.02234962E-02
 -4.42715008E-01  1.00000000E+00  5.69235847E-01 -2.05016927E-01  4.10588087E-01  1.08369144E+00  9.99570238E-01  5.04727227E-02
 -4.29431964E-01  1.00000000E+00  5.59494239E-01 -2.05626414E-01  4.11727559E-01  1.08417662E+00  9.99580378E-01  5.07577442E-02
 -4.16148920E-01  1.00000000E+00  5.49752630E-01 -2.06236114E-01  4.12942433E-01  1.08466230E+00  9.99590863E-01  5.10428609E-02
 -4.03662954E-01  1.00000000E+00  5.40677450E-01 -2.06854443E-01  4.14152628E-01  1.08517813E+00  9.99583486E-01  5.13567880E-02
 -3.91176988E-01  1.00000000E+00  5.31602269E-01 -2.07472994E-01  4.15480648E-01  1.08569450E+00  9.99576466E-01  5.16708222E-02
 -3.79440270E-01  1.00000000E+00  5.23110983E-01 -2.08205248E-01  4.16911852E-01  1.08630056E+00  9.99572892E-01  5.20365988E-02
 -3.67703552E-01  1.00000000E+00  5.14619696E-01 -2.08937813E-01  4.18419261E-01  1.08690736E+00  9.99569818E-01  5.24025233E-02
 -3.56671122E-01  1.00000000E+00  5.06817490E-01 -2.09743488E-01  4.20009183E-01  1.08758893E+00  9.99557147E-01  5.28190690E-02
 -3.45638692E-01  1.00000000E+00  4.99015283E-01 -2.10549543E-01  4.21674421E-01  1.08827142E+00  9.99545084E-01  5.32358012E-02
 -3.35268287E-01  1.00000000E+00  4.91723564E-01 -2.11419818E-01  4.23357215E-01  1.08899693E+00  9.99549126E-01  5.36686805E-02
 -3.24897882E-01  1.00000000E+00  4.84431844E-01 -2.12290539E-01  4.25181487E-01  1.08972349E+00  9.99553872E-01  5.41017720E-02
 -3.15149775E-01  1.00000000E+00  4.77736490E-01 -2.13296669E-01  4.27114587E-01  1.09053689E+00  9.99584718E-01  5.45713040E-02
 -3.05401669E-01  1.00000000E+00  4.71041136E-01 -2.14303395E-01  4.29107831E-01  1.09135167E+00  9.99616499E-01  5.50411027E-02
 -2.96238520E-01  1.00000000E+00  4.64762081E-01 -2.15341220E-01  4.31128061E-01  1.09229383E+00  9.99568816E-01  5.56350069E-02
 -2.87075371E-01  1.00000000E+00  4.58483027E-01 -2.16379698E-01  4.33374782E-01  1.09323759E+00  9.99522149E-01  5.62292660E-02
 -2.78462077E-01  1.00000000E+00  4.52730050E-01 -2.17565023E-01  4.35676431E-01  1.09427012E+00  9.99506197E-01  5.68583565E-02
 -2.69848783E-01  1.00000000E+00  4.46977073E-01 -2.18751192E-01  4.38102957E-01  1.09530468E+00  9.99491554E-01  5.74878737E-02
 -2.61752348E-01  1.00000000E+00  4.41704586E-01 -2.20007422E-01  4.40544101E-01  1.09636888E+00  9.99519983E-01  5.81093393E-02
 -2.53655913E-01  1.00000000E+00  4.36432098E-01 -2.21264613E-01  4.43121426E-01  1.09743530E+00  9.99549863E-01  5.87312606E-02
 -2.46045323E-01  1.00000000E+00  4.31566375E-01 -2.22603902E-01  4.45808417E-01  1.09864416E+00  9.99519071E-01  5.94750559E-02
 -2.38434732E-01  1.00000000E+00  4.26700652E-01 -2.23944293E-01  4.48574552E-01  1.09985567E+00  9.99489949E-01  6.02194341E-02
 -2.31280830E-01  1.00000000E+00  4.22250032E-01 -2.25393063E-01  4.51430537E-01  1.10114787E+00  9.99490863E-01  6.09942045E-02
 -2.24126928E-01  1.00000000E+00  4.17799413E-01 -2.26843140E-01  4.54394349E-01  1.10244312E+00  9.99493713E-01  6.17696434E-02
 -2.17402314E-01  1.00000000E+00  4.13684397E-01 -2.28403462E-01  4.57465668E-01  1.10385134E+00  9.99495093E-01  6.26137467E-02
 -2.10677699E-01  1.00000000E+00  4.09569382E-01 -2.29965316E-01  4.60635952E-01  1.10526312E+00  9.99498714E-01  6.34586426E-02
 -2.04351753E-01  1.00000000E+00  4.05871999E-01 -2.31629706E-01  4.63965090E-01  1.10682056E+00  9.99468131E-01  6.44114553E-02
 -1.98025807E-01  1.00000000E+00  4.02174616E-01 -2.33295865E-01  4.67367361E-01  1.10838216E+00  9.99440107E-01  6.53652333E-02
 -1.91837501E-01  1.00000000E+00  3.98682723E-01 -2.35186054E-01  4.71067763E-01  1.11009617E+00  9.99477894E-01  6.63709676E-02
 -1.85649194E-01  1.00000000E+00  3.95190829E-01 -2.37078540E-01  4.74870072E-01  1.11181539E+00  9.99518935E-01  6.73778741E-02
 -1.79460888E-01  1.00000000E+00  3.91891614E-01 -2.39173072E-01  4.79076234E-01  1.11389357E+00  9.99432890E-01  6.86764055E-02
 -1.73272582E-01  1.00000000E+00  3.88592399E-01 -2.41270502E-01  4.83414111E-01  1.11597865E+00  9.99350912E-01  6.99766449E-02
 -1.67084275E-01  1.00000000E+00  3.85392221E-01 -2.43715366E-01  4.88185612E-01  1.11829385E+00  9.99389265E-01  7.13427526E-02
 -1.60895969E-01  1.00000000E+00  3.82192043E-01 -2.46164205E-01  4.93155081E-01  1.12061802E+00  9.99433032E-01  7.27109919E-02
 -1.54707662E-01  1.00000000E+00  3.79246118E-01 -2.48939355E-01  4.98777232E-01  1.12345430E+00  9.99334774E-01  7.44717140E-02
 -1.48519356E-01  1.00000000E+00  3.76300193E-01 -2.51719747E-01  5.04592459E-01  1.12630294E+00  9.99243593E-01  7.62356051E-02
 -1.42331049E-01  1.00000000E+00  3.73777253E-01 -2.55168242E-01  5.11144104E-01  1.12968874E+00  9.99312893E-01  7.82255074E-02
 -1.36142743E-01  1.00000000E+00  3.71254314E-01 -2.58624906E-01  5.18112460E-01  1.13309276E+00  9.99392864E-01  8.02199403E-02
 -1.29954436E-01  1.00000000E+00  3.69089603E-01 -2.62417620E-01  5.25594946E-01  1.13708270E+00  9.99350586E-01  8.26392707E-02
 -1.23766130E-01  1.00000000E+00  3.66924892E-01 -2.66220584E-01  5.33622229E-01  1.14109605E+00  9.99321271E-01  8.50648657E-02
 -1.17577823E-01  1.00000000E+00  3.64957370E-01 -2.70922963E-01  5.42827138E-01  1.14619671E+00  9.99257986E-01  8.81632357E-02
 -1.11389517E-01  1.00000000E+00  3.62989848E-01 -2.75641471E-01  5.52534247E-01  1.15133418E+00  9.99214525E-01  9.12717942E-02
 -1.05201210E-01  1.00000000E+00  3.61905372E-01 -2.81460791E-01  5.63869508E-01  1.15782890E+00  9.99153667E-01  9.52051399E-02
 -9.90129037E-02  1.00000000E+00  3.60820897E-01 -2.87305407E-01  5.75820513E-01  1.16438107E+00  9.99122907E-01  9.91549001E-02
 -9.28245972E-02  1.00000000E+00  3.60721029E-01 -2.94174506E-01  5.89814296E-01  1.17269916E+00  9.98801037E-01  1.04338871E-01
 -8.66362908E-02  1.00000000E+00  3.60621161E-01 -3.01080512E-01  6.04564059E-01  1.18110386E+00  9.98521345E-01  1.09549507E-01
 -8.04479843E-02  1.00000000E+00  3.61405205E-01 -3.10669944E-01  6.22504268E-01  1.19250556E+00  9.98768504E-01  1.16242236E-01
 -7.42596778E-02  1.00000000E+00  3.62189248E-01 -3.20333461E-01  6.41844291E-01  1.20406944E+00  9.99094369E-01  1.22985042E-01
 -6.80713713E-02  1.00000000E+00  3.65462490E-01 -3.31296140E-01  6.65006581E-01  1.21979072E+00  9.97909027E-01  1.33129017E-01
 -6.18830648E-02  1.00000000E+00  3.68735732E-01 -3.42363892E-01  6.91058772E-01  1.23577489E+00  9.96831781E-01  1.43365864E-01
 -5.56947583E-02  1.00000000E+00  3.72644309E-01 -3.60362214E-01  7.23092878E-01  1.25962990E+00  9.97699139E-01  1.57158459E-01
 -4.95064519E-02  1.00000000E+00  3.76552886E-01 -3.78644819E-01  7.60607903E-01  1.28410310E+00  9.98830082E-01  1.71163808E-01
 -4.33181454E-02  1.00000000E+00  4.08649664E-01 -4.05235160E-01  8.08075785E-01  1.33067619E+00  9.95906095E-01  2.00862057E-01
 -3.71298389E-02  1.00000000E+00  4.40746443E-01 -4.32559842E-01  8.67294170E-01  1.37917380E+00  9.93581555E-01  2.31355348E-01
 -3.09415324E-02  1.00000000E+00  3.82150121E-01 -4.62524622E-01  9.54965002E-01  1.42129928E+00  9.98362891E-01  2.53761836E-01
 -2.47532259E-02  1.00000000E+00  3.23553799E-01 -4.93294430E-01  1.03530430E+00  1.46506500E+00  1.00378849E+00  2.76765902E-01
 -1.85649194E-02  1.00000000E+00  8.01790501E-01 -6.37959172E-01  1.18780526E+00  1.78609555E+00  1.00112838E+00  4.70980304E-01
 -1.23766130E-02  1.00000000E+00  1.28002720E+00 -8.08596003E-01  1.54319726E+00  2.18020372E+00  1.01278348E+00  7.00452145E-01
 -6.18830648E-03  1.00000000E+00 -1.46067333E-01 -3.75191773E-01  2.45779868E+00  2.93208461E+00  6.56224576E-01  1.36551602E+00
  0.00000000E+00  1.00000000E+00 -1.57216187E+00  1.54498141E-01  4.20678370E+00  4.32230711E+00  4.78925748E-01  2.30602882E+00
