# curve 5 (die wall), step =        1, time =   2.00000000E-01
# N1 = tau_xx - tau_yy = G ( c_xx - c_yy ),  G =  6.6667E-01  (polymer part only)
#              x               y        pressure            c_xy        gammadot            c_xx            c_yy              N1
 -3.00000000E+00  1.00000000E+00  2.25736584E+00  0.00000000E+00  3.99990019E-01  1.00000000E+00  1.00000000E+00  0.00000000E+00
 -2.95108291E+00  1.00000000E+00  2.22293909E+00  0.00000000E+00  3.99994139E-01  1.00000000E+00  1.00000000E+00  0.00000000E+00
 -2.90216582E+00  1.00000000E+00  2.18851234E+00  0.00000000E+00  3.99998036E-01  1.00000000E+00  1.00000000E+00  0.00000000E+00
 -2.85324873E+00  1.00000000E+00  2.15407254E+00  0.00000000E+00  3.99999684E-01  1.00000000E+00  1.00000000E+00  0.00000000E+00
 -2.80433164E+00  1.00000000E+00  2.11963275E+00  0.00000000E+00  4.00000124E-01  1.00000000E+00  1.00000000E+00  0.00000000E+00
 -2.75541455E+00  1.00000000E+00  2.08519531E+00  0.00000000E+00  4.00000141E-01  1.00000000E+00  1.00000000E+00  0.00000000E+00
 -2.70649746E+00  1.00000000E+00  2.05075787E+00  0.00000000E+00  4.00000079E-01  1.00000000E+00  1.00000000E+00  0.00000000E+00
 -2.65758037E+00  1.00000000E+00  2.01631999E+00  0.00000000E+00  3.99999910E-01  1.00000000E+00  1.00000000E+00  0.00000000E+00
 -2.60866328E+00  1.00000000E+00  1.98188211E+00  0.00000000E+00  3.99999691E-01  1.00000000E+00  1.00000000E+00  0.00000000E+00
 -2.55974619E+00  1.00000000E+00  1.94744436E+00  0.00000000E+00  3.99999420E-01  1.00000000E+00  1.00000000E+00  0.00000000E+00
 -2.51082911E+00  1.00000000E+00  1.91300662E+00  0.00000000E+00  3.99999121E-01  1.00000000E+00  1.00000000E+00  0.00000000E+00
 -2.46191202E+00  1.00000000E+00  1.87856885E+00  0.00000000E+00  3.99998726E-01  1.00000000E+00  1.00000000E+00  0.00000000E+00
 -2.41299493E+00  1.00000000E+00  1.84413109E+00  0.00000000E+00  3.99998291E-01  1.00000000E+00  1.00000000E+00  0.00000000E+00
 -2.36407784E+00  1.00000000E+00  1.80969342E+00  0.00000000E+00  3.99997661E-01  1.00000000E+00  1.00000000E+00  0.00000000E+00
 -2.31516075E+00  1.00000000E+00  1.77525574E+00  0.00000000E+00  3.99996953E-01  1.00000000E+00  1.00000000E+00  0.00000000E+00
 -2.26624366E+00  1.00000000E+00  1.74081818E+00  0.00000000E+00  3.99995945E-01  1.00000000E+00  1.00000000E+00  0.00000000E+00
 -2.21732657E+00  1.00000000E+00  1.70638062E+00  0.00000000E+00  3.99994790E-01  1.00000000E+00  1.00000000E+00  0.00000000E+00
 -2.16840948E+00  1.00000000E+00  1.67194319E+00  0.00000000E+00  3.99993255E-01  1.00000000E+00  1.00000000E+00  0.00000000E+00
 -2.11949239E+00  1.00000000E+00  1.63750576E+00  0.00000000E+00  3.99991548E-01  1.00000000E+00  1.00000000E+00  0.00000000E+00
 -2.07057530E+00  1.00000000E+00  1.60306908E+00  0.00000000E+00  3.99989122E-01  1.00000000E+00  1.00000000E+00  0.00000000E+00
 -2.02165821E+00  1.00000000E+00  1.56863239E+00  0.00000000E+00  3.99986329E-01  1.00000000E+00  1.00000000E+00  0.00000000E+00
 -1.97274112E+00  1.00000000E+00  1.53419626E+00  0.00000000E+00  3.99982988E-01  1.00000000E+00  1.00000000E+00  0.00000000E+00
 -1.92382403E+00  1.00000000E+00  1.49976014E+00  0.00000000E+00  3.99979042E-01  1.00000000E+00  1.00000000E+00  0.00000000E+00
 -1.87490694E+00  1.00000000E+00  1.46532562E+00  0.00000000E+00  3.99973943E-01  1.00000000E+00  1.00000000E+00  0.00000000E+00
 -1.82598985E+00  1.00000000E+00  1.43089110E+00  0.00000000E+00  3.99968236E-01  1.00000000E+00  1.00000000E+00  0.00000000E+00
 -1.77707276E+00  1.00000000E+00  1.39645973E+00  0.00000000E+00  3.99961076E-01  1.00000000E+00  1.00000000E+00  0.00000000E+00
 -1.72815567E+00  1.00000000E+00  1.36202835E+00  0.00000000E+00  3.99952197E-01  1.00000000E+00  1.00000000E+00  0.00000000E+00
 -1.67923858E+00  1.00000000E+00  1.32760133E+00  0.00000000E+00  3.99941107E-01  1.00000000E+00  1.00000000E+00  0.00000000E+00
 -1.63032150E+00  1.00000000E+00  1.29317431E+00  0.00000000E+00  3.99929264E-01  1.00000000E+00  1.00000000E+00  0.00000000E+00
 -1.58140441E+00  1.00000000E+00  1.25875360E+00  0.00000000E+00  3.99914916E-01  1.00000000E+00  1.00000000E+00  0.00000000E+00
 -1.53248732E+00  1.00000000E+00  1.22433289E+00  0.00000000E+00  3.99900435E-01  1.00000000E+00  1.00000000E+00  0.00000000E+00
 -1.48357023E+00  1.00000000E+00  1.18992616E+00  0.00000000E+00  3.99883589E-01  1.00000000E+00  1.00000000E+00  0.00000000E+00
 -1.43465314E+00  1.00000000E+00  1.15551942E+00  0.00000000E+00  3.99863264E-01  1.00000000E+00  1.00000000E+00  0.00000000E+00
 -1.38573605E+00  1.00000000E+00  1.12113012E+00  0.00000000E+00  3.99839121E-01  1.00000000E+00  1.00000000E+00  0.00000000E+00
 -1.33681896E+00  1.00000000E+00  1.08674083E+00  0.00000000E+00  3.99816391E-01  1.00000000E+00  1.00000000E+00  0.00000000E+00
 -1.28790187E+00  1.00000000E+00  1.05237966E+00  0.00000000E+00  3.99793102E-01  1.00000000E+00  1.00000000E+00  0.00000000E+00
 -1.23898478E+00  1.00000000E+00  1.01801849E+00  0.00000000E+00  3.99770389E-01  1.00000000E+00  1.00000000E+00  0.00000000E+00
 -1.19006769E+00  1.00000000E+00  9.83701058E-01  0.00000000E+00  3.99751652E-01  1.00000000E+00  1.00000000E+00  0.00000000E+00
 -1.14115060E+00  1.00000000E+00  9.49383627E-01  0.00000000E+00  3.99731547E-01  1.00000000E+00  1.00000000E+00  0.00000000E+00
 -1.09223351E+00  1.00000000E+00  9.15137861E-01  0.00000000E+00  3.99731205E-01  1.00000000E+00  1.00000000E+00  0.00000000E+00
 -1.04331642E+00  1.00000000E+00  8.80892095E-01  0.00000000E+00  3.99736672E-01  1.00000000E+00  1.00000000E+00  0.00000000E+00
 -9.94399333E-01  1.00000000E+00  8.46726432E-01  0.00000000E+00  3.99769539E-01  1.00000000E+00  1.00000000E+00  0.00000000E+00
 -9.45482243E-01  1.00000000E+00  8.12560770E-01  0.00000000E+00  3.99817207E-01  1.00000000E+00  1.00000000E+00  0.00000000E+00
 -8.96565154E-01  1.00000000E+00  7.78544705E-01  0.00000000E+00  3.99945086E-01  1.00000000E+00  1.00000000E+00  0.00000000E+00
 -8.47648064E-01  1.00000000E+00  7.44528641E-01  0.00000000E+00  4.00104269E-01  1.00000000E+00  1.00000000E+00  0.00000000E+00
 -7.99501858E-01  1.00000000E+00  7.11260427E-01  0.00000000E+00  4.00373575E-01  1.00000000E+00  1.00000000E+00  0.00000000E+00
 -7.51355652E-01  1.00000000E+00  6.77992213E-01  0.00000000E+00  4.00717386E-01  1.00000000E+00  1.00000000E+00  0.00000000E+00
 -7.08111109E-01  1.00000000E+00  6.48324347E-01  0.00000000E+00  4.01183356E-01  1.00000000E+00  1.00000000E+00  0.00000000E+00
 -6.64866566E-01  1.00000000E+00  6.18656480E-01  0.00000000E+00  4.01807499E-01  1.00000000E+00  1.00000000E+00  0.00000000E+00
 -6.26599939E-01  1.00000000E+00  5.92637373E-01  0.00000000E+00  4.02641837E-01  1.00000000E+00  1.00000000E+00  0.00000000E+00
 -5.88333313E-01  1.00000000E+00  5.66618266E-01  0.00000000E+00  4.03587119E-01  1.00000000E+00  1.00000000E+00  0.00000000E+00
 -5.54471587E-01  1.00000000E+00  5.43933107E-01  0.00000000E+00  4.04794901E-01  1.00000000E+00  1.00000000E+00  0.00000000E+00
 -5.20609860E-01  1.00000000E+00  5.21247948E-01  0.00000000E+00  4.06146199E-01  1.00000000E+00  1.00000000E+00  0.00000000E+00
 -4.90645977E-01  1.00000000E+00  5.01246429E-01  0.00000000E+00  4.07787397E-01  1.00000000E+00  1.00000000E+00  0.00000000E+00
 -4.60682095E-01  1.00000000E+00  4.81244911E-01  0.00000000E+00  4.09567837E-01  1.00000000E+00  1.00000000E+00  0.00000000E+00
 -4.34167380E-01  1.00000000E+00  4.64119515E-01  0.00000000E+00  4.11773496E-01  1.00000000E+00  1.00000000E+00  0.00000000E+00
 -4.07652666E-01  1.00000000E+00  4.46994119E-01  0.00000000E+00  4.14197839E-01  1.00000000E+00  1.00000000E+00  0.00000000E+00
 -3.84190072E-01  1.00000000E+00  4.31780813E-01  0.00000000E+00  4.16808807E-01  1.00000000E+00  1.00000000E+00  0.00000000E+00
 -3.60727478E-01  1.00000000E+00  4.16567507E-01  0.00000000E+00  4.19639917E-01  1.00000000E+00  1.00000000E+00  0.00000000E+00
 -3.39965684E-01  1.00000000E+00  4.03520407E-01  0.00000000E+00  4.23034647E-01  1.00000000E+00  1.00000000E+00  0.00000000E+00
 -3.19203889E-01  1.00000000E+00  3.90473308E-01  0.00000000E+00  4.26629070E-01  1.00000000E+00  1.00000000E+00  0.00000000E+00
 -3.00831998E-01  1.00000000E+00  3.79149525E-01  0.00000000E+00  4.30601980E-01  1.00000000E+00  1.00000000E+00  0.00000000E+00
 -2.82460107E-01  1.00000000E+00  3.67825742E-01  0.00000000E+00  4.34884962E-01  1.00000000E+00  1.00000000E+00  0.00000000E+00
 -2.66203017E-01  1.00000000E+00  3.58185330E-01  0.00000000E+00  4.39618909E-01  1.00000000E+00  1.00000000E+00  0.00000000E+00
 -2.49945927E-01  1.00000000E+00  3.48544918E-01  0.00000000E+00  4.44630044E-01  1.00000000E+00  1.00000000E+00  0.00000000E+00
 -2.35560203E-01  1.00000000E+00  3.40119061E-01  0.00000000E+00  4.49982199E-01  1.00000000E+00  1.00000000E+00  0.00000000E+00
 -2.21174479E-01  1.00000000E+00  3.31693205E-01  0.00000000E+00  4.55732127E-01  1.00000000E+00  1.00000000E+00  0.00000000E+00
 -2.08421419E-01  1.00000000E+00  3.24533908E-01  0.00000000E+00  4.62051322E-01  1.00000000E+00  1.00000000E+00  0.00000000E+00
 -1.95668358E-01  1.00000000E+00  3.17374612E-01  0.00000000E+00  4.68781835E-01  1.00000000E+00  1.00000000E+00  0.00000000E+00
 -1.83439085E-01  1.00000000E+00  3.11240102E-01  0.00000000E+00  4.76487123E-01  1.00000000E+00  1.00000000E+00  0.00000000E+00
 -1.71209813E-01  1.00000000E+00  3.05105592E-01  0.00000000E+00  4.84615374E-01  1.00000000E+00  1.00000000E+00  0.00000000E+00
 -1.58980541E-01  1.00000000E+00  2.98991699E-01  0.00000000E+00  4.94570834E-01  1.00000000E+00  1.00000000E+00  0.00000000E+00
 -1.46751268E-01  1.00000000E+00  2.92877805E-01  0.00000000E+00  5.05181967E-01  1.00000000E+00  1.00000000E+00  0.00000000E+00
 -1.34521996E-01  1.00000000E+00  2.87789412E-01  0.00000000E+00  5.18756830E-01  1.00000000E+00  1.00000000E+00  0.00000000E+00
 -1.22292724E-01  1.00000000E+00  2.82701020E-01  0.00000000E+00  5.32968407E-01  1.00000000E+00  1.00000000E+00  0.00000000E+00
 -1.10063451E-01  1.00000000E+00  2.77577920E-01  0.00000000E+00  5.53262373E-01  1.00000000E+00  1.00000000E+00  0.00000000E+00
 -9.78341789E-02  1.00000000E+00  2.72454821E-01  0.00000000E+00  5.74043200E-01  1.00000000E+00  1.00000000E+00  0.00000000E+00
 -8.56049065E-02  1.00000000E+00  2.77288319E-01  0.00000000E+00  6.02294818E-01  1.00000000E+00  1.00000000E+00  0.00000000E+00
 -7.33756342E-02  1.00000000E+00  2.82121818E-01  0.00000000E+00  6.35469022E-01  1.00000000E+00  1.00000000E+00  0.00000000E+00
 -6.11463618E-02  1.00000000E+00  2.42091721E-01  0.00000000E+00  6.95498109E-01  1.00000000E+00  1.00000000E+00  0.00000000E+00
 -4.89170895E-02  1.00000000E+00  2.02061625E-01  0.00000000E+00  7.45511290E-01  1.00000000E+00  1.00000000E+00  0.00000000E+00
 -3.66878171E-02  1.00000000E+00  3.98200445E-01  0.00000000E+00  8.44593659E-01  1.00000000E+00  1.00000000E+00  0.00000000E+00
 -2.44585447E-02  1.00000000E+00  5.94339265E-01  0.00000000E+00  1.03829202E+00  1.00000000E+00  1.00000000E+00  0.00000000E+00
 -1.22292724E-02  1.00000000E+00 -1.93227733E-01  0.00000000E+00  1.50889923E+00  1.00000000E+00  1.00000000E+00  0.00000000E+00
  0.00000000E+00  1.00000000E+00 -9.80794732E-01  0.00000000E+00  2.25567793E+00  1.00000000E+00  1.00000000E+00  0.00000000E+00
