# curve 5 (die wall), step =      900, time =   3.60000000E+02
# N1 = tau_xx - tau_yy = G ( c_xx - c_yy ),  G =  1.4286E-02  (polymer part only)
#              x               y        pressure            c_xy        gammadot            c_xx            c_yy              N1
 -3.00000000E+00  1.00000000E+00  2.58268176E+00 -1.97690285E+00  4.02760257E-01  9.74018647E+00  8.82378485E-01  1.26540114E-01
 -2.97524677E+00  1.00000000E+00  2.56333718E+00 -1.97682279E+00  4.02762837E-01  9.73970725E+00  8.82376859E-01  1.26533291E-01
 -2.95049355E+00  1.00000000E+00  2.54399260E+00 -1.97674274E+00  4.02764519E-01  9.73922805E+00  8.82375233E-01  1.26526469E-01
 -2.92574032E+00  1.00000000E+00  2.52464871E+00 -1.97685454E+00  4.02765293E-01  9.74001826E+00  8.82381544E-01  1.26537667E-01
 -2.90098710E+00  1.00000000E+00  2.50530481E+00 -1.97696636E+00  4.02764166E-01  9.74080853E+00  8.82387856E-01  1.26548867E-01
 -2.87623387E+00  1.00000000E+00  2.48596576E+00 -1.97722508E+00  4.02762252E-01  9.74299175E+00  8.82390451E-01  1.26580019E-01
 -2.85148064E+00  1.00000000E+00  2.46662671E+00 -1.97748384E+00  4.02758983E-01  9.74517546E+00  8.82393049E-01  1.26611177E-01
 -2.82672742E+00  1.00000000E+00  2.44728014E+00 -1.97715700E+00  4.02757328E-01  9.74313813E+00  8.82371534E-01  1.26582380E-01
 -2.80197419E+00  1.00000000E+00  2.42793358E+00 -1.97683023E+00  4.02757814E-01  9.74110123E+00  8.82350030E-01  1.26553589E-01
 -2.77722097E+00  1.00000000E+00  2.40858317E+00 -1.97680221E+00  4.02759711E-01  9.74029811E+00  8.82360018E-01  1.26541973E-01
 -2.75246774E+00  1.00000000E+00  2.38923276E+00 -1.97677419E+00  4.02762260E-01  9.73949507E+00  8.82370006E-01  1.26530358E-01
 -2.72771451E+00  1.00000000E+00  2.36989777E+00 -1.97685660E+00  4.02762015E-01  9.74003031E+00  8.82385482E-01  1.26537783E-01
 -2.70296129E+00  1.00000000E+00  2.35056278E+00 -1.97693901E+00  4.02757785E-01  9.74056558E+00  8.82400958E-01  1.26545209E-01
 -2.67820806E+00  1.00000000E+00  2.33121475E+00 -1.97687385E+00  4.02756579E-01  9.74016283E+00  8.82382647E-01  1.26539717E-01
 -2.65345484E+00  1.00000000E+00  2.31186671E+00 -1.97680869E+00  4.02758857E-01  9.73976009E+00  8.82364337E-01  1.26534225E-01
 -2.62870161E+00  1.00000000E+00  2.29252569E+00 -1.97681334E+00  4.02761416E-01  9.73947124E+00  8.82375441E-01  1.26529940E-01
 -2.60394839E+00  1.00000000E+00  2.27318467E+00 -1.97681800E+00  4.02762995E-01  9.73918240E+00  8.82386545E-01  1.26525655E-01
 -2.57919516E+00  1.00000000E+00  2.25384244E+00 -1.97682910E+00  4.02763588E-01  9.73959974E+00  8.82384327E-01  1.26531649E-01
 -2.55444193E+00  1.00000000E+00  2.23450021E+00 -1.97684020E+00  4.02761062E-01  9.74001710E+00  8.82382110E-01  1.26537643E-01
 -2.52968871E+00  1.00000000E+00  2.21515709E+00 -1.97706516E+00  4.02758087E-01  9.74169291E+00  8.82397625E-01  1.26561361E-01
 -2.50493548E+00  1.00000000E+00  2.19581398E+00 -1.97729016E+00  4.02752746E-01  9.74336900E+00  8.82413142E-01  1.26585084E-01
 -2.48018226E+00  1.00000000E+00  2.17646561E+00 -1.97700289E+00  4.02752857E-01  9.74148860E+00  8.82385684E-01  1.26558613E-01
 -2.45542903E+00  1.00000000E+00  2.15711724E+00 -1.97671568E+00  4.02756266E-01  9.73960857E+00  8.82358231E-01  1.26532148E-01
 -2.43067580E+00  1.00000000E+00  2.13777368E+00 -1.97670744E+00  4.02760223E-01  9.73915724E+00  8.82365558E-01  1.26525595E-01
 -2.40592258E+00  1.00000000E+00  2.11843013E+00 -1.97669919E+00  4.02764164E-01  9.73870593E+00  8.82372885E-01  1.26519044E-01
 -2.38116935E+00  1.00000000E+00  2.09909178E+00 -1.97674627E+00  4.02763434E-01  9.73911164E+00  8.82384265E-01  1.26524677E-01
 -2.35641613E+00  1.00000000E+00  2.07975342E+00 -1.97679335E+00  4.02758688E-01  9.73951736E+00  8.82395646E-01  1.26530310E-01
 -2.33166290E+00  1.00000000E+00  2.06040846E+00 -1.97682501E+00  4.02756851E-01  9.73984418E+00  8.82387719E-01  1.26535092E-01
 -2.30690967E+00  1.00000000E+00  2.04106350E+00 -1.97685666E+00  4.02756607E-01  9.74017102E+00  8.82379792E-01  1.26539875E-01
 -2.28215645E+00  1.00000000E+00  2.02171742E+00 -1.97682086E+00  4.02757490E-01  9.73983082E+00  8.82371984E-01  1.26535126E-01
 -2.25740322E+00  1.00000000E+00  2.00237135E+00 -1.97678506E+00  4.02759718E-01  9.73949065E+00  8.82364175E-01  1.26530378E-01
 -2.23265000E+00  1.00000000E+00  1.98303211E+00 -1.97701667E+00  4.02758861E-01  9.74111460E+00  8.82390672E-01  1.26553199E-01
 -2.20789677E+00  1.00000000E+00  1.96369287E+00 -1.97724832E+00  4.02752686E-01  9.74273883E+00  8.82417172E-01  1.26576024E-01
 -2.18314354E+00  1.00000000E+00  1.94434438E+00 -1.97698805E+00  4.02750067E-01  9.74091245E+00  8.82400435E-01  1.26550172E-01
 -2.15839032E+00  1.00000000E+00  1.92499589E+00 -1.97672781E+00  4.02749945E-01  9.73908642E+00  8.82383703E-01  1.26524324E-01
 -2.13363709E+00  1.00000000E+00  1.90565720E+00 -1.97671365E+00  4.02750398E-01  9.73883800E+00  8.82382750E-01  1.26520789E-01
 -2.10888387E+00  1.00000000E+00  1.88631851E+00 -1.97669948E+00  4.02751848E-01  9.73858959E+00  8.82381798E-01  1.26517254E-01
 -2.08413064E+00  1.00000000E+00  1.86697066E+00 -1.97669309E+00  4.02753261E-01  9.73835571E+00  8.82385737E-01  1.26513857E-01
 -2.05937741E+00  1.00000000E+00  1.84762281E+00 -1.97668669E+00  4.02752779E-01  9.73812183E+00  8.82389676E-01  1.26510459E-01
 -2.03462419E+00  1.00000000E+00  1.82828488E+00 -1.97670898E+00  4.02749640E-01  9.73863258E+00  8.82385507E-01  1.26517815E-01
 -2.00987096E+00  1.00000000E+00  1.80894695E+00 -1.97673126E+00  4.02745499E-01  9.73914337E+00  8.82381338E-01  1.26525172E-01
 -1.98511774E+00  1.00000000E+00  1.78959843E+00 -1.97671747E+00  4.02743659E-01  9.73888224E+00  8.82381575E-01  1.26521438E-01
 -1.96036451E+00  1.00000000E+00  1.77024991E+00 -1.97670367E+00  4.02742511E-01  9.73862112E+00  8.82381811E-01  1.26517704E-01
 -1.93561128E+00  1.00000000E+00  1.75091692E+00 -1.97690110E+00  4.02738396E-01  9.74003452E+00  8.82403797E-01  1.26537582E-01
 -1.91085806E+00  1.00000000E+00  1.73158394E+00 -1.97709855E+00  4.02731618E-01  9.74144813E+00  8.82425786E-01  1.26557462E-01
 -1.88610483E+00  1.00000000E+00  1.71223073E+00 -1.97693780E+00  4.02727946E-01  9.74060679E+00  8.82389308E-01  1.26545964E-01
 -1.86135161E+00  1.00000000E+00  1.69287751E+00 -1.97677706E+00  4.02727771E-01  9.73976552E+00  8.82352833E-01  1.26534467E-01
 -1.83659838E+00  1.00000000E+00  1.67353999E+00 -1.97675581E+00  4.02727889E-01  9.73911677E+00  8.82384439E-01  1.26524748E-01
 -1.81184516E+00  1.00000000E+00  1.65420247E+00 -1.97673457E+00  4.02725196E-01  9.73846807E+00  8.82416047E-01  1.26515029E-01
 -1.78709193E+00  1.00000000E+00  1.63487098E+00 -1.97700869E+00  4.02715237E-01  9.74095594E+00  8.82419270E-01  1.26550524E-01
 -1.76233870E+00  1.00000000E+00  1.61553949E+00 -1.97728285E+00  4.02701159E-01  9.74344447E+00  8.82422496E-01  1.26586028E-01
 -1.73758548E+00  1.00000000E+00  1.59618698E+00 -1.97712539E+00  4.02696839E-01  9.74228028E+00  8.82409092E-01  1.26569588E-01
 -1.71283225E+00  1.00000000E+00  1.57683447E+00 -1.97696795E+00  4.02693420E-01  9.74111624E+00  8.82395689E-01  1.26553151E-01
 -1.68807903E+00  1.00000000E+00  1.55749456E+00 -1.97691222E+00  4.02687626E-01  9.74020585E+00  8.82406380E-01  1.26539992E-01
 -1.66332580E+00  1.00000000E+00  1.53815465E+00 -1.97685650E+00  4.02681422E-01  9.73929556E+00  8.82417070E-01  1.26526836E-01
 -1.63857257E+00  1.00000000E+00  1.51882689E+00 -1.97685641E+00  4.02675179E-01  9.73946134E+00  8.82419799E-01  1.26529165E-01
 -1.61381935E+00  1.00000000E+00  1.49949913E+00 -1.97685633E+00  4.02665606E-01  9.73962712E+00  8.82422529E-01  1.26531494E-01
 -1.58906612E+00  1.00000000E+00  1.48015247E+00 -1.97668933E+00  4.02655488E-01  9.73818425E+00  8.82414351E-01  1.26510999E-01
 -1.56431290E+00  1.00000000E+00  1.46080581E+00 -1.97652235E+00  4.02647465E-01  9.73674160E+00  8.82406174E-01  1.26490506E-01
 -1.53955967E+00  1.00000000E+00  1.44148488E+00 -1.97645139E+00  4.02638426E-01  9.73594116E+00  8.82418389E-01  1.26478897E-01
 -1.51480644E+00  1.00000000E+00  1.42216396E+00 -1.97638044E+00  4.02628995E-01  9.73514080E+00  8.82430604E-01  1.26467288E-01
 -1.49005322E+00  1.00000000E+00  1.40283639E+00 -1.97643497E+00  4.02615513E-01  9.73570343E+00  8.82442088E-01  1.26475162E-01
 -1.46529999E+00  1.00000000E+00  1.38350882E+00 -1.97648951E+00  4.02596304E-01  9.73626611E+00  8.82453572E-01  1.26483036E-01
 -1.44054677E+00  1.00000000E+00  1.36418592E+00 -1.97677091E+00  4.02576981E-01  9.73843704E+00  8.82475119E-01  1.26513742E-01
 -1.41579354E+00  1.00000000E+00  1.34486302E+00 -1.97705235E+00  4.02551665E-01  9.74060847E+00  8.82496670E-01  1.26544454E-01
 -1.39104031E+00  1.00000000E+00  1.32554281E+00 -1.97661823E+00  4.02531889E-01  9.73759908E+00  8.82473089E-01  1.26501800E-01
 -1.36628709E+00  1.00000000E+00  1.30622260E+00 -1.97618422E+00  4.02517037E-01  9.73459061E+00  8.82449522E-01  1.26459158E-01
 -1.34153386E+00  1.00000000E+00  1.28691156E+00 -1.97612267E+00  4.02499813E-01  9.73334908E+00  8.82465882E-01  1.26441189E-01
 -1.31678064E+00  1.00000000E+00  1.26760052E+00 -1.97606112E+00  4.02481699E-01  9.73210772E+00  8.82482242E-01  1.26423221E-01
 -1.29202741E+00  1.00000000E+00  1.24831044E+00 -1.97611983E+00  4.02460447E-01  9.73241824E+00  8.82494424E-01  1.26427483E-01
 -1.26727418E+00  1.00000000E+00  1.22902037E+00 -1.97617854E+00  4.02435692E-01  9.73272878E+00  8.82506606E-01  1.26431745E-01
 -1.24252096E+00  1.00000000E+00  1.20973839E+00 -1.97629682E+00  4.02411607E-01  9.73315801E+00  8.82537666E-01  1.26437433E-01
 -1.21776773E+00  1.00000000E+00  1.19045642E+00 -1.97641511E+00  4.02379734E-01  9.73358725E+00  8.82568728E-01  1.26443122E-01
 -1.19301451E+00  1.00000000E+00  1.17117930E+00 -1.97604205E+00  4.02352089E-01  9.73108458E+00  8.82550953E-01  1.26407623E-01
 -1.16826128E+00  1.00000000E+00  1.15190218E+00 -1.97566907E+00  4.02329874E-01  9.72858255E+00  8.82533190E-01  1.26372134E-01
 -1.14350806E+00  1.00000000E+00  1.13265641E+00 -1.97571934E+00  4.02303143E-01  9.72829493E+00  8.82555663E-01  1.26367704E-01
 -1.11875483E+00  1.00000000E+00  1.11341064E+00 -1.97576961E+00  4.02275936E-01  9.72800732E+00  8.82578137E-01  1.26363274E-01
 -1.09400160E+00  1.00000000E+00  1.09418586E+00 -1.97562845E+00  4.02254685E-01  9.72680185E+00  8.82575606E-01  1.26346089E-01
 -1.06924838E+00  1.00000000E+00  1.07496109E+00 -1.97548730E+00  4.02233010E-01  9.72559653E+00  8.82573077E-01  1.26328907E-01
 -1.04449515E+00  1.00000000E+00  1.05576817E+00 -1.97539158E+00  4.02209287E-01  9.72454399E+00  8.82590656E-01  1.26313619E-01
 -1.01974193E+00  1.00000000E+00  1.03657525E+00 -1.97529587E+00  4.02183995E-01  9.72349156E+00  8.82608236E-01  1.26298333E-01
 -9.94988700E-01  1.00000000E+00  1.01742091E+00 -1.97531164E+00  4.02167581E-01  9.72360571E+00  8.82619339E-01  1.26299805E-01
 -9.70235474E-01  1.00000000E+00  9.98266574E-01 -1.97532741E+00  4.02155991E-01  9.72371986E+00  8.82630443E-01  1.26301277E-01
 -9.45482248E-01  1.00000000E+00  9.79147382E-01 -1.97518089E+00  4.02154525E-01  9.72304726E+00  8.82592191E-01  1.26292215E-01
 -9.20729022E-01  1.00000000E+00  9.60028190E-01 -1.97503438E+00  4.02158477E-01  9.72237470E+00  8.82553941E-01  1.26283154E-01
 -8.95975796E-01  1.00000000E+00  9.40977497E-01 -1.97502647E+00  4.02171023E-01  9.72220738E+00  8.82567797E-01  1.26280565E-01
 -8.71222570E-01  1.00000000E+00  9.21926803E-01 -1.97501855E+00  4.02187664E-01  9.72204005E+00  8.82581652E-01  1.26277977E-01
 -8.46469344E-01  1.00000000E+00  9.02935212E-01 -1.97541031E+00  4.02234650E-01  9.72478857E+00  8.82609390E-01  1.26316845E-01
 -8.21716118E-01  1.00000000E+00  8.83943620E-01 -1.97580215E+00  4.02279587E-01  9.72753788E+00  8.82637138E-01  1.26355725E-01
 -7.97201467E-01  1.00000000E+00  8.65225822E-01 -1.97608496E+00  4.02374428E-01  9.72995332E+00  8.82611017E-01  1.26390604E-01
 -7.72686817E-01  1.00000000E+00  8.46508024E-01 -1.97636781E+00  4.02472008E-01  9.73236936E+00  8.82584904E-01  1.26425492E-01
 -7.49503432E-01  1.00000000E+00  8.28892653E-01 -1.97643014E+00  4.02606016E-01  9.73569575E+00  8.82424013E-01  1.26475311E-01
 -7.26320047E-01  1.00000000E+00  8.11277283E-01 -1.97649245E+00  4.02761109E-01  9.73902341E+00  8.82263139E-01  1.26525147E-01
 -7.04527831E-01  1.00000000E+00  7.94817734E-01 -1.97741207E+00  4.02953061E-01  9.74477216E+00  8.82350011E-01  1.26606031E-01
 -6.82735615E-01  1.00000000E+00  7.78358185E-01 -1.97833216E+00  4.03161411E-01  9.75052430E+00  8.82436953E-01  1.26686962E-01
 -6.62251087E-01  1.00000000E+00  7.62987686E-01 -1.97853007E+00  4.03435297E-01  9.75735826E+00  8.82127836E-01  1.26789006E-01
 -6.41766559E-01  1.00000000E+00  7.47617188E-01 -1.97872796E+00  4.03737577E-01  9.76419749E+00  8.81818785E-01  1.26891124E-01
 -6.22511254E-01  1.00000000E+00  7.33270047E-01 -1.97940265E+00  4.04071269E-01  9.77296903E+00  8.81629432E-01  1.27019137E-01
 -6.03255949E-01  1.00000000E+00  7.18922906E-01 -1.98007765E+00  4.04440485E-01  9.78174883E+00  8.81440123E-01  1.27147267E-01
 -5.85156097E-01  1.00000000E+00  7.05551782E-01 -1.98177352E+00  4.04868018E-01  9.79452192E+00  8.81471755E-01  1.27329288E-01
 -5.67056245E-01  1.00000000E+00  6.92180658E-01 -1.98347115E+00  4.05323259E-01  9.80731185E+00  8.81503599E-01  1.27511546E-01
 -5.50042515E-01  1.00000000E+00  6.79714031E-01 -1.98453923E+00  4.05868774E-01  9.82231822E+00  8.81127796E-01  1.27731292E-01
 -5.33028786E-01  1.00000000E+00  6.67247403E-01 -1.98560815E+00  4.06437524E-01  9.83734875E+00  8.80752147E-01  1.27951380E-01
 -5.17036006E-01  1.00000000E+00  6.55668947E-01 -1.98762923E+00  4.07072329E-01  9.85623256E+00  8.80597264E-01  1.28223361E-01
 -5.01043227E-01  1.00000000E+00  6.44090490E-01 -1.98965302E+00  4.07748371E-01  9.87515348E+00  8.80442656E-01  1.28495869E-01
 -4.86010125E-01  1.00000000E+00  6.33314212E-01 -1.99179892E+00  4.08497428E-01  9.89658911E+00  8.80194465E-01  1.28805638E-01
 -4.70977023E-01  1.00000000E+00  6.22537933E-01 -1.99394794E+00  4.09308682E-01  9.91807258E+00  8.79946609E-01  1.29116085E-01
 -4.56846016E-01  1.00000000E+00  6.12512510E-01 -1.99660613E+00  4.10179162E-01  9.94461068E+00  8.79662179E-01  1.29499264E-01
 -4.42715008E-01  1.00000000E+00  6.02487087E-01 -1.99926906E+00  4.11116411E-01  9.97122178E+00  8.79378220E-01  1.29883479E-01
 -4.29431964E-01  1.00000000E+00  5.93236053E-01 -2.00182748E+00  4.12160631E-01  9.99865754E+00  8.78928823E-01  1.30281839E-01
 -4.16148920E-01  1.00000000E+00  5.83985018E-01 -2.00439057E+00  4.13267101E-01  1.00261712E+01  8.78480073E-01  1.30681302E-01
 -4.03662954E-01  1.00000000E+00  5.75393953E-01 -2.00744916E+00  4.14379122E-01  1.00599923E+01  8.78030079E-01  1.31170888E-01
 -3.91176988E-01  1.00000000E+00  5.66802889E-01 -2.01051398E+00  4.15609319E-01  1.00939314E+01  8.77580619E-01  1.31662154E-01
 -3.79440270E-01  1.00000000E+00  5.58809453E-01 -2.01469295E+00  4.16937820E-01  1.01327445E+01  8.77294390E-01  1.32220715E-01
 -3.67703552E-01  1.00000000E+00  5.50816018E-01 -2.01888328E+00  4.18332653E-01  1.01717101E+01  8.77009336E-01  1.32781439E-01
 -3.56671122E-01  1.00000000E+00  5.43546047E-01 -2.02287368E+00  4.19817448E-01  1.02136798E+01  8.76452012E-01  1.33388968E-01
 -3.45638692E-01  1.00000000E+00  5.36276076E-01 -2.02687490E+00  4.21352315E-01  1.02558279E+01  8.75895914E-01  1.33999029E-01
 -3.35268287E-01  1.00000000E+00  5.29479982E-01 -2.03160932E+00  4.22927078E-01  1.03036870E+01  8.75455991E-01  1.34689014E-01
 -3.24897882E-01  1.00000000E+00  5.22683888E-01 -2.03635826E+00  4.24641696E-01  1.03517756E+01  8.75017321E-01  1.35382261E-01
 -3.15149775E-01  1.00000000E+00  5.16510058E-01 -2.04075152E+00  4.26469860E-01  1.03996260E+01  8.74355404E-01  1.36075294E-01
 -3.05401669E-01  1.00000000E+00  5.10336228E-01 -2.04515778E+00  4.28356012E-01  1.04477047E+01  8.73694927E-01  1.36771568E-01
 -2.96238520E-01  1.00000000E+00  5.04585974E-01 -2.05012670E+00  4.30281752E-01  1.05072576E+01  8.72747865E-01  1.37635854E-01
 -2.87075371E-01  1.00000000E+00  4.98835719E-01 -2.05511203E+00  4.32436856E-01  1.05671632E+01  8.71802481E-01  1.38505153E-01
 -2.78462077E-01  1.00000000E+00  4.93666842E-01 -2.06083180E+00  4.34634205E-01  1.06271166E+01  8.71074946E-01  1.39372024E-01
 -2.69848783E-01  1.00000000E+00  4.88497966E-01 -2.06657324E+00  4.36927787E-01  1.06874198E+01  8.70349858E-01  1.40243856E-01
 -2.61752348E-01  1.00000000E+00  4.83765977E-01 -2.07378786E+00  4.39263749E-01  1.07574407E+01  8.69880965E-01  1.41250854E-01
 -2.53655913E-01  1.00000000E+00  4.79033988E-01 -2.08103507E+00  4.41721239E-01  1.08279310E+01  8.69415031E-01  1.42264513E-01
 -2.46045323E-01  1.00000000E+00  4.74777340E-01 -2.08661406E+00  4.44288670E-01  1.08990483E+01  8.68211692E-01  1.43297666E-01
 -2.38434732E-01  1.00000000E+00  4.70520692E-01 -2.09221328E+00  4.46936793E-01  1.09706519E+01  8.67010543E-01  1.44337733E-01
 -2.31280830E-01  1.00000000E+00  4.66626476E-01 -2.09847018E+00  4.49685947E-01  1.10466102E+01  8.65933963E-01  1.45438232E-01
 -2.24126928E-01  1.00000000E+00  4.62732259E-01 -2.10475190E+00  4.52542214E-01  1.11231140E+01  8.64859589E-01  1.46546491E-01
 -2.17402314E-01  1.00000000E+00  4.59238544E-01 -2.11430279E+00  4.55508194E-01  1.12112851E+01  8.64482413E-01  1.47811467E-01
 -2.10677699E-01  1.00000000E+00  4.55744829E-01 -2.12390880E+00  4.58562600E-01  1.13001675E+01  8.64110768E-01  1.49086525E-01
 -2.04351753E-01  1.00000000E+00  4.52682243E-01 -2.13159706E+00  4.61774095E-01  1.13918015E+01  8.62869195E-01  1.50413318E-01
 -1.98025807E-01  1.00000000E+00  4.49619658E-01 -2.13932268E+00  4.65051008E-01  1.14842038E+01  8.61631309E-01  1.51751036E-01
 -1.91837501E-01  1.00000000E+00  4.46788949E-01 -2.14875445E+00  4.68635934E-01  1.15831803E+01  8.60780201E-01  1.53177144E-01
 -1.85649194E-01  1.00000000E+00  4.43958240E-01 -2.15824070E+00  4.72321060E-01  1.16830309E+01  8.59934223E-01  1.54615667E-01
 -1.79460888E-01  1.00000000E+00  4.41388564E-01 -2.16444899E+00  4.76411372E-01  1.17922582E+01  8.57429341E-01  1.56211841E-01
 -1.73272582E-01  1.00000000E+00  4.38818888E-01 -2.17067767E+00  4.80641840E-01  1.19025652E+01  8.54928779E-01  1.57823378E-01
 -1.67084275E-01  1.00000000E+00  4.36445580E-01 -2.18492920E+00  4.85306242E-01  1.20388529E+01  8.54442182E-01  1.59777296E-01
 -1.60895969E-01  1.00000000E+00  4.34072272E-01 -2.19929855E+00  4.90132047E-01  1.21767278E+01  8.53966550E-01  1.61753733E-01
 -1.54707662E-01  1.00000000E+00  4.32032282E-01 -2.20939078E+00  4.95609835E-01  1.23252608E+01  8.51399910E-01  1.63912298E-01
 -1.48519356E-01  1.00000000E+00  4.29992291E-01 -2.21954250E+00  5.01256374E-01  1.24756850E+01  8.48840260E-01  1.66097782E-01
 -1.42331049E-01  1.00000000E+00  4.28532462E-01 -2.23428723E+00  5.07701260E-01  1.26432744E+01  8.47093112E-01  1.68516875E-01
 -1.36142743E-01  1.00000000E+00  4.27072633E-01 -2.24916286E+00  5.14504052E-01  1.28131724E+01  8.45360164E-01  1.70968746E-01
 -1.29954436E-01  1.00000000E+00  4.26048988E-01 -2.26416404E+00  5.21812545E-01  1.30207969E+01  8.42698682E-01  1.73972832E-01
 -1.23766130E-01  1.00000000E+00  4.25025344E-01 -2.27928933E+00  5.29676506E-01  1.32319123E+01  8.40045942E-01  1.77026663E-01
 -1.17577823E-01  1.00000000E+00  4.24372666E-01 -2.29946700E+00  5.38775632E-01  1.34834722E+01  8.37471125E-01  1.80657159E-01
 -1.11389517E-01  1.00000000E+00  4.23719989E-01 -2.31987618E+00  5.48349129E-01  1.37399527E+01  8.34916218E-01  1.84357665E-01
 -1.05201210E-01  1.00000000E+00  4.24331549E-01 -2.34220788E+00  5.59524382E-01  1.40386433E+01  8.31353215E-01  1.88675573E-01
 -9.90129037E-02  1.00000000E+00  4.24943109E-01 -2.36482137E+00  5.71233991E-01  1.43440292E+01  8.27818522E-01  1.93088723E-01
 -9.28245972E-02  1.00000000E+00  4.26845045E-01 -2.38181239E+00  5.85023578E-01  1.46961246E+01  8.21140566E-01  1.98214057E-01
 -8.66362908E-02  1.00000000E+00  4.28746981E-01 -2.39890443E+00  5.99528171E-01  1.50573272E+01  8.14487075E-01  2.03469144E-01
 -8.04479843E-02  1.00000000E+00  4.31792455E-01 -2.43633907E+00  6.17321252E-01  1.55188255E+01  8.11219040E-01  2.10108663E-01
 -7.42596778E-02  1.00000000E+00  4.34837928E-01 -2.47451909E+00  6.36495603E-01  1.59947722E+01  8.08015192E-01  2.16953671E-01
 -6.80713713E-02  1.00000000E+00  4.41282822E-01 -2.48389497E+00  6.59546943E-01  1.65619435E+01  7.93480133E-01  2.25263762E-01
 -6.18830648E-02  1.00000000E+00  4.47727717E-01 -2.49278773E+00  6.85390547E-01  1.71509296E+01  7.79036323E-01  2.33884190E-01
 -5.56947583E-02  1.00000000E+00  4.55119715E-01 -2.60768541E+00  7.17641600E-01  1.80535269E+01  7.86104798E-01  2.46677459E-01
 -4.95064519E-02  1.00000000E+00  4.62511714E-01 -2.72817442E+00  7.53783456E-01  1.90036012E+01  7.93954318E-01  2.60137813E-01
 -4.33181454E-02  1.00000000E+00  5.07158386E-01 -2.69885387E+00  8.00150720E-01  2.02861572E+01  7.53674961E-01  2.79035461E-01
 -3.71298389E-02  1.00000000E+00  5.51805059E-01 -2.66339034E+00  8.60794571E-01  2.16673981E+01  7.14266014E-01  2.99330459E-01
 -3.09415324E-02  1.00000000E+00  4.73471629E-01 -2.16689205E+00  9.50306397E-01  2.07501628E+01  6.30172863E-01  2.87428428E-01
 -2.47532259E-02  1.00000000E+00  3.95138198E-01 -1.69695319E+00  1.02848271E+00  1.99170291E+01  5.65272521E-01  2.76453666E-01
 -1.85649194E-02  1.00000000E+00  9.91092560E-01 -4.42451242E+00  1.17590512E+00  3.30454843E+01  9.07378099E-01  4.59115803E-01
 -1.23766130E-02  1.00000000E+00  1.58704692E+00 -9.37858425E+00  1.53011110E+00  5.56693533E+01  1.81226133E+00  7.69387028E-01
 -6.18830648E-03  1.00000000E+00 -1.14217878E-01  4.99168699E+00  2.48061614E+00  4.18506821E+01  9.07941843E-01  5.84896289E-01
  0.00000000E+00  1.00000000E+00 -1.81548268E+00  2.53183990E+01  4.77609005E+00  6.32768006E+01  1.03395812E+01  7.56245991E-01
