# model=oldroyd  theta_MLE: lambda=4.47499, beta=0.9, eta_0=0.845237
# delta(x) = y_clean(x) - y_model(x; theta_MLE)   (x from curve4_x.txt)
# columns: x  delta
5.000000000000000000e+00 6.433081212555702422e-04
4.950333040000000295e+00 6.433807265033841816e-04
4.900666089999999642e+00 6.434334535765362517e-04
4.850999129999999937e+00 6.434679184299518795e-04
4.801332180000000172e+00 6.435103107249595666e-04
4.751665219999999579e+00 6.435443894827752587e-04
4.701998269999999813e+00 6.435729837812598220e-04
4.652331310000000109e+00 6.436086410812613678e-04
4.602664360000000343e+00 6.436302781749336788e-04
4.552997399999999750e+00 6.436517663714891313e-04
4.503330449999999985e+00 6.436688840971704906e-04
4.453663490000000280e+00 6.436793012021269078e-04
4.403996539999999627e+00 6.436688429867221117e-04
4.354329579999999922e+00 6.436597471044525065e-04
4.304662630000000156e+00 6.436200536932279448e-04
4.254995669999999564e+00 6.435834971785237002e-04
4.205328709999999859e+00 6.435164019071848429e-04
4.155661760000000093e+00 6.434369310661658403e-04
4.105994800000000389e+00 6.433251434088127496e-04
4.056327849999999735e+00 6.431891691265345656e-04
4.006660890000000030e+00 6.430119026541447624e-04
3.956993939999999821e+00 6.428058926364332848e-04
3.907326980000000116e+00 6.425404843191095949e-04
3.857660029999999907e+00 6.422205264613456421e-04
3.807993070000000202e+00 6.418463381829830894e-04
3.758326119999999992e+00 6.413903743620608111e-04
3.708659159999999844e+00 6.408414607126378115e-04
3.658992210000000078e+00 6.402018029945111266e-04
3.609325249999999929e+00 6.394410802288419404e-04
3.559658300000000164e+00 6.385413422489438773e-04
3.509991340000000015e+00 6.374796439909680146e-04
3.460324389999999806e+00 6.362538564377295813e-04
3.410657430000000101e+00 6.348110861580380515e-04
3.360990469999999952e+00 6.331187677020011506e-04
3.311323520000000187e+00 6.311690926121826806e-04
3.261656560000000038e+00 6.289071052094641345e-04
3.211989609999999828e+00 6.262966562264882242e-04
3.162322650000000124e+00 6.232848740537200172e-04
3.112655699999999914e+00 6.198119578155747433e-04
3.062988740000000210e+00 6.158314441659928917e-04
3.013321790000000000e+00 6.112650094658444999e-04
2.963654829999999851e+00 6.060349348258053936e-04
2.913987880000000086e+00 6.001043342607204067e-04
2.864320919999999937e+00 5.933498402137526995e-04
2.814653970000000172e+00 5.856748734189842764e-04
2.764987010000000023e+00 5.769873197929431541e-04
2.715320059999999813e+00 5.671867981091871513e-04
2.665653100000000109e+00 5.561392137820586612e-04
2.615986139999999960e+00 5.437368863887570569e-04
2.566319190000000194e+00 5.297800523980100706e-04
2.516652230000000046e+00 5.141425200427818254e-04
2.466985279999999836e+00 4.966593224946524998e-04
2.417318320000000131e+00 4.771469553555007792e-04
2.367651369999999922e+00 4.554854987997014604e-04
2.317984410000000217e+00 4.315209598779734534e-04
2.268317460000000008e+00 4.049518260091922173e-04
2.218650499999999859e+00 3.755631828070704614e-04
2.168983550000000093e+00 3.432159836731507596e-04
2.119316589999999945e+00 3.077262012343151554e-04
2.069649640000000179e+00 2.688544244271451333e-04
2.019982680000000030e+00 2.262987607049016248e-04
1.970315730000000043e+00 1.799081356466114556e-04
1.920648769999999894e+00 1.293623332037086016e-04
1.870981809999999967e+00 7.490126266551655476e-05
1.821314859999999980e+00 1.583047847120155893e-05
1.771647900000000053e+00 -4.783149010045839589e-05
1.721980950000000066e+00 -1.161782878227324289e-04
1.672313989999999917e+00 -1.894899991368159675e-04
1.622647039999999929e+00 -2.675760458539233611e-04
1.572980080000000003e+00 -3.505925537468090880e-04
1.523313130000000015e+00 -4.388019072329996106e-04
1.473646170000000089e+00 -5.319846099236524850e-04
1.423979220000000101e+00 -6.294249212108748992e-04
1.374312259999999952e+00 -7.319423250344847531e-04
1.324645309999999965e+00 -8.380674849230995704e-04
1.274978350000000038e+00 -9.481819423364790111e-04
1.225311400000000051e+00 -1.062286709542892282e-03
1.175644439999999902e+00 -1.178964546456828799e-03
1.125977479999999975e+00 -1.297350938983754531e-03
1.076310529999999988e+00 -1.416701445104973089e-03
1.026643570000000061e+00 -1.536704238370933950e-03
9.769766189999999906e-01 -1.655722786580771100e-03
9.273096640000000335e-01 -1.770670059618284498e-03
8.776427079999999936e-01 -1.885072702944468048e-03
8.279757530000000365e-01 -1.993325127348954950e-03
7.786002389999999718e-01 -2.092991838636537594e-03
7.317317880000000496e-01 -2.179546549195610083e-03
6.876846269999999928e-01 -2.244520191281740296e-03
6.462889219999999879e-01 -2.302156364921037479e-03
6.073850619999999756e-01 -2.343868215749722594e-03
5.708230460000000006e-01 -2.366682838474076789e-03
5.364619149999999559e-01 -2.370131238113692973e-03
5.041691750000000249e-01 -2.390067347203261860e-03
4.738203240000000149e-01 -2.370466961856276811e-03
4.452983460000000115e-01 -2.345130544931572913e-03
4.184932690000000011e-01 -2.316830361167143693e-03
3.933017460000000076e-01 -2.293481578027556367e-03
3.696266380000000074e-01 -2.221923987133278544e-03
3.473766770000000226e-01 -2.164246630111721359e-03
3.264660690000000254e-01 -2.151410955686161586e-03
3.068141939999999845e-01 -2.041426288541536849e-03
2.883452770000000109e-01 -1.952732163581272218e-03
2.709881089999999770e-01 -1.932944213969056690e-03
2.546757709999999952e-01 -1.826157736563027711e-03
2.393453670000000033e-01 -1.730657945891778127e-03
2.249377889999999991e-01 -1.725497403133990915e-03
2.113974849999999961e-01 -1.601958988115770310e-03
1.986678209999999944e-01 -1.525580297977446875e-03
1.862510820000000122e-01 -1.465889827358513031e-03
1.738343440000000018e-01 -1.389526471721191925e-03
1.614176049999999918e-01 -1.294819874142483229e-03
1.490008660000000096e-01 -1.200420730811169179e-03
1.365841269999999996e-01 -1.099380817046746728e-03
1.241673880000000035e-01 -1.047491858479521198e-03
1.117506489999999936e-01 -9.133846997491090747e-04
9.933391060000000550e-02 -8.037006554084680232e-04
8.691717179999999821e-02 -6.783835727730558318e-04
7.450043300000000479e-02 -6.305909966557443624e-04
6.208369419999999750e-02 -4.246091099404658564e-04
4.966695530000000275e-02 -3.322512738035410251e-04
3.725021650000000240e-02 -2.381884536817313602e-04
2.483347769999999857e-02 -7.314844331141046041e-05
1.241673880000000035e-02 9.207741384731349399e-05
0.000000000000000000e+00 0.000000000000000000e+00
