# curve 5 (die wall), step =      600, time =   1.20000000E+02
# N1 = tau_xx - tau_yy = G ( c_xx - c_yy ),  G =  1.0000E-01  (polymer part only)
#              x               y        pressure            c_xy        gammadot            c_xx            c_yy              N1
 -3.00000000E+00  1.00000000E+00  2.87971148E+00 -2.00185943E+00  4.00099251E-01  9.01165828E+00  1.00003568E+00  8.01162260E-01
 -2.95108291E+00  1.00000000E+00  2.84030186E+00 -2.00220464E+00  4.00083299E-01  9.01327065E+00  1.00011044E+00  8.01316021E-01
 -2.90216582E+00  1.00000000E+00  2.80089223E+00 -2.00254990E+00  4.00111015E-01  9.01488331E+00  1.00018521E+00  8.01469810E-01
 -2.85324873E+00  1.00000000E+00  2.76156214E+00 -2.00179420E+00  4.00013393E-01  9.01051848E+00  1.00007182E+00  8.01044666E-01
 -2.80433164E+00  1.00000000E+00  2.72223204E+00 -2.00103881E+00  3.99957784E-01  9.00615578E+00  9.99958475E-01  8.00619730E-01
 -2.75541455E+00  1.00000000E+00  2.68318767E+00 -2.00107322E+00  4.00069631E-01  9.00588228E+00  9.99991318E-01  8.00589097E-01
 -2.70649746E+00  1.00000000E+00  2.64414330E+00 -2.00110764E+00  4.00055286E-01  9.00560880E+00  1.00002416E+00  8.00558464E-01
 -2.65758037E+00  1.00000000E+00  2.60499061E+00 -2.00151074E+00  4.00079754E-01  9.00743212E+00  1.00012508E+00  8.00730703E-01
 -2.60866328E+00  1.00000000E+00  2.56583793E+00 -2.00191391E+00  4.00038987E-01  9.00925580E+00  1.00022602E+00  8.00902978E-01
 -2.55974619E+00  1.00000000E+00  2.52684994E+00 -2.00187954E+00  3.99988876E-01  9.01055614E+00  1.00020818E+00  8.01034796E-01
 -2.51082911E+00  1.00000000E+00  2.48786196E+00 -2.00184514E+00  4.00054259E-01  9.01185672E+00  1.00019034E+00  8.01166638E-01
 -2.46191202E+00  1.00000000E+00  2.44843857E+00 -2.00110857E+00  4.00000084E-01  9.00859955E+00  9.99981584E-01  8.00861797E-01
 -2.41299493E+00  1.00000000E+00  2.40901517E+00 -2.00037226E+00  3.99994344E-01  9.00534356E+00  9.99772889E-01  8.00557068E-01
 -2.36407784E+00  1.00000000E+00  2.37009017E+00 -2.00100389E+00  4.00033635E-01  9.00626346E+00  1.00006845E+00  8.00619501E-01
 -2.31516075E+00  1.00000000E+00  2.33116518E+00 -2.00163565E+00  3.99989345E-01  9.00718353E+00  1.00036410E+00  8.00681942E-01
 -2.26624366E+00  1.00000000E+00  2.29199997E+00 -2.00162016E+00  3.99934876E-01  9.00955836E+00  1.00020262E+00  8.00935574E-01
 -2.21732657E+00  1.00000000E+00  2.25283477E+00 -2.00160465E+00  3.99956961E-01  9.01193393E+00  1.00004115E+00  8.01189277E-01
 -2.16840948E+00  1.00000000E+00  2.21354137E+00 -2.00156052E+00  3.99945877E-01  9.00972312E+00  1.00009566E+00  8.00962746E-01
 -2.11949239E+00  1.00000000E+00  2.17424797E+00 -2.00151636E+00  3.99914766E-01  9.00751293E+00  1.00015016E+00  8.00736277E-01
 -2.07057530E+00  1.00000000E+00  2.13541873E+00 -2.00251395E+00  3.99964658E-01  9.01299104E+00  1.00034835E+00  8.01264269E-01
 -2.02165821E+00  1.00000000E+00  2.09658949E+00 -2.00351207E+00  3.99939427E-01  9.01847249E+00  1.00054662E+00  8.01792587E-01
 -1.97274112E+00  1.00000000E+00  2.05709774E+00 -2.00212340E+00  3.99854165E-01  9.01404462E+00  1.00010535E+00  8.01393928E-01
 -1.92382403E+00  1.00000000E+00  2.01760600E+00 -2.00073553E+00  3.99865580E-01  9.00961903E+00  9.99664357E-01  8.00995468E-01
 -1.87490694E+00  1.00000000E+00  1.97857763E+00 -2.00121673E+00  3.99946373E-01  9.00746145E+00  1.00002663E+00  8.00743482E-01
 -1.82598985E+00  1.00000000E+00  1.93954927E+00 -2.00169783E+00  3.99923925E-01  9.00530475E+00  1.00038900E+00  8.00491575E-01
 -1.77707276E+00  1.00000000E+00  1.90055418E+00 -2.00264302E+00  3.99930426E-01  9.01019368E+00  1.00056358E+00  8.00963010E-01
 -1.72815567E+00  1.00000000E+00  1.86155910E+00 -2.00358867E+00  3.99838310E-01  9.01508525E+00  1.00073823E+00  8.01434702E-01
 -1.67923858E+00  1.00000000E+00  1.82235156E+00 -2.00289302E+00  3.99709355E-01  9.01321808E+00  1.00057022E+00  8.01264786E-01
 -1.63032150E+00  1.00000000E+00  1.78314402E+00 -2.00219754E+00  3.99741202E-01  9.01135133E+00  1.00040228E+00  8.01094906E-01
 -1.58140441E+00  1.00000000E+00  1.74400470E+00 -2.00175964E+00  3.99602852E-01  9.00518802E+00  1.00057001E+00  8.00461801E-01
 -1.53248732E+00  1.00000000E+00  1.70486538E+00 -2.00132187E+00  3.99535503E-01  8.99902920E+00  1.00073776E+00  7.99829144E-01
 -1.48357023E+00  1.00000000E+00  1.66567826E+00 -1.99983630E+00  3.99531570E-01  8.99657004E+00  1.00007459E+00  7.99649545E-01
 -1.43465314E+00  1.00000000E+00  1.62649113E+00 -1.99835147E+00  3.99611284E-01  8.99411195E+00  9.99411893E-01  7.99470006E-01
 -1.38573605E+00  1.00000000E+00  1.58733743E+00 -1.99821575E+00  3.99544509E-01  8.98838382E+00  9.99773471E-01  7.98861035E-01
 -1.33681896E+00  1.00000000E+00  1.54818372E+00 -1.99808004E+00  3.99422320E-01  8.98265975E+00  1.00013515E+00  7.98252461E-01
 -1.28790187E+00  1.00000000E+00  1.50900596E+00 -1.99743926E+00  3.99174404E-01  8.97553449E+00  1.00023702E+00  7.97529746E-01
 -1.23898478E+00  1.00000000E+00  1.46982820E+00 -1.99679873E+00  3.98929992E-01  8.96841515E+00  1.00033891E+00  7.96807624E-01
 -1.19006769E+00  1.00000000E+00  1.43109336E+00 -1.99661512E+00  3.98683446E-01  8.96397187E+00  1.00056902E+00  7.96340285E-01
 -1.14115060E+00  1.00000000E+00  1.39235852E+00 -1.99643153E+00  3.98393377E-01  8.95953099E+00  1.00079917E+00  7.95873182E-01
 -1.09223351E+00  1.00000000E+00  1.35316087E+00 -1.99387315E+00  3.98044499E-01  8.94521087E+00  1.00044698E+00  7.94476390E-01
 -1.04331642E+00  1.00000000E+00  1.31396322E+00 -1.99131834E+00  3.97756646E-01  8.93091367E+00  1.00009533E+00  7.93081833E-01
 -9.94399333E-01  1.00000000E+00  1.27536893E+00 -1.99012821E+00  3.97443899E-01  8.91547386E+00  1.00045274E+00  7.91502112E-01
 -9.45482243E-01  1.00000000E+00  1.23677463E+00 -1.98893897E+00  3.97017311E-01  8.90006236E+00  1.00081020E+00  7.89925216E-01
 -8.96565154E-01  1.00000000E+00  1.19847069E+00 -1.98711863E+00  3.96511963E-01  8.88588424E+00  1.00090066E+00  7.88498359E-01
 -8.47648064E-01  1.00000000E+00  1.16016675E+00 -1.98530046E+00  3.95987844E-01  8.87172913E+00  1.00099138E+00  7.87073775E-01
 -7.99501858E-01  1.00000000E+00  1.12315104E+00 -1.98256438E+00  3.95299642E-01  8.84955901E+00  1.00106980E+00  7.84848921E-01
 -7.51355652E-01  1.00000000E+00  1.08613532E+00 -1.97983313E+00  3.94839121E-01  8.82744557E+00  1.00114864E+00  7.82629693E-01
 -7.08111109E-01  1.00000000E+00  1.05335950E+00 -1.97617911E+00  3.94247459E-01  8.80443211E+00  1.00073874E+00  7.80369337E-01
 -6.64866566E-01  1.00000000E+00  1.02058368E+00 -1.97253280E+00  3.93998726E-01  8.78147906E+00  1.00032974E+00  7.78114932E-01
 -6.26599939E-01  1.00000000E+00  9.92550636E-01 -1.97177703E+00  3.93838196E-01  8.77144310E+00  1.00049727E+00  7.77094583E-01
 -5.88333313E-01  1.00000000E+00  9.64517589E-01 -1.97102153E+00  3.93723816E-01  8.76141937E+00  1.00066477E+00  7.76075460E-01
 -5.54471587E-01  1.00000000E+00  9.40640053E-01 -1.96998821E+00  3.93889517E-01  8.76514742E+00  9.99878324E-01  7.76526910E-01
 -5.20609860E-01  1.00000000E+00  9.16762517E-01 -1.96895468E+00  3.94124177E-01  8.76887845E+00  9.99092379E-01  7.76978607E-01
 -4.90645977E-01  1.00000000E+00  8.96823834E-01 -1.97265999E+00  3.94483412E-01  8.78302526E+00  9.99958641E-01  7.78306662E-01
 -4.60682095E-01  1.00000000E+00  8.76885151E-01 -1.97637148E+00  3.95012949E-01  8.79719516E+00  1.00082657E+00  7.79636858E-01
 -4.34167380E-01  1.00000000E+00  8.60288185E-01 -1.97729982E+00  3.96020189E-01  8.82878140E+00  9.99191678E-01  7.82958972E-01
 -4.07652666E-01  1.00000000E+00  8.43691219E-01 -1.97822725E+00  3.97224164E-01  8.86049409E+00  9.97558196E-01  7.86293589E-01
 -3.84190072E-01  1.00000000E+00  8.30334124E-01 -1.98752443E+00  3.98650763E-01  8.91594157E+00  9.98633079E-01  7.91730849E-01
 -3.60727478E-01  1.00000000E+00  8.16977029E-01 -1.99687056E+00  4.00149006E-01  8.97173725E+00  9.99714712E-01  7.97202254E-01
 -3.39965684E-01  1.00000000E+00  8.06485340E-01 -2.00409324E+00  4.02106523E-01  9.04369489E+00  9.98708844E-01  8.04498604E-01
 -3.19203889E-01  1.00000000E+00  7.95993650E-01 -2.01135109E+00  4.04298286E-01  9.11625213E+00  9.97705571E-01  8.11854656E-01
 -3.00831998E-01  1.00000000E+00  7.88160074E-01 -2.02585420E+00  4.06847727E-01  9.21996022E+00  9.98516820E-01  8.22144340E-01
 -2.82460107E-01  1.00000000E+00  7.80326497E-01 -2.04048258E+00  4.09477190E-01  9.32486406E+00  9.99340121E-01  8.32552394E-01
 -2.66203017E-01  1.00000000E+00  7.74550083E-01 -2.05112105E+00  4.12678858E-01  9.44356109E+00  9.97285665E-01  8.44627543E-01
 -2.49945927E-01  1.00000000E+00  7.68773670E-01 -2.06183363E+00  4.16321527E-01  9.56383877E+00  9.95236241E-01  8.56860253E-01
 -2.35560203E-01  1.00000000E+00  7.65746504E-01 -2.08713096E+00  4.20322845E-01  9.73478098E+00  9.97462832E-01  8.73731814E-01
 -2.21174479E-01  1.00000000E+00  7.62719339E-01 -2.11278798E+00  4.24115210E-01  9.90880438E+00  9.99728799E-01  8.90907559E-01
 -2.08421419E-01  1.00000000E+00  7.61864554E-01 -2.13452537E+00  4.28274738E-01  1.00894535E+01  9.99757328E-01  9.08969615E-01
 -1.95668358E-01  1.00000000E+00  7.61009770E-01 -2.15654025E+00  4.32811750E-01  1.02734665E+01  9.99806251E-01  9.27366022E-01
 -1.83439085E-01  1.00000000E+00  7.61455260E-01 -2.17578010E+00  4.38271810E-01  1.04889439E+01  9.97001088E-01  9.49194286E-01
 -1.71209813E-01  1.00000000E+00  7.61900750E-01 -2.19523832E+00  4.44341229E-01  1.07091327E+01  9.94205169E-01  9.71492752E-01
 -1.58980541E-01  1.00000000E+00  7.65118252E-01 -2.24289951E+00  4.51830078E-01  1.10396401E+01  9.98868546E-01  1.00407715E+00
 -1.46751268E-01  1.00000000E+00  7.68335753E-01 -2.29174209E+00  4.58909210E-01  1.13804203E+01  1.00365840E+00  1.03767619E+00
 -1.34521996E-01  1.00000000E+00  7.78947506E-01 -2.34088086E+00  4.67428739E-01  1.18026075E+01  1.00447763E+00  1.07981299E+00
 -1.22292724E-01  1.00000000E+00  7.89559258E-01 -2.39130033E+00  4.74686562E-01  1.22407577E+01  1.00538469E+00  1.12353730E+00
 -1.10063451E-01  1.00000000E+00  7.88328708E-01 -2.44456863E+00  4.84246147E-01  1.25974605E+01  1.01207281E+00  1.15853877E+00
 -9.78341789E-02  1.00000000E+00  7.87098158E-01 -2.49914353E+00  4.91026315E-01  1.29645936E+01  1.01891652E+00  1.19456770E+00
 -8.56049065E-02  1.00000000E+00  8.23665388E-01 -2.51423812E+00  4.96495151E-01  1.29957899E+01  1.02808856E+00  1.19677014E+00
 -7.33756342E-02  1.00000000E+00  8.60232617E-01 -2.52942289E+00  4.71591926E-01  1.30270839E+01  1.03734143E+00  1.19897424E+00
 -6.11463618E-02  1.00000000E+00  9.81746838E-01 -2.56941073E+00  3.77279123E-01  9.95368399E+00  1.25203089E+00  8.70165310E-01
 -4.89170895E-02  1.00000000E+00  1.10326106E+00 -2.58637103E+00  2.85077244E-01  7.72543076E+00  1.49066702E+00  6.23476373E-01
 -3.66878171E-02  1.00000000E+00  2.03062576E+00 -4.15148203E+00  2.49448225E-01  1.06311564E+01  2.13985327E+00  8.49130311E-01
 -2.44585447E-02  1.00000000E+00  2.95799045E+00 -6.39925791E+00  3.70105600E-01  1.48513227E+01  3.18155793E+00  1.16697648E+00
 -1.22292724E-02  1.00000000E+00  1.21267903E+00  2.20610813E+00  1.56408701E+00  1.02917319E+01  1.39699170E+00  8.89474018E-01
  0.00000000E+00  1.00000000E+00 -5.32632398E-01  2.69465738E+01  5.02432120E+00  3.87497241E+01  1.91091796E+01  1.96405445E+00
