# curve 5 (die wall), step =      400, time =   1.60000000E+02
# N1 = tau_xx - tau_yy = G ( c_xx - c_yy ),  G =  1.0000E-01  (polymer part only)
#              x               y        pressure            c_xy        gammadot            c_xx            c_yy              N1
 -3.00000000E+00  1.00000000E+00  1.69406698E+00 -1.72400154E+00  4.95880624E-01  9.26891161E+00  6.93268091E-01  8.57564352E-01
 -2.97524677E+00  1.00000000E+00  1.68301005E+00 -1.72402062E+00  4.95947463E-01  9.26804417E+00  6.93319917E-01  8.57472425E-01
 -2.95049355E+00  1.00000000E+00  1.67195312E+00 -1.72403968E+00  4.96005053E-01  9.26717683E+00  6.93371747E-01  8.57380508E-01
 -2.92574032E+00  1.00000000E+00  1.66101612E+00 -1.72451175E+00  4.95987162E-01  9.26801044E+00  6.93515749E-01  8.57449469E-01
 -2.90098710E+00  1.00000000E+00  1.65007912E+00 -1.72498389E+00  4.95890469E-01  9.26884418E+00  6.93659791E-01  8.57518439E-01
 -2.87623387E+00  1.00000000E+00  1.63915738E+00 -1.72495289E+00  4.95792065E-01  9.27166353E+00  6.93532507E-01  8.57813102E-01
 -2.85148064E+00  1.00000000E+00  1.62823563E+00 -1.72492184E+00  4.95628103E-01  9.27448387E+00  6.93405233E-01  8.58107864E-01
 -2.82672742E+00  1.00000000E+00  1.61712004E+00 -1.72400821E+00  4.95758754E-01  9.27171064E+00  6.93191215E-01  8.57851942E-01
 -2.80197419E+00  1.00000000E+00  1.60600446E+00 -1.72309492E+00  4.95893965E-01  9.26893833E+00  6.92977320E-01  8.57596101E-01
 -2.77722097E+00  1.00000000E+00  1.59500764E+00 -1.72384801E+00  4.95940555E-01  9.26911762E+00  6.93215796E-01  8.57590182E-01
 -2.75246774E+00  1.00000000E+00  1.58401082E+00 -1.72460114E+00  4.95971222E-01  9.26929719E+00  6.93454382E-01  8.57584280E-01
 -2.72771451E+00  1.00000000E+00  1.57312062E+00 -1.72459214E+00  4.95967146E-01  9.26935135E+00  6.93473439E-01  8.57587791E-01
 -2.70296129E+00  1.00000000E+00  1.56223042E+00 -1.72458313E+00  4.95910011E-01  9.26940552E+00  6.93492498E-01  8.57591302E-01
 -2.67820806E+00  1.00000000E+00  1.55118037E+00 -1.72433224E+00  4.95873708E-01  9.26908764E+00  6.93400287E-01  8.57568736E-01
 -2.65345484E+00  1.00000000E+00  1.54013032E+00 -1.72408136E+00  4.95887737E-01  9.26876980E+00  6.93308089E-01  8.57546171E-01
 -2.62870161E+00  1.00000000E+00  1.52914716E+00 -1.72425095E+00  4.95893419E-01  9.26843739E+00  6.93380829E-01  8.57505656E-01
 -2.60394839E+00  1.00000000E+00  1.51816400E+00 -1.72442053E+00  4.95887534E-01  9.26810502E+00  6.93453577E-01  8.57465145E-01
 -2.57919516E+00  1.00000000E+00  1.50721379E+00 -1.72452274E+00  4.95917553E-01  9.26794872E+00  6.93518607E-01  8.57443011E-01
 -2.55444193E+00  1.00000000E+00  1.49626358E+00 -1.72462495E+00  4.95896968E-01  9.26779242E+00  6.93583643E-01  8.57420878E-01
 -2.52968871E+00  1.00000000E+00  1.48530804E+00 -1.72470129E+00  4.95827607E-01  9.26974321E+00  6.93532435E-01  8.57621078E-01
 -2.50493548E+00  1.00000000E+00  1.47435249E+00 -1.72477762E+00  4.95724215E-01  9.27169445E+00  6.93481228E-01  8.57821322E-01
 -2.48018226E+00  1.00000000E+00  1.46320700E+00 -1.72407577E+00  4.95868460E-01  9.26984582E+00  6.93286766E-01  8.57655906E-01
 -2.45542903E+00  1.00000000E+00  1.45206150E+00 -1.72337412E+00  4.96007806E-01  9.26799764E+00  6.93092383E-01  8.57490526E-01
 -2.43067580E+00  1.00000000E+00  1.44110484E+00 -1.72392013E+00  4.96081480E-01  9.26863444E+00  6.93240781E-01  8.57539366E-01
 -2.40592258E+00  1.00000000E+00  1.43014817E+00 -1.72446620E+00  4.96133798E-01  9.26927139E+00  6.93389231E-01  8.57588215E-01
 -2.38116935E+00  1.00000000E+00  1.41923095E+00 -1.72458375E+00  4.96122762E-01  9.26918710E+00  6.93467408E-01  8.57571969E-01
 -2.35641613E+00  1.00000000E+00  1.40831374E+00 -1.72470130E+00  4.96057194E-01  9.26910283E+00  6.93545593E-01  8.57555723E-01
 -2.33166290E+00  1.00000000E+00  1.39726366E+00 -1.72439736E+00  4.96028674E-01  9.26974532E+00  6.93397074E-01  8.57634825E-01
 -2.30690967E+00  1.00000000E+00  1.38621359E+00 -1.72409342E+00  4.96023294E-01  9.27038795E+00  6.93248582E-01  8.57713936E-01
 -2.28215645E+00  1.00000000E+00  1.37519871E+00 -1.72429537E+00  4.96039101E-01  9.27054610E+00  6.93298630E-01  8.57724747E-01
 -2.25740322E+00  1.00000000E+00  1.36418382E+00 -1.72449732E+00  4.96058061E-01  9.27070428E+00  6.93348684E-01  8.57735559E-01
 -2.23265000E+00  1.00000000E+00  1.35325482E+00 -1.72488101E+00  4.96013558E-01  9.27236286E+00  6.93439525E-01  8.57892334E-01
 -2.20789677E+00  1.00000000E+00  1.34232583E+00 -1.72526479E+00  4.95886479E-01  9.27402175E+00  6.93530385E-01  8.58049136E-01
 -2.18314354E+00  1.00000000E+00  1.33124753E+00 -1.72454262E+00  4.95952958E-01  9.27192917E+00  6.93345968E-01  8.57858321E-01
 -2.15839032E+00  1.00000000E+00  1.32016924E+00 -1.72382065E+00  4.96051450E-01  9.26983714E+00  6.93161629E-01  8.57667551E-01
 -2.13363709E+00  1.00000000E+00  1.30918720E+00 -1.72399443E+00  4.96133494E-01  9.27023132E+00  6.93190582E-01  8.57704073E-01
 -2.10888387E+00  1.00000000E+00  1.29820517E+00 -1.72416822E+00  4.96209077E-01  9.27062551E+00  6.93219540E-01  8.57740597E-01
 -2.08413064E+00  1.00000000E+00  1.28717361E+00 -1.72437879E+00  4.96257887E-01  9.27088245E+00  6.93279950E-01  8.57760250E-01
 -2.05937741E+00  1.00000000E+00  1.27614206E+00 -1.72458937E+00  4.96268968E-01  9.27113940E+00  6.93340369E-01  8.57779904E-01
 -2.03462419E+00  1.00000000E+00  1.26517464E+00 -1.72451509E+00  4.96252094E-01  9.27117530E+00  6.93333616E-01  8.57784168E-01
 -2.00987096E+00  1.00000000E+00  1.25420722E+00 -1.72444081E+00  4.96201965E-01  9.27121119E+00  6.93326864E-01  8.57788433E-01
 -1.98511774E+00  1.00000000E+00  1.24313960E+00 -1.72456494E+00  4.96162333E-01  9.27089108E+00  6.93380031E-01  8.57751105E-01
 -1.96036451E+00  1.00000000E+00  1.23207197E+00 -1.72468906E+00  4.96126671E-01  9.27057100E+00  6.93433201E-01  8.57713780E-01
 -1.93561128E+00  1.00000000E+00  1.22118679E+00 -1.72508041E+00  4.96038665E-01  9.27150249E+00  6.93561652E-01  8.57794084E-01
 -1.91085806E+00  1.00000000E+00  1.21030162E+00 -1.72547181E+00  4.95889850E-01  9.27243409E+00  6.93690129E-01  8.57874397E-01
 -1.88610483E+00  1.00000000E+00  1.19914884E+00 -1.72460699E+00  4.95831904E-01  9.27160720E+00  6.93387909E-01  8.57821929E-01
 -1.86135161E+00  1.00000000E+00  1.18799606E+00 -1.72374234E+00  4.95818502E-01  9.27078065E+00  6.93085837E-01  8.57769481E-01
 -1.83659838E+00  1.00000000E+00  1.17697507E+00 -1.72429174E+00  4.95893851E-01  9.26905847E+00  6.93380951E-01  8.57567752E-01
 -1.81184516E+00  1.00000000E+00  1.16595407E+00 -1.72484106E+00  4.95901891E-01  9.26733697E+00  6.93676167E-01  8.57366080E-01
 -1.78709193E+00  1.00000000E+00  1.15510050E+00 -1.72505602E+00  4.95755736E-01  9.26968119E+00  6.93676672E-01  8.57600452E-01
 -1.76233870E+00  1.00000000E+00  1.14424692E+00 -1.72527101E+00  4.95543531E-01  9.27202603E+00  6.93677176E-01  8.57834885E-01
 -1.73758548E+00  1.00000000E+00  1.13303282E+00 -1.72448800E+00  4.95524520E-01  9.27020754E+00  6.93462274E-01  8.57674526E-01
 -1.71283225E+00  1.00000000E+00  1.12181871E+00 -1.72370519E+00  4.95503883E-01  9.26838951E+00  6.93247470E-01  8.57514204E-01
 -1.68807903E+00  1.00000000E+00  1.11073985E+00 -1.72390739E+00  4.95425897E-01  9.26656019E+00  6.93398976E-01  8.57316121E-01
 -1.66332580E+00  1.00000000E+00  1.09966100E+00 -1.72410953E+00  4.95382730E-01  9.26473137E+00  6.93550503E-01  8.57118086E-01
 -1.63857257E+00  1.00000000E+00  1.08867840E+00 -1.72388634E+00  4.95395851E-01  9.26367376E+00  6.93532139E-01  8.57014162E-01
 -1.61381935E+00  1.00000000E+00  1.07769580E+00 -1.72366318E+00  4.95305301E-01  9.26261627E+00  6.93513782E-01  8.56910249E-01
 -1.58906612E+00  1.00000000E+00  1.06655284E+00 -1.72343323E+00  4.95137990E-01  9.25991803E+00  6.93543763E-01  8.56637427E-01
 -1.56431290E+00  1.00000000E+00  1.05540988E+00 -1.72320332E+00  4.95034595E-01  9.25722060E+00  6.93573747E-01  8.56364685E-01
 -1.53955967E+00  1.00000000E+00  1.04446921E+00 -1.72328702E+00  4.94917104E-01  9.25422971E+00  6.93761348E-01  8.56046836E-01
 -1.51480644E+00  1.00000000E+00  1.03352855E+00 -1.72337066E+00  4.94758959E-01  9.25123995E+00  6.93948980E-01  8.55729097E-01
 -1.49005322E+00  1.00000000E+00  1.02255567E+00 -1.72367397E+00  4.94523623E-01  9.24781186E+00  6.94275798E-01  8.55353607E-01
 -1.46529999E+00  1.00000000E+00  1.01158279E+00 -1.72397719E+00  4.94174547E-01  9.24438543E+00  6.94602728E-01  8.54978270E-01
 -1.44054677E+00  1.00000000E+00  1.00056258E+00 -1.72382900E+00  4.93779579E-01  9.24282775E+00  6.94677936E-01  8.54814981E-01
 -1.41579354E+00  1.00000000E+00  9.89542372E-01 -1.72368084E+00  4.93280832E-01  9.24127033E+00  6.94753165E-01  8.54651717E-01
 -1.39104031E+00  1.00000000E+00  9.78375374E-01 -1.72210827E+00  4.93049258E-01  9.23278853E+00  6.94581534E-01  8.53820700E-01
 -1.36628709E+00  1.00000000E+00  9.67208377E-01 -1.72053709E+00  4.92882312E-01  9.22431451E+00  6.94410189E-01  8.52990432E-01
 -1.34153386E+00  1.00000000E+00  9.56181953E-01 -1.72080875E+00  4.92570425E-01  9.21886690E+00  6.94767138E-01  8.52409976E-01
 -1.31678064E+00  1.00000000E+00  9.45155529E-01 -1.72108015E+00  4.92215489E-01  9.21342322E+00  6.95124191E-01  8.51829903E-01
 -1.29202741E+00  1.00000000E+00  9.34214299E-01 -1.72070498E+00  4.91755417E-01  9.20777536E+00  6.95304079E-01  8.51247128E-01
 -1.26727418E+00  1.00000000E+00  9.23273068E-01 -1.72032996E+00  4.91215029E-01  9.20213112E+00  6.95484035E-01  8.50664708E-01
 -1.24252096E+00  1.00000000E+00  9.12341104E-01 -1.72023241E+00  4.90663890E-01  9.19578216E+00  6.95803479E-01  8.49997868E-01
 -1.21776773E+00  1.00000000E+00  9.01409141E-01 -1.72013484E+00  4.90014729E-01  9.18943804E+00  6.96123034E-01  8.49331501E-01
 -1.19301451E+00  1.00000000E+00  8.90361115E-01 -1.71838496E+00  4.89449594E-01  9.17663180E+00  6.96132269E-01  8.48049953E-01
 -1.16826128E+00  1.00000000E+00  8.79313089E-01 -1.71663718E+00  4.88957284E-01  9.16384347E+00  6.96141876E-01  8.46770159E-01
 -1.14350806E+00  1.00000000E+00  8.68451207E-01 -1.71628405E+00  4.88268839E-01  9.15457179E+00  6.96492264E-01  8.45807952E-01
 -1.11875483E+00  1.00000000E+00  8.57589326E-01 -1.71593101E+00  4.87506122E-01  9.14531021E+00  6.96842787E-01  8.44846742E-01
 -1.09400160E+00  1.00000000E+00  8.46689852E-01 -1.71513286E+00  4.86728835E-01  9.13348666E+00  6.97166810E-01  8.43631985E-01
 -1.06924838E+00  1.00000000E+00  8.35790377E-01 -1.71433533E+00  4.85961122E-01  9.12167909E+00  6.97491033E-01  8.42418806E-01
 -1.04449515E+00  1.00000000E+00  8.25052726E-01 -1.71348357E+00  4.85091722E-01  9.10699500E+00  6.97951683E-01  8.40904332E-01
 -1.01974193E+00  1.00000000E+00  8.14315075E-01 -1.71263254E+00  4.84157802E-01  9.09233585E+00  6.98412660E-01  8.39392320E-01
 -9.94988700E-01  1.00000000E+00  8.03674880E-01 -1.71121466E+00  4.83059429E-01  9.07539305E+00  6.98812017E-01  8.37658103E-01
 -9.70235474E-01  1.00000000E+00  7.93034685E-01 -1.70979868E+00  4.81958701E-01  9.05848281E+00  6.99211881E-01  8.35927093E-01
 -9.45482248E-01  1.00000000E+00  7.82357104E-01 -1.70870135E+00  4.80765696E-01  9.04102881E+00  6.99736539E-01  8.34129227E-01
 -9.20729022E-01  1.00000000E+00  7.71679524E-01 -1.70760525E+00  4.79575415E-01  9.02361014E+00  7.00261667E-01  8.32334847E-01
 -8.95975796E-01  1.00000000E+00  7.61335569E-01 -1.70596963E+00  4.78266045E-01  9.00063253E+00  7.00875438E-01  8.29975709E-01
 -8.71222570E-01  1.00000000E+00  7.50991614E-01 -1.70433663E+00  4.76918187E-01  8.97771595E+00  7.01489987E-01  8.27622597E-01
 -8.46469344E-01  1.00000000E+00  7.40782905E-01 -1.70302781E+00  4.75311884E-01  8.95536361E+00  7.02257921E-01  8.25310569E-01
 -8.21716118E-01  1.00000000E+00  7.30574197E-01 -1.70172096E+00  4.73643898E-01  8.93306996E+00  7.03026831E-01  8.23004313E-01
 -7.97201467E-01  1.00000000E+00  7.20464899E-01 -1.69990889E+00  4.72190284E-01  8.90922011E+00  7.03631473E-01  8.20558864E-01
 -7.72686817E-01  1.00000000E+00  7.10355601E-01 -1.69809999E+00  4.70680035E-01  8.88543646E+00  7.04236971E-01  8.18119949E-01
 -7.49503432E-01  1.00000000E+00  7.01252948E-01 -1.69694566E+00  4.69056227E-01  8.86180736E+00  7.05124671E-01  8.15668269E-01
 -7.26320047E-01  1.00000000E+00  6.92150295E-01 -1.69579284E+00  4.67389779E-01  8.83824527E+00  7.06013438E-01  8.13223183E-01
 -7.04527831E-01  1.00000000E+00  6.83813566E-01 -1.69309945E+00  4.65609777E-01  8.81107180E+00  7.06529082E-01  8.10454271E-01
 -6.82735615E-01  1.00000000E+00  6.75476837E-01 -1.69041242E+00  4.63950992E-01  8.78398371E+00  7.07046176E-01  8.07693753E-01
 -6.62251087E-01  1.00000000E+00  6.67572139E-01 -1.68841951E+00  4.62615796E-01  8.76172014E+00  7.07488365E-01  8.05423178E-01
 -6.41766559E-01  1.00000000E+00  6.59667441E-01 -1.68643015E+00  4.61244502E-01  8.73951469E+00  7.07931281E-01  8.03158341E-01
 -6.22511254E-01  1.00000000E+00  6.52819705E-01 -1.68471976E+00  4.59680427E-01  8.71482119E+00  7.08668384E-01  8.00615281E-01
 -6.03255949E-01  1.00000000E+00  6.45971969E-01 -1.68301243E+00  4.58119230E-01  8.69020071E+00  7.09406534E-01  7.98079418E-01
 -5.85156097E-01  1.00000000E+00  6.39777000E-01 -1.68041808E+00  4.56485366E-01  8.66243327E+00  7.09956530E-01  7.95247674E-01
 -5.67056245E-01  1.00000000E+00  6.33582032E-01 -1.67782977E+00  4.54946147E-01  8.63475696E+00  7.10507812E-01  7.92424915E-01
 -5.50042515E-01  1.00000000E+00  6.27899049E-01 -1.67657741E+00  4.53601636E-01  8.61354846E+00  7.11222070E-01  7.90232639E-01
 -5.33028786E-01  1.00000000E+00  6.22216067E-01 -1.67532673E+00  4.52106128E-01  8.59239506E+00  7.11937091E-01  7.88045797E-01
 -5.17036006E-01  1.00000000E+00  6.17531425E-01 -1.67543196E+00  4.50502545E-01  8.57098117E+00  7.13312244E-01  7.85766892E-01
 -5.01043227E-01  1.00000000E+00  6.12846783E-01 -1.67553625E+00  4.48783032E-01  8.54962811E+00  7.14689346E-01  7.83493877E-01
 -4.86010125E-01  1.00000000E+00  6.08189177E-01 -1.67183786E+00  4.47160719E-01  8.52343039E+00  7.14719442E-01  7.80871095E-01
 -4.70977023E-01  1.00000000E+00  6.03531570E-01 -1.66814919E+00  4.46009721E-01  8.49731324E+00  7.14751301E-01  7.78256193E-01
 -4.56846016E-01  1.00000000E+00  6.00013323E-01 -1.66711447E+00  4.44447350E-01  8.47751987E+00  7.15458097E-01  7.76206178E-01
 -4.42715008E-01  1.00000000E+00  5.96495076E-01 -1.66608084E+00  4.43178447E-01  8.45777570E+00  7.16165512E-01  7.74161019E-01
 -4.29431964E-01  1.00000000E+00  5.93094773E-01 -1.66585945E+00  4.42235830E-01  8.44476099E+00  7.16941349E-01  7.72781964E-01
 -4.16148920E-01  1.00000000E+00  5.89694469E-01 -1.66563818E+00  4.41277084E-01  8.43176846E+00  7.17717905E-01  7.71405055E-01
 -4.03662954E-01  1.00000000E+00  5.87063884E-01 -1.66240944E+00  4.39646265E-01  8.40837166E+00  7.17805585E-01  7.69056608E-01
 -3.91176988E-01  1.00000000E+00  5.84433299E-01 -1.65918832E+00  4.38481127E-01  8.38504010E+00  7.17894696E-01  7.66714541E-01
 -3.79440270E-01  1.00000000E+00  5.82090899E-01 -1.65801761E+00  4.37435853E-01  8.36805311E+00  7.18381881E-01  7.64967122E-01
 -3.67703552E-01  1.00000000E+00  5.79748498E-01 -1.65684826E+00  4.36564471E-01  8.35110227E+00  7.18869455E-01  7.63223282E-01
 -3.56671122E-01  1.00000000E+00  5.77873055E-01 -1.65675462E+00  4.35974981E-01  8.33806210E+00  7.19604545E-01  7.61845755E-01
 -3.45638692E-01  1.00000000E+00  5.75997612E-01 -1.65666066E+00  4.35073728E-01  8.32504486E+00  7.20340140E-01  7.60470472E-01
 -3.35268287E-01  1.00000000E+00  5.75062496E-01 -1.65454940E+00  4.33271279E-01  8.30282135E+00  7.20858976E-01  7.58196237E-01
 -3.24897882E-01  1.00000000E+00  5.74127380E-01 -1.65244237E+00  4.32040861E-01  8.28065881E+00  7.21378873E-01  7.55927994E-01
 -3.15149775E-01  1.00000000E+00  5.73309066E-01 -1.65266737E+00  4.30994740E-01  8.26737292E+00  7.22394302E-01  7.54497862E-01
 -3.05401669E-01  1.00000000E+00  5.72490752E-01 -1.65289202E+00  4.29940771E-01  8.25411176E+00  7.23410842E-01  7.53070092E-01
 -2.96238520E-01  1.00000000E+00  5.72020030E-01 -1.64909374E+00  4.28482811E-01  8.23545974E+00  7.22932311E-01  7.51252743E-01
 -2.87075371E-01  1.00000000E+00  5.71549308E-01 -1.64530377E+00  4.27625809E-01  8.21684992E+00  7.22455636E-01  7.49439429E-01
 -2.78462077E-01  1.00000000E+00  5.71225824E-01 -1.64519957E+00  4.27394074E-01  8.20786428E+00  7.22927938E-01  7.48493634E-01
 -2.69848783E-01  1.00000000E+00  5.70902340E-01 -1.64509519E+00  4.27096699E-01  8.19888967E+00  7.23400430E-01  7.47548924E-01
 -2.61752348E-01  1.00000000E+00  5.71645195E-01 -1.64410438E+00  4.25842932E-01  8.18123208E+00  7.24086458E-01  7.45714562E-01
 -2.53655913E-01  1.00000000E+00  5.72388051E-01 -1.64311476E+00  4.24840214E-01  8.16361495E+00  7.24773155E-01  7.43884180E-01
 -2.46045323E-01  1.00000000E+00  5.72919743E-01 -1.64162796E+00  4.24088054E-01  8.14946818E+00  7.25022369E-01  7.42444581E-01
 -2.38434732E-01  1.00000000E+00  5.73451435E-01 -1.64014311E+00  4.23140088E-01  8.13534648E+00  7.25271971E-01  7.41007450E-01
 -2.31280830E-01  1.00000000E+00  5.75097018E-01 -1.63889008E+00  4.21570191E-01  8.11463766E+00  7.26101404E-01  7.38853625E-01
 -2.24126928E-01  1.00000000E+00  5.76742600E-01 -1.63763908E+00  4.20244761E-01  8.09398466E+00  7.26931948E-01  7.36705272E-01
 -2.17402314E-01  1.00000000E+00  5.78433311E-01 -1.63567921E+00  4.18595690E-01  8.06559479E+00  7.27870626E-01  7.33772417E-01
 -2.10677699E-01  1.00000000E+00  5.80124022E-01 -1.63372354E+00  4.16985485E-01  8.03730971E+00  7.28810815E-01  7.30849890E-01
 -2.04351753E-01  1.00000000E+00  5.82119660E-01 -1.63234744E+00  4.15696536E-01  8.01519963E+00  7.29615070E-01  7.28558456E-01
 -1.98025807E-01  1.00000000E+00  5.84115299E-01 -1.63097351E+00  4.14208408E-01  7.99315400E+00  7.30420292E-01  7.26273370E-01
 -1.91837501E-01  1.00000000E+00  5.86794429E-01 -1.62926767E+00  4.12251966E-01  7.96325688E+00  7.31775624E-01  7.23148126E-01
 -1.85649194E-01  1.00000000E+00  5.89473560E-01 -1.62756617E+00  4.10168509E-01  7.93347863E+00  7.33133891E-01  7.20034474E-01
 -1.79460888E-01  1.00000000E+00  5.92605370E-01 -1.62617079E+00  4.08027221E-01  7.90935785E+00  7.34164433E-01  7.17519342E-01
 -1.73272582E-01  1.00000000E+00  5.95737180E-01 -1.62477805E+00  4.05817620E-01  7.88531510E+00  7.35196583E-01  7.15011852E-01
 -1.67084275E-01  1.00000000E+00  5.99973528E-01 -1.61925532E+00  4.02360911E-01  7.82641880E+00  7.36710763E-01  7.08970804E-01
 -1.60895969E-01  1.00000000E+00  6.04209876E-01 -1.61376274E+00  3.99287207E-01  7.76797665E+00  7.38232597E-01  7.02974405E-01
 -1.54707662E-01  1.00000000E+00  6.09241459E-01 -1.61146740E+00  3.96399160E-01  7.72307396E+00  7.40228177E-01  6.98284578E-01
 -1.48519356E-01  1.00000000E+00  6.14273042E-01 -1.60917894E+00  3.92856964E-01  7.67844998E+00  7.42228859E-01  6.93622113E-01
 -1.42331049E-01  1.00000000E+00  6.20894164E-01 -1.61404213E+00  3.88311256E-01  7.62134025E+00  7.48902772E-01  6.87243748E-01
 -1.36142743E-01  1.00000000E+00  6.27515286E-01 -1.61888554E+00  3.83263757E-01  7.56478221E+00  7.55622339E-01  6.80915987E-01
 -1.29954436E-01  1.00000000E+00  6.35841908E-01 -1.60326807E+00  3.74864567E-01  7.44211805E+00  7.57402975E-01  6.68471508E-01
 -1.23766130E-01  1.00000000E+00  6.44168530E-01 -1.58785604E+00  3.67670344E-01  7.32147131E+00  7.59227223E-01  6.56224408E-01
 -1.17577823E-01  1.00000000E+00  6.55611261E-01 -1.57613046E+00  3.57779962E-01  7.16326637E+00  7.65735768E-01  6.39753060E-01
 -1.11389517E-01  1.00000000E+00  6.67053991E-01 -1.56457893E+00  3.48208756E-01  7.00866631E+00  7.72320096E-01  6.23634621E-01
 -1.05201210E-01  1.00000000E+00  6.80595784E-01 -1.56049791E+00  3.39453930E-01  6.85941089E+00  7.82482099E-01  6.07692879E-01
 -9.90129037E-02  1.00000000E+00  6.94137576E-01 -1.55646017E+00  3.28812239E-01  6.71368866E+00  7.92757921E-01  5.92093074E-01
 -9.28245972E-02  1.00000000E+00  7.15034724E-01 -1.54064402E+00  3.15018487E-01  6.50006206E+00  8.03704987E-01  5.69635707E-01
 -8.66362908E-02  1.00000000E+00  7.35931871E-01 -1.52519645E+00  2.99263399E-01  6.29365736E+00  8.14851221E-01  5.47880614E-01
 -8.04479843E-02  1.00000000E+00  7.62779910E-01 -1.48895642E+00  2.77339272E-01  5.93410186E+00  8.31755900E-01  5.10234596E-01
 -7.42596778E-02  1.00000000E+00  7.89627950E-01 -1.45437548E+00  2.55684553E-01  5.59596452E+00  8.49359970E-01  4.74660455E-01
 -6.80713713E-02  1.00000000E+00  8.27017677E-01 -1.40928519E+00  2.36502792E-01  5.25861069E+00  8.60914724E-01  4.39769597E-01
 -6.18830648E-02  1.00000000E+00  8.64407403E-01 -1.36637413E+00  2.12315249E-01  4.94214275E+00  8.73103186E-01  4.06903956E-01
 -5.56947583E-02  1.00000000E+00  9.21270481E-01 -1.41468885E+00  1.79029771E-01  4.45103968E+00  9.74589703E-01  3.47644998E-01
 -4.95064519E-02  1.00000000E+00  9.78133559E-01 -1.46302727E+00  1.45358415E-01  4.02592178E+00  1.08563568E+00  2.94028609E-01
 -4.33181454E-02  1.00000000E+00  1.10062052E+00 -6.95341250E-01  7.67334279E-02  2.09701473E+00  9.89242702E-01  1.10777202E-01
 -3.71298389E-02  1.00000000E+00  1.22310749E+00 -2.46124131E-01  3.07618867E-02  1.11091399E+00  1.07614049E+00  3.47734970E-03
 -3.09415324E-02  1.00000000E+00  1.49082494E+00  4.21102819E-01  1.04923485E-01  6.24301064E-01  1.92416210E+00 -1.29986104E-01
 -2.47532259E-02  1.00000000E+00  1.75854239E+00  1.39558636E+00  2.61366797E-01  7.05764016E-01  4.06857181E+00 -3.36280779E-01
 -1.85649194E-02  1.00000000E+00  2.19526318E+00  4.59883366E-01  4.92826124E-01  6.25378862E-01  1.90626356E+00 -1.28088470E-01
 -1.23766130E-02  1.00000000E+00  2.63198397E+00 -1.48350208E-01  4.93674627E-01  1.04616694E+00  1.01609499E+00  3.00719552E-03
 -6.18830648E-03  1.00000000E+00  1.49982977E+00  2.29182647E+00  9.24840736E-01  3.09279601E+00  2.44481263E+00  6.47983383E-02
  0.00000000E+00  1.00000000E+00  3.67675577E-01  1.43863303E+01  1.00949612E+01  1.65125800E+01  1.28439829E+01  3.66859712E-01
