# model=oldroyd  theta_MLE: lambda=3.49405, beta=0.08, eta_0=0.846476
# delta(x) = y_clean(x) - y_model(x; theta_MLE)   (x from curve4_x.txt)
# columns: x  delta
5.000000000000000000e+00 -5.798030719417202050e-03
4.950333040000000295e+00 -5.798193735403245341e-03
4.900666089999999642e+00 -5.798133115310077912e-03
4.850999129999999937e+00 -5.797972554203667528e-03
4.801332180000000172e+00 -5.797866032800413905e-03
4.751665219999999579e+00 -5.797873528542218935e-03
4.701998269999999813e+00 -5.798022999012664158e-03
4.652331310000000109e+00 -5.798359402437558430e-03
4.602664360000000343e+00 -5.798850658461196517e-03
4.552997399999999750e+00 -5.799507100467282683e-03
4.503330449999999985e+00 -5.800298120655300593e-03
4.453663490000000280e+00 -5.801195811849124695e-03
4.403996539999999627e+00 -5.802194585753372991e-03
4.354329579999999922e+00 -5.803234267633960997e-03
4.304662630000000156e+00 -5.804333851790577370e-03
4.254995669999999564e+00 -5.805417728509398856e-03
4.205328709999999859e+00 -5.806474538897488102e-03
4.155661760000000093e+00 -5.807458766408757356e-03
4.105994800000000389e+00 -5.808310253109905119e-03
4.056327849999999735e+00 -5.809011524321672226e-03
4.006660890000000030e+00 -5.809476090229193090e-03
3.956993939999999821e+00 -5.809637947598700336e-03
3.907326980000000116e+00 -5.809451467019943749e-03
3.857660029999999907e+00 -5.808790816306252935e-03
3.807993070000000202e+00 -5.807571150697965479e-03
3.758326119999999992e+00 -5.805667134026082365e-03
3.708659159999999844e+00 -5.802927564794613247e-03
3.658992210000000078e+00 -5.799229871635613875e-03
3.609325249999999929e+00 -5.794423601084508491e-03
3.559658300000000164e+00 -5.788312410887508364e-03
3.509991340000000015e+00 -5.780802747522795215e-03
3.460324389999999806e+00 -5.771461920556220093e-03
3.410657430000000101e+00 -5.760088429316079228e-03
3.360990469999999952e+00 -5.746436943796950914e-03
3.311323520000000187e+00 -5.730122220798827826e-03
3.261656560000000038e+00 -5.710755720275573211e-03
3.211989609999999828e+00 -5.688025915169259150e-03
3.162322650000000124e+00 -5.661122342584423706e-03
3.112655699999999914e+00 -5.629866961889717913e-03
3.062988740000000210e+00 -5.593719445396549972e-03
3.013321790000000000e+00 -5.551987634003996419e-03
2.963654829999999851e+00 -5.504439985173581462e-03
2.913987880000000086e+00 -5.449669597980211222e-03
2.864320919999999937e+00 -5.387150934234030686e-03
2.814653970000000172e+00 -5.316333651056215359e-03
2.764987010000000023e+00 -5.236102006077825166e-03
2.715320059999999813e+00 -5.145103643971582486e-03
2.665653100000000109e+00 -5.042742822914059175e-03
2.615986139999999960e+00 -4.926587851378227967e-03
2.566319190000000194e+00 -4.796689420481170529e-03
2.516652230000000046e+00 -4.651870933068069647e-03
2.466985279999999836e+00 -4.491075851443815381e-03
2.417318320000000131e+00 -4.313896263101524298e-03
2.367651369999999922e+00 -4.117049056561405962e-03
2.317984410000000217e+00 -3.897742370995160854e-03
2.268317460000000008e+00 -3.656577753219814042e-03
2.218650499999999859e+00 -3.392731075885002667e-03
2.168983550000000093e+00 -3.103750761334067576e-03
2.119316589999999945e+00 -2.787608074978242811e-03
2.069649640000000179e+00 -2.442776486054176743e-03
2.019982680000000030e+00 -2.069808303175380004e-03
1.970315730000000043e+00 -1.665674759757651557e-03
1.920648769999999894e+00 -1.234058246611269283e-03
1.870981809999999967e+00 -7.630101051301352300e-04
1.821314859999999980e+00 -2.611883392853453500e-04
1.771647900000000053e+00 2.714728957269318954e-04
1.721980950000000066e+00 8.413954236794474184e-04
1.672313989999999917e+00 1.444612003153267210e-03
1.622647039999999929e+00 2.080364463831196886e-03
1.572980080000000003e+00 2.754658175643021067e-03
1.523313130000000015e+00 3.450040242097385246e-03
1.473646170000000089e+00 4.171668284802310112e-03
1.423979220000000101e+00 4.923923943252361823e-03
1.374312259999999952e+00 5.687258780886716991e-03
1.324645309999999965e+00 6.488973008129006459e-03
1.274978350000000038e+00 7.290166839741152316e-03
1.225311400000000051e+00 8.087619583506677756e-03
1.175644439999999902e+00 8.909240440481136503e-03
1.125977479999999975e+00 9.739056419993064040e-03
1.076310529999999988e+00 1.055526963546893349e-02
1.026643570000000061e+00 1.131136156367018586e-02
9.769766189999999906e-01 1.207600037319989106e-02
9.273096640000000335e-01 1.276709576770329591e-02
8.776427079999999936e-01 1.342583317959711309e-02
8.279757530000000365e-01 1.404189232489594374e-02
7.786002389999999718e-01 1.455920866681137404e-02
7.317317880000000496e-01 1.500179409740964864e-02
6.876846269999999928e-01 1.528594466619614956e-02
6.462889219999999879e-01 1.551482482967614374e-02
6.073850619999999756e-01 1.564027668094336576e-02
5.708230460000000006e-01 1.567991977593075070e-02
5.364619149999999559e-01 1.560819067753227429e-02
5.041691750000000249e-01 1.547449762720520816e-02
4.738203240000000149e-01 1.531503245346987896e-02
4.452983460000000115e-01 1.510943492391203513e-02
4.184932690000000011e-01 1.484320013498718893e-02
3.933017460000000076e-01 1.448816716272416372e-02
3.696266380000000074e-01 1.413845044435158016e-02
3.473766770000000226e-01 1.379665536707985751e-02
3.264660690000000254e-01 1.336889737674318290e-02
3.068141939999999845e-01 1.298555628564912467e-02
2.883452770000000109e-01 1.258498904118687811e-02
2.709881089999999770e-01 1.212037829999457195e-02
2.546757709999999952e-01 1.171826759484462244e-02
2.393453670000000033e-01 1.134325647496314815e-02
2.249377889999999991e-01 1.082957890261448952e-02
2.113974849999999961e-01 1.045701075657778922e-02
1.986678209999999944e-01 1.007465568276155743e-02
1.862510820000000122e-01 9.647775781953527030e-03
1.738343440000000018e-01 9.203560235296004421e-03
1.614176049999999918e-01 8.744494666024005269e-03
1.490008660000000096e-01 8.320727265134220119e-03
1.365841269999999996e-01 7.893226981791956476e-03
1.241673880000000035e-01 7.318469638583069425e-03
1.117506489999999936e-01 6.772366387087558337e-03
9.933391060000000550e-02 6.266793177616136745e-03
8.691717179999999821e-02 5.736915156687061312e-03
7.450043300000000479e-02 5.047219487568144203e-03
6.208369419999999750e-02 4.427281047762798849e-03
4.966695530000000275e-02 3.783521524572286410e-03
3.725021650000000240e-02 2.961728527555385071e-03
2.483347769999999857e-02 2.072857558216067986e-03
1.241673880000000035e-02 9.781095898220293350e-04
0.000000000000000000e+00 0.000000000000000000e+00
