# curve 5 (die wall), step =      200, time =   4.00000000E+01
# N1 = tau_xx - tau_yy = G ( c_xx - c_yy ),  G =  1.8600E-01  (polymer part only)
#              x               y        pressure            c_xy        gammadot            c_xx            c_yy              N1
 -3.00000000E+00  1.00000000E+00  3.05511535E+00 -2.00095376E+00  4.00166812E-01  8.98940164E+00  9.99787151E-01  1.48606830E+00
 -2.95108291E+00  1.00000000E+00  3.01571957E+00 -2.00130178E+00  4.00159094E-01  8.99154574E+00  9.99861654E-01  1.48645324E+00
 -2.90216582E+00  1.00000000E+00  2.97632379E+00 -2.00164987E+00  4.00294213E-01  8.99369036E+00  9.99936165E-01  1.48683828E+00
 -2.85324873E+00  1.00000000E+00  2.93674997E+00 -2.00075578E+00  4.00113463E-01  8.98854508E+00  9.99794483E-01  1.48590761E+00
 -2.80433164E+00  1.00000000E+00  2.89717614E+00 -1.99986212E+00  4.00038740E-01  8.98340274E+00  9.99652864E-01  1.48497748E+00
 -2.75541455E+00  1.00000000E+00  2.85832592E+00 -2.00048742E+00  4.00288618E-01  8.98455049E+00  9.99836548E-01  1.48515679E+00
 -2.70649746E+00  1.00000000E+00  2.81947569E+00 -2.00111282E+00  4.00244854E-01  8.98569846E+00  1.00002030E+00  1.48533614E+00
 -2.65758037E+00  1.00000000E+00  2.78039383E+00 -2.00166908E+00  4.00299737E-01  8.98767809E+00  1.00019952E+00  1.48567101E+00
 -2.60866328E+00  1.00000000E+00  2.74131197E+00 -2.00222549E+00  4.00203894E-01  8.98965816E+00  1.00037878E+00  1.48600596E+00
 -2.55974619E+00  1.00000000E+00  2.70238872E+00 -2.00184719E+00  4.00115496E-01  8.99069084E+00  1.00020186E+00  1.48623095E+00
 -2.51082911E+00  1.00000000E+00  2.66346547E+00 -2.00146883E+00  4.00317803E-01  8.99172380E+00  1.00002496E+00  1.48645598E+00
 -2.46191202E+00  1.00000000E+00  2.62382275E+00 -2.00117046E+00  4.00218853E-01  8.98940035E+00  9.99964047E-01  1.48603515E+00
 -2.41299493E+00  1.00000000E+00  2.58418003E+00 -2.00087213E+00  4.00141992E-01  8.98707751E+00  9.99903132E-01  1.48561443E+00
 -2.36407784E+00  1.00000000E+00  2.54544878E+00 -2.00125923E+00  4.00152449E-01  8.98707740E+00  1.00016532E+00  1.48556565E+00
 -2.31516075E+00  1.00000000E+00  2.50671754E+00 -2.00164638E+00  4.00087149E-01  8.98707735E+00  1.00042756E+00  1.48551686E+00
 -2.26624366E+00  1.00000000E+00  2.46742744E+00 -2.00126143E+00  4.00029186E-01  8.98888538E+00  1.00010962E+00  1.48591229E+00
 -2.21732657E+00  1.00000000E+00  2.42813734E+00 -2.00087644E+00  4.00130359E-01  8.99069401E+00  9.99791764E-01  1.48630782E+00
 -2.16840948E+00  1.00000000E+00  2.38883311E+00 -2.00166915E+00  4.00134067E-01  8.98991074E+00  1.00013677E+00  1.48609796E+00
 -2.11949239E+00  1.00000000E+00  2.34952888E+00 -2.00246182E+00  4.00062690E-01  8.98912796E+00  1.00048191E+00  1.48588817E+00
 -2.07057530E+00  1.00000000E+00  2.31072382E+00 -2.00238243E+00  4.00171225E-01  8.99245628E+00  1.00036034E+00  1.48652985E+00
 -2.02165821E+00  1.00000000E+00  2.27191876E+00 -2.00230289E+00  4.00164216E-01  8.99578611E+00  1.00023876E+00  1.48717181E+00
 -1.97274112E+00  1.00000000E+00  2.23212836E+00 -2.00145681E+00  4.00002571E-01  8.99212974E+00  9.99958636E-01  1.48654383E+00
 -1.92382403E+00  1.00000000E+00  2.19233795E+00 -2.00061107E+00  3.99963959E-01  8.98847487E+00  9.99678607E-01  1.48591611E+00
 -1.87490694E+00  1.00000000E+00  2.15339291E+00 -2.00144895E+00  3.99991409E-01  8.98479367E+00  1.00032462E+00  1.48511124E+00
 -1.82598985E+00  1.00000000E+00  2.11444787E+00 -2.00228660E+00  3.99831603E-01  8.98111506E+00  1.00097095E+00  1.48430680E+00
 -1.77707276E+00  1.00000000E+00  2.07541542E+00 -2.00260917E+00  3.99750493E-01  8.98214177E+00  1.00111770E+00  1.48447048E+00
 -1.72815567E+00  1.00000000E+00  2.03638297E+00 -2.00293180E+00  3.99564529E-01  8.98316860E+00  1.00126447E+00  1.48463417E+00
 -1.67923858E+00  1.00000000E+00  1.99709684E+00 -2.00080240E+00  3.99193559E-01  8.97584872E+00  1.00075302E+00  1.48336780E+00
 -1.63032150E+00  1.00000000E+00  1.95781072E+00 -1.99867487E+00  3.99178277E-01  8.96853499E+00  1.00024215E+00  1.48210247E+00
 -1.58140441E+00  1.00000000E+00  1.91820685E+00 -1.99802133E+00  3.98802067E-01  8.95505224E+00  1.00078573E+00  1.47949357E+00
 -1.53248732E+00  1.00000000E+00  1.87860298E+00 -1.99736794E+00  3.98498940E-01  8.94159160E+00  1.00132946E+00  1.47688876E+00
 -1.48357023E+00  1.00000000E+00  1.83936736E+00 -1.99482038E+00  3.98190609E-01  8.93206125E+00  1.00055932E+00  1.47525936E+00
 -1.43465314E+00  1.00000000E+00  1.80013175E+00 -1.99227575E+00  3.98090223E-01  8.92254119E+00  9.99790030E-01  1.47363172E+00
 -1.38573605E+00  1.00000000E+00  1.76073849E+00 -1.98942168E+00  3.97440045E-01  8.89636086E+00  1.00016446E+00  1.46869253E+00
 -1.33681896E+00  1.00000000E+00  1.72134523E+00 -1.98657327E+00  3.96857775E-01  8.87025978E+00  1.00053954E+00  1.46376796E+00
 -1.28790187E+00  1.00000000E+00  1.68224972E+00 -1.98413146E+00  3.95969245E-01  8.84289024E+00  1.00107353E+00  1.45857791E+00
 -1.23898478E+00  1.00000000E+00  1.64315421E+00 -1.98169371E+00  3.95044251E-01  8.81560931E+00  1.00160782E+00  1.45340428E+00
 -1.19006769E+00  1.00000000E+00  1.60469942E+00 -1.97621055E+00  3.93854612E-01  8.78345601E+00  1.00107420E+00  1.44752302E+00
 -1.14115060E+00  1.00000000E+00  1.56624463E+00 -1.97074443E+00  3.92819821E-01  8.75142029E+00  1.00054315E+00  1.44166315E+00
 -1.09223351E+00  1.00000000E+00  1.52636775E+00 -1.96558575E+00  3.92037598E-01  8.70967084E+00  1.00059754E+00  1.43388763E+00
 -1.04331642E+00  1.00000000E+00  1.48649087E+00 -1.96044408E+00  3.91101283E-01  8.66812541E+00  1.00065316E+00  1.42614984E+00
 -9.94399333E-01  1.00000000E+00  1.44915520E+00 -1.95535650E+00  3.89565708E-01  8.61387636E+00  1.00165500E+00  1.41587317E+00
 -9.45482243E-01  1.00000000E+00  1.41181952E+00 -1.95028698E+00  3.87949168E-01  8.55998253E+00  1.00265822E+00  1.40566232E+00
 -8.96565154E-01  1.00000000E+00  1.37406627E+00 -1.94110964E+00  3.85956067E-01  8.50395108E+00  1.00197695E+00  1.39536719E+00
 -8.47648064E-01  1.00000000E+00  1.33631302E+00 -1.93198221E+00  3.84597322E-01  8.44828829E+00  1.00130280E+00  1.38513930E+00
 -7.99501858E-01  1.00000000E+00  1.30101643E+00 -1.92383331E+00  3.82489311E-01  8.38130393E+00  1.00155228E+00  1.37263381E+00
 -7.51355652E-01  1.00000000E+00  1.26571985E+00 -1.91572838E+00  3.81044860E-01  8.31486492E+00  1.00180496E+00  1.36022915E+00
 -7.08111109E-01  1.00000000E+00  1.23437357E+00 -1.90594780E+00  3.79634753E-01  8.25273142E+00  1.00083201E+00  1.34885329E+00
 -6.64866566E-01  1.00000000E+00  1.20302730E+00 -1.89622516E+00  3.78739582E-01  8.19106644E+00  9.99865644E-01  1.33756335E+00
 -6.26599939E-01  1.00000000E+00  1.17681271E+00 -1.89169643E+00  3.78074867E-01  8.15305018E+00  9.99999592E-01  1.33046741E+00
 -5.88333313E-01  1.00000000E+00  1.15059813E+00 -1.88718142E+00  3.77255765E-01  8.11521568E+00  1.00013431E+00  1.32340514E+00
 -5.54471587E-01  1.00000000E+00  1.12914579E+00 -1.88354015E+00  3.76858961E-01  8.09689180E+00  9.99468592E-01  1.32012072E+00
 -5.20609860E-01  1.00000000E+00  1.10769345E+00 -1.87990626E+00  3.76572600E-01  8.07860926E+00  9.98804168E-01  1.31684375E+00
 -4.90645977E-01  1.00000000E+00  1.09036022E+00 -1.88122029E+00  3.76571803E-01  8.07492559E+00  9.99632658E-01  1.31600448E+00
 -4.60682095E-01  1.00000000E+00  1.07302698E+00 -1.88253385E+00  3.76657583E-01  8.07124565E+00  1.00046175E+00  1.31516581E+00
 -4.34167380E-01  1.00000000E+00  1.05881618E+00 -1.88218221E+00  3.77194638E-01  8.08770525E+00  9.99016652E-01  1.31849608E+00
 -4.07652666E-01  1.00000000E+00  1.04460539E+00 -1.88182927E+00  3.77975011E-01  8.10420493E+00  9.97572934E-01  1.32183355E+00
 -3.84190072E-01  1.00000000E+00  1.03366094E+00 -1.88989108E+00  3.79356009E-01  8.14687553E+00  9.98747001E-01  1.32955191E+00
 -3.60727478E-01  1.00000000E+00  1.02271649E+00 -1.89799012E+00  3.80548624E-01  8.18977085E+00  9.99927213E-01  1.33731092E+00
 -3.39965684E-01  1.00000000E+00  1.01429238E+00 -1.90412997E+00  3.81860373E-01  8.24274053E+00  9.99423265E-01  1.34725701E+00
 -3.19203889E-01  1.00000000E+00  1.00586828E+00 -1.91029628E+00  3.83249476E-01  8.29606358E+00  9.98921522E-01  1.35726842E+00
 -3.00831998E-01  1.00000000E+00  9.99308290E-01 -1.92024552E+00  3.84871309E-01  8.36259580E+00  9.99652945E-01  1.36950737E+00
 -2.82460107E-01  1.00000000E+00  9.92748298E-01 -1.93025632E+00  3.86478207E-01  8.42966808E+00  1.00039079E+00  1.38184558E+00
 -2.66203017E-01  1.00000000E+00  9.87986830E-01 -1.93951765E+00  3.88229589E-01  8.49552731E+00  1.00068787E+00  1.39404013E+00
 -2.49945927E-01  1.00000000E+00  9.83225362E-01 -1.94883350E+00  3.89671391E-01  8.56190913E+00  1.00099046E+00  1.40633087E+00
 -2.35560203E-01  1.00000000E+00  9.80753103E-01 -1.95630530E+00  3.90188191E-01  8.60878341E+00  1.00203601E+00  1.41485502E+00
 -2.21174479E-01  1.00000000E+00  9.78280845E-01 -1.96380950E+00  3.90860851E-01  8.65591647E+00  1.00308516E+00  1.42342662E+00
 -2.08421419E-01  1.00000000E+00  9.74584038E-01 -1.97518596E+00  3.91297568E-01  8.67707711E+00  1.00732235E+00  1.42657438E+00
 -1.95668358E-01  1.00000000E+00  9.70887231E-01 -1.98660295E+00  3.90584111E-01  8.69831122E+00  1.01158278E+00  1.42973149E+00
 -1.83439085E-01  1.00000000E+00  9.69509035E-01 -1.98820676E+00  3.89160345E-01  8.65208560E+00  1.01650530E+00  1.42021794E+00
 -1.71209813E-01  1.00000000E+00  9.68130840E-01 -1.98980605E+00  3.83419907E-01  8.60615690E+00  1.02144664E+00  1.41075611E+00
 -1.58980541E-01  1.00000000E+00  9.54787077E-01 -1.91934839E+00  3.67830054E-01  8.14004074E+00  1.01960459E+00  1.32440112E+00
 -1.46751268E-01  1.00000000E+00  9.41443314E-01 -1.85192725E+00  3.51847595E-01  7.69944764E+00  1.01816524E+00  1.24271853E+00
 -1.34521996E-01  1.00000000E+00  9.42533256E-01 -1.78219831E+00  3.32741902E-01  6.88147452E+00  1.05051347E+00  1.08455875E+00
 -1.22292724E-01  1.00000000E+00  9.43623197E-01 -1.71698894E+00  2.95751987E-01  6.15556299E+00  1.08405211E+00  9.43301024E-01
 -1.10063451E-01  1.00000000E+00  1.03049753E+00 -1.33188838E+00  2.07920151E-01  3.90598617E+00  1.14283448E+00  5.13946214E-01
 -9.78341789E-02  1.00000000E+00  1.11737186E+00 -1.06277600E+00  1.42228711E-01  2.49123245E+00  1.23315567E+00  2.34002281E-01
 -8.56049065E-02  1.00000000E+00  1.41679250E+00 -4.93105649E-01  4.71765656E-02  1.44708155E+00  1.09762092E+00  6.49996774E-02
 -7.33756342E-02  1.00000000E+00  1.71621314E+00 -1.32633333E-01  5.49370194E-02  8.69194285E-01  1.09193818E+00 -4.14303644E-02
 -6.11463618E-02  1.00000000E+00  2.09044855E+00  4.17538832E-02  3.53011595E-02  6.05968271E-01  1.38992695E+00 -1.45816315E-01
 -4.89170895E-02  1.00000000E+00  2.46468396E+00  2.15041877E-01  1.13779061E-01  4.44164591E-01  1.81157120E+00 -2.54337629E-01
 -3.66878171E-02  1.00000000E+00  3.22317627E+00 -1.20988580E-01  2.68787091E-01  6.42891347E-01  1.26319598E+00 -1.15376662E-01
 -2.44585447E-02  1.00000000E+00  3.98166859E+00 -4.67224598E-01  3.30761676E-01  1.06339187E+00  9.93836395E-01  1.29373178E-02
 -1.22292724E-02  1.00000000E+00  2.03362060E+00  1.56731309E+00  1.33945626E+00  2.07548883E+00  2.45537317E+00 -7.06584882E-02
  0.00000000E+00  1.00000000E+00  8.55726206E-02  1.29501795E+01  9.49102173E+00  1.19099291E+01  1.47789643E+01 -5.33640538E-01
