# curve 5 (die wall), step =      600, time =   2.40000000E+02
# N1 = tau_xx - tau_yy = G ( c_xx - c_yy ),  G =  1.0000E+00  (polymer part only)
#              x               y        pressure            c_xy        gammadot            c_xx            c_yy              N1
 -3.00000000E+00  1.00000000E+00  2.60644308E+00 -1.99418782E-01  4.00229803E-01  1.07841572E+00  9.98814454E-01  7.96012680E-02
 -2.97524677E+00  1.00000000E+00  2.58666411E+00 -1.99417367E-01  4.00231398E-01  1.07842374E+00  9.98811183E-01  7.96125582E-02
 -2.95049355E+00  1.00000000E+00  2.56688515E+00 -1.99415952E-01  4.00232145E-01  1.07843176E+00  9.98807911E-01  7.96238485E-02
 -2.92574032E+00  1.00000000E+00  2.54710452E+00 -1.99417343E-01  4.00233067E-01  1.07842800E+00  9.98809520E-01  7.96184757E-02
 -2.90098710E+00  1.00000000E+00  2.52732388E+00 -1.99418733E-01  4.00233726E-01  1.07842423E+00  9.98811129E-01  7.96131029E-02
 -2.87623387E+00  1.00000000E+00  2.50754821E+00 -1.99421226E-01  4.00233733E-01  1.07841325E+00  9.98815736E-01  7.95975107E-02
 -2.85148064E+00  1.00000000E+00  2.48777255E+00 -1.99423720E-01  4.00233349E-01  1.07840226E+00  9.98820343E-01  7.95819186E-02
 -2.82672742E+00  1.00000000E+00  2.46798983E+00 -1.99420534E-01  4.00232426E-01  1.07841432E+00  9.98815368E-01  7.95989525E-02
 -2.80197419E+00  1.00000000E+00  2.44820711E+00 -1.99417347E-01  4.00233334E-01  1.07842638E+00  9.98810393E-01  7.96159866E-02
 -2.77722097E+00  1.00000000E+00  2.42842819E+00 -1.99418330E-01  4.00231877E-01  1.07842229E+00  9.98811847E-01  7.96104396E-02
 -2.75246774E+00  1.00000000E+00  2.40864927E+00 -1.99419313E-01  4.00231625E-01  1.07841819E+00  9.98813300E-01  7.96048927E-02
 -2.72771451E+00  1.00000000E+00  2.38886990E+00 -1.99418718E-01  4.00232846E-01  1.07842158E+00  9.98812108E-01  7.96094690E-02
 -2.70296129E+00  1.00000000E+00  2.36909054E+00 -1.99418122E-01  4.00233581E-01  1.07842496E+00  9.98810916E-01  7.96140452E-02
 -2.67820806E+00  1.00000000E+00  2.34931059E+00 -1.99419055E-01  4.00232788E-01  1.07842099E+00  9.98812501E-01  7.96084936E-02
 -2.65345484E+00  1.00000000E+00  2.32953065E+00 -1.99419987E-01  4.00232523E-01  1.07841703E+00  9.98814086E-01  7.96029421E-02
 -2.62870161E+00  1.00000000E+00  2.30975246E+00 -1.99419444E-01  4.00232089E-01  1.07841829E+00  9.98813568E-01  7.96047268E-02
 -2.60394839E+00  1.00000000E+00  2.28997427E+00 -1.99418901E-01  4.00231412E-01  1.07841956E+00  9.98813049E-01  7.96065114E-02
 -2.57919516E+00  1.00000000E+00  2.27019341E+00 -1.99418147E-01  4.00232112E-01  1.07842324E+00  9.98811594E-01  7.96116500E-02
 -2.55444193E+00  1.00000000E+00  2.25041256E+00 -1.99417393E-01  4.00232500E-01  1.07842693E+00  9.98810138E-01  7.96167885E-02
 -2.52968871E+00  1.00000000E+00  2.23063457E+00 -1.99419112E-01  4.00232107E-01  1.07841886E+00  9.98813347E-01  7.96055147E-02
 -2.50493548E+00  1.00000000E+00  2.21085658E+00 -1.99420830E-01  4.00231715E-01  1.07841080E+00  9.98816557E-01  7.95942410E-02
 -2.48018226E+00  1.00000000E+00  2.19107565E+00 -1.99418471E-01  4.00231152E-01  1.07841960E+00  9.98812980E-01  7.96066216E-02
 -2.45542903E+00  1.00000000E+00  2.17129471E+00 -1.99416111E-01  4.00231580E-01  1.07842841E+00  9.98809403E-01  7.96190022E-02
 -2.43067580E+00  1.00000000E+00  2.15151515E+00 -1.99416510E-01  4.00230530E-01  1.07842638E+00  9.98810025E-01  7.96163569E-02
 -2.40592258E+00  1.00000000E+00  2.13173558E+00 -1.99416909E-01  4.00230241E-01  1.07842436E+00  9.98810648E-01  7.96137115E-02
 -2.38116935E+00  1.00000000E+00  2.11195630E+00 -1.99416490E-01  4.00231046E-01  1.07842672E+00  9.98809900E-01  7.96168247E-02
 -2.35641613E+00  1.00000000E+00  2.09217702E+00 -1.99416072E-01  4.00231500E-01  1.07842909E+00  9.98809152E-01  7.96199378E-02
 -2.33166290E+00  1.00000000E+00  2.07239778E+00 -1.99416563E-01  4.00230595E-01  1.07842538E+00  9.98810436E-01  7.96149460E-02
 -2.30690967E+00  1.00000000E+00  2.05261853E+00 -1.99417055E-01  4.00230220E-01  1.07842167E+00  9.98811720E-01  7.96099541E-02
 -2.28215645E+00  1.00000000E+00  2.03283880E+00 -1.99417334E-01  4.00229512E-01  1.07841931E+00  9.98812627E-01  7.96066856E-02
 -2.25740322E+00  1.00000000E+00  2.01305907E+00 -1.99417613E-01  4.00228264E-01  1.07841695E+00  9.98813533E-01  7.96034171E-02
 -2.23265000E+00  1.00000000E+00  1.99328094E+00 -1.99417945E-01  4.00227982E-01  1.07841362E+00  9.98814800E-01  7.95988235E-02
 -2.20789677E+00  1.00000000E+00  1.97350281E+00 -1.99418276E-01  4.00227389E-01  1.07841030E+00  9.98816067E-01  7.95942300E-02
 -2.18314354E+00  1.00000000E+00  1.95372162E+00 -1.99415876E-01  4.00226141E-01  1.07841783E+00  9.98812932E-01  7.96049000E-02
 -2.15839032E+00  1.00000000E+00  1.93394043E+00 -1.99413477E-01  4.00225779E-01  1.07842537E+00  9.98809797E-01  7.96155701E-02
 -2.13363709E+00  1.00000000E+00  1.91416158E+00 -1.99413313E-01  4.00223947E-01  1.07842364E+00  9.98810148E-01  7.96134911E-02
 -2.10888387E+00  1.00000000E+00  1.89438273E+00 -1.99413149E-01  4.00223167E-01  1.07842191E+00  9.98810499E-01  7.96114120E-02
 -2.08413064E+00  1.00000000E+00  1.87460334E+00 -1.99412685E-01  4.00222879E-01  1.07842303E+00  9.98810031E-01  7.96129942E-02
 -2.05937741E+00  1.00000000E+00  1.85482394E+00 -1.99412221E-01  4.00221792E-01  1.07842414E+00  9.98809563E-01  7.96145763E-02
 -2.03462419E+00  1.00000000E+00  1.83504516E+00 -1.99411388E-01  4.00220661E-01  1.07842320E+00  9.98809770E-01  7.96134308E-02
 -2.00987096E+00  1.00000000E+00  1.81526637E+00 -1.99410555E-01  4.00219588E-01  1.07842226E+00  9.98809978E-01  7.96122852E-02
 -1.98511774E+00  1.00000000E+00  1.79548776E+00 -1.99410335E-01  4.00217060E-01  1.07841847E+00  9.98811218E-01  7.96072541E-02
 -1.96036451E+00  1.00000000E+00  1.77570915E+00 -1.99410115E-01  4.00214499E-01  1.07841468E+00  9.98812458E-01  7.96022230E-02
 -1.93561128E+00  1.00000000E+00  1.75593159E+00 -1.99409518E-01  4.00212819E-01  1.07841148E+00  9.98813399E-01  7.95980826E-02
 -1.91085806E+00  1.00000000E+00  1.73615403E+00 -1.99408921E-01  4.00210683E-01  1.07840828E+00  9.98814340E-01  7.95939422E-02
 -1.88610483E+00  1.00000000E+00  1.71637676E+00 -1.99407831E-01  4.00207246E-01  1.07840497E+00  9.98815328E-01  7.95896416E-02
 -1.86135161E+00  1.00000000E+00  1.69659950E+00 -1.99406740E-01  4.00203766E-01  1.07840166E+00  9.98816316E-01  7.95853411E-02
 -1.83659838E+00  1.00000000E+00  1.67681981E+00 -1.99403422E-01  4.00200023E-01  1.07840730E+00  9.98813341E-01  7.95939579E-02
 -1.81184516E+00  1.00000000E+00  1.65704013E+00 -1.99400103E-01  4.00196943E-01  1.07841294E+00  9.98810366E-01  7.96025748E-02
 -1.78709193E+00  1.00000000E+00  1.63726596E+00 -1.99400376E-01  4.00194121E-01  1.07840332E+00  9.98813922E-01  7.95893961E-02
 -1.76233870E+00  1.00000000E+00  1.61749179E+00 -1.99400649E-01  4.00190634E-01  1.07839370E+00  9.98817478E-01  7.95762174E-02
 -1.73758548E+00  1.00000000E+00  1.59771501E+00 -1.99397571E-01  4.00185327E-01  1.07839400E+00  9.98816469E-01  7.95775292E-02
 -1.71283225E+00  1.00000000E+00  1.57793823E+00 -1.99394493E-01  4.00180713E-01  1.07839430E+00  9.98815461E-01  7.95788409E-02
 -1.68807903E+00  1.00000000E+00  1.55816403E+00 -1.99392603E-01  4.00174143E-01  1.07838716E+00  9.98817452E-01  7.95697124E-02
 -1.66332580E+00  1.00000000E+00  1.53838983E+00 -1.99390712E-01  4.00166614E-01  1.07838003E+00  9.98819444E-01  7.95605840E-02
 -1.63857257E+00  1.00000000E+00  1.51861760E+00 -1.99385725E-01  4.00161371E-01  1.07838489E+00  9.98816480E-01  7.95684084E-02
 -1.61381935E+00  1.00000000E+00  1.49884537E+00 -1.99380738E-01  4.00156093E-01  1.07838975E+00  9.98813516E-01  7.95762328E-02
 -1.58906612E+00  1.00000000E+00  1.47907432E+00 -1.99377744E-01  4.00147100E-01  1.07838250E+00  9.98815187E-01  7.95673173E-02
 -1.56431290E+00  1.00000000E+00  1.45930328E+00 -1.99374751E-01  4.00137851E-01  1.07837526E+00  9.98816858E-01  7.95584018E-02
 -1.53955967E+00  1.00000000E+00  1.43953605E+00 -1.99369025E-01  4.00130305E-01  1.07837914E+00  9.98814032E-01  7.95651120E-02
 -1.51480644E+00  1.00000000E+00  1.41976882E+00 -1.99363299E-01  4.00122030E-01  1.07838303E+00  9.98811206E-01  7.95718223E-02
 -1.49005322E+00  1.00000000E+00  1.40000528E+00 -1.99358590E-01  4.00111954E-01  1.07837764E+00  9.98811861E-01  7.95657750E-02
 -1.46529999E+00  1.00000000E+00  1.38024174E+00 -1.99353882E-01  4.00101973E-01  1.07837224E+00  9.98812517E-01  7.95597276E-02
 -1.44054677E+00  1.00000000E+00  1.36048547E+00 -1.99350533E-01  4.00091096E-01  1.07835753E+00  9.98817079E-01  7.95404532E-02
 -1.41579354E+00  1.00000000E+00  1.34072920E+00 -1.99347183E-01  4.00077880E-01  1.07834282E+00  9.98821640E-01  7.95211790E-02
 -1.39104031E+00  1.00000000E+00  1.32097310E+00 -1.99337502E-01  4.00064674E-01  1.07835118E+00  9.98816042E-01  7.95351343E-02
 -1.36628709E+00  1.00000000E+00  1.30121699E+00 -1.99327822E-01  4.00053758E-01  1.07835953E+00  9.98810443E-01  7.95490896E-02
 -1.34153386E+00  1.00000000E+00  1.28147229E+00 -1.99322586E-01  4.00039950E-01  1.07835048E+00  9.98812048E-01  7.95384316E-02
 -1.31678064E+00  1.00000000E+00  1.26172759E+00 -1.99317350E-01  4.00026323E-01  1.07834143E+00  9.98813652E-01  7.95277737E-02
 -1.29202741E+00  1.00000000E+00  1.24199124E+00 -1.99310705E-01  4.00012905E-01  1.07833449E+00  9.98814592E-01  7.95198965E-02
 -1.26727418E+00  1.00000000E+00  1.22225489E+00 -1.99304060E-01  3.99998782E-01  1.07832755E+00  9.98815533E-01  7.95120194E-02
 -1.24252096E+00  1.00000000E+00  1.20253318E+00 -1.99299286E-01  3.99985699E-01  1.07831356E+00  9.98819626E-01  7.94939345E-02
 -1.21776773E+00  1.00000000E+00  1.18281146E+00 -1.99294511E-01  3.99968710E-01  1.07829957E+00  9.98823719E-01  7.94758498E-02
 -1.19301451E+00  1.00000000E+00  1.16309683E+00 -1.99284059E-01  3.99954574E-01  1.07830947E+00  9.98817073E-01  7.94924015E-02
 -1.16826128E+00  1.00000000E+00  1.14338219E+00 -1.99273607E-01  3.99944892E-01  1.07831938E+00  9.98810427E-01  7.95089533E-02
 -1.14350806E+00  1.00000000E+00  1.12369084E+00 -1.99270693E-01  3.99933629E-01  1.07830691E+00  9.98814536E-01  7.94923701E-02
 -1.11875483E+00  1.00000000E+00  1.10399949E+00 -1.99267778E-01  3.99923437E-01  1.07829443E+00  9.98818646E-01  7.94757869E-02
 -1.09400160E+00  1.00000000E+00  1.08433032E+00 -1.99266673E-01  3.99918830E-01  1.07829108E+00  9.98819409E-01  7.94716693E-02
 -1.06924838E+00  1.00000000E+00  1.06466114E+00 -1.99265568E-01  3.99914722E-01  1.07828772E+00  9.98820172E-01  7.94675516E-02
 -1.04449515E+00  1.00000000E+00  1.04501470E+00 -1.99263912E-01  3.99913705E-01  1.07829238E+00  9.98818305E-01  7.94740704E-02
 -1.01974193E+00  1.00000000E+00  1.02536825E+00 -1.99262257E-01  3.99913473E-01  1.07829703E+00  9.98816439E-01  7.94805892E-02
 -9.94988700E-01  1.00000000E+00  1.00575683E+00 -1.99270261E-01  3.99926104E-01  1.07830093E+00  9.98818191E-01  7.94827405E-02
 -9.70235474E-01  1.00000000E+00  9.86145408E-01 -1.99278265E-01  3.99945157E-01  1.07830483E+00  9.98819943E-01  7.94848917E-02
 -9.45482248E-01  1.00000000E+00  9.66571497E-01 -1.99295632E-01  3.99975914E-01  1.07831883E+00  9.98818571E-01  7.95002557E-02
 -9.20729022E-01  1.00000000E+00  9.46997586E-01 -1.99312999E-01  4.00011430E-01  1.07833282E+00  9.98817199E-01  7.95156198E-02
 -8.95975796E-01  1.00000000E+00  9.27472875E-01 -1.99336291E-01  4.00062826E-01  1.07835988E+00  9.98813753E-01  7.95461235E-02
 -8.71222570E-01  1.00000000E+00  9.07948164E-01 -1.99359584E-01  4.00122111E-01  1.07838693E+00  9.98810307E-01  7.95766277E-02
 -8.46469344E-01  1.00000000E+00  8.88475479E-01 -1.99412120E-01  4.00218872E-01  1.07842055E+00  9.98814577E-01  7.96059728E-02
 -8.21716118E-01  1.00000000E+00  8.69002795E-01 -1.99464657E-01  4.00320171E-01  1.07845417E+00  9.98818850E-01  7.96353186E-02
 -7.97201467E-01  1.00000000E+00  8.49796815E-01 -1.99540883E-01  4.00469836E-01  1.07850954E+00  9.98819517E-01  7.96900186E-02
 -7.72686817E-01  1.00000000E+00  8.30590836E-01 -1.99617112E-01  4.00625971E-01  1.07856491E+00  9.98820189E-01  7.97447207E-02
 -7.49503432E-01  1.00000000E+00  8.12500967E-01 -1.99718523E-01  4.00820497E-01  1.07865115E+00  9.98814536E-01  7.98366163E-02
 -7.26320047E-01  1.00000000E+00  7.94411097E-01 -1.99819941E-01  4.01036737E-01  1.07873741E+00  9.98808893E-01  7.99285169E-02
 -7.04527831E-01  1.00000000E+00  7.77481839E-01 -1.99957879E-01  4.01295718E-01  1.07883612E+00  9.98818147E-01  8.00179677E-02
 -6.82735615E-01  1.00000000E+00  7.60552580E-01 -2.00095827E-01  4.01578809E-01  1.07893484E+00  9.98827419E-01  8.01074251E-02
 -6.62251087E-01  1.00000000E+00  7.44733703E-01 -2.00271099E-01  4.01923643E-01  1.07908089E+00  9.98816274E-01  8.02646191E-02
 -6.41766559E-01  1.00000000E+00  7.28914826E-01 -2.00446388E-01  4.02298593E-01  1.07922698E+00  9.98805157E-01  8.04218270E-02
 -6.22511254E-01  1.00000000E+00  7.14118372E-01 -2.00653810E-01  4.02706758E-01  1.07940026E+00  9.98798569E-01  8.06016946E-02
 -6.03255949E-01  1.00000000E+00  6.99321917E-01 -2.00861256E-01  4.03152647E-01  1.07957360E+00  9.98792020E-01  8.07815824E-02
 -5.85156097E-01  1.00000000E+00  6.85505181E-01 -2.01123214E-01  4.03662121E-01  1.07977518E+00  9.98794820E-01  8.09803620E-02
 -5.67056245E-01  1.00000000E+00  6.71688445E-01 -2.01385209E-01  4.04208386E-01  1.07997685E+00  9.98797683E-01  8.11791688E-02
 -5.50042515E-01  1.00000000E+00  6.58786647E-01 -2.01700698E-01  4.04840614E-01  1.08024125E+00  9.98781341E-01  8.14599129E-02
 -5.33028786E-01  1.00000000E+00  6.45884848E-01 -2.02016242E-01  4.05498895E-01  1.08050580E+00  9.98765093E-01  8.17407033E-02
 -5.17036006E-01  1.00000000E+00  6.33867101E-01 -2.02396599E-01  4.06226314E-01  1.08080099E+00  9.98769726E-01  8.20312624E-02
 -5.01043227E-01  1.00000000E+00  6.21849354E-01 -2.02777036E-01  4.07008798E-01  1.08109637E+00  9.98774495E-01  8.23218799E-02
 -4.86010125E-01  1.00000000E+00  6.10638653E-01 -2.03210778E-01  4.07849622E-01  1.08144502E+00  9.98769062E-01  8.26759541E-02
 -4.70977023E-01  1.00000000E+00  5.99427952E-01 -2.03644624E-01  4.08764468E-01  1.08179392E+00  9.98763806E-01  8.30301095E-02
 -4.56846016E-01  1.00000000E+00  5.88972026E-01 -2.04127228E-01  4.09731280E-01  1.08219289E+00  9.98749049E-01  8.34438445E-02
 -4.42715008E-01  1.00000000E+00  5.78516100E-01 -2.04609962E-01  4.10774856E-01  1.08259220E+00  9.98734512E-01  8.38576855E-02
 -4.29431964E-01  1.00000000E+00  5.68819714E-01 -2.05217219E-01  4.11917905E-01  1.08307092E+00  9.98739455E-01  8.43314617E-02
 -4.16148920E-01  1.00000000E+00  5.59123328E-01 -2.05824682E-01  4.13137671E-01  1.08355013E+00  9.98744743E-01  8.48053913E-02
 -4.03662954E-01  1.00000000E+00  5.50099711E-01 -2.06440570E-01  4.14351832E-01  1.08405827E+00  9.98732482E-01  8.53257925E-02
 -3.91176988E-01  1.00000000E+00  5.41076094E-01 -2.07056672E-01  4.15685051E-01  1.08456694E+00  9.98720577E-01  8.58463659E-02
 -3.79440270E-01  1.00000000E+00  5.32640340E-01 -2.07786941E-01  4.17121312E-01  1.08516491E+00  9.98711236E-01  8.64536692E-02
 -3.67703552E-01  1.00000000E+00  5.24204586E-01 -2.08517512E-01  4.18635198E-01  1.08576361E+00  9.98702396E-01  8.70612106E-02
 -3.56671122E-01  1.00000000E+00  5.16461703E-01 -2.09320802E-01  4.20232642E-01  1.08643735E+00  9.98682122E-01  8.77552254E-02
 -3.45638692E-01  1.00000000E+00  5.08718819E-01 -2.10124460E-01  4.21909849E-01  1.08711200E+00  9.98662456E-01  8.84495417E-02
 -3.35268287E-01  1.00000000E+00  5.01489763E-01 -2.10990887E-01  4.23597515E-01  1.08782561E+00  9.98660065E-01  8.91655453E-02
 -3.24897882E-01  1.00000000E+00  4.94260707E-01 -2.11857745E-01  4.25427462E-01  1.08854026E+00  9.98658375E-01  8.98818885E-02
 -3.15149775E-01  1.00000000E+00  4.87630698E-01 -2.12861384E-01  4.27367703E-01  1.08934413E+00  9.98679791E-01  9.06643347E-02
 -3.05401669E-01  1.00000000E+00  4.81000690E-01 -2.13865600E-01  4.29372966E-01  1.09014935E+00  9.98702142E-01  9.14472122E-02
 -2.96238520E-01  1.00000000E+00  4.74791942E-01 -2.14898960E-01  4.31403897E-01  1.09107723E+00  9.98646465E-01  9.24307624E-02
 -2.87075371E-01  1.00000000E+00  4.68583194E-01 -2.15932952E-01  4.33656531E-01  1.09200668E+00  9.98591800E-01  9.34148814E-02
 -2.78462077E-01  1.00000000E+00  4.62907423E-01 -2.17114838E-01  4.35970119E-01  1.09302747E+00  9.98564459E-01  9.44630123E-02
 -2.69848783E-01  1.00000000E+00  4.57231652E-01 -2.18297543E-01  4.38413845E-01  1.09405026E+00  9.98538426E-01  9.55118326E-02
 -2.61752348E-01  1.00000000E+00  4.52042396E-01 -2.19550017E-01  4.40865279E-01  1.09509909E+00  9.98556547E-01  9.65425424E-02
 -2.53655913E-01  1.00000000E+00  4.46853140E-01 -2.20803422E-01  4.43455134E-01  1.09615010E+00  9.98576118E-01  9.75739848E-02
 -2.46045323E-01  1.00000000E+00  4.42067582E-01 -2.22138205E-01  4.46158770E-01  1.09734343E+00  9.98533238E-01  9.88101943E-02
 -2.38434732E-01  1.00000000E+00  4.37282024E-01 -2.23474056E-01  4.48939652E-01  1.09853937E+00  9.98492026E-01  1.00047343E-01
 -2.31280830E-01  1.00000000E+00  4.32928948E-01 -2.24917187E-01  4.51808086E-01  1.09981233E+00  9.98480834E-01  1.01331493E-01
 -2.24126928E-01  1.00000000E+00  4.28575873E-01 -2.26361584E-01  4.54785324E-01  1.10108829E+00  9.98471573E-01  1.02616716E-01
 -2.17402314E-01  1.00000000E+00  4.24555705E-01 -2.27914939E-01  4.57870260E-01  1.10247643E+00  9.98458462E-01  1.04017972E-01
 -2.10677699E-01  1.00000000E+00  4.20535537E-01 -2.29469776E-01  4.61054583E-01  1.10386809E+00  9.98447584E-01  1.05420503E-01
 -2.04351753E-01  1.00000000E+00  4.16941424E-01 -2.31127636E-01  4.64402189E-01  1.10540386E+00  9.98401963E-01  1.07001901E-01
 -1.98025807E-01  1.00000000E+00  4.13347311E-01 -2.32787207E-01  4.67824222E-01  1.10694375E+00  9.98358897E-01  1.08584852E-01
 -1.91837501E-01  1.00000000E+00  4.09964142E-01 -2.34668604E-01  4.71541842E-01  1.10863368E+00  9.98377694E-01  1.10255984E-01
 -1.85649194E-01  1.00000000E+00  4.06580974E-01 -2.36552221E-01  4.75363459E-01  1.11032874E+00  9.98399733E-01  1.11929002E-01
 -1.79460888E-01  1.00000000E+00  4.03401610E-01 -2.38638591E-01  4.79598189E-01  1.11237750E+00  9.98295067E-01  1.14082430E-01
 -1.73272582E-01  1.00000000E+00  4.00222247E-01 -2.40727764E-01  4.83961581E-01  1.11443306E+00  9.98194462E-01  1.16238602E-01
 -1.67084275E-01  1.00000000E+00  3.97173836E-01 -2.43160877E-01  4.88754030E-01  1.11671373E+00  9.98208981E-01  1.18504753E-01
 -1.60895969E-01  1.00000000E+00  3.94125425E-01 -2.45597831E-01  4.93750674E-01  1.11900322E+00  9.98228895E-01  1.20774329E-01
 -1.54707662E-01  1.00000000E+00  3.91339518E-01 -2.48358823E-01  4.99405928E-01  1.12179964E+00  9.98102270E-01  1.23697366E-01
 -1.48519356E-01  1.00000000E+00  3.88553611E-01 -2.51124879E-01  5.05259521E-01  1.12460820E+00  9.97982702E-01  1.26625498E-01
 -1.42331049E-01  1.00000000E+00  3.86224610E-01 -2.54554102E-01  5.11844033E-01  1.12794496E+00  9.98014045E-01  1.29930911E-01
 -1.36142743E-01  1.00000000E+00  3.83895610E-01 -2.57991211E-01  5.18854704E-01  1.13129962E+00  9.98056010E-01  1.33243613E-01
 -1.29954436E-01  1.00000000E+00  3.81949044E-01 -2.61763440E-01  5.26387995E-01  1.13522295E+00  9.97979199E-01  1.37243746E-01
 -1.23766130E-01  1.00000000E+00  3.80002478E-01 -2.65545563E-01  5.34458428E-01  1.13916921E+00  9.97915301E-01  1.41253906E-01
 -1.17577823E-01  1.00000000E+00  3.78327456E-01 -2.70209026E-01  5.43696559E-01  1.14418106E+00  9.97800695E-01  1.46380369E-01
 -1.11389517E-01  1.00000000E+00  3.76652433E-01 -2.74887982E-01  5.53452741E-01  1.14922886E+00  9.97705743E-01  1.51523114E-01
 -1.05201210E-01  1.00000000E+00  3.75880493E-01 -2.80666745E-01  5.64854286E-01  1.15562630E+00  9.97573020E-01  1.58053278E-01
 -9.90129037E-02  1.00000000E+00  3.75108553E-01 -2.86469884E-01  5.76884362E-01  1.16208005E+00  9.97470241E-01  1.64609806E-01
 -9.28245972E-02  1.00000000E+00  3.75383512E-01 -2.93284099E-01  5.91001430E-01  1.17026785E+00  9.97060050E-01  1.73207804E-01
 -8.66362908E-02  1.00000000E+00  3.75658471E-01 -3.00133820E-01  6.05882575E-01  1.17854036E+00  9.96691816E-01  1.81848540E-01
 -8.04479843E-02  1.00000000E+00  3.76897620E-01 -3.09638130E-01  6.23949499E-01  1.18969394E+00  9.96847158E-01  1.92846787E-01
 -7.42596778E-02  1.00000000E+00  3.78136769E-01 -3.19213506E-01  6.43368246E-01  1.20100492E+00  9.97080438E-01  2.03924481E-01
 -6.80713713E-02  1.00000000E+00  3.82382235E-01 -3.30013481E-01  6.66671367E-01  1.21649720E+00  9.95669501E-01  2.20827703E-01
 -6.18830648E-02  1.00000000E+00  3.86627702E-01 -3.40913662E-01  6.92988675E-01  1.23224557E+00  9.94365606E-01  2.37879964E-01
 -5.56947583E-02  1.00000000E+00  3.90274037E-01 -3.58853609E-01  7.25291511E-01  1.25538147E+00  9.95237754E-01  2.60143719E-01
 -4.95064519E-02  1.00000000E+00  3.93920372E-01 -3.77067843E-01  7.62764118E-01  1.27911284E+00  9.96373495E-01  2.82739346E-01
 -4.33181454E-02  1.00000000E+00  4.33046815E-01 -4.02236062E-01  8.10658142E-01  1.32390389E+00  9.92592173E-01  3.31311718E-01
 -3.71298389E-02  1.00000000E+00  4.72173258E-01 -4.28060398E-01  8.71158508E-01  1.37047117E+00  9.89368415E-01  3.81102754E-01
 -3.09415324E-02  1.00000000E+00  4.00189796E-01 -4.59274752E-01  9.58397651E-01  1.41445283E+00  9.93488421E-01  4.20964413E-01
 -2.47532259E-02  1.00000000E+00  3.28206333E-01 -4.91351318E-01  1.03985594E+00  1.46023414E+00  9.98318570E-01  4.61915566E-01
 -1.85649194E-02  1.00000000E+00  8.20345877E-01 -6.16522591E-01  1.20323149E+00  1.75215759E+00  9.86583615E-01  7.65573979E-01
 -1.23766130E-02  1.00000000E+00  1.31248542E+00 -7.61690471E-01  1.53897548E+00  2.10414355E+00  9.86285839E-01  1.11785771E+00
 -6.18830648E-03  1.00000000E+00  5.01013959E-02 -3.96840293E-01  2.46063117E+00  2.83438139E+00  6.56077172E-01  2.17830422E+00
  0.00000000E+00  1.00000000E+00 -1.21228263E+00  4.27072709E-02  4.10766364E+00  4.11276065E+00  4.71591616E-01  3.64116903E+00
