# curve 5 (die wall), step =      500, time =   2.00000000E+02
# N1 = tau_xx - tau_yy = G ( c_xx - c_yy ),  G =  3.0000E-01  (polymer part only)
#              x               y        pressure            c_xy        gammadot            c_xx            c_yy              N1
 -3.00000000E+00  1.00000000E+00  2.61656143E+00 -3.98325625E-01  4.00184763E-01  1.31615368E+00  9.98436481E-01  9.53151596E-02
 -2.97524677E+00  1.00000000E+00  2.59677615E+00 -3.98315841E-01  4.00185935E-01  1.31617281E+00  9.98427564E-01  9.53235738E-02
 -2.95049355E+00  1.00000000E+00  2.57699086E+00 -3.98306056E-01  4.00186339E-01  1.31619194E+00  9.98418646E-01  9.53319881E-02
 -2.92574032E+00  1.00000000E+00  2.55720516E+00 -3.98313545E-01  4.00187482E-01  1.31618292E+00  9.98423813E-01  9.53277307E-02
 -2.90098710E+00  1.00000000E+00  2.53741946E+00 -3.98321035E-01  4.00188352E-01  1.31617389E+00  9.98428980E-01  9.53234734E-02
 -2.87623387E+00  1.00000000E+00  2.51764138E+00 -3.98338731E-01  4.00188469E-01  1.31614559E+00  9.98444013E-01  9.53104732E-02
 -2.85148064E+00  1.00000000E+00  2.49786330E+00 -3.98356426E-01  4.00188566E-01  1.31611729E+00  9.98459046E-01  9.52974733E-02
 -2.82672742E+00  1.00000000E+00  2.47807487E+00 -3.98335857E-01  4.00186959E-01  1.31614867E+00  9.98442515E-01  9.53118461E-02
 -2.80197419E+00  1.00000000E+00  2.45828644E+00 -3.98315287E-01  4.00188369E-01  1.31618005E+00  9.98425984E-01  9.53262192E-02
 -2.77722097E+00  1.00000000E+00  2.43850267E+00 -3.98319053E-01  4.00186521E-01  1.31616963E+00  9.98429385E-01  9.53220748E-02
 -2.75246774E+00  1.00000000E+00  2.41871891E+00 -3.98322818E-01  4.00186178E-01  1.31615922E+00  9.98432786E-01  9.53179304E-02
 -2.72771451E+00  1.00000000E+00  2.39893543E+00 -3.98320060E-01  4.00187996E-01  1.31616897E+00  9.98429671E-01  9.53217886E-02
 -2.70296129E+00  1.00000000E+00  2.37915195E+00 -3.98317302E-01  4.00189378E-01  1.31617871E+00  9.98426556E-01  9.53256469E-02
 -2.67820806E+00  1.00000000E+00  2.35936717E+00 -3.98322022E-01  4.00188160E-01  1.31616784E+00  9.98431042E-01  9.53210383E-02
 -2.65345484E+00  1.00000000E+00  2.33958239E+00 -3.98326742E-01  4.00187777E-01  1.31615696E+00  9.98435529E-01  9.53164298E-02
 -2.62870161E+00  1.00000000E+00  2.31980074E+00 -3.98324180E-01  4.00187182E-01  1.31615973E+00  9.98433999E-01  9.53177180E-02
 -2.60394839E+00  1.00000000E+00  2.30001910E+00 -3.98321617E-01  4.00186008E-01  1.31616249E+00  9.98432469E-01  9.53190062E-02
 -2.57919516E+00  1.00000000E+00  2.28023335E+00 -3.98317904E-01  4.00186800E-01  1.31617200E+00  9.98428678E-01  9.53229969E-02
 -2.55444193E+00  1.00000000E+00  2.26044760E+00 -3.98314190E-01  4.00187349E-01  1.31618151E+00  9.98424887E-01  9.53269877E-02
 -2.52968871E+00  1.00000000E+00  2.24066573E+00 -3.98326422E-01  4.00186962E-01  1.31616000E+00  9.98435481E-01  9.53173567E-02
 -2.50493548E+00  1.00000000E+00  2.22088386E+00 -3.98338653E-01  4.00186604E-01  1.31613849E+00  9.98446074E-01  9.53077258E-02
 -2.48018226E+00  1.00000000E+00  2.20109765E+00 -3.98323609E-01  4.00185466E-01  1.31616114E+00  9.98434130E-01  9.53181036E-02
 -2.45542903E+00  1.00000000E+00  2.18131144E+00 -3.98308565E-01  4.00186158E-01  1.31618379E+00  9.98422186E-01  9.53284816E-02
 -2.43067580E+00  1.00000000E+00  2.16152723E+00 -3.98309658E-01  4.00185014E-01  1.31617938E+00  9.98423073E-01  9.53268930E-02
 -2.40592258E+00  1.00000000E+00  2.14174301E+00 -3.98310750E-01  4.00184940E-01  1.31617497E+00  9.98423959E-01  9.53253045E-02
 -2.38116935E+00  1.00000000E+00  2.12196000E+00 -3.98308950E-01  4.00186519E-01  1.31618199E+00  9.98422178E-01  9.53279452E-02
 -2.35641613E+00  1.00000000E+00  2.10217699E+00 -3.98307151E-01  4.00187575E-01  1.31618902E+00  9.98420396E-01  9.53305859E-02
 -2.33166290E+00  1.00000000E+00  2.08239338E+00 -3.98311950E-01  4.00186004E-01  1.31617784E+00  9.98424734E-01  9.53259317E-02
 -2.30690967E+00  1.00000000E+00  2.06260977E+00 -3.98316750E-01  4.00185523E-01  1.31616666E+00  9.98429071E-01  9.53212775E-02
 -2.28215645E+00  1.00000000E+00  2.04282474E+00 -3.98318743E-01  4.00184799E-01  1.31616031E+00  9.98431584E-01  9.53186180E-02
 -2.25740322E+00  1.00000000E+00  2.02303971E+00 -3.98320735E-01  4.00182957E-01  1.31615396E+00  9.98434097E-01  9.53159585E-02
 -2.23265000E+00  1.00000000E+00  2.00325855E+00 -3.98326212E-01  4.00182985E-01  1.31614528E+00  9.98438878E-01  9.53119198E-02
 -2.20789677E+00  1.00000000E+00  1.98347739E+00 -3.98331689E-01  4.00182839E-01  1.31613660E+00  9.98443659E-01  9.53078811E-02
 -2.18314354E+00  1.00000000E+00  1.96369028E+00 -3.98317612E-01  4.00180981E-01  1.31615487E+00  9.98433375E-01  9.53164490E-02
 -2.15839032E+00  1.00000000E+00  1.94390318E+00 -3.98303534E-01  4.00180636E-01  1.31617315E+00  9.98423091E-01  9.53250171E-02
 -2.13363709E+00  1.00000000E+00  1.92412045E+00 -3.98303461E-01  4.00178289E-01  1.31616863E+00  9.98423452E-01  9.53235544E-02
 -2.10888387E+00  1.00000000E+00  1.90433773E+00 -3.98303389E-01  4.00177658E-01  1.31616412E+00  9.98423813E-01  9.53220917E-02
 -2.08413064E+00  1.00000000E+00  1.88455356E+00 -3.98302400E-01  4.00177888E-01  1.31616648E+00  9.98422967E-01  9.53230544E-02
 -2.05937741E+00  1.00000000E+00  1.86476940E+00 -3.98301412E-01  4.00176881E-01  1.31616884E+00  9.98422120E-01  9.53240171E-02
 -2.03462419E+00  1.00000000E+00  1.84498665E+00 -3.98299993E-01  4.00175869E-01  1.31616627E+00  9.98422602E-01  9.53231014E-02
 -2.00987096E+00  1.00000000E+00  1.82520389E+00 -3.98298574E-01  4.00175189E-01  1.31616370E+00  9.98423084E-01  9.53221858E-02
 -1.98511774E+00  1.00000000E+00  1.80542013E+00 -3.98300340E-01  4.00172150E-01  1.31615164E+00  9.98426833E-01  9.53174422E-02
 -1.96036451E+00  1.00000000E+00  1.78563636E+00 -3.98302106E-01  4.00168841E-01  1.31613958E+00  9.98430582E-01  9.53126986E-02
 -1.93561128E+00  1.00000000E+00  1.76585562E+00 -3.98304909E-01  4.00167338E-01  1.31613015E+00  9.98434232E-01  9.53087767E-02
 -1.91085806E+00  1.00000000E+00  1.74607488E+00 -3.98307712E-01  4.00165397E-01  1.31612073E+00  9.98437883E-01  9.53048547E-02
 -1.88610483E+00  1.00000000E+00  1.72629241E+00 -3.98306688E-01  4.00161551E-01  1.31611005E+00  9.98440528E-01  9.53008576E-02
 -1.86135161E+00  1.00000000E+00  1.70650994E+00 -3.98305664E-01  4.00157866E-01  1.31609938E+00  9.98443174E-01  9.52968606E-02
 -1.83659838E+00  1.00000000E+00  1.68672551E+00 -3.98291301E-01  4.00153610E-01  1.31611224E+00  9.98433586E-01  9.53035949E-02
 -1.81184516E+00  1.00000000E+00  1.66694107E+00 -3.98276938E-01  4.00150363E-01  1.31612510E+00  9.98423999E-01  9.53103294E-02
 -1.78709193E+00  1.00000000E+00  1.64716351E+00 -3.98289390E-01  4.00147855E-01  1.31609708E+00  9.98437165E-01  9.52979742E-02
 -1.76233870E+00  1.00000000E+00  1.62738594E+00 -3.98301841E-01  4.00144396E-01  1.31606906E+00  9.98450332E-01  9.52856193E-02
 -1.73758548E+00  1.00000000E+00  1.60760294E+00 -3.98292553E-01  4.00138382E-01  1.31606584E+00  9.98446598E-01  9.52857717E-02
 -1.71283225E+00  1.00000000E+00  1.58781994E+00 -3.98283266E-01  4.00134176E-01  1.31606261E+00  9.98442865E-01  9.52859242E-02
 -1.68807903E+00  1.00000000E+00  1.56804115E+00 -3.98279894E-01  4.00127020E-01  1.31604280E+00  9.98446787E-01  9.52788037E-02
 -1.66332580E+00  1.00000000E+00  1.54826237E+00 -3.98276521E-01  4.00118303E-01  1.31602299E+00  9.98450708E-01  9.52716833E-02
 -1.63857257E+00  1.00000000E+00  1.52848630E+00 -3.98262271E-01  4.00113393E-01  1.31603090E+00  9.98442917E-01  9.52763937E-02
 -1.61381935E+00  1.00000000E+00  1.50871023E+00 -3.98248020E-01  4.00109009E-01  1.31603881E+00  9.98435126E-01  9.52811043E-02
 -1.58906612E+00  1.00000000E+00  1.48893338E+00 -3.98241825E-01  4.00099161E-01  1.31601528E+00  9.98438329E-01  9.52730862E-02
 -1.56431290E+00  1.00000000E+00  1.46915652E+00 -3.98235631E-01  4.00088729E-01  1.31599176E+00  9.98441532E-01  9.52650682E-02
 -1.53955967E+00  1.00000000E+00  1.44938532E+00 -3.98218246E-01  4.00080972E-01  1.31599673E+00  9.98433353E-01  9.52690117E-02
 -1.51480644E+00  1.00000000E+00  1.42961411E+00 -3.98200861E-01  4.00072351E-01  1.31600169E+00  9.98425175E-01  9.52729552E-02
 -1.49005322E+00  1.00000000E+00  1.40984655E+00 -3.98192740E-01  4.00061621E-01  1.31598003E+00  9.98427756E-01  9.52656829E-02
 -1.46529999E+00  1.00000000E+00  1.39007899E+00 -3.98184618E-01  4.00050987E-01  1.31595837E+00  9.98430337E-01  9.52584106E-02
 -1.44054677E+00  1.00000000E+00  1.37031903E+00 -3.98189765E-01  4.00039175E-01  1.31591223E+00  9.98445533E-01  9.52400086E-02
 -1.41579354E+00  1.00000000E+00  1.35055906E+00 -3.98194912E-01  4.00024800E-01  1.31586609E+00  9.98460729E-01  9.52216071E-02
 -1.39104031E+00  1.00000000E+00  1.33079729E+00 -3.98159311E-01  4.00009924E-01  1.31587938E+00  9.98442221E-01  9.52311487E-02
 -1.36628709E+00  1.00000000E+00  1.31103552E+00 -3.98123709E-01  3.99998410E-01  1.31589268E+00  9.98423714E-01  9.52406904E-02
 -1.34153386E+00  1.00000000E+00  1.29128623E+00 -3.98114818E-01  3.99983124E-01  1.31585953E+00  9.98428058E-01  9.52294430E-02
 -1.31678064E+00  1.00000000E+00  1.27153694E+00 -3.98105928E-01  3.99968110E-01  1.31582639E+00  9.98432402E-01  9.52181958E-02
 -1.29202741E+00  1.00000000E+00  1.25179638E+00 -3.98094422E-01  3.99953722E-01  1.31579906E+00  9.98435733E-01  9.52089981E-02
 -1.26727418E+00  1.00000000E+00  1.23205583E+00 -3.98082916E-01  3.99938378E-01  1.31577173E+00  9.98439065E-01  9.51998005E-02
 -1.24252096E+00  1.00000000E+00  1.21233181E+00 -3.98079353E-01  3.99923221E-01  1.31572590E+00  9.98450373E-01  9.51826568E-02
 -1.21776773E+00  1.00000000E+00  1.19260780E+00 -3.98075789E-01  3.99904239E-01  1.31568006E+00  9.98461681E-01  9.51655136E-02
 -1.19301451E+00  1.00000000E+00  1.17288813E+00 -3.98038833E-01  3.99887243E-01  1.31569200E+00  9.98443056E-01  9.51746831E-02
 -1.16826128E+00  1.00000000E+00  1.15316846E+00 -3.98001877E-01  3.99874816E-01  1.31570394E+00  9.98424433E-01  9.51838528E-02
 -1.14350806E+00  1.00000000E+00  1.13347321E+00 -3.98000789E-01  3.99860671E-01  1.31566292E+00  9.98435257E-01  9.51682976E-02
 -1.11875483E+00  1.00000000E+00  1.11377797E+00 -3.97999701E-01  3.99848438E-01  1.31562189E+00  9.98446081E-01  9.51527428E-02
 -1.09400160E+00  1.00000000E+00  1.09410639E+00 -3.97993223E-01  3.99840186E-01  1.31560742E+00  9.98446645E-01  9.51482338E-02
 -1.06924838E+00  1.00000000E+00  1.07443481E+00 -3.97986746E-01  3.99831975E-01  1.31559296E+00  9.98447209E-01  9.51437247E-02
 -1.04449515E+00  1.00000000E+00  1.05478604E+00 -3.97975418E-01  3.99827005E-01  1.31559694E+00  9.98442033E-01  9.51464711E-02
 -1.01974193E+00  1.00000000E+00  1.03513727E+00 -3.97964091E-01  3.99822568E-01  1.31560091E+00  9.98436857E-01  9.51492175E-02
 -9.94988700E-01  1.00000000E+00  1.01552520E+00 -3.97977362E-01  3.99830265E-01  1.31561335E+00  9.98441255E-01  9.51516290E-02
 -9.70235474E-01  1.00000000E+00  9.95913131E-01 -3.97990634E-01  3.99844439E-01  1.31562579E+00  9.98445653E-01  9.51540406E-02
 -9.45482248E-01  1.00000000E+00  9.76338196E-01 -3.98017279E-01  3.99868954E-01  1.31567056E+00  9.98441877E-01  9.51686045E-02
 -9.20729022E-01  1.00000000E+00  9.56763260E-01 -3.98043926E-01  3.99897615E-01  1.31571533E+00  9.98438101E-01  9.51831688E-02
 -8.95975796E-01  1.00000000E+00  9.37240260E-01 -3.98076999E-01  3.99942180E-01  1.31580262E+00  9.98429360E-01  9.52119764E-02
 -8.71222570E-01  1.00000000E+00  9.17717260E-01 -3.98110074E-01  3.99994221E-01  1.31588991E+00  9.98420621E-01  9.52407855E-02
 -8.46469344E-01  1.00000000E+00  8.98247970E-01 -3.98214633E-01  4.00082587E-01  1.31602274E+00  9.98433403E-01  9.52768023E-02
 -8.21716118E-01  1.00000000E+00  8.78778680E-01 -3.98319201E-01  4.00174591E-01  1.31615560E+00  9.98446194E-01  9.53128222E-02
 -7.97201467E-01  1.00000000E+00  8.59578746E-01 -3.98460442E-01  4.00313826E-01  1.31636630E+00  9.98447396E-01  9.53756718E-02
 -7.72686817E-01  1.00000000E+00  8.40378811E-01 -3.98601702E-01  4.00459109E-01  1.31657704E+00  9.98448613E-01  9.54385291E-02
 -7.49503432E-01  1.00000000E+00  8.22295268E-01 -3.98787798E-01  4.00642434E-01  1.31689426E+00  9.98435874E-01  9.55375159E-02
 -7.26320047E-01  1.00000000E+00  8.04211724E-01 -3.98973929E-01  4.00846136E-01  1.31721157E+00  9.98423163E-01  9.56365207E-02
 -7.04527831E-01  1.00000000E+00  7.87296621E-01 -3.99244113E-01  4.01092073E-01  1.31761000E+00  9.98446274E-01  9.57491179E-02
 -6.82735615E-01  1.00000000E+00  7.70381517E-01 -3.99514367E-01  4.01361364E-01  1.31800858E+00  9.98469440E-01  9.58617433E-02
 -6.62251087E-01  1.00000000E+00  7.54571019E-01 -3.99835243E-01  4.01693367E-01  1.31855136E+00  9.98439700E-01  9.60334967E-02
 -6.41766559E-01  1.00000000E+00  7.38760520E-01 -4.00156220E-01  4.02054212E-01  1.31909438E+00  9.98410045E-01  9.62053019E-02
 -6.22511254E-01  1.00000000E+00  7.23981478E-01 -4.00553585E-01  4.02448806E-01  1.31976196E+00  9.98397699E-01  9.64092779E-02
 -6.03255949E-01  1.00000000E+00  7.09202437E-01 -4.00951108E-01  4.02879417E-01  1.32042992E+00  9.98385477E-01  9.66133338E-02
 -5.85156097E-01  1.00000000E+00  6.95407501E-01 -4.01461282E-01  4.03372257E-01  1.32122363E+00  9.98398570E-01  9.68475172E-02
 -5.67056245E-01  1.00000000E+00  6.81612565E-01 -4.01971705E-01  4.03900249E-01  1.32201791E+00  9.98411864E-01  9.70818125E-02
 -5.50042515E-01  1.00000000E+00  6.68730811E-01 -4.02572364E-01  4.04515671E-01  1.32302232E+00  9.98377677E-01  9.73933918E-02
 -5.33028786E-01  1.00000000E+00  6.55849057E-01 -4.03173375E-01  4.05155886E-01  1.32402761E+00  9.98343782E-01  9.77051492E-02
 -5.17036006E-01  1.00000000E+00  6.43859823E-01 -4.03919824E-01  4.05863320E-01  1.32520559E+00  9.98358607E-01  9.80540944E-02
 -5.01043227E-01  1.00000000E+00  6.31870590E-01 -4.04666810E-01  4.06622838E-01  1.32638481E+00  9.98373861E-01  9.84032856E-02
 -4.86010125E-01  1.00000000E+00  6.20686501E-01 -4.05509968E-01  4.07444410E-01  1.32775110E+00  9.98365913E-01  9.88155569E-02
 -4.70977023E-01  1.00000000E+00  6.09502411E-01 -4.06353817E-01  4.08338266E-01  1.32911905E+00  9.98358520E-01  9.92281582E-02
 -4.56846016E-01  1.00000000E+00  5.99081413E-01 -4.07295654E-01  4.09285032E-01  1.33068261E+00  9.98336711E-01  9.97037695E-02
 -4.42715008E-01  1.00000000E+00  5.88660414E-01 -4.08238366E-01  4.10305522E-01  1.33224831E+00  9.98315598E-01  1.00179813E-01
 -4.29431964E-01  1.00000000E+00  5.78999790E-01 -4.09415864E-01  4.11425667E-01  1.33413403E+00  9.98319846E-01  1.00744255E-01
 -4.16148920E-01  1.00000000E+00  5.69339166E-01 -4.10594694E-01  4.12619618E-01  1.33602291E+00  9.98325167E-01  1.01309323E-01
 -4.03662954E-01  1.00000000E+00  5.60352485E-01 -4.11802993E-01  4.13812892E-01  1.33804024E+00  9.98306915E-01  1.01919996E-01
 -3.91176988E-01  1.00000000E+00  5.51365803E-01 -4.13012743E-01  4.15121451E-01  1.34006109E+00  9.98289798E-01  1.02531388E-01
 -3.79440270E-01  1.00000000E+00  5.42977789E-01 -4.14443743E-01  4.16530847E-01  1.34241027E+00  9.98285138E-01  1.03237540E-01
 -3.67703552E-01  1.00000000E+00  5.34589775E-01 -4.15876746E-01  4.18015574E-01  1.34476426E+00  9.98282059E-01  1.03944662E-01
 -3.56671122E-01  1.00000000E+00  5.26894049E-01 -4.17431641E-01  4.19588502E-01  1.34738090E+00  9.98242729E-01  1.04741451E-01
 -3.45638692E-01  1.00000000E+00  5.19198323E-01 -4.18988926E-01  4.21236170E-01  1.35000341E+00  9.98205284E-01  1.05539438E-01
 -3.35268287E-01  1.00000000E+00  5.12019346E-01 -4.20711030E-01  4.22898237E-01  1.35287213E+00  9.98218778E-01  1.06396006E-01
 -3.24897882E-01  1.00000000E+00  5.04840370E-01 -4.22436082E-01  4.24696876E-01  1.35574792E+00  9.98234526E-01  1.07254018E-01
 -3.15149775E-01  1.00000000E+00  4.98265382E-01 -4.24399145E-01  4.26605486E-01  1.35897658E+00  9.98269801E-01  1.08212034E-01
 -3.05401669E-01  1.00000000E+00  4.91690394E-01 -4.26365989E-01  4.28576115E-01  1.36221420E+00  9.98307986E-01  1.09171865E-01
 -2.96238520E-01  1.00000000E+00  4.85536646E-01 -4.28390309E-01  4.30578397E-01  1.36582895E+00  9.98209179E-01  1.10285932E-01
 -2.87075371E-01  1.00000000E+00  4.79382898E-01 -4.30418850E-01  4.32801401E-01  1.36945447E+00  9.98113562E-01  1.11402273E-01
 -2.78462077E-01  1.00000000E+00  4.73774946E-01 -4.32706174E-01  4.35082573E-01  1.37339842E+00  9.98068997E-01  1.12598826E-01
 -2.69848783E-01  1.00000000E+00  4.68166994E-01 -4.34998730E-01  4.37492565E-01  1.37735530E+00  9.98028431E-01  1.13798062E-01
 -2.61752348E-01  1.00000000E+00  4.63044353E-01 -4.37492522E-01  4.39915269E-01  1.38162073E+00  9.98076462E-01  1.15063280E-01
 -2.53655913E-01  1.00000000E+00  4.57921711E-01 -4.39992593E-01  4.42465089E-01  1.38590124E+00  9.98129100E-01  1.16331643E-01
 -2.46045323E-01  1.00000000E+00  4.53207701E-01 -4.42567934E-01  4.45134818E-01  1.39053420E+00  9.98037130E-01  1.17749121E-01
 -2.38434732E-01  1.00000000E+00  4.48493691E-01 -4.45150085E-01  4.47883313E-01  1.39518447E+00  9.97950214E-01  1.19170278E-01
 -2.31280830E-01  1.00000000E+00  4.44211977E-01 -4.47999469E-01  4.50719960E-01  1.40025508E+00  9.97946099E-01  1.20692695E-01
 -2.24126928E-01  1.00000000E+00  4.39930262E-01 -4.50857200E-01  4.53656756E-01  1.40534637E+00  9.97947993E-01  1.22219514E-01
 -2.17402314E-01  1.00000000E+00  4.36002443E-01 -4.53941846E-01  4.56700482E-01  1.41087955E+00  9.97957479E-01  1.23876622E-01
 -2.10677699E-01  1.00000000E+00  4.32074625E-01 -4.57036311E-01  4.59839952E-01  1.41643708E+00  9.97973941E-01  1.25538942E-01
 -2.04351753E-01  1.00000000E+00  4.28557936E-01 -4.60259133E-01  4.63150443E-01  1.42243832E+00  9.97883768E-01  1.27366367E-01
 -1.98025807E-01  1.00000000E+00  4.25041247E-01 -4.63492850E-01  4.66533613E-01  1.42846758E+00  9.97801303E-01  1.29199882E-01
 -1.91837501E-01  1.00000000E+00  4.21762097E-01 -4.67224023E-01  4.70208552E-01  1.43527016E+00  9.97857972E-01  1.31223657E-01
 -1.85649194E-01  1.00000000E+00  4.18482948E-01 -4.70969679E-01  4.73981244E-01  1.44210868E+00  9.97924617E-01  1.33255220E-01
 -1.79460888E-01  1.00000000E+00  4.15387528E-01 -4.74967022E-01  4.78176041E-01  1.45000281E+00  9.97688664E-01  1.35694244E-01
 -1.73272582E-01  1.00000000E+00  4.12292107E-01 -4.78981675E-01  4.82500720E-01  1.45794354E+00  9.97464616E-01  1.38143678E-01
 -1.67084275E-01  1.00000000E+00  4.09393182E-01 -4.83870376E-01  4.87247128E-01  1.46716734E+00  9.97562285E-01  1.40881517E-01
 -1.60895969E-01  1.00000000E+00  4.06494256E-01 -4.88784439E-01  4.92180010E-01  1.47645497E+00  9.97676659E-01  1.43633492E-01
 -1.54707662E-01  1.00000000E+00  4.03835735E-01 -4.94110105E-01  4.97779309E-01  1.48725428E+00  9.97429252E-01  1.46947509E-01
 -1.48519356E-01  1.00000000E+00  4.01177214E-01 -4.99466877E-01  5.03571144E-01  1.49813798E+00  9.97202317E-01  1.50280699E-01
 -1.42331049E-01  1.00000000E+00  3.99031647E-01 -5.06212321E-01  5.10097878E-01  1.51144476E+00  9.97265281E-01  1.54253843E-01
 -1.36142743E-01  1.00000000E+00  3.96886079E-01 -5.13006789E-01  5.17025884E-01  1.52487872E+00  9.97359442E-01  1.58255785E-01
 -1.29954436E-01  1.00000000E+00  3.95110061E-01 -5.20437120E-01  5.24512649E-01  1.54045322E+00  9.97239931E-01  1.62963987E-01
 -1.23766130E-01  1.00000000E+00  3.93334042E-01 -5.27929191E-01  5.32506181E-01  1.55619575E+00  9.97158054E-01  1.67711307E-01
 -1.17577823E-01  1.00000000E+00  3.91902275E-01 -5.37160320E-01  5.41685348E-01  1.57604715E+00  9.97026202E-01  1.73706284E-01
 -1.11389517E-01  1.00000000E+00  3.90470507E-01 -5.46487561E-01  5.51354893E-01  1.59616408E+00  9.96951206E-01  1.79763861E-01
 -1.05201210E-01  1.00000000E+00  3.90018767E-01 -5.57639631E-01  5.62665366E-01  1.62106461E+00  9.96662788E-01  1.87320547E-01
 -9.90129037E-02  1.00000000E+00  3.89567027E-01 -5.68933469E-01  5.74573236E-01  1.64636861E+00  9.96456129E-01  1.94973745E-01
 -9.28245972E-02  1.00000000E+00  3.90133511E-01 -5.81859625E-01  5.88637647E-01  1.67759854E+00  9.95589548E-01  2.04602699E-01
 -8.66362908E-02  1.00000000E+00  3.90699995E-01 -5.94984029E-01  6.03473680E-01  1.70943404E+00  9.94832891E-01  2.14380346E-01
 -8.04479843E-02  1.00000000E+00  3.92438465E-01 -6.13916505E-01  6.21499671E-01  1.75418592E+00  9.95253090E-01  2.27679849E-01
 -7.42596778E-02  1.00000000E+00  3.94176934E-01 -6.33263189E-01  6.40765173E-01  1.80013885E+00  9.95884091E-01  2.41276428E-01
 -6.80713713E-02  1.00000000E+00  3.99009975E-01 -6.53022394E-01  6.64000256E-01  1.85768738E+00  9.92986415E-01  2.59410290E-01
 -6.18830648E-02  1.00000000E+00  4.03843016E-01 -6.73290398E-01  6.90237442E-01  1.91707418E+00  9.90341355E-01  2.78019847E-01
 -5.56947583E-02  1.00000000E+00  4.08237994E-01 -7.09565494E-01  7.22666535E-01  2.00901169E+00  9.92738205E-01  3.04882045E-01
 -4.95064519E-02  1.00000000E+00  4.12632972E-01 -7.47326552E-01  7.59464047E-01  2.10541752E+00  9.95804010E-01  3.32884054E-01
 -4.33181454E-02  1.00000000E+00  4.54623390E-01 -7.90849548E-01  8.08144574E-01  2.27207805E+00  9.86590381E-01  3.85646300E-01
 -3.71298389E-02  1.00000000E+00  4.96613807E-01 -8.37163900E-01  8.69866297E-01  2.45186277E+00  9.78462440E-01  4.42020100E-01
 -3.09415324E-02  1.00000000E+00  4.15176583E-01 -8.83155296E-01  9.57695053E-01  2.60127566E+00  9.79578360E-01  4.86509190E-01
 -2.47532259E-02  1.00000000E+00  3.33739358E-01 -9.31533998E-01  1.03586594E+00  2.75975223E+00  9.81539944E-01  5.33463687E-01
 -1.85649194E-02  1.00000000E+00  8.70833019E-01 -1.18696024E+00  1.19208896E+00  3.77402166E+00  9.87107918E-01  8.36074123E-01
 -1.23766130E-02  1.00000000E+00  1.40792668E+00 -1.52077737E+00  1.51931831E+00  5.15968773E+00  1.01313808E+00  1.24396489E+00
 -6.18830648E-03  1.00000000E+00  4.26487948E-02 -1.82655099E-01  2.44365127E+00  6.44618642E+00  5.29126793E-01  1.77511789E+00
  0.00000000E+00  1.00000000E+00 -1.32262909E+00  1.65524022E+00  4.29879813E+00  9.88219432E+00  6.73287474E-01  2.76267205E+00
