# model=oldroyd  theta_MLE: lambda=0.396653, beta=0.282122, eta_0=0.846516
# delta(x) = y_clean(x) - y_model(x; theta_MLE)   (x from curve4_x.txt)
# columns: x  delta
5.000000000000000000e+00 -9.730721087416460691e-03
4.950333040000000295e+00 -9.730760594514276107e-03
4.900666089999999642e+00 -9.730782496312873064e-03
4.850999129999999937e+00 -9.730801280273038145e-03
4.801332180000000172e+00 -9.730824290015593903e-03
4.751665219999999579e+00 -9.730845572396340515e-03
4.701998269999999813e+00 -9.730851793403605399e-03
4.652331310000000109e+00 -9.730867924427455407e-03
4.602664360000000343e+00 -9.730882579273458788e-03
4.552997399999999750e+00 -9.730892335087171219e-03
4.503330449999999985e+00 -9.730902846945443940e-03
4.453663490000000280e+00 -9.730915138986828694e-03
4.403996539999999627e+00 -9.730927255495291917e-03
4.354329579999999922e+00 -9.730951424992806409e-03
4.304662630000000156e+00 -9.730966715651767629e-03
4.254995669999999564e+00 -9.730997658009554740e-03
4.205328709999999859e+00 -9.731029920265532596e-03
4.155661760000000093e+00 -9.731065567543328854e-03
4.105994800000000389e+00 -9.731109430269002658e-03
4.056327849999999735e+00 -9.731172911308760831e-03
4.006660890000000030e+00 -9.731235233451762667e-03
3.956993939999999821e+00 -9.731320204157345444e-03
3.907326980000000116e+00 -9.731417231204186891e-03
3.857660029999999907e+00 -9.731530680702871194e-03
3.807993070000000202e+00 -9.731654356165408970e-03
3.758326119999999992e+00 -9.731812765441327784e-03
3.708659159999999844e+00 -9.731983979787584005e-03
3.658992210000000078e+00 -9.732197264187947283e-03
3.609325249999999929e+00 -9.732426824601292381e-03
3.559658300000000164e+00 -9.732685175104505149e-03
3.509991340000000015e+00 -9.732980031268656518e-03
3.460324389999999806e+00 -9.733306920972850662e-03
3.410657430000000101e+00 -9.733673015148713858e-03
3.360990469999999952e+00 -9.734066476817959668e-03
3.311323520000000187e+00 -9.734502207248363348e-03
3.261656560000000038e+00 -9.734974413666552806e-03
3.211989609999999828e+00 -9.735480705280519231e-03
3.162322650000000124e+00 -9.736018796307366330e-03
3.112655699999999914e+00 -9.736590824709567826e-03
3.062988740000000210e+00 -9.737183392573678375e-03
3.013321790000000000e+00 -9.737787592089208744e-03
2.963654829999999851e+00 -9.738399751505477653e-03
2.913987880000000086e+00 -9.739013290057219052e-03
2.864320919999999937e+00 -9.739594836821074963e-03
2.814653970000000172e+00 -9.740132081494268235e-03
2.764987010000000023e+00 -9.740602078310178769e-03
2.715320059999999813e+00 -9.740982736871517389e-03
2.665653100000000109e+00 -9.741231676624773073e-03
2.615986139999999960e+00 -9.741318016601718810e-03
2.566319190000000194e+00 -9.741196111370697963e-03
2.516652230000000046e+00 -9.740800627581425175e-03
2.466985279999999836e+00 -9.740079462317696724e-03
2.417318320000000131e+00 -9.738948457666651848e-03
2.367651369999999922e+00 -9.737306903468967434e-03
2.317984410000000217e+00 -9.735089079307757132e-03
2.268317460000000008e+00 -9.732172594794752385e-03
2.218650499999999859e+00 -9.728434631353533035e-03
2.168983550000000093e+00 -9.723745563092300870e-03
2.119316589999999945e+00 -9.717940964206084331e-03
2.069649640000000179e+00 -9.710850976161644610e-03
2.019982680000000030e+00 -9.702282715280396985e-03
1.970315730000000043e+00 -9.692012152824780458e-03
1.920648769999999894e+00 -9.679822785071179325e-03
1.870981809999999967e+00 -9.665456230716351627e-03
1.821314859999999980e+00 -9.648614848858816373e-03
1.771647900000000053e+00 -9.628997477329148680e-03
1.721980950000000066e+00 -9.606276914604139350e-03
1.672313989999999917e+00 -9.580162865420627227e-03
1.622647039999999929e+00 -9.550151383366900504e-03
1.572980080000000003e+00 -9.515920036773595214e-03
1.523313130000000015e+00 -9.476911055414261043e-03
1.473646170000000089e+00 -9.432747322667855983e-03
1.423979220000000101e+00 -9.382850677093435010e-03
1.374312259999999952e+00 -9.326912104762996591e-03
1.324645309999999965e+00 -9.264137185492238302e-03
1.274978350000000038e+00 -9.193933195827064253e-03
1.225311400000000051e+00 -9.115885447389171503e-03
1.175644439999999902e+00 -9.029235112841371702e-03
1.125977479999999975e+00 -8.933535568683037553e-03
1.076310529999999988e+00 -8.827625168765340646e-03
1.026643570000000061e+00 -8.711613085908842535e-03
9.769766189999999906e-01 -8.583655929751632385e-03
9.273096640000000335e-01 -8.444551328864680073e-03
8.776427079999999936e-01 -8.292191583573194080e-03
8.279757530000000365e-01 -8.125679971281662972e-03
7.786002389999999718e-01 -7.946207577085306895e-03
7.317317880000000496e-01 -7.761103462877727566e-03
6.876846269999999928e-01 -7.574683775967594457e-03
6.462889219999999879e-01 -7.386774114462646423e-03
6.073850619999999756e-01 -7.198417523341271718e-03
5.708230460000000006e-01 -7.010597842580290617e-03
5.364619149999999559e-01 -6.823185109221530098e-03
5.041691750000000249e-01 -6.637035113066236391e-03
4.738203240000000149e-01 -6.453782893941495402e-03
4.452983460000000115e-01 -6.273374449010882259e-03
4.184932690000000011e-01 -6.094349364550888382e-03
3.933017460000000076e-01 -5.918521723810465929e-03
3.696266380000000074e-01 -5.746525301085547710e-03
3.473766770000000226e-01 -5.577862074327422093e-03
3.264660690000000254e-01 -5.412313777137134352e-03
3.068141939999999845e-01 -5.249614193997276246e-03
2.883452770000000109e-01 -5.092311772744606557e-03
2.709881089999999770e-01 -4.938539898752480894e-03
2.546757709999999952e-01 -4.787571410625801605e-03
2.393453670000000033e-01 -4.642139004313206030e-03
2.249377889999999991e-01 -4.498790599565705151e-03
2.113974849999999961e-01 -4.358556249299816443e-03
1.986678209999999944e-01 -4.223833585063507812e-03
1.862510820000000122e-01 -4.086947687024666820e-03
1.738343440000000018e-01 -3.945640938296968159e-03
1.614176049999999918e-01 -3.798435947135025970e-03
1.490008660000000096e-01 -3.643602864532580199e-03
1.365841269999999996e-01 -3.482954016816863785e-03
1.241673880000000035e-01 -3.313406183387934689e-03
1.117506489999999936e-01 -3.135804918233509042e-03
9.933391060000000550e-02 -2.948172663040482533e-03
8.691717179999999821e-02 -2.746525593867010784e-03
7.450043300000000479e-02 -2.529759210897042365e-03
6.208369419999999750e-02 -2.292374548000353229e-03
4.966695530000000275e-02 -2.019000801130932388e-03
3.725021650000000240e-02 -1.706857156646091056e-03
2.483347769999999857e-02 -1.320032232861700905e-03
1.241673880000000035e-02 -7.959501452201589444e-04
0.000000000000000000e+00 0.000000000000000000e+00
