# model=oldroyd  theta_MLE: lambda=0.594638, beta=0.26599, eta_0=0.500014
# delta(x) = y_clean(x) - y_model(x; theta_MLE)   (x from curve4_x.txt)
# columns: x  delta
5.000000000000000000e+00 1.156769123933365506e-05
4.950333040000000295e+00 1.158227639197484393e-05
4.900666089999999642e+00 1.159391638472229147e-05
4.850999129999999937e+00 1.161288073103783347e-05
4.801332180000000172e+00 1.163221108724243891e-05
4.751665219999999579e+00 1.164673767228840973e-05
4.701998269999999813e+00 1.166140254582614944e-05
4.652331310000000109e+00 1.168264381767869509e-05
4.602664360000000343e+00 1.170884540813155184e-05
4.552997399999999750e+00 1.172756907585892350e-05
4.503330449999999985e+00 1.175161006883307380e-05
4.453663490000000280e+00 1.177823023845725459e-05
4.403996539999999627e+00 1.181136456374076715e-05
4.354329579999999922e+00 1.184003605958494632e-05
4.304662630000000156e+00 1.188170439614388840e-05
4.254995669999999564e+00 1.191766456698495347e-05
4.205328709999999859e+00 1.195735686243537543e-05
4.155661760000000093e+00 1.200825114855419429e-05
4.105994800000000389e+00 1.204853606129319132e-05
4.056327849999999735e+00 1.209642523658516211e-05
4.006660890000000030e+00 1.214934010085322313e-05
3.956993939999999821e+00 1.220887767749978536e-05
3.907326980000000116e+00 1.226144210275670332e-05
3.857660029999999907e+00 1.232328901235035801e-05
3.807993070000000202e+00 1.238014125926056863e-05
3.758326119999999992e+00 1.243916871707106964e-05
3.708659159999999844e+00 1.249150842852486676e-05
3.658992210000000078e+00 1.254755610813340638e-05
3.609325249999999929e+00 1.260236649547330501e-05
3.559658300000000164e+00 1.264566045722226306e-05
3.509991340000000015e+00 1.267559854922772899e-05
3.460324389999999806e+00 1.271140619985011710e-05
3.410657430000000101e+00 1.273111057686904246e-05
3.360990469999999952e+00 1.273643481414232781e-05
3.311323520000000187e+00 1.272696565957076587e-05
3.261656560000000038e+00 1.269650767654617596e-05
3.211989609999999828e+00 1.264361313024764399e-05
3.162322650000000124e+00 1.256527837334431297e-05
3.112655699999999914e+00 1.245170112618154690e-05
3.062988740000000210e+00 1.231246068411628869e-05
3.013321790000000000e+00 1.213053468340774543e-05
2.963654829999999851e+00 1.191441718151331486e-05
2.913987880000000086e+00 1.164115905516460714e-05
2.864320919999999937e+00 1.132264270009564200e-05
2.814653970000000172e+00 1.094627285813665196e-05
2.764987010000000023e+00 1.050625541409999641e-05
2.715320059999999813e+00 9.987096105668058499e-06
2.665653100000000109e+00 9.398921195113985050e-06
2.615986139999999960e+00 8.736827893374154996e-06
2.566319190000000194e+00 7.971671187601003794e-06
2.516652230000000046e+00 7.112794670804944985e-06
2.466985279999999836e+00 6.163011393889306078e-06
2.417318320000000131e+00 5.106171849345031433e-06
2.367651369999999922e+00 3.938718180718225881e-06
2.317984410000000217e+00 2.655479563351548222e-06
2.268317460000000008e+00 1.259126838126789494e-06
2.218650499999999859e+00 -2.687938429613012659e-07
2.168983550000000093e+00 -1.929444986670247886e-06
2.119316589999999945e+00 -3.711534598549448560e-06
2.069649640000000179e+00 -5.624065225084962094e-06
2.019982680000000030e+00 -7.676218239272003530e-06
1.970315730000000043e+00 -9.843939503761944820e-06
1.920648769999999894e+00 -1.216265000247851447e-05
1.870981809999999967e+00 -1.458381028740518559e-05
1.821314859999999980e+00 -1.710056890957822873e-05
1.771647900000000053e+00 -1.974508468371993786e-05
1.721980950000000066e+00 -2.248600804888312155e-05
1.672313989999999917e+00 -2.532158284385133129e-05
1.622647039999999929e+00 -2.818632484746785849e-05
1.572980080000000003e+00 -3.104487536420563742e-05
1.523313130000000015e+00 -3.392657238965313127e-05
1.473646170000000089e+00 -3.674249860696754411e-05
1.423979220000000101e+00 -3.943929479244268066e-05
1.374312259999999952e+00 -4.204988095035666618e-05
1.324645309999999965e+00 -4.437515750610465659e-05
1.274978350000000038e+00 -4.643816570104597474e-05
1.225311400000000051e+00 -4.814118886464768821e-05
1.175644439999999902e+00 -4.947330105697922420e-05
1.125977479999999975e+00 -5.016499875343249926e-05
1.076310529999999988e+00 -5.024911050233171750e-05
1.026643570000000061e+00 -4.971544769238889216e-05
9.769766189999999906e-01 -4.831201410726571055e-05
9.273096640000000335e-01 -4.601903492140735352e-05
8.776427079999999936e-01 -4.284658321185297325e-05
8.279757530000000365e-01 -3.817143803397371471e-05
7.786002389999999718e-01 -3.258221949509199078e-05
7.317317880000000496e-01 -2.609435695233308650e-05
6.876846269999999928e-01 -1.931788806053269525e-05
6.462889219999999879e-01 -1.153035999634788311e-05
6.073850619999999756e-01 -4.185117765009849222e-06
5.708230460000000006e-01 3.661205912663945128e-06
5.364619149999999559e-01 1.196364680078332299e-05
5.041691750000000249e-01 1.944308274315353913e-05
4.738203240000000149e-01 2.613424053254931323e-05
4.452983460000000115e-01 3.233033044214295160e-05
4.184932690000000011e-01 3.887162613858130555e-05
3.933017460000000076e-01 4.425466515689535640e-05
3.696266380000000074e-01 4.876492322725134443e-05
3.473766770000000226e-01 5.216257224516240854e-05
3.264660690000000254e-01 5.464741217853230637e-05
3.068141939999999845e-01 5.694320760252225000e-05
2.883452770000000109e-01 5.749579107594549043e-05
2.709881089999999770e-01 5.743051166273716035e-05
2.546757709999999952e-01 5.609094032177353029e-05
2.393453670000000033e-01 5.328457503761541147e-05
2.249377889999999991e-01 5.054803149451281286e-05
2.113974849999999961e-01 4.638832128667225163e-05
1.986678209999999944e-01 4.166262658511499239e-05
1.862510820000000122e-01 3.614925843176131082e-05
1.738343440000000018e-01 2.928370421373394095e-05
1.614176049999999918e-01 2.081551885768639920e-05
1.490008660000000096e-01 1.078158787293226339e-05
1.365841269999999996e-01 7.182592411947297251e-07
1.241673880000000035e-01 -1.161153365503153623e-05
1.117506489999999936e-01 -2.286841569509867611e-05
9.933391060000000550e-02 -4.118660756735614825e-05
8.691717179999999821e-02 -5.403612309651251167e-05
7.450043300000000479e-02 -7.391187090122208758e-05
6.208369419999999750e-02 -8.529722803229944361e-05
4.966695530000000275e-02 -9.856116445394746961e-05
3.725021650000000240e-02 -1.005243976759384594e-04
2.483347769999999857e-02 -9.178944500431995834e-05
1.241673880000000035e-02 -4.102566877461910622e-05
0.000000000000000000e+00 0.000000000000000000e+00
