# curve 5 (die wall), step =      700, time =   2.80000000E+02
# N1 = tau_xx - tau_yy = G ( c_xx - c_yy ),  G =  1.0000E-01  (polymer part only)
#              x               y        pressure            c_xy        gammadot            c_xx            c_yy              N1
 -3.00000000E+00  1.00000000E+00  2.38865020E+00 -1.35382483E+00  4.19704181E-01  5.15536752E+00  8.51674853E-01  4.30369267E-01
 -2.97524677E+00  1.00000000E+00  2.37154724E+00 -1.35375012E+00  4.19713158E-01  5.15508748E+00  8.51669650E-01  4.30341783E-01
 -2.95049355E+00  1.00000000E+00  2.35444428E+00 -1.35367540E+00  4.19720122E-01  5.15480744E+00  8.51664448E-01  4.30314300E-01
 -2.92574032E+00  1.00000000E+00  2.33735864E+00 -1.35378014E+00  4.19718262E-01  5.15512093E+00  8.51689932E-01  4.30343100E-01
 -2.90098710E+00  1.00000000E+00  2.32027301E+00 -1.35388489E+00  4.19705593E-01  5.15543443E+00  8.51715418E-01  4.30371901E-01
 -2.87623387E+00  1.00000000E+00  2.30319535E+00 -1.35406799E+00  4.19692023E-01  5.15637467E+00  8.51721570E-01  4.30465310E-01
 -2.85148064E+00  1.00000000E+00  2.28611768E+00 -1.35425113E+00  4.19670679E-01  5.15731508E+00  8.51727728E-01  4.30558735E-01
 -2.82672742E+00  1.00000000E+00  2.26900941E+00 -1.35394224E+00  4.19678578E-01  5.15632292E+00  8.51667907E-01  4.30465501E-01
 -2.80197419E+00  1.00000000E+00  2.25190114E+00 -1.35363340E+00  4.19693591E-01  5.15533096E+00  8.51608107E-01  4.30372285E-01
 -2.77722097E+00  1.00000000E+00  2.23479495E+00 -1.35370724E+00  4.19705026E-01  5.15519873E+00  8.51642392E-01  4.30355634E-01
 -2.75246774E+00  1.00000000E+00  2.21768876E+00 -1.35378108E+00  4.19713970E-01  5.15506652E+00  8.51676679E-01  4.30338984E-01
 -2.72771451E+00  1.00000000E+00  2.20062653E+00 -1.35380881E+00  4.19711587E-01  5.15516089E+00  8.51696835E-01  4.30346405E-01
 -2.70296129E+00  1.00000000E+00  2.18356430E+00 -1.35383654E+00  4.19697071E-01  5.15525526E+00  8.51716991E-01  4.30353826E-01
 -2.67820806E+00  1.00000000E+00  2.16645707E+00 -1.35378548E+00  4.19691466E-01  5.15517522E+00  8.51685228E-01  4.30348999E-01
 -2.65345484E+00  1.00000000E+00  2.14934984E+00 -1.35373443E+00  4.19698133E-01  5.15509519E+00  8.51653466E-01  4.30344172E-01
 -2.62870161E+00  1.00000000E+00  2.13226467E+00 -1.35376613E+00  4.19704710E-01  5.15502788E+00  8.51673942E-01  4.30335394E-01
 -2.60394839E+00  1.00000000E+00  2.11517951E+00 -1.35379784E+00  4.19706411E-01  5.15496058E+00  8.51694418E-01  4.30326616E-01
 -2.57919516E+00  1.00000000E+00  2.09809711E+00 -1.35378465E+00  4.19708184E-01  5.15497775E+00  8.51698284E-01  4.30327946E-01
 -2.55444193E+00  1.00000000E+00  2.08101471E+00 -1.35377146E+00  4.19700461E-01  5.15499492E+00  8.51702151E-01  4.30329276E-01
 -2.52968871E+00  1.00000000E+00  2.06392653E+00 -1.35392250E+00  4.19686932E-01  5.15560202E+00  8.51725661E-01  4.30387636E-01
 -2.50493548E+00  1.00000000E+00  2.04683835E+00 -1.35407356E+00  4.19665804E-01  5.15620919E+00  8.51749174E-01  4.30446002E-01
 -2.48018226E+00  1.00000000E+00  2.02972225E+00 -1.35383273E+00  4.19680216E-01  5.15549269E+00  8.51687692E-01  4.30380500E-01
 -2.45542903E+00  1.00000000E+00  2.01260615E+00 -1.35359193E+00  4.19700455E-01  5.15477629E+00  8.51626222E-01  4.30315006E-01
 -2.43067580E+00  1.00000000E+00  1.99551887E+00 -1.35364642E+00  4.19714907E-01  5.15476536E+00  8.51646519E-01  4.30311884E-01
 -2.40592258E+00  1.00000000E+00  1.97843159E+00 -1.35370091E+00  4.19726974E-01  5.15475443E+00  8.51666817E-01  4.30308761E-01
 -2.38116935E+00  1.00000000E+00  1.96136075E+00 -1.35372010E+00  4.19722253E-01  5.15476184E+00  8.51691296E-01  4.30307054E-01
 -2.35641613E+00  1.00000000E+00  1.94428992E+00 -1.35373929E+00  4.19704975E-01  5.15476924E+00  8.51715777E-01  4.30305347E-01
 -2.33166290E+00  1.00000000E+00  1.92719041E+00 -1.35374005E+00  4.19697841E-01  5.15494243E+00  8.51692927E-01  4.30324950E-01
 -2.30690967E+00  1.00000000E+00  1.91009091E+00 -1.35374082E+00  4.19696819E-01  5.15511562E+00  8.51670077E-01  4.30344554E-01
 -2.28215645E+00  1.00000000E+00  1.89299185E+00 -1.35375152E+00  4.19701423E-01  5.15510295E+00  8.51666693E-01  4.30343626E-01
 -2.25740322E+00  1.00000000E+00  1.87589280E+00 -1.35376222E+00  4.19707466E-01  5.15509028E+00  8.51663309E-01  4.30342697E-01
 -2.23265000E+00  1.00000000E+00  1.85881666E+00 -1.35393104E+00  4.19700353E-01  5.15564826E+00  8.51711903E-01  4.30393635E-01
 -2.20789677E+00  1.00000000E+00  1.84174051E+00 -1.35409987E+00  4.19675636E-01  5.15620629E+00  8.51760503E-01  4.30444579E-01
 -2.18314354E+00  1.00000000E+00  1.82463014E+00 -1.35386972E+00  4.19676516E-01  5.15540018E+00  8.51715085E-01  4.30368510E-01
 -2.15839032E+00  1.00000000E+00  1.80751977E+00 -1.35363961E+00  4.19685703E-01  5.15459420E+00  8.51669677E-01  4.30292453E-01
 -2.13363709E+00  1.00000000E+00  1.79044215E+00 -1.35364819E+00  4.19693480E-01  5.15457513E+00  8.51669373E-01  4.30290576E-01
 -2.10888387E+00  1.00000000E+00  1.77336454E+00 -1.35365677E+00  4.19703175E-01  5.15455606E+00  8.51669070E-01  4.30288699E-01
 -2.08413064E+00  1.00000000E+00  1.75625878E+00 -1.35367335E+00  4.19710008E-01  5.15452140E+00  8.51679539E-01  4.30284186E-01
 -2.05937741E+00  1.00000000E+00  1.73915302E+00 -1.35368994E+00  4.19708425E-01  5.15448674E+00  8.51690008E-01  4.30279673E-01
 -2.03462419E+00  1.00000000E+00  1.72207714E+00 -1.35367908E+00  4.19699224E-01  5.15458123E+00  8.51684927E-01  4.30289630E-01
 -2.00987096E+00  1.00000000E+00  1.70500127E+00 -1.35366822E+00  4.19688341E-01  5.15467572E+00  8.51679845E-01  4.30299588E-01
 -1.98511774E+00  1.00000000E+00  1.68789317E+00 -1.35367934E+00  4.19685704E-01  5.15459903E+00  8.51684443E-01  4.30291459E-01
 -1.96036451E+00  1.00000000E+00  1.67078507E+00 -1.35369046E+00  4.19684127E-01  5.15452234E+00  8.51689042E-01  4.30283330E-01
 -1.93561128E+00  1.00000000E+00  1.65372477E+00 -1.35382943E+00  4.19670950E-01  5.15498064E+00  8.51729529E-01  4.30325111E-01
 -1.91085806E+00  1.00000000E+00  1.63666447E+00 -1.35396841E+00  4.19647908E-01  5.15543899E+00  8.51770019E-01  4.30366897E-01
 -1.88610483E+00  1.00000000E+00  1.61953430E+00 -1.35382229E+00  4.19640355E-01  5.15519552E+00  8.51702641E-01  4.30349288E-01
 -1.86135161E+00  1.00000000E+00  1.60240413E+00 -1.35367617E+00  4.19640640E-01  5.15495208E+00  8.51635269E-01  4.30331681E-01
 -1.83659838E+00  1.00000000E+00  1.58532534E+00 -1.35369946E+00  4.19650134E-01  5.15454488E+00  8.51697548E-01  4.30284734E-01
 -1.81184516E+00  1.00000000E+00  1.56824655E+00 -1.35372275E+00  4.19647648E-01  5.15413773E+00  8.51759830E-01  4.30237790E-01
 -1.78709193E+00  1.00000000E+00  1.55119084E+00 -1.35386954E+00  4.19614610E-01  5.15496065E+00  8.51769402E-01  4.30319125E-01
 -1.76233870E+00  1.00000000E+00  1.53413514E+00 -1.35401635E+00  4.19571211E-01  5.15578370E+00  8.51778978E-01  4.30400473E-01
 -1.73758548E+00  1.00000000E+00  1.51699714E+00 -1.35387613E+00  4.19571308E-01  5.15531712E+00  8.51740542E-01  4.30357658E-01
 -1.71283225E+00  1.00000000E+00  1.49985913E+00 -1.35373592E+00  4.19570879E-01  5.15485059E+00  8.51702111E-01  4.30314847E-01
 -1.68807903E+00  1.00000000E+00  1.48276224E+00 -1.35374709E+00  4.19558495E-01  5.15449427E+00  8.51733602E-01  4.30276067E-01
 -1.66332580E+00  1.00000000E+00  1.46566534E+00 -1.35375825E+00  4.19547633E-01  5.15413799E+00  8.51765093E-01  4.30237289E-01
 -1.63857257E+00  1.00000000E+00  1.44860435E+00 -1.35370078E+00  4.19542700E-01  5.15405200E+00  8.51757713E-01  4.30229429E-01
 -1.61381935E+00  1.00000000E+00  1.43154336E+00 -1.35364331E+00  4.19524237E-01  5.15396602E+00  8.51750333E-01  4.30221568E-01
 -1.58906612E+00  1.00000000E+00  1.41441635E+00 -1.35353193E+00  4.19500821E-01  5.15333198E+00  8.51740319E-01  4.30159167E-01
 -1.56431290E+00  1.00000000E+00  1.39728934E+00 -1.35342056E+00  4.19487819E-01  5.15269803E+00  8.51730305E-01  4.30096773E-01
 -1.53955967E+00  1.00000000E+00  1.38024020E+00 -1.35336391E+00  4.19470803E-01  5.15219695E+00  8.51755631E-01  4.30044132E-01
 -1.51480644E+00  1.00000000E+00  1.36319105E+00 -1.35330726E+00  4.19449816E-01  5.15169592E+00  8.51780958E-01  4.29991496E-01
 -1.49005322E+00  1.00000000E+00  1.34611844E+00 -1.35331771E+00  4.19417410E-01  5.15147844E+00  8.51822772E-01  4.29965567E-01
 -1.46529999E+00  1.00000000E+00  1.32904582E+00 -1.35332815E+00  4.19365195E-01  5.15126098E+00  8.51864588E-01  4.29939639E-01
 -1.44054677E+00  1.00000000E+00  1.31196456E+00 -1.35347032E+00  4.19309860E-01  5.15175971E+00  8.51901656E-01  4.29985805E-01
 -1.41579354E+00  1.00000000E+00  1.29488330E+00 -1.35361251E+00  4.19236711E-01  5.15225848E+00  8.51938729E-01  4.30031975E-01
 -1.39104031E+00  1.00000000E+00  1.27779744E+00 -1.35321008E+00  4.19200187E-01  5.15062576E+00  8.51889678E-01  4.29873608E-01
 -1.36628709E+00  1.00000000E+00  1.26071158E+00 -1.35280776E+00  4.19176760E-01  5.14899355E+00  8.51840658E-01  4.29715289E-01
 -1.34153386E+00  1.00000000E+00  1.24364399E+00 -1.35280002E+00  4.19135907E-01  5.14831154E+00  8.51889358E-01  4.29642218E-01
 -1.31678064E+00  1.00000000E+00  1.22657639E+00 -1.35279229E+00  4.19087927E-01  5.14762964E+00  8.51938060E-01  4.29569158E-01
 -1.29202741E+00  1.00000000E+00  1.20955464E+00 -1.35275701E+00  4.19023516E-01  5.14724558E+00  8.51969379E-01  4.29527620E-01
 -1.26727418E+00  1.00000000E+00  1.19253289E+00 -1.35272173E+00  4.18946604E-01  5.14686156E+00  8.52000700E-01  4.29486086E-01
 -1.24252096E+00  1.00000000E+00  1.17551315E+00 -1.35275574E+00  4.18869190E-01  5.14646980E+00  8.52062633E-01  4.29440717E-01
 -1.21776773E+00  1.00000000E+00  1.15849340E+00 -1.35278974E+00  4.18775557E-01  5.14607809E+00  8.52124569E-01  4.29395352E-01
 -1.19301451E+00  1.00000000E+00  1.14145407E+00 -1.35236105E+00  4.18698747E-01  5.14414028E+00  8.52099626E-01  4.29204066E-01
 -1.16826128E+00  1.00000000E+00  1.12441473E+00 -1.35193251E+00  4.18631752E-01  5.14220320E+00  8.52074720E-01  4.29012848E-01
 -1.14350806E+00  1.00000000E+00  1.10744171E+00 -1.35191564E+00  4.18539980E-01  5.14148117E+00  8.52131272E-01  4.28934990E-01
 -1.11875483E+00  1.00000000E+00  1.09046868E+00 -1.35189877E+00  4.18441923E-01  5.14075925E+00  8.52187827E-01  4.28857142E-01
 -1.09400160E+00  1.00000000E+00  1.07350814E+00 -1.35170348E+00  4.18344689E-01  5.13940903E+00  8.52219431E-01  4.28718960E-01
 -1.06924838E+00  1.00000000E+00  1.05654761E+00 -1.35150823E+00  4.18247634E-01  5.13805917E+00  8.52251044E-01  4.28580813E-01
 -1.04449515E+00  1.00000000E+00  1.03964503E+00 -1.35129295E+00  4.18136775E-01  5.13645692E+00  8.52306405E-01  4.28415051E-01
 -1.01974193E+00  1.00000000E+00  1.02274245E+00 -1.35107773E+00  4.18016728E-01  5.13485518E+00  8.52361780E-01  4.28249340E-01
 -9.94988700E-01  1.00000000E+00  1.00589020E+00 -1.35086152E+00  4.17887223E-01  5.13345181E+00  8.52402038E-01  4.28104977E-01
 -9.70235474E-01  1.00000000E+00  9.89037957E-01 -1.35064537E+00  4.17763833E-01  5.13204884E+00  8.52442310E-01  4.27960653E-01
 -9.45482248E-01  1.00000000E+00  9.72213059E-01 -1.35041183E+00  4.17641957E-01  5.13046942E+00  8.52472089E-01  4.27799733E-01
 -9.20729022E-01  1.00000000E+00  9.55388161E-01 -1.35017835E+00  4.17523058E-01  5.12889050E+00  8.52501879E-01  4.27638862E-01
 -8.95975796E-01  1.00000000E+00  9.38691617E-01 -1.34988824E+00  4.17395708E-01  5.12686845E+00  8.52565090E-01  4.27430336E-01
 -8.71222570E-01  1.00000000E+00  9.21995074E-01 -1.34959821E+00  4.17266987E-01  5.12484722E+00  8.52628326E-01  4.27221889E-01
 -8.46469344E-01  1.00000000E+00  9.05374728E-01 -1.34954937E+00  4.17135325E-01  5.12385282E+00  8.52719695E-01  4.27113313E-01
 -8.21716118E-01  1.00000000E+00  8.88754381E-01 -1.34950054E+00  4.16990524E-01  5.12285864E+00  8.52811074E-01  4.27004757E-01
 -7.97201467E-01  1.00000000E+00  8.72411103E-01 -1.34936297E+00  4.16911420E-01  5.12178449E+00  8.52839266E-01  4.26894523E-01
 -7.72686817E-01  1.00000000E+00  8.56067825E-01 -1.34922542E+00  4.16829789E-01  5.12071057E+00  8.52867461E-01  4.26784311E-01
 -7.49503432E-01  1.00000000E+00  8.40751016E-01 -1.34907548E+00  4.16769468E-01  5.12003834E+00  8.52856603E-01  4.26718174E-01
 -7.26320047E-01  1.00000000E+00  8.25434207E-01 -1.34892556E+00  4.16722486E-01  5.11936619E+00  8.52845749E-01  4.26652044E-01
 -7.04527831E-01  1.00000000E+00  8.11201266E-01 -1.34900243E+00  4.16690800E-01  5.11920234E+00  8.52921478E-01  4.26628086E-01
 -6.82735615E-01  1.00000000E+00  7.96968326E-01 -1.34907930E+00  4.16680981E-01  5.11903849E+00  8.52997214E-01  4.26604128E-01
 -6.62251087E-01  1.00000000E+00  7.83687405E-01 -1.34897126E+00  4.16769302E-01  5.11984386E+00  8.52828723E-01  4.26701513E-01
 -6.41766559E-01  1.00000000E+00  7.70406485E-01 -1.34886322E+00  4.16880596E-01  5.12064940E+00  8.52660261E-01  4.26798914E-01
 -6.22511254E-01  1.00000000E+00  7.58134442E-01 -1.34898557E+00  4.16998320E-01  5.12196057E+00  8.52589967E-01  4.26937060E-01
 -6.03255949E-01  1.00000000E+00  7.45862399E-01 -1.34910794E+00  4.17147544E-01  5.12327209E+00  8.52519683E-01  4.27075240E-01
 -5.85156097E-01  1.00000000E+00  7.34506435E-01 -1.34956269E+00  4.17343077E-01  5.12563959E+00  8.52520062E-01  4.27311953E-01
 -5.67056245E-01  1.00000000E+00  7.23150471E-01 -1.35001763E+00  4.17569162E-01  5.12800819E+00  8.52520482E-01  4.27548771E-01
 -5.50042515E-01  1.00000000E+00  7.12607254E-01 -1.35041848E+00  4.17909129E-01  5.13205216E+00  8.52292421E-01  4.27975974E-01
 -5.33028786E-01  1.00000000E+00  7.02064037E-01 -1.35081958E+00  4.18255801E-01  5.13609948E+00  8.52064461E-01  4.28403502E-01
 -5.17036006E-01  1.00000000E+00  6.92416140E-01 -1.35177107E+00  4.18647094E-01  5.14155323E+00  8.52030495E-01  4.28952274E-01
 -5.01043227E-01  1.00000000E+00  6.82768243E-01 -1.35272339E+00  4.19061584E-01  5.14701282E+00  8.51996700E-01  4.29501612E-01
 -4.86010125E-01  1.00000000E+00  6.73816897E-01 -1.35346338E+00  4.19577712E-01  5.15322572E+00  8.51727599E-01  4.30149812E-01
 -4.70977023E-01  1.00000000E+00  6.64865552E-01 -1.35420407E+00  4.20175859E-01  5.15944638E+00  8.51458714E-01  4.30798767E-01
 -4.56846016E-01  1.00000000E+00  6.56701180E-01 -1.35542610E+00  4.20809513E-01  5.16791819E+00  8.51236060E-01  4.31668213E-01
 -4.42715008E-01  1.00000000E+00  6.48536807E-01 -1.35664973E+00  4.21522426E-01  5.17640419E+00  8.51013784E-01  4.32539040E-01
 -4.29431964E-01  1.00000000E+00  6.41073775E-01 -1.35806178E+00  4.22358000E-01  5.18663291E+00  8.50687891E-01  4.33594502E-01
 -4.16148920E-01  1.00000000E+00  6.33610743E-01 -1.35947605E+00  4.23239202E-01  5.19688233E+00  8.50362583E-01  4.34651974E-01
 -4.03662954E-01  1.00000000E+00  6.26788747E-01 -1.36082569E+00  4.24106691E-01  5.20811391E+00  8.49938504E-01  4.35817541E-01
 -3.91176988E-01  1.00000000E+00  6.19966751E-01 -1.36217752E+00  4.25118169E-01  5.21937064E+00  8.49515010E-01  4.36985563E-01
 -3.79440270E-01  1.00000000E+00  6.13755130E-01 -1.36431159E+00  4.26214767E-01  5.23307738E+00  8.49236068E-01  4.38384131E-01
 -3.67703552E-01  1.00000000E+00  6.07543510E-01 -1.36645021E+00  4.27382086E-01  5.24682062E+00  8.48958196E-01  4.39786243E-01
 -3.56671122E-01  1.00000000E+00  6.02034201E-01 -1.36848147E+00  4.28686279E-01  5.26243011E+00  8.48418817E-01  4.41401130E-01
 -3.45638692E-01  1.00000000E+00  5.96524892E-01 -1.37051746E+00  4.30009742E-01  5.27808734E+00  8.47880708E-01  4.43020663E-01
 -3.35268287E-01  1.00000000E+00  5.91471203E-01 -1.37283676E+00  4.31305794E-01  5.29501785E+00  8.47423834E-01  4.44759401E-01
 -3.24897882E-01  1.00000000E+00  5.86417514E-01 -1.37516186E+00  4.32778144E-01  5.31200398E+00  8.46968282E-01  4.46503570E-01
 -3.15149775E-01  1.00000000E+00  5.81956214E-01 -1.37783174E+00  4.34389774E-01  5.33138011E+00  8.46417020E-01  4.48496309E-01
 -3.05401669E-01  1.00000000E+00  5.77494915E-01 -1.38050931E+00  4.36055321E-01  5.35082855E+00  8.45867638E-01  4.50496091E-01
 -2.96238520E-01  1.00000000E+00  5.73470073E-01 -1.38307041E+00  4.37758754E-01  5.37322815E+00  8.44961660E-01  4.52826649E-01
 -2.87075371E-01  1.00000000E+00  5.69445231E-01 -1.38563960E+00  4.39705851E-01  5.39572511E+00  8.44058026E-01  4.55166709E-01
 -2.78462077E-01  1.00000000E+00  5.66048428E-01 -1.38889323E+00  4.41734681E-01  5.41944087E+00  8.43361554E-01  4.57607932E-01
 -2.69848783E-01  1.00000000E+00  5.62651626E-01 -1.39215824E+00  4.43836800E-01  5.44326319E+00  8.42667994E-01  4.60059519E-01
 -2.61752348E-01  1.00000000E+00  5.59692864E-01 -1.39600321E+00  4.45916526E-01  5.46979913E+00  8.42114942E-01  4.62768418E-01
 -2.53655913E-01  1.00000000E+00  5.56734102E-01 -1.39986307E+00  4.48126361E-01  5.49646681E+00  8.41565118E-01  4.65490170E-01
 -2.46045323E-01  1.00000000E+00  5.54212669E-01 -1.40286616E+00  4.50498406E-01  5.52416188E+00  8.40402160E-01  4.68375972E-01
 -2.38434732E-01  1.00000000E+00  5.51691235E-01 -1.40588055E+00  4.52937987E-01  5.55200227E+00  8.39242650E-01  4.71275962E-01
 -2.31280830E-01  1.00000000E+00  5.49578981E-01 -1.40968923E+00  4.55435238E-01  5.58189329E+00  8.38358411E-01  4.74353488E-01
 -2.24126928E-01  1.00000000E+00  5.47466728E-01 -1.41351369E+00  4.58035006E-01  5.61194971E+00  8.37477939E-01  4.77447177E-01
 -2.17402314E-01  1.00000000E+00  5.45814949E-01 -1.41844202E+00  4.60702610E-01  5.64552758E+00  8.36838846E-01  4.80868873E-01
 -2.10677699E-01  1.00000000E+00  5.44163170E-01 -1.42339402E+00  4.63447743E-01  5.67930958E+00  8.36204937E-01  4.84310465E-01
 -2.04351753E-01  1.00000000E+00  5.42913870E-01 -1.42758542E+00  4.66415425E-01  5.71485313E+00  8.34989041E-01  4.87986409E-01
 -1.98025807E-01  1.00000000E+00  5.41664570E-01 -1.43179677E+00  4.69440805E-01  5.75062647E+00  8.33778382E-01  4.91684808E-01
 -1.91837501E-01  1.00000000E+00  5.40760758E-01 -1.43702389E+00  4.72726572E-01  5.79015177E+00  8.32803053E-01  4.95734872E-01
 -1.85649194E-01  1.00000000E+00  5.39856947E-01 -1.44227903E+00  4.76105651E-01  5.82995509E+00  8.31833990E-01  4.99812110E-01
 -1.79460888E-01  1.00000000E+00  5.39273954E-01 -1.44644442E+00  4.79951216E-01  5.87452325E+00  8.29816030E-01  5.04470722E-01
 -1.73272582E-01  1.00000000E+00  5.38690960E-01 -1.45063258E+00  4.83925582E-01  5.91944944E+00  8.27806016E-01  5.09164343E-01
 -1.67084275E-01  1.00000000E+00  5.38734692E-01 -1.45822139E+00  4.88184091E-01  5.97194217E+00  8.26964846E-01  5.14497732E-01
 -1.60895969E-01  1.00000000E+00  5.38778423E-01 -1.46586414E+00  4.92576847E-01  6.02490754E+00  8.26134771E-01  5.19877277E-01
 -1.54707662E-01  1.00000000E+00  5.39184696E-01 -1.47178942E+00  4.97677604E-01  6.08410483E+00  8.23827101E-01  5.26027773E-01
 -1.48519356E-01  1.00000000E+00  5.39590970E-01 -1.47775687E+00  5.02914311E-01  6.14390921E+00  8.21531973E-01  5.32237724E-01
 -1.42331049E-01  1.00000000E+00  5.41016123E-01 -1.48702984E+00  5.08906746E-01  6.21438368E+00  8.19989258E-01  5.39439442E-01
 -1.36142743E-01  1.00000000E+00  5.42441276E-01 -1.49638660E+00  5.15143826E-01  6.28568325E+00  8.18465027E-01  5.46721822E-01
 -1.29954436E-01  1.00000000E+00  5.44483376E-01 -1.50469138E+00  5.21746585E-01  6.36505487E+00  8.15942173E-01  5.54911269E-01
 -1.23766130E-01  1.00000000E+00  5.46525476E-01 -1.51307161E+00  5.28915784E-01  6.44546741E+00  8.13437623E-01  5.63202979E-01
 -1.17577823E-01  1.00000000E+00  5.49623637E-01 -1.52454597E+00  5.37139140E-01  6.54377459E+00  8.10935740E-01  5.73283885E-01
 -1.11389517E-01  1.00000000E+00  5.52721798E-01 -1.53615283E+00  5.45793483E-01  6.64362338E+00  8.08463305E-01  5.83516007E-01
 -1.05201210E-01  1.00000000E+00  5.57685501E-01 -1.54881049E+00  5.56112002E-01  6.76236512E+00  8.04984995E-01  5.95738012E-01
 -9.90129037E-02  1.00000000E+00  5.62649204E-01 -1.56163556E+00  5.66795728E-01  6.88330074E+00  8.01547650E-01  6.08175309E-01
 -9.28245972E-02  1.00000000E+00  5.69387969E-01 -1.57234808E+00  5.79512957E-01  7.02122874E+00  7.96003669E-01  6.22522507E-01
 -8.66362908E-02  1.00000000E+00  5.76126733E-01 -1.58319945E+00  5.92731721E-01  7.16207636E+00  7.90510103E-01  6.37156626E-01
 -8.04479843E-02  1.00000000E+00  5.85588367E-01 -1.60628522E+00  6.08454750E-01  7.34364511E+00  7.87957615E-01  6.55568750E-01
 -7.42596778E-02  1.00000000E+00  5.95050001E-01 -1.62983214E+00  6.25151479E-01  7.52989438E+00  7.85491328E-01  6.74440305E-01
 -6.80713713E-02  1.00000000E+00  6.09579661E-01 -1.63463323E+00  6.45875748E-01  7.75161612E+00  7.72393580E-01  6.97922254E-01
 -6.18830648E-02  1.00000000E+00  6.24109322E-01 -1.63941878E+00  6.69042142E-01  7.98062638E+00  7.59454319E-01  7.22117206E-01
 -5.56947583E-02  1.00000000E+00  6.39755126E-01 -1.73425482E+00  6.97449407E-01  8.34396255E+00  7.75515823E-01  7.56844673E-01
 -4.95064519E-02  1.00000000E+00  6.55400930E-01 -1.83353590E+00  7.24622360E-01  8.72424462E+00  7.92905179E-01  7.93133944E-01
 -4.33181454E-02  1.00000000E+00  7.28146951E-01 -1.64850214E+00  7.61634685E-01  8.83614826E+00  7.16369789E-01  8.11977847E-01
 -3.71298389E-02  1.00000000E+00  8.00892972E-01 -1.46359798E+00  8.20361547E-01  8.97140991E+00  6.47853639E-01  8.32355627E-01
 -3.09415324E-02  1.00000000E+00  6.75415289E-01 -1.41938241E+00  8.75919482E-01  8.96926930E+00  6.33490038E-01  8.33577926E-01
 -2.47532259E-02  1.00000000E+00  5.49937607E-01 -1.37535443E+00  8.88056658E-01  8.96810501E+00  6.19545939E-01  8.34855907E-01
 -1.85649194E-02  1.00000000E+00  1.39125243E+00 -2.93110427E+00  9.24761273E-01  1.26729725E+01  1.01889611E+00  1.16540764E+00
 -1.23766130E-02  1.00000000E+00  2.23256725E+00 -5.35263843E+00  1.09705113E+00  1.84548638E+01  1.82856633E+00  1.66262975E+00
 -6.18830648E-03  1.00000000E+00  8.45869200E-01  1.58063667E+00  2.22313891E+00  1.38983202E+01  5.61560502E-01  1.33367597E+00
  0.00000000E+00  1.00000000E+00 -5.40828847E-01  1.24419984E+01  5.73208135E+00  2.68057516E+01  5.98116187E+00  2.08245898E+00
