# curve 5 (die wall), step =      200, time =   8.00000000E+01
# N1 = tau_xx - tau_yy = G ( c_xx - c_yy ),  G =  1.0000E-01  (polymer part only)
#              x               y        pressure            c_xy        gammadot            c_xx            c_yy              N1
 -3.00000000E+00  1.00000000E+00  2.38865020E+00 -1.35382483E+00  4.19704181E-01  5.15536753E+00  8.51674852E-01  4.30369268E-01
 -2.97524677E+00  1.00000000E+00  2.37154724E+00 -1.35375011E+00  4.19713158E-01  5.15508748E+00  8.51669649E-01  4.30341783E-01
 -2.95049355E+00  1.00000000E+00  2.35444428E+00 -1.35367540E+00  4.19720123E-01  5.15480745E+00  8.51664447E-01  4.30314300E-01
 -2.92574032E+00  1.00000000E+00  2.33735864E+00 -1.35378014E+00  4.19718263E-01  5.15512093E+00  8.51689931E-01  4.30343100E-01
 -2.90098710E+00  1.00000000E+00  2.32027301E+00 -1.35388489E+00  4.19705593E-01  5.15543444E+00  8.51715417E-01  4.30371902E-01
 -2.87623387E+00  1.00000000E+00  2.30319534E+00 -1.35406799E+00  4.19692023E-01  5.15637468E+00  8.51721569E-01  4.30465311E-01
 -2.85148064E+00  1.00000000E+00  2.28611768E+00 -1.35425113E+00  4.19670679E-01  5.15731509E+00  8.51727727E-01  4.30558736E-01
 -2.82672742E+00  1.00000000E+00  2.26900941E+00 -1.35394223E+00  4.19678578E-01  5.15632293E+00  8.51667907E-01  4.30465502E-01
 -2.80197419E+00  1.00000000E+00  2.25190114E+00 -1.35363340E+00  4.19693591E-01  5.15533096E+00  8.51608106E-01  4.30372286E-01
 -2.77722097E+00  1.00000000E+00  2.23479495E+00 -1.35370724E+00  4.19705026E-01  5.15519874E+00  8.51642391E-01  4.30355635E-01
 -2.75246774E+00  1.00000000E+00  2.21768876E+00 -1.35378108E+00  4.19713970E-01  5.15506653E+00  8.51676678E-01  4.30338985E-01
 -2.72771451E+00  1.00000000E+00  2.20062653E+00 -1.35380881E+00  4.19711588E-01  5.15516089E+00  8.51696834E-01  4.30346406E-01
 -2.70296129E+00  1.00000000E+00  2.18356430E+00 -1.35383654E+00  4.19697071E-01  5.15525526E+00  8.51716990E-01  4.30353827E-01
 -2.67820806E+00  1.00000000E+00  2.16645707E+00 -1.35378548E+00  4.19691466E-01  5.15517523E+00  8.51685227E-01  4.30349000E-01
 -2.65345484E+00  1.00000000E+00  2.14934984E+00 -1.35373443E+00  4.19698133E-01  5.15509519E+00  8.51653465E-01  4.30344173E-01
 -2.62870161E+00  1.00000000E+00  2.13226467E+00 -1.35376613E+00  4.19704710E-01  5.15502789E+00  8.51673941E-01  4.30335395E-01
 -2.60394839E+00  1.00000000E+00  2.11517951E+00 -1.35379783E+00  4.19706411E-01  5.15496058E+00  8.51694417E-01  4.30326617E-01
 -2.57919516E+00  1.00000000E+00  2.09809711E+00 -1.35378465E+00  4.19708185E-01  5.15497775E+00  8.51698284E-01  4.30327947E-01
 -2.55444193E+00  1.00000000E+00  2.08101471E+00 -1.35377146E+00  4.19700461E-01  5.15499492E+00  8.51702150E-01  4.30329277E-01
 -2.52968871E+00  1.00000000E+00  2.06392653E+00 -1.35392250E+00  4.19686932E-01  5.15560202E+00  8.51725660E-01  4.30387637E-01
 -2.50493548E+00  1.00000000E+00  2.04683835E+00 -1.35407356E+00  4.19665804E-01  5.15620920E+00  8.51749173E-01  4.30446003E-01
 -2.48018226E+00  1.00000000E+00  2.02972225E+00 -1.35383273E+00  4.19680216E-01  5.15549269E+00  8.51687691E-01  4.30380500E-01
 -2.45542903E+00  1.00000000E+00  2.01260615E+00 -1.35359193E+00  4.19700455E-01  5.15477629E+00  8.51626222E-01  4.30315007E-01
 -2.43067580E+00  1.00000000E+00  1.99551887E+00 -1.35364642E+00  4.19714907E-01  5.15476536E+00  8.51646518E-01  4.30311884E-01
 -2.40592258E+00  1.00000000E+00  1.97843159E+00 -1.35370091E+00  4.19726974E-01  5.15475444E+00  8.51666816E-01  4.30308762E-01
 -2.38116935E+00  1.00000000E+00  1.96136075E+00 -1.35372010E+00  4.19722253E-01  5.15476184E+00  8.51691296E-01  4.30307055E-01
 -2.35641613E+00  1.00000000E+00  1.94428992E+00 -1.35373929E+00  4.19704976E-01  5.15476925E+00  8.51715776E-01  4.30305347E-01
 -2.33166290E+00  1.00000000E+00  1.92719041E+00 -1.35374005E+00  4.19697841E-01  5.15494243E+00  8.51692926E-01  4.30324951E-01
 -2.30690967E+00  1.00000000E+00  1.91009091E+00 -1.35374081E+00  4.19696819E-01  5.15511562E+00  8.51670076E-01  4.30344555E-01
 -2.28215645E+00  1.00000000E+00  1.89299185E+00 -1.35375152E+00  4.19701423E-01  5.15510296E+00  8.51666692E-01  4.30343626E-01
 -2.25740322E+00  1.00000000E+00  1.87589280E+00 -1.35376222E+00  4.19707467E-01  5.15509029E+00  8.51663308E-01  4.30342698E-01
 -2.23265000E+00  1.00000000E+00  1.85881666E+00 -1.35393103E+00  4.19700353E-01  5.15564826E+00  8.51711903E-01  4.30393636E-01
 -2.20789677E+00  1.00000000E+00  1.84174051E+00 -1.35409987E+00  4.19675636E-01  5.15620630E+00  8.51760503E-01  4.30444579E-01
 -2.18314354E+00  1.00000000E+00  1.82463014E+00 -1.35386972E+00  4.19676516E-01  5.15540019E+00  8.51715084E-01  4.30368511E-01
 -2.15839032E+00  1.00000000E+00  1.80751977E+00 -1.35363961E+00  4.19685703E-01  5.15459421E+00  8.51669676E-01  4.30292453E-01
 -2.13363709E+00  1.00000000E+00  1.79044215E+00 -1.35364819E+00  4.19693480E-01  5.15457514E+00  8.51669372E-01  4.30290577E-01
 -2.10888387E+00  1.00000000E+00  1.77336454E+00 -1.35365677E+00  4.19703175E-01  5.15455607E+00  8.51669069E-01  4.30288700E-01
 -2.08413064E+00  1.00000000E+00  1.75625878E+00 -1.35367335E+00  4.19710008E-01  5.15452141E+00  8.51679538E-01  4.30284187E-01
 -2.05937741E+00  1.00000000E+00  1.73915302E+00 -1.35368993E+00  4.19708425E-01  5.15448674E+00  8.51690008E-01  4.30279674E-01
 -2.03462419E+00  1.00000000E+00  1.72207714E+00 -1.35367907E+00  4.19699224E-01  5.15458123E+00  8.51684926E-01  4.30289631E-01
 -2.00987096E+00  1.00000000E+00  1.70500127E+00 -1.35366821E+00  4.19688341E-01  5.15467573E+00  8.51679844E-01  4.30299588E-01
 -1.98511774E+00  1.00000000E+00  1.68789317E+00 -1.35367934E+00  4.19685705E-01  5.15459904E+00  8.51684443E-01  4.30291459E-01
 -1.96036451E+00  1.00000000E+00  1.67078507E+00 -1.35369046E+00  4.19684127E-01  5.15452235E+00  8.51689041E-01  4.30283331E-01
 -1.93561128E+00  1.00000000E+00  1.65372477E+00 -1.35382943E+00  4.19670950E-01  5.15498065E+00  8.51729528E-01  4.30325112E-01
 -1.91085806E+00  1.00000000E+00  1.63666447E+00 -1.35396841E+00  4.19647908E-01  5.15543899E+00  8.51770018E-01  4.30366897E-01
 -1.88610483E+00  1.00000000E+00  1.61953430E+00 -1.35382228E+00  4.19640355E-01  5.15519553E+00  8.51702640E-01  4.30349289E-01
 -1.86135161E+00  1.00000000E+00  1.60240413E+00 -1.35367617E+00  4.19640640E-01  5.15495209E+00  8.51635268E-01  4.30331682E-01
 -1.83659838E+00  1.00000000E+00  1.58532534E+00 -1.35369946E+00  4.19650134E-01  5.15454489E+00  8.51697547E-01  4.30284734E-01
 -1.81184516E+00  1.00000000E+00  1.56824655E+00 -1.35372275E+00  4.19647648E-01  5.15413773E+00  8.51759829E-01  4.30237790E-01
 -1.78709193E+00  1.00000000E+00  1.55119084E+00 -1.35386953E+00  4.19614611E-01  5.15496066E+00  8.51769402E-01  4.30319125E-01
 -1.76233870E+00  1.00000000E+00  1.53413514E+00 -1.35401634E+00  4.19571212E-01  5.15578371E+00  8.51778977E-01  4.30400473E-01
 -1.73758548E+00  1.00000000E+00  1.51699714E+00 -1.35387612E+00  4.19571308E-01  5.15531713E+00  8.51740542E-01  4.30357659E-01
 -1.71283225E+00  1.00000000E+00  1.49985913E+00 -1.35373592E+00  4.19570879E-01  5.15485059E+00  8.51702110E-01  4.30314848E-01
 -1.68807903E+00  1.00000000E+00  1.48276224E+00 -1.35374708E+00  4.19558495E-01  5.15449428E+00  8.51733601E-01  4.30276068E-01
 -1.66332580E+00  1.00000000E+00  1.46566534E+00 -1.35375825E+00  4.19547633E-01  5.15413799E+00  8.51765092E-01  4.30237290E-01
 -1.63857257E+00  1.00000000E+00  1.44860435E+00 -1.35370078E+00  4.19542700E-01  5.15405201E+00  8.51757712E-01  4.30229429E-01
 -1.61381935E+00  1.00000000E+00  1.43154336E+00 -1.35364331E+00  4.19524238E-01  5.15396602E+00  8.51750333E-01  4.30221569E-01
 -1.58906612E+00  1.00000000E+00  1.41441635E+00 -1.35353192E+00  4.19500821E-01  5.15333199E+00  8.51740318E-01  4.30159167E-01
 -1.56431290E+00  1.00000000E+00  1.39728934E+00 -1.35342055E+00  4.19487819E-01  5.15269804E+00  8.51730305E-01  4.30096773E-01
 -1.53955967E+00  1.00000000E+00  1.38024020E+00 -1.35336390E+00  4.19470803E-01  5.15219696E+00  8.51755630E-01  4.30044133E-01
 -1.51480644E+00  1.00000000E+00  1.36319105E+00 -1.35330726E+00  4.19449816E-01  5.15169592E+00  8.51780957E-01  4.29991497E-01
 -1.49005322E+00  1.00000000E+00  1.34611844E+00 -1.35331770E+00  4.19417410E-01  5.15147845E+00  8.51822771E-01  4.29965568E-01
 -1.46529999E+00  1.00000000E+00  1.32904582E+00 -1.35332815E+00  4.19365195E-01  5.15126099E+00  8.51864587E-01  4.29939640E-01
 -1.44054677E+00  1.00000000E+00  1.31196456E+00 -1.35347032E+00  4.19309861E-01  5.15175971E+00  8.51901656E-01  4.29985806E-01
 -1.41579354E+00  1.00000000E+00  1.29488330E+00 -1.35361251E+00  4.19236711E-01  5.15225849E+00  8.51938728E-01  4.30031976E-01
 -1.39104031E+00  1.00000000E+00  1.27779744E+00 -1.35321007E+00  4.19200187E-01  5.15062576E+00  8.51889677E-01  4.29873609E-01
 -1.36628709E+00  1.00000000E+00  1.26071158E+00 -1.35280776E+00  4.19176760E-01  5.14899356E+00  8.51840657E-01  4.29715290E-01
 -1.34153386E+00  1.00000000E+00  1.24364399E+00 -1.35280002E+00  4.19135907E-01  5.14831155E+00  8.51889357E-01  4.29642219E-01
 -1.31678064E+00  1.00000000E+00  1.22657639E+00 -1.35279228E+00  4.19087927E-01  5.14762964E+00  8.51938059E-01  4.29569158E-01
 -1.29202741E+00  1.00000000E+00  1.20955464E+00 -1.35275701E+00  4.19023516E-01  5.14724559E+00  8.51969378E-01  4.29527621E-01
 -1.26727418E+00  1.00000000E+00  1.19253289E+00 -1.35272173E+00  4.18946604E-01  5.14686156E+00  8.52000699E-01  4.29486086E-01
 -1.24252096E+00  1.00000000E+00  1.17551315E+00 -1.35275573E+00  4.18869190E-01  5.14646981E+00  8.52062632E-01  4.29440718E-01
 -1.21776773E+00  1.00000000E+00  1.15849340E+00 -1.35278974E+00  4.18775557E-01  5.14607810E+00  8.52124569E-01  4.29395353E-01
 -1.19301451E+00  1.00000000E+00  1.14145407E+00 -1.35236105E+00  4.18698747E-01  5.14414029E+00  8.52099625E-01  4.29204066E-01
 -1.16826128E+00  1.00000000E+00  1.12441473E+00 -1.35193251E+00  4.18631752E-01  5.14220321E+00  8.52074719E-01  4.29012849E-01
 -1.14350806E+00  1.00000000E+00  1.10744170E+00 -1.35191564E+00  4.18539980E-01  5.14148118E+00  8.52131272E-01  4.28934990E-01
 -1.11875483E+00  1.00000000E+00  1.09046868E+00 -1.35189877E+00  4.18441923E-01  5.14075926E+00  8.52187826E-01  4.28857143E-01
 -1.09400160E+00  1.00000000E+00  1.07350814E+00 -1.35170348E+00  4.18344689E-01  5.13940904E+00  8.52219430E-01  4.28718961E-01
 -1.06924838E+00  1.00000000E+00  1.05654761E+00 -1.35150823E+00  4.18247634E-01  5.13805918E+00  8.52251043E-01  4.28580814E-01
 -1.04449515E+00  1.00000000E+00  1.03964503E+00 -1.35129295E+00  4.18136775E-01  5.13645692E+00  8.52306404E-01  4.28415052E-01
 -1.01974193E+00  1.00000000E+00  1.02274245E+00 -1.35107772E+00  4.18016728E-01  5.13485518E+00  8.52361779E-01  4.28249340E-01
 -9.94988700E-01  1.00000000E+00  1.00589020E+00 -1.35086152E+00  4.17887223E-01  5.13345182E+00  8.52402037E-01  4.28104978E-01
 -9.70235474E-01  1.00000000E+00  9.89037956E-01 -1.35064536E+00  4.17763833E-01  5.13204884E+00  8.52442309E-01  4.27960653E-01
 -9.45482248E-01  1.00000000E+00  9.72213058E-01 -1.35041183E+00  4.17641957E-01  5.13046943E+00  8.52472088E-01  4.27799734E-01
 -9.20729022E-01  1.00000000E+00  9.55388160E-01 -1.35017835E+00  4.17523058E-01  5.12889050E+00  8.52501878E-01  4.27638863E-01
 -8.95975796E-01  1.00000000E+00  9.38691617E-01 -1.34988823E+00  4.17395709E-01  5.12686846E+00  8.52565089E-01  4.27430337E-01
 -8.71222570E-01  1.00000000E+00  9.21995074E-01 -1.34959821E+00  4.17266987E-01  5.12484722E+00  8.52628325E-01  4.27221889E-01
 -8.46469344E-01  1.00000000E+00  9.05374728E-01 -1.34954937E+00  4.17135325E-01  5.12385283E+00  8.52719694E-01  4.27113313E-01
 -8.21716118E-01  1.00000000E+00  8.88754381E-01 -1.34950054E+00  4.16990524E-01  5.12285865E+00  8.52811073E-01  4.27004757E-01
 -7.97201467E-01  1.00000000E+00  8.72411103E-01 -1.34936297E+00  4.16911420E-01  5.12178449E+00  8.52839265E-01  4.26894523E-01
 -7.72686817E-01  1.00000000E+00  8.56067825E-01 -1.34922541E+00  4.16829789E-01  5.12071058E+00  8.52867460E-01  4.26784312E-01
 -7.49503432E-01  1.00000000E+00  8.40751016E-01 -1.34907547E+00  4.16769468E-01  5.12003834E+00  8.52856602E-01  4.26718174E-01
 -7.26320047E-01  1.00000000E+00  8.25434207E-01 -1.34892555E+00  4.16722486E-01  5.11936620E+00  8.52845748E-01  4.26652045E-01
 -7.04527831E-01  1.00000000E+00  8.11201266E-01 -1.34900242E+00  4.16690800E-01  5.11920234E+00  8.52921478E-01  4.26628086E-01
 -6.82735615E-01  1.00000000E+00  7.96968326E-01 -1.34907930E+00  4.16680981E-01  5.11903849E+00  8.52997213E-01  4.26604128E-01
 -6.62251087E-01  1.00000000E+00  7.83687405E-01 -1.34897126E+00  4.16769302E-01  5.11984386E+00  8.52828723E-01  4.26701514E-01
 -6.41766559E-01  1.00000000E+00  7.70406485E-01 -1.34886322E+00  4.16880596E-01  5.12064940E+00  8.52660260E-01  4.26798914E-01
 -6.22511254E-01  1.00000000E+00  7.58134442E-01 -1.34898557E+00  4.16998320E-01  5.12196057E+00  8.52589967E-01  4.26937060E-01
 -6.03255949E-01  1.00000000E+00  7.45862399E-01 -1.34910794E+00  4.17147544E-01  5.12327209E+00  8.52519682E-01  4.27075240E-01
 -5.85156097E-01  1.00000000E+00  7.34506435E-01 -1.34956269E+00  4.17343077E-01  5.12563959E+00  8.52520061E-01  4.27311953E-01
 -5.67056245E-01  1.00000000E+00  7.23150471E-01 -1.35001762E+00  4.17569162E-01  5.12800819E+00  8.52520481E-01  4.27548771E-01
 -5.50042515E-01  1.00000000E+00  7.12607254E-01 -1.35041848E+00  4.17909129E-01  5.13205216E+00  8.52292420E-01  4.27975974E-01
 -5.33028786E-01  1.00000000E+00  7.02064037E-01 -1.35081957E+00  4.18255801E-01  5.13609948E+00  8.52064460E-01  4.28403502E-01
 -5.17036006E-01  1.00000000E+00  6.92416140E-01 -1.35177106E+00  4.18647094E-01  5.14155323E+00  8.52030494E-01  4.28952274E-01
 -5.01043227E-01  1.00000000E+00  6.82768243E-01 -1.35272339E+00  4.19061584E-01  5.14701282E+00  8.51996700E-01  4.29501612E-01
 -4.86010125E-01  1.00000000E+00  6.73816898E-01 -1.35346338E+00  4.19577712E-01  5.15322572E+00  8.51727599E-01  4.30149812E-01
 -4.70977023E-01  1.00000000E+00  6.64865552E-01 -1.35420406E+00  4.20175859E-01  5.15944638E+00  8.51458714E-01  4.30798767E-01
 -4.56846016E-01  1.00000000E+00  6.56701180E-01 -1.35542610E+00  4.20809513E-01  5.16791819E+00  8.51236059E-01  4.31668213E-01
 -4.42715008E-01  1.00000000E+00  6.48536807E-01 -1.35664972E+00  4.21522426E-01  5.17640419E+00  8.51013783E-01  4.32539040E-01
 -4.29431964E-01  1.00000000E+00  6.41073775E-01 -1.35806178E+00  4.22358001E-01  5.18663291E+00  8.50687891E-01  4.33594502E-01
 -4.16148920E-01  1.00000000E+00  6.33610743E-01 -1.35947605E+00  4.23239202E-01  5.19688233E+00  8.50362582E-01  4.34651974E-01
 -4.03662954E-01  1.00000000E+00  6.26788747E-01 -1.36082568E+00  4.24106691E-01  5.20811391E+00  8.49938504E-01  4.35817541E-01
 -3.91176988E-01  1.00000000E+00  6.19966751E-01 -1.36217752E+00  4.25118169E-01  5.21937063E+00  8.49515009E-01  4.36985562E-01
 -3.79440270E-01  1.00000000E+00  6.13755131E-01 -1.36431159E+00  4.26214767E-01  5.23307738E+00  8.49236067E-01  4.38384131E-01
 -3.67703552E-01  1.00000000E+00  6.07543510E-01 -1.36645021E+00  4.27382086E-01  5.24682062E+00  8.48958196E-01  4.39786242E-01
 -3.56671122E-01  1.00000000E+00  6.02034201E-01 -1.36848147E+00  4.28686279E-01  5.26243011E+00  8.48418817E-01  4.41401129E-01
 -3.45638692E-01  1.00000000E+00  5.96524892E-01 -1.37051746E+00  4.30009742E-01  5.27808733E+00  8.47880708E-01  4.43020663E-01
 -3.35268287E-01  1.00000000E+00  5.91471203E-01 -1.37283676E+00  4.31305794E-01  5.29501784E+00  8.47423834E-01  4.44759401E-01
 -3.24897882E-01  1.00000000E+00  5.86417514E-01 -1.37516186E+00  4.32778144E-01  5.31200397E+00  8.46968282E-01  4.46503569E-01
 -3.15149775E-01  1.00000000E+00  5.81956215E-01 -1.37783174E+00  4.34389774E-01  5.33138011E+00  8.46417020E-01  4.48496309E-01
 -3.05401669E-01  1.00000000E+00  5.77494915E-01 -1.38050930E+00  4.36055321E-01  5.35082854E+00  8.45867638E-01  4.50496090E-01
 -2.96238520E-01  1.00000000E+00  5.73470073E-01 -1.38307041E+00  4.37758754E-01  5.37322815E+00  8.44961659E-01  4.52826649E-01
 -2.87075371E-01  1.00000000E+00  5.69445231E-01 -1.38563959E+00  4.39705851E-01  5.39572510E+00  8.44058026E-01  4.55166708E-01
 -2.78462077E-01  1.00000000E+00  5.66048429E-01 -1.38889323E+00  4.41734681E-01  5.41944086E+00  8.43361554E-01  4.57607931E-01
 -2.69848783E-01  1.00000000E+00  5.62651626E-01 -1.39215824E+00  4.43836800E-01  5.44326318E+00  8.42667994E-01  4.60059519E-01
 -2.61752348E-01  1.00000000E+00  5.59692864E-01 -1.39600321E+00  4.45916526E-01  5.46979912E+00  8.42114942E-01  4.62768418E-01
 -2.53655913E-01  1.00000000E+00  5.56734103E-01 -1.39986306E+00  4.48126361E-01  5.49646681E+00  8.41565118E-01  4.65490169E-01
 -2.46045323E-01  1.00000000E+00  5.54212669E-01 -1.40286616E+00  4.50498406E-01  5.52416187E+00  8.40402160E-01  4.68375971E-01
 -2.38434732E-01  1.00000000E+00  5.51691236E-01 -1.40588055E+00  4.52937987E-01  5.55200226E+00  8.39242650E-01  4.71275962E-01
 -2.31280830E-01  1.00000000E+00  5.49578982E-01 -1.40968922E+00  4.55435238E-01  5.58189329E+00  8.38358411E-01  4.74353487E-01
 -2.24126928E-01  1.00000000E+00  5.47466728E-01 -1.41351369E+00  4.58035006E-01  5.61194970E+00  8.37477939E-01  4.77447176E-01
 -2.17402314E-01  1.00000000E+00  5.45814949E-01 -1.41844202E+00  4.60702610E-01  5.64552757E+00  8.36838846E-01  4.80868872E-01
 -2.10677699E-01  1.00000000E+00  5.44163170E-01 -1.42339402E+00  4.63447743E-01  5.67930957E+00  8.36204937E-01  4.84310464E-01
 -2.04351753E-01  1.00000000E+00  5.42913870E-01 -1.42758542E+00  4.66415425E-01  5.71485312E+00  8.34989041E-01  4.87986408E-01
 -1.98025807E-01  1.00000000E+00  5.41664571E-01 -1.43179677E+00  4.69440805E-01  5.75062646E+00  8.33778383E-01  4.91684807E-01
 -1.91837501E-01  1.00000000E+00  5.40760759E-01 -1.43702389E+00  4.72726572E-01  5.79015176E+00  8.32803053E-01  4.95734871E-01
 -1.85649194E-01  1.00000000E+00  5.39856947E-01 -1.44227902E+00  4.76105651E-01  5.82995508E+00  8.31833990E-01  4.99812109E-01
 -1.79460888E-01  1.00000000E+00  5.39273954E-01 -1.44644441E+00  4.79951216E-01  5.87452324E+00  8.29816030E-01  5.04470721E-01
 -1.73272582E-01  1.00000000E+00  5.38690961E-01 -1.45063257E+00  4.83925582E-01  5.91944943E+00  8.27806016E-01  5.09164342E-01
 -1.67084275E-01  1.00000000E+00  5.38734692E-01 -1.45822139E+00  4.88184090E-01  5.97194216E+00  8.26964846E-01  5.14497731E-01
 -1.60895969E-01  1.00000000E+00  5.38778423E-01 -1.46586414E+00  4.92576847E-01  6.02490753E+00  8.26134771E-01  5.19877276E-01
 -1.54707662E-01  1.00000000E+00  5.39184697E-01 -1.47178942E+00  4.97677604E-01  6.08410483E+00  8.23827101E-01  5.26027772E-01
 -1.48519356E-01  1.00000000E+00  5.39590970E-01 -1.47775687E+00  5.02914310E-01  6.14390921E+00  8.21531973E-01  5.32237723E-01
 -1.42331049E-01  1.00000000E+00  5.41016123E-01 -1.48702984E+00  5.08906746E-01  6.21438367E+00  8.19989258E-01  5.39439441E-01
 -1.36142743E-01  1.00000000E+00  5.42441276E-01 -1.49638660E+00  5.15143826E-01  6.28568324E+00  8.18465028E-01  5.46721821E-01
 -1.29954436E-01  1.00000000E+00  5.44483376E-01 -1.50469138E+00  5.21746585E-01  6.36505486E+00  8.15942173E-01  5.54911268E-01
 -1.23766130E-01  1.00000000E+00  5.46525476E-01 -1.51307161E+00  5.28915784E-01  6.44546740E+00  8.13437623E-01  5.63202978E-01
 -1.17577823E-01  1.00000000E+00  5.49623637E-01 -1.52454597E+00  5.37139140E-01  6.54377458E+00  8.10935740E-01  5.73283884E-01
 -1.11389517E-01  1.00000000E+00  5.52721798E-01 -1.53615283E+00  5.45793483E-01  6.64362337E+00  8.08463305E-01  5.83516006E-01
 -1.05201210E-01  1.00000000E+00  5.57685501E-01 -1.54881049E+00  5.56112002E-01  6.76236511E+00  8.04984995E-01  5.95738012E-01
 -9.90129037E-02  1.00000000E+00  5.62649204E-01 -1.56163556E+00  5.66795728E-01  6.88330074E+00  8.01547651E-01  6.08175309E-01
 -9.28245972E-02  1.00000000E+00  5.69387969E-01 -1.57234808E+00  5.79512957E-01  7.02122874E+00  7.96003669E-01  6.22522507E-01
 -8.66362908E-02  1.00000000E+00  5.76126734E-01 -1.58319945E+00  5.92731721E-01  7.16207636E+00  7.90510103E-01  6.37156626E-01
 -8.04479843E-02  1.00000000E+00  5.85588367E-01 -1.60628522E+00  6.08454750E-01  7.34364511E+00  7.87957615E-01  6.55568750E-01
 -7.42596778E-02  1.00000000E+00  5.95050001E-01 -1.62983214E+00  6.25151479E-01  7.52989438E+00  7.85491328E-01  6.74440305E-01
 -6.80713713E-02  1.00000000E+00  6.09579662E-01 -1.63463323E+00  6.45875748E-01  7.75161612E+00  7.72393580E-01  6.97922254E-01
 -6.18830648E-02  1.00000000E+00  6.24109322E-01 -1.63941878E+00  6.69042142E-01  7.98062638E+00  7.59454319E-01  7.22117206E-01
 -5.56947583E-02  1.00000000E+00  6.39755126E-01 -1.73425482E+00  6.97449408E-01  8.34396255E+00  7.75515823E-01  7.56844673E-01
 -4.95064519E-02  1.00000000E+00  6.55400931E-01 -1.83353590E+00  7.24622360E-01  8.72424462E+00  7.92905180E-01  7.93133944E-01
 -4.33181454E-02  1.00000000E+00  7.28146952E-01 -1.64850214E+00  7.61634685E-01  8.83614827E+00  7.16369790E-01  8.11977848E-01
 -3.71298389E-02  1.00000000E+00  8.00892974E-01 -1.46359798E+00  8.20361546E-01  8.97140992E+00  6.47853639E-01  8.32355628E-01
 -3.09415324E-02  1.00000000E+00  6.75415291E-01 -1.41938241E+00  8.75919482E-01  8.96926931E+00  6.33490038E-01  8.33577927E-01
 -2.47532259E-02  1.00000000E+00  5.49937608E-01 -1.37535443E+00  8.88056659E-01  8.96810501E+00  6.19545939E-01  8.34855907E-01
 -1.85649194E-02  1.00000000E+00  1.39125243E+00 -2.93110424E+00  9.24761278E-01  1.26729725E+01  1.01889610E+00  1.16540764E+00
 -1.23766130E-02  1.00000000E+00  2.23256725E+00 -5.35263834E+00  1.09705113E+00  1.84548637E+01  1.82856628E+00  1.66262975E+00
 -6.18830648E-03  1.00000000E+00  8.45869199E-01  1.58063670E+00  2.22313891E+00  1.38983202E+01  5.61560507E-01  1.33367597E+00
  0.00000000E+00  1.00000000E+00 -5.40828849E-01  1.24419983E+01  5.73208134E+00  2.68057513E+01  5.98116183E+00  2.08245895E+00
