# curve 5 (die wall), step =      600, time =   1.20000000E+02
# N1 = tau_xx - tau_yy = G ( c_xx - c_yy ),  G =  8.8889E-02  (polymer part only)
#              x               y        pressure            c_xy        gammadot            c_xx            c_yy              N1
 -3.00000000E+00  1.00000000E+00  3.27126128E+00 -3.60306924E+00  4.00275248E-01  2.69828380E+01  9.99520211E-01  2.30962825E+00
 -2.95108291E+00  1.00000000E+00  3.23318259E+00 -3.60554648E+00  4.00452788E-01  2.70080201E+01  9.99700314E-01  2.31185065E+00
 -2.90216582E+00  1.00000000E+00  3.19510391E+00 -3.60802560E+00  4.00619657E-01  2.70332258E+01  9.99880554E-01  2.31407513E+00
 -2.85324873E+00  1.00000000E+00  3.15435238E+00 -3.59920464E+00  4.00417316E-01  2.70102193E+01  9.98037204E-01  2.31219397E+00
 -2.80433164E+00  1.00000000E+00  3.11360084E+00 -3.59039437E+00  4.00551024E-01  2.69872405E+01  9.96198532E-01  2.31031484E+00
 -2.75541455E+00  1.00000000E+00  3.07455025E+00 -3.59609042E+00  4.01150910E-01  2.69913935E+01  9.97495791E-01  2.31056869E+00
 -2.70649746E+00  1.00000000E+00  3.03549965E+00 -3.60178796E+00  4.01244634E-01  2.69955533E+01  9.98795209E-01  2.31082294E+00
 -2.65758037E+00  1.00000000E+00  2.99687458E+00 -3.60720119E+00  4.01365164E-01  2.70133607E+01  9.99934342E-01  2.31230457E+00
 -2.60866328E+00  1.00000000E+00  2.95824950E+00 -3.61261939E+00  4.01067928E-01  2.70311821E+01  1.00107519E+00  2.31378728E+00
 -2.55974619E+00  1.00000000E+00  2.91950569E+00 -3.61266768E+00  4.00903992E-01  2.70446747E+01  1.00095802E+00  2.31499704E+00
 -2.51082911E+00  1.00000000E+00  2.88076187E+00 -3.61271544E+00  4.01122999E-01  2.70581746E+01  1.00084081E+00  2.31620745E+00
 -2.46191202E+00  1.00000000E+00  2.84087833E+00 -3.61083484E+00  4.00854770E-01  2.70528236E+01  1.00040234E+00  2.31577078E+00
 -2.41299493E+00  1.00000000E+00  2.80099479E+00 -3.60895480E+00  4.00651357E-01  2.70474741E+01  9.99964091E-01  2.31533422E+00
 -2.36407784E+00  1.00000000E+00  2.76226674E+00 -3.60936029E+00  4.00614899E-01  2.70490466E+01  1.00014636E+00  2.31545780E+00
 -2.31516075E+00  1.00000000E+00  2.72353869E+00 -3.60976582E+00  4.00602947E-01  2.70506193E+01  1.00032867E+00  2.31558139E+00
 -2.26624366E+00  1.00000000E+00  2.68399744E+00 -3.60855267E+00  4.00652733E-01  2.70626948E+01  9.99766562E-01  2.31670474E+00
 -2.21732657E+00  1.00000000E+00  2.64445619E+00 -3.60733858E+00  4.00873302E-01  2.70747774E+01  9.99204644E-01  2.31782869E+00
 -2.16840948E+00  1.00000000E+00  2.60500462E+00 -3.61147814E+00  4.00874114E-01  2.70753535E+01  1.00020633E+00  2.31779086E+00
 -2.11949239E+00  1.00000000E+00  2.56555304E+00 -3.61561803E+00  4.00708199E-01  2.70759333E+01  1.00120920E+00  2.31775326E+00
 -2.07057530E+00  1.00000000E+00  2.52682880E+00 -3.61483930E+00  4.00807376E-01  2.70905513E+01  1.00094592E+00  2.31907603E+00
 -2.02165821E+00  1.00000000E+00  2.48810455E+00 -3.61405910E+00  4.00788270E-01  2.71051787E+01  1.00068268E+00  2.32039965E+00
 -1.97274112E+00  1.00000000E+00  2.44753669E+00 -3.61181917E+00  4.00514725E-01  2.70840903E+01  1.00040367E+00  2.31854992E+00
 -1.92382403E+00  1.00000000E+00  2.40696882E+00 -3.60958072E+00  4.00265584E-01  2.70630184E+01  1.00012478E+00  2.31670165E+00
 -1.87490694E+00  1.00000000E+00  2.36791849E+00 -3.61421280E+00  3.99919010E-01  2.70320999E+01  1.00204409E+00  2.31378274E+00
 -1.82598985E+00  1.00000000E+00  2.32886815E+00 -3.61883747E+00  3.99342714E-01  2.70012328E+01  1.00396589E+00  2.31086817E+00
 -1.77707276E+00  1.00000000E+00  2.28961578E+00 -3.62018385E+00  3.98850932E-01  2.69868048E+01  1.00482440E+00  2.30950937E+00
 -1.72815567E+00  1.00000000E+00  2.25036341E+00 -3.62152954E+00  3.98370635E-01  2.69723867E+01  1.00568341E+00  2.30815141E+00
 -1.67923858E+00  1.00000000E+00  2.21145273E+00 -3.61342251E+00  3.96893463E-01  2.69093151E+01  1.00486665E+00  2.30261764E+00
 -1.63032150E+00  1.00000000E+00  2.17254206E+00 -3.60533375E+00  3.96276342E-01  2.68463908E+01  1.00405225E+00  2.29709676E+00
 -1.58140441E+00  1.00000000E+00  2.13218412E+00 -3.59854820E+00  3.95498312E-01  2.67537933E+01  1.00429680E+00  2.28884413E+00
 -1.53248732E+00  1.00000000E+00  2.09182618E+00 -3.59177768E+00  3.94624154E-01  2.66615201E+01  1.00454212E+00  2.28062026E+00
 -1.48357023E+00  1.00000000E+00  2.05054454E+00 -3.57385447E+00  3.93376045E-01  2.65413949E+01  1.00162043E+00  2.27020218E+00
 -1.43465314E+00  1.00000000E+00  2.00926290E+00 -3.55601623E+00  3.93570662E-01  2.64218124E+01  9.98712121E-01  2.25983113E+00
 -1.38573605E+00  1.00000000E+00  1.96985821E+00 -3.54878868E+00  3.91448795E-01  2.62123133E+01  1.00118775E+00  2.24098894E+00
 -1.33681896E+00  1.00000000E+00  1.93045353E+00 -3.54155000E+00  3.89558107E-01  2.60045574E+01  1.00366116E+00  2.22230189E+00
 -1.28790187E+00  1.00000000E+00  1.89149884E+00 -3.53319879E+00  3.87733041E-01  2.58002761E+01  1.00553796E+00  2.20397673E+00
 -1.23898478E+00  1.00000000E+00  1.85254415E+00 -3.52484561E+00  3.85636012E-01  2.55976709E+01  1.00741106E+00  2.18580088E+00
 -1.19006769E+00  1.00000000E+00  1.81502369E+00 -3.49343444E+00  3.81948825E-01  2.53560962E+01  1.00410462E+00  2.16462147E+00
 -1.14115060E+00  1.00000000E+00  1.77750323E+00 -3.46230703E+00  3.78958145E-01  2.51168004E+01  1.00083451E+00  2.14364141E+00
 -1.09223351E+00  1.00000000E+00  1.73324158E+00 -3.44276867E+00  3.77958128E-01  2.48013548E+01  1.00166587E+00  2.11552790E+00
 -1.04331642E+00  1.00000000E+00  1.68897993E+00 -3.42333024E+00  3.76137470E-01  2.44899760E+01  1.00249095E+00  2.08777645E+00
 -9.94399333E-01  1.00000000E+00  1.65579380E+00 -3.41797468E+00  3.71624854E-01  2.40889688E+01  1.00955633E+00  2.05150333E+00
 -9.45482243E-01  1.00000000E+00  1.62260767E+00 -3.41236637E+00  3.67378379E-01  2.36950554E+01  1.01661141E+00  2.01586169E+00
 -8.96565154E-01  1.00000000E+00  1.58456983E+00 -3.36704234E+00  3.61823099E-01  2.32975857E+01  1.01318728E+00  1.98083542E+00
 -8.47648064E-01  1.00000000E+00  1.54653199E+00 -3.32237582E+00  3.58516488E-01  2.29067956E+01  1.00982933E+00  1.94639700E+00
 -7.99501858E-01  1.00000000E+00  1.51447141E+00 -3.29128930E+00  3.51677723E-01  2.23714700E+01  1.01288465E+00  1.89854092E+00
 -7.51355652E-01  1.00000000E+00  1.48241082E+00 -3.26043609E+00  3.47535768E-01  2.18490802E+01  1.01591534E+00  1.85183687E+00
 -7.08111109E-01  1.00000000E+00  1.45129493E+00 -3.18683659E+00  3.42831660E-01  2.12240896E+01  1.00784707E+00  1.79699934E+00
 -6.64866566E-01  1.00000000E+00  1.42017903E+00 -3.11502515E+00  3.39964887E-01  2.06170197E+01  9.99947529E-01  1.74373975E+00
 -6.26599939E-01  1.00000000E+00  1.39369025E+00 -3.07804930E+00  3.38360840E-01  2.01834796E+01  9.98674440E-01  1.70531602E+00
 -5.88333313E-01  1.00000000E+00  1.36720147E+00 -3.04155131E+00  3.35645038E-01  1.97592118E+01  9.97408737E-01  1.66771583E+00
 -5.54471587E-01  1.00000000E+00  1.34845170E+00 -3.02302929E+00  3.33706534E-01  1.94223304E+01  1.00004153E+00  1.63753679E+00
 -5.20609860E-01  1.00000000E+00  1.32970193E+00 -3.00457219E+00  3.30772294E-01  1.90914361E+01  1.00265830E+00  1.60789136E+00
 -4.90645977E-01  1.00000000E+00  1.31606938E+00 -2.98545281E+00  3.26214521E-01  1.87027524E+01  1.00653825E+00  1.57299682E+00
 -4.60682095E-01  1.00000000E+00  1.30243683E+00 -2.96634972E+00  3.22409799E-01  1.83223851E+01  1.01039091E+00  1.53884393E+00
 -4.34167380E-01  1.00000000E+00  1.29222982E+00 -2.93578389E+00  3.19799045E-01  1.80064586E+01  1.00985573E+00  1.51080915E+00
 -4.07652666E-01  1.00000000E+00  1.28202280E+00 -2.90558633E+00  3.15575152E-01  1.76960582E+01  1.00934097E+00  1.48326376E+00
 -3.84190072E-01  1.00000000E+00  1.26934819E+00 -2.84332137E+00  3.09917467E-01  1.71777080E+01  1.00357950E+00  1.43770031E+00
 -3.60727478E-01  1.00000000E+00  1.25667358E+00 -2.78253613E+00  3.06447047E-01  1.66746179E+01  9.97949833E-01  1.39348161E+00
 -3.39965684E-01  1.00000000E+00  1.25275004E+00 -2.77184276E+00  3.03154058E-01  1.62449085E+01  1.00786463E+00  1.35440390E+00
 -3.19203889E-01  1.00000000E+00  1.24882650E+00 -2.76086788E+00  2.97346026E-01  1.58272180E+01  1.01776945E+00  1.31639543E+00
 -3.00831998E-01  1.00000000E+00  1.24843644E+00 -2.71717237E+00  2.87602346E-01  1.51897142E+01  1.02542497E+00  1.25904793E+00
 -2.82460107E-01  1.00000000E+00  1.24804639E+00 -2.67423385E+00  2.78426325E-01  1.45789616E+01  1.03308874E+00  1.20407759E+00
 -2.66203017E-01  1.00000000E+00  1.24656978E+00 -2.61280234E+00  2.70328720E-01  1.38891549E+01  1.03806016E+00  1.14231953E+00
 -2.49945927E-01  1.00000000E+00  1.24509317E+00 -2.55311484E+00  2.59220972E-01  1.32329551E+01  1.04311500E+00  1.08354134E+00
 -2.35560203E-01  1.00000000E+00  1.24521224E+00 -2.39206174E+00  2.42907442E-01  1.19708108E+01  1.03393994E+00  9.72166297E-01
 -2.21174479E-01  1.00000000E+00  1.24533130E+00 -2.24285725E+00  2.30319992E-01  1.08303410E+01  1.02582772E+00  8.71512296E-01
 -2.08421419E-01  1.00000000E+00  1.24767874E+00 -2.14538673E+00  2.17897484E-01  9.65983985E+00  1.04630567E+00  7.65647483E-01
 -1.95668358E-01  1.00000000E+00  1.25002617E+00 -2.05334212E+00  2.01797009E-01  8.62174244E+00  1.06705802E+00  6.71527504E-01
 -1.83439085E-01  1.00000000E+00  1.27473293E+00 -1.90608240E+00  1.78261286E-01  7.30854578E+00  1.09514106E+00  5.52302642E-01
 -1.71209813E-01  1.00000000E+00  1.29943969E+00 -1.77418193E+00  1.48256947E-01  6.20299997E+00  1.12540701E+00  4.51341596E-01
 -1.58980541E-01  1.00000000E+00  1.33716074E+00 -1.20857216E+00  1.11345993E-01  3.64830007E+00  1.09188415E+00  2.27236970E-01
 -1.46751268E-01  1.00000000E+00  1.37488178E+00 -8.43452933E-01  8.25867234E-02  2.14707889E+00  1.10470441E+00  9.26555089E-02
 -1.34521996E-01  1.00000000E+00  1.56378795E+00 -3.08640323E-01  2.15912323E-02  1.06915338E+00  1.10791910E+00 -3.44584222E-03
 -1.22292724E-01  1.00000000E+00  1.75269413E+00  1.71274588E-02  3.80286953E-02  5.61640464E-01  1.27281112E+00 -6.32151698E-02
 -1.10063451E-01  1.00000000E+00  1.93485419E+00  3.47023973E-01  4.91992483E-02  7.66447334E-01  1.26734892E+00 -4.45245856E-02
 -9.78341789E-02  1.00000000E+00  2.11701425E+00  7.75451551E-01  8.22587867E-02  1.14988478E+00  1.40417490E+00 -2.26035664E-02
 -8.56049065E-02  1.00000000E+00  2.40825097E+00  1.19157858E+00  1.15987441E-01  1.70702751E+00  1.52814340E+00  1.59008101E-02
 -7.33756342E-02  1.00000000E+00  2.69948770E+00  1.76200299E+00  1.35614800E-01  2.54024106E+00  1.77115118E+00  6.83635446E-02
 -6.11463618E-02  1.00000000E+00  2.77512294E+00  8.79334425E-01  2.06392593E-01  1.89863601E+00  1.14243946E+00  6.72174708E-02
 -4.89170895E-02  1.00000000E+00  2.85075819E+00  2.16237159E-01  2.46274246E-01  1.66082182E+00  8.69424222E-01  7.03464535E-02
 -3.66878171E-02  1.00000000E+00  4.08724191E+00  1.99216566E+00  4.41490401E-01  5.56743373E+00  1.24135252E+00  3.84540552E-01
 -2.44585447E-02  1.00000000E+00  5.32372564E+00  8.30022795E+00  1.04652400E+00  2.03317582E+01  3.69325467E+00  1.47897809E+00
 -1.22292724E-02  1.00000000E+00  2.59346827E+00  4.99077691E+00  2.43533117E-01  3.53620943E+00  1.01111506E+01 -5.84439215E-01
  0.00000000E+00  1.00000000E+00 -1.36789094E-01  1.09541368E+01  7.88937189E-01  1.36437482E+00  1.01864692E+02 -8.93336155E+00
