# model=oldroyd  theta_MLE: lambda=0.2609, beta=0.297067, eta_0=0.846579
# delta(x) = y_clean(x) - y_model(x; theta_MLE)   (x from curve4_x.txt)
# columns: x  delta
5.000000000000000000e+00 -2.626489599557579879e-04
4.950333040000000295e+00 -2.626698891117218437e-04
4.900666089999999642e+00 -2.626793328521781490e-04
4.850999129999999937e+00 -2.626852197906703879e-04
4.801332180000000172e+00 -2.626727996031252843e-04
4.751665219999999579e+00 -2.626693665224166807e-04
4.701998269999999813e+00 -2.626503379206113209e-04
4.652331310000000109e+00 -2.626313589750850497e-04
4.602664360000000343e+00 -2.626005057104752183e-04
4.552997399999999750e+00 -2.625658647921191857e-04
4.503330449999999985e+00 -2.625329615180138632e-04
4.453663490000000280e+00 -2.625009062022787276e-04
4.403996539999999627e+00 -2.624516360303363882e-04
4.354329579999999922e+00 -2.624137012341432040e-04
4.304662630000000156e+00 -2.623678472173374132e-04
4.254995669999999564e+00 -2.623106838193223211e-04
4.205328709999999859e+00 -2.622654309565319863e-04
4.155661760000000093e+00 -2.622046728291138606e-04
4.105994800000000389e+00 -2.621524927206575484e-04
4.056327849999999735e+00 -2.621025645743735311e-04
4.006660890000000030e+00 -2.620433036433222895e-04
3.956993939999999821e+00 -2.619987068381846029e-04
3.907326980000000116e+00 -2.619389687974482683e-04
3.857660029999999907e+00 -2.618964215272967522e-04
3.807993070000000202e+00 -2.618454938705383483e-04
3.758326119999999992e+00 -2.618029806087385225e-04
3.708659159999999844e+00 -2.617767408421567410e-04
3.658992210000000078e+00 -2.617504940038983818e-04
3.609325249999999929e+00 -2.617245744922502837e-04
3.559658300000000164e+00 -2.617168984246909247e-04
3.509991340000000015e+00 -2.617164059657284270e-04
3.460324389999999806e+00 -2.617281481045452551e-04
3.410657430000000101e+00 -2.617586536712845913e-04
3.360990469999999952e+00 -2.617882240465441157e-04
3.311323520000000187e+00 -2.618465924721924409e-04
3.261656560000000038e+00 -2.619200693034784422e-04
3.211989609999999828e+00 -2.620037469889258119e-04
3.162322650000000124e+00 -2.620953159957473133e-04
3.112655699999999914e+00 -2.622301175421171138e-04
3.062988740000000210e+00 -2.623606956482227304e-04
3.013321790000000000e+00 -2.625223776457907832e-04
2.963654829999999851e+00 -2.626833202490352903e-04
2.913987880000000086e+00 -2.628686939560864744e-04
2.864320919999999937e+00 -2.630703962036573529e-04
2.814653970000000172e+00 -2.632653404557316890e-04
2.764987010000000023e+00 -2.634694877428067628e-04
2.715320059999999813e+00 -2.636642301487857054e-04
2.665653100000000109e+00 -2.638529979053227947e-04
2.615986139999999960e+00 -2.640195127909805706e-04
2.566319190000000194e+00 -2.641671018688285244e-04
2.516652230000000046e+00 -2.642668298937778104e-04
2.466985279999999836e+00 -2.643099418577765647e-04
2.417318320000000131e+00 -2.642768693830177540e-04
2.367651369999999922e+00 -2.641276959616245534e-04
2.317984410000000217e+00 -2.638721267143040450e-04
2.268317460000000008e+00 -2.634710738942391828e-04
2.218650499999999859e+00 -2.628772599397866117e-04
2.168983550000000093e+00 -2.620673060171885282e-04
2.119316589999999945e+00 -2.609981175474285209e-04
2.069649640000000179e+00 -2.596274131545506236e-04
2.019982680000000030e+00 -2.579056614053776286e-04
1.970315730000000043e+00 -2.557582824731507998e-04
1.920648769999999894e+00 -2.531404902068601359e-04
1.870981809999999967e+00 -2.499868637539925942e-04
1.821314859999999980e+00 -2.462049526867904348e-04
1.771647900000000053e+00 -2.416994451326370807e-04
1.721980950000000066e+00 -2.364110707522293353e-04
1.672313989999999917e+00 -2.302698622913545989e-04
1.622647039999999929e+00 -2.231017562257520126e-04
1.572980080000000003e+00 -2.148460947435371082e-04
1.523313130000000015e+00 -2.053641819195206608e-04
1.473646170000000089e+00 -1.945316616924763764e-04
1.423979220000000101e+00 -1.822170784964161072e-04
1.374312259999999952e+00 -1.684069722955872095e-04
1.324645309999999965e+00 -1.527689254441355615e-04
1.274978350000000038e+00 -1.353539634709743922e-04
1.225311400000000051e+00 -1.160274454694576463e-04
1.175644439999999902e+00 -9.452139271459714109e-05
1.125977479999999975e+00 -7.085431661080221488e-05
1.076310529999999988e+00 -4.476333148417666052e-05
1.026643570000000061e+00 -1.648466973591666829e-05
9.769766189999999906e-01 1.485428591352366823e-05
9.273096640000000335e-01 4.798081716228530524e-05
8.776427079999999936e-01 8.439789159142563335e-05
8.279757530000000365e-01 1.240377267353043322e-04
7.786002389999999718e-01 1.660729587869003154e-04
7.317317880000000496e-01 2.093437647521234624e-04
6.876846269999999928e-01 2.515305014831881181e-04
6.462889219999999879e-01 2.945516947880921776e-04
6.073850619999999756e-01 3.369975088067800328e-04
5.708230460000000006e-01 3.785174621073750245e-04
5.364619149999999559e-01 4.193845159445874771e-04
5.041691750000000249e-01 4.609911102884112211e-04
4.738203240000000149e-01 5.009617633213725441e-04
4.452983460000000115e-01 5.397968577052214556e-04
4.184932690000000011e-01 5.789386027539311641e-04
3.933017460000000076e-01 6.171079855488148525e-04
3.696266380000000074e-01 6.537891970832543365e-04
3.473766770000000226e-01 6.893087372579209671e-04
3.264660690000000254e-01 7.254810706349701377e-04
3.068141939999999845e-01 7.595073641322169777e-04
2.883452770000000109e-01 7.918395000563460684e-04
2.709881089999999770e-01 8.237204232481865063e-04
2.546757709999999952e-01 8.549070330856611832e-04
2.393453670000000033e-01 8.832037528516689662e-04
2.249377889999999991e-01 9.118376533743255408e-04
2.113974849999999961e-01 9.391319944109799422e-04
1.986678209999999944e-01 9.636093696929748376e-04
1.862510820000000122e-01 9.881896548356028376e-04
1.738343440000000018e-01 1.012154041277968375e-03
1.614176049999999918e-01 1.036134722662618302e-03
1.490008660000000096e-01 1.058697764287241938e-03
1.365841269999999996e-01 1.079065109229615516e-03
1.241673880000000035e-01 1.098276908291229148e-03
1.117506489999999936e-01 1.112734520928526649e-03
9.933391060000000550e-02 1.122479515440977238e-03
8.691717179999999821e-02 1.122309909212582113e-03
7.450043300000000479e-02 1.116188186647493197e-03
6.208369419999999750e-02 1.090550088556518915e-03
4.966695530000000275e-02 1.033017274365777283e-03
3.725021650000000240e-02 9.504575976462259490e-04
2.483347769999999857e-02 7.747209275406063966e-04
1.241673880000000035e-02 4.232652127922342800e-04
0.000000000000000000e+00 0.000000000000000000e+00
