# curve 5 (die wall), step =      900, time =   3.60000000E+02
# N1 = tau_xx - tau_yy = G ( c_xx - c_yy ),  G =  2.0000E-02  (polymer part only)
#              x               y        pressure            c_xy        gammadot            c_xx            c_yy              N1
 -3.00000000E+00  1.00000000E+00  2.46833291E+00 -8.47245937E-01  4.03432604E-01  2.81448747E+00  6.69135509E-01  4.29070391E-02
 -2.97524677E+00  1.00000000E+00  2.44952188E+00 -8.47211682E-01  4.03434530E-01  2.81439254E+00  6.69135753E-01  4.29051357E-02
 -2.95049355E+00  1.00000000E+00  2.43071085E+00 -8.47177428E-01  4.03435865E-01  2.81429762E+00  6.69135997E-01  4.29032324E-02
 -2.92574032E+00  1.00000000E+00  2.41189680E+00 -8.47202383E-01  4.03436105E-01  2.81438564E+00  6.69132543E-01  4.29050619E-02
 -2.90098710E+00  1.00000000E+00  2.39308275E+00 -8.47227339E-01  4.03435458E-01  2.81447366E+00  6.69129090E-01  4.29068915E-02
 -2.87623387E+00  1.00000000E+00  2.37426690E+00 -8.47284348E-01  4.03434807E-01  2.81469814E+00  6.69116396E-01  4.29116349E-02
 -2.85148064E+00  1.00000000E+00  2.35545106E+00 -8.47341362E-01  4.03433899E-01  2.81492264E+00  6.69103705E-01  4.29163786E-02
 -2.82672742E+00  1.00000000E+00  2.33663728E+00 -8.47266834E-01  4.03434659E-01  2.81466825E+00  6.69112984E-01  4.29111053E-02
 -2.80197419E+00  1.00000000E+00  2.31782349E+00 -8.47192312E-01  4.03435042E-01  2.81441388E+00  6.69122267E-01  4.29058323E-02
 -2.77722097E+00  1.00000000E+00  2.29900877E+00 -8.47213389E-01  4.03435618E-01  2.81441314E+00  6.69132916E-01  4.29056045E-02
 -2.75246774E+00  1.00000000E+00  2.28019405E+00 -8.47234466E-01  4.03436055E-01  2.81441240E+00  6.69143564E-01  4.29053768E-02
 -2.72771451E+00  1.00000000E+00  2.26138049E+00 -8.47219798E-01  4.03435778E-01  2.81441187E+00  6.69136600E-01  4.29055053E-02
 -2.70296129E+00  1.00000000E+00  2.24256694E+00 -8.47205131E-01  4.03434882E-01  2.81441133E+00  6.69129637E-01  4.29056339E-02
 -2.67820806E+00  1.00000000E+00  2.22375247E+00 -8.47223555E-01  4.03434586E-01  2.81443031E+00  6.69135081E-01  4.29059046E-02
 -2.65345484E+00  1.00000000E+00  2.20493800E+00 -8.47241979E-01  4.03434660E-01  2.81444929E+00  6.69140526E-01  4.29061753E-02
 -2.62870161E+00  1.00000000E+00  2.18612389E+00 -8.47238141E-01  4.03434954E-01  2.81443004E+00  6.69142142E-01  4.29057579E-02
 -2.60394839E+00  1.00000000E+00  2.16730977E+00 -8.47234304E-01  4.03435316E-01  2.81441079E+00  6.69143759E-01  4.29053406E-02
 -2.57919516E+00  1.00000000E+00  2.14849593E+00 -8.47216550E-01  4.03435175E-01  2.81439069E+00  6.69138738E-01  4.29050391E-02
 -2.55444193E+00  1.00000000E+00  2.12968208E+00 -8.47198797E-01  4.03434698E-01  2.81437059E+00  6.69133717E-01  4.29047375E-02
 -2.52968871E+00  1.00000000E+00  2.11086639E+00 -8.47243719E-01  4.03434121E-01  2.81453671E+00  6.69126040E-01  4.29082134E-02
 -2.50493548E+00  1.00000000E+00  2.09205070E+00 -8.47288643E-01  4.03433003E-01  2.81470283E+00  6.69118363E-01  4.29116894E-02
 -2.48018226E+00  1.00000000E+00  2.07323688E+00 -8.47236297E-01  4.03433575E-01  2.81451653E+00  6.69125878E-01  4.29078131E-02
 -2.45542903E+00  1.00000000E+00  2.05442305E+00 -8.47183954E-01  4.03434156E-01  2.81433025E+00  6.69133395E-01  4.29039370E-02
 -2.43067580E+00  1.00000000E+00  2.03560927E+00 -8.47190449E-01  4.03434553E-01  2.81431686E+00  6.69139148E-01  4.29035542E-02
 -2.40592258E+00  1.00000000E+00  2.01679549E+00 -8.47196944E-01  4.03434900E-01  2.81430347E+00  6.69144901E-01  4.29031715E-02
 -2.38116935E+00  1.00000000E+00  1.99798136E+00 -8.47181926E-01  4.03434371E-01  2.81428554E+00  6.69140965E-01  4.29028914E-02
 -2.35641613E+00  1.00000000E+00  1.97916722E+00 -8.47166909E-01  4.03433138E-01  2.81426760E+00  6.69137029E-01  4.29026114E-02
 -2.33166290E+00  1.00000000E+00  1.96035261E+00 -8.47192457E-01  4.03432464E-01  2.81433768E+00  6.69136885E-01  4.29040160E-02
 -2.30690967E+00  1.00000000E+00  1.94153799E+00 -8.47218005E-01  4.03431603E-01  2.81440777E+00  6.69136741E-01  4.29054205E-02
 -2.28215645E+00  1.00000000E+00  1.92272394E+00 -8.47227642E-01  4.03431123E-01  2.81441469E+00  6.69140093E-01  4.29054919E-02
 -2.25740322E+00  1.00000000E+00  1.90390989E+00 -8.47237280E-01  4.03431035E-01  2.81442160E+00  6.69143444E-01  4.29055632E-02
 -2.23265000E+00  1.00000000E+00  1.88509471E+00 -8.47255065E-01  4.03430167E-01  2.81453295E+00  6.69132339E-01  4.29080122E-02
 -2.20789677E+00  1.00000000E+00  1.86627952E+00 -8.47272852E-01  4.03428546E-01  2.81464430E+00  6.69121234E-01  4.29104614E-02
 -2.18314354E+00  1.00000000E+00  1.84746575E+00 -8.47228094E-01  4.03428252E-01  2.81446181E+00  6.69132159E-01  4.29065931E-02
 -2.15839032E+00  1.00000000E+00  1.82865197E+00 -8.47183338E-01  4.03427860E-01  2.81427934E+00  6.69143085E-01  4.29027250E-02
 -2.13363709E+00  1.00000000E+00  1.80983904E+00 -8.47189036E-01  4.03427244E-01  2.81428134E+00  6.69145613E-01  4.29027146E-02
 -2.10888387E+00  1.00000000E+00  1.79102611E+00 -8.47194733E-01  4.03426540E-01  2.81428335E+00  6.69148140E-01  4.29027043E-02
 -2.08413064E+00  1.00000000E+00  1.77221155E+00 -8.47192905E-01  4.03425507E-01  2.81426775E+00  6.69150154E-01  4.29023520E-02
 -2.05937741E+00  1.00000000E+00  1.75339700E+00 -8.47191077E-01  4.03424258E-01  2.81425215E+00  6.69152167E-01  4.29019996E-02
 -2.03462419E+00  1.00000000E+00  1.73458347E+00 -8.47184070E-01  4.03422364E-01  2.81425863E+00  6.69147646E-01  4.29022198E-02
 -2.00987096E+00  1.00000000E+00  1.71576995E+00 -8.47177062E-01  4.03420050E-01  2.81426512E+00  6.69143124E-01  4.29024399E-02
 -1.98511774E+00  1.00000000E+00  1.69695620E+00 -8.47192926E-01  4.03418232E-01  2.81427627E+00  6.69149144E-01  4.29025424E-02
 -1.96036451E+00  1.00000000E+00  1.67814245E+00 -8.47208790E-01  4.03416445E-01  2.81428741E+00  6.69155164E-01  4.29026449E-02
 -1.93561128E+00  1.00000000E+00  1.65932965E+00 -8.47224444E-01  4.03413654E-01  2.81438390E+00  6.69145730E-01  4.29047633E-02
 -1.91085806E+00  1.00000000E+00  1.64051684E+00 -8.47240098E-01  4.03410507E-01  2.81448039E+00  6.69136297E-01  4.29068818E-02
 -1.88610483E+00  1.00000000E+00  1.62170299E+00 -8.47245210E-01  4.03407801E-01  2.81445414E+00  6.69143313E-01  4.29062165E-02
 -1.86135161E+00  1.00000000E+00  1.60288914E+00 -8.47250322E-01  4.03404667E-01  2.81442789E+00  6.69150328E-01  4.29055513E-02
 -1.83659838E+00  1.00000000E+00  1.58407845E+00 -8.47211027E-01  4.03402187E-01  2.81430193E+00  6.69154489E-01  4.29029487E-02
 -1.81184516E+00  1.00000000E+00  1.56526777E+00 -8.47171734E-01  4.03399470E-01  2.81417597E+00  6.69158651E-01  4.29003463E-02
 -1.78709193E+00  1.00000000E+00  1.54645623E+00 -8.47221938E-01  4.03393916E-01  2.81439115E+00  6.69144881E-01  4.29049254E-02
 -1.76233870E+00  1.00000000E+00  1.52764469E+00 -8.47272145E-01  4.03387074E-01  2.81460635E+00  6.69131112E-01  4.29095048E-02
 -1.73758548E+00  1.00000000E+00  1.50883360E+00 -8.47260619E-01  4.03382908E-01  2.81452012E+00  6.69141230E-01  4.29075777E-02
 -1.71283225E+00  1.00000000E+00  1.49002251E+00 -8.47249092E-01  4.03377995E-01  2.81443388E+00  6.69151348E-01  4.29056507E-02
 -1.68807903E+00  1.00000000E+00  1.47121381E+00 -8.47255536E-01  4.03372805E-01  2.81439310E+00  6.69162545E-01  4.29046112E-02
 -1.66332580E+00  1.00000000E+00  1.45240511E+00 -8.47261981E-01  4.03367134E-01  2.81435233E+00  6.69173743E-01  4.29035717E-02
 -1.63857257E+00  1.00000000E+00  1.43359947E+00 -8.47227280E-01  4.03359915E-01  2.81429066E+00  6.69168119E-01  4.29024508E-02
 -1.61381935E+00  1.00000000E+00  1.41479383E+00 -8.47192580E-01  4.03352222E-01  2.81422899E+00  6.69162495E-01  4.29013300E-02
 -1.58906612E+00  1.00000000E+00  1.39598777E+00 -8.47195341E-01  4.03344342E-01  2.81413823E+00  6.69181066E-01  4.28991433E-02
 -1.56431290E+00  1.00000000E+00  1.37718171E+00 -8.47198102E-01  4.03336359E-01  2.81404747E+00  6.69199638E-01  4.28969567E-02
 -1.53955967E+00  1.00000000E+00  1.35838204E+00 -8.47164821E-01  4.03327361E-01  2.81393717E+00  6.69203846E-01  4.28946665E-02
 -1.51480644E+00  1.00000000E+00  1.33958237E+00 -8.47131541E-01  4.03318210E-01  2.81382687E+00  6.69208056E-01  4.28923764E-02
 -1.49005322E+00  1.00000000E+00  1.32078433E+00 -8.47128468E-01  4.03307374E-01  2.81381630E+00  6.69209704E-01  4.28921320E-02
 -1.46529999E+00  1.00000000E+00  1.30198630E+00 -8.47125394E-01  4.03295408E-01  2.81380573E+00  6.69211352E-01  4.28918876E-02
 -1.44054677E+00  1.00000000E+00  1.28319137E+00 -8.47179650E-01  4.03282869E-01  2.81399979E+00  6.69204223E-01  4.28959113E-02
 -1.41579354E+00  1.00000000E+00  1.26439643E+00 -8.47233908E-01  4.03267829E-01  2.81419386E+00  6.69197096E-01  4.28999352E-02
 -1.39104031E+00  1.00000000E+00  1.24560995E+00 -8.47146542E-01  4.03255060E-01  2.81386633E+00  6.69213962E-01  4.28930473E-02
 -1.36628709E+00  1.00000000E+00  1.22682347E+00 -8.47059183E-01  4.03243153E-01  2.81353884E+00  6.69230835E-01  4.28861600E-02
 -1.34153386E+00  1.00000000E+00  1.20804410E+00 -8.47076304E-01  4.03229307E-01  2.81349769E+00  6.69247978E-01  4.28849942E-02
 -1.31678064E+00  1.00000000E+00  1.18926473E+00 -8.47093425E-01  4.03214172E-01  2.81345654E+00  6.69265122E-01  4.28838284E-02
 -1.29202741E+00  1.00000000E+00  1.17049497E+00 -8.47094084E-01  4.03197963E-01  2.81346015E+00  6.69266099E-01  4.28838810E-02
 -1.26727418E+00  1.00000000E+00  1.15172522E+00 -8.47094742E-01  4.03181348E-01  2.81346375E+00  6.69267076E-01  4.28839335E-02
 -1.24252096E+00  1.00000000E+00  1.13296593E+00 -8.47127015E-01  4.03167149E-01  2.81351546E+00  6.69275546E-01  4.28847983E-02
 -1.21776773E+00  1.00000000E+00  1.11420664E+00 -8.47159289E-01  4.03147444E-01  2.81356718E+00  6.69284016E-01  4.28856632E-02
 -1.19301451E+00  1.00000000E+00  1.09546033E+00 -8.47078256E-01  4.03131659E-01  2.81329117E+00  6.69294550E-01  4.28799324E-02
 -1.16826128E+00  1.00000000E+00  1.07671402E+00 -8.46997229E-01  4.03120724E-01  2.81301519E+00  6.69305088E-01  4.28742021E-02
 -1.14350806E+00  1.00000000E+00  1.05798810E+00 -8.47035460E-01  4.03107694E-01  2.81306778E+00  6.69316184E-01  4.28750320E-02
 -1.11875483E+00  1.00000000E+00  1.03926218E+00 -8.47073691E-01  4.03092937E-01  2.81312037E+00  6.69327280E-01  4.28758619E-02
 -1.09400160E+00  1.00000000E+00  1.02055673E+00 -8.47062946E-01  4.03087313E-01  2.81306483E+00  6.69331562E-01  4.28746653E-02
 -1.06924838E+00  1.00000000E+00  1.00185129E+00 -8.47052202E-01  4.03082106E-01  2.81300928E+00  6.69335845E-01  4.28734687E-02
 -1.04449515E+00  1.00000000E+00  9.83171599E-01 -8.47031974E-01  4.03077406E-01  2.81293199E+00  6.69340809E-01  4.28718237E-02
 -1.01974193E+00  1.00000000E+00  9.64491905E-01 -8.47011747E-01  4.03073317E-01  2.81285470E+00  6.69345773E-01  4.28701786E-02
 -9.94988700E-01  1.00000000E+00  9.45843555E-01 -8.47028578E-01  4.03082364E-01  2.81292567E+00  6.69341919E-01  4.28716750E-02
 -9.70235474E-01  1.00000000E+00  9.27195206E-01 -8.47045409E-01  4.03096763E-01  2.81299663E+00  6.69338065E-01  4.28731713E-02
 -9.45482248E-01  1.00000000E+00  9.08584661E-01 -8.47048037E-01  4.03124452E-01  2.81311543E+00  6.69312094E-01  4.28760667E-02
 -9.20729022E-01  1.00000000E+00  8.89974116E-01 -8.47050667E-01  4.03157720E-01  2.81323423E+00  6.69286125E-01  4.28789622E-02
 -8.95975796E-01  1.00000000E+00  8.71411374E-01 -8.47047736E-01  4.03204683E-01  2.81332993E+00  6.69265190E-01  4.28812948E-02
 -8.71222570E-01  1.00000000E+00  8.52848633E-01 -8.47044806E-01  4.03258360E-01  2.81342563E+00  6.69244255E-01  4.28836275E-02
 -8.46469344E-01  1.00000000E+00  8.34336787E-01 -8.47154091E-01  4.03349814E-01  2.81394858E+00  6.69199854E-01  4.28949746E-02
 -8.21716118E-01  1.00000000E+00  8.15824941E-01 -8.47263394E-01  4.03443862E-01  2.81447164E+00  6.69155466E-01  4.29063234E-02
 -7.97201467E-01  1.00000000E+00  7.97566989E-01 -8.47367939E-01  4.03589668E-01  2.81511630E+00  6.69079538E-01  4.29207351E-02
 -7.72686817E-01  1.00000000E+00  7.79309038E-01 -8.47472507E-01  4.03739319E-01  2.81576110E+00  6.69003632E-01  4.29351494E-02
 -7.49503432E-01  1.00000000E+00  7.62113312E-01 -8.47524464E-01  4.03928804E-01  2.81660268E+00  6.68852376E-01  4.29550061E-02
 -7.26320047E-01  1.00000000E+00  7.44917586E-01 -8.47576445E-01  4.04141605E-01  2.81744453E+00  6.68701164E-01  4.29748673E-02
 -7.04527831E-01  1.00000000E+00  7.28824942E-01 -8.47836742E-01  4.04396392E-01  2.81855679E+00  6.68624701E-01  4.29986418E-02
 -6.82735615E-01  1.00000000E+00  7.12732298E-01 -8.48097126E-01  4.04671239E-01  2.81966949E+00  6.68548298E-01  4.30224239E-02
 -6.62251087E-01  1.00000000E+00  6.97698210E-01 -8.48185566E-01  4.05010886E-01  2.82115962E+00  6.68276621E-01  4.30576600E-02
 -6.41766559E-01  1.00000000E+00  6.82664122E-01 -8.48274085E-01  4.05380893E-01  2.82265060E+00  6.68005083E-01  4.30929103E-02
 -6.22511254E-01  1.00000000E+00  6.68600672E-01 -8.48471096E-01  4.05785485E-01  2.82437966E+00  6.67753722E-01  4.31325187E-02
 -6.03255949E-01  1.00000000E+00  6.54537222E-01 -8.48668237E-01  4.06227781E-01  2.82610981E+00  6.67502519E-01  4.31721458E-02
 -5.85156097E-01  1.00000000E+00  6.41401985E-01 -8.49074389E-01  4.06732895E-01  2.82829829E+00  6.67282764E-01  4.32203105E-02
 -5.67056245E-01  1.00000000E+00  6.28266749E-01 -8.49480820E-01  4.07271420E-01  2.83048847E+00  6.67063241E-01  4.32685045E-02
 -5.50042515E-01  1.00000000E+00  6.16004599E-01 -8.49757750E-01  4.07899725E-01  2.83324432E+00  6.66638678E-01  4.33321129E-02
 -5.33028786E-01  1.00000000E+00  6.03742450E-01 -8.50034993E-01  4.08554445E-01  2.83600298E+00  6.66214531E-01  4.33957690E-02
 -5.17036006E-01  1.00000000E+00  5.92313987E-01 -8.50521526E-01  4.09280488E-01  2.83925924E+00  6.65822370E-01  4.34687373E-02
 -5.01043227E-01  1.00000000E+00  5.80885524E-01 -8.51008591E-01  4.10056505E-01  2.84251929E+00  6.65430720E-01  4.35417714E-02
 -4.86010125E-01  1.00000000E+00  5.70229917E-01 -8.51545814E-01  4.10896403E-01  2.84620334E+00  6.64971654E-01  4.36246338E-02
 -4.70977023E-01  1.00000000E+00  5.59574309E-01 -8.52083710E-01  4.11806581E-01  2.84989225E+00  6.64513264E-01  4.37075797E-02
 -4.56846016E-01  1.00000000E+00  5.49623448E-01 -8.52628945E-01  4.12771813E-01  2.85412076E+00  6.63950064E-01  4.38034140E-02
 -4.42715008E-01  1.00000000E+00  5.39672587E-01 -8.53175001E-01  4.13809856E-01  2.85835571E+00  6.63387756E-01  4.38993591E-02
 -4.29431964E-01  1.00000000E+00  5.30454733E-01 -8.53885862E-01  4.14957622E-01  2.86343117E+00  6.62750846E-01  4.40136064E-02
 -4.16148920E-01  1.00000000E+00  5.21236879E-01 -8.54597958E-01  4.16175537E-01  2.86851581E+00  6.62115189E-01  4.41280124E-02
 -4.03662954E-01  1.00000000E+00  5.12646597E-01 -8.55249977E-01  4.17388775E-01  2.87378455E+00  6.61404332E-01  4.42476044E-02
 -3.91176988E-01  1.00000000E+00  5.04056315E-01 -8.55903233E-01  4.18722624E-01  2.87906325E+00  6.60694856E-01  4.43673680E-02
 -3.79440270E-01  1.00000000E+00  4.96021043E-01 -8.56824223E-01  4.20161553E-01  2.88527956E+00  6.59956052E-01  4.45064702E-02
 -3.67703552E-01  1.00000000E+00  4.87985771E-01 -8.57747111E-01  4.21675740E-01  2.89150949E+00  6.59219079E-01  4.46458082E-02
 -3.56671122E-01  1.00000000E+00  4.80613616E-01 -8.58632992E-01  4.23276324E-01  2.89838277E+00  6.58327912E-01  4.48010971E-02
 -3.45638692E-01  1.00000000E+00  4.73241460E-01 -8.59521003E-01  4.24941987E-01  2.90527280E+00  6.57439025E-01  4.49566754E-02
 -3.35268287E-01  1.00000000E+00  4.66344770E-01 -8.60551781E-01  4.26632935E-01  2.91260280E+00  6.56553260E-01  4.51209909E-02
 -3.24897882E-01  1.00000000E+00  4.59448081E-01 -8.61585088E-01  4.28469494E-01  2.91995165E+00  6.55669996E-01  4.52856331E-02
 -3.15149775E-01  1.00000000E+00  4.53123814E-01 -8.62716041E-01  4.30418936E-01  2.92807108E+00  6.54696954E-01  4.54674825E-02
 -3.05401669E-01  1.00000000E+00  4.46799547E-01 -8.63850058E-01  4.32421574E-01  2.93621352E+00  6.53726923E-01  4.56497320E-02
 -2.96238520E-01  1.00000000E+00  4.40866455E-01 -8.64800942E-01  4.34454493E-01  2.94532892E+00  6.52447719E-01  4.58576240E-02
 -2.87075371E-01  1.00000000E+00  4.34933363E-01 -8.65755122E-01  4.36727583E-01  2.95447379E+00  6.51172542E-01  4.60660249E-02
 -2.78462077E-01  1.00000000E+00  4.29509583E-01 -8.67057690E-01  4.39050261E-01  2.96423337E+00  6.49988922E-01  4.62848890E-02
 -2.69848783E-01  1.00000000E+00  4.24085802E-01 -8.68364523E-01  4.41485779E-01  2.97402591E+00  6.48809612E-01  4.65043259E-02
 -2.61752348E-01  1.00000000E+00  4.19105084E-01 -8.69834652E-01  4.43944928E-01  2.98442557E+00  6.47626841E-01  4.67359747E-02
 -2.53655913E-01  1.00000000E+00  4.14124365E-01 -8.71309739E-01  4.46539559E-01  2.99486225E+00  6.46448748E-01  4.69682701E-02
 -2.46045323E-01  1.00000000E+00  4.09546387E-01 -8.72489196E-01  4.49245087E-01  3.00590248E+00  6.44973760E-01  4.72185744E-02
 -2.38434732E-01  1.00000000E+00  4.04968410E-01 -8.73673410E-01  4.52031580E-01  3.01698500E+00  6.43504341E-01  4.74696131E-02
 -2.31280830E-01  1.00000000E+00  4.00761935E-01 -8.75051352E-01  4.54912128E-01  3.02872352E+00  6.42040832E-01  4.77336537E-02
 -2.24126928E-01  1.00000000E+00  3.96555460E-01 -8.76434866E-01  4.57901739E-01  3.04050916E+00  6.40583300E-01  4.79985171E-02
 -2.17402314E-01  1.00000000E+00  3.92679610E-01 -8.78340376E-01  4.60997626E-01  3.05353206E+00  6.39208196E-01  4.82864773E-02
 -2.10677699E-01  1.00000000E+00  3.88803761E-01 -8.80253632E-01  4.64193273E-01  3.06661156E+00  6.37839991E-01  4.85754313E-02
 -2.04351753E-01  1.00000000E+00  3.85321453E-01 -8.81727470E-01  4.67550601E-01  3.08029224E+00  6.36109392E-01  4.88836570E-02
 -1.98025807E-01  1.00000000E+00  3.81839146E-01 -8.83208393E-01  4.70979044E-01  3.09403628E+00  6.34386730E-01  4.91929910E-02
 -1.91837501E-01  1.00000000E+00  3.78552715E-01 -8.85236104E-01  4.74714160E-01  3.10907191E+00  6.32765621E-01  4.95261258E-02
 -1.85649194E-01  1.00000000E+00  3.75266284E-01 -8.87273404E-01  4.78550302E-01  3.12418209E+00  6.31153358E-01  4.98605747E-02
 -1.79460888E-01  1.00000000E+00  3.72167610E-01 -8.88501529E-01  4.82793181E-01  3.14108174E+00  6.28750742E-01  5.02466199E-02
 -1.73272582E-01  1.00000000E+00  3.69068936E-01 -8.89738494E-01  4.87174145E-01  3.15807889E+00  6.26360674E-01  5.06343643E-02
 -1.67084275E-01  1.00000000E+00  3.66053653E-01 -8.92546626E-01  4.91994178E-01  3.17769897E+00  6.24438087E-01  5.10652177E-02
 -1.60895969E-01  1.00000000E+00  3.63038370E-01 -8.95371302E-01  4.97004105E-01  3.19744280E+00  6.22529563E-01  5.14982648E-02
 -1.54707662E-01  1.00000000E+00  3.60262889E-01 -8.97262986E-01  5.02680777E-01  3.21956466E+00  6.19683516E-01  5.19976228E-02
 -1.48519356E-01  1.00000000E+00  3.57487408E-01 -8.99170239E-01  5.08542092E-01  3.24184789E+00  6.16856835E-01  5.24998210E-02
 -1.42331049E-01  1.00000000E+00  3.55124073E-01 -9.02435062E-01  5.15178225E-01  3.26819851E+00  6.14140426E-01  5.30811618E-02
 -1.36142743E-01  1.00000000E+00  3.52760739E-01 -9.05726207E-01  5.22205556E-01  3.29476876E+00  6.11448223E-01  5.36664107E-02
 -1.29954436E-01  1.00000000E+00  3.50726399E-01 -9.08400279E-01  5.29742083E-01  3.32392975E+00  6.08027026E-01  5.43180544E-02
 -1.23766130E-01  1.00000000E+00  3.48692058E-01 -9.11100949E-01  5.37845261E-01  3.35336128E+00  6.04635914E-01  5.49745073E-02
 -1.17577823E-01  1.00000000E+00  3.46796171E-01 -9.14930898E-01  5.47166014E-01  3.38963680E+00  6.00805782E-01  5.57766204E-02
 -1.11389517E-01  1.00000000E+00  3.44900284E-01 -9.18804127E-01  5.56982835E-01  3.42631910E+00  5.97018584E-01  5.65860103E-02
 -1.05201210E-01  1.00000000E+00  3.43879511E-01 -9.22964946E-01  5.68453582E-01  3.46979722E+00  5.92397979E-01  5.75479848E-02
 -9.90129037E-02  1.00000000E+00  3.42858738E-01 -9.27182792E-01  5.80521767E-01  3.51385098E+00  5.87836587E-01  5.85202878E-02
 -9.28245972E-02  1.00000000E+00  3.42805885E-01 -9.29978377E-01  5.94626511E-01  3.56421556E+00  5.81674206E-01  5.96508271E-02
 -8.66362908E-02  1.00000000E+00  3.42753031E-01 -9.32831061E-01  6.09479705E-01  3.61535937E+00  5.75594642E-01  6.07952946E-02
 -8.04479843E-02  1.00000000E+00  3.43399912E-01 -9.40302307E-01  6.27629713E-01  3.68241021E+00  5.69830407E-01  6.22515960E-02
 -7.42596778E-02  1.00000000E+00  3.44046793E-01 -9.47910819E-01  6.47250907E-01  3.75074068E+00  5.64181467E-01  6.37311843E-02
 -6.80713713E-02  1.00000000E+00  3.46843751E-01 -9.49062835E-01  6.70694557E-01  3.83006330E+00  5.53979384E-01  6.55216783E-02
 -6.18830648E-02  1.00000000E+00  3.49640708E-01 -9.50301994E-01  6.96899565E-01  3.91127438E+00  5.43974141E-01  6.73460047E-02
 -5.56947583E-02  1.00000000E+00  3.54241532E-01 -9.63885514E-01  7.29350445E-01  4.03049407E+00  5.35656179E-01  6.98967579E-02
 -4.95064519E-02  1.00000000E+00  3.58842355E-01 -9.77865345E-01  7.67586693E-01  4.15343147E+00  5.27624714E-01  7.25161352E-02
 -4.33181454E-02  1.00000000E+00  3.82834280E-01 -9.94346782E-01  8.15482585E-01  4.35898885E+00  5.11977276E-01  7.69402314E-02
 -3.71298389E-02  1.00000000E+00  4.06826205E-01 -1.01167525E+00  8.74388020E-01  4.57519363E+00  4.97084611E-01  8.15621805E-02
 -3.09415324E-02  1.00000000E+00  3.65157381E-01 -9.54080318E-01  9.65579076E-01  4.54518985E+00  4.75660049E-01  8.13905961E-02
 -2.47532259E-02  1.00000000E+00  3.23488558E-01 -8.97301750E-01  1.04728600E+00  4.51779046E+00  4.55481846E-01  8.12461722E-02
 -1.85649194E-02  1.00000000E+00  7.77073347E-01 -1.20420685E+00  1.19432578E+00  5.84449552E+00  4.68178157E-01  1.07526347E-01
 -1.23766130E-02  1.00000000E+00  1.23065814E+00 -1.59639382E+00  1.59260689E+00  7.56570493E+00  5.11393413E-01  1.41086230E-01
 -6.18830648E-03  1.00000000E+00 -3.72722611E-01  4.43022857E-01  2.50759082E+00  6.83128758E+00  2.22473477E-01  1.32176282E-01
  0.00000000E+00  1.00000000E+00 -1.97610336E+00  2.94388772E+00  4.50070331E+00  9.33309697E+00  1.07069766E+00  1.65247986E-01
