# curve 5 (die wall), step =      400, time =   1.60000000E+02
# N1 = tau_xx - tau_yy = G ( c_xx - c_yy ),  G =  1.0000E-01  (polymer part only)
#              x               y        pressure            c_xy        gammadot            c_xx            c_yy              N1
 -3.00000000E+00  1.00000000E+00  2.13817036E+00 -1.62005014E+00  4.41195400E-01  7.46113485E+00  7.86406458E-01  6.67472840E-01
 -2.97524677E+00  1.00000000E+00  2.12357475E+00 -1.62000466E+00  4.41218566E-01  7.46070053E+00  7.86419379E-01  6.67428115E-01
 -2.95049355E+00  1.00000000E+00  2.10897914E+00 -1.61995918E+00  4.41236030E-01  7.46026623E+00  7.86432301E-01  6.67383393E-01
 -2.92574032E+00  1.00000000E+00  2.09441943E+00 -1.62013132E+00  4.41230789E-01  7.46078777E+00  7.86478299E-01  6.67430947E-01
 -2.90098710E+00  1.00000000E+00  2.07985972E+00 -1.62030347E+00  4.41201636E-01  7.46130934E+00  7.86524302E-01  6.67478503E-01
 -2.87623387E+00  1.00000000E+00  2.06531290E+00 -1.62046398E+00  4.41170906E-01  7.46303630E+00  7.86492140E-01  6.67654416E-01
 -2.85148064E+00  1.00000000E+00  2.05076607E+00 -1.62062452E+00  4.41123128E-01  7.46476368E+00  7.86459981E-01  6.67830370E-01
 -2.82672742E+00  1.00000000E+00  2.03615438E+00 -1.62013342E+00  4.41150748E-01  7.46295602E+00  7.86364103E-01  6.67659192E-01
 -2.80197419E+00  1.00000000E+00  2.02154269E+00 -1.61964246E+00  4.41187166E-01  7.46114882E+00  7.86268262E-01  6.67488055E-01
 -2.77722097E+00  1.00000000E+00  2.00694598E+00 -1.61988393E+00  4.41209513E-01  7.46098600E+00  7.86360236E-01  6.67462576E-01
 -2.75246774E+00  1.00000000E+00  1.99234927E+00 -1.62012540E+00  4.41222796E-01  7.46082323E+00  7.86452225E-01  6.67437101E-01
 -2.72771451E+00  1.00000000E+00  1.97783749E+00 -1.62018167E+00  4.41212068E-01  7.46093837E+00  7.86488582E-01  6.67444978E-01
 -2.70296129E+00  1.00000000E+00  1.96332570E+00 -1.62023793E+00  4.41180585E-01  7.46105351E+00  7.86524940E-01  6.67452857E-01
 -2.67820806E+00  1.00000000E+00  1.94871576E+00 -1.62006716E+00  4.41169977E-01  7.46086248E+00  7.86448526E-01  6.67441396E-01
 -2.65345484E+00  1.00000000E+00  1.93410582E+00 -1.61989639E+00  4.41183625E-01  7.46067148E+00  7.86372120E-01  6.67429936E-01
 -2.62870161E+00  1.00000000E+00  1.91954069E+00 -1.62000773E+00  4.41194863E-01  7.46053339E+00  7.86423685E-01  6.67410971E-01
 -2.60394839E+00  1.00000000E+00  1.90497556E+00 -1.62011906E+00  4.41195995E-01  7.46039532E+00  7.86475253E-01  6.67392007E-01
 -2.57919516E+00  1.00000000E+00  1.89042525E+00 -1.62013022E+00  4.41201166E-01  7.46040865E+00  7.86495399E-01  6.67391325E-01
 -2.55444193E+00  1.00000000E+00  1.87587493E+00 -1.62014137E+00  4.41185983E-01  7.46042198E+00  7.86515546E-01  6.67390644E-01
 -2.52968871E+00  1.00000000E+00  1.86131186E+00 -1.62030298E+00  4.41157172E-01  7.46152731E+00  7.86525088E-01  6.67500222E-01
 -2.50493548E+00  1.00000000E+00  1.84674879E+00 -1.62046460E+00  4.41115261E-01  7.46263280E+00  7.86534633E-01  6.67609816E-01
 -2.48018226E+00  1.00000000E+00  1.83211489E+00 -1.62006877E+00  4.41156165E-01  7.46137270E+00  7.86430582E-01  6.67494212E-01
 -2.45542903E+00  1.00000000E+00  1.81748099E+00 -1.61967301E+00  4.41202345E-01  7.46011282E+00  7.86326556E-01  6.67378627E-01
 -2.43067580E+00  1.00000000E+00  1.80291701E+00 -1.61985228E+00  4.41232152E-01  7.46019638E+00  7.86384477E-01  6.67381190E-01
 -2.40592258E+00  1.00000000E+00  1.78835303E+00 -1.62003156E+00  4.41253016E-01  7.46027995E+00  7.86442406E-01  6.67383754E-01
 -2.38116935E+00  1.00000000E+00  1.77382362E+00 -1.62009486E+00  4.41238614E-01  7.46027852E+00  7.86491337E-01  6.67378719E-01
 -2.35641613E+00  1.00000000E+00  1.75929420E+00 -1.62015816E+00  4.41203328E-01  7.46027710E+00  7.86540270E-01  6.67373683E-01
 -2.33166290E+00  1.00000000E+00  1.74469547E+00 -1.62005537E+00  4.41194200E-01  7.46061990E+00  7.86467461E-01  6.67415244E-01
 -2.30690967E+00  1.00000000E+00  1.73009673E+00 -1.61995257E+00  4.41198326E-01  7.46096272E+00  7.86394658E-01  6.67456806E-01
 -2.28215645E+00  1.00000000E+00  1.71550657E+00 -1.61999647E+00  4.41211213E-01  7.46097632E+00  7.86398628E-01  6.67457770E-01
 -2.25740322E+00  1.00000000E+00  1.70091640E+00 -1.62004037E+00  4.41224635E-01  7.46098993E+00  7.86402600E-01  6.67458733E-01
 -2.23265000E+00  1.00000000E+00  1.68637714E+00 -1.62035063E+00  4.41206295E-01  7.46200494E+00  7.86494186E-01  6.67551076E-01
 -2.20789677E+00  1.00000000E+00  1.67183787E+00 -1.62066094E+00  4.41151437E-01  7.46302010E+00  7.86585789E-01  6.67643431E-01
 -2.18314354E+00  1.00000000E+00  1.65723173E+00 -1.62026169E+00  4.41155425E-01  7.46156304E+00  7.86497920E-01  6.67506512E-01
 -2.15839032E+00  1.00000000E+00  1.64262558E+00 -1.61986252E+00  4.41179207E-01  7.46010627E+00  7.86410076E-01  6.67369619E-01
 -2.13363709E+00  1.00000000E+00  1.62806395E+00 -1.61989158E+00  4.41204188E-01  7.46010538E+00  7.86412550E-01  6.67369283E-01
 -2.10888387E+00  1.00000000E+00  1.61350231E+00 -1.61992064E+00  4.41228985E-01  7.46010450E+00  7.86415025E-01  6.67368947E-01
 -2.08413064E+00  1.00000000E+00  1.59890306E+00 -1.61998157E+00  4.41245650E-01  7.46010041E+00  7.86437986E-01  6.67366242E-01
 -2.05937741E+00  1.00000000E+00  1.58430382E+00 -1.62004249E+00  4.41245387E-01  7.46009632E+00  7.86460947E-01  6.67363538E-01
 -2.03462419E+00  1.00000000E+00  1.56975432E+00 -1.61999966E+00  4.41232401E-01  7.46028924E+00  7.86444143E-01  6.67384510E-01
 -2.00987096E+00  1.00000000E+00  1.55520483E+00 -1.61995682E+00  4.41215792E-01  7.46048216E+00  7.86427339E-01  6.67405482E-01
 -1.98511774E+00  1.00000000E+00  1.54059150E+00 -1.61998657E+00  4.41213086E-01  7.46034216E+00  7.86439447E-01  6.67390271E-01
 -1.96036451E+00  1.00000000E+00  1.52597818E+00 -1.62001632E+00  4.41210065E-01  7.46020215E+00  7.86451555E-01  6.67375060E-01
 -1.93561128E+00  1.00000000E+00  1.51146862E+00 -1.62028527E+00  4.41179187E-01  7.46100532E+00  7.86536104E-01  6.67446921E-01
 -1.91085806E+00  1.00000000E+00  1.49695906E+00 -1.62055425E+00  4.41126896E-01  7.46180857E+00  7.86620666E-01  6.67518790E-01
 -1.88610483E+00  1.00000000E+00  1.48229829E+00 -1.62014007E+00  4.41112458E-01  7.46130956E+00  7.86454433E-01  6.67485513E-01
 -1.86135161E+00  1.00000000E+00  1.46763752E+00 -1.61972594E+00  4.41118557E-01  7.46081065E+00  7.86288240E-01  6.67452241E-01
 -1.83659838E+00  1.00000000E+00  1.45307830E+00 -1.61997652E+00  4.41144345E-01  7.46003034E+00  7.86455960E-01  6.67357438E-01
 -1.81184516E+00  1.00000000E+00  1.43851908E+00 -1.62022708E+00  4.41139454E-01  7.45925020E+00  7.86623709E-01  6.67262649E-01
 -1.78709193E+00  1.00000000E+00  1.42401228E+00 -1.62034570E+00  4.41074778E-01  7.46073395E+00  7.86603886E-01  6.67413007E-01
 -1.76233870E+00  1.00000000E+00  1.40950547E+00 -1.62046434E+00  4.40992974E-01  7.46221801E+00  7.86584061E-01  6.67563395E-01
 -1.73758548E+00  1.00000000E+00  1.39482680E+00 -1.62016404E+00  4.40996291E-01  7.46129925E+00  7.86500082E-01  6.67479917E-01
 -1.71283225E+00  1.00000000E+00  1.38014812E+00 -1.61986378E+00  4.40995596E-01  7.46038061E+00  7.86416118E-01  6.67396449E-01
 -1.68807903E+00  1.00000000E+00  1.36554498E+00 -1.61992372E+00  4.40971322E-01  7.45956988E+00  7.86482567E-01  6.67308731E-01
 -1.66332580E+00  1.00000000E+00  1.35094183E+00 -1.61998366E+00  4.40954030E-01  7.45875927E+00  7.86549020E-01  6.67221025E-01
 -1.63857257E+00  1.00000000E+00  1.33640514E+00 -1.61990979E+00  4.40949475E-01  7.45850929E+00  7.86547356E-01  6.67196194E-01
 -1.61381935E+00  1.00000000E+00  1.32186844E+00 -1.61983592E+00  4.40911884E-01  7.45825933E+00  7.86545694E-01  6.67171364E-01
 -1.58906612E+00  1.00000000E+00  1.30721209E+00 -1.61963746E+00  4.40861106E-01  7.45693414E+00  7.86529606E-01  6.67040454E-01
 -1.56431290E+00  1.00000000E+00  1.29255574E+00 -1.61943904E+00  4.40832631E-01  7.45560919E+00  7.86513521E-01  6.66909567E-01
 -1.53955967E+00  1.00000000E+00  1.27803667E+00 -1.61943302E+00  4.40792857E-01  7.45442760E+00  7.86593132E-01  6.66783447E-01
 -1.51480644E+00  1.00000000E+00  1.26351761E+00 -1.61942699E+00  4.40742880E-01  7.45324623E+00  7.86672747E-01  6.66657348E-01
 -1.49005322E+00  1.00000000E+00  1.24895617E+00 -1.61946801E+00  4.40669897E-01  7.45239491E+00  7.86771225E-01  6.66562369E-01
 -1.46529999E+00  1.00000000E+00  1.23439473E+00 -1.61950902E+00  4.40554478E-01  7.45154372E+00  7.86869713E-01  6.66467401E-01
 -1.44054677E+00  1.00000000E+00  1.21980805E+00 -1.61959723E+00  4.40428642E-01  7.45188813E+00  7.86913162E-01  6.66497496E-01
 -1.41579354E+00  1.00000000E+00  1.20522138E+00 -1.61968544E+00  4.40266180E-01  7.45223255E+00  7.86956614E-01  6.66527594E-01
 -1.39104031E+00  1.00000000E+00  1.19060803E+00 -1.61896580E+00  4.40180029E-01  7.44849449E+00  7.86884431E-01  6.66161006E-01
 -1.36628709E+00  1.00000000E+00  1.17599468E+00 -1.61824649E+00  4.40120448E-01  7.44475830E+00  7.86812314E-01  6.65794598E-01
 -1.34153386E+00  1.00000000E+00  1.16141412E+00 -1.61827446E+00  4.40019850E-01  7.44276803E+00  7.86937388E-01  6.65583064E-01
 -1.31678064E+00  1.00000000E+00  1.14683355E+00 -1.61830240E+00  4.39901060E-01  7.44077838E+00  7.87062470E-01  6.65371591E-01
 -1.29202741E+00  1.00000000E+00  1.13233242E+00 -1.61815536E+00  4.39740337E-01  7.43906939E+00  7.87131223E-01  6.65193816E-01
 -1.26727418E+00  1.00000000E+00  1.11783128E+00 -1.61800834E+00  4.39554248E-01  7.43736080E+00  7.87199987E-01  6.65016082E-01
 -1.24252096E+00  1.00000000E+00  1.10332226E+00 -1.61799133E+00  4.39364354E-01  7.43551073E+00  7.87331004E-01  6.64817973E-01
 -1.21776773E+00  1.00000000E+00  1.08881324E+00 -1.61797433E+00  4.39139567E-01  7.43366119E+00  7.87462038E-01  6.64619915E-01
 -1.19301451E+00  1.00000000E+00  1.07425406E+00 -1.61714689E+00  4.38941074E-01  7.42849946E+00  7.87450917E-01  6.64104854E-01
 -1.16826128E+00  1.00000000E+00  1.05969489E+00 -1.61631994E+00  4.38764532E-01  7.42334132E+00  7.87439890E-01  6.63590143E-01
 -1.14350806E+00  1.00000000E+00  1.04524232E+00 -1.61615550E+00  4.38523517E-01  7.42027415E+00  7.87570541E-01  6.63270361E-01
 -1.11875483E+00  1.00000000E+00  1.03078976E+00 -1.61599109E+00  4.38261428E-01  7.41720834E+00  7.87701209E-01  6.62950713E-01
 -1.09400160E+00  1.00000000E+00  1.01633517E+00 -1.61556808E+00  4.37991205E-01  7.41273787E+00  7.87820648E-01  6.62491722E-01
 -1.06924838E+00  1.00000000E+00  1.00188058E+00 -1.61514525E+00  4.37718548E-01  7.40827019E+00  7.87940126E-01  6.62033006E-01
 -1.04449515E+00  1.00000000E+00  9.87521504E-01 -1.61466847E+00  4.37401104E-01  7.40277063E+00  7.88113016E-01  6.61465762E-01
 -1.01974193E+00  1.00000000E+00  9.73162428E-01 -1.61419193E+00  4.37059928E-01  7.39727534E+00  7.88285969E-01  6.60898937E-01
 -9.94988700E-01  1.00000000E+00  9.58868963E-01 -1.61351240E+00  4.36668639E-01  7.39140595E+00  7.88411102E-01  6.60299485E-01
 -9.70235474E-01  1.00000000E+00  9.44575499E-01 -1.61283328E+00  4.36284281E-01  7.38554132E+00  7.88536329E-01  6.59700499E-01
 -9.45482248E-01  1.00000000E+00  9.30292344E-01 -1.61223838E+00  4.35876216E-01  7.37915263E+00  7.88710703E-01  6.59044193E-01
 -9.20729022E-01  1.00000000E+00  9.16009189E-01 -1.61164382E+00  4.35466099E-01  7.37276970E+00  7.88885156E-01  6.58388454E-01
 -8.95975796E-01  1.00000000E+00  9.01932613E-01 -1.61085523E+00  4.35006579E-01  7.36440192E+00  7.89121319E-01  6.57528060E-01
 -8.71222570E-01  1.00000000E+00  8.87856038E-01 -1.61006727E+00  4.34533182E-01  7.35604401E+00  7.89357631E-01  6.56668637E-01
 -8.46469344E-01  1.00000000E+00  8.73885516E-01 -1.60945842E+00  4.33979842E-01  7.34868761E+00  7.89632970E-01  6.55905464E-01
 -8.21716118E-01  1.00000000E+00  8.59914993E-01 -1.60885000E+00  4.33398968E-01  7.34133892E+00  7.89908462E-01  6.55143046E-01
 -7.97201467E-01  1.00000000E+00  8.46181428E-01 -1.60805260E+00  4.32915032E-01  7.33320717E+00  7.90114620E-01  6.54309255E-01
 -7.72686817E-01  1.00000000E+00  8.32447863E-01 -1.60725581E+00  4.32409000E-01  7.32508475E+00  7.90320907E-01  6.53476384E-01
 -7.49503432E-01  1.00000000E+00  8.19718371E-01 -1.60659635E+00  4.31878828E-01  7.31727797E+00  7.90586444E-01  6.52669153E-01
 -7.26320047E-01  1.00000000E+00  8.06988879E-01 -1.60593738E+00  4.31344778E-01  7.30947990E+00  7.90852122E-01  6.51862778E-01
 -7.04527831E-01  1.00000000E+00  7.95235289E-01 -1.60501339E+00  4.30778781E-01  7.30093901E+00  7.91071773E-01  6.50986724E-01
 -6.82735615E-01  1.00000000E+00  7.83481699E-01 -1.60409022E+00  4.30252907E-01  7.29240838E+00  7.91291626E-01  6.50111676E-01
 -6.62251087E-01  1.00000000E+00  7.72505345E-01 -1.60314889E+00  4.29884071E-01  7.28596335E+00  7.91300343E-01  6.49466301E-01
 -6.41766559E-01  1.00000000E+00  7.61528991E-01 -1.60220824E+00  4.29521177E-01  7.27952406E+00  7.91309168E-01  6.48821489E-01
 -6.22511254E-01  1.00000000E+00  7.51573338E-01 -1.60151267E+00  4.29106140E-01  7.27279059E+00  7.91479044E-01  6.48131154E-01
 -6.03255949E-01  1.00000000E+00  7.41617685E-01 -1.60081757E+00  4.28716247E-01  7.26606354E+00  7.91649024E-01  6.47441452E-01
 -5.85156097E-01  1.00000000E+00  7.32487532E-01 -1.60016339E+00  4.28343600E-01  7.25952702E+00  7.91815246E-01  6.46771177E-01
 -5.67056245E-01  1.00000000E+00  7.23357380E-01 -1.59950963E+00  4.28012872E-01  7.25299658E+00  7.91981557E-01  6.46101502E-01
 -5.50042515E-01  1.00000000E+00  7.14944607E-01 -1.59910826E+00  4.27820159E-01  7.24979266E+00  7.92014492E-01  6.45777817E-01
 -5.33028786E-01  1.00000000E+00  7.06531835E-01 -1.59870703E+00  4.27593144E-01  7.24659019E+00  7.92047447E-01  6.45454274E-01
 -5.17036006E-01  1.00000000E+00  6.99041413E-01 -1.59911037E+00  4.27365450E-01  7.24462648E+00  7.92419023E-01  6.45220746E-01
 -5.01043227E-01  1.00000000E+00  6.91550990E-01 -1.59951368E+00  4.27118848E-01  7.24266364E+00  7.92790739E-01  6.44987290E-01
 -4.86010125E-01  1.00000000E+00  6.84563081E-01 -1.59872405E+00  4.26987604E-01  7.24020862E+00  7.92586887E-01  6.44762173E-01
 -4.70977023E-01  1.00000000E+00  6.77575172E-01 -1.59793473E+00  4.27025412E-01  7.23775447E+00  7.92383139E-01  6.44537134E-01
 -4.56846016E-01  1.00000000E+00  6.71477837E-01 -1.59835317E+00  4.27008695E-01  7.23925352E+00  7.92449473E-01  6.44680405E-01
 -4.42715008E-01  1.00000000E+00  6.65380503E-01 -1.59877169E+00  4.27104653E-01  7.24075288E+00  7.92515837E-01  6.44823705E-01
 -4.29431964E-01  1.00000000E+00  6.59835852E-01 -1.59933888E+00  4.27357384E-01  7.24526295E+00  7.92467785E-01  6.45279517E-01
 -4.16148920E-01  1.00000000E+00  6.54291200E-01 -1.59990634E+00  4.27631805E-01  7.24977589E+00  7.92419775E-01  6.45735611E-01
 -4.03662954E-01  1.00000000E+00  6.49394510E-01 -1.59975498E+00  4.27777849E-01  7.25324877E+00  7.92108360E-01  6.46114041E-01
 -3.91176988E-01  1.00000000E+00  6.44497820E-01 -1.59960351E+00  4.28142052E-01  7.25672369E+00  7.91797026E-01  6.46492667E-01
 -3.79440270E-01  1.00000000E+00  6.40167593E-01 -1.60076778E+00  4.28584864E-01  7.26401778E+00  7.91775552E-01  6.47224223E-01
 -3.67703552E-01  1.00000000E+00  6.35837366E-01 -1.60193306E+00  4.29110509E-01  7.27131922E+00  7.91754292E-01  6.47956493E-01
 -3.56671122E-01  1.00000000E+00  6.32149686E-01 -1.60301048E+00  4.29831467E-01  7.28172465E+00  7.91476973E-01  6.49024768E-01
 -3.45638692E-01  1.00000000E+00  6.28462007E-01 -1.60408904E+00  4.30490843E-01  7.29214543E+00  7.91199930E-01  6.50094550E-01
 -3.35268287E-01  1.00000000E+00  6.25305610E-01 -1.60494870E+00  4.30939579E-01  7.30180829E+00  7.90932527E-01  6.51087576E-01
 -3.24897882E-01  1.00000000E+00  6.22149214E-01 -1.60580909E+00  4.31663943E-01  7.31148452E+00  7.90665276E-01  6.52081924E-01
 -3.15149775E-01  1.00000000E+00  6.19464941E-01 -1.60747886E+00  4.32554449E-01  7.32576496E+00  7.90424230E-01  6.53534073E-01
 -3.05401669E-01  1.00000000E+00  6.16780668E-01 -1.60915110E+00  4.33477538E-01  7.34007394E+00  7.90183627E-01  6.54989031E-01
 -2.96238520E-01  1.00000000E+00  6.14545867E-01 -1.61003424E+00  4.34362055E-01  7.35680947E+00  7.89363630E-01  6.56744584E-01
 -2.87075371E-01  1.00000000E+00  6.12311067E-01 -1.61091844E+00  4.35555262E-01  7.37358615E+00  7.88544431E-01  6.58504172E-01
 -2.78462077E-01  1.00000000E+00  6.10647890E-01 -1.61315218E+00  4.36935686E-01  7.39318345E+00  7.88119636E-01  6.60506382E-01
 -2.69848783E-01  1.00000000E+00  6.08984712E-01 -1.61539052E+00  4.38335363E-01  7.41283405E+00  7.87695864E-01  6.62513819E-01
 -2.61752348E-01  1.00000000E+00  6.07856940E-01 -1.61797941E+00  4.39529519E-01  7.43397618E+00  7.87403153E-01  6.64657303E-01
 -2.53655913E-01  1.00000000E+00  6.06729168E-01 -1.62057401E+00  4.40892701E-01  7.45517974E+00  7.87111446E-01  6.66806829E-01
 -2.46045323E-01  1.00000000E+00  6.05904489E-01 -1.62196018E+00  4.42466935E-01  7.47829267E+00  7.86097881E-01  6.69219479E-01
 -2.38434732E-01  1.00000000E+00  6.05079810E-01 -1.62334874E+00  4.44055088E-01  7.50148224E+00  7.85085625E-01  6.71639662E-01
 -2.31280830E-01  1.00000000E+00  6.04784748E-01 -1.62574034E+00  4.45561569E-01  7.52549850E+00  7.84517815E-01  6.74098069E-01
 -2.24126928E-01  1.00000000E+00  6.04489686E-01 -1.62813737E+00  4.47193879E-01  7.54959422E+00  7.83951108E-01  6.76564312E-01
 -2.17402314E-01  1.00000000E+00  6.04628937E-01 -1.63161491E+00  4.48810002E-01  7.57640008E+00  7.83645721E-01  6.79275436E-01
 -2.10677699E-01  1.00000000E+00  6.04768189E-01 -1.63510235E+00  4.50494495E-01  7.60330243E+00  7.83342167E-01  6.81996027E-01
 -2.04351753E-01  1.00000000E+00  6.05282550E-01 -1.63778121E+00  4.52450889E-01  7.63376431E+00  7.82421495E-01  6.85134281E-01
 -1.98025807E-01  1.00000000E+00  6.05796911E-01 -1.64046746E+00  4.54416206E-01  7.66435330E+00  7.81502800E-01  6.88285051E-01
 -1.91837501E-01  1.00000000E+00  6.06751081E-01 -1.64390121E+00  4.56504257E-01  7.69749144E+00  7.80823311E-01  6.91666813E-01
 -1.85649194E-01  1.00000000E+00  6.07705251E-01 -1.64734566E+00  4.58655826E-01  7.73077710E+00  7.80145830E-01  6.95063127E-01
 -1.79460888E-01  1.00000000E+00  6.09058917E-01 -1.64975130E+00  4.61211541E-01  7.77042431E+00  7.78512542E-01  6.99191177E-01
 -1.73272582E-01  1.00000000E+00  6.10412583E-01 -1.65216379E+00  4.63859621E-01  7.81028839E+00  7.76882741E-01  7.03340565E-01
 -1.67084275E-01  1.00000000E+00  6.12680564E-01 -1.65749964E+00  4.66468245E-01  7.85207250E+00  7.76476339E-01  7.07559617E-01
 -1.60895969E-01  1.00000000E+00  6.14948545E-01 -1.66285823E+00  4.69214789E-01  7.89408322E+00  7.76073870E-01  7.11800935E-01
 -1.54707662E-01  1.00000000E+00  6.17695203E-01 -1.66652028E+00  4.72588561E-01  7.94548993E+00  7.74259584E-01  7.17123035E-01
 -1.48519356E-01  1.00000000E+00  6.20441861E-01 -1.67019698E+00  4.75960231E-01  7.99724969E+00  7.72450562E-01  7.22479913E-01
 -1.42331049E-01  1.00000000E+00  6.24459786E-01 -1.67816004E+00  4.79777385E-01  8.05782684E+00  7.72037561E-01  7.28578927E-01
 -1.36142743E-01  1.00000000E+00  6.28477710E-01 -1.68617184E+00  4.83654238E-01  8.11886792E+00  7.71632758E-01  7.34723516E-01
 -1.29954436E-01  1.00000000E+00  6.33415898E-01 -1.69023062E+00  4.87207114E-01  8.17855929E+00  7.69651389E-01  7.40890790E-01
 -1.23766130E-01  1.00000000E+00  6.38354087E-01 -1.69430614E+00  4.91399042E-01  8.23871456E+00  7.67675642E-01  7.47103892E-01
 -1.17577823E-01  1.00000000E+00  6.44942849E-01 -1.70197177E+00  4.95925580E-01  8.31184754E+00  7.66381344E-01  7.54546619E-01
 -1.11389517E-01  1.00000000E+00  6.51531612E-01 -1.70968779E+00  5.00783553E-01  8.38564587E+00  7.65096410E-01  7.62054946E-01
 -1.05201210E-01  1.00000000E+00  6.60230387E-01 -1.71850959E+00  5.07022775E-01  8.47845384E+00  7.63094719E-01  7.71535912E-01
 -9.90129037E-02  1.00000000E+00  6.68929162E-01 -1.72740103E+00  5.13154092E-01  8.57232078E+00  7.61107480E-01  7.81121330E-01
 -9.28245972E-02  1.00000000E+00  6.80056740E-01 -1.73469570E+00  5.20002533E-01  8.67107936E+00  7.58246546E-01  7.91283282E-01
 -8.66362908E-02  1.00000000E+00  6.91184318E-01 -1.74204204E+00  5.26465330E-01  8.77103004E+00  7.55400323E-01  8.01562972E-01
 -8.04479843E-02  1.00000000E+00  7.07307921E-01 -1.75566074E+00  5.32526556E-01  8.87232991E+00  7.55465088E-01  8.11686483E-01
 -7.42596778E-02  1.00000000E+00  7.23431524E-01 -1.76940844E+00  5.39174120E-01  8.97480843E+00  7.55548295E-01  8.21926014E-01
 -6.80713713E-02  1.00000000E+00  7.41954828E-01 -1.76788670E+00  5.48189611E-01  9.09622674E+00  7.47964578E-01  8.34826216E-01
 -6.18830648E-02  1.00000000E+00  7.60478133E-01 -1.76630750E+00  5.55801698E-01  9.21954689E+00  7.40429897E-01  8.47911699E-01
 -5.56947583E-02  1.00000000E+00  7.92608067E-01 -1.87999366E+00  5.61443398E-01  9.35377115E+00  7.78298018E-01  8.57547313E-01
 -4.95064519E-02  1.00000000E+00  8.24738001E-01 -1.99659011E+00  5.58706413E-01  9.49399049E+00  8.18569229E-01  8.67542126E-01
 -4.33181454E-02  1.00000000E+00  8.89750261E-01 -1.73942607E+00  5.26547026E-01  8.59474062E+00  7.74736713E-01  7.82000391E-01
 -3.71298389E-02  1.00000000E+00  9.54762522E-01 -1.50730507E+00  4.99152292E-01  7.78447260E+00  7.39815936E-01  7.04465666E-01
 -3.09415324E-02  1.00000000E+00  1.00485591E+00 -1.39608304E+00  4.22275878E-01  6.82738193E+00  7.66426996E-01  6.06095494E-01
 -2.47532259E-02  1.00000000E+00  1.05494930E+00 -1.29645142E+00  3.00702890E-01  5.98912073E+00  7.96917279E-01  5.19220345E-01
 -1.85649194E-02  1.00000000E+00  1.90698661E+00 -2.57399536E+00  2.28078753E-01  7.14343304E+00  1.37492801E+00  5.76850503E-01
 -1.23766130E-02  1.00000000E+00  2.75902391E+00 -4.35844263E+00  3.74346277E-01  9.17068781E+00  2.43166000E+00  6.73902781E-01
 -6.18830648E-03  1.00000000E+00  1.42698994E+00  1.53175011E+00  1.54529878E+00  6.75512340E+00  9.81958605E-01  5.77316480E-01
  0.00000000E+00  1.00000000E+00  9.49559729E-02  1.81807922E+01  7.20716251E+00  2.72383612E+01  1.23393508E+01  1.48990104E+00
