# model=oldroyd  theta_MLE: lambda=3.19368, beta=0.0887657, eta_0=0.846259
# delta(x) = y_clean(x) - y_model(x; theta_MLE)   (x from curve4_x.txt)
# columns: x  delta
5.000000000000000000e+00 -1.756005861547560443e-03
4.950333040000000295e+00 -1.755986695692213218e-03
4.900666089999999642e+00 -1.755898111926779137e-03
4.850999129999999937e+00 -1.755816902619722342e-03
4.801332180000000172e+00 -1.755797547217108345e-03
4.751665219999999579e+00 -1.755835395845783964e-03
4.701998269999999813e+00 -1.755946615061620975e-03
4.652331310000000109e+00 -1.756124830742944454e-03
4.602664360000000343e+00 -1.756360968552694857e-03
4.552997399999999750e+00 -1.756649122205411473e-03
4.503330449999999985e+00 -1.756958757104909452e-03
4.453663490000000280e+00 -1.757293516739366623e-03
4.403996539999999627e+00 -1.757635910251575950e-03
4.354329579999999922e+00 -1.757964754298901866e-03
4.304662630000000156e+00 -1.758268569714616092e-03
4.254995669999999564e+00 -1.758514596694737975e-03
4.205328709999999859e+00 -1.758686898376993213e-03
4.155661760000000093e+00 -1.758765622130287198e-03
4.105994800000000389e+00 -1.758702652349786177e-03
4.056327849999999735e+00 -1.758482631075031222e-03
4.006660890000000030e+00 -1.758068116884725640e-03
3.956993939999999821e+00 -1.757402399275020954e-03
3.907326980000000116e+00 -1.756441377029460682e-03
3.857660029999999907e+00 -1.755150664418003714e-03
3.807993070000000202e+00 -1.753444651690028167e-03
3.758326119999999992e+00 -1.751264890622161730e-03
3.708659159999999844e+00 -1.748533723751721780e-03
3.658992210000000078e+00 -1.745153049145686808e-03
3.609325249999999929e+00 -1.741042574936901843e-03
3.559658300000000164e+00 -1.736060468771727372e-03
3.509991340000000015e+00 -1.730118516129586226e-03
3.460324389999999806e+00 -1.723060191261005514e-03
3.410657430000000101e+00 -1.714714925640459242e-03
3.360990469999999952e+00 -1.704929532902133005e-03
3.311323520000000187e+00 -1.693528478876604737e-03
3.261656560000000038e+00 -1.680264591989555356e-03
3.211989609999999828e+00 -1.664962023010918557e-03
3.162322650000000124e+00 -1.647298583147049911e-03
3.112655699999999914e+00 -1.627027964013816330e-03
3.062988740000000210e+00 -1.603868675327912996e-03
3.013321790000000000e+00 -1.577454810244738326e-03
2.963654829999999851e+00 -1.547576623786683925e-03
2.913987880000000086e+00 -1.513670940090028338e-03
2.864320919999999937e+00 -1.475359164881284713e-03
2.814653970000000172e+00 -1.432356636671849870e-03
2.764987010000000023e+00 -1.384122843815838166e-03
2.715320059999999813e+00 -1.330064634324834572e-03
2.665653100000000109e+00 -1.269809710827018989e-03
2.615986139999999960e+00 -1.202593486913094978e-03
2.566319190000000194e+00 -1.128037302122075758e-03
2.516652230000000046e+00 -1.045622525258860236e-03
2.466985279999999836e+00 -9.548234403931044056e-04
2.417318320000000131e+00 -8.553025999069596708e-04
2.367651369999999922e+00 -7.459484027532159445e-04
2.317984410000000217e+00 -6.261031014447304699e-04
2.268317460000000008e+00 -4.957214756751149309e-04
2.218650499999999859e+00 -3.542122568209737921e-04
2.168983550000000093e+00 -2.010937693956993400e-04
2.119316589999999945e+00 -3.577946373445328732e-05
2.069649640000000179e+00 1.419866583574069807e-04
2.019982680000000030e+00 3.319990197163669166e-04
1.970315730000000043e+00 5.348763576094039962e-04
1.920648769999999894e+00 7.494322781487205987e-04
1.870981809999999967e+00 9.780996153276877436e-04
1.821314859999999980e+00 1.217702038613710513e-03
1.771647900000000053e+00 1.468372518671490212e-03
1.721980950000000066e+00 1.730609752683909264e-03
1.672313989999999917e+00 2.002202868850888606e-03
1.622647039999999929e+00 2.281767704037873656e-03
1.572980080000000003e+00 2.569774160884552572e-03
1.523313130000000015e+00 2.857078761270281930e-03
1.473646170000000089e+00 3.147439558589315567e-03
1.423979220000000101e+00 3.437447399342818954e-03
1.374312259999999952e+00 3.721828859362119601e-03
1.324645309999999965e+00 4.003472427791976429e-03
1.274978350000000038e+00 4.267263721543290700e-03
1.225311400000000051e+00 4.517826031517735430e-03
1.175644439999999902e+00 4.754077864750350102e-03
1.125977479999999975e+00 4.969729181302007248e-03
1.076310529999999988e+00 5.142377381628815414e-03
1.026643570000000061e+00 5.274315684770991552e-03
9.769766189999999906e-01 5.372702622126412919e-03
9.273096640000000335e-01 5.415100772215852842e-03
8.776427079999999936e-01 5.412292867672308105e-03
8.279757530000000365e-01 5.344991561129663893e-03
7.786002389999999718e-01 5.220344159560408315e-03
7.317317880000000496e-01 5.018332217481491497e-03
6.876846269999999928e-01 4.761542250690586897e-03
6.462889219999999879e-01 4.473156086123530883e-03
6.073850619999999756e-01 4.109629124858571458e-03
5.708230460000000006e-01 3.748527799676049099e-03
5.364619149999999559e-01 3.362147139619464653e-03
5.041691750000000249e-01 2.952805689265591838e-03
4.738203240000000149e-01 2.528636262472128138e-03
4.452983460000000115e-01 2.116427521026142955e-03
4.184932690000000011e-01 1.685236850569760136e-03
3.933017460000000076e-01 1.220574933610496515e-03
3.696266380000000074e-01 8.109362377080042705e-04
3.473766770000000226e-01 4.393994912501586469e-04
3.264660690000000254e-01 -2.150136676726255303e-05
3.068141939999999845e-01 -3.642430565602428061e-04
2.883452770000000109e-01 -6.890446396927707440e-04
2.709881089999999770e-01 -1.075021691939515023e-03
2.546757709999999952e-01 -1.369708809983993802e-03
2.393453670000000033e-01 -1.583383741576849246e-03
2.249377889999999991e-01 -1.951560501074256493e-03
2.113974849999999961e-01 -2.146438144100537571e-03
1.986678209999999944e-01 -2.334770515663997514e-03
1.862510820000000122e-01 -2.556423758361958676e-03
1.738343440000000018e-01 -2.770095203825650998e-03
1.614176049999999918e-01 -2.959575140708547991e-03
1.490008660000000096e-01 -3.054528650442644988e-03
1.365841269999999996e-01 -3.143579094596171686e-03
1.241673880000000035e-01 -3.354679108445113300e-03
1.117506489999999936e-01 -3.466477697122050117e-03
9.933391060000000550e-02 -3.460187685263571566e-03
8.691717179999999821e-02 -3.426066836198948806e-03
7.450043300000000479e-02 -3.492786574165185343e-03
6.208369419999999750e-02 -3.369323075652630450e-03
4.966695530000000275e-02 -3.096220718785680504e-03
3.725021650000000240e-02 -2.861678932942979259e-03
2.483347769999999857e-02 -2.396251490260237205e-03
1.241673880000000035e-02 -1.716085730983918367e-03
0.000000000000000000e+00 0.000000000000000000e+00
