# curve 5 (die wall), step =      300, time =   1.20000000E+02
# N1 = tau_xx - tau_yy = G ( c_xx - c_yy ),  G =  1.0000E-01  (polymer part only)
#              x               y        pressure            c_xy        gammadot            c_xx            c_yy              N1
 -3.00000000E+00  1.00000000E+00  2.16108600E+00 -1.06989311E+00  4.24275656E-01  3.77324507E+00  7.59577521E-01  3.01366755E-01
 -2.97524677E+00  1.00000000E+00  2.14528724E+00 -1.06983519E+00  4.24283938E-01  3.77305491E+00  7.59575138E-01  3.01347977E-01
 -2.95049355E+00  1.00000000E+00  2.12948848E+00 -1.06977727E+00  4.24289970E-01  3.77286476E+00  7.59572756E-01  3.01329201E-01
 -2.92574032E+00  1.00000000E+00  2.11369652E+00 -1.06984196E+00  4.24287329E-01  3.77304294E+00  7.59585676E-01  3.01345727E-01
 -2.90098710E+00  1.00000000E+00  2.09790456E+00 -1.06990666E+00  4.24276410E-01  3.77322113E+00  7.59598597E-01  3.01362253E-01
 -2.87623387E+00  1.00000000E+00  2.08210249E+00 -1.07001697E+00  4.24266579E-01  3.77375199E+00  7.59587349E-01  3.01416465E-01
 -2.85148064E+00  1.00000000E+00  2.06630043E+00 -1.07012730E+00  4.24251021E-01  3.77428294E+00  7.59576105E-01  3.01470683E-01
 -2.82672742E+00  1.00000000E+00  2.05049642E+00 -1.06994740E+00  4.24262671E-01  3.77371085E+00  7.59556526E-01  3.01415433E-01
 -2.80197419E+00  1.00000000E+00  2.03469240E+00 -1.06976752E+00  4.24272679E-01  3.77313886E+00  7.59536957E-01  3.01360190E-01
 -2.77722097E+00  1.00000000E+00  2.01888788E+00 -1.06982130E+00  4.24280785E-01  3.77311556E+00  7.59560844E-01  3.01355472E-01
 -2.75246774E+00  1.00000000E+00  2.00308335E+00 -1.06987507E+00  4.24286745E-01  3.77309227E+00  7.59584733E-01  3.01350753E-01
 -2.72771451E+00  1.00000000E+00  1.98729791E+00 -1.06987014E+00  4.24284453E-01  3.77309752E+00  7.59590178E-01  3.01350735E-01
 -2.70296129E+00  1.00000000E+00  1.97151248E+00 -1.06986521E+00  4.24274005E-01  3.77310278E+00  7.59595624E-01  3.01350716E-01
 -2.67820806E+00  1.00000000E+00  1.95570802E+00 -1.06986073E+00  4.24270134E-01  3.77310554E+00  7.59584936E-01  3.01352061E-01
 -2.65345484E+00  1.00000000E+00  1.93990357E+00 -1.06985626E+00  4.24273107E-01  3.77310830E+00  7.59574249E-01  3.01353405E-01
 -2.62870161E+00  1.00000000E+00  1.92410580E+00 -1.06986666E+00  4.24277265E-01  3.77307574E+00  7.59583522E-01  3.01349222E-01
 -2.60394839E+00  1.00000000E+00  1.90830804E+00 -1.06987707E+00  4.24279935E-01  3.77304319E+00  7.59592795E-01  3.01345039E-01
 -2.57919516E+00  1.00000000E+00  1.89251598E+00 -1.06985385E+00  4.24280517E-01  3.77301171E+00  7.59591184E-01  3.01342053E-01
 -2.55444193E+00  1.00000000E+00  1.87672392E+00 -1.06983064E+00  4.24275558E-01  3.77298024E+00  7.59589574E-01  3.01339067E-01
 -2.52968871E+00  1.00000000E+00  1.86092025E+00 -1.06992820E+00  4.24267297E-01  3.77333781E+00  7.59596346E-01  3.01374146E-01
 -2.50493548E+00  1.00000000E+00  1.84511658E+00 -1.07002577E+00  4.24252392E-01  3.77369541E+00  7.59603120E-01  3.01409229E-01
 -2.48018226E+00  1.00000000E+00  1.82930933E+00 -1.06988849E+00  4.24265024E-01  3.77329635E+00  7.59578693E-01  3.01371766E-01
 -2.45542903E+00  1.00000000E+00  1.81350209E+00 -1.06975123E+00  4.24278144E-01  3.77289734E+00  7.59554271E-01  3.01334307E-01
 -2.43067580E+00  1.00000000E+00  1.79770783E+00 -1.06978117E+00  4.24286869E-01  3.77289013E+00  7.59567484E-01  3.01332265E-01
 -2.40592258E+00  1.00000000E+00  1.78191357E+00 -1.06981111E+00  4.24294412E-01  3.77288293E+00  7.59580697E-01  3.01330223E-01
 -2.38116935E+00  1.00000000E+00  1.76612232E+00 -1.06979794E+00  4.24291659E-01  3.77283828E+00  7.59587283E-01  3.01325100E-01
 -2.35641613E+00  1.00000000E+00  1.75033107E+00 -1.06978477E+00  4.24279861E-01  3.77279364E+00  7.59593869E-01  3.01319977E-01
 -2.33166290E+00  1.00000000E+00  1.73452846E+00 -1.06981411E+00  4.24274572E-01  3.77292203E+00  7.59589040E-01  3.01333299E-01
 -2.30690967E+00  1.00000000E+00  1.71872585E+00 -1.06984344E+00  4.24270380E-01  3.77305042E+00  7.59584211E-01  3.01346621E-01
 -2.28215645E+00  1.00000000E+00  1.70292618E+00 -1.06985431E+00  4.24270912E-01  3.77306609E+00  7.59582689E-01  3.01348340E-01
 -2.25740322E+00  1.00000000E+00  1.68712651E+00 -1.06986519E+00  4.24274753E-01  3.77308176E+00  7.59581167E-01  3.01350059E-01
 -2.23265000E+00  1.00000000E+00  1.67132717E+00 -1.06993969E+00  4.24269918E-01  3.77335824E+00  7.59592798E-01  3.01376544E-01
 -2.20789677E+00  1.00000000E+00  1.65552782E+00 -1.07001419E+00  4.24253783E-01  3.77363473E+00  7.59604432E-01  3.01403030E-01
 -2.18314354E+00  1.00000000E+00  1.63972283E+00 -1.06989095E+00  4.24258529E-01  3.77320159E+00  7.59592623E-01  3.01360897E-01
 -2.15839032E+00  1.00000000E+00  1.62391784E+00 -1.06976772E+00  4.24264615E-01  3.77276851E+00  7.59580819E-01  3.01318769E-01
 -2.13363709E+00  1.00000000E+00  1.60812994E+00 -1.06978083E+00  4.24268950E-01  3.77277105E+00  7.59585061E-01  3.01318598E-01
 -2.10888387E+00  1.00000000E+00  1.59234205E+00 -1.06979394E+00  4.24273410E-01  3.77277359E+00  7.59589303E-01  3.01318428E-01
 -2.08413064E+00  1.00000000E+00  1.57653454E+00 -1.06979441E+00  4.24274974E-01  3.77273900E+00  7.59593956E-01  3.01314504E-01
 -2.05937741E+00  1.00000000E+00  1.56072702E+00 -1.06979488E+00  4.24272876E-01  3.77270440E+00  7.59598609E-01  3.01310580E-01
 -2.03462419E+00  1.00000000E+00  1.54493455E+00 -1.06978165E+00  4.24266313E-01  3.77272718E+00  7.59593127E-01  3.01313405E-01
 -2.00987096E+00  1.00000000E+00  1.52914207E+00 -1.06976842E+00  4.24256644E-01  3.77274996E+00  7.59587646E-01  3.01316231E-01
 -1.98511774E+00  1.00000000E+00  1.51333769E+00 -1.06978911E+00  4.24253224E-01  3.77274252E+00  7.59595025E-01  3.01314749E-01
 -1.96036451E+00  1.00000000E+00  1.49753330E+00 -1.06980981E+00  4.24251398E-01  3.77273508E+00  7.59602405E-01  3.01313267E-01
 -1.93561128E+00  1.00000000E+00  1.48174625E+00 -1.06987407E+00  4.24241483E-01  3.77297220E+00  7.59612796E-01  3.01335940E-01
 -1.91085806E+00  1.00000000E+00  1.46595920E+00 -1.06993835E+00  4.24225049E-01  3.77320933E+00  7.59623188E-01  3.01358614E-01
 -1.88610483E+00  1.00000000E+00  1.45014144E+00 -1.06988775E+00  4.24218843E-01  3.77311479E+00  7.59599492E-01  3.01351530E-01
 -1.86135161E+00  1.00000000E+00  1.43432368E+00 -1.06983716E+00  4.24214635E-01  3.77302025E+00  7.59575797E-01  3.01344445E-01
 -1.83659838E+00  1.00000000E+00  1.41853716E+00 -1.06981573E+00  4.24221129E-01  3.77275646E+00  7.59606872E-01  3.01314959E-01
 -1.81184516E+00  1.00000000E+00  1.40275065E+00 -1.06979431E+00  4.24219889E-01  3.77249269E+00  7.59637948E-01  3.01285474E-01
 -1.78709193E+00  1.00000000E+00  1.38696501E+00 -1.06988690E+00  4.24193866E-01  3.77294094E+00  7.59635047E-01  3.01330590E-01
 -1.76233870E+00  1.00000000E+00  1.37117938E+00 -1.06997950E+00  4.24158600E-01  3.77338925E+00  7.59632149E-01  3.01375710E-01
 -1.73758548E+00  1.00000000E+00  1.35536179E+00 -1.06991883E+00  4.24156713E-01  3.77315984E+00  7.59624159E-01  3.01353568E-01
 -1.71283225E+00  1.00000000E+00  1.33954420E+00 -1.06985817E+00  4.24151364E-01  3.77293044E+00  7.59616171E-01  3.01331427E-01
 -1.68807903E+00  1.00000000E+00  1.32374580E+00 -1.06987163E+00  4.24141344E-01  3.77278991E+00  7.59637750E-01  3.01315216E-01
 -1.66332580E+00  1.00000000E+00  1.30794740E+00 -1.06988509E+00  4.24133685E-01  3.77264938E+00  7.59659330E-01  3.01299005E-01
 -1.63857257E+00  1.00000000E+00  1.29216853E+00 -1.06982877E+00  4.24125300E-01  3.77253949E+00  7.59652712E-01  3.01288677E-01
 -1.61381935E+00  1.00000000E+00  1.27638966E+00 -1.06977244E+00  4.24107239E-01  3.77242960E+00  7.59646095E-01  3.01278350E-01
 -1.58906612E+00  1.00000000E+00  1.26057867E+00 -1.06973598E+00  4.24088302E-01  3.77213971E+00  7.59657047E-01  3.01248266E-01
 -1.56431290E+00  1.00000000E+00  1.24476767E+00 -1.06969951E+00  4.24076439E-01  3.77184985E+00  7.59667999E-01  3.01218185E-01
 -1.53955967E+00  1.00000000E+00  1.22899950E+00 -1.06964520E+00  4.24059486E-01  3.77155776E+00  7.59682922E-01  3.01187484E-01
 -1.51480644E+00  1.00000000E+00  1.21323133E+00 -1.06959090E+00  4.24040313E-01  3.77126569E+00  7.59697846E-01  3.01156784E-01
 -1.49005322E+00  1.00000000E+00  1.19745188E+00 -1.06959134E+00  4.24013577E-01  3.77115185E+00  7.59721879E-01  3.01142997E-01
 -1.46529999E+00  1.00000000E+00  1.18167243E+00 -1.06959178E+00  4.23974043E-01  3.77103801E+00  7.59745911E-01  3.01129210E-01
 -1.44054677E+00  1.00000000E+00  1.16588125E+00 -1.06968926E+00  4.23931793E-01  3.77137389E+00  7.59759975E-01  3.01161392E-01
 -1.41579354E+00  1.00000000E+00  1.15009006E+00 -1.06978674E+00  4.23876185E-01  3.77170980E+00  7.59774042E-01  3.01193576E-01
 -1.39104031E+00  1.00000000E+00  1.13431546E+00 -1.06956241E+00  4.23851684E-01  3.77085711E+00  7.59768242E-01  3.01108887E-01
 -1.36628709E+00  1.00000000E+00  1.11854085E+00 -1.06933814E+00  4.23830342E-01  3.77000461E+00  7.59762459E-01  3.01024215E-01
 -1.34153386E+00  1.00000000E+00  1.10277684E+00 -1.06935812E+00  4.23795122E-01  3.76973707E+00  7.59804445E-01  3.00993262E-01
 -1.31678064E+00  1.00000000E+00  1.08701284E+00 -1.06937809E+00  4.23753377E-01  3.76946954E+00  7.59846432E-01  3.00962311E-01
 -1.29202741E+00  1.00000000E+00  1.07127577E+00 -1.06935716E+00  4.23699956E-01  3.76930656E+00  7.59865150E-01  3.00944141E-01
 -1.26727418E+00  1.00000000E+00  1.05553871E+00 -1.06933623E+00  4.23639909E-01  3.76914358E+00  7.59883870E-01  3.00925971E-01
 -1.24252096E+00  1.00000000E+00  1.03980004E+00 -1.06937799E+00  4.23583155E-01  3.76903684E+00  7.59924760E-01  3.00911208E-01
 -1.21776773E+00  1.00000000E+00  1.02406137E+00 -1.06941974E+00  4.23511642E-01  3.76893010E+00  7.59965653E-01  3.00896445E-01
 -1.19301451E+00  1.00000000E+00  1.00833119E+00 -1.06918664E+00  4.23457220E-01  3.76799654E+00  7.59971026E-01  3.00802552E-01
 -1.16826128E+00  1.00000000E+00  9.92601013E-01 -1.06895360E+00  4.23408861E-01  3.76706321E+00  7.59976418E-01  3.00708679E-01
 -1.14350806E+00  1.00000000E+00  9.76914080E-01 -1.06898477E+00  4.23341050E-01  3.76684975E+00  7.60022183E-01  3.00682757E-01
 -1.11875483E+00  1.00000000E+00  9.61227146E-01 -1.06901595E+00  4.23265137E-01  3.76663630E+00  7.60067949E-01  3.00656836E-01
 -1.09400160E+00  1.00000000E+00  9.45553124E-01 -1.06893085E+00  4.23199322E-01  3.76610155E+00  7.60094627E-01  3.00600692E-01
 -1.06924838E+00  1.00000000E+00  9.29879101E-01 -1.06884575E+00  4.23134783E-01  3.76556686E+00  7.60121310E-01  3.00544555E-01
 -1.04449515E+00  1.00000000E+00  9.14253771E-01 -1.06874897E+00  4.23060511E-01  3.76491020E+00  7.60165660E-01  3.00474454E-01
 -1.01974193E+00  1.00000000E+00  8.98628440E-01 -1.06865220E+00  4.22980500E-01  3.76425364E+00  7.60210019E-01  3.00404363E-01
 -9.94988700E-01  1.00000000E+00  8.83042093E-01 -1.06857732E+00  4.22899635E-01  3.76377358E+00  7.60243627E-01  3.00352995E-01
 -9.70235474E-01  1.00000000E+00  8.67455746E-01 -1.06850245E+00  4.22824263E-01  3.76329357E+00  7.60277241E-01  3.00301633E-01
 -9.45482248E-01  1.00000000E+00  8.51904774E-01 -1.06842112E+00  4.22758651E-01  3.76281985E+00  7.60294085E-01  3.00252577E-01
 -9.20729022E-01  1.00000000E+00  8.36353803E-01 -1.06833981E+00  4.22698404E-01  3.76234619E+00  7.60310933E-01  3.00203526E-01
 -8.95975796E-01  1.00000000E+00  8.20897282E-01 -1.06821982E+00  4.22635434E-01  3.76164185E+00  7.60352006E-01  3.00128984E-01
 -8.71222570E-01  1.00000000E+00  8.05440762E-01 -1.06809985E+00  4.22574035E-01  3.76093764E+00  7.60393090E-01  3.00054455E-01
 -8.46469344E-01  1.00000000E+00  7.90047004E-01 -1.06816970E+00  4.22527952E-01  3.76093557E+00  7.60441213E-01  3.00049436E-01
 -8.21716118E-01  1.00000000E+00  7.74653245E-01 -1.06823957E+00  4.22474287E-01  3.76093351E+00  7.60489340E-01  3.00044417E-01
 -7.97201467E-01  1.00000000E+00  7.59513238E-01 -1.06826593E+00  4.22488239E-01  3.76101299E+00  7.60487265E-01  3.00052573E-01
 -7.72686817E-01  1.00000000E+00  7.44373230E-01 -1.06829230E+00  4.22499682E-01  3.76109247E+00  7.60485190E-01  3.00060728E-01
 -7.49503432E-01  1.00000000E+00  7.30159338E-01 -1.06827248E+00  4.22544178E-01  3.76143432E+00  7.60420696E-01  3.00101362E-01
 -7.26320047E-01  1.00000000E+00  7.15945446E-01 -1.06825267E+00  4.22608168E-01  3.76177620E+00  7.60356207E-01  3.00142000E-01
 -7.04527831E-01  1.00000000E+00  7.02709437E-01 -1.06845958E+00  4.22696555E-01  3.76246553E+00  7.60383959E-01  3.00208157E-01
 -6.82735615E-01  1.00000000E+00  6.89473427E-01 -1.06866652E+00  4.22808380E-01  3.76315499E+00  7.60411723E-01  3.00274327E-01
 -6.62251087E-01  1.00000000E+00  6.77131425E-01 -1.06869486E+00  4.23015582E-01  3.76452380E+00  7.60206873E-01  3.00431692E-01
 -6.41766559E-01  1.00000000E+00  6.64789423E-01 -1.06872322E+00  4.23248666E-01  3.76589317E+00  7.60002080E-01  3.00589109E-01
 -6.22511254E-01  1.00000000E+00  6.53337321E-01 -1.06890135E+00  4.23495580E-01  3.76753506E+00  7.59861619E-01  3.00767344E-01
 -6.03255949E-01  1.00000000E+00  6.41885218E-01 -1.06907955E+00  4.23778952E-01  3.76917771E+00  7.59721203E-01  3.00945650E-01
 -5.85156097E-01  1.00000000E+00  6.31259904E-01 -1.06951948E+00  4.24115686E-01  3.77148277E+00  7.59634626E-01  3.01184815E-01
 -5.67056245E-01  1.00000000E+00  6.20634591E-01 -1.06995964E+00  4.24487527E-01  3.77378926E+00  7.59548140E-01  3.01424112E-01
 -5.50042515E-01  1.00000000E+00  6.10755612E-01 -1.07030659E+00  4.24975046E-01  3.77717027E+00  7.59232413E-01  3.01793786E-01
 -5.33028786E-01  1.00000000E+00  6.00876633E-01 -1.07065382E+00  4.25476052E-01  3.78055446E+00  7.58916902E-01  3.02163756E-01
 -5.17036006E-01  1.00000000E+00  5.91779078E-01 -1.07135597E+00  4.26034898E-01  3.78471132E+00  7.58721708E-01  3.02598961E-01
 -5.01043227E-01  1.00000000E+00  5.82681523E-01 -1.07205878E+00  4.26628267E-01  3.78887279E+00  7.58526778E-01  3.03034601E-01
 -4.86010125E-01  1.00000000E+00  5.74245316E-01 -1.07269157E+00  4.27314008E-01  3.79359467E+00  7.58180383E-01  3.03541429E-01
 -4.70977023E-01  1.00000000E+00  5.65809110E-01 -1.07332505E+00  4.28078883E-01  3.79832260E+00  7.57834370E-01  3.04048823E-01
 -4.56846016E-01  1.00000000E+00  5.58043944E-01 -1.07414706E+00  4.28881814E-01  3.80420412E+00  7.57441835E-01  3.04676228E-01
 -4.42715008E-01  1.00000000E+00  5.50278778E-01 -1.07497018E+00  4.29774140E-01  3.81009496E+00  7.57049851E-01  3.05304511E-01
 -4.29431964E-01  1.00000000E+00  5.43158310E-01 -1.07601361E+00  4.30799798E-01  3.81727474E+00  7.56586159E-01  3.06068858E-01
 -4.16148920E-01  1.00000000E+00  5.36037842E-01 -1.07705874E+00  4.31876121E-01  3.82446832E+00  7.56123309E-01  3.06834501E-01
 -4.03662954E-01  1.00000000E+00  5.29490437E-01 -1.07796723E+00  4.32926742E-01  3.83195094E+00  7.55552976E-01  3.07639797E-01
 -3.91176988E-01  1.00000000E+00  5.22943032E-01 -1.07887727E+00  4.34128506E-01  3.83944873E+00  7.54983532E-01  3.08446519E-01
 -3.79440270E-01  1.00000000E+00  5.16919714E-01 -1.08031327E+00  4.35426420E-01  3.84849451E+00  7.54483194E-01  3.09401131E-01
 -3.67703552E-01  1.00000000E+00  5.10896397E-01 -1.08175218E+00  4.36804571E-01  3.85756188E+00  7.53984167E-01  3.10357771E-01
 -3.56671122E-01  1.00000000E+00  5.05505077E-01 -1.08309933E+00  4.38312743E-01  3.86781074E+00  7.53255634E-01  3.11455511E-01
 -3.45638692E-01  1.00000000E+00  5.00113757E-01 -1.08444960E+00  4.39853264E-01  3.87808760E+00  7.52528788E-01  3.12555881E-01
 -3.35268287E-01  1.00000000E+00  4.95128433E-01 -1.08598057E+00  4.41364969E-01  3.88887902E+00  7.51861561E-01  3.13701746E-01
 -3.24897882E-01  1.00000000E+00  4.90143108E-01 -1.08751520E+00  4.43060351E-01  3.89970114E+00  7.51196070E-01  3.14850507E-01
 -3.15149775E-01  1.00000000E+00  4.85682316E-01 -1.08928045E+00  4.44899157E-01  3.91211881E+00  7.50425441E-01  3.16169337E-01
 -3.05401669E-01  1.00000000E+00  4.81221524E-01 -1.09105053E+00  4.46793056E-01  3.92457687E+00  7.49657142E-01  3.17491973E-01
 -2.96238520E-01  1.00000000E+00  4.77140287E-01 -1.09261498E+00  4.48717358E-01  3.93863096E+00  7.48536664E-01  3.19009430E-01
 -2.87075371E-01  1.00000000E+00  4.73059050E-01 -1.09418439E+00  4.50906224E-01  3.95273747E+00  7.47419285E-01  3.20531818E-01
 -2.78462077E-01  1.00000000E+00  4.69514554E-01 -1.09630561E+00  4.53176665E-01  3.96776462E+00  7.46476613E-01  3.22128801E-01
 -2.69848783E-01  1.00000000E+00  4.65970058E-01 -1.09843382E+00  4.55527338E-01  3.98285012E+00  7.45537401E-01  3.23731272E-01
 -2.61752348E-01  1.00000000E+00  4.62813504E-01 -1.10083815E+00  4.57852546E-01  3.99908251E+00  7.44652855E-01  3.25442965E-01
 -2.53655913E-01  1.00000000E+00  4.59656950E-01 -1.10325085E+00  4.60331618E-01  4.01538224E+00  7.43771988E-01  3.27161025E-01
 -2.46045323E-01  1.00000000E+00  4.56882075E-01 -1.10510718E+00  4.62969196E-01  4.03258425E+00  7.42416264E-01  3.29016799E-01
 -2.38434732E-01  1.00000000E+00  4.54107201E-01 -1.10697057E+00  4.65675292E-01  4.04986313E+00  7.41065003E-01  3.30879812E-01
 -2.31280830E-01  1.00000000E+00  4.51694169E-01 -1.10931028E+00  4.68445536E-01  4.06820228E+00  7.39875611E-01  3.32832667E-01
 -2.24126928E-01  1.00000000E+00  4.49281136E-01 -1.11165914E+00  4.71333350E-01  4.08662689E+00  7.38690846E-01  3.34793605E-01
 -2.17402314E-01  1.00000000E+00  4.47225674E-01 -1.11474098E+00  4.74295385E-01  4.10702576E+00  7.37656733E-01  3.36936902E-01
 -2.10677699E-01  1.00000000E+00  4.45170212E-01 -1.11783601E+00  4.77353720E-01  4.12752800E+00  7.36628265E-01  3.39089974E-01
 -2.04351753E-01  1.00000000E+00  4.43486825E-01 -1.12036606E+00  4.80637575E-01  4.14923080E+00  7.35116107E-01  3.41411470E-01
 -1.98025807E-01  1.00000000E+00  4.41803438E-01 -1.12290770E+00  4.83983327E-01  4.17105179E+00  7.33610404E-01  3.43744138E-01
 -1.91837501E-01  1.00000000E+00  4.40374617E-01 -1.12617860E+00  4.87615049E-01  4.19500641E+00  7.32272930E-01  3.46273348E-01
 -1.85649194E-01  1.00000000E+00  4.38945796E-01 -1.12946558E+00  4.91351684E-01  4.21910172E+00  7.30942749E-01  3.48815897E-01
 -1.79460888E-01  1.00000000E+00  4.37779404E-01 -1.13183097E+00  4.95567540E-01  4.24624045E+00  7.28682308E-01  3.51755815E-01
 -1.73272582E-01  1.00000000E+00  4.36613012E-01 -1.13421014E+00  4.99917840E-01  4.27356392E+00  7.26432201E-01  3.54713172E-01
 -1.67084275E-01  1.00000000E+00  4.35851671E-01 -1.13887934E+00  5.04602350E-01  4.30488470E+00  7.25002366E-01  3.57988233E-01
 -1.60895969E-01  1.00000000E+00  4.35090329E-01 -1.14357777E+00  5.09464193E-01  4.33643843E+00  7.23584328E-01  3.61285410E-01
 -1.54707662E-01  1.00000000E+00  4.34596978E-01 -1.14697530E+00  5.15077031E-01  4.37213100E+00  7.20914156E-01  3.65121684E-01
 -1.48519356E-01  1.00000000E+00  4.34103626E-01 -1.15039749E+00  5.20848374E-01  4.40813206E+00  7.18260095E-01  3.68987197E-01
 -1.42331049E-01  1.00000000E+00  4.34371903E-01 -1.15613863E+00  5.27437618E-01  4.45074772E+00  7.16090524E-01  3.73465720E-01
 -1.36142743E-01  1.00000000E+00  4.34640180E-01 -1.16192727E+00  5.34325498E-01  4.49378411E+00  7.13941675E-01  3.77984243E-01
 -1.29954436E-01  1.00000000E+00  4.35381590E-01 -1.16669262E+00  5.41627310E-01  4.54070601E+00  7.10884603E-01  3.82982141E-01
 -1.23766130E-01  1.00000000E+00  4.36123001E-01 -1.17150055E+00  5.49545917E-01  4.58813923E+00  7.07851342E-01  3.88028789E-01
 -1.17577823E-01  1.00000000E+00  4.37509232E-01 -1.17825243E+00  5.58623829E-01  4.64665046E+00  7.04564176E-01  3.94208629E-01
 -1.11389517E-01  1.00000000E+00  4.38895462E-01 -1.18507776E+00  5.68216469E-01  4.70593172E+00  7.01312344E-01  4.00461937E-01
 -1.05201210E-01  1.00000000E+00  4.41619467E-01 -1.19261033E+00  5.79616725E-01  4.77699377E+00  6.97138818E-01  4.07985496E-01
 -9.90129037E-02  1.00000000E+00  4.44343472E-01 -1.20024020E+00  5.91488467E-01  4.84916916E+00  6.93015719E-01  4.15615344E-01
 -9.28245972E-02  1.00000000E+00  4.48496509E-01 -1.20583022E+00  6.05549936E-01  4.93135859E+00  6.86898929E-01  4.24445966E-01
 -8.66362908E-02  1.00000000E+00  4.52649546E-01 -1.21150358E+00  6.20228923E-01  5.01503794E+00  6.80851603E-01  4.33418633E-01
 -8.04479843E-02  1.00000000E+00  4.58287912E-01 -1.22570961E+00  6.37981930E-01  5.12372297E+00  6.76700070E-01  4.44702290E-01
 -7.42596778E-02  1.00000000E+00  4.63926278E-01 -1.24017673E+00  6.56940643E-01  5.23480590E+00  6.72645813E-01  4.56216009E-01
 -6.80713713E-02  1.00000000E+00  4.73930321E-01 -1.24122637E+00  6.80135494E-01  5.36716759E+00  6.60195761E-01  4.70697183E-01
 -6.18830648E-02  1.00000000E+00  4.83934363E-01 -1.24231994E+00  7.06218815E-01  5.50334271E+00  6.47951201E-01  4.85539151E-01
 -5.56947583E-02  1.00000000E+00  4.92339763E-01 -1.29267145E+00  7.38616875E-01  5.71189086E+00  6.52001809E-01  5.05988905E-01
 -4.95064519E-02  1.00000000E+00  5.00745164E-01 -1.34482540E+00  7.72376099E-01  5.92838473E+00  6.56638859E-01  5.27174588E-01
 -4.33181454E-02  1.00000000E+00  5.59914810E-01 -1.28478653E+00  8.16262543E-01  6.12975483E+00  6.14489610E-01  5.51526522E-01
 -3.71298389E-02  1.00000000E+00  6.19084457E-01 -1.22364464E+00  8.79431291E-01  6.34476098E+00  5.74572575E-01  5.77018841E-01
 -3.09415324E-02  1.00000000E+00  5.12699483E-01 -1.15985081E+00  9.60919148E-01  6.36836827E+00  5.49368589E-01  5.81899968E-01
 -2.47532259E-02  1.00000000E+00  4.06314509E-01 -1.09633690E+00  1.01904026E+00  6.39516079E+00  5.25460202E-01  5.86970059E-01
 -1.85649194E-02  1.00000000E+00  1.02290803E+00 -1.82382518E+00  1.14101321E+00  8.46400472E+00  6.71397488E-01  7.79260723E-01
 -1.23766130E-02  1.00000000E+00  1.63950155E+00 -2.82076064E+00  1.40520655E+00  1.13167173E+01  9.30405719E-01  1.03863116E+00
 -6.18830648E-03  1.00000000E+00  4.11651031E-01  8.48332365E-01  2.46941556E+00  9.66169982E+00  3.45833275E-01  9.31586654E-01
  0.00000000E+00  1.00000000E+00 -8.16199484E-01  5.90838241E+00  5.30418853E+00  1.53956412E+01  2.44100360E+00  1.29546376E+00
