# model=oldroyd  theta_MLE: lambda=5.05968, beta=0.760865, eta_0=0.846104
# delta(x) = y_clean(x) - y_model(x; theta_MLE)   (x from curve4_x.txt)
# columns: x  delta
5.000000000000000000e+00 -4.268478296012290230e-04
4.950333040000000295e+00 -4.265472794180436011e-04
4.900666089999999642e+00 -4.262341912704137314e-04
4.850999129999999937e+00 -4.259390711887078851e-04
4.801332180000000172e+00 -4.256548219687683599e-04
4.751665219999999579e+00 -4.253896270882684405e-04
4.701998269999999813e+00 -4.251366275573875697e-04
4.652331310000000109e+00 -4.248938780049282826e-04
4.602664360000000343e+00 -4.246476377562924398e-04
4.552997399999999750e+00 -4.243843953435355587e-04
4.503330449999999985e+00 -4.241135024281028620e-04
4.453663490000000280e+00 -4.237975753282885449e-04
4.403996539999999627e+00 -4.234333200752171678e-04
4.354329579999999922e+00 -4.230155768847332354e-04
4.304662630000000156e+00 -4.225047455608255120e-04
4.254995669999999564e+00 -4.219173613908555609e-04
4.205328709999999859e+00 -4.212081157084490712e-04
4.155661760000000093e+00 -4.203625435943436628e-04
4.105994800000000389e+00 -4.193682030961820573e-04
4.056327849999999735e+00 -4.181940700322961391e-04
4.006660890000000030e+00 -4.168278940968050961e-04
3.956993939999999821e+00 -4.152202269873672691e-04
3.907326980000000116e+00 -4.133563349337787685e-04
3.857660029999999907e+00 -4.112055603417985594e-04
3.807993070000000202e+00 -4.087192891899515956e-04
3.758326119999999992e+00 -4.058591650919485261e-04
3.708659159999999844e+00 -4.025941679532962780e-04
3.658992210000000078e+00 -3.988685784002132806e-04
3.609325249999999929e+00 -3.946478293475053079e-04
3.559658300000000164e+00 -3.898776674440274093e-04
3.509991340000000015e+00 -3.844929455849577238e-04
3.460324389999999806e+00 -3.784229037915309846e-04
3.410657430000000101e+00 -3.716166515643770651e-04
3.360990469999999952e+00 -3.639960379093754028e-04
3.311323520000000187e+00 -3.555116017168735709e-04
3.261656560000000038e+00 -3.460601262210705187e-04
3.211989609999999828e+00 -3.355672517735275306e-04
3.162322650000000124e+00 -3.239457339798690327e-04
3.112655699999999914e+00 -3.111316288884058423e-04
3.062988740000000210e+00 -2.970166424343112510e-04
3.013321790000000000e+00 -2.815253682815210823e-04
2.963654829999999851e+00 -2.645497435656007923e-04
2.913987880000000086e+00 -2.459834685117900932e-04
2.864320919999999937e+00 -2.257323360947971480e-04
2.814653970000000172e+00 -2.037033867274828935e-04
2.764987010000000023e+00 -1.798474146845752131e-04
2.715320059999999813e+00 -1.540099491015300970e-04
2.665653100000000109e+00 -1.261314848937100663e-04
2.615986139999999960e+00 -9.610109788305010170e-05
2.566319190000000194e+00 -6.398759368653195168e-05
2.516652230000000046e+00 -2.966988645725088247e-05
2.466985279999999836e+00 6.838786902108040522e-06
2.417318320000000131e+00 4.554640366771778304e-05
2.367651369999999922e+00 8.660295775042570199e-05
2.317984410000000217e+00 1.299941190808784341e-04
2.268317460000000008e+00 1.755065624029494842e-04
2.218650499999999859e+00 2.229656520267297992e-04
2.168983550000000093e+00 2.723945473857014576e-04
2.119316589999999945e+00 3.237598666312457851e-04
2.069649640000000179e+00 3.767027034422554266e-04
2.019982680000000030e+00 4.308588124639634032e-04
1.970315730000000043e+00 4.860861500257662726e-04
1.920648769999999894e+00 5.417461684327218308e-04
1.870981809999999967e+00 5.983733964507464975e-04
1.821314859999999980e+00 6.544433408508520955e-04
1.771647900000000053e+00 7.098310010200670206e-04
1.721980950000000066e+00 7.641109022991088295e-04
1.672313989999999917e+00 8.161617927826547714e-04
1.622647039999999929e+00 8.660757264657981125e-04
1.572980080000000003e+00 9.126917830069025683e-04
1.523313130000000015e+00 9.545524230001323218e-04
1.473646170000000089e+00 9.916337496360672077e-04
1.423979220000000101e+00 1.023883940821201932e-03
1.374312259999999952e+00 1.048334960501939861e-03
1.324645309999999965e+00 1.067283879894187493e-03
1.274978350000000038e+00 1.077443298778790748e-03
1.225311400000000051e+00 1.077464725508736620e-03
1.175644439999999902e+00 1.068744507742191985e-03
1.125977479999999975e+00 1.050015263610815097e-03
1.076310529999999988e+00 1.019886526468116728e-03
1.026643570000000061e+00 9.764184109160023439e-04
9.769766189999999906e-01 9.237742782455260482e-04
9.273096640000000335e-01 8.578630532047881729e-04
8.776427079999999936e-01 7.771236648437263028e-04
8.279757530000000365e-01 6.843209999725097248e-04
7.786002389999999718e-01 5.810407483466395462e-04
7.317317880000000496e-01 4.701184598365770739e-04
6.876846269999999928e-01 3.669879563463762651e-04
6.462889219999999879e-01 2.539680865858429115e-04
6.073850619999999756e-01 1.441095296783601043e-04
5.708230460000000006e-01 4.467077396075325169e-05
5.364619149999999559e-01 -3.726330012021605853e-05
5.041691750000000249e-01 -1.521453518436022279e-04
4.738203240000000149e-01 -2.283824398519040955e-04
4.452983460000000115e-01 -2.984125614247101765e-04
4.184932690000000011e-01 -3.769992678106515172e-04
3.933017460000000076e-01 -4.594264151955851361e-04
3.696266380000000074e-01 -4.784948181453252403e-04
3.473766770000000226e-01 -5.106771441185653515e-04
3.264660690000000254e-01 -6.338776733016970866e-04
3.068141939999999845e-01 -5.915541702061766216e-04
2.883452770000000109e-01 -5.658598240323442496e-04
2.709881089999999770e-01 -6.587869285328284974e-04
2.546757709999999952e-01 -6.187609101309110571e-04
2.393453670000000033e-01 -5.705657750771919723e-04
2.249377889999999991e-01 -6.963145236031920149e-04
2.113974849999999961e-01 -6.146369012873797999e-04
1.986678209999999944e-01 -5.862018585642836399e-04
1.862510820000000122e-01 -6.034533437286881963e-04
1.738343440000000018e-01 -6.003229862805437023e-04
1.614176049999999918e-01 -5.726410656630154250e-04
1.490008660000000096e-01 -5.209710387865662540e-04
1.365841269999999996e-01 -4.822867037108657939e-04
1.241673880000000035e-01 -5.351394148573884735e-04
1.117506489999999936e-01 -4.586280224279093432e-04
9.933391060000000550e-02 -3.677106808903651824e-04
8.691717179999999821e-02 -2.925419206578627751e-04
7.450043300000000479e-02 -3.405535695459871448e-04
6.208369419999999750e-02 -1.561830193648194864e-04
4.966695530000000275e-02 -6.235813295973891002e-05
3.725021650000000240e-02 -9.625845313099290479e-05
2.483347769999999857e-02 6.286498437213516866e-05
1.241673880000000035e-02 1.540434567723902859e-04
0.000000000000000000e+00 0.000000000000000000e+00
