# curve 5 (die wall), step =        1, time =   6.40000000E-01
# N1 = tau_xx - tau_yy = G ( c_xx - c_yy ),  G =  8.8889E-01  (polymer part only)
#              x               y        pressure            c_xy        gammadot            c_xx            c_yy              N1
 -3.00000000E+00  1.00000000E+00  1.47124584E+00  0.00000000E+00  4.99964090E-01  1.00000000E+00  1.00000000E+00  0.00000000E+00
 -2.90216582E+00  1.00000000E+00  1.42646230E+00  0.00000000E+00  4.99977960E-01  1.00000000E+00  1.00000000E+00  0.00000000E+00
 -2.80433164E+00  1.00000000E+00  1.38167875E+00  0.00000000E+00  4.99990995E-01  1.00000000E+00  1.00000000E+00  0.00000000E+00
 -2.70649746E+00  1.00000000E+00  1.33686843E+00  0.00000000E+00  4.99995771E-01  1.00000000E+00  1.00000000E+00  0.00000000E+00
 -2.60866328E+00  1.00000000E+00  1.29205812E+00  0.00000000E+00  4.99996810E-01  1.00000000E+00  1.00000000E+00  0.00000000E+00
 -2.51082910E+00  1.00000000E+00  1.24725115E+00  0.00000000E+00  4.99996972E-01  1.00000000E+00  1.00000000E+00  0.00000000E+00
 -2.41299492E+00  1.00000000E+00  1.20244418E+00  0.00000000E+00  4.99996780E-01  1.00000000E+00  1.00000000E+00  0.00000000E+00
 -2.31516075E+00  1.00000000E+00  1.15763672E+00  0.00000000E+00  4.99995170E-01  1.00000000E+00  1.00000000E+00  0.00000000E+00
 -2.21732657E+00  1.00000000E+00  1.11282926E+00  0.00000000E+00  4.99992647E-01  1.00000000E+00  1.00000000E+00  0.00000000E+00
 -2.11949239E+00  1.00000000E+00  1.06802264E+00  0.00000000E+00  4.99988245E-01  1.00000000E+00  1.00000000E+00  0.00000000E+00
 -2.02165821E+00  1.00000000E+00  1.02321602E+00  0.00000000E+00  4.99982157E-01  1.00000000E+00  1.00000000E+00  0.00000000E+00
 -1.92382403E+00  1.00000000E+00  9.78409963E-01  0.00000000E+00  4.99971755E-01  1.00000000E+00  1.00000000E+00  0.00000000E+00
 -1.82598985E+00  1.00000000E+00  9.33603908E-01  0.00000000E+00  4.99959218E-01  1.00000000E+00  1.00000000E+00  0.00000000E+00
 -1.72815567E+00  1.00000000E+00  8.88809732E-01  0.00000000E+00  4.99935955E-01  1.00000000E+00  1.00000000E+00  0.00000000E+00
 -1.63032149E+00  1.00000000E+00  8.44015556E-01  0.00000000E+00  4.99907454E-01  1.00000000E+00  1.00000000E+00  0.00000000E+00
 -1.53248731E+00  1.00000000E+00  7.99234723E-01  0.00000000E+00  4.99871755E-01  1.00000000E+00  1.00000000E+00  0.00000000E+00
 -1.43465313E+00  1.00000000E+00  7.54453891E-01  0.00000000E+00  4.99822627E-01  1.00000000E+00  1.00000000E+00  0.00000000E+00
 -1.33681895E+00  1.00000000E+00  7.09719868E-01  0.00000000E+00  4.99776274E-01  1.00000000E+00  1.00000000E+00  0.00000000E+00
 -1.23898477E+00  1.00000000E+00  6.64985844E-01  0.00000000E+00  4.99726348E-01  1.00000000E+00  1.00000000E+00  0.00000000E+00
 -1.14115059E+00  1.00000000E+00  6.20367987E-01  0.00000000E+00  4.99687883E-01  1.00000000E+00  1.00000000E+00  0.00000000E+00
 -1.04331641E+00  1.00000000E+00  5.75750129E-01  0.00000000E+00  4.99681076E-01  1.00000000E+00  1.00000000E+00  0.00000000E+00
 -9.45482236E-01  1.00000000E+00  5.31324596E-01  0.00000000E+00  4.99903029E-01  1.00000000E+00  1.00000000E+00  0.00000000E+00
 -8.47648056E-01  1.00000000E+00  4.86899063E-01  0.00000000E+00  5.00200053E-01  1.00000000E+00  1.00000000E+00  0.00000000E+00
 -7.56257321E-01  1.00000000E+00  4.46088986E-01  0.00000000E+00  5.01211801E-01  1.00000000E+00  1.00000000E+00  0.00000000E+00
 -6.64866585E-01  1.00000000E+00  4.05278908E-01  0.00000000E+00  5.02515950E-01  1.00000000E+00  1.00000000E+00  0.00000000E+00
 -5.92738222E-01  1.00000000E+00  3.73186608E-01  0.00000000E+00  5.04936874E-01  1.00000000E+00  1.00000000E+00  0.00000000E+00
 -5.20609859E-01  1.00000000E+00  3.41094308E-01  0.00000000E+00  5.08151342E-01  1.00000000E+00  1.00000000E+00  0.00000000E+00
 -4.64131262E-01  1.00000000E+00  3.17337723E-01  0.00000000E+00  5.12579523E-01  1.00000000E+00  1.00000000E+00  0.00000000E+00
 -4.07652665E-01  1.00000000E+00  2.93581138E-01  0.00000000E+00  5.18333807E-01  1.00000000E+00  1.00000000E+00  0.00000000E+00
 -3.63428281E-01  1.00000000E+00  2.74999622E-01  0.00000000E+00  5.24908481E-01  1.00000000E+00  1.00000000E+00  0.00000000E+00
 -3.19203897E-01  1.00000000E+00  2.56418106E-01  0.00000000E+00  5.33155776E-01  1.00000000E+00  1.00000000E+00  0.00000000E+00
 -2.84574912E-01  1.00000000E+00  2.42926876E-01  0.00000000E+00  5.42962970E-01  1.00000000E+00  1.00000000E+00  0.00000000E+00
 -2.49945928E-01  1.00000000E+00  2.29435647E-01  0.00000000E+00  5.54133289E-01  1.00000000E+00  1.00000000E+00  0.00000000E+00
 -2.22807143E-01  1.00000000E+00  2.19081726E-01  0.00000000E+00  5.67914376E-01  1.00000000E+00  1.00000000E+00  0.00000000E+00
 -1.95668359E-01  1.00000000E+00  2.08727805E-01  0.00000000E+00  5.83310139E-01  1.00000000E+00  1.00000000E+00  0.00000000E+00
 -1.71209814E-01  1.00000000E+00  2.02585264E-01  0.00000000E+00  6.04220767E-01  1.00000000E+00  1.00000000E+00  0.00000000E+00
 -1.46751269E-01  1.00000000E+00  1.96442723E-01  0.00000000E+00  6.30358009E-01  1.00000000E+00  1.00000000E+00  0.00000000E+00
 -1.22292724E-01  1.00000000E+00  1.74102435E-01  0.00000000E+00  6.69108048E-01  1.00000000E+00  1.00000000E+00  0.00000000E+00
 -9.78341793E-02  1.00000000E+00  1.51762146E-01  0.00000000E+00  7.16771447E-01  1.00000000E+00  1.00000000E+00  0.00000000E+00
 -7.33756344E-02  1.00000000E+00  2.50524765E-01  0.00000000E+00  7.91124371E-01  1.00000000E+00  1.00000000E+00  0.00000000E+00
 -4.89170896E-02  1.00000000E+00  3.49287383E-01  0.00000000E+00  9.06391002E-01  1.00000000E+00  1.00000000E+00  0.00000000E+00
 -2.44585448E-02  1.00000000E+00  1.76348599E-02  0.00000000E+00  1.16492926E+00  1.00000000E+00  1.00000000E+00  0.00000000E+00
  0.00000000E+00  1.00000000E+00 -3.14017664E-01  0.00000000E+00  1.62108436E+00  1.00000000E+00  1.00000000E+00  0.00000000E+00
