# curve 5 (die wall), step =      600, time =   1.20000000E+02
# N1 = tau_xx - tau_yy = G ( c_xx - c_yy ),  G =  1.2000E-01  (polymer part only)
#              x               y        pressure            c_xy        gammadot            c_xx            c_yy              N1
 -3.00000000E+00  1.00000000E+00  2.92418499E+00 -2.00186976E+00  4.00116839E-01  9.01226556E+00  1.00000430E+00  9.61471351E-01
 -2.95108291E+00  1.00000000E+00  2.88474223E+00 -2.00218688E+00  4.00092878E-01  9.01379182E+00  1.00007986E+00  9.61645436E-01
 -2.90216582E+00  1.00000000E+00  2.84529947E+00 -2.00250405E+00  4.00134633E-01  9.01531834E+00  1.00015542E+00  9.61819550E-01
 -2.85324873E+00  1.00000000E+00  2.80591160E+00 -2.00168217E+00  4.00018221E-01  9.01068296E+00  1.00002388E+00  9.61279090E-01
 -2.80433164E+00  1.00000000E+00  2.76652372E+00 -2.00086066E+00  3.99957699E-01  9.00604997E+00  9.99892394E-01  9.60738910E-01
 -2.75541455E+00  1.00000000E+00  2.72751095E+00 -2.00101780E+00  4.00096977E-01  9.00603895E+00  9.99957270E-01  9.60729802E-01
 -2.70649746E+00  1.00000000E+00  2.68849818E+00 -2.00117494E+00  4.00077264E-01  9.00602795E+00  1.00002215E+00  9.60720695E-01
 -2.65758037E+00  1.00000000E+00  2.64934916E+00 -2.00161745E+00  4.00107680E-01  9.00787919E+00  1.00014330E+00  9.60928307E-01
 -2.60866328E+00  1.00000000E+00  2.61020015E+00 -2.00206006E+00  4.00054792E-01  9.00973082E+00  1.00026447E+00  9.61135962E-01
 -2.55974619E+00  1.00000000E+00  2.57123761E+00 -2.00192701E+00  3.99992253E-01  9.01085707E+00  1.00021080E+00  9.61277553E-01
 -2.51082911E+00  1.00000000E+00  2.53227507E+00 -2.00179391E+00  4.00080975E-01  9.01198353E+00  1.00015713E+00  9.61419168E-01
 -2.46191202E+00  1.00000000E+00  2.49279137E+00 -2.00111017E+00  4.00018193E-01  9.00888606E+00  9.99961098E-01  9.61070995E-01
 -2.41299493E+00  1.00000000E+00  2.45330767E+00 -2.00042665E+00  4.00004366E-01  9.00578966E+00  9.99765120E-01  9.60722944E-01
 -2.36407784E+00  1.00000000E+00  2.41443044E+00 -2.00107554E+00  4.00044213E-01  9.00648565E+00  1.00008615E+00  9.60767940E-01
 -2.31516075E+00  1.00000000E+00  2.37555322E+00 -2.00172455E+00  3.99989942E-01  9.00718180E+00  1.00040729E+00  9.60812941E-01
 -2.26624366E+00  1.00000000E+00  2.33636917E+00 -2.00155828E+00  3.99928164E-01  9.00929661E+00  1.00019033E+00  9.61092754E-01
 -2.21732657E+00  1.00000000E+00  2.29718512E+00 -2.00139197E+00  3.99963499E-01  9.01141208E+00  9.99973403E-01  9.61372641E-01
 -2.16840948E+00  1.00000000E+00  2.25787409E+00 -2.00152698E+00  3.99953892E-01  9.00945327E+00  1.00009109E+00  9.61123462E-01
 -2.11949239E+00  1.00000000E+00  2.21856307E+00 -2.00166191E+00  3.99913873E-01  9.00749502E+00  1.00020878E+00  9.60874349E-01
 -2.07057530E+00  1.00000000E+00  2.17977784E+00 -2.00246603E+00  3.99974659E-01  9.01255769E+00  1.00035365E+00  9.61464484E-01
 -2.02165821E+00  1.00000000E+00  2.14099261E+00 -2.00327051E+00  3.99951124E-01  9.01762322E+00  1.00049856E+00  9.62054958E-01
 -1.97274112E+00  1.00000000E+00  2.10142198E+00 -2.00190959E+00  3.99854557E-01  9.01346676E+00  1.00004214E+00  9.61610955E-01
 -1.92382403E+00  1.00000000E+00  2.06185136E+00 -2.00054943E+00  3.99869852E-01  9.00931234E+00  9.99585986E-01  9.61167162E-01
 -1.87490694E+00  1.00000000E+00  2.02284363E+00 -2.00124238E+00  3.99958250E-01  9.00723285E+00  1.00004328E+00  9.60862749E-01
 -1.82598985E+00  1.00000000E+00  1.98383590E+00 -2.00193522E+00  3.99916017E-01  9.00515438E+00  1.00050074E+00  9.60558437E-01
 -1.77707276E+00  1.00000000E+00  1.94486265E+00 -2.00279097E+00  3.99915164E-01  9.00957948E+00  1.00067054E+00  9.61069072E-01
 -1.72815567E+00  1.00000000E+00  1.90588940E+00 -2.00364709E+00  3.99806768E-01  9.01400674E+00  1.00084041E+00  9.61579960E-01
 -1.67923858E+00  1.00000000E+00  1.86667026E+00 -2.00273824E+00  3.99650367E-01  9.01174819E+00  1.00059523E+00  9.61338356E-01
 -1.63032150E+00  1.00000000E+00  1.82745112E+00 -2.00182965E+00  3.99693459E-01  9.00949030E+00  1.00035017E+00  9.61096816E-01
 -1.58140441E+00  1.00000000E+00  1.78823965E+00 -2.00141378E+00  3.99529422E-01  9.00251722E+00  1.00058025E+00  9.60232437E-01
 -1.53248732E+00  1.00000000E+00  1.74902819E+00 -2.00099799E+00  3.99447245E-01  8.99554996E+00  1.00081035E+00  9.59368753E-01
 -1.48357023E+00  1.00000000E+00  1.70984035E+00 -1.99945615E+00  3.99432861E-01  8.99320589E+00  1.00010552E+00  9.59172045E-01
 -1.43465314E+00  1.00000000E+00  1.67065251E+00 -1.99791506E+00  3.99499731E-01  8.99086290E+00  9.99401213E-01  9.58975403E-01
 -1.38573605E+00  1.00000000E+00  1.63144298E+00 -1.99746063E+00  3.99389370E-01  8.98280416E+00  9.99762564E-01  9.57964992E-01
 -1.33681896E+00  1.00000000E+00  1.59223345E+00 -1.99700638E+00  3.99226151E-01  8.97475321E+00  1.00012403E+00  9.56955502E-01
 -1.28790187E+00  1.00000000E+00  1.55303471E+00 -1.99633075E+00  3.98892726E-01  8.96545416E+00  1.00034285E+00  9.55813356E-01
 -1.23898478E+00  1.00000000E+00  1.51383596E+00 -1.99565537E+00  3.98550852E-01  8.95616537E+00  1.00056169E+00  9.54672442E-01
 -1.19006769E+00  1.00000000E+00  1.47514976E+00 -1.99474975E+00  3.98180848E-01  8.94786850E+00  1.00069779E+00  9.53660484E-01
 -1.14115060E+00  1.00000000E+00  1.43646356E+00 -1.99384472E+00  3.97786096E-01  8.93957955E+00  1.00083398E+00  9.52649468E-01
 -1.09223351E+00  1.00000000E+00  1.39713151E+00 -1.99080926E+00  3.97345782E-01  8.92118204E+00  1.00049971E+00  9.50481879E-01
 -1.04331642E+00  1.00000000E+00  1.35779946E+00 -1.98777900E+00  3.96953112E-01  8.90282255E+00  1.00016614E+00  9.48318769E-01
 -9.94399333E-01  1.00000000E+00  1.31930612E+00 -1.98612381E+00  3.96466839E-01  8.88133802E+00  1.00067553E+00  9.45679499E-01
 -9.45482243E-01  1.00000000E+00  1.28081279E+00 -1.98447035E+00  3.95835325E-01  8.85990847E+00  1.00118502E+00  9.43046814E-01
 -8.96565154E-01  1.00000000E+00  1.24256957E+00 -1.98146888E+00  3.95068552E-01  8.83781515E+00  1.00123068E+00  9.40390136E-01
 -8.47648064E-01  1.00000000E+00  1.20432635E+00 -1.97847315E+00  3.94340907E-01  8.81577776E+00  1.00127705E+00  9.37740086E-01
 -7.99501858E-01  1.00000000E+00  1.16752674E+00 -1.97442849E+00  3.93311095E-01  8.78309204E+00  1.00137031E+00  9.33806608E-01
 -7.51355652E-01  1.00000000E+00  1.13072713E+00 -1.97039437E+00  3.92617706E-01  8.75053035E+00  1.00146446E+00  9.29887906E-01
 -7.08111109E-01  1.00000000E+00  1.09819043E+00 -1.96491769E+00  3.91712020E-01  8.71540488E+00  1.00090823E+00  9.25739598E-01
 -6.64866566E-01  1.00000000E+00  1.06565372E+00 -1.95945856E+00  3.91235587E-01  8.68042156E+00  1.00035399E+00  9.21608108E-01
 -6.26599939E-01  1.00000000E+00  1.03795654E+00 -1.95739074E+00  3.90857698E-01  8.65997751E+00  1.00052352E+00  9.19134479E-01
 -5.88333313E-01  1.00000000E+00  1.01025936E+00 -1.95532561E+00  3.90491568E-01  8.63958362E+00  1.00069308E+00  9.16666865E-01
 -5.54471587E-01  1.00000000E+00  9.86881638E-01 -1.95337783E+00  3.90417714E-01  8.63426344E+00  1.00003028E+00  9.16107979E-01
 -5.20609860E-01  1.00000000E+00  9.63503916E-01 -1.95143153E+00  3.90382945E-01  8.62894684E+00  9.99368082E-01  9.15549450E-01
 -4.90645977E-01  1.00000000E+00  9.44158313E-01 -1.95338836E+00  3.90431930E-01  8.63159538E+00  1.00008378E+00  9.15781392E-01
 -4.60682095E-01  1.00000000E+00  9.24812709E-01 -1.95534613E+00  3.90716089E-01  8.63424565E+00  1.00080017E+00  9.16013457E-01
 -4.34167380E-01  1.00000000E+00  9.08852702E-01 -1.95540125E+00  3.91527160E-01  8.65702411E+00  9.99255425E-01  9.18932242E-01
 -4.07652666E-01  1.00000000E+00  8.92892694E-01 -1.95545468E+00  3.92495110E-01  8.67987191E+00  9.97712079E-01  9.21859180E-01
 -3.84190072E-01  1.00000000E+00  8.80276490E-01 -1.96324755E+00  3.93701316E-01  8.72429626E+00  9.98679573E-01  9.27074002E-01
 -3.60727478E-01  1.00000000E+00  8.67660285E-01 -1.97107468E+00  3.94988161E-01  8.76894839E+00  9.99652196E-01  9.32315544E-01
 -3.39965684E-01  1.00000000E+00  8.57997054E-01 -1.97743742E+00  3.96714324E-01  8.83115728E+00  9.98759758E-01  9.39887702E-01
 -3.19203889E-01  1.00000000E+00  8.48333823E-01 -1.98382807E+00  3.98647171E-01  8.89382439E+00  9.97869569E-01  9.47514578E-01
 -3.00831998E-01  1.00000000E+00  8.41380971E-01 -1.99684138E+00  4.00908198E-01  8.98486254E+00  9.98670366E-01  9.58343061E-01
 -2.82460107E-01  1.00000000E+00  8.34428118E-01 -2.00995660E+00  4.03223702E-01  9.07684454E+00  9.99481306E-01  9.69283588E-01
 -2.66203017E-01  1.00000000E+00  8.29468435E-01 -2.01960222E+00  4.06102904E-01  9.18296405E+00  9.97577866E-01  9.82246342E-01
 -2.49945927E-01  1.00000000E+00  8.24508752E-01 -2.02931044E+00  4.09402667E-01  9.29038163E+00  9.95679047E-01  9.95364310E-01
 -2.35560203E-01  1.00000000E+00  8.22481021E-01 -2.05252335E+00  4.13016032E-01  9.44123060E+00  9.97960202E-01  1.01319245E+00
 -2.21174479E-01  1.00000000E+00  8.20453290E-01 -2.07604107E+00  4.16336846E-01  9.59454600E+00  1.00027708E+00  1.03131227E+00
 -2.08421419E-01  1.00000000E+00  8.20467664E-01 -2.09519046E+00  4.19946455E-01  9.75129069E+00  1.00031253E+00  1.05011738E+00
 -1.95668358E-01  1.00000000E+00  8.20482038E-01 -2.11455949E+00  4.23895989E-01  9.91065128E+00  1.00036445E+00  1.06923442E+00
 -1.83439085E-01  1.00000000E+00  8.21846672E-01 -2.13246535E+00  4.28602457E-01  1.00971124E+01  9.98280564E-01  1.09185982E+00
 -1.71209813E-01  1.00000000E+00  8.23211306E-01 -2.15056659E+00  4.33668998E-01  1.02872170E+01  9.96206296E-01  1.11492129E+00
 -1.58980541E-01  1.00000000E+00  8.26698957E-01 -2.18965670E+00  4.39643368E-01  1.05397650E+01  1.00084961E+00  1.14466985E+00
 -1.46751268E-01  1.00000000E+00  8.30186609E-01 -2.22954219E+00  4.44753994E-01  1.07985416E+01  1.00558921E+00  1.17515429E+00
 -1.34521996E-01  1.00000000E+00  8.41440052E-01 -2.26922097E+00  4.50338438E-01  1.10705476E+01  1.00966212E+00  1.20730626E+00
 -1.22292724E-01  1.00000000E+00  8.52693494E-01 -2.30970362E+00  4.51931446E-01  1.13494537E+01  1.01382182E+00  1.24027583E+00
 -1.10063451E-01  1.00000000E+00  8.54262290E-01 -2.34426611E+00  4.48999092E-01  1.13270221E+01  1.03187228E+00  1.23541798E+00
 -9.78341789E-02  1.00000000E+00  8.55831086E-01 -2.37896024E+00  4.41578626E-01  1.13051888E+01  1.05021177E+00  1.23059725E+00
 -8.56049065E-02  1.00000000E+00  9.09912670E-01 -2.33868652E+00  4.32200333E-01  1.07379687E+01  1.06891128E+00  1.16028689E+00
 -7.33756342E-02  1.00000000E+00  9.63994254E-01 -2.29958467E+00  3.89224957E-01  1.02008771E+01  1.08798676E+00  1.09354685E+00
 -6.11463618E-02  1.00000000E+00  1.15492147E+00 -2.04668632E+00  2.68386021E-01  6.53813238E+00  1.27962152E+00  6.31021304E-01
 -4.89170895E-02  1.00000000E+00  1.34584868E+00 -1.85342704E+00  1.75978411E-01  4.28760175E+00  1.50167715E+00  3.34310952E-01
 -3.66878171E-02  1.00000000E+00  2.28435337E+00 -2.49057620E+00  2.02271522E-01  5.32123151E+00  1.71071181E+00  4.33262364E-01
 -2.44585447E-02  1.00000000E+00  3.22285806E+00 -3.26711922E+00  3.47215614E-01  6.64636333E+00  2.02734406E+00  5.54282313E-01
 -1.22292724E-02  1.00000000E+00  1.44350717E+00  1.70200331E+00  1.53362901E+00  5.87887639E+00  1.50917100E+00  5.24364648E-01
  0.00000000E+00  1.00000000E+00 -3.35843718E-01  2.27440254E+01  5.57337450E+00  2.91820707E+01  1.81632373E+01  1.32226001E+00
