# curve 5 (die wall), step =      400, time =   8.00000000E+01
# N1 = tau_xx - tau_yy = G ( c_xx - c_yy ),  G =  1.2000E-01  (polymer part only)
#              x               y        pressure            c_xy        gammadot            c_xx            c_yy              N1
 -3.00000000E+00  1.00000000E+00  2.92418427E+00 -2.00186942E+00  4.00116846E-01  9.01225005E+00  1.00000426E+00  9.61469495E-01
 -2.95108291E+00  1.00000000E+00  2.88474151E+00 -2.00218660E+00  4.00092892E-01  9.01377654E+00  1.00007982E+00  9.61643606E-01
 -2.90216582E+00  1.00000000E+00  2.84529875E+00 -2.00250384E+00  4.00134649E-01  9.01530330E+00  1.00015540E+00  9.61817748E-01
 -2.85324873E+00  1.00000000E+00  2.80591088E+00 -2.00168203E+00  4.00018235E-01  9.01066814E+00  1.00002388E+00  9.61277311E-01
 -2.80433164E+00  1.00000000E+00  2.76652301E+00 -2.00086058E+00  3.99957709E-01  9.00603536E+00  9.99892416E-01  9.60737153E-01
 -2.75541455E+00  1.00000000E+00  2.72751025E+00 -2.00101777E+00  4.00096985E-01  9.00602456E+00  9.99957305E-01  9.60728071E-01
 -2.70649746E+00  1.00000000E+00  2.68849748E+00 -2.00117496E+00  4.00077265E-01  9.00601378E+00  1.00002220E+00  9.60718989E-01
 -2.65758037E+00  1.00000000E+00  2.64934848E+00 -2.00161744E+00  4.00107674E-01  9.00786486E+00  1.00014335E+00  9.60926581E-01
 -2.60866328E+00  1.00000000E+00  2.61019947E+00 -2.00206001E+00  4.00054785E-01  9.00971632E+00  1.00026451E+00  9.61134216E-01
 -2.55974619E+00  1.00000000E+00  2.57123695E+00 -2.00192682E+00  3.99992237E-01  9.01084205E+00  1.00021081E+00  9.61275749E-01
 -2.51082911E+00  1.00000000E+00  2.53227442E+00 -2.00179359E+00  4.00080962E-01  9.01196799E+00  1.00015710E+00  9.61417306E-01
 -2.46191202E+00  1.00000000E+00  2.49279071E+00 -2.00110977E+00  4.00018187E-01  9.00887017E+00  9.99961051E-01  9.61069094E-01
 -2.41299493E+00  1.00000000E+00  2.45330699E+00 -2.00042618E+00  4.00004371E-01  9.00577342E+00  9.99765051E-01  9.60721004E-01
 -2.36407784E+00  1.00000000E+00  2.41442977E+00 -2.00107516E+00  4.00044228E-01  9.00646956E+00  1.00008611E+00  9.60766013E-01
 -2.31516075E+00  1.00000000E+00  2.37555255E+00 -2.00172426E+00  3.99989956E-01  9.00716586E+00  1.00040728E+00  9.60811030E-01
 -2.26624366E+00  1.00000000E+00  2.33636851E+00 -2.00155808E+00  3.99928174E-01  9.00928097E+00  1.00019035E+00  9.61090875E-01
 -2.21732657E+00  1.00000000E+00  2.29718446E+00 -2.00139186E+00  3.99963502E-01  9.01139672E+00  9.99973449E-01  9.61370793E-01
 -2.16840948E+00  1.00000000E+00  2.25787345E+00 -2.00152688E+00  3.99953889E-01  9.00943817E+00  1.00009114E+00  9.61121644E-01
 -2.11949239E+00  1.00000000E+00  2.21856245E+00 -2.00166183E+00  3.99913864E-01  9.00748018E+00  1.00020884E+00  9.60872562E-01
 -2.07057530E+00  1.00000000E+00  2.17977721E+00 -2.00246587E+00  3.99974647E-01  9.01254274E+00  1.00035367E+00  9.61462688E-01
 -2.02165821E+00  1.00000000E+00  2.14099197E+00 -2.00327027E+00  3.99951115E-01  9.01760817E+00  1.00049856E+00  9.62053154E-01
 -1.97274112E+00  1.00000000E+00  2.10142134E+00 -2.00190935E+00  3.99854550E-01  9.01345165E+00  1.00004213E+00  9.61609143E-01
 -1.92382403E+00  1.00000000E+00  2.06185071E+00 -2.00054919E+00  3.99869847E-01  9.00929716E+00  9.99585976E-01  9.61165342E-01
 -1.87490694E+00  1.00000000E+00  2.02284297E+00 -2.00124216E+00  3.99958247E-01  9.00721767E+00  1.00004328E+00  9.60860927E-01
 -1.82598985E+00  1.00000000E+00  1.98383524E+00 -2.00193504E+00  3.99916015E-01  9.00513920E+00  1.00050075E+00  9.60556613E-01
 -1.77707276E+00  1.00000000E+00  1.94486200E+00 -2.00279081E+00  3.99915161E-01  9.00956427E+00  1.00067056E+00  9.61067246E-01
 -1.72815567E+00  1.00000000E+00  1.90588876E+00 -2.00364696E+00  3.99806765E-01  9.01399152E+00  1.00084043E+00  9.61578131E-01
 -1.67923858E+00  1.00000000E+00  1.86666963E+00 -2.00273791E+00  3.99650360E-01  9.01173243E+00  1.00059519E+00  9.61336469E-01
 -1.63032150E+00  1.00000000E+00  1.82745050E+00 -2.00182912E+00  3.99693457E-01  9.00947399E+00  1.00035006E+00  9.61094871E-01
 -1.58140441E+00  1.00000000E+00  1.78823901E+00 -2.00141320E+00  3.99529436E-01  9.00250046E+00  1.00058013E+00  9.60230439E-01
 -1.53248732E+00  1.00000000E+00  1.74902751E+00 -2.00099737E+00  3.99447273E-01  8.99553274E+00  1.00081022E+00  9.59366703E-01
 -1.48357023E+00  1.00000000E+00  1.70983967E+00 -1.99945578E+00  3.99432905E-01  8.99318916E+00  1.00010547E+00  9.59170043E-01
 -1.43465314E+00  1.00000000E+00  1.67065184E+00 -1.99791495E+00  3.99499766E-01  8.99084666E+00  9.99401242E-01  9.58973450E-01
 -1.38573605E+00  1.00000000E+00  1.63144234E+00 -1.99746079E+00  3.99389396E-01  8.98278890E+00  9.99762681E-01  9.57963146E-01
 -1.33681896E+00  1.00000000E+00  1.59223285E+00 -1.99700680E+00  3.99226157E-01  8.97473892E+00  1.00012423E+00  9.56953762E-01
 -1.28790187E+00  1.00000000E+00  1.55303415E+00 -1.99633104E+00  3.98892704E-01  8.96543991E+00  1.00034303E+00  9.55811626E-01
 -1.23898478E+00  1.00000000E+00  1.51383544E+00 -1.99565554E+00  3.98550809E-01  8.95615117E+00  1.00056183E+00  9.54670721E-01
 -1.19006769E+00  1.00000000E+00  1.47514922E+00 -1.99474946E+00  3.98180791E-01  8.94785307E+00  1.00069779E+00  9.53658634E-01
 -1.14115060E+00  1.00000000E+00  1.43646300E+00 -1.99384398E+00  3.97786058E-01  8.93956290E+00  1.00083384E+00  9.52647488E-01
 -1.09223351E+00  1.00000000E+00  1.39713091E+00 -1.99080842E+00  3.97345769E-01  8.92116473E+00  1.00049954E+00  9.50479823E-01
 -1.04331642E+00  1.00000000E+00  1.35779882E+00 -1.98777807E+00  3.96953125E-01  8.90280459E+00  1.00016595E+00  9.48316637E-01
 -9.94399333E-01  1.00000000E+00  1.31930549E+00 -1.98612314E+00  3.96466871E-01  8.88132055E+00  1.00067542E+00  9.45677416E-01
 -9.45482243E-01  1.00000000E+00  1.28081216E+00 -1.98446996E+00  3.95835356E-01  8.85989151E+00  1.00118500E+00  9.43044781E-01
 -8.96565154E-01  1.00000000E+00  1.24256898E+00 -1.98146858E+00  3.95068582E-01  8.83779881E+00  1.00123068E+00  9.40388175E-01
 -8.47648064E-01  1.00000000E+00  1.20432581E+00 -1.97847296E+00  3.94340921E-01  8.81576204E+00  1.00127708E+00  9.37738196E-01
 -7.99501858E-01  1.00000000E+00  1.16752619E+00 -1.97442791E+00  3.93311108E-01  8.78307627E+00  1.00137019E+00  9.33804730E-01
 -7.51355652E-01  1.00000000E+00  1.13072657E+00 -1.97039340E+00  3.92617733E-01  8.75051453E+00  1.00146418E+00  9.29886042E-01
 -7.08111109E-01  1.00000000E+00  1.09818979E+00 -1.96491707E+00  3.91712110E-01  8.71539127E+00  1.00090799E+00  9.25737994E-01
 -6.64866566E-01  1.00000000E+00  1.06565301E+00 -1.95945828E+00  3.91235706E-01  8.68041016E+00  1.00035381E+00  9.21606762E-01
 -6.26599939E-01  1.00000000E+00  1.03795584E+00 -1.95739158E+00  3.90857820E-01  8.65997033E+00  1.00052368E+00  9.19133598E-01
 -5.88333313E-01  1.00000000E+00  1.01025866E+00 -1.95532756E+00  3.90491646E-01  8.63958064E+00  1.00069358E+00  9.16666446E-01
 -5.54471587E-01  1.00000000E+00  9.86881072E-01 -1.95338008E+00  3.90417719E-01  8.63426354E+00  1.00003085E+00  9.16107923E-01
 -5.20609860E-01  1.00000000E+00  9.63503481E-01 -1.95143409E+00  3.90382873E-01  8.62895003E+00  9.99368725E-01  9.15549757E-01
 -4.90645977E-01  1.00000000E+00  9.44157865E-01 -1.95338947E+00  3.90431792E-01  8.63159691E+00  1.00008397E+00  9.15781552E-01
 -4.60682095E-01  1.00000000E+00  9.24812248E-01 -1.95534579E+00  3.90715983E-01  8.63424550E+00  1.00079992E+00  9.16013470E-01
 -4.34167380E-01  1.00000000E+00  9.08852023E-01 -1.95540050E+00  3.91527110E-01  8.65702213E+00  9.99255059E-01  9.18932048E-01
 -4.07652666E-01  1.00000000E+00  8.92891797E-01 -1.95545351E+00  3.92495135E-01  8.67986809E+00  9.97711598E-01  9.21858779E-01
 -3.84190072E-01  1.00000000E+00  8.80275571E-01 -1.96324832E+00  3.93701420E-01  8.72429712E+00  9.98679718E-01  9.27074088E-01
 -3.60727478E-01  1.00000000E+00  8.67659346E-01 -1.97107741E+00  3.94988212E-01  8.76895398E+00  9.99652970E-01  9.32316121E-01
 -3.39965684E-01  1.00000000E+00  8.57996379E-01 -1.97744057E+00  3.96714277E-01  8.83116580E+00  9.98760693E-01  9.39888613E-01
 -3.19203889E-01  1.00000000E+00  8.48333413E-01 -1.98383166E+00  3.98646988E-01  8.89383589E+00  9.97870664E-01  9.47515827E-01
 -3.00831998E-01  1.00000000E+00  8.41380445E-01 -1.99684188E+00  4.00907901E-01  8.98486585E+00  9.98670520E-01  9.58343440E-01
 -2.82460107E-01  1.00000000E+00  8.34427477E-01 -2.00995398E+00  4.03223498E-01  9.07683950E+00  9.99480512E-01  9.69283078E-01
 -2.66203017E-01  1.00000000E+00  8.29467509E-01 -2.01959849E+00  4.06102834E-01  9.18295212E+00  9.97576820E-01  9.82245036E-01
 -2.49945927E-01  1.00000000E+00  8.24507542E-01 -2.02930561E+00  4.09402785E-01  9.29036266E+00  9.95677751E-01  9.95362189E-01
 -2.35560203E-01  1.00000000E+00  8.22479758E-01 -2.05252058E+00  4.13016329E-01  9.44121466E+00  9.97959533E-01  1.01319062E+00
 -2.21174479E-01  1.00000000E+00  8.20451974E-01 -2.07604042E+00  4.16337141E-01  9.59453320E+00  1.00027705E+00  1.03131074E+00
 -2.08421419E-01  1.00000000E+00  8.20466427E-01 -2.09519177E+00  4.19946681E-01  9.75128339E+00  1.00031318E+00  1.05011643E+00
 -1.95668358E-01  1.00000000E+00  8.20480881E-01 -2.11456280E+00  4.23896042E-01  9.91064968E+00  1.00036578E+00  1.06923407E+00
 -1.83439085E-01  1.00000000E+00  8.21845802E-01 -2.13246914E+00  4.28602309E-01  1.00971135E+01  9.98282141E-01  1.09185976E+00
 -1.71209813E-01  1.00000000E+00  8.23210724E-01 -2.15057086E+00  4.33668583E-01  1.02872208E+01  9.96208114E-01  1.11492152E+00
 -1.58980541E-01  1.00000000E+00  8.26698529E-01 -2.18965788E+00  4.39642628E-01  1.05397595E+01  1.00085073E+00  1.14466905E+00
 -1.46751268E-01  1.00000000E+00  8.30186334E-01 -2.22954015E+00  4.44753224E-01  1.07985263E+01  1.00558960E+00  1.17515241E+00
 -1.34521996E-01  1.00000000E+00  8.41440003E-01 -2.26921449E+00  4.50337857E-01  1.10705262E+01  1.00966091E+00  1.20730383E+00
 -1.22292724E-01  1.00000000E+00  8.52693672E-01 -2.30969256E+00  4.51931418E-01  1.13494259E+01  1.01381898E+00  1.24027283E+00
 -1.10063451E-01  1.00000000E+00  8.54260132E-01 -2.34425238E+00  4.49000056E-01  1.13269947E+01  1.03186812E+00  1.23541518E+00
 -9.78341789E-02  1.00000000E+00  8.55826593E-01 -2.37894382E+00  4.41580360E-01  1.13051618E+01  1.05020626E+00  1.23059466E+00
 -8.56049065E-02  1.00000000E+00  9.09908879E-01 -2.33870106E+00  4.32201644E-01  1.07380014E+01  1.06891698E+00  1.16029013E+00
 -7.33756342E-02  1.00000000E+00  9.63991165E-01 -2.29962868E+00  3.89224209E-01  1.02009646E+01  1.08800375E+00  1.09355531E+00
 -6.11463618E-02  1.00000000E+00  1.15492463E+00 -2.04676262E+00  2.68381357E-01  6.53832052E+00  1.27965668E+00  6.31039661E-01
 -4.89170895E-02  1.00000000E+00  1.34585810E+00 -1.85352723E+00  1.75972751E-01  4.28781323E+00  1.50173482E+00  3.34329409E-01
 -3.66878171E-02  1.00000000E+00  2.28435842E+00 -2.49065118E+00  2.02268984E-01  5.32147696E+00  1.71074145E+00  4.33288261E-01
 -2.44585447E-02  1.00000000E+00  3.22285874E+00 -3.26715766E+00  3.47212784E-01  6.64663223E+00  2.02733200E+00  5.54316028E-01
 -1.22292724E-02  1.00000000E+00  1.44350900E+00  1.70209429E+00  1.53362367E+00  5.87909498E+00  1.50921077E+00  5.24386105E-01
  0.00000000E+00  1.00000000E+00 -3.35840747E-01  2.27441761E+01  5.57333040E+00  2.91822177E+01  1.81633845E+01  1.32225998E+00
