# curve 5 (die wall), step =        1, time =   2.00000000E-01
# N1 = tau_xx - tau_yy = G ( c_xx - c_yy ),  G =  2.6667E-01  (polymer part only)
#              x               y        pressure            c_xy        gammadot            c_xx            c_yy              N1
 -3.00000000E+00  1.00000000E+00  6.41838597E-01  0.00000000E+00  3.99993834E-01  1.00000000E+00  1.00000000E+00  0.00000000E+00
 -2.95108291E+00  1.00000000E+00  6.32058838E-01  0.00000000E+00  3.99996057E-01  1.00000000E+00  1.00000000E+00  0.00000000E+00
 -2.90216582E+00  1.00000000E+00  6.22279079E-01  0.00000000E+00  3.99998508E-01  1.00000000E+00  1.00000000E+00  0.00000000E+00
 -2.85324873E+00  1.00000000E+00  6.12494406E-01  0.00000000E+00  3.99999650E-01  1.00000000E+00  1.00000000E+00  0.00000000E+00
 -2.80433164E+00  1.00000000E+00  6.02709733E-01  0.00000000E+00  3.99999939E-01  1.00000000E+00  1.00000000E+00  0.00000000E+00
 -2.75541455E+00  1.00000000E+00  5.92926631E-01  0.00000000E+00  3.99999974E-01  1.00000000E+00  1.00000000E+00  0.00000000E+00
 -2.70649746E+00  1.00000000E+00  5.83143529E-01  0.00000000E+00  3.99999989E-01  1.00000000E+00  1.00000000E+00  0.00000000E+00
 -2.65758037E+00  1.00000000E+00  5.73359945E-01  0.00000000E+00  3.99999883E-01  1.00000000E+00  1.00000000E+00  0.00000000E+00
 -2.60866328E+00  1.00000000E+00  5.63576360E-01  0.00000000E+00  3.99999696E-01  1.00000000E+00  1.00000000E+00  0.00000000E+00
 -2.55974619E+00  1.00000000E+00  5.53792936E-01  0.00000000E+00  3.99999425E-01  1.00000000E+00  1.00000000E+00  0.00000000E+00
 -2.51082911E+00  1.00000000E+00  5.44009512E-01  0.00000000E+00  3.99999123E-01  1.00000000E+00  1.00000000E+00  0.00000000E+00
 -2.46191202E+00  1.00000000E+00  5.34226038E-01  0.00000000E+00  3.99998730E-01  1.00000000E+00  1.00000000E+00  0.00000000E+00
 -2.41299493E+00  1.00000000E+00  5.24442564E-01  0.00000000E+00  3.99998299E-01  1.00000000E+00  1.00000000E+00  0.00000000E+00
 -2.36407784E+00  1.00000000E+00  5.14659144E-01  0.00000000E+00  3.99997676E-01  1.00000000E+00  1.00000000E+00  0.00000000E+00
 -2.31516075E+00  1.00000000E+00  5.04875725E-01  0.00000000E+00  3.99996964E-01  1.00000000E+00  1.00000000E+00  0.00000000E+00
 -2.26624366E+00  1.00000000E+00  4.95092349E-01  0.00000000E+00  3.99995969E-01  1.00000000E+00  1.00000000E+00  0.00000000E+00
 -2.21732657E+00  1.00000000E+00  4.85308973E-01  0.00000000E+00  3.99994818E-01  1.00000000E+00  1.00000000E+00  0.00000000E+00
 -2.16840948E+00  1.00000000E+00  4.75525560E-01  0.00000000E+00  3.99993285E-01  1.00000000E+00  1.00000000E+00  0.00000000E+00
 -2.11949239E+00  1.00000000E+00  4.65742147E-01  0.00000000E+00  3.99991556E-01  1.00000000E+00  1.00000000E+00  0.00000000E+00
 -2.07057530E+00  1.00000000E+00  4.55959087E-01  0.00000000E+00  3.99989054E-01  1.00000000E+00  1.00000000E+00  0.00000000E+00
 -2.02165821E+00  1.00000000E+00  4.46176027E-01  0.00000000E+00  3.99986287E-01  1.00000000E+00  1.00000000E+00  0.00000000E+00
 -1.97274112E+00  1.00000000E+00  4.36392900E-01  0.00000000E+00  3.99983088E-01  1.00000000E+00  1.00000000E+00  0.00000000E+00
 -1.92382403E+00  1.00000000E+00  4.26609773E-01  0.00000000E+00  3.99979252E-01  1.00000000E+00  1.00000000E+00  0.00000000E+00
 -1.87490694E+00  1.00000000E+00  4.16827293E-01  0.00000000E+00  3.99974141E-01  1.00000000E+00  1.00000000E+00  0.00000000E+00
 -1.82598985E+00  1.00000000E+00  4.07044813E-01  0.00000000E+00  3.99968390E-01  1.00000000E+00  1.00000000E+00  0.00000000E+00
 -1.77707276E+00  1.00000000E+00  3.97263109E-01  0.00000000E+00  3.99961062E-01  1.00000000E+00  1.00000000E+00  0.00000000E+00
 -1.72815567E+00  1.00000000E+00  3.87481405E-01  0.00000000E+00  3.99952318E-01  1.00000000E+00  1.00000000E+00  0.00000000E+00
 -1.67923858E+00  1.00000000E+00  3.77701252E-01  0.00000000E+00  3.99940982E-01  1.00000000E+00  1.00000000E+00  0.00000000E+00
 -1.63032150E+00  1.00000000E+00  3.67921099E-01  0.00000000E+00  3.99929013E-01  1.00000000E+00  1.00000000E+00  0.00000000E+00
 -1.58140441E+00  1.00000000E+00  3.58141661E-01  0.00000000E+00  3.99915020E-01  1.00000000E+00  1.00000000E+00  0.00000000E+00
 -1.53248732E+00  1.00000000E+00  3.48362223E-01  0.00000000E+00  3.99900775E-01  1.00000000E+00  1.00000000E+00  0.00000000E+00
 -1.48357023E+00  1.00000000E+00  3.38587227E-01  0.00000000E+00  3.99883926E-01  1.00000000E+00  1.00000000E+00  0.00000000E+00
 -1.43465314E+00  1.00000000E+00  3.28812231E-01  0.00000000E+00  3.99864009E-01  1.00000000E+00  1.00000000E+00  0.00000000E+00
 -1.38573605E+00  1.00000000E+00  3.19043855E-01  0.00000000E+00  3.99838886E-01  1.00000000E+00  1.00000000E+00  0.00000000E+00
 -1.33681896E+00  1.00000000E+00  3.09275479E-01  0.00000000E+00  3.99816034E-01  1.00000000E+00  1.00000000E+00  0.00000000E+00
 -1.28790187E+00  1.00000000E+00  2.99511784E-01  0.00000000E+00  3.99793779E-01  1.00000000E+00  1.00000000E+00  0.00000000E+00
 -1.23898478E+00  1.00000000E+00  2.89748089E-01  0.00000000E+00  3.99770924E-01  1.00000000E+00  1.00000000E+00  0.00000000E+00
 -1.19006769E+00  1.00000000E+00  2.79997318E-01  0.00000000E+00  3.99750035E-01  1.00000000E+00  1.00000000E+00  0.00000000E+00
 -1.14115060E+00  1.00000000E+00  2.70246546E-01  0.00000000E+00  3.99730427E-01  1.00000000E+00  1.00000000E+00  0.00000000E+00
 -1.09223351E+00  1.00000000E+00  2.60520561E-01  0.00000000E+00  3.99733050E-01  1.00000000E+00  1.00000000E+00  0.00000000E+00
 -1.04331642E+00  1.00000000E+00  2.50794576E-01  0.00000000E+00  3.99740912E-01  1.00000000E+00  1.00000000E+00  0.00000000E+00
 -9.94399333E-01  1.00000000E+00  2.41085826E-01  0.00000000E+00  3.99774236E-01  1.00000000E+00  1.00000000E+00  0.00000000E+00
 -9.45482243E-01  1.00000000E+00  2.31377075E-01  0.00000000E+00  3.99822956E-01  1.00000000E+00  1.00000000E+00  0.00000000E+00
 -8.96565154E-01  1.00000000E+00  2.21707913E-01  0.00000000E+00  3.99946418E-01  1.00000000E+00  1.00000000E+00  0.00000000E+00
 -8.47648064E-01  1.00000000E+00  2.12038752E-01  0.00000000E+00  4.00095466E-01  1.00000000E+00  1.00000000E+00  0.00000000E+00
 -7.99501858E-01  1.00000000E+00  2.02588126E-01  0.00000000E+00  4.00368703E-01  1.00000000E+00  1.00000000E+00  0.00000000E+00
 -7.51355652E-01  1.00000000E+00  1.93137501E-01  0.00000000E+00  4.00698704E-01  1.00000000E+00  1.00000000E+00  0.00000000E+00
 -7.08111109E-01  1.00000000E+00  1.84714918E-01  0.00000000E+00  4.01170231E-01  1.00000000E+00  1.00000000E+00  0.00000000E+00
 -6.64866566E-01  1.00000000E+00  1.76292335E-01  0.00000000E+00  4.01779323E-01  1.00000000E+00  1.00000000E+00  0.00000000E+00
 -6.26599939E-01  1.00000000E+00  1.68865393E-01  0.00000000E+00  4.02588508E-01  1.00000000E+00  1.00000000E+00  0.00000000E+00
 -5.88333313E-01  1.00000000E+00  1.61438452E-01  0.00000000E+00  4.03520754E-01  1.00000000E+00  1.00000000E+00  0.00000000E+00
 -5.54471587E-01  1.00000000E+00  1.55042085E-01  0.00000000E+00  4.04751664E-01  1.00000000E+00  1.00000000E+00  0.00000000E+00
 -5.20609860E-01  1.00000000E+00  1.48645718E-01  0.00000000E+00  4.06114939E-01  1.00000000E+00  1.00000000E+00  0.00000000E+00
 -4.90645977E-01  1.00000000E+00  1.42858419E-01  0.00000000E+00  4.07714142E-01  1.00000000E+00  1.00000000E+00  0.00000000E+00
 -4.60682095E-01  1.00000000E+00  1.37071120E-01  0.00000000E+00  4.09448499E-01  1.00000000E+00  1.00000000E+00  0.00000000E+00
 -4.34167380E-01  1.00000000E+00  1.32347933E-01  0.00000000E+00  4.11648626E-01  1.00000000E+00  1.00000000E+00  0.00000000E+00
 -4.07652666E-01  1.00000000E+00  1.27624746E-01  0.00000000E+00  4.14071184E-01  1.00000000E+00  1.00000000E+00  0.00000000E+00
 -3.84190072E-01  1.00000000E+00  1.23215218E-01  0.00000000E+00  4.16628913E-01  1.00000000E+00  1.00000000E+00  0.00000000E+00
 -3.60727478E-01  1.00000000E+00  1.18805689E-01  0.00000000E+00  4.19377529E-01  1.00000000E+00  1.00000000E+00  0.00000000E+00
 -3.39965684E-01  1.00000000E+00  1.15101905E-01  0.00000000E+00  4.22692456E-01  1.00000000E+00  1.00000000E+00  0.00000000E+00
 -3.19203889E-01  1.00000000E+00  1.11398120E-01  0.00000000E+00  4.26175267E-01  1.00000000E+00  1.00000000E+00  0.00000000E+00
 -3.00831998E-01  1.00000000E+00  1.08153103E-01  0.00000000E+00  4.30020376E-01  1.00000000E+00  1.00000000E+00  0.00000000E+00
 -2.82460107E-01  1.00000000E+00  1.04908086E-01  0.00000000E+00  4.34270139E-01  1.00000000E+00  1.00000000E+00  0.00000000E+00
 -2.66203017E-01  1.00000000E+00  1.02221145E-01  0.00000000E+00  4.38997465E-01  1.00000000E+00  1.00000000E+00  0.00000000E+00
 -2.49945927E-01  1.00000000E+00  9.95342033E-02  0.00000000E+00  4.43923634E-01  1.00000000E+00  1.00000000E+00  0.00000000E+00
 -2.35560203E-01  1.00000000E+00  9.71057823E-02  0.00000000E+00  4.49084371E-01  1.00000000E+00  1.00000000E+00  0.00000000E+00
 -2.21174479E-01  1.00000000E+00  9.46773614E-02  0.00000000E+00  4.54704834E-01  1.00000000E+00  1.00000000E+00  0.00000000E+00
 -2.08421419E-01  1.00000000E+00  9.25039271E-02  0.00000000E+00  4.60894752E-01  1.00000000E+00  1.00000000E+00  0.00000000E+00
 -1.95668358E-01  1.00000000E+00  9.03304928E-02  0.00000000E+00  4.67490217E-01  1.00000000E+00  1.00000000E+00  0.00000000E+00
 -1.83439085E-01  1.00000000E+00  8.87262945E-02  0.00000000E+00  4.75028163E-01  1.00000000E+00  1.00000000E+00  0.00000000E+00
 -1.71209813E-01  1.00000000E+00  8.71220962E-02  0.00000000E+00  4.82907099E-01  1.00000000E+00  1.00000000E+00  0.00000000E+00
 -1.58980541E-01  1.00000000E+00  8.53637924E-02  0.00000000E+00  4.92537747E-01  1.00000000E+00  1.00000000E+00  0.00000000E+00
 -1.46751268E-01  1.00000000E+00  8.36054886E-02  0.00000000E+00  5.02917918E-01  1.00000000E+00  1.00000000E+00  0.00000000E+00
 -1.34521996E-01  1.00000000E+00  8.19791727E-02  0.00000000E+00  5.15818661E-01  1.00000000E+00  1.00000000E+00  0.00000000E+00
 -1.22292724E-01  1.00000000E+00  8.03528567E-02  0.00000000E+00  5.29172145E-01  1.00000000E+00  1.00000000E+00  0.00000000E+00
 -1.10063451E-01  1.00000000E+00  7.78010451E-02  0.00000000E+00  5.48922737E-01  1.00000000E+00  1.00000000E+00  0.00000000E+00
 -9.78341789E-02  1.00000000E+00  7.52492334E-02  0.00000000E+00  5.69415676E-01  1.00000000E+00  1.00000000E+00  0.00000000E+00
 -8.56049065E-02  1.00000000E+00  8.01455416E-02  0.00000000E+00  5.95974690E-01  1.00000000E+00  1.00000000E+00  0.00000000E+00
 -7.33756342E-02  1.00000000E+00  8.50418497E-02  0.00000000E+00  6.26785703E-01  1.00000000E+00  1.00000000E+00  0.00000000E+00
 -6.11463618E-02  1.00000000E+00  5.94030910E-02  0.00000000E+00  6.80992958E-01  1.00000000E+00  1.00000000E+00  0.00000000E+00
 -4.89170895E-02  1.00000000E+00  3.37643323E-02  0.00000000E+00  7.35950309E-01  1.00000000E+00  1.00000000E+00  0.00000000E+00
 -3.66878171E-02  1.00000000E+00  1.05594790E-01  0.00000000E+00  8.29564181E-01  1.00000000E+00  1.00000000E+00  0.00000000E+00
 -2.44585447E-02  1.00000000E+00  1.77425248E-01  0.00000000E+00  9.51003468E-01  1.00000000E+00  1.00000000E+00  0.00000000E+00
 -1.22292724E-02  1.00000000E+00 -2.11843642E-03  0.00000000E+00  1.32202907E+00  1.00000000E+00  1.00000000E+00  0.00000000E+00
  0.00000000E+00  1.00000000E+00 -1.81662120E-01  0.00000000E+00  2.01333804E+00  1.00000000E+00  1.00000000E+00  0.00000000E+00
