# curve 5 (die wall), step =      100, time =   4.00000000E+01
# N1 = tau_xx - tau_yy = G ( c_xx - c_yy ),  G =  7.1429E-02  (polymer part only)
#              x               y        pressure            c_xy        gammadot            c_xx            c_yy              N1
 -3.00000000E+00  1.00000000E+00  1.87105390E+00 -9.32548668E-01  4.25198024E-01  3.56751384E+00  5.82582865E-01  2.13209355E-01
 -2.97524677E+00  1.00000000E+00  1.85723554E+00 -9.32511895E-01  4.25203645E-01  3.56735551E+00  5.82587700E-01  2.13197700E-01
 -2.95049355E+00  1.00000000E+00  1.84341718E+00 -9.32475122E-01  4.25207326E-01  3.56719718E+00  5.82592536E-01  2.13186046E-01
 -2.92574032E+00  1.00000000E+00  1.82959820E+00 -9.32507851E-01  4.25206161E-01  3.56733942E+00  5.82589286E-01  2.13196438E-01
 -2.90098710E+00  1.00000000E+00  1.81577922E+00 -9.32540580E-01  4.25200603E-01  3.56748167E+00  5.82586037E-01  2.13206831E-01
 -2.87623387E+00  1.00000000E+00  1.80194784E+00 -9.32591418E-01  4.25195743E-01  3.56788328E+00  5.82554572E-01  2.13237765E-01
 -2.85148064E+00  1.00000000E+00  1.78811646E+00 -9.32642261E-01  4.25188891E-01  3.56828495E+00  5.82523111E-01  2.13268702E-01
 -2.82672742E+00  1.00000000E+00  1.77429616E+00 -9.32547183E-01  4.25195953E-01  3.56783266E+00  5.82539830E-01  2.13235202E-01
 -2.80197419E+00  1.00000000E+00  1.76047587E+00 -9.32452115E-01  4.25199457E-01  3.56738043E+00  5.82556554E-01  2.13201705E-01
 -2.77722097E+00  1.00000000E+00  1.74665045E+00 -9.32497749E-01  4.25204281E-01  3.56738547E+00  5.82576838E-01  2.13200616E-01
 -2.75246774E+00  1.00000000E+00  1.73282503E+00 -9.32543383E-01  4.25207054E-01  3.56739050E+00  5.82597122E-01  2.13199527E-01
 -2.72771451E+00  1.00000000E+00  1.71900832E+00 -9.32530340E-01  4.25203922E-01  3.56737962E+00  5.82594283E-01  2.13198953E-01
 -2.70296129E+00  1.00000000E+00  1.70519161E+00 -9.32517297E-01  4.25196686E-01  3.56736874E+00  5.82591443E-01  2.13198378E-01
 -2.67820806E+00  1.00000000E+00  1.69136691E+00 -9.32524317E-01  4.25194991E-01  3.56739455E+00  5.82589226E-01  2.13200381E-01
 -2.65345484E+00  1.00000000E+00  1.67754220E+00 -9.32531336E-01  4.25196695E-01  3.56742037E+00  5.82587009E-01  2.13202383E-01
 -2.62870161E+00  1.00000000E+00  1.66371999E+00 -9.32540771E-01  4.25199521E-01  3.56739726E+00  5.82594885E-01  2.13200170E-01
 -2.60394839E+00  1.00000000E+00  1.64989778E+00 -9.32550206E-01  4.25201889E-01  3.56737416E+00  5.82602761E-01  2.13197957E-01
 -2.57919516E+00  1.00000000E+00  1.63607895E+00 -9.32523185E-01  4.25201248E-01  3.56733229E+00  5.82596754E-01  2.13195396E-01
 -2.55444193E+00  1.00000000E+00  1.62226012E+00 -9.32496164E-01  4.25198112E-01  3.56729042E+00  5.82590748E-01  2.13192834E-01
 -2.52968871E+00  1.00000000E+00  1.60842999E+00 -9.32547661E-01  4.25194381E-01  3.56757466E+00  5.82576988E-01  2.13214119E-01
 -2.50493548E+00  1.00000000E+00  1.59459985E+00 -9.32599160E-01  4.25186959E-01  3.56785892E+00  5.82563230E-01  2.13235406E-01
 -2.48018226E+00  1.00000000E+00  1.58077804E+00 -9.32529238E-01  4.25194629E-01  3.56754867E+00  5.82570993E-01  2.13212691E-01
 -2.45542903E+00  1.00000000E+00  1.56695622E+00 -9.32459321E-01  4.25201281E-01  3.56723845E+00  5.82578759E-01  2.13189978E-01
 -2.43067580E+00  1.00000000E+00  1.55313648E+00 -9.32482600E-01  4.25206074E-01  3.56722884E+00  5.82591047E-01  2.13188414E-01
 -2.40592258E+00  1.00000000E+00  1.53931675E+00 -9.32505879E-01  4.25209423E-01  3.56721924E+00  5.82603336E-01  2.13186850E-01
 -2.38116935E+00  1.00000000E+00  1.52549636E+00 -9.32484540E-01  4.25205908E-01  3.56716905E+00  5.82601518E-01  2.13183395E-01
 -2.35641613E+00  1.00000000E+00  1.51167597E+00 -9.32463202E-01  4.25197864E-01  3.56711887E+00  5.82599701E-01  2.13179940E-01
 -2.33166290E+00  1.00000000E+00  1.49785027E+00 -9.32489985E-01  4.25195343E-01  3.56723422E+00  5.82595972E-01  2.13188447E-01
 -2.30690967E+00  1.00000000E+00  1.48402458E+00 -9.32516770E-01  4.25192470E-01  3.56734959E+00  5.82592243E-01  2.13196953E-01
 -2.28215645E+00  1.00000000E+00  1.47020329E+00 -9.32527285E-01  4.25192392E-01  3.56737028E+00  5.82593200E-01  2.13198363E-01
 -2.25740322E+00  1.00000000E+00  1.45638201E+00 -9.32537800E-01  4.25195174E-01  3.56739098E+00  5.82594157E-01  2.13199773E-01
 -2.23265000E+00  1.00000000E+00  1.44255365E+00 -9.32565035E-01  4.25192132E-01  3.56758581E+00  5.82582387E-01  2.13214530E-01
 -2.20789677E+00  1.00000000E+00  1.42872529E+00 -9.32592272E-01  4.25182901E-01  3.56778065E+00  5.82570618E-01  2.13229288E-01
 -2.18314354E+00  1.00000000E+00  1.41490458E+00 -9.32534006E-01  4.25185102E-01  3.56745714E+00  5.82586384E-01  2.13205054E-01
 -2.15839032E+00  1.00000000E+00  1.40108387E+00 -9.32475745E-01  4.25186962E-01  3.56713366E+00  5.82602152E-01  2.13180822E-01
 -2.13363709E+00  1.00000000E+00  1.38726689E+00 -9.32488345E-01  4.25188853E-01  3.56713968E+00  5.82607159E-01  2.13180895E-01
 -2.10888387E+00  1.00000000E+00  1.37344991E+00 -9.32500945E-01  4.25189886E-01  3.56714571E+00  5.82612167E-01  2.13180968E-01
 -2.08413064E+00  1.00000000E+00  1.35962295E+00 -9.32500227E-01  4.25188789E-01  3.56711621E+00  5.82615866E-01  2.13178596E-01
 -2.05937741E+00  1.00000000E+00  1.34579599E+00 -9.32499508E-01  4.25186203E-01  3.56708670E+00  5.82619565E-01  2.13176224E-01
 -2.03462419E+00  1.00000000E+00  1.33197523E+00 -9.32481758E-01  4.25181109E-01  3.56709117E+00  5.82611110E-01  2.13177147E-01
 -2.00987096E+00  1.00000000E+00  1.31815448E+00 -9.32464007E-01  4.25174354E-01  3.56709564E+00  5.82602655E-01  2.13178070E-01
 -1.98511774E+00  1.00000000E+00  1.30433021E+00 -9.32484951E-01  4.25171699E-01  3.56710942E+00  5.82610130E-01  2.13178521E-01
 -1.96036451E+00  1.00000000E+00  1.29050594E+00 -9.32505896E-01  4.25169901E-01  3.56712320E+00  5.82617604E-01  2.13178971E-01
 -1.93561128E+00  1.00000000E+00  1.27668624E+00 -9.32531034E-01  4.25162932E-01  3.56729749E+00  5.82607429E-01  2.13192147E-01
 -1.91085806E+00  1.00000000E+00  1.26286653E+00 -9.32556173E-01  4.25153086E-01  3.56747180E+00  5.82597255E-01  2.13205324E-01
 -1.88610483E+00  1.00000000E+00  1.24903607E+00 -9.32539740E-01  4.25148055E-01  3.56741707E+00  5.82594323E-01  2.13201625E-01
 -1.86135161E+00  1.00000000E+00  1.23520561E+00 -9.32523307E-01  4.25143950E-01  3.56736234E+00  5.82591392E-01  2.13197925E-01
 -1.83659838E+00  1.00000000E+00  1.22139284E+00 -9.32507444E-01  4.25145127E-01  3.56714449E+00  5.82616503E-01  2.13180570E-01
 -1.81184516E+00  1.00000000E+00  1.20758007E+00 -9.32491581E-01  4.25141365E-01  3.56692665E+00  5.82641615E-01  2.13163217E-01
 -1.78709193E+00  1.00000000E+00  1.19375935E+00 -9.32526786E-01  4.25122644E-01  3.56727472E+00  5.82611637E-01  2.13190220E-01
 -1.76233870E+00  1.00000000E+00  1.17993863E+00 -9.32561995E-01  4.25099211E-01  3.56762283E+00  5.82581661E-01  2.13217226E-01
 -1.73758548E+00  1.00000000E+00  1.16611033E+00 -9.32545962E-01  4.25095389E-01  3.56746215E+00  5.82595065E-01  2.13204792E-01
 -1.71283225E+00  1.00000000E+00  1.15228203E+00 -9.32529930E-01  4.25087571E-01  3.56730148E+00  5.82608470E-01  2.13192358E-01
 -1.68807903E+00  1.00000000E+00  1.13846341E+00 -9.32547649E-01  4.25078662E-01  3.56722145E+00  5.82627736E-01  2.13185265E-01
 -1.66332580E+00  1.00000000E+00  1.12464478E+00 -9.32565369E-01  4.25071059E-01  3.56714143E+00  5.82647003E-01  2.13178173E-01
 -1.63857257E+00  1.00000000E+00  1.11083519E+00 -9.32521174E-01  4.25058825E-01  3.56702578E+00  5.82643522E-01  2.13170161E-01
 -1.61381935E+00  1.00000000E+00  1.09702560E+00 -9.32476980E-01  4.25040897E-01  3.56691014E+00  5.82640042E-01  2.13162150E-01
 -1.58906612E+00  1.00000000E+00  1.08320239E+00 -9.32475738E-01  4.25024509E-01  3.56672037E+00  5.82664571E-01  2.13146843E-01
 -1.56431290E+00  1.00000000E+00  1.06937918E+00 -9.32474496E-01  4.25011311E-01  3.56653061E+00  5.82689101E-01  2.13131536E-01
 -1.53955967E+00  1.00000000E+00  1.05557973E+00 -9.32442689E-01  4.24992793E-01  3.56630718E+00  5.82706184E-01  2.13114357E-01
 -1.51480644E+00  1.00000000E+00  1.04178027E+00 -9.32410884E-01  4.24973344E-01  3.56608376E+00  5.82723267E-01  2.13097178E-01
 -1.49005322E+00  1.00000000E+00  1.02797299E+00 -9.32400370E-01  4.24949117E-01  3.56600994E+00  5.82730803E-01  2.13091367E-01
 -1.46529999E+00  1.00000000E+00  1.01416570E+00 -9.32389857E-01  4.24918164E-01  3.56593612E+00  5.82738339E-01  2.13085556E-01
 -1.44054677E+00  1.00000000E+00  1.00035018E+00 -9.32439058E-01  4.24885726E-01  3.56622230E+00  5.82724195E-01  2.13107008E-01
 -1.41579354E+00  1.00000000E+00  9.86534657E-01 -9.32488263E-01  4.24845617E-01  3.56650850E+00  5.82710054E-01  2.13128461E-01
 -1.39104031E+00  1.00000000E+00  9.72743576E-01 -9.32375757E-01  4.24820758E-01  3.56587537E+00  5.82743883E-01  2.13080820E-01
 -1.36628709E+00  1.00000000E+00  9.58952496E-01 -9.32263269E-01  4.24795627E-01  3.56524234E+00  5.82777723E-01  2.13033187E-01
 -1.34153386E+00  1.00000000E+00  9.45164089E-01 -9.32296801E-01  4.24762856E-01  3.56509650E+00  5.82814564E-01  2.13020139E-01
 -1.31678064E+00  1.00000000E+00  9.31375683E-01 -9.32330332E-01  4.24724687E-01  3.56495068E+00  5.82851407E-01  2.13007091E-01
 -1.29202741E+00  1.00000000E+00  9.17605001E-01 -9.32315408E-01  4.24678080E-01  3.56485486E+00  5.82859545E-01  2.12999665E-01
 -1.26727418E+00  1.00000000E+00  9.03834320E-01 -9.32300485E-01  4.24629137E-01  3.56475904E+00  5.82867684E-01  2.12992240E-01
 -1.24252096E+00  1.00000000E+00  8.90061703E-01 -9.32335372E-01  4.24583553E-01  3.56472708E+00  5.82891248E-01  2.12988274E-01
 -1.21776773E+00  1.00000000E+00  8.76289086E-01 -9.32370260E-01  4.24524698E-01  3.56469512E+00  5.82914812E-01  2.12984308E-01
 -1.19301451E+00  1.00000000E+00  8.62538761E-01 -9.32248087E-01  4.24475883E-01  3.56404571E+00  5.82947385E-01  2.12935595E-01
 -1.16826128E+00  1.00000000E+00  8.48788436E-01 -9.32125934E-01  4.24432729E-01  3.56339642E+00  5.82979968E-01  2.12886890E-01
 -1.14350806E+00  1.00000000E+00  8.35062206E-01 -9.32165340E-01  4.24376624E-01  3.56330860E+00  5.83012764E-01  2.12878274E-01
 -1.11875483E+00  1.00000000E+00  8.21335977E-01 -9.32204745E-01  4.24313351E-01  3.56322077E+00  5.83045562E-01  2.12869658E-01
 -1.09400160E+00  1.00000000E+00  8.07626565E-01 -9.32170721E-01  4.24262470E-01  3.56290058E+00  5.83074446E-01  2.12844724E-01
 -1.06924838E+00  1.00000000E+00  7.93917154E-01 -9.32136701E-01  4.24211210E-01  3.56258043E+00  5.83103332E-01  2.12819792E-01
 -1.04449515E+00  1.00000000E+00  7.80246430E-01 -9.32096373E-01  4.24151170E-01  3.56216555E+00  5.83144679E-01  2.12787205E-01
 -1.01974193E+00  1.00000000E+00  7.66575706E-01 -9.32056050E-01  4.24087131E-01  3.56175073E+00  5.83186030E-01  2.12754622E-01
 -9.94988700E-01  1.00000000E+00  7.52934989E-01 -9.32027395E-01  4.24027198E-01  3.56149478E+00  5.83210696E-01  2.12734578E-01
 -9.70235474E-01  1.00000000E+00  7.39294272E-01 -9.31998743E-01  4.23973514E-01  3.56123885E+00  5.83235363E-01  2.12714535E-01
 -9.45482248E-01  1.00000000E+00  7.25693061E-01 -9.31966549E-01  4.23932224E-01  3.56102089E+00  5.83249034E-01  2.12697990E-01
 -9.20729022E-01  1.00000000E+00  7.12091850E-01 -9.31934357E-01  4.23896042E-01  3.56080295E+00  5.83262706E-01  2.12681446E-01
 -8.95975796E-01  1.00000000E+00  6.98559939E-01 -9.31882463E-01  4.23856995E-01  3.56039981E+00  5.83297173E-01  2.12650189E-01
 -8.71222570E-01  1.00000000E+00  6.85028028E-01 -9.31830573E-01  4.23821136E-01  3.55999673E+00  5.83331645E-01  2.12618934E-01
 -8.46469344E-01  1.00000000E+00  6.71547914E-01 -9.31902475E-01  4.23811264E-01  3.56017051E+00  5.83345844E-01  2.12630333E-01
 -8.21716118E-01  1.00000000E+00  6.58067799E-01 -9.31974380E-01  4.23798913E-01  3.56034430E+00  5.83360046E-01  2.12641732E-01
 -7.97201467E-01  1.00000000E+00  6.44809806E-01 -9.32018140E-01  4.23851076E-01  3.56061385E+00  5.83341887E-01  2.12662283E-01
 -7.72686817E-01  1.00000000E+00  6.31551813E-01 -9.32061903E-01  4.23897963E-01  3.56088343E+00  5.83323731E-01  2.12682836E-01
 -7.49503432E-01  1.00000000E+00  6.19098765E-01 -9.32021611E-01  4.23983089E-01  3.56134005E+00  5.83233201E-01  2.12721918E-01
 -7.26320047E-01  1.00000000E+00  6.06645717E-01 -9.31981321E-01  4.24089959E-01  3.56179674E+00  5.83142684E-01  2.12761004E-01
 -7.04527831E-01  1.00000000E+00  5.95032007E-01 -9.32166305E-01  4.24223795E-01  3.56248535E+00  5.83141291E-01  2.12810290E-01
 -6.82735615E-01  1.00000000E+00  5.83418296E-01 -9.32351321E-01  4.24381177E-01  3.56317410E+00  5.83139913E-01  2.12859585E-01
 -6.62251087E-01  1.00000000E+00  5.72602259E-01 -9.32300365E-01  4.24629883E-01  3.56445581E+00  5.82916271E-01  2.12967110E-01
 -6.41766559E-01  1.00000000E+00  5.61786222E-01 -9.32249429E-01  4.24904808E-01  3.56573807E+00  5.82692710E-01  2.13074669E-01
 -6.22511254E-01  1.00000000E+00  5.51724757E-01 -9.32319476E-01  4.25197056E-01  3.56716528E+00  5.82516683E-01  2.13189185E-01
 -6.03255949E-01  1.00000000E+00  5.41663292E-01 -9.32389566E-01  4.25527771E-01  3.56859310E+00  5.82340723E-01  2.13303741E-01
 -5.85156097E-01  1.00000000E+00  5.32316138E-01 -9.32692430E-01  4.25913213E-01  3.57054917E+00  5.82209560E-01  2.13452829E-01
 -5.67056245E-01  1.00000000E+00  5.22968984E-01 -9.32995446E-01  4.26335365E-01  3.57250633E+00  5.82078498E-01  2.13601988E-01
 -5.50042515E-01  1.00000000E+00  5.14278286E-01 -9.33111461E-01  4.26871543E-01  3.57531322E+00  5.81717958E-01  2.13828233E-01
 -5.33028786E-01  1.00000000E+00  5.05587589E-01 -9.33227635E-01  4.27424600E-01  3.57812253E+00  5.81357685E-01  2.14054632E-01
 -5.17036006E-01  1.00000000E+00  4.97556981E-01 -9.33609982E-01  4.28041842E-01  3.58142720E+00  5.81075098E-01  2.14310864E-01
 -5.01043227E-01  1.00000000E+00  4.89526373E-01 -9.33992675E-01  4.28696686E-01  3.58473500E+00  5.80792795E-01  2.14567300E-01
 -4.86010125E-01  1.00000000E+00  4.82086208E-01 -9.34332056E-01  4.29440218E-01  3.58853481E+00  5.80404641E-01  2.14866441E-01
 -4.70977023E-01  1.00000000E+00  4.74646044E-01 -9.34671832E-01  4.30255386E-01  3.59233884E+00  5.80016905E-01  2.15165853E-01
 -4.56846016E-01  1.00000000E+00  4.67763384E-01 -9.35076121E-01  4.31111829E-01  3.59697941E+00  5.79543975E-01  2.15531103E-01
 -4.42715008E-01  1.00000000E+00  4.60880724E-01 -9.35480987E-01  4.32058641E-01  3.60162626E+00  5.79071657E-01  2.15896758E-01
 -4.29431964E-01  1.00000000E+00  4.54566743E-01 -9.36007624E-01  4.33145718E-01  3.60721070E+00  5.78529732E-01  2.16334355E-01
 -4.16148920E-01  1.00000000E+00  4.48252763E-01 -9.36535127E-01  4.34280315E-01  3.61280415E+00  5.77988661E-01  2.16772535E-01
 -4.03662954E-01  1.00000000E+00  4.42431200E-01 -9.36919109E-01  4.35389449E-01  3.61859616E+00  5.77340336E-01  2.17232559E-01
 -3.91176988E-01  1.00000000E+00  4.36609636E-01 -9.37303870E-01  4.36650378E-01  3.62439807E+00  5.76693009E-01  2.17693219E-01
 -3.79440270E-01  1.00000000E+00  4.31221840E-01 -9.38086468E-01  4.38010331E-01  3.63137028E+00  5.76086370E-01  2.18234565E-01
 -3.67703552E-01  1.00000000E+00  4.25834044E-01 -9.38870563E-01  4.39452755E-01  3.63835629E+00  5.75481011E-01  2.18776806E-01
 -3.56671122E-01  1.00000000E+00  4.21003829E-01 -9.39513299E-01  4.41016924E-01  3.64629682E+00  5.74665274E-01  2.19402253E-01
 -3.45638692E-01  1.00000000E+00  4.16173615E-01 -9.40157627E-01  4.42614757E-01  3.65425560E+00  5.73851295E-01  2.20028879E-01
 -3.35268287E-01  1.00000000E+00  4.11681844E-01 -9.40916883E-01  4.44199595E-01  3.66246892E+00  5.73066828E-01  2.20671578E-01
 -3.24897882E-01  1.00000000E+00  4.07190072E-01 -9.41677957E-01  4.45967167E-01  3.67070150E+00  5.72284153E-01  2.21315525E-01
 -3.15149775E-01  1.00000000E+00  4.03147780E-01 -9.42507863E-01  4.47877477E-01  3.68004369E+00  5.71386954E-01  2.22046910E-01
 -3.05401669E-01  1.00000000E+00  3.99105488E-01 -9.43340042E-01  4.49840305E-01  3.68941075E+00  5.70492039E-01  2.22779908E-01
 -2.96238520E-01  1.00000000E+00  3.95391129E-01 -9.43962554E-01  4.51840495E-01  3.70019057E+00  5.69282007E-01  2.23636326E-01
 -2.87075371E-01  1.00000000E+00  3.91676770E-01 -9.44587519E-01  4.54108464E-01  3.71100425E+00  5.68075335E-01  2.24494923E-01
 -2.78462077E-01  1.00000000E+00  3.88409913E-01 -9.45667254E-01  4.56446481E-01  3.72242658E+00  5.67026056E-01  2.25385752E-01
 -2.69848783E-01  1.00000000E+00  3.85143057E-01 -9.46750482E-01  4.58856397E-01  3.73388549E+00  5.65980110E-01  2.26278956E-01
 -2.61752348E-01  1.00000000E+00  3.82201601E-01 -9.47989783E-01  4.61260719E-01  3.74607288E+00  5.64929069E-01  2.27224558E-01
 -2.53655913E-01  1.00000000E+00  3.79260145E-01 -9.49233187E-01  4.63825532E-01  3.75830145E+00  5.63881639E-01  2.28172844E-01
 -2.46045323E-01  1.00000000E+00  3.76656374E-01 -9.49927008E-01  4.66539524E-01  3.77130685E+00  5.62443391E-01  2.29204532E-01
 -2.38434732E-01  1.00000000E+00  3.74052604E-01 -9.50624160E-01  4.69323778E-01  3.78436079E+00  5.61009835E-01  2.30239354E-01
 -2.31280830E-01  1.00000000E+00  3.71739253E-01 -9.51623599E-01  4.72183198E-01  3.79803416E+00  5.59662316E-01  2.31312275E-01
 -2.24126928E-01  1.00000000E+00  3.69425902E-01 -9.52627216E-01  4.75171883E-01  3.81175983E+00  5.58319510E-01  2.32388595E-01
 -2.17402314E-01  1.00000000E+00  3.67399183E-01 -9.54347895E-01  4.78238124E-01  3.82715868E+00  5.57123363E-01  2.33573951E-01
 -2.10677699E-01  1.00000000E+00  3.65372464E-01 -9.56075372E-01  4.81407302E-01  3.84262141E+00  5.55932599E-01  2.34763487E-01
 -2.04351753E-01  1.00000000E+00  3.63680721E-01 -9.57165613E-01  4.84790815E-01  3.85900769E+00  5.54305256E-01  2.36050174E-01
 -1.98025807E-01  1.00000000E+00  3.61988978E-01 -9.58261446E-01  4.88238871E-01  3.87546833E+00  5.52684567E-01  2.37341697E-01
 -1.91837501E-01  1.00000000E+00  3.60477872E-01 -9.59895469E-01  4.91990836E-01  3.89328530E+00  5.51179389E-01  2.38721851E-01
 -1.85649194E-01  1.00000000E+00  3.58966765E-01 -9.61537268E-01  4.95853495E-01  3.91118756E+00  5.49681280E-01  2.40107592E-01
 -1.79460888E-01  1.00000000E+00  3.57693437E-01 -9.62113482E-01  5.00188692E-01  3.93146581E+00  5.47350360E-01  2.41722532E-01
 -1.73272582E-01  1.00000000E+00  3.56420109E-01 -9.62695698E-01  5.04665937E-01  3.95186031E+00  5.45030578E-01  2.43344981E-01
 -1.67084275E-01  1.00000000E+00  3.55389563E-01 -9.65270302E-01  5.09509240E-01  3.97514666E+00  5.43361046E-01  2.45127544E-01
 -1.60895969E-01  1.00000000E+00  3.54359016E-01 -9.67859589E-01  5.14543377E-01  3.99857379E+00  5.41702553E-01  2.46919374E-01
 -1.54707662E-01  1.00000000E+00  3.53559854E-01 -9.68988355E-01  5.20330063E-01  4.02522511E+00  5.38940829E-01  2.49020306E-01
 -1.48519356E-01  1.00000000E+00  3.52760692E-01 -9.70128313E-01  5.26288751E-01  4.05206964E+00  5.36196113E-01  2.51133824E-01
 -1.42331049E-01  1.00000000E+00  3.52531194E-01 -9.73053933E-01  5.33101393E-01  4.08364543E+00  5.33786953E-01  2.53561320E-01
 -1.36142743E-01  1.00000000E+00  3.52301697E-01 -9.76002587E-01  5.40224398E-01  4.11547658E+00  5.31397266E-01  2.56005665E-01
 -1.29954436E-01  1.00000000E+00  3.52468442E-01 -9.77817762E-01  5.47799930E-01  4.15002849E+00  5.28183614E-01  2.58703206E-01
 -1.23766130E-01  1.00000000E+00  3.52635187E-01 -9.79652273E-01  5.56014490E-01  4.18489215E+00  5.24994970E-01  2.61421227E-01
 -1.17577823E-01  1.00000000E+00  3.53170432E-01 -9.82782837E-01  5.65435793E-01  4.22814325E+00  5.21504729E-01  2.64759895E-01
 -1.11389517E-01  1.00000000E+00  3.53705677E-01 -9.85948467E-01  5.75402619E-01  4.27186523E+00  5.18049454E-01  2.68129698E-01
 -1.05201210E-01  1.00000000E+00  3.55290252E-01 -9.89303341E-01  5.87192806E-01  4.32450891E+00  5.13763040E-01  2.72196134E-01
 -9.90129037E-02  1.00000000E+00  3.56874828E-01 -9.92704697E-01  5.99525714E-01  4.37784063E+00  5.09526683E-01  2.76308139E-01
 -9.28245972E-02  1.00000000E+00  3.59641424E-01 -9.93753844E-01  6.14064592E-01  4.43828072E+00  5.03565957E-01  2.81051055E-01
 -8.66362908E-02  1.00000000E+00  3.62408020E-01 -9.94837223E-01  6.29269049E-01  4.49964984E+00  4.97679157E-01  2.85855049E-01
 -8.04479843E-02  1.00000000E+00  3.66015608E-01 -1.00223602E+00  6.47830526E-01  4.57910870E+00  4.92948445E-01  2.91868589E-01
 -7.42596778E-02  1.00000000E+00  3.69623196E-01 -1.00976054E+00  6.67774311E-01  4.66001442E+00  4.88307111E-01  2.97979093E-01
 -6.80713713E-02  1.00000000E+00  3.76762361E-01 -1.00568856E+00  6.91868307E-01  4.75659738E+00  4.77336557E-01  3.05661488E-01
 -6.18830648E-02  1.00000000E+00  3.83901526E-01 -1.00161953E+00  7.18963754E-01  4.85559166E+00  4.66580550E-01  3.13500793E-01
 -5.56947583E-02  1.00000000E+00  3.89416779E-01 -1.03160223E+00  7.52767565E-01  5.00689805E+00  4.65664399E-01  3.24373832E-01
 -4.95064519E-02  1.00000000E+00  3.94932032E-01 -1.06244181E+00  7.89277704E-01  5.16291433E+00  4.65082645E-01  3.35559406E-01
 -4.33181454E-02  1.00000000E+00  4.40797426E-01 -1.03027741E+00  8.35551711E-01  5.34418916E+00  4.37829753E-01  3.50454243E-01
 -3.71298389E-02  1.00000000E+00  4.86662819E-01 -9.97619668E-01  8.99147549E-01  5.53531584E+00  4.11832103E-01  3.65963124E-01
 -3.09415324E-02  1.00000000E+00  4.02023316E-01 -8.99924471E-01  9.89246504E-01  5.48092934E+00  3.82011132E-01  3.64208443E-01
 -2.47532259E-02  1.00000000E+00  3.17383813E-01 -8.04242106E-01  1.06585150E+00  5.43381683E+00  3.55229809E-01  3.62756216E-01
 -1.85649194E-02  1.00000000E+00  8.13912667E-01 -1.37235668E+00  1.21761471E+00  7.11830290E+00  4.49363310E-01  4.76352828E-01
 -1.23766130E-02  1.00000000E+00  1.31044152E+00 -2.13885049E+00  1.51731552E+00  9.42815233E+00  6.28193941E-01  6.28568457E-01
 -6.18830648E-03  1.00000000E+00  1.80208580E-01  7.02099244E-01  2.53796424E+00  7.83235073E+00  2.35354112E-01  5.42642616E-01
  0.00000000E+00  1.00000000E+00 -9.50024362E-01  4.49117351E+00  5.15476726E+00  1.19141650E+01  1.80654559E+00  7.21972816E-01
