# curve 5 (die wall), step =      800, time =   3.20000000E+02
# N1 = tau_xx - tau_yy = G ( c_xx - c_yy ),  G =  7.1429E-02  (polymer part only)
#              x               y        pressure            c_xy        gammadot            c_xx            c_yy              N1
 -3.00000000E+00  1.00000000E+00  1.87104628E+00 -9.32472712E-01  4.25203793E-01  3.56752747E+00  5.82545997E-01  2.13212962E-01
 -2.97524677E+00  1.00000000E+00  1.85722803E+00 -9.32435999E-01  4.25209414E-01  3.56736937E+00  5.82550830E-01  2.13201324E-01
 -2.95049355E+00  1.00000000E+00  1.84340978E+00 -9.32399286E-01  4.25213092E-01  3.56721127E+00  5.82555663E-01  2.13189687E-01
 -2.92574032E+00  1.00000000E+00  1.82959092E+00 -9.32431880E-01  4.25211937E-01  3.56735346E+00  5.82552357E-01  2.13200079E-01
 -2.90098710E+00  1.00000000E+00  1.81577205E+00 -9.32464475E-01  4.25206400E-01  3.56749565E+00  5.82549053E-01  2.13210471E-01
 -2.87623387E+00  1.00000000E+00  1.80194076E+00 -9.32514797E-01  4.25201560E-01  3.56789624E+00  5.82517491E-01  2.13241339E-01
 -2.85148064E+00  1.00000000E+00  1.78810947E+00 -9.32565125E-01  4.25194757E-01  3.56829688E+00  5.82485933E-01  2.13272210E-01
 -2.82672742E+00  1.00000000E+00  1.77428930E+00 -9.32470456E-01  4.25201805E-01  3.56784503E+00  5.82502790E-01  2.13238731E-01
 -2.80197419E+00  1.00000000E+00  1.76046912E+00 -9.32375797E-01  4.25205292E-01  3.56739324E+00  5.82519652E-01  2.13205256E-01
 -2.77722097E+00  1.00000000E+00  1.74664383E+00 -9.32421600E-01  4.25210100E-01  3.56739864E+00  5.82539956E-01  2.13204192E-01
 -2.75246774E+00  1.00000000E+00  1.73281854E+00 -9.32467403E-01  4.25212854E-01  3.56740404E+00  5.82560262E-01  2.13203127E-01
 -2.72771451E+00  1.00000000E+00  1.71900194E+00 -9.32454281E-01  4.25209707E-01  3.56739305E+00  5.82557402E-01  2.13202546E-01
 -2.70296129E+00  1.00000000E+00  1.70518534E+00 -9.32441158E-01  4.25202473E-01  3.56738206E+00  5.82554542E-01  2.13201965E-01
 -2.67820806E+00  1.00000000E+00  1.69136077E+00 -9.32448288E-01  4.25200779E-01  3.56740802E+00  5.82552352E-01  2.13203976E-01
 -2.65345484E+00  1.00000000E+00  1.67753619E+00 -9.32455418E-01  4.25202477E-01  3.56743398E+00  5.82550161E-01  2.13205987E-01
 -2.62870161E+00  1.00000000E+00  1.66371410E+00 -9.32464898E-01  4.25205295E-01  3.56741093E+00  5.82558048E-01  2.13203777E-01
 -2.60394839E+00  1.00000000E+00  1.64989200E+00 -9.32474379E-01  4.25207655E-01  3.56738788E+00  5.82565934E-01  2.13201567E-01
 -2.57919516E+00  1.00000000E+00  1.63607326E+00 -9.32447253E-01  4.25207015E-01  3.56734603E+00  5.82559880E-01  2.13199011E-01
 -2.55444193E+00  1.00000000E+00  1.62225453E+00 -9.32420128E-01  4.25203891E-01  3.56730419E+00  5.82553826E-01  2.13196455E-01
 -2.52968871E+00  1.00000000E+00  1.60842450E+00 -9.32471366E-01  4.25200177E-01  3.56758812E+00  5.82539997E-01  2.13217723E-01
 -2.50493548E+00  1.00000000E+00  1.59459447E+00 -9.32522607E-01  4.25192782E-01  3.56787208E+00  5.82526169E-01  2.13238993E-01
 -2.48018226E+00  1.00000000E+00  1.58077279E+00 -9.32452957E-01  4.25200436E-01  3.56756210E+00  5.82534018E-01  2.13216292E-01
 -2.45542903E+00  1.00000000E+00  1.56695111E+00 -9.32383312E-01  4.25207069E-01  3.56725216E+00  5.82541869E-01  2.13193592E-01
 -2.43067580E+00  1.00000000E+00  1.55313149E+00 -9.32406676E-01  4.25211848E-01  3.56724259E+00  5.82554184E-01  2.13192029E-01
 -2.40592258E+00  1.00000000E+00  1.53931187E+00 -9.32430040E-01  4.25215180E-01  3.56723302E+00  5.82566500E-01  2.13190465E-01
 -2.38116935E+00  1.00000000E+00  1.52549158E+00 -9.32408598E-01  4.25211659E-01  3.56718271E+00  5.82564653E-01  2.13187004E-01
 -2.35641613E+00  1.00000000E+00  1.51167128E+00 -9.32387156E-01  4.25203627E-01  3.56713240E+00  5.82562807E-01  2.13183542E-01
 -2.33166290E+00  1.00000000E+00  1.49784570E+00 -9.32413947E-01  4.25201119E-01  3.56724780E+00  5.82559079E-01  2.13192051E-01
 -2.30690967E+00  1.00000000E+00  1.48402011E+00 -9.32440738E-01  4.25198256E-01  3.56736319E+00  5.82555352E-01  2.13200560E-01
 -2.28215645E+00  1.00000000E+00  1.47019894E+00 -9.32451298E-01  4.25198180E-01  3.56738405E+00  5.82556303E-01  2.13201982E-01
 -2.25740322E+00  1.00000000E+00  1.45637778E+00 -9.32461858E-01  4.25200961E-01  3.56740491E+00  5.82557254E-01  2.13203404E-01
 -2.23265000E+00  1.00000000E+00  1.44254951E+00 -9.32488808E-01  4.25197924E-01  3.56759923E+00  5.82545430E-01  2.13218129E-01
 -2.20789677E+00  1.00000000E+00  1.42872125E+00 -9.32515760E-01  4.25188715E-01  3.56779356E+00  5.82533606E-01  2.13232854E-01
 -2.18314354E+00  1.00000000E+00  1.41490068E+00 -9.32457834E-01  4.25190897E-01  3.56747055E+00  5.82549458E-01  2.13208650E-01
 -2.15839032E+00  1.00000000E+00  1.40108012E+00 -9.32399911E-01  4.25192738E-01  3.56714758E+00  5.82565313E-01  2.13184448E-01
 -2.13363709E+00  1.00000000E+00  1.38726324E+00 -9.32412530E-01  4.25194616E-01  3.56715357E+00  5.82570328E-01  2.13184517E-01
 -2.10888387E+00  1.00000000E+00  1.37344636E+00 -9.32425149E-01  4.25195636E-01  3.56715956E+00  5.82575344E-01  2.13184587E-01
 -2.08413064E+00  1.00000000E+00  1.35961953E+00 -9.32424484E-01  4.25194531E-01  3.56713016E+00  5.82579048E-01  2.13182222E-01
 -2.05937741E+00  1.00000000E+00  1.34579270E+00 -9.32423819E-01  4.25191940E-01  3.56710076E+00  5.82582753E-01  2.13179857E-01
 -2.03462419E+00  1.00000000E+00  1.33197203E+00 -9.32405873E-01  4.25186853E-01  3.56710490E+00  5.82574255E-01  2.13180760E-01
 -2.00987096E+00  1.00000000E+00  1.31815136E+00 -9.32387927E-01  4.25180120E-01  3.56710905E+00  5.82565757E-01  2.13181664E-01
 -1.98511774E+00  1.00000000E+00  1.30432721E+00 -9.32408983E-01  4.25177476E-01  3.56712314E+00  5.82573243E-01  2.13182135E-01
 -1.96036451E+00  1.00000000E+00  1.29050306E+00 -9.32430039E-01  4.25175678E-01  3.56713723E+00  5.82580729E-01  2.13182607E-01
 -1.93561128E+00  1.00000000E+00  1.27668346E+00 -9.32454969E-01  4.25168716E-01  3.56731129E+00  5.82570495E-01  2.13195771E-01
 -1.91085806E+00  1.00000000E+00  1.26286387E+00 -9.32479901E-01  4.25158890E-01  3.56748537E+00  5.82560262E-01  2.13208936E-01
 -1.88610483E+00  1.00000000E+00  1.24903355E+00 -9.32463551E-01  4.25153857E-01  3.56743058E+00  5.82557371E-01  2.13205229E-01
 -1.86135161E+00  1.00000000E+00  1.23520323E+00 -9.32447201E-01  4.25149755E-01  3.56737579E+00  5.82554480E-01  2.13201522E-01
 -1.83659838E+00  1.00000000E+00  1.22139055E+00 -9.32431406E-01  4.25150913E-01  3.56715803E+00  5.82579607E-01  2.13184173E-01
 -1.81184516E+00  1.00000000E+00  1.20757787E+00 -9.32415612E-01  4.25147139E-01  3.56694029E+00  5.82604735E-01  2.13166825E-01
 -1.78709193E+00  1.00000000E+00  1.19375724E+00 -9.32450334E-01  4.25128448E-01  3.56728785E+00  5.82574611E-01  2.13193803E-01
 -1.76233870E+00  1.00000000E+00  1.17993661E+00 -9.32485060E-01  4.25105070E-01  3.56763546E+00  5.82544490E-01  2.13220783E-01
 -1.73758548E+00  1.00000000E+00  1.16610844E+00 -9.32469261E-01  4.25101247E-01  3.56747507E+00  5.82557967E-01  2.13208364E-01
 -1.71283225E+00  1.00000000E+00  1.15228028E+00 -9.32453462E-01  4.25093419E-01  3.56731469E+00  5.82571445E-01  2.13195946E-01
 -1.68807903E+00  1.00000000E+00  1.13846179E+00 -9.32471247E-01  4.25084501E-01  3.56723472E+00  5.82590721E-01  2.13188857E-01
 -1.66332580E+00  1.00000000E+00  1.12464330E+00 -9.32489031E-01  4.25076883E-01  3.56715477E+00  5.82609997E-01  2.13181769E-01
 -1.63857257E+00  1.00000000E+00  1.11083380E+00 -9.32444801E-01  4.25064632E-01  3.56703884E+00  5.82606541E-01  2.13173735E-01
 -1.61381935E+00  1.00000000E+00  1.09702430E+00 -9.32400573E-01  4.25046699E-01  3.56692291E+00  5.82603086E-01  2.13165702E-01
 -1.58906612E+00  1.00000000E+00  1.08320123E+00 -9.32399607E-01  4.25030307E-01  3.56673356E+00  5.82627683E-01  2.13150420E-01
 -1.56431290E+00  1.00000000E+00  1.06937816E+00 -9.32398641E-01  4.25017088E-01  3.56654423E+00  5.82652281E-01  2.13135139E-01
 -1.53955967E+00  1.00000000E+00  1.05557881E+00 -9.32366864E-01  4.24998555E-01  3.56632101E+00  5.82669345E-01  2.13117976E-01
 -1.51480644E+00  1.00000000E+00  1.04177946E+00 -9.32335090E-01  4.24979099E-01  3.56609781E+00  5.82686410E-01  2.13100814E-01
 -1.49005322E+00  1.00000000E+00  1.02797225E+00 -9.32324278E-01  4.24954882E-01  3.56602375E+00  5.82693841E-01  2.13094994E-01
 -1.46529999E+00  1.00000000E+00  1.01416504E+00 -9.32313466E-01  4.24923960E-01  3.56594970E+00  5.82701272E-01  2.13089174E-01
 -1.44054677E+00  1.00000000E+00  1.00034962E+00 -9.32362250E-01  4.24891550E-01  3.56623533E+00  5.82687021E-01  2.13110594E-01
 -1.41579354E+00  1.00000000E+00  9.86534208E-01 -9.32411038E-01  4.24851487E-01  3.56652098E+00  5.82672772E-01  2.13132015E-01
 -1.39104031E+00  1.00000000E+00  9.72743263E-01 -9.32298867E-01  4.24826605E-01  3.56588809E+00  5.82706723E-01  2.13084383E-01
 -1.36628709E+00  1.00000000E+00  9.58952319E-01 -9.32186714E-01  4.24801445E-01  3.56525530E+00  5.82740684E-01  2.13036758E-01
 -1.34153386E+00  1.00000000E+00  9.45164043E-01 -9.32220376E-01  4.24768654E-01  3.56510951E+00  5.82777563E-01  2.13023711E-01
 -1.31678064E+00  1.00000000E+00  9.31375767E-01 -9.32254038E-01  4.24730465E-01  3.56496374E+00  5.82814445E-01  2.13010664E-01
 -1.29202741E+00  1.00000000E+00  9.17605196E-01 -9.32239023E-01  4.24683845E-01  3.56486771E+00  5.82822570E-01  2.13003224E-01
 -1.26727418E+00  1.00000000E+00  9.03834625E-01 -9.32224008E-01  4.24634900E-01  3.56477168E+00  5.82830695E-01  2.12995785E-01
 -1.24252096E+00  1.00000000E+00  8.90062097E-01 -9.32258679E-01  4.24589312E-01  3.56473927E+00  5.82854221E-01  2.12991789E-01
 -1.21776773E+00  1.00000000E+00  8.76289569E-01 -9.32293349E-01  4.24530459E-01  3.56470687E+00  5.82877747E-01  2.12987794E-01
 -1.19301451E+00  1.00000000E+00  8.62539359E-01 -9.32171440E-01  4.24481629E-01  3.56405792E+00  5.82910383E-01  2.12939109E-01
 -1.16826128E+00  1.00000000E+00  8.48789150E-01 -9.32049550E-01  4.24438452E-01  3.56340908E+00  5.82943031E-01  2.12890432E-01
 -1.14350806E+00  1.00000000E+00  8.35063041E-01 -9.32088930E-01  4.24382327E-01  3.56332105E+00  5.82975840E-01  2.12881801E-01
 -1.11875483E+00  1.00000000E+00  8.21336932E-01 -9.32128309E-01  4.24319041E-01  3.56323302E+00  5.83008650E-01  2.12873169E-01
 -1.09400160E+00  1.00000000E+00  8.07627641E-01 -9.32094382E-01  4.24268137E-01  3.56291274E+00  5.83037589E-01  2.12848225E-01
 -1.06924838E+00  1.00000000E+00  7.93918350E-01 -9.32060458E-01  4.24216847E-01  3.56259249E+00  5.83066530E-01  2.12823283E-01
 -1.04449515E+00  1.00000000E+00  7.80247737E-01 -9.32020136E-01  4.24156776E-01  3.56217748E+00  5.83107896E-01  2.12790685E-01
 -1.01974193E+00  1.00000000E+00  7.66577125E-01 -9.31979820E-01  4.24092708E-01  3.56176252E+00  5.83149266E-01  2.12758090E-01
 -9.94988700E-01  1.00000000E+00  7.52936513E-01 -9.31951042E-01  4.24032750E-01  3.56150601E+00  5.83173955E-01  2.12738004E-01
 -9.70235474E-01  1.00000000E+00  7.39295900E-01 -9.31922266E-01  4.23979048E-01  3.56124953E+00  5.83198645E-01  2.12717920E-01
 -9.45482248E-01  1.00000000E+00  7.25694828E-01 -9.31890180E-01  4.23937728E-01  3.56103132E+00  5.83212402E-01  2.12701351E-01
 -9.20729022E-01  1.00000000E+00  7.12093755E-01 -9.31858096E-01  4.23901504E-01  3.56081312E+00  5.83226160E-01  2.12684783E-01
 -8.95975796E-01  1.00000000E+00  6.98561951E-01 -9.31806194E-01  4.23862403E-01  3.56040945E+00  5.83260699E-01  2.12653482E-01
 -8.71222570E-01  1.00000000E+00  6.85030147E-01 -9.31754298E-01  4.23826497E-01  3.56000583E+00  5.83295242E-01  2.12622184E-01
 -8.46469344E-01  1.00000000E+00  6.71550166E-01 -9.31826018E-01  4.23816583E-01  3.56017865E+00  5.83309495E-01  2.12633511E-01
 -8.21716118E-01  1.00000000E+00  6.58070185E-01 -9.31897741E-01  4.23804201E-01  3.56035149E+00  5.83323750E-01  2.12644839E-01
 -7.97201467E-01  1.00000000E+00  6.44812324E-01 -9.31941535E-01  4.23856314E-01  3.56062014E+00  5.83305737E-01  2.12665314E-01
 -7.72686817E-01  1.00000000E+00  6.31554464E-01 -9.31985332E-01  4.23903135E-01  3.56088880E+00  5.83287727E-01  2.12685791E-01
 -7.49503432E-01  1.00000000E+00  6.19101562E-01 -9.31945133E-01  4.23988191E-01  3.56134447E+00  5.83197381E-01  2.12724792E-01
 -7.26320047E-01  1.00000000E+00  6.06648659E-01 -9.31904936E-01  4.24094986E-01  3.56180022E+00  5.83107047E-01  2.12763798E-01
 -7.04527831E-01  1.00000000E+00  5.95035063E-01 -9.32089876E-01  4.24228738E-01  3.56248722E+00  5.83105858E-01  2.12812955E-01
 -6.82735615E-01  1.00000000E+00  5.83421468E-01 -9.32274848E-01  4.24386043E-01  3.56317436E+00  5.83104684E-01  2.12862120E-01
 -6.62251087E-01  1.00000000E+00  5.72605566E-01 -9.32224131E-01  4.24634670E-01  3.56445497E+00  5.82881330E-01  2.12969546E-01
 -6.41766559E-01  1.00000000E+00  5.61789664E-01 -9.32173432E-01  4.24909502E-01  3.56573614E+00  5.82658058E-01  2.13077006E-01
 -6.22511254E-01  1.00000000E+00  5.51728333E-01 -9.32243645E-01  4.25201649E-01  3.56716194E+00  5.82482322E-01  2.13191401E-01
 -6.03255949E-01  1.00000000E+00  5.41667003E-01 -9.32313901E-01  4.25532263E-01  3.56858836E+00  5.82306651E-01  2.13305836E-01
 -5.85156097E-01  1.00000000E+00  5.32319974E-01 -9.32616885E-01  4.25917594E-01  3.57054229E+00  5.82175848E-01  2.13454746E-01
 -5.67056245E-01  1.00000000E+00  5.22972946E-01 -9.32920021E-01  4.26339644E-01  3.57249730E+00  5.82045146E-01  2.13603725E-01
 -5.50042515E-01  1.00000000E+00  5.14282387E-01 -9.33036307E-01  4.26875724E-01  3.57530238E+00  5.81685011E-01  2.13829812E-01
 -5.33028786E-01  1.00000000E+00  5.05591829E-01 -9.33152752E-01  4.27428673E-01  3.57810987E+00  5.81325143E-01  2.14056052E-01
 -5.17036006E-01  1.00000000E+00  4.97561355E-01 -9.33535261E-01  4.28045802E-01  3.58141239E+00  5.81042948E-01  2.14312103E-01
 -5.01043227E-01  1.00000000E+00  4.89530880E-01 -9.33918114E-01  4.28700534E-01  3.58471804E+00  5.80761036E-01  2.14568358E-01
 -4.86010125E-01  1.00000000E+00  4.82090865E-01 -9.34257880E-01  4.29443936E-01  3.58851536E+00  5.80373424E-01  2.14867282E-01
 -4.70977023E-01  1.00000000E+00  4.74650851E-01 -9.34598040E-01  4.30258982E-01  3.59231689E+00  5.79986228E-01  2.15166476E-01
 -4.56846016E-01  1.00000000E+00  4.67768336E-01 -9.35002851E-01  4.31115281E-01  3.59695494E+00  5.79513911E-01  2.15531502E-01
 -4.42715008E-01  1.00000000E+00  4.60885820E-01 -9.35408237E-01  4.32061958E-01  3.60159926E+00  5.79042203E-01  2.15896933E-01
 -4.29431964E-01  1.00000000E+00  4.54571982E-01 -9.35935249E-01  4.33148919E-01  3.60718154E+00  5.78500774E-01  2.16334341E-01
 -4.16148920E-01  1.00000000E+00  4.48258143E-01 -9.36463127E-01  4.34283390E-01  3.61277284E+00  5.77960197E-01  2.16772332E-01
 -4.03662954E-01  1.00000000E+00  4.42436729E-01 -9.36847793E-01  4.35392359E-01  3.61856198E+00  5.77312606E-01  2.17232098E-01
 -3.91176988E-01  1.00000000E+00  4.36615316E-01 -9.37233238E-01  4.36653141E-01  3.62436102E+00  5.76666011E-01  2.17692501E-01
 -3.79440270E-01  1.00000000E+00  4.31227666E-01 -9.38016601E-01  4.38012947E-01  3.63133047E+00  5.76060118E-01  2.18233597E-01
 -3.67703552E-01  1.00000000E+00  4.25840016E-01 -9.38801461E-01  4.39455232E-01  3.63831371E+00  5.75455503E-01  2.18775586E-01
 -3.56671122E-01  1.00000000E+00  4.21009948E-01 -9.39444983E-01  4.41019277E-01  3.64625171E+00  5.74640493E-01  2.19400801E-01
 -3.45638692E-01  1.00000000E+00  4.16179880E-01 -9.40090099E-01  4.42616966E-01  3.65420795E+00  5.73827241E-01  2.20027193E-01
 -3.35268287E-01  1.00000000E+00  4.11688262E-01 -9.40850546E-01  4.44201621E-01  3.66241875E+00  5.73043676E-01  2.20669648E-01
 -3.24897882E-01  1.00000000E+00  4.07196644E-01 -9.41612811E-01  4.45969027E-01  3.67064879E+00  5.72261903E-01  2.21313349E-01
 -3.15149775E-01  1.00000000E+00  4.03154499E-01 -9.42443618E-01  4.47879189E-01  3.67998871E+00  5.71365437E-01  2.22044519E-01
 -3.05401669E-01  1.00000000E+00  3.99112354E-01 -9.43276701E-01  4.49841867E-01  3.68935349E+00  5.70471255E-01  2.22777302E-01
 -2.96238520E-01  1.00000000E+00  3.95398144E-01 -9.43900549E-01  4.51841883E-01  3.70013085E+00  5.69262170E-01  2.23633477E-01
 -2.87075371E-01  1.00000000E+00  3.91683935E-01 -9.44526852E-01  4.54109704E-01  3.71094205E+00  5.68056443E-01  2.24491829E-01
 -2.78462077E-01  1.00000000E+00  3.88417234E-01 -9.45607762E-01  4.56447598E-01  3.72236227E+00  5.67007979E-01  2.25382449E-01
 -2.69848783E-01  1.00000000E+00  3.85150533E-01 -9.46692165E-01  4.58857371E-01  3.73381906E+00  5.65962847E-01  2.26275444E-01
 -2.61752348E-01  1.00000000E+00  3.82209224E-01 -9.47933164E-01  4.61261522E-01  3.74600484E+00  5.64912781E-01  2.27220861E-01
 -2.53655913E-01  1.00000000E+00  3.79267915E-01 -9.49178268E-01  4.63826176E-01  3.75823178E+00  5.63866323E-01  2.28168961E-01
 -2.46045323E-01  1.00000000E+00  3.76664299E-01 -9.49873676E-01  4.66540027E-01  3.77123585E+00  5.62428962E-01  2.29200492E-01
 -2.38434732E-01  1.00000000E+00  3.74060684E-01 -9.50572417E-01  4.69324129E-01  3.78428845E+00  5.60996290E-01  2.30235154E-01
 -2.31280830E-01  1.00000000E+00  3.71747472E-01 -9.51573665E-01  4.72183390E-01  3.79796094E+00  5.59649690E-01  2.31307947E-01
 -2.24126928E-01  1.00000000E+00  3.69434260E-01 -9.52579096E-01  4.75171922E-01  3.81168572E+00  5.58307800E-01  2.32384137E-01
 -2.17402314E-01  1.00000000E+00  3.67407683E-01 -9.54301780E-01  4.78238007E-01  3.82708428E+00  5.57112556E-01  2.33569409E-01
 -2.10677699E-01  1.00000000E+00  3.65381107E-01 -9.56031268E-01  4.81407039E-01  3.84254672E+00  5.55922695E-01  2.34758859E-01
 -2.04351753E-01  1.00000000E+00  3.63689513E-01 -9.57123377E-01  4.84790428E-01  3.85893291E+00  5.54296166E-01  2.36045482E-01
 -1.98025807E-01  1.00000000E+00  3.61997920E-01 -9.58221082E-01  4.88238353E-01  3.87539345E+00  5.52676289E-01  2.37336940E-01
 -1.91837501E-01  1.00000000E+00  3.60486936E-01 -9.59856927E-01  4.91990208E-01  3.89321069E+00  5.51171858E-01  2.38717059E-01
 -1.85649194E-01  1.00000000E+00  3.58975953E-01 -9.61500554E-01  4.95852761E-01  3.91111320E+00  5.49674496E-01  2.40102764E-01
 -1.79460888E-01  1.00000000E+00  3.57702784E-01 -9.62078779E-01  5.00187858E-01  3.93139217E+00  5.47344348E-01  2.41717701E-01
 -1.73272582E-01  1.00000000E+00  3.56429615E-01 -9.62663011E-01  5.04665003E-01  3.95178739E+00  5.45025336E-01  2.43340147E-01
 -1.67084275E-01  1.00000000E+00  3.55399221E-01 -9.65240187E-01  5.09508200E-01  3.97507606E+00  5.43356595E-01  2.45122819E-01
 -1.60895969E-01  1.00000000E+00  3.54368827E-01 -9.67832059E-01  5.14542228E-01  3.99850554E+00  5.41698896E-01  2.46914760E-01
 -1.54707662E-01  1.00000000E+00  3.53569828E-01 -9.68963110E-01  5.20328822E-01  4.02515908E+00  5.38937847E-01  2.49015802E-01
 -1.48519356E-01  1.00000000E+00  3.52770829E-01 -9.70105363E-01  5.26287411E-01  4.05200585E+00  5.36193806E-01  2.51129432E-01
 -1.42331049E-01  1.00000000E+00  3.52541484E-01 -9.73032673E-01  5.33100021E-01  4.08358296E+00  5.33785172E-01  2.53556985E-01
 -1.36142743E-01  1.00000000E+00  3.52312139E-01 -9.75983028E-01  5.40223010E-01  4.11541543E+00  5.31396013E-01  2.56001387E-01
 -1.29954436E-01  1.00000000E+00  3.52479079E-01 -9.77801311E-01  5.47798472E-01  4.14997272E+00  5.28183014E-01  2.58699265E-01
 -1.23766130E-01  1.00000000E+00  3.52646018E-01 -9.79638952E-01  5.56012966E-01  4.18484185E+00  5.24995027E-01  2.61417630E-01
 -1.17577823E-01  1.00000000E+00  3.53181438E-01 -9.82771909E-01  5.65434262E-01  4.22809852E+00  5.21505107E-01  2.64756672E-01
 -1.11389517E-01  1.00000000E+00  3.53716858E-01 -9.85939956E-01  5.75401098E-01  4.27182617E+00  5.18050160E-01  2.68126858E-01
 -1.05201210E-01  1.00000000E+00  3.55301647E-01 -9.89296880E-01  5.87191283E-01  4.32447486E+00  5.13764000E-01  2.72193633E-01
 -9.90129037E-02  1.00000000E+00  3.56886435E-01 -9.92700311E-01  5.99524190E-01  4.37781170E+00  5.09527904E-01  2.76305985E-01
 -9.28245972E-02  1.00000000E+00  3.59653350E-01 -9.93751693E-01  6.14063094E-01  4.43825835E+00  5.03567353E-01  2.81049357E-01
 -8.66362908E-02  1.00000000E+00  3.62420266E-01 -9.94837333E-01  6.29267558E-01  4.49963419E+00  4.97680737E-01  2.85853818E-01
 -8.04479843E-02  1.00000000E+00  3.66028040E-01 -1.00223712E+00  6.47829126E-01  4.57909815E+00  4.92949874E-01  2.91867734E-01
 -7.42596778E-02  1.00000000E+00  3.69635814E-01 -1.00976266E+00  6.67773032E-01  4.66000916E+00  4.88308402E-01  2.97978626E-01
 -6.80713713E-02  1.00000000E+00  3.76775505E-01 -1.00569235E+00  6.91867141E-01  4.75660016E+00  4.77337733E-01  3.05661602E-01
 -6.18830648E-02  1.00000000E+00  3.83915195E-01 -1.00162502E+00  7.18962647E-01  4.85560280E+00  4.66581622E-01  3.13501513E-01
 -5.56947583E-02  1.00000000E+00  3.89430752E-01 -1.03160827E+00  7.52766691E-01  5.00691321E+00  4.65665378E-01  3.24374845E-01
 -4.95064519E-02  1.00000000E+00  3.94946308E-01 -1.06244842E+00  7.89276892E-01  5.16293374E+00  4.65083543E-01  3.35560728E-01
 -4.33181454E-02  1.00000000E+00  4.40813114E-01 -1.03028085E+00  8.35551077E-01  5.34420960E+00  4.37829351E-01  3.50455732E-01
 -3.71298389E-02  1.00000000E+00  4.86679919E-01 -9.97619898E-01  8.99147210E-01  5.53533774E+00  4.11830519E-01  3.65964802E-01
 -3.09415324E-02  1.00000000E+00  4.02039504E-01 -8.99914533E-01  9.89246281E-01  5.48094061E+00  3.82007015E-01  3.64209543E-01
 -2.47532259E-02  1.00000000E+00  3.17399088E-01 -8.04222464E-01  1.06585046E+00  5.43381897E+00  3.55223754E-01  3.62756801E-01
 -1.85649194E-02  1.00000000E+00  8.13939769E-01 -1.37241085E+00  1.21761028E+00  7.11838374E+00  4.49379174E-01  4.76357469E-01
 -1.23766130E-02  1.00000000E+00  1.31048045E+00 -2.13902042E+00  1.51730501E+00  9.42840105E+00  6.28254658E-01  6.28581885E-01
 -6.18830648E-03  1.00000000E+00  1.80229317E-01  7.02099320E-01  2.53798029E+00  7.83229704E+00  2.35355914E-01  5.42638652E-01
  0.00000000E+00  1.00000000E+00 -9.50021815E-01  4.49140463E+00  5.15492750E+00  1.19143430E+01  1.80669293E+00  7.21975006E-01
