# curve 5 (die wall), step =      100, time =   4.00000000E+01
# N1 = tau_xx - tau_yy = G ( c_xx - c_yy ),  G =  6.0000E-02  (polymer part only)
#              x               y        pressure            c_xy        gammadot            c_xx            c_yy              N1
 -3.00000000E+00  1.00000000E+00  2.43918966E+00 -1.26962176E+00  4.10705551E-01  4.69138118E+00  8.36179362E-01  2.31312109E-01
 -2.97524677E+00  1.00000000E+00  2.42118348E+00 -1.26955603E+00  4.10709988E-01  4.69114975E+00  8.36174576E-01  2.31298511E-01
 -2.95049355E+00  1.00000000E+00  2.40317731E+00 -1.26949032E+00  4.10713232E-01  4.69091834E+00  8.36169790E-01  2.31284913E-01
 -2.92574032E+00  1.00000000E+00  2.38517606E+00 -1.26956371E+00  4.10712497E-01  4.69118428E+00  8.36181036E-01  2.31300194E-01
 -2.90098710E+00  1.00000000E+00  2.36717481E+00 -1.26963710E+00  4.10707337E-01  4.69145022E+00  8.36192283E-01  2.31315476E-01
 -2.87623387E+00  1.00000000E+00  2.34917333E+00 -1.26978775E+00  4.10702139E-01  4.69219438E+00  8.36194219E-01  2.31360010E-01
 -2.85148064E+00  1.00000000E+00  2.33117186E+00 -1.26993843E+00  4.10694092E-01  4.69293865E+00  8.36196159E-01  2.31404550E-01
 -2.82672742E+00  1.00000000E+00  2.31316288E+00 -1.26972471E+00  4.10696877E-01  4.69215403E+00  8.36170834E-01  2.31358992E-01
 -2.80197419E+00  1.00000000E+00  2.29515391E+00 -1.26951103E+00  4.10701430E-01  4.69136954E+00  8.36145518E-01  2.31313441E-01
 -2.77722097E+00  1.00000000E+00  2.27714240E+00 -1.26954084E+00  4.10706525E-01  4.69124073E+00  8.36161865E-01  2.31304732E-01
 -2.75246774E+00  1.00000000E+00  2.25913090E+00 -1.26957065E+00  4.10710965E-01  4.69111192E+00  8.36178211E-01  2.31296022E-01
 -2.72771451E+00  1.00000000E+00  2.24113880E+00 -1.26958532E+00  4.10709881E-01  4.69120585E+00  8.36186733E-01  2.31301147E-01
 -2.70296129E+00  1.00000000E+00  2.22314671E+00 -1.26960000E+00  4.10702834E-01  4.69129979E+00  8.36195254E-01  2.31306272E-01
 -2.67820806E+00  1.00000000E+00  2.20513697E+00 -1.26958449E+00  4.10700447E-01  4.69124564E+00  8.36182766E-01  2.31303772E-01
 -2.65345484E+00  1.00000000E+00  2.18712723E+00 -1.26956899E+00  4.10703320E-01  4.69119149E+00  8.36170279E-01  2.31301272E-01
 -2.62870161E+00  1.00000000E+00  2.16912587E+00 -1.26957735E+00  4.10706808E-01  4.69113229E+00  8.36179204E-01  2.31297185E-01
 -2.60394839E+00  1.00000000E+00  2.15112451E+00 -1.26958571E+00  4.10708763E-01  4.69107310E+00  8.36188129E-01  2.31293098E-01
 -2.57919516E+00  1.00000000E+00  2.13312396E+00 -1.26956888E+00  4.10709083E-01  4.69109956E+00  8.36185830E-01  2.31294824E-01
 -2.55444193E+00  1.00000000E+00  2.11512342E+00 -1.26955204E+00  4.10705261E-01  4.69112603E+00  8.36183532E-01  2.31296550E-01
 -2.52968871E+00  1.00000000E+00  2.09711780E+00 -1.26967791E+00  4.10699892E-01  4.69164283E+00  8.36197903E-01  2.31326696E-01
 -2.50493548E+00  1.00000000E+00  2.07911219E+00 -1.26980380E+00  4.10690534E-01  4.69215969E+00  8.36212277E-01  2.31356845E-01
 -2.48018226E+00  1.00000000E+00  2.06110082E+00 -1.26963576E+00  4.10695457E-01  4.69156333E+00  8.36183550E-01  2.31322787E-01
 -2.45542903E+00  1.00000000E+00  2.04308946E+00 -1.26946775E+00  4.10703209E-01  4.69096704E+00  8.36154828E-01  2.31288733E-01
 -2.43067580E+00  1.00000000E+00  2.02508737E+00 -1.26948633E+00  4.10709720E-01  4.69090975E+00  8.36164200E-01  2.31284733E-01
 -2.40592258E+00  1.00000000E+00  2.00708528E+00 -1.26950491E+00  4.10715635E-01  4.69085247E+00  8.36173571E-01  2.31280734E-01
 -2.38116935E+00  1.00000000E+00  1.98908840E+00 -1.26950478E+00  4.10713687E-01  4.69087210E+00  8.36181674E-01  2.31281425E-01
 -2.35641613E+00  1.00000000E+00  1.97109153E+00 -1.26950465E+00  4.10705502E-01  4.69089173E+00  8.36189778E-01  2.31282117E-01
 -2.33166290E+00  1.00000000E+00  1.95308490E+00 -1.26953462E+00  4.10702062E-01  4.69104146E+00  8.36184918E-01  2.31291393E-01
 -2.30690967E+00  1.00000000E+00  1.93507827E+00 -1.26956459E+00  4.10700427E-01  4.69119120E+00  8.36180059E-01  2.31300668E-01
 -2.28215645E+00  1.00000000E+00  1.91707177E+00 -1.26956678E+00  4.10701611E-01  4.69116260E+00  8.36176866E-01  2.31299144E-01
 -2.25740322E+00  1.00000000E+00  1.89906526E+00 -1.26956896E+00  4.10704654E-01  4.69113401E+00  8.36173674E-01  2.31297620E-01
 -2.23265000E+00  1.00000000E+00  1.88106477E+00 -1.26967858E+00  4.10702002E-01  4.69159216E+00  8.36193716E-01  2.31323906E-01
 -2.20789677E+00  1.00000000E+00  1.86306427E+00 -1.26978821E+00  4.10691415E-01  4.69205035E+00  8.36213761E-01  2.31350196E-01
 -2.18314354E+00  1.00000000E+00  1.84505311E+00 -1.26963334E+00  4.10691396E-01  4.69142010E+00  8.36195950E-01  2.31313449E-01
 -2.15839032E+00  1.00000000E+00  1.82704195E+00 -1.26947850E+00  4.10693991E-01  4.69078993E+00  8.36178144E-01  2.31276707E-01
 -2.13363709E+00  1.00000000E+00  1.80904642E+00 -1.26948451E+00  4.10696248E-01  4.69076642E+00  8.36179649E-01  2.31275207E-01
 -2.10888387E+00  1.00000000E+00  1.79105089E+00 -1.26949051E+00  4.10699402E-01  4.69074292E+00  8.36181154E-01  2.31273706E-01
 -2.08413064E+00  1.00000000E+00  1.77303987E+00 -1.26949088E+00  4.10701366E-01  4.69069471E+00  8.36185142E-01  2.31270574E-01
 -2.05937741E+00  1.00000000E+00  1.75502886E+00 -1.26949125E+00  4.10700208E-01  4.69064650E+00  8.36189129E-01  2.31267442E-01
 -2.03462419E+00  1.00000000E+00  1.73703144E+00 -1.26948647E+00  4.10695164E-01  4.69073015E+00  8.36184942E-01  2.31272713E-01
 -2.00987096E+00  1.00000000E+00  1.71903403E+00 -1.26948168E+00  4.10688630E-01  4.69081381E+00  8.36180755E-01  2.31277983E-01
 -1.98511774E+00  1.00000000E+00  1.70102388E+00 -1.26949317E+00  4.10686385E-01  4.69076498E+00  8.36185277E-01  2.31274782E-01
 -1.96036451E+00  1.00000000E+00  1.68301373E+00 -1.26950466E+00  4.10685065E-01  4.69071614E+00  8.36189799E-01  2.31271581E-01
 -1.93561128E+00  1.00000000E+00  1.66502243E+00 -1.26959660E+00  4.10678468E-01  4.69110763E+00  8.36205991E-01  2.31294098E-01
 -1.91085806E+00  1.00000000E+00  1.64703113E+00 -1.26968854E+00  4.10667793E-01  4.69149915E+00  8.36222185E-01  2.31316618E-01
 -1.88610483E+00  1.00000000E+00  1.62901165E+00 -1.26962066E+00  4.10663530E-01  4.69131057E+00  8.36195228E-01  2.31306920E-01
 -1.86135161E+00  1.00000000E+00  1.61099218E+00 -1.26955279E+00  4.10662183E-01  4.69112200E+00  8.36168272E-01  2.31297223E-01
 -1.83659838E+00  1.00000000E+00  1.59299724E+00 -1.26952356E+00  4.10664779E-01  4.69081288E+00  8.36194122E-01  2.31277126E-01
 -1.81184516E+00  1.00000000E+00  1.57500229E+00 -1.26949434E+00  4.10662659E-01  4.69050379E+00  8.36219972E-01  2.31257029E-01
 -1.78709193E+00  1.00000000E+00  1.55701202E+00 -1.26962993E+00  4.10645473E-01  4.69121559E+00  8.36225393E-01  2.31299412E-01
 -1.76233870E+00  1.00000000E+00  1.53902175E+00 -1.26976554E+00  4.10622190E-01  4.69192751E+00  8.36230817E-01  2.31341802E-01
 -1.73758548E+00  1.00000000E+00  1.52100235E+00 -1.26968562E+00  4.10619495E-01  4.69157085E+00  8.36218777E-01  2.31321125E-01
 -1.71283225E+00  1.00000000E+00  1.50298295E+00 -1.26960571E+00  4.10616232E-01  4.69121422E+00  8.36206739E-01  2.31300449E-01
 -1.68807903E+00  1.00000000E+00  1.48498077E+00 -1.26960215E+00  4.10608990E-01  4.69097513E+00  8.36222944E-01  2.31285131E-01
 -1.66332580E+00  1.00000000E+00  1.46697859E+00 -1.26959859E+00  4.10602052E-01  4.69073605E+00  8.36239149E-01  2.31269814E-01
 -1.63857257E+00  1.00000000E+00  1.44899362E+00 -1.26955593E+00  4.10594821E-01  4.69068169E+00  8.36234329E-01  2.31266842E-01
 -1.61381935E+00  1.00000000E+00  1.43100865E+00 -1.26951327E+00  4.10581821E-01  4.69062734E+00  8.36229510E-01  2.31263870E-01
 -1.58906612E+00  1.00000000E+00  1.41299460E+00 -1.26944493E+00  4.10568280E-01  4.69017323E+00  8.36230441E-01  2.31236568E-01
 -1.56431290E+00  1.00000000E+00  1.39498055E+00 -1.26937661E+00  4.10558953E-01  4.68971917E+00  8.36231373E-01  2.31209268E-01
 -1.53955967E+00  1.00000000E+00  1.37700444E+00 -1.26931972E+00  4.10546714E-01  4.68938177E+00  8.36241869E-01  2.31188394E-01
 -1.51480644E+00  1.00000000E+00  1.35902832E+00 -1.26926284E+00  4.10533239E-01  4.68904438E+00  8.36252366E-01  2.31167521E-01
 -1.49005322E+00  1.00000000E+00  1.34104132E+00 -1.26926926E+00  4.10513850E-01  4.68901231E+00  8.36269765E-01  2.31164552E-01
 -1.46529999E+00  1.00000000E+00  1.32305432E+00 -1.26927568E+00  4.10485666E-01  4.68898023E+00  8.36287166E-01  2.31161584E-01
 -1.44054677E+00  1.00000000E+00  1.30506495E+00 -1.26941559E+00  4.10456528E-01  4.68954920E+00  8.36308585E-01  2.31194437E-01
 -1.41579354E+00  1.00000000E+00  1.28707559E+00 -1.26955551E+00  4.10418511E-01  4.69011824E+00  8.36330007E-01  2.31227294E-01
 -1.39104031E+00  1.00000000E+00  1.26909438E+00 -1.26928676E+00  4.10396275E-01  4.68898436E+00  8.36310216E-01  2.31160448E-01
 -1.36628709E+00  1.00000000E+00  1.25111318E+00 -1.26901807E+00  4.10379117E-01  4.68785075E+00  8.36290441E-01  2.31093618E-01
 -1.34153386E+00  1.00000000E+00  1.23314192E+00 -1.26901648E+00  4.10354845E-01  4.68747897E+00  8.36318207E-01  2.31069646E-01
 -1.31678064E+00  1.00000000E+00  1.21517066E+00 -1.26901488E+00  4.10327113E-01  4.68710723E+00  8.36345973E-01  2.31045676E-01
 -1.29202741E+00  1.00000000E+00  1.19722508E+00 -1.26901413E+00  4.10292157E-01  4.68704085E+00  8.36360711E-01  2.31040808E-01
 -1.26727418E+00  1.00000000E+00  1.17927950E+00 -1.26901337E+00  4.10252066E-01  4.68697447E+00  8.36375448E-01  2.31035941E-01
 -1.24252096E+00  1.00000000E+00  1.16133763E+00 -1.26906767E+00  4.10213460E-01  4.68694197E+00  8.36410539E-01  2.31031886E-01
 -1.21776773E+00  1.00000000E+00  1.14339577E+00 -1.26912197E+00  4.10164477E-01  4.68690948E+00  8.36445631E-01  2.31027831E-01
 -1.19301451E+00  1.00000000E+00  1.12545793E+00 -1.26886074E+00  4.10124305E-01  4.68577803E+00  8.36434788E-01  2.30960595E-01
 -1.16826128E+00  1.00000000E+00  1.10752009E+00 -1.26859956E+00  4.10090025E-01  4.68464686E+00  8.36423961E-01  2.30893374E-01
 -1.14350806E+00  1.00000000E+00  1.08962193E+00 -1.26863324E+00  4.10045089E-01  4.68445903E+00  8.36456886E-01  2.30880128E-01
 -1.11875483E+00  1.00000000E+00  1.07172376E+00 -1.26866692E+00  4.09996860E-01  4.68427121E+00  8.36489812E-01  2.30866884E-01
 -1.09400160E+00  1.00000000E+00  1.05384298E+00 -1.26857116E+00  4.09955321E-01  4.68367049E+00  8.36501458E-01  2.30830142E-01
 -1.06924838E+00  1.00000000E+00  1.03596220E+00 -1.26847541E+00  4.09913746E-01  4.68306986E+00  8.36513106E-01  2.30793405E-01
 -1.04449515E+00  1.00000000E+00  1.01812224E+00 -1.26837520E+00  4.09866487E-01  4.68239629E+00  8.36538751E-01  2.30751452E-01
 -1.01974193E+00  1.00000000E+00  1.00028229E+00 -1.26827501E+00  4.09815876E-01  4.68172281E+00  8.36564401E-01  2.30709505E-01
 -9.94988700E-01  1.00000000E+00  9.82482492E-01 -1.26822257E+00  4.09769360E-01  4.68136946E+00  8.36583354E-01  2.30687167E-01
 -9.70235474E-01  1.00000000E+00  9.64682698E-01 -1.26817014E+00  4.09727976E-01  4.68101614E+00  8.36602309E-01  2.30664830E-01
 -9.45482248E-01  1.00000000E+00  9.46918374E-01 -1.26808185E+00  4.09695906E-01  4.68056657E+00  8.36595813E-01  2.30638245E-01
 -9.20729022E-01  1.00000000E+00  9.29154050E-01 -1.26799358E+00  4.09668660E-01  4.68011704E+00  8.36589319E-01  2.30611663E-01
 -8.95975796E-01  1.00000000E+00  9.11474065E-01 -1.26789993E+00  4.09644719E-01  4.67957139E+00  8.36608292E-01  2.30577786E-01
 -8.71222570E-01  1.00000000E+00  8.93794080E-01 -1.26780629E+00  4.09623866E-01  4.67902580E+00  8.36627269E-01  2.30543912E-01
 -8.46469344E-01  1.00000000E+00  8.76177551E-01 -1.26794574E+00  4.09625274E-01  4.67949446E+00  8.36658529E-01  2.30570156E-01
 -8.21716118E-01  1.00000000E+00  8.58561023E-01 -1.26808520E+00  4.09621718E-01  4.67996317E+00  8.36689793E-01  2.30596403E-01
 -7.97201467E-01  1.00000000E+00  8.41215582E-01 -1.26817592E+00  4.09674566E-01  4.68047984E+00  8.36671333E-01  2.30628510E-01
 -7.72686817E-01  1.00000000E+00  8.23870142E-01 -1.26826665E+00  4.09728176E-01  4.68099656E+00  8.36652876E-01  2.30660621E-01
 -7.49503432E-01  1.00000000E+00  8.07564781E-01 -1.26830453E+00  4.09815770E-01  4.68192613E+00  8.36560941E-01  2.30721912E-01
 -7.26320047E-01  1.00000000E+00  7.91259421E-01 -1.26834240E+00  4.09922870E-01  4.68285591E+00  8.36469016E-01  2.30783213E-01
 -7.04527831E-01  1.00000000E+00  7.76051413E-01 -1.26872368E+00  4.10060284E-01  4.68449068E+00  8.36503800E-01  2.30879213E-01
 -6.82735615E-01  1.00000000E+00  7.60843406E-01 -1.26910507E+00  4.10216007E-01  4.68612603E+00  8.36538613E-01  2.30975245E-01
 -6.62251087E-01  1.00000000E+00  7.46649175E-01 -1.26922721E+00  4.10449723E-01  4.68846065E+00  8.36312920E-01  2.31128864E-01
 -6.41766559E-01  1.00000000E+00  7.32454945E-01 -1.26934941E+00  4.10710672E-01  4.69079655E+00  8.36087293E-01  2.31282556E-01
 -6.22511254E-01  1.00000000E+00  7.19245837E-01 -1.26970090E+00  4.10995278E-01  4.69375499E+00  8.35938725E-01  2.31468976E-01
 -6.03255949E-01  1.00000000E+00  7.06036730E-01 -1.27005256E+00  4.11314763E-01  4.69671537E+00  8.35790218E-01  2.31655509E-01
 -5.85156097E-01  1.00000000E+00  6.93753965E-01 -1.27079341E+00  4.11689498E-01  4.70082771E+00  8.35730248E-01  2.31905848E-01
 -5.67056245E-01  1.00000000E+00  6.81471201E-01 -1.27153480E+00  4.12094093E-01  4.70494367E+00  8.35670417E-01  2.32156395E-01
 -5.50042515E-01  1.00000000E+00  6.70034876E-01 -1.27212196E+00  4.12599721E-01  4.71031557E+00  8.35355339E-01  2.32497614E-01
 -5.33028786E-01  1.00000000E+00  6.58598552E-01 -1.27270966E+00  4.13124338E-01  4.71569387E+00  8.35040487E-01  2.32839203E-01
 -5.17036006E-01  1.00000000E+00  6.48023830E-01 -1.27378212E+00  4.13709359E-01  4.72244984E+00  8.34870037E-01  2.33254788E-01
 -5.01043227E-01  1.00000000E+00  6.37449109E-01 -1.27485584E+00  4.14331344E-01  4.72921562E+00  8.34699907E-01  2.33670943E-01
 -4.86010125E-01  1.00000000E+00  6.27623219E-01 -1.27590771E+00  4.15036350E-01  4.73680703E+00  8.34395194E-01  2.34144710E-01
 -4.70977023E-01  1.00000000E+00  6.17797330E-01 -1.27696095E+00  4.15810086E-01  4.74441092E+00  8.34090904E-01  2.34619201E-01
 -4.56846016E-01  1.00000000E+00  6.08706156E-01 -1.27828178E+00  4.16634524E-01  4.75378313E+00  8.33752049E-01  2.35201865E-01
 -4.42715008E-01  1.00000000E+00  5.99614982E-01 -1.27960470E+00  4.17533504E-01  4.76317430E+00  8.33413791E-01  2.35785630E-01
 -4.29431964E-01  1.00000000E+00  5.91254314E-01 -1.28113147E+00  4.18547357E-01  4.77402017E+00  8.32989539E-01  2.36461838E-01
 -4.16148920E-01  1.00000000E+00  5.82893646E-01 -1.28266107E+00  4.19617171E-01  4.78489130E+00  8.32566165E-01  2.37139508E-01
 -4.03662954E-01  1.00000000E+00  5.75164969E-01 -1.28419550E+00  4.20684405E-01  4.79684951E+00  8.32067335E-01  2.37886931E-01
 -3.91176988E-01  1.00000000E+00  5.67436291E-01 -1.28573295E+00  4.21881632E-01  4.80883854E+00  8.31569416E-01  2.38636148E-01
 -3.79440270E-01  1.00000000E+00  5.60291623E-01 -1.28789292E+00  4.23174347E-01  4.82294076E+00  8.31156129E-01  2.39507078E-01
 -3.67703552E-01  1.00000000E+00  5.53146955E-01 -1.29005807E+00  4.24537139E-01  4.83708500E+00  8.30744258E-01  2.40380445E-01
 -3.56671122E-01  1.00000000E+00  5.46696205E-01 -1.29214807E+00  4.26008384E-01  4.85273630E+00  8.30107273E-01  2.41357742E-01
 -3.45638692E-01  1.00000000E+00  5.40245455E-01 -1.29424349E+00  4.27523221E-01  4.86843960E+00  8.29471978E-01  2.42338057E-01
 -3.35268287E-01  1.00000000E+00  5.34249943E-01 -1.29667341E+00  4.29050820E-01  4.88558397E+00  8.28913386E-01  2.43400235E-01
 -3.24897882E-01  1.00000000E+00  5.28254430E-01 -1.29911018E+00  4.30732607E-01  4.90279005E+00  8.28356635E-01  2.44466005E-01
 -3.15149775E-01  1.00000000E+00  5.22853507E-01 -1.30174302E+00  4.32538575E-01  4.92165719E+00  8.27690606E-01  2.45637995E-01
 -3.05401669E-01  1.00000000E+00  5.17452583E-01 -1.30438401E+00  4.34398206E-01  4.94059859E+00  8.27026921E-01  2.46814300E-01
 -2.96238520E-01  1.00000000E+00  5.12463514E-01 -1.30694343E+00  4.36297517E-01  4.96233109E+00  8.26021972E-01  2.48178547E-01
 -2.87075371E-01  1.00000000E+00  5.07474444E-01 -1.30951164E+00  4.38437124E-01  4.98416272E+00  8.25019967E-01  2.49548565E-01
 -2.78462077E-01  1.00000000E+00  5.03065236E-01 -1.31265708E+00  4.40636879E-01  5.00697871E+00  8.24190674E-01  2.50967282E-01
 -2.69848783E-01  1.00000000E+00  4.98656029E-01 -1.31581415E+00  4.42928676E-01  5.02990154E+00  8.23364861E-01  2.52392201E-01
 -2.61752348E-01  1.00000000E+00  4.94674609E-01 -1.31951518E+00  4.45233008E-01  5.05534440E+00  8.22655503E-01  2.53961334E-01
 -2.53655913E-01  1.00000000E+00  4.90693190E-01 -1.32323127E+00  4.47667688E-01  5.08091840E+00  8.21950001E-01  2.55538104E-01
 -2.46045323E-01  1.00000000E+00  4.87150793E-01 -1.32623195E+00  4.50235672E-01  5.10732197E+00  8.20718553E-01  2.57196205E-01
 -2.38434732E-01  1.00000000E+00  4.83608395E-01 -1.32924475E+00  4.52880825E-01  5.13386803E+00  8.19491288E-01  2.58862605E-01
 -2.31280830E-01  1.00000000E+00  4.80445805E-01 -1.33284454E+00  4.55612598E-01  5.16234500E+00  8.18426136E-01  2.60635132E-01
 -2.24126928E-01  1.00000000E+00  4.77283214E-01 -1.33646001E+00  4.58450558E-01  5.19098457E+00  8.17365515E-01  2.62417144E-01
 -2.17402314E-01  1.00000000E+00  4.74518372E-01 -1.34121136E+00  4.61381581E-01  5.22307489E+00  8.16558844E-01  2.64390963E-01
 -2.10677699E-01  1.00000000E+00  4.71753530E-01 -1.34598658E+00  4.64399111E-01  5.25536681E+00  8.15758237E-01  2.66376515E-01
 -2.04351753E-01  1.00000000E+00  4.69395733E-01 -1.34997696E+00  4.67606758E-01  5.28891974E+00  8.14397242E-01  2.68471350E-01
 -1.98025807E-01  1.00000000E+00  4.67037936E-01 -1.35398724E+00  4.70881268E-01  5.32269402E+00  8.13042425E-01  2.70579096E-01
 -1.91837501E-01  1.00000000E+00  4.64949960E-01 -1.35903781E+00  4.74448496E-01  5.35992422E+00  8.11935764E-01  2.72879308E-01
 -1.85649194E-01  1.00000000E+00  4.62861984E-01 -1.36411656E+00  4.78112564E-01  5.39742062E+00  8.10836485E-01  2.75195048E-01
 -1.79460888E-01  1.00000000E+00  4.61037093E-01 -1.36793917E+00  4.82217547E-01  5.43893296E+00  8.08645294E-01  2.77817260E-01
 -1.73272582E-01  1.00000000E+00  4.59212202E-01 -1.37178370E+00  4.86460661E-01  5.48078157E+00  8.06463384E-01  2.80459091E-01
 -1.67084275E-01  1.00000000E+00  4.57733766E-01 -1.37897597E+00  4.91087306E-01  5.53039917E+00  8.05367020E-01  2.83501929E-01
 -1.60895969E-01  1.00000000E+00  4.56255330E-01 -1.38622100E+00  4.95874782E-01  5.58047314E+00  8.04283296E-01  2.86571391E-01
 -1.54707662E-01  1.00000000E+00  4.55087252E-01 -1.39176973E+00  5.01356309E-01  5.63573239E+00  8.01785765E-01  2.90036798E-01
 -1.48519356E-01  1.00000000E+00  4.53919174E-01 -1.39735978E+00  5.07004704E-01  5.69156322E+00  7.99302878E-01  2.93535621E-01
 -1.42331049E-01  1.00000000E+00  4.53477678E-01 -1.40586189E+00  5.13445493E-01  5.75724796E+00  7.97386743E-01  2.97591673E-01
 -1.36142743E-01  1.00000000E+00  4.53036183E-01 -1.41444223E+00  5.20207090E-01  5.82370802E+00  7.95491325E-01  3.01693001E-01
 -1.29954436E-01  1.00000000E+00  4.53067898E-01 -1.42231729E+00  5.27453766E-01  5.89859915E+00  7.92684280E-01  3.06354892E-01
 -1.23766130E-01  1.00000000E+00  4.53099613E-01 -1.43026775E+00  5.35270944E-01  5.97449108E+00  7.89899347E-01  3.11075504E-01
 -1.17577823E-01  1.00000000E+00  4.53716198E-01 -1.44097863E+00  5.44284347E-01  6.06726937E+00  7.86959353E-01  3.16818601E-01
 -1.11389517E-01  1.00000000E+00  4.54332783E-01 -1.45181785E+00  5.53765083E-01  6.16153153E+00  7.84053821E-01  3.22648662E-01
 -1.05201210E-01  1.00000000E+00  4.56341971E-01 -1.46366431E+00  5.64923348E-01  6.27275742E+00  7.80199011E-01  3.29553505E-01
 -9.90129037E-02  1.00000000E+00  4.58351160E-01 -1.47567337E+00  5.76575524E-01  6.38606083E+00  7.76391675E-01  3.36580150E-01
 -9.28245972E-02  1.00000000E+00  4.61767265E-01 -1.48542563E+00  5.90361857E-01  6.51565808E+00  7.70357947E-01  3.44718008E-01
 -8.66362908E-02  1.00000000E+00  4.65183370E-01 -1.49531228E+00  6.04830938E-01  6.64804224E+00  7.64385004E-01  3.53019434E-01
 -8.04479843E-02  1.00000000E+00  4.70168339E-01 -1.51640441E+00  6.22449756E-01  6.82170557E+00  7.60643751E-01  3.63663709E-01
 -7.42596778E-02  1.00000000E+00  4.75153307E-01 -1.53793082E+00  6.41310169E-01  6.99999917E+00  7.57001240E-01  3.74579876E-01
 -6.80713713E-02  1.00000000E+00  4.84099107E-01 -1.54398937E+00  6.64222135E-01  7.20979794E+00  7.44336966E-01  3.87927659E-01
 -6.18830648E-02  1.00000000E+00  4.93044907E-01 -1.55009919E+00  6.89965999E-01  7.42655766E+00  7.31843178E-01  4.01682869E-01
 -5.56947583E-02  1.00000000E+00  5.02031522E-01 -1.61564598E+00  7.22031710E-01  7.75945949E+00  7.36783948E-01  4.21360532E-01
 -4.95064519E-02  1.00000000E+00  5.11018137E-01 -1.68394031E+00  7.56472260E-01  8.10726372E+00  7.42381439E-01  4.41892937E-01
 -4.33181454E-02  1.00000000E+00  5.66907427E-01 -1.63162832E+00  8.01391493E-01  8.49385889E+00  6.98777170E-01  4.67704903E-01
 -3.71298389E-02  1.00000000E+00  6.22796717E-01 -1.57682721E+00  8.63805407E-01  8.90714836E+00  6.57013128E-01  4.95008114E-01
 -3.09415324E-02  1.00000000E+00  5.23331897E-01 -1.45870407E+00  9.50084484E-01  8.86226177E+00  6.21063025E-01  4.94471925E-01
 -2.47532259E-02  1.00000000E+00  4.23867076E-01 -1.34203108E+00  1.01828423E+00  8.82412795E+00  5.87906449E-01  4.94173290E-01
 -1.85649194E-02  1.00000000E+00  1.06636170E+00 -2.43109474E+00  1.15057075E+00  1.26123527E+01  7.80249270E-01  7.09926208E-01
 -1.23766130E-02  1.00000000E+00  1.70885632E+00 -4.05588034E+00  1.45130087E+00  1.81975055E+01  1.15465808E+00  1.02257085E+00
 -6.18830648E-03  1.00000000E+00  2.15354692E-01  1.43840884E+00  2.45633913E+00  1.49444915E+01  4.49749273E-01  8.69684532E-01
  0.00000000E+00  1.00000000E+00 -1.27814694E+00  8.96960071E+00  5.03631519E+00  2.30840839E+01  3.69078152E+00  1.16359814E+00
