# model=oldroyd  theta_MLE: lambda=0.825603, beta=0.792593, eta_0=0.845981
# delta(x) = y_clean(x) - y_model(x; theta_MLE)   (x from curve4_x.txt)
# columns: x  delta
5.000000000000000000e+00 -1.710030896040493076e-05
4.950333040000000295e+00 -1.710246650543645330e-05
4.900666089999999642e+00 -1.709984793185626017e-05
4.850999129999999937e+00 -1.710735174298427808e-05
4.801332180000000172e+00 -1.712030525835572803e-05
4.751665219999999579e+00 -1.713253515456258924e-05
4.701998269999999813e+00 -1.715010859526522324e-05
4.652331310000000109e+00 -1.716712592059188580e-05
4.602664360000000343e+00 -1.718505529302305490e-05
4.552997399999999750e+00 -1.719632080310340427e-05
4.503330449999999985e+00 -1.721947215904684469e-05
4.453663490000000280e+00 -1.724603063602003772e-05
4.403996539999999627e+00 -1.727548351548868766e-05
4.354329579999999922e+00 -1.729381162518528470e-05
4.304662630000000156e+00 -1.733041903029253206e-05
4.254995669999999564e+00 -1.735113163925383617e-05
4.205328709999999859e+00 -1.738742317236585677e-05
4.155661760000000093e+00 -1.741139130961855130e-05
4.105994800000000389e+00 -1.744451328455909334e-05
4.056327849999999735e+00 -1.747997793710709402e-05
4.006660890000000030e+00 -1.751032727903556463e-05
3.956993939999999821e+00 -1.753341583610179555e-05
3.907326980000000116e+00 -1.756634159555403585e-05
3.857660029999999907e+00 -1.759680080604120178e-05
3.807993070000000202e+00 -1.761958033363875131e-05
3.758326119999999992e+00 -1.765191557634437913e-05
3.708659159999999844e+00 -1.766826478832861369e-05
3.658992210000000078e+00 -1.769339789881030356e-05
3.609325249999999929e+00 -1.770530215217114289e-05
3.559658300000000164e+00 -1.771708738451671650e-05
3.509991340000000015e+00 -1.771203083111849708e-05
3.460324389999999806e+00 -1.770518033961110405e-05
3.410657430000000101e+00 -1.769782907157235741e-05
3.360990469999999952e+00 -1.766690398086190328e-05
3.311323520000000187e+00 -1.762887465184270752e-05
3.261656560000000038e+00 -1.758224705894484430e-05
3.211989609999999828e+00 -1.751494650426010935e-05
3.162322650000000124e+00 -1.742353460509882268e-05
3.112655699999999914e+00 -1.732097831674828115e-05
3.062988740000000210e+00 -1.719029143520955927e-05
3.013321790000000000e+00 -1.703191482516075439e-05
2.963654829999999851e+00 -1.684221579245637201e-05
2.913987880000000086e+00 -1.661126562213510738e-05
2.864320919999999937e+00 -1.635289842694120921e-05
2.814653970000000172e+00 -1.605028407536401858e-05
2.764987010000000023e+00 -1.569198980422292777e-05
2.715320059999999813e+00 -1.527632087094943358e-05
2.665653100000000109e+00 -1.480505377138285894e-05
2.615986139999999960e+00 -1.426670119641926249e-05
2.566319190000000194e+00 -1.365331678959691430e-05
2.516652230000000046e+00 -1.295411029400561631e-05
2.466985279999999836e+00 -1.215799377751736188e-05
2.417318320000000131e+00 -1.125793413803144460e-05
2.367651369999999922e+00 -1.025640890151002793e-05
2.317984410000000217e+00 -9.130338805229953891e-06
2.268317460000000008e+00 -7.865580529564653034e-06
2.218650499999999859e+00 -6.459321247875848826e-06
2.168983550000000093e+00 -4.887751902549197780e-06
2.119316589999999945e+00 -3.159128009189160480e-06
2.069649640000000179e+00 -1.253609689833012908e-06
2.019982680000000030e+00 8.622538933966694685e-07
1.970315730000000043e+00 3.151776325927002631e-06
1.920648769999999894e+00 5.670850128591808925e-06
1.870981809999999967e+00 8.392666176026963853e-06
1.821314859999999980e+00 1.134500541577487809e-05
1.771647900000000053e+00 1.449289568311584731e-05
1.721980950000000066e+00 1.786304581696818161e-05
1.672313989999999917e+00 2.148213248087671445e-05
1.622647039999999929e+00 2.526555257298390700e-05
1.572980080000000003e+00 2.925507384010650469e-05
1.523313130000000015e+00 3.342612322643212508e-05
1.473646170000000089e+00 3.766457893483732278e-05
1.423979220000000101e+00 4.198638826014011727e-05
1.374312259999999952e+00 4.641269591298957664e-05
1.324645309999999965e+00 5.074756640421895781e-05
1.274978350000000038e+00 5.500204308672707043e-05
1.225311400000000051e+00 5.910305729961429222e-05
1.175644439999999902e+00 6.289614095122963988e-05
1.125977479999999975e+00 6.635783177189047422e-05
1.076310529999999988e+00 6.938595339445186028e-05
1.026643570000000061e+00 7.185409666687903041e-05
9.769766189999999906e-01 7.315225872539521390e-05
9.273096640000000335e-01 7.414927398285975357e-05
8.776427079999999936e-01 7.380478677676549637e-05
8.279757530000000365e-01 7.205850227975929556e-05
7.786002389999999718e-01 6.921101881340874229e-05
7.317317880000000496e-01 6.491335956093635673e-05
6.876846269999999928e-01 6.002331832855034577e-05
6.462889219999999879e-01 5.385355286047222023e-05
6.073850619999999756e-01 4.712550459951003745e-05
5.708230460000000006e-01 3.969331367303929881e-05
5.364619149999999559e-01 3.242926891955377755e-05
5.041691750000000249e-01 2.408990634927832275e-05
4.738203240000000149e-01 1.622906421183678560e-05
4.452983460000000115e-01 8.710471542716646809e-06
4.184932690000000011e-01 1.055267767613443652e-06
3.933017460000000076e-01 -6.129766968454575249e-06
3.696266380000000074e-01 -1.263364719505943867e-05
3.473766770000000226e-01 -1.845382764353864502e-05
3.264660690000000254e-01 -2.450948146970333141e-05
3.068141939999999845e-01 -2.937262412872065909e-05
2.883452770000000109e-01 -3.383640541931853818e-05
2.709881089999999770e-01 -3.706120291258052646e-05
2.546757709999999952e-01 -4.024933493163018738e-05
2.393453670000000033e-01 -4.240964938984070898e-05
2.249377889999999991e-01 -4.373593209128223691e-05
2.113974849999999961e-01 -4.582779850537122002e-05
1.986678209999999944e-01 -4.669497182141491010e-05
1.862510820000000122e-01 -4.650192284216814187e-05
1.738343440000000018e-01 -4.644210206761201221e-05
1.614176049999999918e-01 -4.600107103591710711e-05
1.490008660000000096e-01 -4.504764578783237994e-05
1.365841269999999996e-01 -4.425276594144378350e-05
1.241673880000000035e-01 -4.158670586917878609e-05
1.117506489999999936e-01 -4.017243625531463636e-05
9.933391060000000550e-02 -3.616764939051719807e-05
8.691717179999999821e-02 -3.399912628321288821e-05
7.450043300000000479e-02 -2.637806582606039285e-05
6.208369419999999750e-02 -2.513793441938361184e-05
4.966695530000000275e-02 -1.745205235770264096e-05
3.725021650000000240e-02 -1.198920150247140270e-05
2.483347769999999857e-02 -5.932491461635436281e-06
1.241673880000000035e-02 -1.564299657519363507e-05
0.000000000000000000e+00 0.000000000000000000e+00
