# curve 5 (die wall), step =      100, time =   4.00000000E+01
# N1 = tau_xx - tau_yy = G ( c_xx - c_yy ),  G =  1.1111E-02  (polymer part only)
#              x               y        pressure            c_xy        gammadot            c_xx            c_yy              N1
 -3.00000000E+00  1.00000000E+00  2.54004534E+00 -1.97821803E+00  4.03312635E-01  1.06074031E+01  8.01004319E-01  1.08959986E-01
 -2.97524677E+00  1.00000000E+00  2.52098819E+00 -1.97815355E+00  4.03315063E-01  1.06069367E+01  8.01005744E-01  1.08954788E-01
 -2.95049355E+00  1.00000000E+00  2.50193104E+00 -1.97808907E+00  4.03316655E-01  1.06064703E+01  8.01007169E-01  1.08949590E-01
 -2.92574032E+00  1.00000000E+00  2.48287310E+00 -1.97816996E+00  4.03317163E-01  1.06071951E+01  8.01007284E-01  1.08957643E-01
 -2.90098710E+00  1.00000000E+00  2.46381517E+00 -1.97825085E+00  4.03316232E-01  1.06079200E+01  8.01007399E-01  1.08965696E-01
 -2.87623387E+00  1.00000000E+00  2.44475832E+00 -1.97841174E+00  4.03314907E-01  1.06098418E+01  8.00991959E-01  1.08987220E-01
 -2.85148064E+00  1.00000000E+00  2.42570147E+00 -1.97857264E+00  4.03312893E-01  1.06117639E+01  8.00976519E-01  1.09008748E-01
 -2.82672742E+00  1.00000000E+00  2.40664206E+00 -1.97832807E+00  4.03312310E-01  1.06098537E+01  8.00974548E-01  1.08987546E-01
 -2.80197419E+00  1.00000000E+00  2.38758265E+00 -1.97808354E+00  4.03312396E-01  1.06079439E+01  8.00972582E-01  1.08966348E-01
 -2.77722097E+00  1.00000000E+00  2.36851960E+00 -1.97809223E+00  4.03314007E-01  1.06072942E+01  8.00987823E-01  1.08958960E-01
 -2.75246774E+00  1.00000000E+00  2.34945655E+00 -1.97810092E+00  4.03315760E-01  1.06066445E+01  8.01003065E-01  1.08951571E-01
 -2.72771451E+00  1.00000000E+00  2.33040416E+00 -1.97815959E+00  4.03315185E-01  1.06071356E+01  8.01010694E-01  1.08956944E-01
 -2.70296129E+00  1.00000000E+00  2.31135177E+00 -1.97821826E+00  4.03311774E-01  1.06076268E+01  8.01018323E-01  1.08962317E-01
 -2.67820806E+00  1.00000000E+00  2.29229085E+00 -1.97818074E+00  4.03310966E-01  1.06073102E+01  8.01007633E-01  1.08958917E-01
 -2.65345484E+00  1.00000000E+00  2.27322993E+00 -1.97814322E+00  4.03312461E-01  1.06069935E+01  8.00996942E-01  1.08955517E-01
 -2.62870161E+00  1.00000000E+00  2.25417319E+00 -1.97815605E+00  4.03314302E-01  1.06067482E+01  8.01007349E-01  1.08952676E-01
 -2.60394839E+00  1.00000000E+00  2.23511646E+00 -1.97816888E+00  4.03315603E-01  1.06065028E+01  8.01017755E-01  1.08949834E-01
 -2.57919516E+00  1.00000000E+00  2.21605937E+00 -1.97815557E+00  4.03315743E-01  1.06068213E+01  8.01011468E-01  1.08953442E-01
 -2.55444193E+00  1.00000000E+00  2.19700228E+00 -1.97814226E+00  4.03313842E-01  1.06071397E+01  8.01005182E-01  1.08957050E-01
 -2.52968871E+00  1.00000000E+00  2.17794329E+00 -1.97829328E+00  4.03311910E-01  1.06086629E+01  8.01004922E-01  1.08973977E-01
 -2.50493548E+00  1.00000000E+00  2.15888429E+00 -1.97844431E+00  4.03308259E-01  1.06101862E+01  8.01004663E-01  1.08990906E-01
 -2.48018226E+00  1.00000000E+00  2.13982363E+00 -1.97824390E+00  4.03308676E-01  1.06084835E+01  8.00997594E-01  1.08972066E-01
 -2.45542903E+00  1.00000000E+00  2.12076297E+00 -1.97804352E+00  4.03310944E-01  1.06067811E+01  8.00990528E-01  1.08953228E-01
 -2.43067580E+00  1.00000000E+00  2.10170504E+00 -1.97805541E+00  4.03313752E-01  1.06064073E+01  8.01000588E-01  1.08948963E-01
 -2.40592258E+00  1.00000000E+00  2.08264712E+00 -1.97806730E+00  4.03316327E-01  1.06060335E+01  8.01010649E-01  1.08944698E-01
 -2.38116935E+00  1.00000000E+00  2.06359204E+00 -1.97808316E+00  4.03315320E-01  1.06063389E+01  8.01013639E-01  1.08948058E-01
 -2.35641613E+00  1.00000000E+00  2.04453697E+00 -1.97809903E+00  4.03311554E-01  1.06066442E+01  8.01016630E-01  1.08951418E-01
 -2.33166290E+00  1.00000000E+00  2.02547770E+00 -1.97813124E+00  4.03310344E-01  1.06069666E+01  8.01011361E-01  1.08955058E-01
 -2.30690967E+00  1.00000000E+00  2.00641843E+00 -1.97816346E+00  4.03309889E-01  1.06072890E+01  8.01006091E-01  1.08958699E-01
 -2.28215645E+00  1.00000000E+00  1.98735906E+00 -1.97814635E+00  4.03310260E-01  1.06070140E+01  8.01002772E-01  1.08955681E-01
 -2.25740322E+00  1.00000000E+00  1.96829969E+00 -1.97812925E+00  4.03311888E-01  1.06067391E+01  8.00999453E-01  1.08952662E-01
 -2.23265000E+00  1.00000000E+00  1.94924316E+00 -1.97827860E+00  4.03311007E-01  1.06081661E+01  8.01006206E-01  1.08968444E-01
 -2.20789677E+00  1.00000000E+00  1.93018663E+00 -1.97842797E+00  4.03306366E-01  1.06095934E+01  8.01012960E-01  1.08984227E-01
 -2.18314354E+00  1.00000000E+00  1.91112581E+00 -1.97824938E+00  4.03304557E-01  1.06079525E+01  8.01014026E-01  1.08965983E-01
 -2.15839032E+00  1.00000000E+00  1.89206499E+00 -1.97807081E+00  4.03304104E-01  1.06063118E+01  8.01015094E-01  1.08947741E-01
 -2.13363709E+00  1.00000000E+00  1.87301034E+00 -1.97807354E+00  4.03304303E-01  1.06061340E+01  8.01017234E-01  1.08945742E-01
 -2.10888387E+00  1.00000000E+00  1.85395568E+00 -1.97807627E+00  4.03304864E-01  1.06059562E+01  8.01019373E-01  1.08943742E-01
 -2.08413064E+00  1.00000000E+00  1.83489465E+00 -1.97807770E+00  4.03305126E-01  1.06057582E+01  8.01023653E-01  1.08941495E-01
 -2.05937741E+00  1.00000000E+00  1.81583362E+00 -1.97807912E+00  4.03304226E-01  1.06055603E+01  8.01027934E-01  1.08939248E-01
 -2.03462419E+00  1.00000000E+00  1.79677902E+00 -1.97807056E+00  4.03301417E-01  1.06059411E+01  8.01018909E-01  1.08943579E-01
 -2.00987096E+00  1.00000000E+00  1.77772442E+00 -1.97806201E+00  4.03297890E-01  1.06063218E+01  8.01009883E-01  1.08947911E-01
 -1.98511774E+00  1.00000000E+00  1.75866324E+00 -1.97806256E+00  4.03296223E-01  1.06061173E+01  8.01013405E-01  1.08945599E-01
 -1.96036451E+00  1.00000000E+00  1.73960206E+00 -1.97806311E+00  4.03294987E-01  1.06059129E+01  8.01016926E-01  1.08943288E-01
 -1.93561128E+00  1.00000000E+00  1.72055061E+00 -1.97819430E+00  4.03291228E-01  1.06071804E+01  8.01023189E-01  1.08957302E-01
 -1.91085806E+00  1.00000000E+00  1.70149917E+00 -1.97832550E+00  4.03285681E-01  1.06084481E+01  8.01029451E-01  1.08971318E-01
 -1.88610483E+00  1.00000000E+00  1.68243487E+00 -1.97821600E+00  4.03282358E-01  1.06077090E+01  8.01008838E-01  1.08963335E-01
 -1.86135161E+00  1.00000000E+00  1.66337056E+00 -1.97810651E+00  4.03281186E-01  1.06069699E+01  8.00988225E-01  1.08955352E-01
 -1.83659838E+00  1.00000000E+00  1.64431786E+00 -1.97809322E+00  4.03280301E-01  1.06063476E+01  8.01016143E-01  1.08948127E-01
 -1.81184516E+00  1.00000000E+00  1.62526517E+00 -1.97807992E+00  4.03277331E-01  1.06057253E+01  8.01044061E-01  1.08940902E-01
 -1.78709193E+00  1.00000000E+00  1.60621478E+00 -1.97824598E+00  4.03268460E-01  1.06079494E+01  8.01026743E-01  1.08965807E-01
 -1.76233870E+00  1.00000000E+00  1.58716440E+00 -1.97841204E+00  4.03256698E-01  1.06101740E+01  8.01009424E-01  1.08990717E-01
 -1.73758548E+00  1.00000000E+00  1.56810181E+00 -1.97831110E+00  4.03252426E-01  1.06091334E+01  8.01010397E-01  1.08979145E-01
 -1.71283225E+00  1.00000000E+00  1.54903922E+00 -1.97821017E+00  4.03248038E-01  1.06080930E+01  8.01011369E-01  1.08967573E-01
 -1.68807903E+00  1.00000000E+00  1.52998530E+00 -1.97818879E+00  4.03242340E-01  1.06073277E+01  8.01025633E-01  1.08958912E-01
 -1.66332580E+00  1.00000000E+00  1.51093138E+00 -1.97816741E+00  4.03236262E-01  1.06065625E+01  8.01039896E-01  1.08950251E-01
 -1.63857257E+00  1.00000000E+00  1.49188635E+00 -1.97815570E+00  4.03228743E-01  1.06066668E+01  8.01040005E-01  1.08951409E-01
 -1.61381935E+00  1.00000000E+00  1.47284131E+00 -1.97814400E+00  4.03218783E-01  1.06067712E+01  8.01040115E-01  1.08952567E-01
 -1.58906612E+00  1.00000000E+00  1.45378395E+00 -1.97803924E+00  4.03208983E-01  1.06054969E+01  8.01045492E-01  1.08938349E-01
 -1.56431290E+00  1.00000000E+00  1.43472659E+00 -1.97793448E+00  4.03200428E-01  1.06042229E+01  8.01050869E-01  1.08924133E-01
 -1.53955967E+00  1.00000000E+00  1.41568828E+00 -1.97788572E+00  4.03190302E-01  1.06034850E+01  8.01065068E-01  1.08915778E-01
 -1.51480644E+00  1.00000000E+00  1.39664998E+00 -1.97783696E+00  4.03179849E-01  1.06027473E+01  8.01079267E-01  1.08907422E-01
 -1.49005322E+00  1.00000000E+00  1.37760757E+00 -1.97784693E+00  4.03166154E-01  1.06031842E+01  8.01080878E-01  1.08912259E-01
 -1.46529999E+00  1.00000000E+00  1.35856516E+00 -1.97785689E+00  4.03148420E-01  1.06036212E+01  8.01082488E-01  1.08917097E-01
 -1.44054677E+00  1.00000000E+00  1.33952635E+00 -1.97803731E+00  4.03130389E-01  1.06055665E+01  8.01083048E-01  1.08938705E-01
 -1.41579354E+00  1.00000000E+00  1.32048754E+00 -1.97821775E+00  4.03107596E-01  1.06075121E+01  8.01083607E-01  1.08960317E-01
 -1.39104031E+00  1.00000000E+00  1.30145510E+00 -1.97790344E+00  4.03088975E-01  1.06047519E+01  8.01086476E-01  1.08929616E-01
 -1.36628709E+00  1.00000000E+00  1.28242267E+00 -1.97758920E+00  4.03073250E-01  1.06019925E+01  8.01089351E-01  1.08898924E-01
 -1.34153386E+00  1.00000000E+00  1.26339833E+00 -1.97757921E+00  4.03055271E-01  1.06009687E+01  8.01112831E-01  1.08887287E-01
 -1.31678064E+00  1.00000000E+00  1.24437400E+00 -1.97756922E+00  4.03035887E-01  1.05999450E+01  8.01136311E-01  1.08875652E-01
 -1.29202741E+00  1.00000000E+00  1.22536732E+00 -1.97760761E+00  4.03013434E-01  1.06002261E+01  8.01142374E-01  1.08878708E-01
 -1.26727418E+00  1.00000000E+00  1.20636064E+00 -1.97764601E+00  4.02988705E-01  1.06005073E+01  8.01148438E-01  1.08881765E-01
 -1.24252096E+00  1.00000000E+00  1.18736174E+00 -1.97773098E+00  4.02965302E-01  1.06008739E+01  8.01169975E-01  1.08885600E-01
 -1.21776773E+00  1.00000000E+00  1.16836285E+00 -1.97781596E+00  4.02934237E-01  1.06012406E+01  8.01191514E-01  1.08889435E-01
 -1.19301451E+00  1.00000000E+00  1.14937359E+00 -1.97753362E+00  4.02906914E-01  1.05989483E+01  8.01192496E-01  1.08863953E-01
 -1.16826128E+00  1.00000000E+00  1.13038432E+00 -1.97725133E+00  4.02884793E-01  1.05966564E+01  8.01193485E-01  1.08838477E-01
 -1.14350806E+00  1.00000000E+00  1.11142313E+00 -1.97731106E+00  4.02858180E-01  1.05964483E+01  8.01216047E-01  1.08835914E-01
 -1.11875483E+00  1.00000000E+00  1.09246194E+00 -1.97737079E+00  4.02829884E-01  1.05962401E+01  8.01238610E-01  1.08833350E-01
 -1.09400160E+00  1.00000000E+00  1.07352181E+00 -1.97726690E+00  4.02808861E-01  1.05951788E+01  8.01241704E-01  1.08821523E-01
 -1.06924838E+00  1.00000000E+00  1.05458167E+00 -1.97716302E+00  4.02787269E-01  1.05941176E+01  8.01244798E-01  1.08809697E-01
 -1.04449515E+00  1.00000000E+00  1.03567269E+00 -1.97709545E+00  4.02763125E-01  1.05931516E+01  8.01265308E-01  1.08798736E-01
 -1.01974193E+00  1.00000000E+00  1.01676372E+00 -1.97702789E+00  4.02737905E-01  1.05921857E+01  8.01285819E-01  1.08787777E-01
 -9.94988700E-01  1.00000000E+00  9.97891833E-01 -1.97703318E+00  4.02721977E-01  1.05922401E+01  8.01295278E-01  1.08788276E-01
 -9.70235474E-01  1.00000000E+00  9.79019949E-01 -1.97703847E+00  4.02710864E-01  1.05922946E+01  8.01304737E-01  1.08788776E-01
 -9.45482248E-01  1.00000000E+00  9.60186223E-01 -1.97690968E+00  4.02709955E-01  1.05917242E+01  8.01271209E-01  1.08782812E-01
 -9.20729022E-01  1.00000000E+00  9.41352496E-01 -1.97678089E+00  4.02714250E-01  1.05911540E+01  8.01237684E-01  1.08776848E-01
 -8.95975796E-01  1.00000000E+00  9.22581972E-01 -1.97677389E+00  4.02726936E-01  1.05909321E+01  8.01251340E-01  1.08774231E-01
 -8.71222570E-01  1.00000000E+00  9.03811448E-01 -1.97676688E+00  4.02744131E-01  1.05907102E+01  8.01264997E-01  1.08771614E-01
 -8.46469344E-01  1.00000000E+00  8.85100727E-01 -1.97708104E+00  4.02792154E-01  1.05931970E+01  8.01278742E-01  1.08799092E-01
 -8.21716118E-01  1.00000000E+00  8.66390005E-01 -1.97739525E+00  4.02839065E-01  1.05956844E+01  8.01292492E-01  1.08826577E-01
 -7.97201467E-01  1.00000000E+00  8.47948596E-01 -1.97764122E+00  4.02935792E-01  1.05979816E+01  8.01263718E-01  1.08852421E-01
 -7.72686817E-01  1.00000000E+00  8.29507187E-01 -1.97788724E+00  4.03033906E-01  1.06002793E+01  8.01234951E-01  1.08878270E-01
 -7.49503432E-01  1.00000000E+00  8.12152022E-01 -1.97782909E+00  4.03168587E-01  1.06033269E+01  8.01059033E-01  1.08914087E-01
 -7.26320047E-01  1.00000000E+00  7.94796857E-01 -1.97777089E+00  4.03324863E-01  1.06063755E+01  8.00883138E-01  1.08949915E-01
 -7.04527831E-01  1.00000000E+00  7.78576416E-01 -1.97855271E+00  4.03517563E-01  1.06113702E+01  8.00951163E-01  1.09004656E-01
 -6.82735615E-01  1.00000000E+00  7.62355976E-01 -1.97933486E+00  4.03727200E-01  1.06163672E+01  8.01019240E-01  1.09059422E-01
 -6.62251087E-01  1.00000000E+00  7.47212531E-01 -1.97932360E+00  4.04002828E-01  1.06226660E+01  8.00689964E-01  1.09133067E-01
 -6.41766559E-01  1.00000000E+00  7.32069087E-01 -1.97931223E+00  4.04306438E-01  1.06289689E+01  8.00360772E-01  1.09206758E-01
 -6.22511254E-01  1.00000000E+00  7.17929719E-01 -1.97972069E+00  4.04640629E-01  1.06368040E+01  8.00139335E-01  1.09296274E-01
 -6.03255949E-01  1.00000000E+00  7.03790351E-01 -1.98012926E+00  4.05010933E-01  1.06446453E+01  7.99917943E-01  1.09385859E-01
 -5.85156097E-01  1.00000000E+00  6.90609460E-01 -1.98154372E+00  4.05439488E-01  1.06560377E+01  7.99914199E-01  1.09512483E-01
 -5.67056245E-01  1.00000000E+00  6.77428569E-01 -1.98295940E+00  4.05896738E-01  1.06674424E+01  7.99910619E-01  1.09639242E-01
 -5.50042515E-01  1.00000000E+00  6.65141097E-01 -1.98362146E+00  4.06444513E-01  1.06811719E+01  7.99488961E-01  1.09796478E-01
 -5.33028786E-01  1.00000000E+00  6.52853625E-01 -1.98428381E+00  4.07015321E-01  1.06949204E+01  7.99067469E-01  1.09953921E-01
 -5.17036006E-01  1.00000000E+00  6.41435579E-01 -1.98581384E+00  4.07652367E-01  1.07120320E+01  7.98843765E-01  1.10146536E-01
 -5.01043227E-01  1.00000000E+00  6.30017533E-01 -1.98734549E+00  4.08331879E-01  1.07291718E+01  7.98620266E-01  1.10339462E-01
 -4.86010125E-01  1.00000000E+00  6.19390712E-01 -1.98896094E+00  4.09081386E-01  1.07483664E+01  7.98314066E-01  1.10556137E-01
 -4.70977023E-01  1.00000000E+00  6.08763890E-01 -1.99057826E+00  4.09896013E-01  1.07675964E+01  7.98008143E-01  1.10773202E-01
 -4.56846016E-01  1.00000000E+00  5.98873984E-01 -1.99259260E+00  4.10766676E-01  1.07914892E+01  7.97645971E-01  1.11042703E-01
 -4.42715008E-01  1.00000000E+00  5.88984078E-01 -1.99460981E+00  4.11706364E-01  1.08154368E+01  7.97284192E-01  1.11312806E-01
 -4.29431964E-01  1.00000000E+00  5.79855746E-01 -1.99648482E+00  4.12753924E-01  1.08406964E+01  7.96752130E-01  1.11599381E-01
 -4.16148920E-01  1.00000000E+00  5.70727414E-01 -1.99836251E+00  4.13863453E-01  1.08660173E+01  7.96220621E-01  1.11886630E-01
 -4.03662954E-01  1.00000000E+00  5.62246479E-01 -2.00050073E+00  4.14973592E-01  1.08958912E+01  7.95663637E-01  1.12224750E-01
 -3.91176988E-01  1.00000000E+00  5.53765544E-01 -2.00264210E+00  4.16205407E-01  1.09258506E+01  7.95107118E-01  1.12563817E-01
 -3.79440270E-01  1.00000000E+00  5.45870609E-01 -2.00589593E+00  4.17536296E-01  1.09606456E+01  7.94708987E-01  1.12954851E-01
 -3.67703552E-01  1.00000000E+00  5.37975675E-01 -2.00915697E+00  4.18935506E-01  1.09955540E+01  7.94311787E-01  1.13347135E-01
 -3.56671122E-01  1.00000000E+00  5.30785305E-01 -2.01216294E+00  4.20426048E-01  1.10336647E+01  7.93641906E-01  1.13778031E-01
 -3.45638692E-01  1.00000000E+00  5.23594935E-01 -2.01517542E+00  4.21967215E-01  1.10719121E+01  7.92973095E-01  1.14210433E-01
 -3.35268287E-01  1.00000000E+00  5.16879871E-01 -2.01872229E+00  4.23539731E-01  1.11142981E+01  7.92397581E-01  1.14687784E-01
 -3.24897882E-01  1.00000000E+00  5.10164807E-01 -2.02227772E+00  4.25256999E-01  1.11568514E+01  7.91823091E-01  1.15166981E-01
 -3.15149775E-01  1.00000000E+00  5.04055040E-01 -2.02538865E+00  4.27088114E-01  1.11995179E+01  7.91016948E-01  1.15650010E-01
 -3.05401669E-01  1.00000000E+00  4.97945274E-01 -2.02850648E+00  4.28973784E-01  1.12423538E+01  7.90211998E-01  1.16134909E-01
 -2.96238520E-01  1.00000000E+00  4.92250263E-01 -2.03196735E+00  4.30894611E-01  1.12952762E+01  7.89105348E-01  1.16735231E-01
 -2.87075371E-01  1.00000000E+00  4.86555252E-01 -2.03543654E+00  4.33050986E-01  1.13484589E+01  7.88000341E-01  1.17338428E-01
 -2.78462077E-01  1.00000000E+00  4.81422547E-01 -2.03976519E+00  4.35254581E-01  1.14025090E+01  7.87121881E-01  1.17948746E-01
 -2.69848783E-01  1.00000000E+00  4.76289841E-01 -2.04410706E+00  4.37555732E-01  1.14568246E+01  7.86245531E-01  1.18561990E-01
 -2.61752348E-01  1.00000000E+00  4.71595551E-01 -2.04968099E+00  4.39888732E-01  1.15188202E+01  7.85586921E-01  1.19258147E-01
 -2.53655913E-01  1.00000000E+00  4.66901260E-01 -2.05527539E+00  4.42350060E-01  1.15811593E+01  7.84930716E-01  1.19958096E-01
 -2.46045323E-01  1.00000000E+00  4.62660435E-01 -2.05910275E+00  4.44923073E-01  1.16444246E+01  7.83555215E-01  1.20676327E-01
 -2.38434732E-01  1.00000000E+00  4.58419609E-01 -2.06293991E+00  4.47575203E-01  1.17080521E+01  7.82181952E-01  1.21398558E-01
 -2.31280830E-01  1.00000000E+00  4.54546575E-01 -2.06723170E+00  4.50323599E-01  1.17746881E+01  7.80902861E-01  1.22153169E-01
 -2.24126928E-01  1.00000000E+00  4.50673541E-01 -2.07153557E+00  4.53180981E-01  1.18417199E+01  7.79625881E-01  1.22912156E-01
 -2.17402314E-01  1.00000000E+00  4.47178268E-01 -2.07915410E+00  4.56145509E-01  1.19193909E+01  7.79041259E-01  1.23781663E-01
 -2.10677699E-01  1.00000000E+00  4.43682994E-01 -2.08680937E+00  4.59201076E-01  1.19975800E+01  7.78461179E-01  1.24656876E-01
 -2.04351753E-01  1.00000000E+00  4.40611297E-01 -2.09243717E+00  4.62417872E-01  1.20790269E+01  7.77020763E-01  1.25577846E-01
 -1.98025807E-01  1.00000000E+00  4.37539599E-01 -2.09808635E+00  4.65700254E-01  1.21610476E+01  7.75583966E-01  1.26505152E-01
 -1.91837501E-01  1.00000000E+00  4.34694650E-01 -2.10523767E+00  4.69286527E-01  1.22483138E+01  7.74496299E-01  1.27486861E-01
 -1.85649194E-01  1.00000000E+00  4.31849701E-01 -2.11242242E+00  4.72972351E-01  1.23362230E+01  7.73412964E-01  1.28475667E-01
 -1.79460888E-01  1.00000000E+00  4.29253705E-01 -2.11590645E+00  4.77063050E-01  1.24326851E+01  7.70684429E-01  1.29577785E-01
 -1.73272582E-01  1.00000000E+00  4.26657710E-01 -2.11939225E+00  4.81292632E-01  1.25299545E+01  7.67961533E-01  1.30688811E-01
 -1.67084275E-01  1.00000000E+00  4.24235093E-01 -2.13065051E+00  4.85950009E-01  1.26485612E+01  7.67158617E-01  1.32015584E-01
 -1.60895969E-01  1.00000000E+00  4.21812475E-01 -2.14198646E+00  4.90779182E-01  1.27683093E+01  7.66364737E-01  1.33354939E-01
 -1.54707662E-01  1.00000000E+00  4.19708448E-01 -2.14867123E+00  4.96266510E-01  1.28987714E+01  7.63518875E-01  1.34836139E-01
 -1.48519356E-01  1.00000000E+00  4.17604421E-01 -2.15538159E+00  5.01924227E-01  1.30306349E+01  7.60681182E-01  1.36332819E-01
 -1.42331049E-01  1.00000000E+00  4.16050679E-01 -2.16643773E+00  5.08367312E-01  1.31787806E+01  7.58596824E-01  1.38002042E-01
 -1.36142743E-01  1.00000000E+00  4.14496936E-01 -2.17757368E+00  5.15173141E-01  1.33286584E+01  7.56524875E-01  1.39690373E-01
 -1.29954436E-01  1.00000000E+00  4.13363930E-01 -2.18781972E+00  5.22472986E-01  1.35068986E+01  7.53472145E-01  1.41704738E-01
 -1.23766130E-01  1.00000000E+00  4.12230924E-01 -2.19812547E+00  5.30338520E-01  1.36876244E+01  7.50429837E-01  1.43746606E-01
 -1.17577823E-01  1.00000000E+00  4.11428896E-01 -2.21287899E+00  5.39426386E-01  1.39047647E+01  7.47422609E-01  1.46192690E-01
 -1.11389517E-01  1.00000000E+00  4.10626867E-01 -2.22776715E+00  5.48991832E-01  1.41254583E+01  7.44434756E-01  1.48678040E-01
 -1.05201210E-01  1.00000000E+00  4.11006437E-01 -2.24411593E+00  5.60183678E-01  1.43861658E+01  7.40446150E-01  1.51619107E-01
 -9.90129037E-02  1.00000000E+00  4.11386007E-01 -2.26062968E+00  5.71918061E-01  1.46518493E+01  7.36486467E-01  1.54615142E-01
 -9.28245972E-02  1.00000000E+00  4.12997156E-01 -2.27030711E+00  5.85705047E-01  1.49550054E+01  7.29442703E-01  1.58061808E-01
 -8.66362908E-02  1.00000000E+00  4.14608306E-01 -2.27997432E+00  6.00210675E-01  1.52648337E+01  7.22435472E-01  1.61582202E-01
 -8.04479843E-02  1.00000000E+00  4.17322635E-01 -2.30807264E+00  6.17979756E-01  1.56598781E+01  7.18461875E-01  1.66015735E-01
 -7.42596778E-02  1.00000000E+00  4.20036964E-01 -2.33663355E+00  6.37157273E-01  1.60653801E+01  7.14546294E-01  1.70564821E-01
 -6.80713713E-02  1.00000000E+00  4.25802258E-01 -2.33570334E+00  6.60220591E-01  1.65459731E+01  7.00140543E-01  1.76064806E-01
 -6.18830648E-02  1.00000000E+00  4.31567552E-01 -2.33421227E+00  6.86056570E-01  1.70424178E+01  6.85872547E-01  1.81739391E-01
 -5.56947583E-02  1.00000000E+00  4.38710316E-01 -2.42387867E+00  7.18240994E-01  1.78184500E+01  6.88759937E-01  1.90329889E-01
 -4.95064519E-02  1.00000000E+00  4.45853080E-01 -2.51727571E+00  7.54831967E-01  1.86298140E+01  6.92177822E-01  1.99307069E-01
 -4.33181454E-02  1.00000000E+00  4.85183463E-01 -2.51178972E+00  8.01332701E-01  1.97895618E+01  6.61917226E-01  2.12529384E-01
 -3.71298389E-02  1.00000000E+00  5.24513845E-01 -2.50325739E+00  8.61046917E-01  2.10286930E+01  6.32275633E-01  2.26626860E-01
 -3.09415324E-02  1.00000000E+00  4.58572044E-01 -1.99012695E+00  9.50953027E-01  1.99650260E+01  5.49894068E-01  2.15723689E-01
 -2.47532259E-02  1.00000000E+00  3.92630242E-01 -1.50940656E+00  1.02993311E+00  1.90043544E+01  4.88560815E-01  2.05731040E-01
 -1.85649194E-02  1.00000000E+00  9.50385317E-01 -3.99089297E+00  1.17674305E+00  3.08657732E+01  7.83296806E-01  3.34249737E-01
 -1.23766130E-02  1.00000000E+00  1.50814039E+00 -8.39582196E+00  1.54536587E+00  5.09484720E+01  1.57421142E+00  5.48602895E-01
 -6.18830648E-03  1.00000000E+00 -1.74641862E-01  4.54100777E+00  2.49756067E+00  3.75437143E+01  8.10253213E-01  4.08149568E-01
  0.00000000E+00  1.00000000E+00 -1.85742412E+00  2.26312451E+01  4.75234028E+00  5.61363658E+01  9.29982705E+00  5.20405986E-01
