# model=oldroyd  theta_MLE: lambda=2.66307, beta=0.695227, eta_0=0.845811
# delta(x) = y_clean(x) - y_model(x; theta_MLE)   (x from curve4_x.txt)
# columns: x  delta
5.000000000000000000e+00 -9.524794336046582544e-05
4.950333040000000295e+00 -9.520890533698533886e-05
4.900666089999999642e+00 -9.521581772808929145e-05
4.850999129999999937e+00 -9.522336090150851362e-05
4.801332180000000172e+00 -9.524454605736032420e-05
4.751665219999999579e+00 -9.528115044665774747e-05
4.701998269999999813e+00 -9.532717879578989084e-05
4.652331310000000109e+00 -9.537764654488078975e-05
4.602664360000000343e+00 -9.543506914755361947e-05
4.552997399999999750e+00 -9.550728281149112320e-05
4.503330449999999985e+00 -9.558926585961913247e-05
4.453663490000000280e+00 -9.567466678439551231e-05
4.403996539999999627e+00 -9.577479738531735620e-05
4.354329579999999922e+00 -9.586998602362228894e-05
4.304662630000000156e+00 -9.597804145977661960e-05
4.254995669999999564e+00 -9.609070005178743656e-05
4.205328709999999859e+00 -9.620798671972075056e-05
4.155661760000000093e+00 -9.632427248962294186e-05
4.105994800000000389e+00 -9.644078116788357136e-05
4.056327849999999735e+00 -9.655427127563953604e-05
4.006660890000000030e+00 -9.667112826194923514e-05
3.956993939999999821e+00 -9.679080954883012566e-05
3.907326980000000116e+00 -9.689143140922951147e-05
3.857660029999999907e+00 -9.699603249169186370e-05
3.807993070000000202e+00 -9.708111815376341269e-05
3.758326119999999992e+00 -9.714901510937679063e-05
3.708659159999999844e+00 -9.719582608802568302e-05
3.658992210000000078e+00 -9.721766714698709677e-05
3.609325249999999929e+00 -9.720846255856230300e-05
3.559658300000000164e+00 -9.717446641266391794e-05
3.509991340000000015e+00 -9.708748181513904285e-05
3.460324389999999806e+00 -9.695605438686527577e-05
3.410657430000000101e+00 -9.676885578602245630e-05
3.360990469999999952e+00 -9.651854926651104449e-05
3.311323520000000187e+00 -9.618697361957195824e-05
3.261656560000000038e+00 -9.576154776169687466e-05
3.211989609999999828e+00 -9.524103153957241830e-05
3.162322650000000124e+00 -9.461518695985660088e-05
3.112655699999999914e+00 -9.384574198700867953e-05
3.062988740000000210e+00 -9.294128037584670210e-05
3.013321790000000000e+00 -9.186813446349084700e-05
2.963654829999999851e+00 -9.061268346965967169e-05
2.913987880000000086e+00 -8.914888384659036547e-05
2.864320919999999937e+00 -8.745249332831050992e-05
2.814653970000000172e+00 -8.552657531124552293e-05
2.764987010000000023e+00 -8.329741912960209049e-05
2.715320059999999813e+00 -8.077791488703134348e-05
2.665653100000000109e+00 -7.790823411979452828e-05
2.615986139999999960e+00 -7.467512624081962258e-05
2.566319190000000194e+00 -7.103059691315749546e-05
2.516652230000000046e+00 -6.694055945843935262e-05
2.466985279999999836e+00 -6.239158727372462465e-05
2.417318320000000131e+00 -5.731425998956041212e-05
2.367651369999999922e+00 -5.168524160414911250e-05
2.317984410000000217e+00 -4.546884311529275635e-05
2.268317460000000008e+00 -3.861046037800797137e-05
2.218650499999999859e+00 -3.109989035232629817e-05
2.168983550000000093e+00 -2.287388723232197663e-05
2.119316589999999945e+00 -1.389034940113553773e-05
2.069649640000000179e+00 -4.135775267588570614e-06
2.019982680000000030e+00 6.420838133847084350e-06
1.970315730000000043e+00 1.779449007122124726e-05
1.920648769999999894e+00 3.001530049351330831e-05
1.870981809999999967e+00 4.313578778591953267e-05
1.821314859999999980e+00 5.706468052135704738e-05
1.771647900000000053e+00 7.184637175128294473e-05
1.721980950000000066e+00 8.744241768510185864e-05
1.672313989999999917e+00 1.038345416819463907e-04
1.622647039999999929e+00 1.209823281902444592e-04
1.572980080000000003e+00 1.387102116092719939e-04
1.523313130000000015e+00 1.569057713854959957e-04
1.473646170000000089e+00 1.755293913807687289e-04
1.423979220000000101e+00 1.943667865274001372e-04
1.374312259999999952e+00 2.132851283145331678e-04
1.324645309999999965e+00 2.321527644009169222e-04
1.274978350000000038e+00 2.504497300450658770e-04
1.225311400000000051e+00 2.681223308464986133e-04
1.175644439999999902e+00 2.849152784114572512e-04
1.125977479999999975e+00 3.003295739534284081e-04
1.076310529999999988e+00 3.133885290060867135e-04
1.026643570000000061e+00 3.246478137413078002e-04
9.769766189999999906e-01 3.332069708534834973e-04
9.273096640000000335e-01 3.383953390516669657e-04
8.776427079999999936e-01 3.405801070284208976e-04
8.279757530000000365e-01 3.371840276986670659e-04
7.786002389999999718e-01 3.297177702237252817e-04
7.317317880000000496e-01 3.167672153676637237e-04
6.876846269999999928e-01 3.004269809396831192e-04
6.462889219999999879e-01 2.802381632502903841e-04
6.073850619999999756e-01 2.575392889481165071e-04
5.708230460000000006e-01 2.321075390987470399e-04
5.364619149999999559e-01 2.043238233522259861e-04
5.041691750000000249e-01 1.754778793983113871e-04
4.738203240000000149e-01 1.467342981935626511e-04
4.452983460000000115e-01 1.175129425321497223e-04
4.184932690000000011e-01 8.620757662081146577e-05
3.933017460000000076e-01 5.538045134745317455e-05
3.696266380000000074e-01 2.879561152235865507e-05
3.473766770000000226e-01 9.023225109316967973e-07
3.264660690000000254e-01 -3.030435987394497488e-05
3.068141939999999845e-01 -5.016399758739353842e-05
2.883452770000000109e-01 -6.984965186207503507e-05
2.709881089999999770e-01 -9.726521221198325406e-05
2.546757709999999952e-01 -1.098439432152265027e-04
2.393453670000000033e-01 -1.238749966296914806e-04
2.249377889999999991e-01 -1.555944094249195331e-04
2.113974849999999961e-01 -1.607330004205209661e-04
1.986678209999999944e-01 -1.728066643695846949e-04
1.862510820000000122e-01 -1.889107179795512792e-04
1.738343440000000018e-01 -2.028217122314046605e-04
1.614176049999999918e-01 -2.120730164110185001e-04
1.490008660000000096e-01 -2.221298142477401427e-04
1.365841269999999996e-01 -2.316993698003866342e-04
1.241673880000000035e-01 -2.581137373938169333e-04
1.117506489999999936e-01 -2.549015445787450318e-04
9.933391060000000550e-02 -2.513889164061922088e-04
8.691717179999999821e-02 -2.458703849823606902e-04
7.450043300000000479e-02 -2.716028154885474777e-04
6.208369419999999750e-02 -2.355047421731537582e-04
4.966695530000000275e-02 -2.164770035044671914e-04
3.725021650000000240e-02 -2.089066796111538338e-04
2.483347769999999857e-02 -1.321278137167425371e-04
1.241673880000000035e-02 -3.811691255850568893e-05
0.000000000000000000e+00 0.000000000000000000e+00
