# curve 5 (die wall), step =      800, time =   3.20000000E+02
# N1 = tau_xx - tau_yy = G ( c_xx - c_yy ),  G =  1.0000E-01  (polymer part only)
#              x               y        pressure            c_xy        gammadot            c_xx            c_yy              N1
 -3.00000000E+00  1.00000000E+00  2.54344574E+00 -9.77257997E-01  4.06823288E-01  2.99181467E+00  9.23192966E-01  2.06862170E-01
 -2.97524677E+00  1.00000000E+00  2.52450458E+00 -9.77195294E-01  4.06826755E-01  2.99170704E+00  9.23178524E-01  2.06852852E-01
 -2.95049355E+00  1.00000000E+00  2.50556342E+00 -9.77132593E-01  4.06829439E-01  2.99159942E+00  9.23164083E-01  2.06843533E-01
 -2.92574032E+00  1.00000000E+00  2.48662901E+00 -9.77193142E-01  4.06829045E-01  2.99171565E+00  9.23180998E-01  2.06853465E-01
 -2.90098710E+00  1.00000000E+00  2.46769460E+00 -9.77253694E-01  4.06824416E-01  2.99183188E+00  9.23197914E-01  2.06863396E-01
 -2.87623387E+00  1.00000000E+00  2.44876630E+00 -9.77390855E-01  4.06819536E-01  2.99215463E+00  9.23224725E-01  2.06892990E-01
 -2.85148064E+00  1.00000000E+00  2.42983801E+00 -9.77528031E-01  4.06811683E-01  2.99247741E+00  9.23251542E-01  2.06922587E-01
 -2.82672742E+00  1.00000000E+00  2.41089314E+00 -9.77354233E-01  4.06814005E-01  2.99214143E+00  9.23207318E-01  2.06893412E-01
 -2.80197419E+00  1.00000000E+00  2.39194827E+00 -9.77180454E-01  4.06820282E-01  2.99180550E+00  9.23163104E-01  2.06864240E-01
 -2.77722097E+00  1.00000000E+00  2.37300720E+00 -9.77198507E-01  4.06823472E-01  2.99175106E+00  9.23173583E-01  2.06857747E-01
 -2.75246774E+00  1.00000000E+00  2.35406612E+00 -9.77216559E-01  4.06827251E-01  2.99169662E+00  9.23184063E-01  2.06851255E-01
 -2.72771451E+00  1.00000000E+00  2.33513919E+00 -9.77216823E-01  4.06828552E-01  2.99173639E+00  9.23186837E-01  2.06854956E-01
 -2.70296129E+00  1.00000000E+00  2.31621226E+00 -9.77217087E-01  4.06824853E-01  2.99177617E+00  9.23189612E-01  2.06858656E-01
 -2.67820806E+00  1.00000000E+00  2.29727170E+00 -9.77222994E-01  4.06821842E-01  2.99175481E+00  9.23187945E-01  2.06856687E-01
 -2.65345484E+00  1.00000000E+00  2.27833115E+00 -9.77228901E-01  4.06823361E-01  2.99173346E+00  9.23186277E-01  2.06854718E-01
 -2.62870161E+00  1.00000000E+00  2.25939840E+00 -9.77223589E-01  4.06825209E-01  2.99170665E+00  9.23187900E-01  2.06851875E-01
 -2.60394839E+00  1.00000000E+00  2.24046565E+00 -9.77218277E-01  4.06825632E-01  2.99167984E+00  9.23189522E-01  2.06849032E-01
 -2.57919516E+00  1.00000000E+00  2.22153137E+00 -9.77204005E-01  4.06826811E-01  2.99168813E+00  9.23186452E-01  2.06850168E-01
 -2.55444193E+00  1.00000000E+00  2.20259708E+00 -9.77189732E-01  4.06824630E-01  2.99169642E+00  9.23183382E-01  2.06851303E-01
 -2.52968871E+00  1.00000000E+00  2.18366228E+00 -9.77291881E-01  4.06819810E-01  2.99190620E+00  9.23209113E-01  2.06869709E-01
 -2.50493548E+00  1.00000000E+00  2.16472748E+00 -9.77394036E-01  4.06811636E-01  2.99211600E+00  9.23234847E-01  2.06888115E-01
 -2.48018226E+00  1.00000000E+00  2.14578254E+00 -9.77263655E-01  4.06815303E-01  2.99186708E+00  9.23197533E-01  2.06866955E-01
 -2.45542903E+00  1.00000000E+00  2.12683760E+00 -9.77133285E-01  4.06822355E-01  2.99161819E+00  9.23160225E-01  2.06845797E-01
 -2.43067580E+00  1.00000000E+00  2.10790327E+00 -9.77141182E-01  4.06826710E-01  2.99159830E+00  9.23163802E-01  2.06843450E-01
 -2.40592258E+00  1.00000000E+00  2.08896895E+00 -9.77149078E-01  4.06831797E-01  2.99157841E+00  9.23167379E-01  2.06841103E-01
 -2.38116935E+00  1.00000000E+00  2.07003951E+00 -9.77145980E-01  4.06832494E-01  2.99158545E+00  9.23172729E-01  2.06841272E-01
 -2.35641613E+00  1.00000000E+00  2.05111007E+00 -9.77142881E-01  4.06827530E-01  2.99159249E+00  9.23178079E-01  2.06841441E-01
 -2.33166290E+00  1.00000000E+00  2.03217269E+00 -9.77173637E-01  4.06823133E-01  2.99165408E+00  9.23181209E-01  2.06847287E-01
 -2.30690967E+00  1.00000000E+00  2.01323530E+00 -9.77204394E-01  4.06820860E-01  2.99171566E+00  9.23184339E-01  2.06853132E-01
 -2.28215645E+00  1.00000000E+00  1.99429614E+00 -9.77212210E-01  4.06821061E-01  2.99170607E+00  9.23185485E-01  2.06852059E-01
 -2.25740322E+00  1.00000000E+00  1.97535699E+00 -9.77220027E-01  4.06821550E-01  2.99169648E+00  9.23186631E-01  2.06850985E-01
 -2.23265000E+00  1.00000000E+00  1.95642698E+00 -9.77296179E-01  4.06819457E-01  2.99188583E+00  9.23208182E-01  2.06867765E-01
 -2.20789677E+00  1.00000000E+00  1.93749697E+00 -9.77372335E-01  4.06811563E-01  2.99207519E+00  9.23229735E-01  2.06884546E-01
 -2.18314354E+00  1.00000000E+00  1.91855093E+00 -9.77249545E-01  4.06812052E-01  2.99180016E+00  9.23200770E-01  2.06859939E-01
 -2.15839032E+00  1.00000000E+00  1.89960490E+00 -9.77126765E-01  4.06815195E-01  2.99152516E+00  9.23171811E-01  2.06835334E-01
 -2.13363709E+00  1.00000000E+00  1.88067732E+00 -9.77130004E-01  4.06815771E-01  2.99151741E+00  9.23171671E-01  2.06834573E-01
 -2.10888387E+00  1.00000000E+00  1.86174974E+00 -9.77133242E-01  4.06818514E-01  2.99150966E+00  9.23171532E-01  2.06833812E-01
 -2.08413064E+00  1.00000000E+00  1.84280796E+00 -9.77132380E-01  4.06820929E-01  2.99149214E+00  9.23174024E-01  2.06831812E-01
 -2.05937741E+00  1.00000000E+00  1.82386619E+00 -9.77131518E-01  4.06820029E-01  2.99147462E+00  9.23176515E-01  2.06829811E-01
 -2.03462419E+00  1.00000000E+00  1.80493648E+00 -9.77132947E-01  4.06816101E-01  2.99150520E+00  9.23177136E-01  2.06832806E-01
 -2.00987096E+00  1.00000000E+00  1.78600677E+00 -9.77134377E-01  4.06810920E-01  2.99153578E+00  9.23177757E-01  2.06835802E-01
 -1.98511774E+00  1.00000000E+00  1.76706582E+00 -9.77145127E-01  4.06807445E-01  2.99150393E+00  9.23183887E-01  2.06832004E-01
 -1.96036451E+00  1.00000000E+00  1.74812486E+00 -9.77155877E-01  4.06804573E-01  2.99147208E+00  9.23190017E-01  2.06828206E-01
 -1.93561128E+00  1.00000000E+00  1.72920112E+00 -9.77217311E-01  4.06799314E-01  2.99162565E+00  9.23207346E-01  2.06841831E-01
 -1.91085806E+00  1.00000000E+00  1.71027738E+00 -9.77278749E-01  4.06790469E-01  2.99177923E+00  9.23224675E-01  2.06855456E-01
 -1.88610483E+00  1.00000000E+00  1.69132999E+00 -9.77250764E-01  4.06785822E-01  2.99170190E+00  9.23211923E-01  2.06848998E-01
 -1.86135161E+00  1.00000000E+00  1.67238260E+00 -9.77222780E-01  4.06782539E-01  2.99162457E+00  9.23199171E-01  2.06842540E-01
 -1.83659838E+00  1.00000000E+00  1.65345175E+00 -9.77164861E-01  4.06783751E-01  2.99147459E+00  9.23197801E-01  2.06827679E-01
 -1.81184516E+00  1.00000000E+00  1.63452091E+00 -9.77106943E-01  4.06782618E-01  2.99132461E+00  9.23196431E-01  2.06812818E-01
 -1.78709193E+00  1.00000000E+00  1.61560054E+00 -9.77231813E-01  4.06769567E-01  2.99160979E+00  9.23227621E-01  2.06838217E-01
 -1.76233870E+00  1.00000000E+00  1.59668018E+00 -9.77356694E-01  4.06750352E-01  2.99189499E+00  9.23258816E-01  2.06863618E-01
 -1.73758548E+00  1.00000000E+00  1.57773072E+00 -9.77294166E-01  4.06746631E-01  2.99173337E+00  9.23241567E-01  2.06849181E-01
 -1.71283225E+00  1.00000000E+00  1.55878127E+00 -9.77231640E-01  4.06744186E-01  2.99157176E+00  9.23224319E-01  2.06834745E-01
 -1.68807903E+00  1.00000000E+00  1.53984781E+00 -9.77225440E-01  4.06736271E-01  2.99145150E+00  9.23236119E-01  2.06821538E-01
 -1.66332580E+00  1.00000000E+00  1.52091435E+00 -9.77219241E-01  4.06727938E-01  2.99133125E+00  9.23247920E-01  2.06808333E-01
 -1.63857257E+00  1.00000000E+00  1.50199572E+00 -9.77174150E-01  4.06723635E-01  2.99129807E+00  9.23236082E-01  2.06806198E-01
 -1.61381935E+00  1.00000000E+00  1.48307709E+00 -9.77129061E-01  4.06715456E-01  2.99126489E+00  9.23224245E-01  2.06804064E-01
 -1.58906612E+00  1.00000000E+00  1.46413405E+00 -9.77082855E-01  4.06702755E-01  2.99104498E+00  9.23223240E-01  2.06782174E-01
 -1.56431290E+00  1.00000000E+00  1.44519100E+00 -9.77036653E-01  4.06693335E-01  2.99082510E+00  9.23222236E-01  2.06760286E-01
 -1.53955967E+00  1.00000000E+00  1.42627959E+00 -9.76974477E-01  4.06684290E-01  2.99066527E+00  9.23217414E-01  2.06744786E-01
 -1.51480644E+00  1.00000000E+00  1.40736817E+00 -9.76912305E-01  4.06673869E-01  2.99050545E+00  9.23212593E-01  2.06729286E-01
 -1.49005322E+00  1.00000000E+00  1.38845124E+00 -9.76915831E-01  4.06658144E-01  2.99044813E+00  9.23230417E-01  2.06721772E-01
 -1.46529999E+00  1.00000000E+00  1.36953430E+00 -9.76919357E-01  4.06635385E-01  2.99039082E+00  9.23248241E-01  2.06714258E-01
 -1.44054677E+00  1.00000000E+00  1.35061822E+00 -9.77035439E-01  4.06610896E-01  2.99059189E+00  9.23286661E-01  2.06730523E-01
 -1.41579354E+00  1.00000000E+00  1.33170214E+00 -9.77151529E-01  4.06578315E-01  2.99079298E+00  9.23325086E-01  2.06746790E-01
 -1.39104031E+00  1.00000000E+00  1.31278556E+00 -9.76932671E-01  4.06560662E-01  2.99028393E+00  9.23281442E-01  2.06700249E-01
 -1.36628709E+00  1.00000000E+00  1.29386899E+00 -9.76713847E-01  4.06549204E-01  2.98977497E+00  9.23237816E-01  2.06653715E-01
 -1.34153386E+00  1.00000000E+00  1.27496726E+00 -9.76704450E-01  4.06529346E-01  2.98958241E+00  9.23256060E-01  2.06632635E-01
 -1.31678064E+00  1.00000000E+00  1.25606552E+00 -9.76695053E-01  4.06507476E-01  2.98938986E+00  9.23274304E-01  2.06611555E-01
 -1.29202741E+00  1.00000000E+00  1.23718465E+00 -9.76695731E-01  4.06481400E-01  2.98933008E+00  9.23290583E-01  2.06603949E-01
 -1.26727418E+00  1.00000000E+00  1.21830377E+00 -9.76696408E-01  4.06450288E-01  2.98927030E+00  9.23306863E-01  2.06596344E-01
 -1.24252096E+00  1.00000000E+00  1.19943371E+00 -9.76736248E-01  4.06420131E-01  2.98921704E+00  9.23338982E-01  2.06587805E-01
 -1.21776773E+00  1.00000000E+00  1.18056364E+00 -9.76776087E-01  4.06382708E-01  2.98916377E+00  9.23371103E-01  2.06579267E-01
 -1.19301451E+00  1.00000000E+00  1.16168976E+00 -9.76567768E-01  4.06354215E-01  2.98864677E+00  9.23338531E-01  2.06530824E-01
 -1.16826128E+00  1.00000000E+00  1.14281589E+00 -9.76359481E-01  4.06330883E-01  2.98812987E+00  9.23305974E-01  2.06482389E-01
 -1.14350806E+00  1.00000000E+00  1.12398226E+00 -9.76390922E-01  4.06299218E-01  2.98803810E+00  9.23335015E-01  2.06470308E-01
 -1.11875483E+00  1.00000000E+00  1.10514863E+00 -9.76422361E-01  4.06267178E-01  2.98794633E+00  9.23364058E-01  2.06458228E-01
 -1.09400160E+00  1.00000000E+00  1.08633364E+00 -9.76357337E-01  4.06239876E-01  2.98768701E+00  9.23364900E-01  2.06432211E-01
 -1.06924838E+00  1.00000000E+00  1.06751865E+00 -9.76292317E-01  4.06213545E-01  2.98742771E+00  9.23365744E-01  2.06406197E-01
 -1.04449515E+00  1.00000000E+00  1.04873899E+00 -9.76213373E-01  4.06186745E-01  2.98715197E+00  9.23369675E-01  2.06378230E-01
 -1.01974193E+00  1.00000000E+00  1.02995933E+00 -9.76134436E-01  4.06157984E-01  2.98687626E+00  9.23373609E-01  2.06350265E-01
 -9.94988700E-01  1.00000000E+00  1.01122038E+00 -9.76121758E-01  4.06136420E-01  2.98678757E+00  9.23385863E-01  2.06340171E-01
 -9.70235474E-01  1.00000000E+00  9.92481436E-01 -9.76109080E-01  4.06120586E-01  2.98669889E+00  9.23398118E-01  2.06330077E-01
 -9.45482248E-01  1.00000000E+00  9.73775148E-01 -9.76078667E-01  4.06115140E-01  2.98662647E+00  9.23382977E-01  2.06324349E-01
 -9.20729022E-01  1.00000000E+00  9.55068859E-01 -9.76048255E-01  4.06114523E-01  2.98655406E+00  9.23367837E-01  2.06318622E-01
 -8.95975796E-01  1.00000000E+00  9.36440333E-01 -9.76004029E-01  4.06124827E-01  2.98649999E+00  9.23359093E-01  2.06314090E-01
 -8.71222570E-01  1.00000000E+00  9.17811808E-01 -9.75959802E-01  4.06140306E-01  2.98644593E+00  9.23350350E-01  2.06309558E-01
 -8.46469344E-01  1.00000000E+00  8.99241765E-01 -9.76136642E-01  4.06183945E-01  2.98697076E+00  9.23373833E-01  2.06359693E-01
 -8.21716118E-01  1.00000000E+00  8.80671723E-01 -9.76313510E-01  4.06224975E-01  2.98749569E+00  9.23397326E-01  2.06409836E-01
 -7.97201467E-01  1.00000000E+00  8.62377730E-01 -9.76479286E-01  4.06320665E-01  2.98818132E+00  9.23371700E-01  2.06480962E-01
 -7.72686817E-01  1.00000000E+00  8.44083737E-01 -9.76645093E-01  4.06421887E-01  2.98886712E+00  9.23346087E-01  2.06552103E-01
 -7.49503432E-01  1.00000000E+00  8.26870627E-01 -9.76827962E-01  4.06559941E-01  2.98990183E+00  9.23269630E-01  2.06663220E-01
 -7.26320047E-01  1.00000000E+00  8.09657516E-01 -9.77010883E-01  4.06717510E-01  2.99093690E+00  9.23193195E-01  2.06774371E-01
 -7.04527831E-01  1.00000000E+00  7.93590657E-01 -9.77449229E-01  4.06912570E-01  2.99250325E+00  9.23210816E-01  2.06929243E-01
 -6.82735615E-01  1.00000000E+00  7.77523798E-01 -9.77887773E-01  4.07128745E-01  2.99407041E+00  9.23228501E-01  2.07084191E-01
 -6.62251087E-01  1.00000000E+00  7.62511499E-01 -9.78233969E-01  4.07418761E-01  2.99611573E+00  9.23053254E-01  2.07306248E-01
 -6.41766559E-01  1.00000000E+00  7.47499200E-01 -9.78580363E-01  4.07738128E-01  2.99816248E+00  9.22878104E-01  2.07528437E-01
 -6.22511254E-01  1.00000000E+00  7.33509489E-01 -9.79118677E-01  4.08087557E-01  3.00074342E+00  9.22760643E-01  2.07798278E-01
 -6.03255949E-01  1.00000000E+00  7.19519779E-01 -9.79657374E-01  4.08471644E-01  3.00332660E+00  9.22643316E-01  2.08068329E-01
 -5.85156097E-01  1.00000000E+00  7.06494263E-01 -9.80488484E-01  4.08915398E-01  3.00667657E+00  9.22589431E-01  2.08408714E-01
 -5.67056245E-01  1.00000000E+00  6.93468746E-01 -9.81320374E-01  4.09391543E-01  3.01003027E+00  9.22535804E-01  2.08749447E-01
 -5.50042515E-01  1.00000000E+00  6.81320947E-01 -9.82163078E-01  4.09966239E-01  3.01422321E+00  9.22298784E-01  2.09192442E-01
 -5.33028786E-01  1.00000000E+00  6.69173147E-01 -9.83006751E-01  4.10563256E-01  3.01842202E+00  9.22062141E-01  2.09635988E-01
 -5.17036006E-01  1.00000000E+00  6.57918663E-01 -9.84231884E-01  4.11224108E-01  3.02360716E+00  9.21938664E-01  2.10166850E-01
 -5.01043227E-01  1.00000000E+00  6.46664178E-01 -9.85458776E-01  4.11928484E-01  3.02880120E+00  9.21815767E-01  2.10698543E-01
 -4.86010125E-01  1.00000000E+00  6.36185610E-01 -9.86759140E-01  4.12713231E-01  3.03466902E+00  9.21593730E-01  2.11307529E-01
 -4.70977023E-01  1.00000000E+00  6.25707041E-01 -9.88061598E-01  4.13566914E-01  3.04054822E+00  9.21372428E-01  2.11917580E-01
 -4.56846016E-01  1.00000000E+00  6.15989628E-01 -9.89582128E-01  4.14476027E-01  3.04752440E+00  9.21118462E-01  2.12640594E-01
 -4.42715008E-01  1.00000000E+00  6.06272215E-01 -9.91105549E-01  4.15458518E-01  3.05451661E+00  9.20865470E-01  2.13365114E-01
 -4.29431964E-01  1.00000000E+00  5.97304812E-01 -9.92937576E-01  4.16551807E-01  3.06267606E+00  9.20564704E-01  2.14211136E-01
 -4.16148920E-01  1.00000000E+00  5.88337409E-01 -9.94773682E-01  4.17710309E-01  3.07085729E+00  9.20265391E-01  2.15059190E-01
 -4.03662954E-01  1.00000000E+00  5.80028717E-01 -9.96667228E-01  4.18872880E-01  3.07980161E+00  9.19919231E-01  2.15988238E-01
 -3.91176988E-01  1.00000000E+00  5.71720025E-01 -9.98565332E-01  4.20155654E-01  3.08877206E+00  9.19574593E-01  2.16919746E-01
 -3.79440270E-01  1.00000000E+00  5.64013684E-01 -1.00093698E+00  4.21537954E-01  3.09918319E+00  9.19270006E-01  2.17991319E-01
 -3.67703552E-01  1.00000000E+00  5.56307343E-01 -1.00331529E+00  4.22993264E-01  3.10962940E+00  9.18967658E-01  2.19066174E-01
 -3.56671122E-01  1.00000000E+00  5.49305376E-01 -1.00574718E+00  4.24550955E-01  3.12107757E+00  9.18500551E-01  2.20257702E-01
 -3.45638692E-01  1.00000000E+00  5.42303409E-01 -1.00818649E+00  4.26168708E-01  3.13256801E+00  9.18036039E-01  2.21453197E-01
 -3.35268287E-01  1.00000000E+00  5.35782922E-01 -1.01098712E+00  4.27805414E-01  3.14527726E+00  9.17659853E-01  2.22761741E-01
 -3.24897882E-01  1.00000000E+00  5.29262435E-01 -1.01379720E+00  4.29583297E-01  3.15803813E+00  9.17286709E-01  2.24075142E-01
 -3.15149775E-01  1.00000000E+00  5.23355101E-01 -1.01689314E+00  4.31482431E-01  3.17209751E+00  9.16840211E-01  2.25525730E-01
 -3.05401669E-01  1.00000000E+00  5.17447766E-01 -1.02000057E+00  4.33442092E-01  3.18621952E+00  9.16397536E-01  2.26982198E-01
 -2.96238520E-01  1.00000000E+00  5.11959122E-01 -1.02309833E+00  4.35445060E-01  3.20202013E+00  9.15664827E-01  2.28635530E-01
 -2.87075371E-01  1.00000000E+00  5.06470478E-01 -1.02620874E+00  4.37676989E-01  3.21789970E+00  9.14936465E-01  2.30296324E-01
 -2.78462077E-01  1.00000000E+00  5.01565328E-01 -1.02977515E+00  4.39966932E-01  3.23465071E+00  9.14322542E-01  2.32032817E-01
 -2.69848783E-01  1.00000000E+00  4.96660179E-01 -1.03335702E+00  4.42369696E-01  3.25148910E+00  9.13713907E-01  2.33777519E-01
 -2.61752348E-01  1.00000000E+00  4.92211077E-01 -1.03742463E+00  4.44791005E-01  3.27014193E+00  9.13231935E-01  2.35690999E-01
 -2.53655913E-01  1.00000000E+00  4.87761974E-01 -1.04151167E+00  4.47333450E-01  3.28890190E+00  9.12755995E-01  2.37614590E-01
 -2.46045323E-01  1.00000000E+00  4.83746828E-01 -1.04525974E+00  4.50009094E-01  3.30833474E+00  9.11866138E-01  2.39646860E-01
 -2.38434732E-01  1.00000000E+00  4.79731681E-01 -1.04902608E+00  4.52765976E-01  3.32788336E+00  9.10982558E-01  2.41690080E-01
 -2.31280830E-01  1.00000000E+00  4.76123726E-01 -1.05334848E+00  4.55614591E-01  3.34911728E+00  9.10251901E-01  2.43886538E-01
 -2.24126928E-01  1.00000000E+00  4.72515771E-01 -1.05769371E+00  4.58561294E-01  3.37048736E+00  9.09528497E-01  2.46095886E-01
 -2.17402314E-01  1.00000000E+00  4.69308525E-01 -1.06271357E+00  4.61606538E-01  3.39399413E+00  9.08928272E-01  2.48506586E-01
 -2.10677699E-01  1.00000000E+00  4.66101280E-01 -1.06776262E+00  4.64741766E-01  3.41766518E+00  9.08336999E-01  2.50932818E-01
 -2.04351753E-01  1.00000000E+00  4.63297435E-01 -1.07247155E+00  4.68066783E-01  3.44228244E+00  9.07331139E-01  2.53495130E-01
 -1.98025807E-01  1.00000000E+00  4.60493590E-01 -1.07720845E+00  4.71464142E-01  3.46707854E+00  9.06334407E-01  2.56074413E-01
 -1.91837501E-01  1.00000000E+00  4.57965212E-01 -1.08290867E+00  4.75158414E-01  3.49484040E+00  9.05561019E-01  2.58927938E-01
 -1.85649194E-01  1.00000000E+00  4.55436834E-01 -1.08864681E+00  4.78948680E-01  3.52282544E+00  9.04799131E-01  2.61802631E-01
 -1.79460888E-01  1.00000000E+00  4.53133750E-01 -1.09388642E+00  4.83187946E-01  3.55379996E+00  9.03175586E-01  2.65062438E-01
 -1.73272582E-01  1.00000000E+00  4.50830666E-01 -1.09916368E+00  4.87564202E-01  3.58505154E+00  9.01565145E-01  2.68348639E-01
 -1.67084275E-01  1.00000000E+00  4.48866392E-01 -1.10683055E+00  4.92342913E-01  3.62207311E+00  9.00774966E-01  2.72129814E-01
 -1.60895969E-01  1.00000000E+00  4.46902118E-01 -1.11456340E+00  4.97283226E-01  3.65947817E+00  9.00003763E-01  2.75947441E-01
 -1.54707662E-01  1.00000000E+00  4.45204582E-01 -1.12163045E+00  5.02921285E-01  3.70079824E+00  8.98123920E-01  2.80267432E-01
 -1.48519356E-01  1.00000000E+00  4.43507046E-01 -1.12876267E+00  5.08740352E-01  3.74259224E+00  8.96265210E-01  2.84632703E-01
 -1.42331049E-01  1.00000000E+00  4.42503552E-01 -1.13837014E+00  5.15347340E-01  3.79237752E+00  8.94845007E-01  2.89753251E-01
 -1.36142743E-01  1.00000000E+00  4.41500058E-01 -1.14808361E+00  5.22300247E-01  3.84282938E+00  8.93456110E-01  2.94937327E-01
 -1.29954436E-01  1.00000000E+00  4.40929849E-01 -1.15788695E+00  5.29794621E-01  3.89996451E+00  8.91378887E-01  3.00858563E-01
 -1.23766130E-01  1.00000000E+00  4.40359639E-01 -1.16780873E+00  5.37820891E-01  3.95796188E+00  8.89335773E-01  3.06862611E-01
 -1.17577823E-01  1.00000000E+00  4.40336871E-01 -1.18024302E+00  5.47059722E-01  4.02883620E+00  8.87070903E-01  3.14176530E-01
 -1.11389517E-01  1.00000000E+00  4.40314103E-01 -1.19285948E+00  5.56771451E-01  4.10099542E+00  8.84857516E-01  3.21613791E-01
 -1.05201210E-01  1.00000000E+00  4.41590421E-01 -1.20690711E+00  5.68158552E-01  4.18602237E+00  8.81803768E-01  3.30421860E-01
 -9.90129037E-02  1.00000000E+00  4.42866738E-01 -1.22119184E+00  5.80072973E-01  4.27284048E+00  8.78818712E-01  3.39402177E-01
 -9.28245972E-02  1.00000000E+00  4.45430357E-01 -1.23511027E+00  5.94188801E-01  4.37352039E+00  8.73990333E-01  3.49953006E-01
 -8.66362908E-02  1.00000000E+00  4.47993977E-01 -1.24928926E+00  6.09026123E-01  4.47664307E+00  8.69245421E-01  3.60739764E-01
 -8.04479843E-02  1.00000000E+00  4.52076054E-01 -1.27303880E+00  6.27047949E-01  4.61399323E+00  8.66371792E-01  3.74762144E-01
 -7.42596778E-02  1.00000000E+00  4.56158130E-01 -1.29738698E+00  6.46259845E-01  4.75560116E+00  8.63647634E-01  3.89195353E-01
 -6.80713713E-02  1.00000000E+00  4.64110218E-01 -1.31263385E+00  6.69528506E-01  4.92144665E+00  8.53162755E-01  4.06828389E-01
 -6.18830648E-02  1.00000000E+00  4.72062306E-01 -1.32827373E+00  6.95686139E-01  5.09343002E+00  8.42859054E-01  4.25057097E-01
 -5.56947583E-02  1.00000000E+00  4.79713532E-01 -1.38419026E+00  7.28165071E-01  5.34977764E+00  8.45857409E-01  4.50392023E-01
 -4.95064519E-02  1.00000000E+00  4.87364758E-01 -1.44260584E+00  7.63449370E-01  5.61898937E+00  8.49489117E-01  4.76950025E-01
 -4.33181454E-02  1.00000000E+00  5.41315488E-01 -1.43519317E+00  8.09900671E-01  5.96329260E+00  8.14495939E-01  5.14879666E-01
 -3.71298389E-02  1.00000000E+00  5.95266218E-01 -1.42707832E+00  8.72799336E-01  6.33307539E+00  7.80520672E-01  5.55255471E-01
 -3.09415324E-02  1.00000000E+00  4.95108271E-01 -1.39919453E+00  9.58737521E-01  6.45620937E+00  7.59787793E-01  5.69642158E-01
 -2.47532259E-02  1.00000000E+00  3.94950324E-01 -1.37084723E+00  1.02717569E+00  6.58337041E+00  7.39509646E-01  5.84386077E-01
 -1.85649194E-02  1.00000000E+00  1.02663753E+00 -2.00155207E+00  1.16364755E+00  9.02342203E+00  8.38498070E-01  8.18492396E-01
 -1.23766130E-02  1.00000000E+00  1.65832474E+00 -2.86864192E+00  1.47038884E+00  1.23857930E+01  1.00668803E+00  1.13791049E+00
 -6.18830648E-03  1.00000000E+00  1.89121941E-01  8.09503569E-01  2.44938751E+00  1.17949125E+01  4.30364928E-01  1.13645476E+00
  0.00000000E+00  1.00000000E+00 -1.28008086E+00  5.77740843E+00  4.79003524E+00  1.76808725E+01  2.14855456E+00  1.55323180E+00
