# curve 5 (die wall), step =      200, time =   4.00000000E+01
# N1 = tau_xx - tau_yy = G ( c_xx - c_yy ),  G =  1.2000E+00  (polymer part only)
#              x               y        pressure            c_xy        gammadot            c_xx            c_yy              N1
 -3.00000000E+00  1.00000000E+00  2.61869737E+00 -2.00009462E-01  3.99988873E-01  1.07992598E+00  1.00002557E+00  9.58805020E-02
 -2.95108291E+00  1.00000000E+00  2.57957387E+00 -2.00012471E-01  3.99993635E-01  1.07992849E+00  1.00002570E+00  9.58833468E-02
 -2.90216582E+00  1.00000000E+00  2.54045038E+00 -2.00015481E-01  3.99999299E-01  1.07993100E+00  1.00002584E+00  9.58861915E-02
 -2.85324873E+00  1.00000000E+00  2.50130630E+00 -2.00016248E-01  3.99995584E-01  1.07991085E+00  1.00003169E+00  9.58549922E-02
 -2.80433164E+00  1.00000000E+00  2.46216222E+00 -2.00017016E-01  3.99990245E-01  1.07989069E+00  1.00003753E+00  9.58237932E-02
 -2.75541455E+00  1.00000000E+00  2.42302847E+00 -2.00012523E-01  3.99997190E-01  1.07992539E+00  1.00002576E+00  9.58795494E-02
 -2.70649746E+00  1.00000000E+00  2.38389472E+00 -2.00008031E-01  3.99996329E-01  1.07996008E+00  1.00001399E+00  9.59353069E-02
 -2.65758037E+00  1.00000000E+00  2.34476383E+00 -2.00009848E-01  3.99997219E-01  1.07994732E+00  1.00001852E+00  9.59145622E-02
 -2.60866328E+00  1.00000000E+00  2.30563295E+00 -2.00011665E-01  3.99996565E-01  1.07993456E+00  1.00002304E+00  9.58938177E-02
 -2.55974619E+00  1.00000000E+00  2.26649721E+00 -2.00009604E-01  3.99999523E-01  1.07995199E+00  1.00001742E+00  9.59214827E-02
 -2.51082911E+00  1.00000000E+00  2.22736147E+00 -2.00007542E-01  4.00007754E-01  1.07996941E+00  1.00001179E+00  9.59491480E-02
 -2.46191202E+00  1.00000000E+00  2.18822770E+00 -2.00009052E-01  3.99997799E-01  1.07995151E+00  1.00001716E+00  9.59212219E-02
 -2.41299493E+00  1.00000000E+00  2.14909393E+00 -2.00010561E-01  3.99991476E-01  1.07993361E+00  1.00002253E+00  9.58932961E-02
 -2.36407784E+00  1.00000000E+00  2.10995789E+00 -2.00007641E-01  3.99999097E-01  1.07995460E+00  1.00001521E+00  9.59272703E-02
 -2.31516075E+00  1.00000000E+00  2.07082185E+00 -2.00004720E-01  4.00002459E-01  1.07997559E+00  1.00000789E+00  9.59612449E-02
 -2.26624366E+00  1.00000000E+00  2.03168915E+00 -2.00009034E-01  4.00000769E-01  1.07995379E+00  1.00001615E+00  9.59251665E-02
 -2.21732657E+00  1.00000000E+00  1.99255645E+00 -2.00013348E-01  4.00002688E-01  1.07993198E+00  1.00002440E+00  9.58890885E-02
 -2.16840948E+00  1.00000000E+00  1.95342508E+00 -2.00013274E-01  3.99995747E-01  1.07992342E+00  1.00002683E+00  9.58759031E-02
 -2.11949239E+00  1.00000000E+00  1.91429370E+00 -2.00013199E-01  3.99986860E-01  1.07991486E+00  1.00002926E+00  9.58627178E-02
 -2.07057530E+00  1.00000000E+00  1.87516078E+00 -2.00012203E-01  3.99993081E-01  1.07991542E+00  1.00002972E+00  9.58628388E-02
 -2.02165821E+00  1.00000000E+00  1.83602786E+00 -2.00011207E-01  3.99995792E-01  1.07991599E+00  1.00003019E+00  9.58629597E-02
 -1.97274112E+00  1.00000000E+00  1.79689453E+00 -2.00009970E-01  3.99981922E-01  1.07989744E+00  1.00003489E+00  9.58350693E-02
 -1.92382403E+00  1.00000000E+00  1.75776120E+00 -2.00008734E-01  3.99969389E-01  1.07987890E+00  1.00003959E+00  9.58071793E-02
 -1.87490694E+00  1.00000000E+00  1.71862953E+00 -2.00000865E-01  3.99967941E-01  1.07990838E+00  1.00002845E+00  9.58559232E-02
 -1.82598985E+00  1.00000000E+00  1.67949787E+00 -1.99992995E-01  3.99961816E-01  1.07993787E+00  1.00001731E+00  9.59046681E-02
 -1.77707276E+00  1.00000000E+00  1.64037506E+00 -1.99993342E-01  3.99959361E-01  1.07991364E+00  1.00002532E+00  9.58659790E-02
 -1.72815567E+00  1.00000000E+00  1.60125224E+00 -1.99993690E-01  3.99951661E-01  1.07988942E+00  1.00003334E+00  9.58272905E-02
 -1.67923858E+00  1.00000000E+00  1.56212033E+00 -1.99985277E-01  3.99938473E-01  1.07989896E+00  1.00002805E+00  9.58450986E-02
 -1.63032150E+00  1.00000000E+00  1.52298841E+00 -1.99976865E-01  3.99932867E-01  1.07990851E+00  1.00002276E+00  9.58629068E-02
 -1.58140441E+00  1.00000000E+00  1.48388252E+00 -1.99970854E-01  3.99909177E-01  1.07988800E+00  1.00002834E+00  9.58315955E-02
 -1.53248732E+00  1.00000000E+00  1.44477663E+00 -1.99964844E-01  3.99890034E-01  1.07986749E+00  1.00003392E+00  9.58002847E-02
 -1.48357023E+00  1.00000000E+00  1.40567863E+00 -1.99953246E-01  3.99870527E-01  1.07986133E+00  1.00003354E+00  9.57933426E-02
 -1.43465314E+00  1.00000000E+00  1.36658063E+00 -1.99941649E-01  3.99844879E-01  1.07985516E+00  1.00003316E+00  9.57864005E-02
 -1.38573605E+00  1.00000000E+00  1.32748819E+00 -1.99924566E-01  3.99820711E-01  1.07986383E+00  1.00002582E+00  9.58056099E-02
 -1.33681896E+00  1.00000000E+00  1.28839574E+00 -1.99907484E-01  3.99801069E-01  1.07987250E+00  1.00001848E+00  9.58248194E-02
 -1.28790187E+00  1.00000000E+00  1.24935010E+00 -1.99896852E-01  3.99769077E-01  1.07985534E+00  1.00002032E+00  9.58020227E-02
 -1.23898478E+00  1.00000000E+00  1.21030445E+00 -1.99886219E-01  3.99738261E-01  1.07983817E+00  1.00002215E+00  9.57792263E-02
 -1.19006769E+00  1.00000000E+00  1.17131141E+00 -1.99873499E-01  3.99716758E-01  1.07982049E+00  1.00002825E+00  9.57506912E-02
 -1.14115060E+00  1.00000000E+00  1.13231838E+00 -1.99860779E-01  3.99692072E-01  1.07980282E+00  1.00003435E+00  9.57221564E-02
 -1.09223351E+00  1.00000000E+00  1.09340281E+00 -1.99858971E-01  3.99677472E-01  1.07978988E+00  1.00003662E+00  9.57039087E-02
 -1.04331642E+00  1.00000000E+00  1.05448723E+00 -1.99857164E-01  3.99667596E-01  1.07977694E+00  1.00003889E+00  9.56856612E-02
 -9.94399333E-01  1.00000000E+00  1.01567667E+00 -1.99863325E-01  3.99688855E-01  1.07981202E+00  1.00002791E+00  9.57409297E-02
 -9.45482243E-01  1.00000000E+00  9.76866108E-01 -1.99869487E-01  3.99722393E-01  1.07984710E+00  1.00001693E+00  9.57961994E-02
 -8.96565154E-01  1.00000000E+00  9.38239441E-01 -1.99933633E-01  3.99831008E-01  1.07988080E+00  1.00002647E+00  9.58252022E-02
 -8.47648064E-01  1.00000000E+00  8.99612774E-01 -1.99997782E-01  3.99971701E-01  1.07991451E+00  1.00003601E+00  9.58542059E-02
 -7.99501858E-01  1.00000000E+00  8.61858318E-01 -2.00136185E-01  4.00200252E-01  1.08002059E+00  1.00004809E+00  9.59669955E-02
 -7.51355652E-01  1.00000000E+00  8.24103862E-01 -2.00274600E-01  4.00527795E-01  1.08012669E+00  1.00006019E+00  9.60797943E-02
 -7.08111109E-01  1.00000000E+00  7.90477495E-01 -2.00524353E-01  4.00938558E-01  1.08035116E+00  1.00004517E+00  9.63671816E-02
 -6.64866566E-01  1.00000000E+00  7.56851128E-01 -2.00774143E-01  4.01544513E-01  1.08057572E+00  1.00003021E+00  9.66546099E-02
 -6.26599939E-01  1.00000000E+00  7.27428642E-01 -2.01210370E-01  4.02322118E-01  1.08088633E+00  1.00006620E+00  9.69841581E-02
 -5.88333313E-01  1.00000000E+00  6.98006156E-01 -2.01646703E-01  4.03218202E-01  1.08119719E+00  1.00010237E+00  9.73137844E-02
 -5.54471587E-01  1.00000000E+00  6.72359434E-01 -2.02248102E-01  4.04393822E-01  1.08176590E+00  1.00002604E+00  9.80878381E-02
 -5.20609860E-01  1.00000000E+00  6.46712711E-01 -2.02849712E-01  4.05699136E-01  1.08233519E+00  9.99950065E-01  9.88621459E-02
 -4.90645977E-01  1.00000000E+00  6.24304192E-01 -2.03715762E-01  4.07239017E-01  1.08294439E+00  1.00004994E+00  9.94733336E-02
 -4.60682095E-01  1.00000000E+00  6.01895673E-01 -2.04582249E-01  4.08978814E-01  1.08355452E+00  1.00015051E+00  1.00084821E-01
 -4.34167380E-01  1.00000000E+00  5.82626295E-01 -2.05674652E-01  4.11175539E-01  1.08456904E+00  1.00003312E+00  1.01443097E-01
 -4.07652666E-01  1.00000000E+00  5.63356916E-01 -2.06767750E-01  4.13553462E-01  1.08558539E+00  9.99916902E-01  1.02802184E-01
 -3.84190072E-01  1.00000000E+00  5.46510478E-01 -2.08130502E-01  4.16086924E-01  1.08664323E+00  9.99996070E-01  1.03976590E-01
 -3.60727478E-01  1.00000000E+00  5.29664040E-01 -2.09494350E-01  4.18898536E-01  1.08770354E+00  1.00007695E+00  1.05151908E-01
 -3.39965684E-01  1.00000000E+00  5.15297522E-01 -2.11176616E-01  4.22274712E-01  1.08919774E+00  9.99998874E-01  1.07038636E-01
 -3.19203889E-01  1.00000000E+00  5.00931004E-01 -2.12860564E-01  4.25836188E-01  1.09069610E+00  9.99923476E-01  1.08927152E-01
 -3.00831998E-01  1.00000000E+00  4.88680812E-01 -2.14951026E-01  4.29737315E-01  1.09239020E+00  1.00001911E+00  1.10845307E-01
 -2.82460107E-01  1.00000000E+00  4.76430621E-01 -2.17044125E-01  4.33963692E-01  1.09409024E+00  1.00011875E+00  1.12765790E-01
 -2.66203017E-01  1.00000000E+00  4.65990811E-01 -2.19429015E-01  4.38710543E-01  1.09630929E+00  9.99993205E-01  1.15579303E-01
 -2.49945927E-01  1.00000000E+00  4.55551002E-01 -2.21817423E-01  4.43710862E-01  1.09853698E+00  9.99873019E-01  1.18396748E-01
 -2.35560203E-01  1.00000000E+00  4.46894335E-01 -2.24589187E-01  4.49018135E-01  1.10095577E+00  9.99937575E-01  1.21221835E-01
 -2.21174479E-01  1.00000000E+00  4.38237667E-01 -2.27365781E-01  4.54762553E-01  1.10338554E+00  1.00000917E+00  1.24051646E-01
 -2.08421419E-01  1.00000000E+00  4.30978688E-01 -2.30712667E-01  4.61088640E-01  1.10641401E+00  1.00004528E+00  1.27642476E-01
 -1.95668358E-01  1.00000000E+00  4.23719709E-01 -2.34066721E-01  4.67824468E-01  1.10945888E+00  1.00009166E+00  1.31240671E-01
 -1.83439085E-01  1.00000000E+00  4.17655741E-01 -2.37935986E-01  4.75659344E-01  1.11336012E+00  9.99873629E-01  1.36183785E-01
 -1.71209813E-01  1.00000000E+00  4.11591774E-01 -2.41815202E-01  4.83910407E-01  1.11728538E+00  9.99669574E-01  1.41138970E-01
 -1.58980541E-01  1.00000000E+00  4.06075648E-01 -2.47158324E-01  4.93984477E-01  1.12220109E+00  9.99962383E-01  1.46686454E-01
 -1.46751268E-01  1.00000000E+00  4.00559522E-01 -2.52520714E-01  5.04741006E-01  1.12715847E+00  1.00028075E+00  1.52253262E-01
 -1.34521996E-01  1.00000000E+00  3.97467066E-01 -2.59359235E-01  5.18693966E-01  1.13493725E+00  9.99663611E-01  1.62328362E-01
 -1.22292724E-01  1.00000000E+00  3.94374609E-01 -2.66231759E-01  5.33339119E-01  1.14279938E+00  9.99090230E-01  1.72450975E-01
 -1.10063451E-01  1.00000000E+00  3.89300403E-01 -2.77522870E-01  5.53809876E-01  1.15270118E+00  1.00095760E+00  1.82092292E-01
 -9.78341789E-02  1.00000000E+00  3.84226197E-01 -2.88903903E-01  5.74922866E-01  1.16277648E+00  1.00293550E+00  1.91809172E-01
 -8.56049065E-02  1.00000000E+00  4.00352814E-01 -3.02276955E-01  6.04912375E-01  1.18697502E+00  9.96884241E-01  2.28108930E-01
 -7.33756342E-02  1.00000000E+00  4.16479430E-01 -3.15824324E-01  6.40062304E-01  1.21175177E+00  9.91052129E-01  2.64839573E-01
 -6.11463618E-02  1.00000000E+00  3.62033205E-01 -3.43229750E-01  6.98947296E-01  1.23181821E+00  1.00156660E+00  2.76301927E-01
 -4.89170895E-02  1.00000000E+00  3.07586981E-01 -3.71174353E-01  7.44031105E-01  1.25273514E+00  1.01273375E+00  2.88001669E-01
 -3.66878171E-02  1.00000000E+00  6.49928098E-01 -4.74258182E-01  8.41290021E-01  1.39714168E+00  1.02354735E+00  4.48313194E-01
 -2.44585447E-02  1.00000000E+00  9.92269215E-01 -5.87466220E-01  1.06951451E+00  1.56272364E+00  1.04260802E+00  6.24138740E-01
 -1.22292724E-02  1.00000000E+00 -3.74853856E-02 -3.45420261E-01  1.82992673E+00  2.17190489E+00  7.22946254E-01  1.73875037E+00
  0.00000000E+00  1.00000000E+00 -1.06723999E+00 -6.41998395E-02  3.03957558E+00  3.18053303E+00  5.16665115E-01  3.19664150E+00
