# model=oldroyd  theta_MLE: lambda=1.22089, beta=0.298275, eta_0=0.846736
# delta(x) = y_clean(x) - y_model(x; theta_MLE)   (x from curve4_x.txt)
# columns: x  delta
5.000000000000000000e+00 -1.220830332287370368e-03
4.950333040000000295e+00 -1.220854067398358112e-03
4.900666089999999642e+00 -1.220864643427743701e-03
4.850999129999999937e+00 -1.220848958075393398e-03
4.801332180000000172e+00 -1.220844969756385012e-03
4.751665219999999579e+00 -1.220823899197309714e-03
4.701998269999999813e+00 -1.220806069932578453e-03
4.652331310000000109e+00 -1.220789084928730617e-03
4.602664360000000343e+00 -1.220779999492771495e-03
4.552997399999999750e+00 -1.220769880233563143e-03
4.503330449999999985e+00 -1.220774241863953335e-03
4.453663490000000280e+00 -1.220772883198106840e-03
4.403996539999999627e+00 -1.220792183450836177e-03
4.354329579999999922e+00 -1.220811305427060844e-03
4.304662630000000156e+00 -1.220844497360484837e-03
4.254995669999999564e+00 -1.220895492028306606e-03
4.205328709999999859e+00 -1.220959529294018964e-03
4.155661760000000093e+00 -1.221030113117693716e-03
4.105994800000000389e+00 -1.221122816590369808e-03
4.056327849999999735e+00 -1.221237128249397230e-03
4.006660890000000030e+00 -1.221362610769771706e-03
3.956993939999999821e+00 -1.221510641730372271e-03
3.907326980000000116e+00 -1.221668822246391173e-03
3.857660029999999907e+00 -1.221849680903774882e-03
3.807993070000000202e+00 -1.222053123393740393e-03
3.758326119999999992e+00 -1.222263903168707699e-03
3.708659159999999844e+00 -1.222481488551530049e-03
3.658992210000000078e+00 -1.222707825009106131e-03
3.609325249999999929e+00 -1.222934411388765241e-03
3.559658300000000164e+00 -1.223151082704543313e-03
3.509991340000000015e+00 -1.223345875056125465e-03
3.460324389999999806e+00 -1.223515913247874565e-03
3.410657430000000101e+00 -1.223640473606346646e-03
3.360990469999999952e+00 -1.223697249166377787e-03
3.311323520000000187e+00 -1.223670362487938590e-03
3.261656560000000038e+00 -1.223533401854881575e-03
3.211989609999999828e+00 -1.223251938858194166e-03
3.162322650000000124e+00 -1.222793488619977609e-03
3.112655699999999914e+00 -1.222106764128927381e-03
3.062988740000000210e+00 -1.221155780233962318e-03
3.013321790000000000e+00 -1.219880184544219759e-03
2.963654829999999851e+00 -1.218207335813348280e-03
2.913987880000000086e+00 -1.216064635530589300e-03
2.864320919999999937e+00 -1.213383725393368806e-03
2.814653970000000172e+00 -1.210042652968645882e-03
2.764987010000000023e+00 -1.205957886051489680e-03
2.715320059999999813e+00 -1.200981830508096593e-03
2.665653100000000109e+00 -1.194992785709780847e-03
2.615986139999999960e+00 -1.187809460163391506e-03
2.566319190000000194e+00 -1.179279544568645477e-03
2.516652230000000046e+00 -1.169196994656340749e-03
2.466985279999999836e+00 -1.157340102058812548e-03
2.417318320000000131e+00 -1.143500326757029839e-03
2.367651369999999922e+00 -1.127378032252490669e-03
2.317984410000000217e+00 -1.108709471632440824e-03
2.268317460000000008e+00 -1.087181915298218726e-03
2.218650499999999859e+00 -1.062444477010870969e-03
2.168983550000000093e+00 -1.034115526889811676e-03
2.119316589999999945e+00 -1.001834142296376129e-03
2.069649640000000179e+00 -9.651471805194322684e-04
2.019982680000000030e+00 -9.236231886673440528e-04
1.970315730000000043e+00 -8.767491668280058548e-04
1.920648769999999894e+00 -8.240451320340458352e-04
1.870981809999999967e+00 -7.650208096796617951e-04
1.821314859999999980e+00 -6.991221108971767961e-04
1.771647900000000053e+00 -6.257747499702759342e-04
1.721980950000000066e+00 -5.444036387785011755e-04
1.672313989999999917e+00 -4.544839530402633443e-04
1.622647039999999929e+00 -3.555279990423709791e-04
1.572980080000000003e+00 -2.469567747442891203e-04
1.523313130000000015e+00 -1.284468801625582302e-04
1.473646170000000089e+00 4.932198138796195508e-07
1.423979220000000101e+00 1.402263732044328748e-04
1.374312259999999952e+00 2.909347648740734371e-04
1.324645309999999965e+00 4.529340737540188400e-04
1.274978350000000038e+00 6.256415059968656323e-04
1.225311400000000051e+00 8.094722437688162131e-04
1.175644439999999902e+00 1.004500770567906542e-03
1.125977479999999975e+00 1.209633484707817175e-03
1.076310529999999988e+00 1.424181416815439860e-03
1.026643570000000061e+00 1.646611569206646308e-03
9.769766189999999906e-01 1.877107050171966662e-03
9.273096640000000335e-01 2.111999879082393505e-03
8.776427079999999936e-01 2.352590868252013578e-03
8.279757530000000365e-01 2.594326764705279231e-03
7.786002389999999718e-01 2.833074875003838144e-03
7.317317880000000496e-01 3.056737969589162773e-03
6.876846269999999928e-01 3.256725860911746651e-03
6.462889219999999879e-01 3.440246271867897221e-03
6.073850619999999756e-01 3.599451679656251457e-03
5.708230460000000006e-01 3.733013680129015910e-03
5.364619149999999559e-01 3.845537343783345108e-03
5.041691750000000249e-01 3.942340344200934155e-03
4.738203240000000149e-01 4.014968695632115114e-03
4.452983460000000115e-01 4.064742258057307822e-03
4.184932690000000011e-01 4.095701167957210842e-03
3.933017460000000076e-01 4.108256142477895168e-03
3.696266380000000074e-01 4.102018359893877530e-03
3.473766770000000226e-01 4.078218699864244456e-03
3.264660690000000254e-01 4.042350436378017164e-03
3.068141939999999845e-01 3.985677997253356253e-03
2.883452770000000109e-01 3.921032562224313622e-03
2.709881089999999770e-01 3.845319018587867177e-03
2.546757709999999952e-01 3.759200813277630004e-03
2.393453670000000033e-01 3.663614910140333691e-03
2.249377889999999991e-01 3.552109488638599544e-03
2.113974849999999961e-01 3.444815348524254972e-03
1.986678209999999944e-01 3.330268346332987406e-03
1.862510820000000122e-01 3.202431789003368223e-03
1.738343440000000018e-01 3.065163299930340202e-03
1.614176049999999918e-01 2.916417101472390527e-03
1.490008660000000096e-01 2.751205203753492867e-03
1.365841269999999996e-01 2.580823157915412835e-03
1.241673880000000035e-01 2.375948334939037565e-03
1.117506489999999936e-01 2.189615354355467503e-03
9.933391060000000550e-02 1.970127497536999783e-03
8.691717179999999821e-02 1.751961912778376984e-03
7.450043300000000479e-02 1.465388833912673050e-03
6.208369419999999750e-02 1.249408053962675069e-03
4.966695530000000275e-02 9.941335261558492675e-04
3.725021650000000240e-02 7.067133038387574118e-04
2.483347769999999857e-02 4.488112975644664715e-04
1.241673880000000035e-02 1.964621269192612374e-04
0.000000000000000000e+00 0.000000000000000000e+00
