# curve 5 (die wall), step =        1, time =   2.00000000E-01
# N1 = tau_xx - tau_yy = G ( c_xx - c_yy ),  G =  1.8200E-01  (polymer part only)
#              x               y        pressure            c_xy        gammadot            c_xx            c_yy              N1
 -3.00000000E+00  1.00000000E+00  3.21136688E-01  0.00000000E+00  3.99995380E-01  1.00000000E+00  1.00000000E+00  0.00000000E+00
 -2.95108291E+00  1.00000000E+00  3.16247054E-01  0.00000000E+00  3.99996936E-01  1.00000000E+00  1.00000000E+00  0.00000000E+00
 -2.90216582E+00  1.00000000E+00  3.11357421E-01  0.00000000E+00  3.99998794E-01  1.00000000E+00  1.00000000E+00  0.00000000E+00
 -2.85324873E+00  1.00000000E+00  3.06464795E-01  0.00000000E+00  3.99999635E-01  1.00000000E+00  1.00000000E+00  0.00000000E+00
 -2.80433164E+00  1.00000000E+00  3.01572169E-01  0.00000000E+00  3.99999799E-01  1.00000000E+00  1.00000000E+00  0.00000000E+00
 -2.75541455E+00  1.00000000E+00  2.96680764E-01  0.00000000E+00  3.99999799E-01  1.00000000E+00  1.00000000E+00  0.00000000E+00
 -2.70649746E+00  1.00000000E+00  2.91789359E-01  0.00000000E+00  3.99999850E-01  1.00000000E+00  1.00000000E+00  0.00000000E+00
 -2.65758037E+00  1.00000000E+00  2.86897509E-01  0.00000000E+00  3.99999806E-01  1.00000000E+00  1.00000000E+00  0.00000000E+00
 -2.60866328E+00  1.00000000E+00  2.82005659E-01  0.00000000E+00  3.99999683E-01  1.00000000E+00  1.00000000E+00  0.00000000E+00
 -2.55974619E+00  1.00000000E+00  2.77113962E-01  0.00000000E+00  3.99999420E-01  1.00000000E+00  1.00000000E+00  0.00000000E+00
 -2.51082911E+00  1.00000000E+00  2.72222264E-01  0.00000000E+00  3.99999117E-01  1.00000000E+00  1.00000000E+00  0.00000000E+00
 -2.46191202E+00  1.00000000E+00  2.67330516E-01  0.00000000E+00  3.99998721E-01  1.00000000E+00  1.00000000E+00  0.00000000E+00
 -2.41299493E+00  1.00000000E+00  2.62438767E-01  0.00000000E+00  3.99998290E-01  1.00000000E+00  1.00000000E+00  0.00000000E+00
 -2.36407784E+00  1.00000000E+00  2.57547065E-01  0.00000000E+00  3.99997669E-01  1.00000000E+00  1.00000000E+00  0.00000000E+00
 -2.31516075E+00  1.00000000E+00  2.52655362E-01  0.00000000E+00  3.99996957E-01  1.00000000E+00  1.00000000E+00  0.00000000E+00
 -2.26624366E+00  1.00000000E+00  2.47763686E-01  0.00000000E+00  3.99995972E-01  1.00000000E+00  1.00000000E+00  0.00000000E+00
 -2.21732657E+00  1.00000000E+00  2.42872010E-01  0.00000000E+00  3.99994827E-01  1.00000000E+00  1.00000000E+00  0.00000000E+00
 -2.16840948E+00  1.00000000E+00  2.37980273E-01  0.00000000E+00  3.99993291E-01  1.00000000E+00  1.00000000E+00  0.00000000E+00
 -2.11949239E+00  1.00000000E+00  2.33088536E-01  0.00000000E+00  3.99991548E-01  1.00000000E+00  1.00000000E+00  0.00000000E+00
 -2.07057530E+00  1.00000000E+00  2.28197057E-01  0.00000000E+00  3.99989016E-01  1.00000000E+00  1.00000000E+00  0.00000000E+00
 -2.02165821E+00  1.00000000E+00  2.23305578E-01  0.00000000E+00  3.99986262E-01  1.00000000E+00  1.00000000E+00  0.00000000E+00
 -1.97274112E+00  1.00000000E+00  2.18413950E-01  0.00000000E+00  3.99983117E-01  1.00000000E+00  1.00000000E+00  0.00000000E+00
 -1.92382403E+00  1.00000000E+00  2.13522321E-01  0.00000000E+00  3.99979333E-01  1.00000000E+00  1.00000000E+00  0.00000000E+00
 -1.87490694E+00  1.00000000E+00  2.08631094E-01  0.00000000E+00  3.99974208E-01  1.00000000E+00  1.00000000E+00  0.00000000E+00
 -1.82598985E+00  1.00000000E+00  2.03739868E-01  0.00000000E+00  3.99968405E-01  1.00000000E+00  1.00000000E+00  0.00000000E+00
 -1.77707276E+00  1.00000000E+00  1.98848972E-01  0.00000000E+00  3.99960999E-01  1.00000000E+00  1.00000000E+00  0.00000000E+00
 -1.72815567E+00  1.00000000E+00  1.93958076E-01  0.00000000E+00  3.99952259E-01  1.00000000E+00  1.00000000E+00  0.00000000E+00
 -1.67923858E+00  1.00000000E+00  1.89068197E-01  0.00000000E+00  3.99940825E-01  1.00000000E+00  1.00000000E+00  0.00000000E+00
 -1.63032150E+00  1.00000000E+00  1.84178317E-01  0.00000000E+00  3.99928905E-01  1.00000000E+00  1.00000000E+00  0.00000000E+00
 -1.58140441E+00  1.00000000E+00  1.79288090E-01  0.00000000E+00  3.99915107E-01  1.00000000E+00  1.00000000E+00  0.00000000E+00
 -1.53248732E+00  1.00000000E+00  1.74397863E-01  0.00000000E+00  3.99900975E-01  1.00000000E+00  1.00000000E+00  0.00000000E+00
 -1.48357023E+00  1.00000000E+00  1.69510063E-01  0.00000000E+00  3.99884087E-01  1.00000000E+00  1.00000000E+00  0.00000000E+00
 -1.43465314E+00  1.00000000E+00  1.64622262E-01  0.00000000E+00  3.99864159E-01  1.00000000E+00  1.00000000E+00  0.00000000E+00
 -1.38573605E+00  1.00000000E+00  1.59739268E-01  0.00000000E+00  3.99838734E-01  1.00000000E+00  1.00000000E+00  0.00000000E+00
 -1.33681896E+00  1.00000000E+00  1.54856274E-01  0.00000000E+00  3.99816060E-01  1.00000000E+00  1.00000000E+00  0.00000000E+00
 -1.28790187E+00  1.00000000E+00  1.49972638E-01  0.00000000E+00  3.99794058E-01  1.00000000E+00  1.00000000E+00  0.00000000E+00
 -1.23898478E+00  1.00000000E+00  1.45089001E-01  0.00000000E+00  3.99770619E-01  1.00000000E+00  1.00000000E+00  0.00000000E+00
 -1.19006769E+00  1.00000000E+00  1.40213642E-01  0.00000000E+00  3.99748779E-01  1.00000000E+00  1.00000000E+00  0.00000000E+00
 -1.14115060E+00  1.00000000E+00  1.35338282E-01  0.00000000E+00  3.99730235E-01  1.00000000E+00  1.00000000E+00  0.00000000E+00
 -1.09223351E+00  1.00000000E+00  1.30476558E-01  0.00000000E+00  3.99734720E-01  1.00000000E+00  1.00000000E+00  0.00000000E+00
 -1.04331642E+00  1.00000000E+00  1.25614833E-01  0.00000000E+00  3.99744012E-01  1.00000000E+00  1.00000000E+00  0.00000000E+00
 -9.94399333E-01  1.00000000E+00  1.20759612E-01  0.00000000E+00  3.99778662E-01  1.00000000E+00  1.00000000E+00  0.00000000E+00
 -9.45482243E-01  1.00000000E+00  1.15904390E-01  0.00000000E+00  3.99827516E-01  1.00000000E+00  1.00000000E+00  0.00000000E+00
 -8.96565154E-01  1.00000000E+00  1.11066379E-01  0.00000000E+00  3.99945488E-01  1.00000000E+00  1.00000000E+00  0.00000000E+00
 -8.47648064E-01  1.00000000E+00  1.06228368E-01  0.00000000E+00  4.00086322E-01  1.00000000E+00  1.00000000E+00  0.00000000E+00
 -7.99501858E-01  1.00000000E+00  1.01504217E-01  0.00000000E+00  4.00358740E-01  1.00000000E+00  1.00000000E+00  0.00000000E+00
 -7.51355652E-01  1.00000000E+00  9.67800659E-02  0.00000000E+00  4.00681649E-01  1.00000000E+00  1.00000000E+00  0.00000000E+00
 -7.08111109E-01  1.00000000E+00  9.25688659E-02  0.00000000E+00  4.01157030E-01  1.00000000E+00  1.00000000E+00  0.00000000E+00
 -6.64866566E-01  1.00000000E+00  8.83576659E-02  0.00000000E+00  4.01758850E-01  1.00000000E+00  1.00000000E+00  0.00000000E+00
 -6.26599939E-01  1.00000000E+00  8.46323043E-02  0.00000000E+00  4.02552917E-01  1.00000000E+00  1.00000000E+00  0.00000000E+00
 -5.88333313E-01  1.00000000E+00  8.09069427E-02  0.00000000E+00  4.03481372E-01  1.00000000E+00  1.00000000E+00  0.00000000E+00
 -5.54471587E-01  1.00000000E+00  7.77299465E-02  0.00000000E+00  4.04718664E-01  1.00000000E+00  1.00000000E+00  0.00000000E+00
 -5.20609860E-01  1.00000000E+00  7.45529503E-02  0.00000000E+00  4.06074396E-01  1.00000000E+00  1.00000000E+00  0.00000000E+00
 -4.90645977E-01  1.00000000E+00  7.16060133E-02  0.00000000E+00  4.07645894E-01  1.00000000E+00  1.00000000E+00  0.00000000E+00
 -4.60682095E-01  1.00000000E+00  6.86590763E-02  0.00000000E+00  4.09355175E-01  1.00000000E+00  1.00000000E+00  0.00000000E+00
 -4.34167380E-01  1.00000000E+00  6.63757314E-02  0.00000000E+00  4.11543352E-01  1.00000000E+00  1.00000000E+00  0.00000000E+00
 -4.07652666E-01  1.00000000E+00  6.40923866E-02  0.00000000E+00  4.13945417E-01  1.00000000E+00  1.00000000E+00  0.00000000E+00
 -3.84190072E-01  1.00000000E+00  6.18404989E-02  0.00000000E+00  4.16468001E-01  1.00000000E+00  1.00000000E+00  0.00000000E+00
 -3.60727478E-01  1.00000000E+00  5.95886112E-02  0.00000000E+00  4.19167785E-01  1.00000000E+00  1.00000000E+00  0.00000000E+00
 -3.39965684E-01  1.00000000E+00  5.77329496E-02  0.00000000E+00  4.22424253E-01  1.00000000E+00  1.00000000E+00  0.00000000E+00
 -3.19203889E-01  1.00000000E+00  5.58772879E-02  0.00000000E+00  4.25831701E-01  1.00000000E+00  1.00000000E+00  0.00000000E+00
 -3.00831998E-01  1.00000000E+00  5.42528681E-02  0.00000000E+00  4.29600127E-01  1.00000000E+00  1.00000000E+00  0.00000000E+00
 -2.82460107E-01  1.00000000E+00  5.26284482E-02  0.00000000E+00  4.33808765E-01  1.00000000E+00  1.00000000E+00  0.00000000E+00
 -2.66203017E-01  1.00000000E+00  5.13091917E-02  0.00000000E+00  4.38496198E-01  1.00000000E+00  1.00000000E+00  0.00000000E+00
 -2.49945927E-01  1.00000000E+00  4.99899352E-02  0.00000000E+00  4.43344985E-01  1.00000000E+00  1.00000000E+00  0.00000000E+00
 -2.35560203E-01  1.00000000E+00  4.87592560E-02  0.00000000E+00  4.48389267E-01  1.00000000E+00  1.00000000E+00  0.00000000E+00
 -2.21174479E-01  1.00000000E+00  4.75285768E-02  0.00000000E+00  4.53898247E-01  1.00000000E+00  1.00000000E+00  0.00000000E+00
 -2.08421419E-01  1.00000000E+00  4.63707334E-02  0.00000000E+00  4.59969230E-01  1.00000000E+00  1.00000000E+00  0.00000000E+00
 -1.95668358E-01  1.00000000E+00  4.52128899E-02  0.00000000E+00  4.66450468E-01  1.00000000E+00  1.00000000E+00  0.00000000E+00
 -1.83439085E-01  1.00000000E+00  4.44727303E-02  0.00000000E+00  4.73846810E-01  1.00000000E+00  1.00000000E+00  0.00000000E+00
 -1.71209813E-01  1.00000000E+00  4.37325708E-02  0.00000000E+00  4.81522234E-01  1.00000000E+00  1.00000000E+00  0.00000000E+00
 -1.58980541E-01  1.00000000E+00  4.28986042E-02  0.00000000E+00  4.90887184E-01  1.00000000E+00  1.00000000E+00  0.00000000E+00
 -1.46751268E-01  1.00000000E+00  4.20646377E-02  0.00000000E+00  5.01061327E-01  1.00000000E+00  1.00000000E+00  0.00000000E+00
 -1.34521996E-01  1.00000000E+00  4.09721606E-02  0.00000000E+00  5.13637468E-01  1.00000000E+00  1.00000000E+00  0.00000000E+00
 -1.22292724E-01  1.00000000E+00  3.98796835E-02  0.00000000E+00  5.26446700E-01  1.00000000E+00  1.00000000E+00  0.00000000E+00
 -1.10063451E-01  1.00000000E+00  3.87114727E-02  0.00000000E+00  5.45595005E-01  1.00000000E+00  1.00000000E+00  0.00000000E+00
 -9.78341789E-02  1.00000000E+00  3.75432619E-02  0.00000000E+00  5.66170830E-01  1.00000000E+00  1.00000000E+00  0.00000000E+00
 -8.56049065E-02  1.00000000E+00  4.03840656E-02  0.00000000E+00  5.91860016E-01  1.00000000E+00  1.00000000E+00  0.00000000E+00
 -7.33756342E-02  1.00000000E+00  4.32248693E-02  0.00000000E+00  6.20085712E-01  1.00000000E+00  1.00000000E+00  0.00000000E+00
 -6.11463618E-02  1.00000000E+00  2.60862532E-02  0.00000000E+00  6.68861916E-01  1.00000000E+00  1.00000000E+00  0.00000000E+00
 -4.89170895E-02  1.00000000E+00  8.94763719E-03  0.00000000E+00  7.22296556E-01  1.00000000E+00  1.00000000E+00  0.00000000E+00
 -3.66878171E-02  1.00000000E+00  4.90521155E-02  0.00000000E+00  8.11403333E-01  1.00000000E+00  1.00000000E+00  0.00000000E+00
 -2.44585447E-02  1.00000000E+00  8.91565939E-02  0.00000000E+00  9.13458087E-01  1.00000000E+00  1.00000000E+00  0.00000000E+00
 -1.22292724E-02  1.00000000E+00  2.41402368E-02  0.00000000E+00  1.23842923E+00  1.00000000E+00  1.00000000E+00  0.00000000E+00
  0.00000000E+00  1.00000000E+00 -4.08761202E-02  0.00000000E+00  1.84511795E+00  1.00000000E+00  1.00000000E+00  0.00000000E+00
