# curve 5 (die wall), step =      400, time =   8.00000000E+01
# N1 = tau_xx - tau_yy = G ( c_xx - c_yy ),  G =  1.8200E-01  (polymer part only)
#              x               y        pressure            c_xy        gammadot            c_xx            c_yy              N1
 -3.00000000E+00  1.00000000E+00  3.04983135E+00 -2.00163684E+00  4.00166581E-01  9.01396214E+00  9.99796810E-01  1.45857809E+00
 -2.95108291E+00  1.00000000E+00  3.01040580E+00 -2.00195779E+00  4.00145725E-01  9.01589784E+00  9.99872440E-01  1.45891662E+00
 -2.90216582E+00  1.00000000E+00  2.97098025E+00 -2.00227880E+00  4.00272034E-01  9.01783395E+00  9.99948078E-01  1.45925523E+00
 -2.85324873E+00  1.00000000E+00  2.93139814E+00 -2.00135951E+00  4.00097037E-01  9.01266746E+00  9.99793259E-01  1.45834311E+00
 -2.80433164E+00  1.00000000E+00  2.89181602E+00 -2.00044067E+00  4.00028049E-01  9.00750394E+00  9.99638507E-01  1.45743151E+00
 -2.75541455E+00  1.00000000E+00  2.85293753E+00 -2.00107075E+00  4.00272987E-01  9.00861790E+00  9.99826233E-01  1.45760008E+00
 -2.70649746E+00  1.00000000E+00  2.81405904E+00 -2.00170093E+00  4.00231113E-01  9.00973207E+00  1.00001402E+00  1.45776869E+00
 -2.65758037E+00  1.00000000E+00  2.77496422E+00 -2.00228495E+00  4.00284915E-01  9.01182699E+00  1.00020102E+00  1.45811593E+00
 -2.60866328E+00  1.00000000E+00  2.73586940E+00 -2.00286912E+00  4.00187192E-01  9.01392241E+00  1.00038807E+00  1.45846325E+00
 -2.55974619E+00  1.00000000E+00  2.69693927E+00 -2.00248852E+00  4.00096065E-01  9.01499982E+00  1.00021288E+00  1.45869122E+00
 -2.51082911E+00  1.00000000E+00  2.65800914E+00 -2.00210786E+00  4.00289268E-01  9.01607752E+00  1.00003772E+00  1.45891924E+00
 -2.46191202E+00  1.00000000E+00  2.61836320E+00 -2.00176470E+00  4.00191593E-01  9.01367974E+00  9.99960560E-01  1.45849689E+00
 -2.41299493E+00  1.00000000E+00  2.57871727E+00 -2.00142161E+00  4.00120254E-01  9.01128261E+00  9.99883407E-01  1.45807466E+00
 -2.36407784E+00  1.00000000E+00  2.53996766E+00 -2.00183064E+00  4.00136116E-01  9.01129464E+00  1.00015234E+00  1.45802790E+00
 -2.31516075E+00  1.00000000E+00  2.50121806E+00 -2.00223972E+00  4.00072283E-01  9.01130673E+00  1.00042134E+00  1.45798114E+00
 -2.26624366E+00  1.00000000E+00  2.46192712E+00 -2.00185123E+00  4.00013832E-01  9.01311522E+00  1.00010402E+00  1.45836804E+00
 -2.21732657E+00  1.00000000E+00  2.42263619E+00 -2.00146269E+00  4.00111525E-01  9.01492432E+00  9.99786773E-01  1.45875503E+00
 -2.16840948E+00  1.00000000E+00  2.38331977E+00 -2.00222366E+00  4.00114654E-01  9.01408479E+00  1.00011876E+00  1.45854182E+00
 -2.11949239E+00  1.00000000E+00  2.34400335E+00 -2.00298457E+00  4.00046573E-01  9.01324574E+00  1.00045087E+00  1.45832867E+00
 -2.07057530E+00  1.00000000E+00  2.30520197E+00 -2.00297999E+00  4.00156433E-01  9.01678635E+00  1.00035029E+00  1.45899136E+00
 -2.02165821E+00  1.00000000E+00  2.26640059E+00 -2.00297528E+00  4.00150436E-01  9.02032860E+00  1.00024970E+00  1.45965436E+00
 -1.97274112E+00  1.00000000E+00  2.22661270E+00 -2.00209195E+00  3.99994105E-01  9.01675468E+00  9.99948916E-01  1.45905865E+00
 -1.92382403E+00  1.00000000E+00  2.18682481E+00 -2.00120899E+00  3.99963623E-01  9.01318217E+00  9.99648242E-01  1.45846318E+00
 -1.87490694E+00  1.00000000E+00  2.14786274E+00 -2.00209532E+00  4.00003764E-01  9.00984731E+00  1.00029208E+00  1.45773905E+00
 -1.82598985E+00  1.00000000E+00  2.10890067E+00 -2.00298144E+00  3.99855930E-01  9.00651473E+00  1.00093624E+00  1.45701529E+00
 -1.77707276E+00  1.00000000E+00  2.06987303E+00 -2.00338382E+00  3.99787931E-01  9.00803879E+00  1.00108992E+00  1.45726469E+00
 -1.72815567E+00  1.00000000E+00  2.03084538E+00 -2.00378627E+00  3.99610660E-01  9.00956311E+00  1.00124363E+00  1.45751415E+00
 -1.67923858E+00  1.00000000E+00  1.99155766E+00 -2.00177186E+00  3.99263956E-01  9.00297866E+00  1.00074422E+00  1.45640667E+00
 -1.63032150E+00  1.00000000E+00  1.95226994E+00 -1.99975906E+00  3.99262362E-01  8.99639922E+00  1.00024535E+00  1.45530000E+00
 -1.58140441E+00  1.00000000E+00  1.91267732E+00 -1.99914216E+00  3.98909318E-01  8.98357588E+00  1.00076017E+00  1.45287246E+00
 -1.53248732E+00  1.00000000E+00  1.87308470E+00 -1.99852541E+00  3.98635508E-01  8.97077247E+00  1.00127512E+00  1.45044852E+00
 -1.48357023E+00  1.00000000E+00  1.83383948E+00 -1.99610923E+00  3.98367279E-01  8.96219878E+00  1.00050490E+00  1.44902829E+00
 -1.43465314E+00  1.00000000E+00  1.79459426E+00 -1.99369564E+00  3.98285900E-01  8.95363345E+00  9.99735491E-01  1.44760943E+00
 -1.38573605E+00  1.00000000E+00  1.75517651E+00 -1.99109118E+00  3.97695068E-01  8.92904603E+00  1.00011767E+00  1.44306496E+00
 -1.33681896E+00  1.00000000E+00  1.71575876E+00 -1.98849149E+00  3.97154810E-01  8.90452841E+00  1.00050040E+00  1.43853310E+00
 -1.28790187E+00  1.00000000E+00  1.67662941E+00 -1.98630530E+00  3.96310206E-01  8.87864004E+00  1.00104699E+00  1.43372193E+00
 -1.23898478E+00  1.00000000E+00  1.63750006E+00 -1.98412232E+00  3.95426257E-01  8.85283095E+00  1.00159381E+00  1.42892516E+00
 -1.19006769E+00  1.00000000E+00  1.59903052E+00 -1.97889690E+00  3.94288349E-01  8.82228907E+00  1.00107681E+00  1.42346063E+00
 -1.14115060E+00  1.00000000E+00  1.56056097E+00 -1.97368689E+00  3.93300339E-01  8.79185281E+00  1.00056213E+00  1.41801490E+00
 -1.09223351E+00  1.00000000E+00  1.52062271E+00 -1.96860293E+00  3.92549240E-01  8.75103041E+00  1.00057153E+00  1.41058351E+00
 -1.04331642E+00  1.00000000E+00  1.48068446E+00 -1.96353535E+00  3.91658083E-01  8.71040200E+00  1.00058212E+00  1.40318722E+00
 -9.94399333E-01  1.00000000E+00  1.44325776E+00 -1.95884456E+00  3.90183824E-01  8.65756326E+00  1.00163789E+00  1.39337842E+00
 -9.45482243E-01  1.00000000E+00  1.40583107E+00 -1.95416890E+00  3.88609589E-01  8.60506119E+00  1.00269473E+00  1.38363070E+00
 -8.96565154E-01  1.00000000E+00  1.36802408E+00 -1.94532469E+00  3.86659999E-01  8.55012748E+00  1.00208782E+00  1.37374322E+00
 -8.47648064E-01  1.00000000E+00  1.33021709E+00 -1.93652706E+00  3.85314780E-01  8.49554653E+00  1.00148739E+00  1.36391876E+00
 -7.99501858E-01  1.00000000E+00  1.29480261E+00 -1.92832692E+00  3.83183412E-01  8.42784740E+00  1.00171243E+00  1.35155656E+00
 -7.51355652E-01  1.00000000E+00  1.25938814E+00 -1.92017102E+00  3.81769669E-01  8.36070228E+00  1.00194055E+00  1.33929463E+00
 -7.08111109E-01  1.00000000E+00  1.22794136E+00 -1.90996169E+00  3.80308982E-01  8.29557000E+00  1.00087274E+00  1.32763490E+00
 -6.64866566E-01  1.00000000E+00  1.19649458E+00 -1.89981519E+00  3.79418175E-01  8.23094983E+00  9.99811913E-01  1.31606710E+00
 -6.26599939E-01  1.00000000E+00  1.17015471E+00 -1.89512950E+00  3.78775894E-01  8.19096671E+00  9.99929577E-01  1.30876876E+00
 -5.88333313E-01  1.00000000E+00  1.14381484E+00 -1.89045833E+00  3.77961169E-01  8.15118394E+00  1.00004790E+00  1.30150676E+00
 -5.54471587E-01  1.00000000E+00  1.12226073E+00 -1.88684238E+00  3.77571134E-01  8.13134057E+00  9.99451820E-01  1.29800375E+00
 -5.20609860E-01  1.00000000E+00  1.10070662E+00 -1.88323396E+00  3.77256909E-01  8.11154561E+00  9.98856865E-01  1.29450935E+00
 -4.90645977E-01  1.00000000E+00  1.08337456E+00 -1.88435160E+00  3.77153007E-01  8.10528975E+00  9.99715371E-01  1.29321454E+00
 -4.60682095E-01  1.00000000E+00  1.06604249E+00 -1.88546822E+00  3.77182149E-01  8.09904151E+00  1.00057443E+00  1.29192101E+00
 -4.34167380E-01  1.00000000E+00  1.05182317E+00 -1.88479630E+00  3.77717220E-01  8.11374603E+00  9.99078200E-01  1.29486954E+00
 -4.07652666E-01  1.00000000E+00  1.03760385E+00 -1.88412300E+00  3.78471067E-01  8.12848356E+00  9.97583511E-01  1.29782381E+00
 -3.84190072E-01  1.00000000E+00  1.02668188E+00 -1.89179633E+00  3.79787731E-01  8.16890260E+00  9.98684059E-01  1.30497977E+00
 -3.60727478E-01  1.00000000E+00  1.01575991E+00 -1.89950327E+00  3.80970835E-01  8.20952262E+00  9.99790241E-01  1.31217129E+00
 -3.39965684E-01  1.00000000E+00  1.00748122E+00 -1.90559774E+00  3.82315595E-01  8.26264700E+00  9.99244911E-01  1.32193918E+00
 -3.19203889E-01  1.00000000E+00  9.99202535E-01 -1.91171839E+00  3.83759274E-01  8.31612616E+00  9.98701798E-01  1.33177123E+00
 -3.00831998E-01  1.00000000E+00  9.92935491E-01 -1.92184492E+00  3.85487678E-01  8.38611601E+00  9.99324311E-01  1.34439609E+00
 -2.82460107E-01  1.00000000E+00  9.86668447E-01 -1.93203587E+00  3.87222017E-01  8.45670336E+00  9.99953057E-01  1.35712856E+00
 -2.66203017E-01  1.00000000E+00  9.82192971E-01 -1.94126829E+00  3.89141556E-01  8.53131794E+00  9.99663937E-01  1.37076103E+00
 -2.49945927E-01  1.00000000E+00  9.77717495E-01 -1.95055748E+00  3.91017108E-01  8.60660733E+00  9.99379574E-01  1.38451545E+00
 -2.35560203E-01  1.00000000E+00  9.75401160E-01 -1.96185053E+00  3.92482233E-01  8.68107580E+00  1.00054198E+00  1.39785716E+00
 -2.21174479E-01  1.00000000E+00  9.73084826E-01 -1.97321947E+00  3.93810846E-01  8.75619548E+00  1.00171217E+00  1.41131596E+00
 -2.08421419E-01  1.00000000E+00  9.70221422E-01 -1.98769782E+00  3.94856843E-01  8.81009268E+00  1.00544003E+00  1.42044678E+00
 -1.95668358E-01  1.00000000E+00  9.67358018E-01 -2.00227016E+00  3.95034613E-01  8.86432638E+00  1.00919411E+00  1.42963407E+00
 -1.83439085E-01  1.00000000E+00  9.66018158E-01 -2.00676156E+00  3.94735085E-01  8.86474629E+00  1.01238794E+00  1.42912922E+00
 -1.71209813E-01  1.00000000E+00  9.64678299E-01 -2.01126019E+00  3.90739508E-01  8.86517348E+00  1.01559110E+00  1.42862399E+00
 -1.58980541E-01  1.00000000E+00  9.49981747E-01 -1.96414545E+00  3.78711530E-01  8.50262424E+00  1.01765014E+00  1.36226529E+00
 -1.46751268E-01  1.00000000E+00  9.35285194E-01 -1.91846538E+00  3.63930651E-01  8.15519958E+00  1.01988049E+00  1.29862807E+00
 -1.34521996E-01  1.00000000E+00  9.32695741E-01 -1.86405110E+00  3.46283417E-01  7.34333899E+00  1.05698034E+00  1.14411727E+00
 -1.22292724E-01  1.00000000E+00  9.30106287E-01 -1.81240100E+00  3.08604467E-01  6.61840499E+00  1.09520567E+00  1.00522228E+00
 -1.10063451E-01  1.00000000E+00  1.01563808E+00 -1.43115286E+00  2.13660642E-01  4.21080602E+00  1.15903935E+00  5.55421535E-01
 -9.78341789E-02  1.00000000E+00  1.10116988E+00 -1.16173088E+00  1.48276643E-01  2.69804135E+00  1.25033099E+00  2.63483286E-01
 -8.56049065E-02  1.00000000E+00  1.38159348E+00 -5.96032216E-01  5.88770126E-02  1.53822908E+00  1.10821444E+00  7.82626656E-02
 -7.33756342E-02  1.00000000E+00  1.66201708E+00 -2.45861471E-01  3.73447012E-02  8.90376233E-01  1.07843624E+00 -3.42269211E-02
 -6.11463618E-02  1.00000000E+00  2.02169206E+00 -5.14134264E-02  2.08836981E-02  6.07964511E-01  1.35071937E+00 -1.35181385E-01
 -4.89170895E-02  1.00000000E+00  2.38136704E+00  1.36425048E-01  1.06770390E-01  4.35657897E-01  1.75199265E+00 -2.39572925E-01
 -3.66878171E-02  1.00000000E+00  3.17068575E+00 -1.99908662E-01  2.63518453E-01  6.56576450E-01  1.22686112E+00 -1.03791810E-01
 -2.44585447E-02  1.00000000E+00  3.96000445E+00 -5.55786022E-01  3.29251175E-01  1.11030793E+00  9.87074582E-01  2.24284691E-02
 -1.22292724E-02  1.00000000E+00  2.01172421E+00  1.43050498E+00  1.34703033E+00  2.01914020E+00  2.28149292E+00 -4.77481938E-02
  0.00000000E+00  1.00000000E+00  6.34439754E-02  1.29213190E+01  9.29108074E+00  1.20472535E+01  1.45501376E+01 -4.55524905E-01
