# curve 5 (die wall), step =        1, time =   1.00000000E-01
# N1 = tau_xx - tau_yy = G ( c_xx - c_yy ),  G =  8.8889E-01  (polymer part only)
#              x               y        pressure            c_xy        gammadot            c_xx            c_yy              N1
 -3.00000000E+00  1.00000000E+00  1.23080493E+00  0.00000000E+00  9.99948418E-01  1.00000000E+00  1.00000000E+00  0.00000000E+00
 -2.90049518E+00  1.00000000E+00  1.19263110E+00  0.00000000E+00  9.99967702E-01  1.00000000E+00  1.00000000E+00  0.00000000E+00
 -2.80099036E+00  1.00000000E+00  1.15445726E+00  0.00000000E+00  9.99984798E-01  1.00000000E+00  1.00000000E+00  0.00000000E+00
 -2.70148554E+00  1.00000000E+00  1.11626093E+00  0.00000000E+00  9.99991084E-01  1.00000000E+00  1.00000000E+00  0.00000000E+00
 -2.60198073E+00  1.00000000E+00  1.07806460E+00  0.00000000E+00  9.99992879E-01  1.00000000E+00  1.00000000E+00  0.00000000E+00
 -2.50247591E+00  1.00000000E+00  1.03987140E+00  0.00000000E+00  9.99992878E-01  1.00000000E+00  1.00000000E+00  0.00000000E+00
 -2.40297109E+00  1.00000000E+00  1.00167821E+00  0.00000000E+00  9.99991479E-01  1.00000000E+00  1.00000000E+00  0.00000000E+00
 -2.30346627E+00  1.00000000E+00  9.63484183E-01  0.00000000E+00  9.99987993E-01  1.00000000E+00  1.00000000E+00  0.00000000E+00
 -2.20396145E+00  1.00000000E+00  9.25290158E-01  0.00000000E+00  9.99981856E-01  1.00000000E+00  1.00000000E+00  0.00000000E+00
 -2.10445663E+00  1.00000000E+00  8.87097686E-01  0.00000000E+00  9.99970354E-01  1.00000000E+00  1.00000000E+00  0.00000000E+00
 -2.00495182E+00  1.00000000E+00  8.48905214E-01  0.00000000E+00  9.99954292E-01  1.00000000E+00  1.00000000E+00  0.00000000E+00
 -1.90544700E+00  1.00000000E+00  8.10714059E-01  0.00000000E+00  9.99928862E-01  1.00000000E+00  1.00000000E+00  0.00000000E+00
 -1.80594218E+00  1.00000000E+00  7.72522904E-01  0.00000000E+00  9.99894858E-01  1.00000000E+00  1.00000000E+00  0.00000000E+00
 -1.70643736E+00  1.00000000E+00  7.34342152E-01  0.00000000E+00  9.99851173E-01  1.00000000E+00  1.00000000E+00  0.00000000E+00
 -1.60693254E+00  1.00000000E+00  6.96161400E-01  0.00000000E+00  9.99793567E-01  1.00000000E+00  1.00000000E+00  0.00000000E+00
 -1.50742772E+00  1.00000000E+00  6.57991227E-01  0.00000000E+00  9.99706924E-01  1.00000000E+00  1.00000000E+00  0.00000000E+00
 -1.40792290E+00  1.00000000E+00  6.19821053E-01  0.00000000E+00  9.99609369E-01  1.00000000E+00  1.00000000E+00  0.00000000E+00
 -1.30841809E+00  1.00000000E+00  5.81701750E-01  0.00000000E+00  9.99523349E-01  1.00000000E+00  1.00000000E+00  0.00000000E+00
 -1.20891327E+00  1.00000000E+00  5.43582447E-01  0.00000000E+00  9.99415437E-01  1.00000000E+00  1.00000000E+00  0.00000000E+00
 -1.10940845E+00  1.00000000E+00  5.05604822E-01  0.00000000E+00  9.99327597E-01  1.00000000E+00  1.00000000E+00  0.00000000E+00
 -1.00990363E+00  1.00000000E+00  4.67627197E-01  0.00000000E+00  9.99383994E-01  1.00000000E+00  1.00000000E+00  0.00000000E+00
 -9.10398813E-01  1.00000000E+00  4.29874140E-01  0.00000000E+00  9.99892652E-01  1.00000000E+00  1.00000000E+00  0.00000000E+00
 -8.10893994E-01  1.00000000E+00  3.92121082E-01  0.00000000E+00  1.00072547E+00  1.00000000E+00  1.00000000E+00  0.00000000E+00
 -7.24330504E-01  1.00000000E+00  3.59612356E-01  0.00000000E+00  1.00319273E+00  1.00000000E+00  1.00000000E+00  0.00000000E+00
 -6.37767013E-01  1.00000000E+00  3.27103630E-01  0.00000000E+00  1.00639737E+00  1.00000000E+00  1.00000000E+00  0.00000000E+00
 -5.74956841E-01  1.00000000E+00  3.04061250E-01  0.00000000E+00  1.01136759E+00  1.00000000E+00  1.00000000E+00  0.00000000E+00
 -5.12146668E-01  1.00000000E+00  2.81018871E-01  0.00000000E+00  1.01746719E+00  1.00000000E+00  1.00000000E+00  0.00000000E+00
 -4.66597180E-01  1.00000000E+00  2.64796101E-01  0.00000000E+00  1.02469277E+00  1.00000000E+00  1.00000000E+00  0.00000000E+00
 -4.21047692E-01  1.00000000E+00  2.48573330E-01  0.00000000E+00  1.03344078E+00  1.00000000E+00  1.00000000E+00  0.00000000E+00
 -3.88015530E-01  1.00000000E+00  2.37139248E-01  0.00000000E+00  1.04271668E+00  1.00000000E+00  1.00000000E+00  0.00000000E+00
 -3.54983368E-01  1.00000000E+00  2.25705165E-01  0.00000000E+00  1.05339043E+00  1.00000000E+00  1.00000000E+00  0.00000000E+00
 -3.31028676E-01  1.00000000E+00  2.17173993E-01  0.00000000E+00  1.06279797E+00  1.00000000E+00  1.00000000E+00  0.00000000E+00
 -3.07073983E-01  1.00000000E+00  2.08642822E-01  0.00000000E+00  1.07288331E+00  1.00000000E+00  1.00000000E+00  0.00000000E+00
 -2.89702213E-01  1.00000000E+00  2.03095437E-01  0.00000000E+00  1.08286776E+00  1.00000000E+00  1.00000000E+00  0.00000000E+00
 -2.72330442E-01  1.00000000E+00  1.97548052E-01  0.00000000E+00  1.09387024E+00  1.00000000E+00  1.00000000E+00  0.00000000E+00
 -2.59732558E-01  1.00000000E+00  1.93226398E-01  0.00000000E+00  1.10354216E+00  1.00000000E+00  1.00000000E+00  0.00000000E+00
 -2.47134674E-01  1.00000000E+00  1.88904744E-01  0.00000000E+00  1.11375861E+00  1.00000000E+00  1.00000000E+00  0.00000000E+00
 -2.37998778E-01  1.00000000E+00  1.86181649E-01  0.00000000E+00  1.12235117E+00  1.00000000E+00  1.00000000E+00  0.00000000E+00
 -2.28862882E-01  1.00000000E+00  1.83458555E-01  0.00000000E+00  1.13129427E+00  1.00000000E+00  1.00000000E+00  0.00000000E+00
 -2.22237595E-01  1.00000000E+00  1.81269819E-01  0.00000000E+00  1.13828717E+00  1.00000000E+00  1.00000000E+00  0.00000000E+00
 -2.15612309E-01  1.00000000E+00  1.79081084E-01  0.00000000E+00  1.14555172E+00  1.00000000E+00  1.00000000E+00  0.00000000E+00
 -2.10807698E-01  1.00000000E+00  1.77666304E-01  0.00000000E+00  1.15119428E+00  1.00000000E+00  1.00000000E+00  0.00000000E+00
 -2.06003087E-01  1.00000000E+00  1.76251525E-01  0.00000000E+00  1.15702392E+00  1.00000000E+00  1.00000000E+00  0.00000000E+00
 -2.02506362E-01  1.00000000E+00  1.75180220E-01  0.00000000E+00  1.16159571E+00  1.00000000E+00  1.00000000E+00  0.00000000E+00
 -1.99009637E-01  1.00000000E+00  1.74108914E-01  0.00000000E+00  1.16624539E+00  1.00000000E+00  1.00000000E+00  0.00000000E+00
 -1.95900111E-01  1.00000000E+00  1.73169224E-01  0.00000000E+00  1.17060377E+00  1.00000000E+00  1.00000000E+00  0.00000000E+00
 -1.92790586E-01  1.00000000E+00  1.72229533E-01  0.00000000E+00  1.17503893E+00  1.00000000E+00  1.00000000E+00  0.00000000E+00
 -1.89681060E-01  1.00000000E+00  1.71332659E-01  0.00000000E+00  1.17965552E+00  1.00000000E+00  1.00000000E+00  0.00000000E+00
 -1.86571535E-01  1.00000000E+00  1.70435786E-01  0.00000000E+00  1.18436391E+00  1.00000000E+00  1.00000000E+00  0.00000000E+00
 -1.83462009E-01  1.00000000E+00  1.69553621E-01  0.00000000E+00  1.18935515E+00  1.00000000E+00  1.00000000E+00  0.00000000E+00
 -1.80352483E-01  1.00000000E+00  1.68671456E-01  0.00000000E+00  1.19439790E+00  1.00000000E+00  1.00000000E+00  0.00000000E+00
 -1.77242958E-01  1.00000000E+00  1.67779671E-01  0.00000000E+00  1.19970242E+00  1.00000000E+00  1.00000000E+00  0.00000000E+00
 -1.74133432E-01  1.00000000E+00  1.66887887E-01  0.00000000E+00  1.20510370E+00  1.00000000E+00  1.00000000E+00  0.00000000E+00
 -1.71023907E-01  1.00000000E+00  1.66000684E-01  0.00000000E+00  1.21079324E+00  1.00000000E+00  1.00000000E+00  0.00000000E+00
 -1.67914381E-01  1.00000000E+00  1.65113481E-01  0.00000000E+00  1.21664758E+00  1.00000000E+00  1.00000000E+00  0.00000000E+00
 -1.64804856E-01  1.00000000E+00  1.64319573E-01  0.00000000E+00  1.22271894E+00  1.00000000E+00  1.00000000E+00  0.00000000E+00
 -1.61695330E-01  1.00000000E+00  1.63525664E-01  0.00000000E+00  1.22890657E+00  1.00000000E+00  1.00000000E+00  0.00000000E+00
 -1.58585804E-01  1.00000000E+00  1.62660475E-01  0.00000000E+00  1.23543303E+00  1.00000000E+00  1.00000000E+00  0.00000000E+00
 -1.55476279E-01  1.00000000E+00  1.61795285E-01  0.00000000E+00  1.24214582E+00  1.00000000E+00  1.00000000E+00  0.00000000E+00
 -1.52366753E-01  1.00000000E+00  1.61025182E-01  0.00000000E+00  1.24918499E+00  1.00000000E+00  1.00000000E+00  0.00000000E+00
 -1.49257228E-01  1.00000000E+00  1.60255079E-01  0.00000000E+00  1.25635610E+00  1.00000000E+00  1.00000000E+00  0.00000000E+00
 -1.46147702E-01  1.00000000E+00  1.59448879E-01  0.00000000E+00  1.26387898E+00  1.00000000E+00  1.00000000E+00  0.00000000E+00
 -1.43038177E-01  1.00000000E+00  1.58642678E-01  0.00000000E+00  1.27161003E+00  1.00000000E+00  1.00000000E+00  0.00000000E+00
 -1.39928651E-01  1.00000000E+00  1.57897705E-01  0.00000000E+00  1.27989074E+00  1.00000000E+00  1.00000000E+00  0.00000000E+00
 -1.36819125E-01  1.00000000E+00  1.57152733E-01  0.00000000E+00  1.28831021E+00  1.00000000E+00  1.00000000E+00  0.00000000E+00
 -1.33709600E-01  1.00000000E+00  1.56472102E-01  0.00000000E+00  1.29727111E+00  1.00000000E+00  1.00000000E+00  0.00000000E+00
 -1.30600074E-01  1.00000000E+00  1.55791470E-01  0.00000000E+00  1.30641231E+00  1.00000000E+00  1.00000000E+00  0.00000000E+00
 -1.27490549E-01  1.00000000E+00  1.55064089E-01  0.00000000E+00  1.31611622E+00  1.00000000E+00  1.00000000E+00  0.00000000E+00
 -1.24381023E-01  1.00000000E+00  1.54336707E-01  0.00000000E+00  1.32604433E+00  1.00000000E+00  1.00000000E+00  0.00000000E+00
 -1.21271497E-01  1.00000000E+00  1.53725080E-01  0.00000000E+00  1.33656043E+00  1.00000000E+00  1.00000000E+00  0.00000000E+00
 -1.18161972E-01  1.00000000E+00  1.53113452E-01  0.00000000E+00  1.34748112E+00  1.00000000E+00  1.00000000E+00  0.00000000E+00
 -1.15052446E-01  1.00000000E+00  1.52533512E-01  0.00000000E+00  1.35916683E+00  1.00000000E+00  1.00000000E+00  0.00000000E+00
 -1.11942921E-01  1.00000000E+00  1.51953571E-01  0.00000000E+00  1.37104547E+00  1.00000000E+00  1.00000000E+00  0.00000000E+00
 -1.08833395E-01  1.00000000E+00  1.51333597E-01  0.00000000E+00  1.38385332E+00  1.00000000E+00  1.00000000E+00  0.00000000E+00
 -1.05723870E-01  1.00000000E+00  1.50713623E-01  0.00000000E+00  1.39703563E+00  1.00000000E+00  1.00000000E+00  0.00000000E+00
 -1.02614344E-01  1.00000000E+00  1.50285712E-01  0.00000000E+00  1.41125977E+00  1.00000000E+00  1.00000000E+00  0.00000000E+00
 -9.95048184E-02  1.00000000E+00  1.49857802E-01  0.00000000E+00  1.42580821E+00  1.00000000E+00  1.00000000E+00  0.00000000E+00
 -9.63952929E-02  1.00000000E+00  1.49518874E-01  0.00000000E+00  1.44161754E+00  1.00000000E+00  1.00000000E+00  0.00000000E+00
 -9.32857673E-02  1.00000000E+00  1.49179947E-01  0.00000000E+00  1.45774004E+00  1.00000000E+00  1.00000000E+00  0.00000000E+00
 -9.01762417E-02  1.00000000E+00  1.48727916E-01  0.00000000E+00  1.47526154E+00  1.00000000E+00  1.00000000E+00  0.00000000E+00
 -8.70667161E-02  1.00000000E+00  1.48275884E-01  0.00000000E+00  1.49341510E+00  1.00000000E+00  1.00000000E+00  0.00000000E+00
 -8.39571906E-02  1.00000000E+00  1.48223242E-01  0.00000000E+00  1.51324265E+00  1.00000000E+00  1.00000000E+00  0.00000000E+00
 -8.08476650E-02  1.00000000E+00  1.48170600E-01  0.00000000E+00  1.53356732E+00  1.00000000E+00  1.00000000E+00  0.00000000E+00
 -7.77381394E-02  1.00000000E+00  1.47999329E-01  0.00000000E+00  1.55587256E+00  1.00000000E+00  1.00000000E+00  0.00000000E+00
 -7.46286138E-02  1.00000000E+00  1.47828057E-01  0.00000000E+00  1.57892174E+00  1.00000000E+00  1.00000000E+00  0.00000000E+00
 -7.15190883E-02  1.00000000E+00  1.47600208E-01  0.00000000E+00  1.60521266E+00  1.00000000E+00  1.00000000E+00  0.00000000E+00
 -6.84095627E-02  1.00000000E+00  1.47372359E-01  0.00000000E+00  1.63247360E+00  1.00000000E+00  1.00000000E+00  0.00000000E+00
 -6.53000371E-02  1.00000000E+00  1.48254247E-01  0.00000000E+00  1.66211648E+00  1.00000000E+00  1.00000000E+00  0.00000000E+00
 -6.21905115E-02  1.00000000E+00  1.49136134E-01  0.00000000E+00  1.69272171E+00  1.00000000E+00  1.00000000E+00  0.00000000E+00
 -5.90809860E-02  1.00000000E+00  1.49292256E-01  0.00000000E+00  1.72703482E+00  1.00000000E+00  1.00000000E+00  0.00000000E+00
 -5.59714604E-02  1.00000000E+00  1.49448377E-01  0.00000000E+00  1.76335466E+00  1.00000000E+00  1.00000000E+00  0.00000000E+00
 -5.28619348E-02  1.00000000E+00  1.50126968E-01  0.00000000E+00  1.80467968E+00  1.00000000E+00  1.00000000E+00  0.00000000E+00
 -4.97524092E-02  1.00000000E+00  1.50805559E-01  0.00000000E+00  1.84741783E+00  1.00000000E+00  1.00000000E+00  0.00000000E+00
 -4.66428836E-02  1.00000000E+00  1.52800957E-01  0.00000000E+00  1.89855740E+00  1.00000000E+00  1.00000000E+00  0.00000000E+00
 -4.35333581E-02  1.00000000E+00  1.54796355E-01  0.00000000E+00  1.95157236E+00  1.00000000E+00  1.00000000E+00  0.00000000E+00
 -4.04238325E-02  1.00000000E+00  1.55761833E-01  0.00000000E+00  2.01349265E+00  1.00000000E+00  1.00000000E+00  0.00000000E+00
 -3.73143069E-02  1.00000000E+00  1.56727310E-01  0.00000000E+00  2.07924089E+00  1.00000000E+00  1.00000000E+00  0.00000000E+00
 -3.42047813E-02  1.00000000E+00  1.58826608E-01  0.00000000E+00  2.16056610E+00  1.00000000E+00  1.00000000E+00  0.00000000E+00
 -3.10952558E-02  1.00000000E+00  1.60925906E-01  0.00000000E+00  2.24510055E+00  1.00000000E+00  1.00000000E+00  0.00000000E+00
 -2.79857302E-02  1.00000000E+00  1.68576518E-01  0.00000000E+00  2.36011779E+00  1.00000000E+00  1.00000000E+00  0.00000000E+00
 -2.48762046E-02  1.00000000E+00  1.76227130E-01  0.00000000E+00  2.48467756E+00  1.00000000E+00  1.00000000E+00  0.00000000E+00
 -2.17666790E-02  1.00000000E+00  1.88961693E-01  0.00000000E+00  2.65084644E+00  1.00000000E+00  1.00000000E+00  0.00000000E+00
 -1.86571535E-02  1.00000000E+00  2.01696255E-01  0.00000000E+00  2.84603811E+00  1.00000000E+00  1.00000000E+00  0.00000000E+00
 -1.55476279E-02  1.00000000E+00  1.53117648E-01  0.00000000E+00  3.14475731E+00  1.00000000E+00  1.00000000E+00  0.00000000E+00
 -1.24381023E-02  1.00000000E+00  1.04539041E-01  0.00000000E+00  3.49272047E+00  1.00000000E+00  1.00000000E+00  0.00000000E+00
 -9.32857673E-03  1.00000000E+00  3.84481830E-01  0.00000000E+00  3.94391834E+00  1.00000000E+00  1.00000000E+00  0.00000000E+00
 -6.21905115E-03  1.00000000E+00  6.64424619E-01  0.00000000E+00  4.62089842E+00  1.00000000E+00  1.00000000E+00  0.00000000E+00
 -3.10952558E-03  1.00000000E+00  6.74010569E-02  0.00000000E+00  6.20295176E+00  1.00000000E+00  1.00000000E+00  0.00000000E+00
  0.00000000E+00  1.00000000E+00 -5.29622505E-01  0.00000000E+00  8.35357657E+00  1.00000000E+00  1.00000000E+00  0.00000000E+00
