# curve 5 (die wall), step =      700, time =   2.80000000E+02
# N1 = tau_xx - tau_yy = G ( c_xx - c_yy ),  G =  1.0000E-01  (polymer part only)
#              x               y        pressure            c_xy        gammadot            c_xx            c_yy              N1
 -3.00000000E+00  1.00000000E+00  1.09178365E+00 -1.01213631E+00  5.30158059E-01  4.72077201E+00  4.83537150E-01  4.23723485E-01
 -2.97524677E+00  1.00000000E+00  1.08416248E+00 -1.01212656E+00  5.30207002E-01  4.72025385E+00  4.83582347E-01  4.23667150E-01
 -2.95049355E+00  1.00000000E+00  1.07654131E+00 -1.01211680E+00  5.30240886E-01  4.71973575E+00  4.83627549E-01  4.23610820E-01
 -2.92574032E+00  1.00000000E+00  1.06893975E+00 -1.01227086E+00  5.30228915E-01  4.72015808E+00  4.83656709E-01  4.23650137E-01
 -2.90098710E+00  1.00000000E+00  1.06133819E+00 -1.01242493E+00  5.30156709E-01  4.72058046E+00  4.83685876E-01  4.23689458E-01
 -2.87623387E+00  1.00000000E+00  1.05366646E+00 -1.01233630E+00  5.30094765E-01  4.72200582E+00  4.83518783E-01  4.23848704E-01
 -2.85148064E+00  1.00000000E+00  1.04599474E+00 -1.01224766E+00  5.29994646E-01  4.72343172E+00  4.83351738E-01  4.24007999E-01
 -2.82672742E+00  1.00000000E+00  1.03834016E+00 -1.01194877E+00  5.30129753E-01  4.72194191E+00  4.83360100E-01  4.23858182E-01
 -2.80197419E+00  1.00000000E+00  1.03068558E+00 -1.01164996E+00  5.30212926E-01  4.72045257E+00  4.83368494E-01  4.23708408E-01
 -2.77722097E+00  1.00000000E+00  1.02304858E+00 -1.01200243E+00  5.30258386E-01  4.72063670E+00  4.83495621E-01  4.23714108E-01
 -2.75246774E+00  1.00000000E+00  1.01541157E+00 -1.01235492E+00  5.30281434E-01  4.72082092E+00  4.83622793E-01  4.23719813E-01
 -2.72771451E+00  1.00000000E+00  1.00781965E+00 -1.01232791E+00  5.30253851E-01  4.72065410E+00  4.83633111E-01  4.23702099E-01
 -2.70296129E+00  1.00000000E+00  1.00022773E+00 -1.01230090E+00  5.30187454E-01  4.72048728E+00  4.83643430E-01  4.23684385E-01
 -2.67820806E+00  1.00000000E+00  9.92575873E-01 -1.01220904E+00  5.30159876E-01  4.72047813E+00  4.83600494E-01  4.23687764E-01
 -2.65345484E+00  1.00000000E+00  9.84924012E-01 -1.01211718E+00  5.30165191E-01  4.72046899E+00  4.83557561E-01  4.23691143E-01
 -2.62870161E+00  1.00000000E+00  9.77275727E-01 -1.01221484E+00  5.30169013E-01  4.72036951E+00  4.83607156E-01  4.23676236E-01
 -2.60394839E+00  1.00000000E+00  9.69627442E-01 -1.01231250E+00  5.30168593E-01  4.72027005E+00  4.83656755E-01  4.23661329E-01
 -2.57919516E+00  1.00000000E+00  9.62031537E-01 -1.01227122E+00  5.30163756E-01  4.72003123E+00  4.83666219E-01  4.23636501E-01
 -2.55444193E+00  1.00000000E+00  9.54435633E-01 -1.01222994E+00  5.30133100E-01  4.71979243E+00  4.83675683E-01  4.23611675E-01
 -2.52968871E+00  1.00000000E+00  9.46773770E-01 -1.01228583E+00  5.30091939E-01  4.72077098E+00  4.83611826E-01  4.23715916E-01
 -2.50493548E+00  1.00000000E+00  9.39111907E-01 -1.01234174E+00  5.30020380E-01  4.72174975E+00  4.83547980E-01  4.23820177E-01
 -2.48018226E+00  1.00000000E+00  9.31440070E-01 -1.01209750E+00  5.30138107E-01  4.72081342E+00  4.83525349E-01  4.23728807E-01
 -2.45542903E+00  1.00000000E+00  9.23768233E-01 -1.01185331E+00  5.30229559E-01  4.71987728E+00  4.83502735E-01  4.23637454E-01
 -2.43067580E+00  1.00000000E+00  9.16156242E-01 -1.01206307E+00  5.30276729E-01  4.72001183E+00  4.83576538E-01  4.23643529E-01
 -2.40592258E+00  1.00000000E+00  9.08544252E-01 -1.01227284E+00  5.30307969E-01  4.72014642E+00  4.83650357E-01  4.23649606E-01
 -2.38116935E+00  1.00000000E+00  9.00927488E-01 -1.01220316E+00  5.30293717E-01  4.71986099E+00  4.83653036E-01  4.23620795E-01
 -2.35641613E+00  1.00000000E+00  8.93310724E-01 -1.01213349E+00  5.30234736E-01  4.71957557E+00  4.83655717E-01  4.23591985E-01
 -2.33166290E+00  1.00000000E+00  8.85653939E-01 -1.01213868E+00  5.30209689E-01  4.71996189E+00  4.83620545E-01  4.23634134E-01
 -2.30690967E+00  1.00000000E+00  8.77997155E-01 -1.01214387E+00  5.30184213E-01  4.72034824E+00  4.83585375E-01  4.23676287E-01
 -2.28215645E+00  1.00000000E+00  8.70372143E-01 -1.01220377E+00  5.30180006E-01  4.72047022E+00  4.83595849E-01  4.23687437E-01
 -2.25740322E+00  1.00000000E+00  8.62747131E-01 -1.01226368E+00  5.30198543E-01  4.72059219E+00  4.83606325E-01  4.23698587E-01
 -2.23265000E+00  1.00000000E+00  8.55087957E-01 -1.01234170E+00  5.30171483E-01  4.72125318E+00  4.83584849E-01  4.23766833E-01
 -2.20789677E+00  1.00000000E+00  8.47428783E-01 -1.01241973E+00  5.30080757E-01  4.72191426E+00  4.83563376E-01  4.23835088E-01
 -2.18314354E+00  1.00000000E+00  8.39787463E-01 -1.01221573E+00  5.30124772E-01  4.72080524E+00  4.83575181E-01  4.23723006E-01
 -2.15839032E+00  1.00000000E+00  8.32146143E-01 -1.01201178E+00  5.30169692E-01  4.71969649E+00  4.83587003E-01  4.23610949E-01
 -2.13363709E+00  1.00000000E+00  8.24539130E-01 -1.01210533E+00  5.30210330E-01  4.71978739E+00  4.83616436E-01  4.23617096E-01
 -2.10888387E+00  1.00000000E+00  8.16932118E-01 -1.01219888E+00  5.30241313E-01  4.71987830E+00  4.83645873E-01  4.23623243E-01
 -2.08413064E+00  1.00000000E+00  8.09266448E-01 -1.01220171E+00  5.30253163E-01  4.71979575E+00  4.83654177E-01  4.23614158E-01
 -2.05937741E+00  1.00000000E+00  8.01600778E-01 -1.01220454E+00  5.30252290E-01  4.71971320E+00  4.83662481E-01  4.23605072E-01
 -2.03462419E+00  1.00000000E+00  7.93973254E-01 -1.01213577E+00  5.30239938E-01  4.71973333E+00  4.83635239E-01  4.23609809E-01
 -2.00987096E+00  1.00000000E+00  7.86345729E-01 -1.01206701E+00  5.30199269E-01  4.71975346E+00  4.83607999E-01  4.23614547E-01
 -1.98511774E+00  1.00000000E+00  7.78695990E-01 -1.01212921E+00  5.30180520E-01  4.71977820E+00  4.83629241E-01  4.23614896E-01
 -1.96036451E+00  1.00000000E+00  7.71046251E-01 -1.01219141E+00  5.30176637E-01  4.71980294E+00  4.83650484E-01  4.23615246E-01
 -1.93561128E+00  1.00000000E+00  7.63433309E-01 -1.01233224E+00  5.30128576E-01  4.72040931E+00  4.83660237E-01  4.23674908E-01
 -1.91085806E+00  1.00000000E+00  7.55820368E-01 -1.01247310E+00  5.30027182E-01  4.72101577E+00  4.83669996E-01  4.23734577E-01
 -1.88610483E+00  1.00000000E+00  7.48119036E-01 -1.01221844E+00  5.29985130E-01  4.72072569E+00  4.83582224E-01  4.23714346E-01
 -1.86135161E+00  1.00000000E+00  7.40417703E-01 -1.01196381E+00  5.29965759E-01  4.72043566E+00  4.83494474E-01  4.23694118E-01
 -1.83659838E+00  1.00000000E+00  7.32822558E-01 -1.01217556E+00  5.30024922E-01  4.71971165E+00  4.83655042E-01  4.23605661E-01
 -1.81184516E+00  1.00000000E+00  7.25227413E-01 -1.01238729E+00  5.30026408E-01  4.71898786E+00  4.83815654E-01  4.23517220E-01
 -1.78709193E+00  1.00000000E+00  7.17624808E-01 -1.01236682E+00  5.29898649E-01  4.72010700E+00  4.83710860E-01  4.23639614E-01
 -1.76233870E+00  1.00000000E+00  7.10022203E-01 -1.01234635E+00  5.29725753E-01  4.72122645E+00  4.83606085E-01  4.23762036E-01
 -1.73758548E+00  1.00000000E+00  7.02307408E-01 -1.01217910E+00  5.29730954E-01  4.72062918E+00  4.83585771E-01  4.23704341E-01
 -1.71283225E+00  1.00000000E+00  6.94592613E-01 -1.01201188E+00  5.29710798E-01  4.72003198E+00  4.83565464E-01  4.23646652E-01
 -1.68807903E+00  1.00000000E+00  6.86940616E-01 -1.01213621E+00  5.29680663E-01  4.71974069E+00  4.83641181E-01  4.23609951E-01
 -1.66332580E+00  1.00000000E+00  6.79288618E-01 -1.01226053E+00  5.29682918E-01  4.71944944E+00  4.83716907E-01  4.23573253E-01
 -1.63857257E+00  1.00000000E+00  6.71681111E-01 -1.01216517E+00  5.29688090E-01  4.71912782E+00  4.83710552E-01  4.23541727E-01
 -1.61381935E+00  1.00000000E+00  6.64073605E-01 -1.01206982E+00  5.29614047E-01  4.71880623E+00  4.83704200E-01  4.23510203E-01
 -1.58906612E+00  1.00000000E+00  6.56393008E-01 -1.01205376E+00  5.29523045E-01  4.71810565E+00  4.83757162E-01  4.23434849E-01
 -1.56431290E+00  1.00000000E+00  6.48712411E-01 -1.01203771E+00  5.29482081E-01  4.71740520E+00  4.83810130E-01  4.23359507E-01
 -1.53955967E+00  1.00000000E+00  6.41129598E-01 -1.01203051E+00  5.29413116E-01  4.71647188E+00  4.83896143E-01  4.23257574E-01
 -1.51480644E+00  1.00000000E+00  6.33546785E-01 -1.01202332E+00  5.29321555E-01  4.71553877E+00  4.83982170E-01  4.23155660E-01
 -1.49005322E+00  1.00000000E+00  6.25942132E-01 -1.01209356E+00  5.29200612E-01  4.71493657E+00  4.84075521E-01  4.23086105E-01
 -1.46529999E+00  1.00000000E+00  6.18337480E-01 -1.01216380E+00  5.29007642E-01  4.71433448E+00  4.84168888E-01  4.23016559E-01
 -1.44054677E+00  1.00000000E+00  6.10652312E-01 -1.01214165E+00  5.28798934E-01  4.71497873E+00  4.84105723E-01  4.23087301E-01
 -1.41579354E+00  1.00000000E+00  6.02967145E-01 -1.01211949E+00  5.28520903E-01  4.71562309E+00  4.84042564E-01  4.23158052E-01
 -1.39104031E+00  1.00000000E+00  5.95338543E-01 -1.01174419E+00  5.28451167E-01  4.71310838E+00  4.84114646E-01  4.22899374E-01
 -1.36628709E+00  1.00000000E+00  5.87709940E-01 -1.01136907E+00  5.28369040E-01  4.71059503E+00  4.84186806E-01  4.22640822E-01
 -1.34153386E+00  1.00000000E+00  5.80104697E-01 -1.01161142E+00  5.28199383E-01  4.70977761E+00  4.84362884E-01  4.22541473E-01
 -1.31678064E+00  1.00000000E+00  5.72499453E-01 -1.01185376E+00  5.27994410E-01  4.70896048E+00  4.84539014E-01  4.22442147E-01
 -1.29202741E+00  1.00000000E+00  5.64936980E-01 -1.01176276E+00  5.27726388E-01  4.70812178E+00  4.84583343E-01  4.22353844E-01
 -1.26727418E+00  1.00000000E+00  5.57374507E-01 -1.01167178E+00  5.27419229E-01  4.70728323E+00  4.84627683E-01  4.22265555E-01
 -1.24252096E+00  1.00000000E+00  5.49769655E-01 -1.01175377E+00  5.27124619E-01  4.70654850E+00  4.84734959E-01  4.22181354E-01
 -1.21776773E+00  1.00000000E+00  5.42164802E-01 -1.01183576E+00  5.26756887E-01  4.70581392E+00  4.84842256E-01  4.22097167E-01
 -1.19301451E+00  1.00000000E+00  5.34583655E-01 -1.01137058E+00  5.26507849E-01  4.70267334E+00  4.84939735E-01  4.21773360E-01
 -1.16826128E+00  1.00000000E+00  5.27002508E-01 -1.01090568E+00  5.26272586E-01  4.69953485E+00  4.85037344E-01  4.21449750E-01
 -1.14350806E+00  1.00000000E+00  5.19478253E-01 -1.01103808E+00  5.25915820E-01  4.69844581E+00  4.85195202E-01  4.21325061E-01
 -1.11875483E+00  1.00000000E+00  5.11953998E-01 -1.01117047E+00  5.25490591E-01  4.69735712E+00  4.85353100E-01  4.21200402E-01
 -1.09400160E+00  1.00000000E+00  5.04417574E-01 -1.01102230E+00  5.25097988E-01  4.69519172E+00  4.85494428E-01  4.20969730E-01
 -1.06924838E+00  1.00000000E+00  4.96881151E-01 -1.01087420E+00  5.24726379E-01  4.69302738E+00  4.85635818E-01  4.20739156E-01
 -1.04449515E+00  1.00000000E+00  4.89431710E-01 -1.01083251E+00  5.24292030E-01  4.69024608E+00  4.85884564E-01  4.20436152E-01
 -1.01974193E+00  1.00000000E+00  4.81982268E-01 -1.01079088E+00  5.23805455E-01  4.68746661E+00  4.86133442E-01  4.20133317E-01
 -9.94988700E-01  1.00000000E+00  4.74566473E-01 -1.01049612E+00  5.23240919E-01  4.68451310E+00  4.86292378E-01  4.19822072E-01
 -9.70235474E-01  1.00000000E+00  4.67150677E-01 -1.01020153E+00  5.22677855E-01  4.68156149E+00  4.86451432E-01  4.19511006E-01
 -9.45482248E-01  1.00000000E+00  4.59725951E-01 -1.01011107E+00  5.22100335E-01  4.67862619E+00  4.86692246E-01  4.19193395E-01
 -9.20729022E-01  1.00000000E+00  4.52301224E-01 -1.01002069E+00  5.21538630E-01  4.67569291E+00  4.86933194E-01  4.18875971E-01
 -8.95975796E-01  1.00000000E+00  4.45057010E-01 -1.00980370E+00  5.20872070E-01  4.67127074E+00  4.87267347E-01  4.18400339E-01
 -8.71222570E-01  1.00000000E+00  4.37812796E-01 -1.00958696E+00  5.20158247E-01  4.66685304E+00  4.87601795E-01  4.17925125E-01
 -8.46469344E-01  1.00000000E+00  4.30598487E-01 -1.00956567E+00  5.19346189E-01  4.66335848E+00  4.87934866E-01  4.17542361E-01
 -8.21716118E-01  1.00000000E+00  4.23384179E-01 -1.00954446E+00  5.18499217E-01  4.65986686E+00  4.88268166E-01  4.17159869E-01
 -7.97201467E-01  1.00000000E+00  4.16315513E-01 -1.00935529E+00  5.17818802E-01  4.65613778E+00  4.88545636E-01  4.16759214E-01
 -7.72686817E-01  1.00000000E+00  4.09246846E-01 -1.00916630E+00  5.17090222E-01  4.65241188E+00  4.88823310E-01  4.16358857E-01
 -7.49503432E-01  1.00000000E+00  4.02696026E-01 -1.00898065E+00  5.16360469E-01  4.64870081E+00  4.89104961E-01  4.15959584E-01
 -7.26320047E-01  1.00000000E+00  3.96145206E-01 -1.00879517E+00  5.15630622E-01  4.64499290E+00  4.89386823E-01  4.15560607E-01
 -7.04527831E-01  1.00000000E+00  3.90123210E-01 -1.00854380E+00  5.14822510E-01  4.64064740E+00  4.89705987E-01  4.15094141E-01
 -6.82735615E-01  1.00000000E+00  3.84101215E-01 -1.00829271E+00  5.14075440E-01  4.63630622E+00  4.90025440E-01  4.14628078E-01
 -6.62251087E-01  1.00000000E+00  3.78485323E-01 -1.00788981E+00  5.13574158E-01  4.63354362E+00  4.90113824E-01  4.14342980E-01
 -6.41766559E-01  1.00000000E+00  3.72869432E-01 -1.00748713E+00  5.13072088E-01  4.63078268E+00  4.90202307E-01  4.14058038E-01
 -6.22511254E-01  1.00000000E+00  3.67799805E-01 -1.00732260E+00  5.12459023E-01  4.62728511E+00  4.90475676E-01  4.13680944E-01
 -6.03255949E-01  1.00000000E+00  3.62730178E-01 -1.00715822E+00  5.11865776E-01  4.62379038E+00  4.90749238E-01  4.13304114E-01
 -5.85156097E-01  1.00000000E+00  3.58125008E-01 -1.00693897E+00  5.11228855E-01  4.61989404E+00  4.91035500E-01  4.12885854E-01
 -5.67056245E-01  1.00000000E+00  3.53519838E-01 -1.00671993E+00  5.10652578E-01  4.61600119E+00  4.91321988E-01  4.12467920E-01
 -5.50042515E-01  1.00000000E+00  3.49250017E-01 -1.00658135E+00  5.10287474E-01  4.61434274E+00  4.91422171E-01  4.12292057E-01
 -5.33028786E-01  1.00000000E+00  3.44980196E-01 -1.00644281E+00  5.09851108E-01  4.61268492E+00  4.91522391E-01  4.12116253E-01
 -5.17036006E-01  1.00000000E+00  3.41184363E-01 -1.00683101E+00  5.09404098E-01  4.61068136E+00  4.91903542E-01  4.11877782E-01
 -5.01043227E-01  1.00000000E+00  3.37388529E-01 -1.00721918E+00  5.08901527E-01  4.60867917E+00  4.92284934E-01  4.11639423E-01
 -4.86010125E-01  1.00000000E+00  3.33885281E-01 -1.00673149E+00  5.08555971E-01  4.60641320E+00  4.92289487E-01  4.11412372E-01
 -4.70977023E-01  1.00000000E+00  3.30382034E-01 -1.00624402E+00  5.08391468E-01  4.60414835E+00  4.92294126E-01  4.11185423E-01
 -4.56846016E-01  1.00000000E+00  3.27388870E-01 -1.00633657E+00  5.08059246E-01  4.60401103E+00  4.92344762E-01  4.11166627E-01
 -4.42715008E-01  1.00000000E+00  3.24395706E-01 -1.00642912E+00  5.07963124E-01  4.60387372E+00  4.92395402E-01  4.11147832E-01
 -4.29431964E-01  1.00000000E+00  3.21561844E-01 -1.00675460E+00  5.08201244E-01  4.60483269E+00  4.92454695E-01  4.11237800E-01
 -4.16148920E-01  1.00000000E+00  3.18727983E-01 -1.00708014E+00  5.08406007E-01  4.60579188E+00  4.92514018E-01  4.11327786E-01
 -4.03662954E-01  1.00000000E+00  3.16368856E-01 -1.00667442E+00  5.08240344E-01  4.60571757E+00  4.92340627E-01  4.11337694E-01
 -3.91176988E-01  1.00000000E+00  3.14009729E-01 -1.00626873E+00  5.08405956E-01  4.60564339E+00  4.92167306E-01  4.11347608E-01
 -3.79440270E-01  1.00000000E+00  3.11851005E-01 -1.00661150E+00  5.08605863E-01  4.60688002E+00  4.92192214E-01  4.11468781E-01
 -3.67703552E-01  1.00000000E+00  3.09692280E-01 -1.00695435E+00  5.09021593E-01  4.60811700E+00  4.92217161E-01  4.11589984E-01
 -3.56671122E-01  1.00000000E+00  3.07882919E-01 -1.00728008E+00  5.09760974E-01  4.61166248E+00  4.92009043E-01  4.11965344E-01
 -3.45638692E-01  1.00000000E+00  3.06073558E-01 -1.00760605E+00  5.10287692E-01  4.61521078E+00  4.91801099E-01  4.12340968E-01
 -3.35268287E-01  1.00000000E+00  3.04606282E-01 -1.00744247E+00  5.10300891E-01  4.61646511E+00  4.91609688E-01  4.12485543E-01
 -3.24897882E-01  1.00000000E+00  3.03139006E-01 -1.00727886E+00  5.10799408E-01  4.61771992E+00  4.91418336E-01  4.12630159E-01
 -3.15149775E-01  1.00000000E+00  3.01757660E-01 -1.00772375E+00  5.11579955E-01  4.62202282E+00  4.91202524E-01  4.13082030E-01
 -3.05401669E-01  1.00000000E+00  3.00376315E-01 -1.00816903E+00  5.12428960E-01  4.62632982E+00  4.90986938E-01  4.13534288E-01
 -2.96238520E-01  1.00000000E+00  2.99368038E-01 -1.00782493E+00  5.13154605E-01  4.63198511E+00  4.90267316E-01  4.14171780E-01
 -2.87075371E-01  1.00000000E+00  2.98359761E-01 -1.00748084E+00  5.14380803E-01  4.63764897E+00  4.89548601E-01  4.14810037E-01
 -2.78462077E-01  1.00000000E+00  2.97538799E-01 -1.00833153E+00  5.15869557E-01  4.64417842E+00  4.89281094E-01  4.15489732E-01
 -2.69848783E-01  1.00000000E+00  2.96717837E-01 -1.00918332E+00  5.17229766E-01  4.65071713E+00  4.89014160E-01  4.16170297E-01
 -2.61752348E-01  1.00000000E+00  2.96282157E-01 -1.00983470E+00  5.18209598E-01  4.65709398E+00  4.88681643E-01  4.16841234E-01
 -2.53655913E-01  1.00000000E+00  2.95846478E-01 -1.01048692E+00  5.19498161E-01  4.66347979E+00  4.88349654E-01  4.17513013E-01
 -2.46045323E-01  1.00000000E+00  2.95445267E-01 -1.01017594E+00  5.21107914E-01  4.67116958E+00  4.87464443E-01  4.18370514E-01
 -2.38434732E-01  1.00000000E+00  2.95044056E-01 -1.00986503E+00  5.22666926E-01  4.67887461E+00  4.86580639E-01  4.19229398E-01
 -2.31280830E-01  1.00000000E+00  2.94968104E-01 -1.01027065E+00  5.23976969E-01  4.68596379E+00  4.86079196E-01  4.19988459E-01
 -2.24126928E-01  1.00000000E+00  2.94892151E-01 -1.01067693E+00  5.25508031E-01  4.69306437E+00  4.85578459E-01  4.20748591E-01
 -2.17402314E-01  1.00000000E+00  2.95045758E-01 -1.01185491E+00  5.26831557E-01  4.70084981E+00  4.85342562E-01  4.21550724E-01
 -2.10677699E-01  1.00000000E+00  2.95199366E-01 -1.01303465E+00  5.28318752E-01  4.70864817E+00  4.85107477E-01  4.22354069E-01
 -2.04351753E-01  1.00000000E+00  2.95513043E-01 -1.01330180E+00  5.30305945E-01  4.71929765E+00  4.84202001E-01  4.23509565E-01
 -1.98025807E-01  1.00000000E+00  2.95826720E-01 -1.01356995E+00  5.32254902E-01  4.72997359E+00  4.83298382E-01  4.24667521E-01
 -1.91837501E-01  1.00000000E+00  2.96292320E-01 -1.01422234E+00  5.34338258E-01  4.74102536E+00  4.82548952E-01  4.25847641E-01
 -1.85649194E-01  1.00000000E+00  2.96757919E-01 -1.01487633E+00  5.36555738E-01  4.75210449E+00  4.81801134E-01  4.27030335E-01
 -1.79460888E-01  1.00000000E+00  2.97385854E-01 -1.01481375E+00  5.39315893E-01  4.76694463E+00  4.80376730E-01  4.28656790E-01
 -1.73272582E-01  1.00000000E+00  2.98013790E-01 -1.01475223E+00  5.42155362E-01  4.78183756E+00  4.78956369E-01  4.30288119E-01
 -1.67084275E-01  1.00000000E+00  2.99307995E-01 -1.01656268E+00  5.44628123E-01  4.79480513E+00  4.78534100E-01  4.31627103E-01
 -1.60895969E-01  1.00000000E+00  3.00602199E-01 -1.01837758E+00  5.47327988E-01  4.80780799E+00  4.78113890E-01  4.32969410E-01
 -1.54707662E-01  1.00000000E+00  3.01816758E-01 -1.01823843E+00  5.51002625E-01  4.82713291E+00  4.76269096E-01  4.35086382E-01
 -1.48519356E-01  1.00000000E+00  3.03031316E-01 -1.01810085E+00  5.54612515E-01  4.84654662E+00  4.74431051E-01  4.37211557E-01
 -1.42331049E-01  1.00000000E+00  3.04962033E-01 -1.02177026E+00  5.58890600E-01  4.86891180E+00  4.73988175E-01  4.39492362E-01
 -1.36142743E-01  1.00000000E+00  3.06892750E-01 -1.02545499E+00  5.63077925E-01  4.89137995E+00  4.73551461E-01  4.41782849E-01
 -1.29954436E-01  1.00000000E+00  3.09352632E-01 -1.02533957E+00  5.66200287E-01  4.90941670E+00  4.71889235E-01  4.43752747E-01
 -1.23766130E-01  1.00000000E+00  3.11812513E-01 -1.02522538E+00  5.70245165E-01  4.92752938E+00  4.70232505E-01  4.45729688E-01
 -1.17577823E-01  1.00000000E+00  3.15036546E-01 -1.02710556E+00  5.74292678E-01  4.95134497E+00  4.68922000E-01  4.48242297E-01
 -1.11389517E-01  1.00000000E+00  3.18260579E-01 -1.02899451E+00  5.79268126E-01  4.97528004E+00  4.67617974E-01  4.50766207E-01
 -1.05201210E-01  1.00000000E+00  3.22314646E-01 -1.03116243E+00  5.86504709E-01  5.01249545E+00  4.65288797E-01  4.54720665E-01
 -9.90129037E-02  1.00000000E+00  3.26368714E-01 -1.03334715E+00  5.93606025E-01  5.05000500E+00  4.62975971E-01  4.58702903E-01
 -9.28245972E-02  1.00000000E+00  3.31344223E-01 -1.03385764E+00  6.01858313E-01  5.08718423E+00  4.60026480E-01  4.62715775E-01
 -8.66362908E-02  1.00000000E+00  3.36319732E-01 -1.03437606E+00  6.09014634E-01  5.12466705E+00  4.57096214E-01  4.66757083E-01
 -8.04479843E-02  1.00000000E+00  3.44173712E-01 -1.04233651E+00  6.15857873E-01  5.16391883E+00  4.57155487E-01  4.70676334E-01
 -7.42596778E-02  1.00000000E+00  3.52027692E-01 -1.05035361E+00  6.23950653E-01  5.20347155E+00  4.57235093E-01  4.74623646E-01
 -6.80713713E-02  1.00000000E+00  3.60632320E-01 -1.04094728E+00  6.35661482E-01  5.25670927E+00  4.49113763E-01  4.80759550E-01
 -6.18830648E-02  1.00000000E+00  3.69236948E-01 -1.03150531E+00  6.45948770E-01  5.31078411E+00  4.41105484E-01  4.86967863E-01
 -5.56947583E-02  1.00000000E+00  3.80471491E-01 -1.10451715E+00  6.57070247E-01  5.39068782E+00  4.64088246E-01  4.92659957E-01
 -4.95064519E-02  1.00000000E+00  3.91706033E-01 -1.17927519E+00  6.57851004E-01  5.47479898E+00  4.88726357E-01  4.98607262E-01
 -4.33181454E-02  1.00000000E+00  4.38165945E-01 -1.05895258E+00  6.33057537E-01  5.22369119E+00  4.60004508E-01  4.76368668E-01
 -3.71298389E-02  1.00000000E+00  4.84625857E-01 -9.44699805E-01  6.23436089E-01  4.98866642E+00  4.35098291E-01  4.55356813E-01
 -3.09415324E-02  1.00000000E+00  4.44429146E-01 -8.19102911E-01  6.06083458E-01  4.86044128E+00  4.00003915E-01  4.46043736E-01
 -2.47532259E-02  1.00000000E+00  4.04232434E-01 -6.98162988E-01  5.69149187E-01  4.74510709E+00  3.70039965E-01  4.37506712E-01
 -1.85649194E-02  1.00000000E+00  7.72429306E-01 -1.36307899E+00  5.65061732E-01  5.74425184E+00  5.48310361E-01  5.19594147E-01
 -1.23766130E-02  1.00000000E+00  1.14062618E+00 -2.23503728E+00  6.89862443E-01  7.20817214E+00  8.75487589E-01  6.33268455E-01
 -6.18830648E-03  1.00000000E+00  6.88794195E-01  7.97117619E-01  1.90172074E+00  6.17810934E+00  3.19177272E-01  5.85893207E-01
  0.00000000E+00  1.00000000E+00  2.36962213E-01  6.08779184E+00  5.57321939E+00  1.31801009E+01  2.91494811E+00  1.02651527E+00
