# model=oldroyd  theta_MLE: lambda=0.39576, beta=0.242169, eta_0=0.5
# delta(x) = y_clean(x) - y_model(x; theta_MLE)   (x from curve4_x.txt)
# columns: x  delta
5.000000000000000000e+00 4.755435404790731013e-06
4.950333040000000295e+00 4.717408918386567507e-06
4.900666089999999642e+00 4.685611502797115691e-06
4.850999129999999937e+00 4.665700746642187369e-06
4.801332180000000172e+00 4.640540264055914577e-06
4.751665219999999579e+00 4.626258884643519309e-06
4.701998269999999813e+00 4.615925060180714468e-06
4.652331310000000109e+00 4.614814556491708686e-06
4.602664360000000343e+00 4.614108261691285406e-06
4.552997399999999750e+00 4.617107112414586823e-06
4.503330449999999985e+00 4.628220823477136037e-06
4.453663490000000280e+00 4.636416323533509853e-06
4.403996539999999627e+00 4.653443809843338386e-06
4.354329579999999922e+00 4.677064564084787435e-06
4.304662630000000156e+00 4.698195906316371406e-06
4.254995669999999564e+00 4.722382526578527973e-06
4.205328709999999859e+00 4.753870908702495512e-06
4.155661760000000093e+00 4.790559738010458091e-06
4.105994800000000389e+00 4.827545124763688023e-06
4.056327849999999735e+00 4.863504524665884787e-06
4.006660890000000030e+00 4.909628023019863008e-06
3.956993939999999821e+00 4.951625371507617501e-06
3.907326980000000116e+00 5.000881512673416296e-06
3.857660029999999907e+00 5.052737536592744050e-06
3.807993070000000202e+00 5.103479556733958589e-06
3.758326119999999992e+00 5.159443455582390925e-06
3.708659159999999844e+00 5.212393960007943861e-06
3.658992210000000078e+00 5.253413340344792459e-06
3.609325249999999929e+00 5.308947909954397915e-06
3.559658300000000164e+00 5.346517786941618056e-06
3.509991340000000015e+00 5.389425667967628897e-06
3.460324389999999806e+00 5.422562026291544157e-06
3.410657430000000101e+00 5.449469247853500065e-06
3.360990469999999952e+00 5.473345505491167273e-06
3.311323520000000187e+00 5.489618706944199289e-06
3.261656560000000038e+00 5.495491778084726775e-06
3.211989609999999828e+00 5.484641577124804712e-06
3.162322650000000124e+00 5.470286269737556495e-06
3.112655699999999914e+00 5.421689513784855308e-06
3.062988740000000210e+00 5.364569923393958106e-06
3.013321790000000000e+00 5.289421508125613514e-06
2.963654829999999851e+00 5.202223899880564773e-06
2.913987880000000086e+00 5.081028073838922410e-06
2.864320919999999937e+00 4.942584850509135208e-06
2.814653970000000172e+00 4.792213426085822903e-06
2.764987010000000023e+00 4.605289294801195865e-06
2.715320059999999813e+00 4.387104959757692768e-06
2.665653100000000109e+00 4.144212552459336507e-06
2.615986139999999960e+00 3.870540068451333582e-06
2.566319190000000194e+00 3.566377634323103507e-06
2.516652230000000046e+00 3.221703313016632819e-06
2.466985279999999836e+00 2.853934128799195946e-06
2.417318320000000131e+00 2.451645821022196969e-06
2.367651369999999922e+00 2.042874959640172960e-06
2.317984410000000217e+00 1.587396865510015687e-06
2.268317460000000008e+00 1.104851296007680617e-06
2.218650499999999859e+00 6.071087330639102220e-07
2.168983550000000093e+00 6.816484732219407761e-08
2.119316589999999945e+00 -4.793608210373889733e-07
2.069649640000000179e+00 -1.055655695081370027e-06
2.019982680000000030e+00 -1.660547540804913069e-06
1.970315730000000043e+00 -2.247958816870010423e-06
1.920648769999999894e+00 -2.873429692185069939e-06
1.870981809999999967e+00 -3.511300860070676322e-06
1.821314859999999980e+00 -4.138042993595547614e-06
1.771647900000000053e+00 -4.762060957341773815e-06
1.721980950000000066e+00 -5.383171952200171972e-06
1.672313989999999917e+00 -6.061495254838789037e-06
1.622647039999999929e+00 -6.700144695725995803e-06
1.572980080000000003e+00 -7.332369926338344612e-06
1.523313130000000015e+00 -7.893068601605435219e-06
1.473646170000000089e+00 -8.438370080909862736e-06
1.423979220000000101e+00 -8.903967800399925636e-06
1.374312259999999952e+00 -9.437442542337137752e-06
1.324645309999999965e+00 -9.847500679560639014e-06
1.274978350000000038e+00 -1.017579935891355092e-05
1.225311400000000051e+00 -1.045316410319685474e-05
1.175644439999999902e+00 -1.069174227774638553e-05
1.125977479999999975e+00 -1.093967370269233186e-05
1.076310529999999988e+00 -1.093230259541222438e-05
1.026643570000000061e+00 -1.123213265685762963e-05
9.769766189999999906e-01 -1.104042514299408140e-05
9.273096640000000335e-01 -1.153640213868989406e-05
8.776427079999999936e-01 -1.178374377297508602e-05
8.279757530000000365e-01 -1.151816599920252315e-05
7.786002389999999718e-01 -1.171687011658484323e-05
7.317317880000000496e-01 -1.158280359891961098e-05
6.876846269999999928e-01 -1.253156980784986274e-05
6.462889219999999879e-01 -1.283023455589393791e-05
6.073850619999999756e-01 -1.380668141326424347e-05
5.708230460000000006e-01 -1.464258504535465022e-05
5.364619149999999559e-01 -1.482152411491632904e-05
5.041691750000000249e-01 -1.470542486714521146e-05
4.738203240000000149e-01 -1.555229213834330437e-05
4.452983460000000115e-01 -1.661085442505871868e-05
4.184932690000000011e-01 -1.594184393338693440e-05
3.933017460000000076e-01 -1.557985788291915696e-05
3.696266380000000074e-01 -1.522682110244311104e-05
3.473766770000000226e-01 -1.470694857585996829e-05
3.264660690000000254e-01 -1.349151710750007283e-05
3.068141939999999845e-01 -1.094808646140421615e-05
2.883452770000000109e-01 -9.823777224804430830e-06
2.709881089999999770e-01 -8.298024852360086356e-06
2.546757709999999952e-01 -5.213088613231775525e-06
2.393453670000000033e-01 -3.739234677890834746e-06
2.249377889999999991e-01 -3.910541148677282308e-07
2.113974849999999961e-01 3.997772530128784751e-06
1.986678209999999944e-01 6.772979962876846116e-06
1.862510820000000122e-01 1.062522381212183120e-05
1.738343440000000018e-01 1.430154793391480439e-05
1.614176049999999918e-01 1.895525474537862465e-05
1.490008660000000096e-01 2.498366915437699731e-05
1.365841269999999996e-01 3.068464091793288162e-05
1.241673880000000035e-01 3.759921700630108887e-05
1.117506489999999936e-01 4.413893915011790625e-05
9.933391060000000550e-02 5.008584338650479140e-05
8.691717179999999821e-02 5.582820048122272283e-05
7.450043300000000479e-02 6.396253464280299283e-05
6.208369419999999750e-02 7.019711885791757311e-05
4.966695530000000275e-02 7.046468750226964062e-05
3.725021650000000240e-02 7.220524892237456527e-05
2.483347769999999857e-02 6.643996798683104998e-05
1.241673880000000035e-02 2.875117246081693168e-05
0.000000000000000000e+00 0.000000000000000000e+00
