# curve 5 (die wall), step =     2000, time =   4.00000000E+02
# N1 = tau_xx - tau_yy = G ( c_xx - c_yy ),  G =  8.5714E-02  (polymer part only)
#              x               y        pressure            c_xy        gammadot            c_xx            c_yy              N1
 -3.00000000E+00  1.00000000E+00  3.02958934E+00 -2.80265457E+00  4.00205995E-01  1.67101368E+01  9.99855798E-01  1.34659551E+00
 -2.95108291E+00  1.00000000E+00  2.99022344E+00 -2.80330417E+00  4.00140051E-01  1.67141136E+01  1.00000509E+00  1.34692359E+00
 -2.90216582E+00  1.00000000E+00  2.95085753E+00 -2.80395392E+00  4.00167032E-01  1.67180914E+01  1.00015441E+00  1.34725174E+00
 -2.85324873E+00  1.00000000E+00  2.91115359E+00 -2.80111455E+00  4.00003039E-01  1.67054925E+01  9.99571073E-01  1.34622183E+00
 -2.80433164E+00  1.00000000E+00  2.87144965E+00 -2.79827759E+00  3.99979207E-01  1.66929032E+01  9.98988323E-01  1.34519271E+00
 -2.75541455E+00  1.00000000E+00  2.83246169E+00 -2.79962765E+00  4.00232279E-01  1.66927861E+01  9.99370071E-01  1.34514994E+00
 -2.70649746E+00  1.00000000E+00  2.79347374E+00 -2.80097771E+00  4.00240056E-01  1.66926695E+01  9.99752015E-01  1.34510721E+00
 -2.65758037E+00  1.00000000E+00  2.75437597E+00 -2.80234213E+00  4.00293286E-01  1.66988260E+01  1.00006108E+00  1.34560842E+00
 -2.60866328E+00  1.00000000E+00  2.71527820E+00 -2.80370712E+00  4.00181727E-01  1.67049848E+01  1.00037028E+00  1.34610982E+00
 -2.55974619E+00  1.00000000E+00  2.67642865E+00 -2.80362188E+00  4.00077794E-01  1.67088253E+01  1.00032783E+00  1.34644264E+00
 -2.51082911E+00  1.00000000E+00  2.63757909E+00 -2.80353650E+00  4.00177316E-01  1.67126668E+01  1.00028539E+00  1.34677555E+00
 -2.46191202E+00  1.00000000E+00  2.59791215E+00 -2.80193796E+00  4.00069662E-01  1.67056450E+01  9.99896335E-01  1.34620703E+00
 -2.41299493E+00  1.00000000E+00  2.55824520E+00 -2.80034020E+00  4.00033017E-01  1.66986263E+01  9.99507481E-01  1.34563875E+00
 -2.36407784E+00  1.00000000E+00  2.51950304E+00 -2.80186116E+00  4.00044632E-01  1.66992795E+01  1.00007442E+00  1.34564615E+00
 -2.31516075E+00  1.00000000E+00  2.48076088E+00 -2.80338242E+00  3.99959565E-01  1.66999332E+01  1.00064168E+00  1.34565356E+00
 -2.26624366E+00  1.00000000E+00  2.44153331E+00 -2.80224372E+00  3.99907022E-01  1.67052269E+01  1.00009512E+00  1.34615415E+00
 -2.21732657E+00  1.00000000E+00  2.40230574E+00 -2.80110458E+00  3.99983854E-01  1.67105233E+01  9.99548789E-01  1.34665496E+00
 -2.16840948E+00  1.00000000E+00  2.36288246E+00 -2.80186838E+00  3.99991116E-01  1.67065005E+01  9.99849720E-01  1.34628435E+00
 -2.11949239E+00  1.00000000E+00  2.32345918E+00 -2.80263183E+00  3.99954854E-01  1.67024792E+01  1.00015073E+00  1.34591387E+00
 -2.07057530E+00  1.00000000E+00  2.28489033E+00 -2.80387796E+00  4.00049324E-01  1.67145859E+01  1.00031931E+00  1.34693713E+00
 -2.02165821E+00  1.00000000E+00  2.24632148E+00 -2.80512467E+00  4.00014223E-01  1.67267015E+01  1.00048792E+00  1.34796116E+00
 -1.97274112E+00  1.00000000E+00  2.20647536E+00 -2.80224555E+00  3.99889967E-01  1.67177048E+01  9.99688766E-01  1.34725852E+00
 -1.92382403E+00  1.00000000E+00  2.16662924E+00 -2.79936856E+00  3.99919011E-01  1.67087135E+01  9.98890394E-01  1.34655627E+00
 -1.87490694E+00  1.00000000E+00  2.12761145E+00 -2.80188073E+00  4.00029914E-01  1.67036151E+01  9.99891778E-01  1.34603342E+00
 -1.82598985E+00  1.00000000E+00  2.08859367E+00 -2.80439227E+00  3.99956572E-01  1.66985215E+01  1.00089406E+00  1.34551092E+00
 -1.77707276E+00  1.00000000E+00  2.04969575E+00 -2.80603969E+00  3.99946068E-01  1.67088535E+01  1.00121727E+00  1.34636882E+00
 -1.72815567E+00  1.00000000E+00  2.01079783E+00 -2.80768809E+00  3.99767935E-01  1.67191918E+01  1.00154063E+00  1.34722725E+00
 -1.67923858E+00  1.00000000E+00  1.97163052E+00 -2.80575018E+00  3.99476803E-01  1.67137455E+01  1.00111518E+00  1.34679688E+00
 -1.63032150E+00  1.00000000E+00  1.93246322E+00 -2.80381306E+00  3.99485050E-01  1.67083013E+01  1.00069006E+00  1.34636667E+00
 -1.58140441E+00  1.00000000E+00  1.89301294E+00 -2.80276309E+00  3.99222871E-01  1.66888359E+01  1.00101052E+00  1.34467074E+00
 -1.53248732E+00  1.00000000E+00  1.85356266E+00 -2.80171346E+00  3.99084696E-01  1.66693943E+01  1.00133100E+00  1.34297685E+00
 -1.48357023E+00  1.00000000E+00  1.81423601E+00 -2.79758721E+00  3.99025362E-01  1.66595182E+01  9.99987112E-01  1.34224552E+00
 -1.43465314E+00  1.00000000E+00  1.77490936E+00 -2.79346502E+00  3.99144554E-01  1.66496499E+01  9.98645143E-01  1.34151470E+00
 -1.38573605E+00  1.00000000E+00  1.73550821E+00 -2.79238942E+00  3.98888280E-01  1.66209869E+01  9.99336372E-01  1.33899862E+00
 -1.33681896E+00  1.00000000E+00  1.69610706E+00 -2.79131379E+00  3.98559306E-01  1.65923766E+01  1.00002779E+00  1.33648704E+00
 -1.28790187E+00  1.00000000E+00  1.65675216E+00 -2.79071958E+00  3.97994765E-01  1.65617806E+01  1.00077128E+00  1.33380080E+00
 -1.23898478E+00  1.00000000E+00  1.61739727E+00 -2.79012348E+00  3.97371042E-01  1.65312464E+01  1.00151473E+00  1.33111986E+00
 -1.19006769E+00  1.00000000E+00  1.57897815E+00 -2.78695172E+00  3.96548512E-01  1.64986812E+01  1.00160220E+00  1.32832106E+00
 -1.14115060E+00  1.00000000E+00  1.54055904E+00 -2.78378442E+00  3.95736355E-01  1.64661812E+01  1.00169003E+00  1.32552782E+00
 -1.09223351E+00  1.00000000E+00  1.50052507E+00 -2.77637036E+00  3.95015681E-01  1.64036416E+01  1.00113810E+00  1.32021459E+00
 -1.04331642E+00  1.00000000E+00  1.46049111E+00 -2.76897866E+00  3.94274595E-01  1.63413411E+01  1.00058811E+00  1.31492169E+00
 -9.94399333E-01  1.00000000E+00  1.42236029E+00 -2.76635167E+00  3.93125830E-01  1.62623889E+01  1.00220003E+00  1.30801619E+00
 -9.45482243E-01  1.00000000E+00  1.38422948E+00 -2.76371851E+00  3.91789139E-01  1.61838475E+01  1.00381134E+00  1.30114596E+00
 -8.96565154E-01  1.00000000E+00  1.34596313E+00 -2.75466571E+00  3.90107103E-01  1.60975375E+01  1.00376029E+00  1.29375234E+00
 -8.47648064E-01  1.00000000E+00  1.30769677E+00 -2.74564863E+00  3.88661399E-01  1.60116938E+01  1.00371216E+00  1.28639843E+00
 -7.99501858E-01  1.00000000E+00  1.27151652E+00 -2.73498690E+00  3.86232056E-01  1.58801039E+01  1.00433809E+00  1.27506564E+00
 -7.51355652E-01  1.00000000E+00  1.23533626E+00 -2.72437226E+00  3.84609486E-01  1.57496275E+01  1.00496434E+00  1.26382827E+00
 -7.08111109E-01  1.00000000E+00  1.20331232E+00 -2.70427998E+00  3.82349176E-01  1.55857665E+01  1.00311439E+00  1.24994161E+00
 -6.64866566E-01  1.00000000E+00  1.17128837E+00 -2.68435366E+00  3.80955915E-01  1.54236217E+01  1.00127882E+00  1.23620082E+00
 -6.26599939E-01  1.00000000E+00  1.14422406E+00 -2.67348499E+00  3.79779209E-01  1.53014247E+01  1.00133500E+00  1.22572197E+00
 -5.88333313E-01  1.00000000E+00  1.11715974E+00 -2.66266570E+00  3.78453661E-01  1.51802205E+01  1.00139148E+00  1.21532820E+00
 -5.54471587E-01  1.00000000E+00  1.09510294E+00 -2.65421097E+00  3.77497575E-01  1.50960437E+01  1.00116985E+00  1.20813204E+00
 -5.20609860E-01  1.00000000E+00  1.07304613E+00 -2.64578736E+00  3.76343063E-01  1.50123422E+01  1.00094948E+00  1.20097652E+00
 -4.90645977E-01  1.00000000E+00  1.05522393E+00 -2.63774744E+00  3.74848069E-01  1.49135354E+01  1.00123935E+00  1.19248252E+00
 -4.60682095E-01  1.00000000E+00  1.03740172E+00 -2.62973335E+00  3.73961005E-01  1.48154002E+01  1.00152840E+00  1.18404616E+00
 -4.34167380E-01  1.00000000E+00  1.02331504E+00 -2.62195352E+00  3.73880527E-01  1.47739590E+01  9.99992191E-01  1.18062573E+00
 -4.07652666E-01  1.00000000E+00  1.00922835E+00 -2.61419577E+00  3.73543609E-01  1.47326340E+01  9.98460194E-01  1.17721490E+00
 -3.84190072E-01  1.00000000E+00  9.98143172E-01 -2.61050874E+00  3.73221620E-01  1.46891673E+01  9.98355231E-01  1.17349818E+00
 -3.60727478E-01  1.00000000E+00  9.87057993E-01 -2.60682673E+00  3.73337513E-01  1.46458330E+01  9.98249984E-01  1.16979283E+00
 -3.39965684E-01  1.00000000E+00  9.79895664E-01 -2.60907838E+00  3.73807687E-01  1.46529784E+01  9.98580343E-01  1.17037698E+00
 -3.19203889E-01  1.00000000E+00  9.72733336E-01 -2.61133117E+00  3.74083057E-01  1.46601279E+01  9.98911207E-01  1.17096143E+00
 -3.00831998E-01  1.00000000E+00  9.68658823E-01 -2.61827658E+00  3.74162731E-01  1.46876437E+01  1.00071590E+00  1.17316524E+00
 -2.82460107E-01  1.00000000E+00  9.64584311E-01 -2.62523749E+00  3.74200203E-01  1.47152129E+01  1.00252500E+00  1.17537325E+00
 -2.66203017E-01  1.00000000E+00  9.61853498E-01 -2.62483323E+00  3.74835596E-01  1.47608418E+01  1.00067321E+00  1.17944303E+00
 -2.49945927E-01  1.00000000E+00  9.59122684E-01 -2.62442054E+00  3.75538004E-01  1.48066327E+01  9.98822570E-01  1.18352658E+00
 -2.35560203E-01  1.00000000E+00  9.59875900E-01 -2.63645397E+00  3.75906744E-01  1.48569440E+01  1.00162369E+00  1.18759889E+00
 -2.21174479E-01  1.00000000E+00  9.60629116E-01 -2.64853406E+00  3.76198258E-01  1.49074308E+01  1.00443702E+00  1.19168518E+00
 -2.08421419E-01  1.00000000E+00  9.62606778E-01 -2.65917005E+00  3.76645136E-01  1.49578800E+01  1.00667975E+00  1.19581716E+00
 -1.95668358E-01  1.00000000E+00  9.64584440E-01 -2.66984463E+00  3.76725804E-01  1.50085016E+01  1.00893109E+00  1.19996319E+00
 -1.83439085E-01  1.00000000E+00  9.69578346E-01 -2.67461664E+00  3.76703861E-01  1.50427448E+01  1.00993778E+00  1.20281203E+00
 -1.71209813E-01  1.00000000E+00  9.74572251E-01 -2.67939754E+00  3.75195969E-01  1.50770665E+01  1.01094566E+00  1.20566750E+00
 -1.58980541E-01  1.00000000E+00  9.76878824E-01 -2.66367724E+00  3.70729236E-01  1.48121148E+01  1.01586369E+00  1.18253581E+00
 -1.46751268E-01  1.00000000E+00  9.79185396E-01 -2.64805707E+00  3.64623907E-01  1.45520592E+01  1.02079280E+00  1.15982284E+00
 -1.34521996E-01  1.00000000E+00  9.95936124E-01 -2.64082592E+00  3.56667308E-01  1.39560218E+01  1.04403711E+00  1.10674155E+00
 -1.22292724E-01  1.00000000E+00  1.01268685E+00 -2.63289075E+00  3.37557199E-01  1.33871769E+01  1.06748960E+00  1.05597320E+00
 -1.10063451E-01  1.00000000E+00  1.05422146E+00 -2.50602937E+00  2.90874391E-01  1.12380126E+01  1.12902100E+00  8.66484995E-01
 -9.78341789E-02  1.00000000E+00  1.09575606E+00 -2.38666585E+00  2.49874461E-01  9.45694304E+00  1.19235186E+00  7.08393529E-01
 -8.56049065E-02  1.00000000E+00  1.23365505E+00 -1.90141567E+00  2.07596085E-01  7.41136444E+00  1.09679875E+00  5.41248488E-01
 -7.33756342E-02  1.00000000E+00  1.37155404E+00 -1.51470202E+00  1.62435811E-01  5.80767579E+00  1.02366263E+00  4.10058271E-01
 -6.11463618E-02  1.00000000E+00  1.63662415E+00 -1.06550740E+00  1.10592252E-01  2.48039642E+00  1.31199372E+00  1.00148802E-01
 -4.89170895E-02  1.00000000E+00  1.90169426E+00 -8.48898852E-01  8.70403805E-02  1.10600435E+00  1.76355534E+00 -5.63615133E-02
 -3.66878171E-02  1.00000000E+00  2.89847912E+00 -1.10117935E+00  2.26232906E-01  1.56145779E+00  1.50238054E+00  5.06376506E-03
 -2.44585447E-02  1.00000000E+00  3.89526399E+00 -1.40822826E+00  3.18124324E-01  2.19005278E+00  1.38235640E+00  6.92311176E-02
 -1.22292724E-02  1.00000000E+00  1.76208013E+00  1.30796583E+00  1.23326829E+00  2.29564469E+00  2.41522673E+00 -1.02498892E-02
  0.00000000E+00  1.00000000E+00 -3.71103728E-01  2.01414015E+01  9.48865251E+00  1.75321284E+01  2.39417415E+01 -5.49395414E-01
