# model=oldroyd  theta_MLE: lambda=0.591282, beta=0.826964, eta_0=0.846025
# delta(x) = y_clean(x) - y_model(x; theta_MLE)   (x from curve4_x.txt)
# columns: x  delta
5.000000000000000000e+00 -6.787858129353452341e-06
4.950333040000000295e+00 -6.771032834196333283e-06
4.900666089999999642e+00 -6.763880802562738381e-06
4.850999129999999937e+00 -6.751166844010114687e-06
4.801332180000000172e+00 -6.749443412834565947e-06
4.751665219999999579e+00 -6.732152604271846030e-06
4.701998269999999813e+00 -6.714801046525664674e-06
4.652331310000000109e+00 -6.702125129987024366e-06
4.602664360000000343e+00 -6.684537177559235488e-06
4.552997399999999750e+00 -6.664775528797406423e-06
4.503330449999999985e+00 -6.641119097317016440e-06
4.453663490000000280e+00 -6.614854270337033881e-06
4.403996539999999627e+00 -6.594069431153926075e-06
4.354329579999999922e+00 -6.566960467191407247e-06
4.304662630000000156e+00 -6.530149135874907529e-06
4.254995669999999564e+00 -6.501811804060508848e-06
4.205328709999999859e+00 -6.461098052579217210e-06
4.155661760000000093e+00 -6.420744822044355260e-06
4.105994800000000389e+00 -6.371969651697284576e-06
4.056327849999999735e+00 -6.328186007209524178e-06
4.006660890000000030e+00 -6.282338342433746448e-06
3.956993939999999821e+00 -6.231650682808620445e-06
3.907326980000000116e+00 -6.184427946864801129e-06
3.857660029999999907e+00 -6.127901229113774662e-06
3.807993070000000202e+00 -6.065732957694081051e-06
3.758326119999999992e+00 -6.019175247118369043e-06
3.708659159999999844e+00 -5.960862022869051202e-06
3.658992210000000078e+00 -5.897508906116399885e-06
3.609325249999999929e+00 -5.847473564468685936e-06
3.559658300000000164e+00 -5.785958589576978284e-06
3.509991340000000015e+00 -5.728208437361104188e-06
3.460324389999999806e+00 -5.670737502683209641e-06
3.410657430000000101e+00 -5.616328308866158636e-06
3.360990469999999952e+00 -5.576026079534557311e-06
3.311323520000000187e+00 -5.529477365318058446e-06
3.261656560000000038e+00 -5.488234029238370226e-06
3.211989609999999828e+00 -5.455282361177538064e-06
3.162322650000000124e+00 -5.421219778423136404e-06
3.112655699999999914e+00 -5.395457142620685431e-06
3.062988740000000210e+00 -5.377015778407212565e-06
3.013321790000000000e+00 -5.364310774025327078e-06
2.963654829999999851e+00 -5.361733673048263427e-06
2.913987880000000086e+00 -5.369495468698914920e-06
2.864320919999999937e+00 -5.370917974589772825e-06
2.814653970000000172e+00 -5.381928251058099022e-06
2.764987010000000023e+00 -5.394438094219466961e-06
2.715320059999999813e+00 -5.402273024479598007e-06
2.665653100000000109e+00 -5.412527235515440793e-06
2.615986139999999960e+00 -5.414527585845263502e-06
2.566319190000000194e+00 -5.409735664541059919e-06
2.516652230000000046e+00 -5.380375402097570259e-06
2.466985279999999836e+00 -5.321917828204902889e-06
2.417318320000000131e+00 -5.234211449378634029e-06
2.367651369999999922e+00 -5.113913541521242223e-06
2.317984410000000217e+00 -4.930671005709541532e-06
2.268317460000000008e+00 -4.687454300711380029e-06
2.218650499999999859e+00 -4.373861666850942242e-06
2.168983550000000093e+00 -3.952621749236939763e-06
2.119316589999999945e+00 -3.441840874973678410e-06
2.069649640000000179e+00 -2.798126667258316047e-06
2.019982680000000030e+00 -2.011657419531687196e-06
1.970315730000000043e+00 -1.071615547187931838e-06
1.920648769999999894e+00 4.268634756776634731e-08
1.870981809999999967e+00 1.349824280350020445e-06
1.821314859999999980e+00 2.886811760749452560e-06
1.771647900000000053e+00 4.618244757059741801e-06
1.721980950000000066e+00 6.588653558958768031e-06
1.672313989999999917e+00 8.842317603674487714e-06
1.622647039999999929e+00 1.131656508857048493e-05
1.572980080000000003e+00 1.406024936989602736e-05
1.523313130000000015e+00 1.707720990329342214e-05
1.473646170000000089e+00 2.025274687200706580e-05
1.423979220000000101e+00 2.361199407019398677e-05
1.374312259999999952e+00 2.718750279373516321e-05
1.324645309999999965e+00 3.080224632956429787e-05
1.274978350000000038e+00 3.450040161689926776e-05
1.225311400000000051e+00 3.819696376683445749e-05
1.175644439999999902e+00 4.169067438009044224e-05
1.125977479999999975e+00 4.498678389031063318e-05
1.076310529999999988e+00 4.800199077514832879e-05
1.026643570000000061e+00 5.049406070511963662e-05
9.769766189999999906e-01 5.176187543565191618e-05
9.273096640000000335e-01 5.283951002055253809e-05
8.776427079999999936e-01 5.249067978940757939e-05
8.279757530000000365e-01 5.060532097056480438e-05
7.786002389999999718e-01 4.747706788221783825e-05
7.317317880000000496e-01 4.283825031814458839e-05
6.876846269999999928e-01 3.728411858916480526e-05
6.462889219999999879e-01 3.008612559018963850e-05
6.073850619999999756e-01 2.236333790950340017e-05
5.708230460000000006e-01 1.366556900284088272e-05
5.364619149999999559e-01 5.049079164320957602e-06
5.041691750000000249e-01 -4.894554660905825472e-06
4.738203240000000149e-01 -1.378444598887362815e-05
4.452983460000000115e-01 -2.248348014632917113e-05
4.184932690000000011e-01 -3.116412766401843726e-05
3.933017460000000076e-01 -3.908415566744594116e-05
3.696266380000000074e-01 -4.612504831724706378e-05
3.473766770000000226e-01 -5.241121061172471229e-05
3.264660690000000254e-01 -5.795344114090106302e-05
3.068141939999999845e-01 -6.230688554209606878e-05
2.883452770000000109e-01 -6.658893585331782106e-05
2.709881089999999770e-01 -6.830250625555756017e-05
2.546757709999999952e-01 -6.976664418778533161e-05
2.393453670000000033e-01 -7.056086139245465461e-05
2.249377889999999991e-01 -6.892954387582861386e-05
2.113974849999999961e-01 -6.846082227163208245e-05
1.986678209999999944e-01 -6.673002197898902921e-05
1.862510820000000122e-01 -6.284241973664173031e-05
1.738343440000000018e-01 -5.868550181831189150e-05
1.614176049999999918e-01 -5.354236540644485842e-05
1.490008660000000096e-01 -4.673587130099576825e-05
1.365841269999999996e-01 -4.063432980183634413e-05
1.241673880000000035e-01 -3.012781751743354164e-05
1.117506489999999936e-01 -2.170083268016043121e-05
9.933391060000000550e-02 -8.539853254552198791e-06
8.691717179999999821e-02 1.442373523286022419e-06
7.450043300000000479e-02 1.878506063324181241e-05
6.208369419999999750e-02 3.071151155187301640e-05
4.966695530000000275e-02 4.487589528712199183e-05
3.725021650000000240e-02 5.723016531389291117e-05
2.483347769999999857e-02 6.252184287891537906e-05
1.241673880000000035e-02 3.074056101004529751e-05
0.000000000000000000e+00 0.000000000000000000e+00
