# curve 5 (die wall), step =      100, time =   4.00000000E+01
# N1 = tau_xx - tau_yy = G ( c_xx - c_yy ),  G =  1.4286E-02  (polymer part only)
#              x               y        pressure            c_xy        gammadot            c_xx            c_yy              N1
 -3.00000000E+00  1.00000000E+00  2.44377454E+00 -9.21932915E-01  4.03117084E-01  3.45434128E+00  5.94277065E-01  4.08580602E-02
 -2.97524677E+00  1.00000000E+00  2.42516436E+00 -9.21901256E-01  4.03118878E-01  3.45422089E+00  5.94279442E-01  4.08563063E-02
 -2.95049355E+00  1.00000000E+00  2.40655418E+00 -9.21869599E-01  4.03120088E-01  3.45410050E+00  5.94281820E-01  4.08545525E-02
 -2.92574032E+00  1.00000000E+00  2.38794092E+00 -9.21891396E-01  4.03120412E-01  3.45421473E+00  5.94275998E-01  4.08562675E-02
 -2.90098710E+00  1.00000000E+00  2.36932766E+00 -9.21913195E-01  4.03120003E-01  3.45432896E+00  5.94270176E-01  4.08579826E-02
 -2.87623387E+00  1.00000000E+00  2.35071288E+00 -9.21959555E-01  4.03119537E-01  3.45461796E+00  5.94251049E-01  4.08623845E-02
 -2.85148064E+00  1.00000000E+00  2.33209810E+00 -9.22005918E-01  4.03118949E-01  3.45490699E+00  5.94231923E-01  4.08667866E-02
 -2.82672742E+00  1.00000000E+00  2.31348528E+00 -9.21939341E-01  4.03119429E-01  3.45457692E+00  5.94247534E-01  4.08618483E-02
 -2.80197419E+00  1.00000000E+00  2.29487245E+00 -9.21872768E-01  4.03119578E-01  3.45424688E+00  5.94263148E-01  4.08569104E-02
 -2.77722097E+00  1.00000000E+00  2.27625859E+00 -9.21897527E-01  4.03120082E-01  3.45424034E+00  5.94275232E-01  4.08566444E-02
 -2.75246774E+00  1.00000000E+00  2.25764473E+00 -9.21922286E-01  4.03120412E-01  3.45423380E+00  5.94287316E-01  4.08563784E-02
 -2.72771451E+00  1.00000000E+00  2.23903206E+00 -9.21906855E-01  4.03120071E-01  3.45424202E+00  5.94279391E-01  4.08566090E-02
 -2.70296129E+00  1.00000000E+00  2.22041938E+00 -9.21891424E-01  4.03119249E-01  3.45425024E+00  5.94271466E-01  4.08568396E-02
 -2.67820806E+00  1.00000000E+00  2.20180579E+00 -9.21910226E-01  4.03119050E-01  3.45426872E+00  5.94277155E-01  4.08570223E-02
 -2.65345484E+00  1.00000000E+00  2.18319219E+00 -9.21929029E-01  4.03119148E-01  3.45428720E+00  5.94282844E-01  4.08572051E-02
 -2.62870161E+00  1.00000000E+00  2.16457907E+00 -9.21927672E-01  4.03119417E-01  3.45426342E+00  5.94285541E-01  4.08568269E-02
 -2.60394839E+00  1.00000000E+00  2.14596594E+00 -9.21926316E-01  4.03119715E-01  3.45423964E+00  5.94288238E-01  4.08564487E-02
 -2.57919516E+00  1.00000000E+00  2.12735290E+00 -9.21906258E-01  4.03119521E-01  3.45421667E+00  5.94282483E-01  4.08562027E-02
 -2.55444193E+00  1.00000000E+00  2.10873985E+00 -9.21886199E-01  4.03119072E-01  3.45419370E+00  5.94276728E-01  4.08559567E-02
 -2.52968871E+00  1.00000000E+00  2.09012519E+00 -9.21923537E-01  4.03118630E-01  3.45440870E+00  5.94264125E-01  4.08592082E-02
 -2.50493548E+00  1.00000000E+00  2.07151052E+00 -9.21960877E-01  4.03117779E-01  3.45462371E+00  5.94251524E-01  4.08624598E-02
 -2.48018226E+00  1.00000000E+00  2.05289767E+00 -9.21917291E-01  4.03118152E-01  3.45438283E+00  5.94264797E-01  4.08588290E-02
 -2.45542903E+00  1.00000000E+00  2.03428482E+00 -9.21873709E-01  4.03118545E-01  3.45414195E+00  5.94278072E-01  4.08551983E-02
 -2.43067580E+00  1.00000000E+00  2.01567184E+00 -9.21882085E-01  4.03118878E-01  3.45412296E+00  5.94284521E-01  4.08548348E-02
 -2.40592258E+00  1.00000000E+00  1.99705887E+00 -9.21890461E-01  4.03119101E-01  3.45410396E+00  5.94290969E-01  4.08544713E-02
 -2.38116935E+00  1.00000000E+00  1.97844565E+00 -9.21873125E-01  4.03118486E-01  3.45408379E+00  5.94286138E-01  4.08542522E-02
 -2.35641613E+00  1.00000000E+00  1.95983242E+00 -9.21855790E-01  4.03117331E-01  3.45406362E+00  5.94281308E-01  4.08540330E-02
 -2.33166290E+00  1.00000000E+00  1.94121868E+00 -9.21880122E-01  4.03116777E-01  3.45415131E+00  5.94280120E-01  4.08553027E-02
 -2.30690967E+00  1.00000000E+00  1.92260495E+00 -9.21904454E-01  4.03116058E-01  3.45423900E+00  5.94278933E-01  4.08565724E-02
 -2.28215645E+00  1.00000000E+00  1.90399181E+00 -9.21915701E-01  4.03115627E-01  3.45424598E+00  5.94282863E-01  4.08566159E-02
 -2.25740322E+00  1.00000000E+00  1.88537868E+00 -9.21926949E-01  4.03115533E-01  3.45425295E+00  5.94286792E-01  4.08566594E-02
 -2.23265000E+00  1.00000000E+00  1.86676448E+00 -9.21938140E-01  4.03114708E-01  3.45440261E+00  5.94271466E-01  4.08590163E-02
 -2.20789677E+00  1.00000000E+00  1.84815028E+00 -9.21949331E-01  4.03113249E-01  3.45455227E+00  5.94256140E-01  4.08613733E-02
 -2.18314354E+00  1.00000000E+00  1.82953747E+00 -9.21912258E-01  4.03112751E-01  3.45431363E+00  5.94272342E-01  4.08577326E-02
 -2.15839032E+00  1.00000000E+00  1.81092466E+00 -9.21875188E-01  4.03112203E-01  3.45407500E+00  5.94288545E-01  4.08540922E-02
 -2.13363709E+00  1.00000000E+00  1.79231241E+00 -9.21882261E-01  4.03111557E-01  3.45407870E+00  5.94291239E-01  4.08541066E-02
 -2.10888387E+00  1.00000000E+00  1.77370017E+00 -9.21889335E-01  4.03110782E-01  3.45408240E+00  5.94293933E-01  4.08541209E-02
 -2.08413064E+00  1.00000000E+00  1.75508663E+00 -9.21888887E-01  4.03109702E-01  3.45406269E+00  5.94296496E-01  4.08538028E-02
 -2.05937741E+00  1.00000000E+00  1.73647309E+00 -9.21888439E-01  4.03108424E-01  3.45404299E+00  5.94299059E-01  4.08534847E-02
 -2.03462419E+00  1.00000000E+00  1.71786044E+00 -9.21878074E-01  4.03106534E-01  3.45405301E+00  5.94293092E-01  4.08537131E-02
 -2.00987096E+00  1.00000000E+00  1.69924780E+00 -9.21867708E-01  4.03104342E-01  3.45406303E+00  5.94287126E-01  4.08539415E-02
 -1.98511774E+00  1.00000000E+00  1.68063491E+00 -9.21884181E-01  4.03102601E-01  3.45407343E+00  5.94293259E-01  4.08540024E-02
 -1.96036451E+00  1.00000000E+00  1.66202202E+00 -9.21900655E-01  4.03100830E-01  3.45408383E+00  5.94299392E-01  4.08540633E-02
 -1.93561128E+00  1.00000000E+00  1.64341008E+00 -9.21911408E-01  4.03098108E-01  3.45421469E+00  5.94286491E-01  4.08561171E-02
 -1.91085806E+00  1.00000000E+00  1.62479813E+00 -9.21922161E-01  4.03095133E-01  3.45434556E+00  5.94273590E-01  4.08581710E-02
 -1.88610483E+00  1.00000000E+00  1.60618532E+00 -9.21929697E-01  4.03092429E-01  3.45430668E+00  5.94282025E-01  4.08574951E-02
 -1.86135161E+00  1.00000000E+00  1.58757250E+00 -9.21937233E-01  4.03089382E-01  3.45426781E+00  5.94290461E-01  4.08568192E-02
 -1.83659838E+00  1.00000000E+00  1.56896256E+00 -9.21901520E-01  4.03086677E-01  3.45411082E+00  5.94296676E-01  4.08544878E-02
 -1.81184516E+00  1.00000000E+00  1.55035262E+00 -9.21865810E-01  4.03083748E-01  3.45395385E+00  5.94302893E-01  4.08521565E-02
 -1.78709193E+00  1.00000000E+00  1.53174194E+00 -9.21904427E-01  4.03078376E-01  3.45423659E+00  5.94281610E-01  4.08564997E-02
 -1.76233870E+00  1.00000000E+00  1.51313126E+00 -9.21943047E-01  4.03071961E-01  3.45451936E+00  5.94260329E-01  4.08608433E-02
 -1.73758548E+00  1.00000000E+00  1.49452104E+00 -9.21936782E-01  4.03067720E-01  3.45440496E+00  5.94273415E-01  4.08590221E-02
 -1.71283225E+00  1.00000000E+00  1.47591083E+00 -9.21930518E-01  4.03062752E-01  3.45429057E+00  5.94286502E-01  4.08572010E-02
 -1.68807903E+00  1.00000000E+00  1.45730310E+00 -9.21940572E-01  4.03057528E-01  3.45423744E+00  5.94298784E-01  4.08562665E-02
 -1.66332580E+00  1.00000000E+00  1.43869536E+00 -9.21950627E-01  4.03051723E-01  3.45418431E+00  5.94311066E-01  4.08553321E-02
 -1.63857257E+00  1.00000000E+00  1.42009041E+00 -9.21916102E-01  4.03044286E-01  3.45411462E+00  5.94305378E-01  4.08544178E-02
 -1.61381935E+00  1.00000000E+00  1.40148545E+00 -9.21881578E-01  4.03036501E-01  3.45404494E+00  5.94299691E-01  4.08535036E-02
 -1.58906612E+00  1.00000000E+00  1.38288030E+00 -9.21887468E-01  4.03028574E-01  3.45391947E+00  5.94320173E-01  4.08514185E-02
 -1.56431290E+00  1.00000000E+00  1.36427515E+00 -9.21893357E-01  4.03020399E-01  3.45379400E+00  5.94340656E-01  4.08493334E-02
 -1.53955967E+00  1.00000000E+00  1.34567614E+00 -9.21865856E-01  4.03011199E-01  3.45365911E+00  5.94347383E-01  4.08473104E-02
 -1.51480644E+00  1.00000000E+00  1.32707714E+00 -9.21838356E-01  4.03001844E-01  3.45352423E+00  5.94354110E-01  4.08452875E-02
 -1.49005322E+00  1.00000000E+00  1.30847968E+00 -9.21830121E-01  4.02990852E-01  3.45351516E+00  5.94352592E-01  4.08451795E-02
 -1.46529999E+00  1.00000000E+00  1.28988222E+00 -9.21821886E-01  4.02978867E-01  3.45350608E+00  5.94351074E-01  4.08450715E-02
 -1.44054677E+00  1.00000000E+00  1.27128823E+00 -9.21866594E-01  4.02966351E-01  3.45376198E+00  5.94336934E-01  4.08489292E-02
 -1.41579354E+00  1.00000000E+00  1.25269424E+00 -9.21911305E-01  4.02951499E-01  3.45401789E+00  5.94322795E-01  4.08527871E-02
 -1.39104031E+00  1.00000000E+00  1.23410840E+00 -9.21836090E-01  4.02938240E-01  3.45359825E+00  5.94347264E-01  4.08464426E-02
 -1.36628709E+00  1.00000000E+00  1.21552255E+00 -9.21760883E-01  4.02925796E-01  3.45317865E+00  5.94371737E-01  4.08400987E-02
 -1.34153386E+00  1.00000000E+00  1.19694373E+00 -9.21782404E-01  4.02911628E-01  3.45312533E+00  5.94389611E-01  4.08390817E-02
 -1.31678064E+00  1.00000000E+00  1.17836491E+00 -9.21803924E-01  4.02896184E-01  3.45307201E+00  5.94407486E-01  4.08380646E-02
 -1.29202741E+00  1.00000000E+00  1.15979565E+00 -9.21803447E-01  4.02879651E-01  3.45308612E+00  5.94406279E-01  4.08382834E-02
 -1.26727418E+00  1.00000000E+00  1.14122639E+00 -9.21802969E-01  4.02862806E-01  3.45310022E+00  5.94405072E-01  4.08385022E-02
 -1.24252096E+00  1.00000000E+00  1.12266762E+00 -9.21831485E-01  4.02848233E-01  3.45316711E+00  5.94410207E-01  4.08393843E-02
 -1.21776773E+00  1.00000000E+00  1.10410885E+00 -9.21860002E-01  4.02828103E-01  3.45323399E+00  5.94415342E-01  4.08402664E-02
 -1.19301451E+00  1.00000000E+00  1.08556308E+00 -9.21788170E-01  4.02811523E-01  3.45288161E+00  5.94431997E-01  4.08349944E-02
 -1.16826128E+00  1.00000000E+00  1.06701731E+00 -9.21716345E-01  4.02799790E-01  3.45252926E+00  5.94448656E-01  4.08297229E-02
 -1.14350806E+00  1.00000000E+00  1.04849153E+00 -9.21755002E-01  4.02786046E-01  3.45259597E+00  5.94458191E-01  4.08305397E-02
 -1.11875483E+00  1.00000000E+00  1.02996575E+00 -9.21793660E-01  4.02770593E-01  3.45266268E+00  5.94467727E-01  4.08313565E-02
 -1.09400160E+00  1.00000000E+00  1.01146066E+00 -9.21782038E-01  4.02764083E-01  3.45258416E+00  5.94472812E-01  4.08301621E-02
 -1.06924838E+00  1.00000000E+00  9.92955562E-01 -9.21770416E-01  4.02757815E-01  3.45250564E+00  5.94477896E-01  4.08289677E-02
 -1.04449515E+00  1.00000000E+00  9.74475829E-01 -9.21753033E-01  4.02751824E-01  3.45240298E+00  5.94485114E-01  4.08273981E-02
 -1.01974193E+00  1.00000000E+00  9.55996097E-01 -9.21735651E-01  4.02746383E-01  3.45230032E+00  5.94492331E-01  4.08258285E-02
 -9.94988700E-01  1.00000000E+00  9.37547603E-01 -9.21749625E-01  4.02753940E-01  3.45238109E+00  5.94488348E-01  4.08270391E-02
 -9.70235474E-01  1.00000000E+00  9.19099108E-01 -9.21763600E-01  4.02766875E-01  3.45246185E+00  5.94484365E-01  4.08282498E-02
 -9.45482248E-01  1.00000000E+00  9.00688579E-01 -9.21756759E-01  4.02792761E-01  3.45258604E+00  5.94459340E-01  4.08303815E-02
 -9.20729022E-01  1.00000000E+00  8.82278050E-01 -9.21749919E-01  4.02824088E-01  3.45271024E+00  5.94434316E-01  4.08325132E-02
 -8.95975796E-01  1.00000000E+00  8.63914730E-01 -9.21746240E-01  4.02868675E-01  3.45281065E+00  5.94417783E-01  4.08341839E-02
 -8.71222570E-01  1.00000000E+00  8.45551410E-01 -9.21742561E-01  4.02919862E-01  3.45291107E+00  5.94401250E-01  4.08358546E-02
 -8.46469344E-01  1.00000000E+00  8.27239023E-01 -9.21842708E-01  4.03008593E-01  3.45354137E+00  5.94357916E-01  4.08454779E-02
 -8.21716118E-01  1.00000000E+00  8.08926637E-01 -9.21942872E-01  4.03099917E-01  3.45417178E+00  5.94314593E-01  4.08551027E-02
 -7.97201467E-01  1.00000000E+00  7.90866023E-01 -9.22034942E-01  4.03242350E-01  3.45494005E+00  5.94242832E-01  4.08671031E-02
 -7.72686817E-01  1.00000000E+00  7.72805410E-01 -9.22127032E-01  4.03388206E-01  3.45570849E+00  5.94171089E-01  4.08791058E-02
 -7.49503432E-01  1.00000000E+00  7.55796151E-01 -9.22129117E-01  4.03573738E-01  3.45668435E+00  5.94017516E-01  4.08952404E-02
 -7.26320047E-01  1.00000000E+00  7.38786892E-01 -9.22131218E-01  4.03782508E-01  3.45766052E+00  5.93863985E-01  4.09113790E-02
 -7.04527831E-01  1.00000000E+00  7.22868872E-01 -9.22391212E-01  4.04032842E-01  3.45897916E+00  5.93800783E-01  4.09311197E-02
 -6.82735615E-01  1.00000000E+00  7.06950852E-01 -9.22651294E-01  4.04302939E-01  3.46029830E+00  5.93737630E-01  4.09508667E-02
 -6.62251087E-01  1.00000000E+00  6.92081642E-01 -9.22661853E-01  4.04637446E-01  3.46206067E+00  5.93462544E-01  4.09799732E-02
 -6.41766559E-01  1.00000000E+00  6.77212431E-01 -9.22672466E-01  4.05002082E-01  3.46382406E+00  5.93187592E-01  4.10090924E-02
 -6.22511254E-01  1.00000000E+00  6.63303073E-01 -9.22805537E-01  4.05401089E-01  3.46585862E+00  5.92940549E-01  4.10416868E-02
 -6.03255949E-01  1.00000000E+00  6.49393715E-01 -9.22938711E-01  4.05837690E-01  3.46789446E+00  5.92693645E-01  4.10742974E-02
 -5.85156097E-01  1.00000000E+00  6.36403236E-01 -9.23330925E-01  4.06336608E-01  3.47053323E+00  5.92494024E-01  4.11148459E-02
 -5.67056245E-01  1.00000000E+00  6.23412757E-01 -9.23723413E-01  4.06868620E-01  3.47317403E+00  5.92294601E-01  4.11554205E-02
 -5.50042515E-01  1.00000000E+00  6.11287119E-01 -9.23895291E-01  4.07490066E-01  3.47646018E+00  5.91871585E-01  4.12084084E-02
 -5.33028786E-01  1.00000000E+00  5.99161482E-01 -9.24067416E-01  4.08137743E-01  3.47974968E+00  5.91448951E-01  4.12614390E-02
 -5.17036006E-01  1.00000000E+00  5.87860619E-01 -9.24473087E-01  4.08856471E-01  3.48363797E+00  5.91068407E-01  4.13224223E-02
 -5.01043227E-01  1.00000000E+00  5.76559756E-01 -9.24879224E-01  4.09624685E-01  3.48753076E+00  5.90688302E-01  4.13834637E-02
 -4.86010125E-01  1.00000000E+00  5.66024358E-01 -9.25338541E-01  4.10456831E-01  3.49194678E+00  5.90248187E-01  4.14528370E-02
 -4.70977023E-01  1.00000000E+00  5.55488960E-01 -9.25798463E-01  4.11358335E-01  3.49636860E+00  5.89808659E-01  4.15222848E-02
 -4.56846016E-01  1.00000000E+00  5.45650731E-01 -9.26245342E-01  4.12314946E-01  3.50147104E+00  5.89262045E-01  4.16029856E-02
 -4.42715008E-01  1.00000000E+00  5.35812502E-01 -9.26692950E-01  4.13343948E-01  3.50658130E+00  5.88716225E-01  4.16837867E-02
 -4.29431964E-01  1.00000000E+00  5.26700872E-01 -9.27259737E-01  4.14482665E-01  3.51262164E+00  5.88093360E-01  4.17789754E-02
 -4.16148920E-01  1.00000000E+00  5.17589242E-01 -9.27827578E-01  4.15690406E-01  3.51867285E+00  5.87471581E-01  4.18743038E-02
 -4.03662954E-01  1.00000000E+00  5.09098293E-01 -9.28332930E-01  4.16894085E-01  3.52498453E+00  5.86776841E-01  4.19743956E-02
 -3.91176988E-01  1.00000000E+00  5.00607344E-01 -9.28839337E-01  4.18218189E-01  3.53130817E+00  5.86083326E-01  4.20746406E-02
 -3.79440270E-01  1.00000000E+00  4.92665831E-01 -9.29643904E-01  4.19646731E-01  3.53878668E+00  5.85376870E-01  4.21915687E-02
 -3.67703552E-01  1.00000000E+00  4.84724318E-01 -9.30450206E-01  4.21150084E-01  3.54628155E+00  5.84672008E-01  4.23087077E-02
 -3.56671122E-01  1.00000000E+00  4.77440193E-01 -9.31174762E-01  4.22739628E-01  3.55455357E+00  5.83807597E-01  4.24392281E-02
 -3.45638692E-01  1.00000000E+00  4.70156068E-01 -9.31901195E-01  4.24393005E-01  3.56284582E+00  5.82945207E-01  4.25700088E-02
 -3.35268287E-01  1.00000000E+00  4.63341857E-01 -9.32768410E-01  4.26072746E-01  3.57163181E+00  5.82090687E-01  4.27077303E-02
 -3.24897882E-01  1.00000000E+00  4.56527646E-01 -9.33637869E-01  4.27897822E-01  3.58044031E+00  5.81238343E-01  4.28457424E-02
 -3.15149775E-01  1.00000000E+00  4.50280378E-01 -9.34544844E-01  4.29835427E-01  3.59007076E+00  5.80291393E-01  4.29968481E-02
 -3.05401669E-01  1.00000000E+00  4.44033109E-01 -9.35454417E-01  4.31825475E-01  3.59972822E+00  5.79347027E-01  4.31483028E-02
 -2.96238520E-01  1.00000000E+00  4.38173919E-01 -9.36156711E-01  4.33846526E-01  3.61070437E+00  5.78096613E-01  4.33229680E-02
 -2.87075371E-01  1.00000000E+00  4.32314728E-01 -9.36861777E-01  4.36107210E-01  3.62171632E+00  5.76849846E-01  4.34980924E-02
 -2.78462077E-01  1.00000000E+00  4.26959821E-01 -9.37948339E-01  4.38416776E-01  3.63340643E+00  5.75710722E-01  4.36813672E-02
 -2.69848783E-01  1.00000000E+00  4.21604915E-01 -9.39038656E-01  4.40837378E-01  3.64513589E+00  5.74575357E-01  4.38651505E-02
 -2.61752348E-01  1.00000000E+00  4.16687913E-01 -9.40320400E-01  4.43282926E-01  3.65764039E+00  5.73445560E-01  4.40599261E-02
 -2.53655913E-01  1.00000000E+00  4.11770910E-01 -9.41606634E-01  4.45863597E-01  3.67018930E+00  5.72319827E-01  4.42552782E-02
 -2.46045323E-01  1.00000000E+00  4.07254113E-01 -9.42467612E-01  4.48554593E-01  3.68338655E+00  5.70878198E-01  4.44644050E-02
 -2.38434732E-01  1.00000000E+00  4.02737316E-01 -9.43332495E-01  4.51326264E-01  3.69663445E+00  5.69441540E-01  4.46741844E-02
 -2.31280830E-01  1.00000000E+00  3.98586957E-01 -9.44376099E-01  4.54192211E-01  3.71057807E+00  5.68016084E-01  4.48937426E-02
 -2.24126928E-01  1.00000000E+00  3.94436598E-01 -9.45424280E-01  4.57167501E-01  3.72457733E+00  5.66595847E-01  4.51140211E-02
 -2.17402314E-01  1.00000000E+00  3.90614285E-01 -9.47191644E-01  4.60248664E-01  3.74029607E+00  5.65316062E-01  4.53568573E-02
 -2.10677699E-01  1.00000000E+00  3.86791972E-01 -9.48966342E-01  4.63429110E-01  3.75608298E+00  5.64042253E-01  4.56005818E-02
 -2.04351753E-01  1.00000000E+00  3.83360213E-01 -9.50118051E-01  4.66770292E-01  3.77252535E+00  5.62367583E-01  4.58593967E-02
 -1.98025807E-01  1.00000000E+00  3.79928455E-01 -9.51275766E-01  4.70182326E-01  3.78904415E+00  5.60699982E-01  4.61192024E-02
 -1.91837501E-01  1.00000000E+00  3.76690408E-01 -9.53021615E-01  4.73900575E-01  3.80698830E+00  5.59160220E-01  4.63975440E-02
 -1.85649194E-01  1.00000000E+00  3.73452360E-01 -9.54775934E-01  4.77719607E-01  3.82502064E+00  5.57628035E-01  4.66770372E-02
 -1.79460888E-01  1.00000000E+00  3.70404067E-01 -9.55402832E-01  4.81943597E-01  3.84508893E+00  5.55260764E-01  4.69975453E-02
 -1.73272582E-01  1.00000000E+00  3.67355773E-01 -9.56036085E-01  4.86305926E-01  3.86527341E+00  5.52904971E-01  4.73195491E-02
 -1.67084275E-01  1.00000000E+00  3.64388119E-01 -9.58640273E-01  4.91106182E-01  3.88882838E+00  5.51128274E-01  4.76814301E-02
 -1.60895969E-01  1.00000000E+00  3.61420465E-01 -9.61259930E-01  4.96095307E-01  3.91253078E+00  5.49363602E-01  4.80452454E-02
 -1.54707662E-01  1.00000000E+00  3.58694814E-01 -9.62539654E-01  5.01748823E-01  3.93891892E+00  5.46602325E-01  4.84616656E-02
 -1.48519356E-01  1.00000000E+00  3.55969163E-01 -9.63831488E-01  5.07586318E-01  3.96549961E+00  5.43858379E-01  4.88805890E-02
 -1.42331049E-01  1.00000000E+00  3.53653276E-01 -9.66618520E-01  5.14197907E-01  3.99682500E+00  5.41295027E-01  4.93647139E-02
 -1.36142743E-01  1.00000000E+00  3.51337388E-01 -9.69428357E-01  5.21197432E-01  4.02840820E+00  5.38752297E-01  4.98522271E-02
 -1.29954436E-01  1.00000000E+00  3.49351270E-01 -9.71408708E-01  5.28705323E-01  4.06307269E+00  5.35477140E-01  5.03942221E-02
 -1.23766130E-01  1.00000000E+00  3.47365152E-01 -9.73410173E-01  5.36779790E-01  4.09805664E+00  5.32228308E-01  5.09404047E-02
 -1.17577823E-01  1.00000000E+00  3.45516183E-01 -9.76622208E-01  5.46069498E-01  4.14128708E+00  5.28631047E-01  5.16093719E-02
 -1.11389517E-01  1.00000000E+00  3.43667214E-01 -9.79871082E-01  5.55853581E-01  4.18499765E+00  5.25070715E-01  5.22846705E-02
 -1.05201210E-01  1.00000000E+00  3.42695882E-01 -9.83258863E-01  5.67285966E-01  4.23690252E+00  5.20710869E-01  5.30884521E-02
 -9.90129037E-02  1.00000000E+00  3.41724550E-01 -9.86694132E-01  5.79314237E-01  4.28948992E+00  5.16402429E-01  5.39012499E-02
 -9.28245972E-02  1.00000000E+00  3.41719550E-01 -9.88050437E-01  5.93372328E-01  4.34907506E+00  5.10469388E-01  5.48372239E-02
 -8.66362908E-02  1.00000000E+00  3.41714550E-01 -9.89444607E-01  6.08176625E-01  4.40957677E+00  5.04610601E-01  5.57852310E-02
 -8.04479843E-02  1.00000000E+00  3.42407609E-01 -9.96053270E-01  6.26273717E-01  4.48883514E+00  4.99320919E-01  5.69930602E-02
 -7.42596778E-02  1.00000000E+00  3.43100669E-01 -1.00278044E+00  6.45842479E-01  4.56957501E+00  4.94127408E-01  5.82206800E-02
 -6.80713713E-02  1.00000000E+00  3.45943995E-01 -1.00136061E+00  6.69220542E-01  4.66307558E+00  4.84300430E-01  5.96967879E-02
 -6.18830648E-02  1.00000000E+00  3.48787320E-01 -9.99975007E-01  6.95351961E-01  4.75879267E+00  4.74655592E-01  6.12019583E-02
 -5.56947583E-02  1.00000000E+00  3.53455495E-01 -1.01322103E+00  7.27725277E-01  4.90184868E+00  4.67249392E-01  6.33514184E-02
 -4.95064519E-02  1.00000000E+00  3.58123670E-01 -1.02684226E+00  7.65863351E-01  5.04932220E+00  4.60086448E-01  6.55605107E-02
 -4.33181454E-02  1.00000000E+00  3.82008035E-01 -1.04401950E+00  8.13646083E-01  5.30040220E+00  4.46355828E-01  6.93435195E-02
 -3.71298389E-02  1.00000000E+00  4.05892399E-01 -1.06202818E+00  8.72404888E-01  5.56452509E+00  4.33280835E-01  7.33034893E-02
 -3.09415324E-02  1.00000000E+00  3.64707077E-01 -9.71140570E-01  9.63532417E-01  5.46243429E+00  4.07579053E-01  7.22122177E-02
 -2.47532259E-02  1.00000000E+00  3.23521754E-01 -8.82618177E-01  1.04530639E+00  5.36685068E+00  3.84291713E-01  7.11794138E-02
 -1.85649194E-02  1.00000000E+00  7.75747311E-01 -1.28395496E+00  1.19217932E+00  7.15099001E+00  4.14445724E-01  9.62363469E-02
 -1.23766130E-02  1.00000000E+00  1.22797287E+00 -1.81789566E+00  1.59006022E+00  9.54553769E+00  4.87392316E-01  1.29402077E-01
 -6.18830648E-03  1.00000000E+00 -3.70973384E-01  6.81961661E-01  2.50496317E+00  8.22309977E+00  2.20572078E-01  1.14321824E-01
  0.00000000E+00  1.00000000E+00 -1.96991964E+00  3.81881815E+00  4.50607765E+00  1.12798501E+01  1.41252984E+00  1.40961717E-01
