# model=oldroyd  theta_MLE: lambda=1.77048, beta=0.851194, eta_0=0.846221
# delta(x) = y_clean(x) - y_model(x; theta_MLE)   (x from curve4_x.txt)
# columns: x  delta
5.000000000000000000e+00 -3.566619161878836763e-04
4.950333040000000295e+00 -3.566963587688931625e-04
4.900666089999999642e+00 -3.567221065217118792e-04
4.850999129999999937e+00 -3.567118283540615664e-04
4.801332180000000172e+00 -3.566652952669002730e-04
4.751665219999999579e+00 -3.565617601946069470e-04
4.701998269999999813e+00 -3.564328532854599274e-04
4.652331310000000109e+00 -3.562557588459025482e-04
4.602664360000000343e+00 -3.560444027257414490e-04
4.552997399999999750e+00 -3.557878743676301525e-04
4.503330449999999985e+00 -3.554870639403961974e-04
4.453663490000000280e+00 -3.551385370414994469e-04
4.403996539999999627e+00 -3.547530085499239760e-04
4.354329579999999922e+00 -3.543257545723932367e-04
4.304662630000000156e+00 -3.538392834641079787e-04
4.254995669999999564e+00 -3.533079955795326299e-04
4.205328709999999859e+00 -3.527063839905419940e-04
4.155661760000000093e+00 -3.520455996983695712e-04
4.105994800000000389e+00 -3.513207190557476878e-04
4.056327849999999735e+00 -3.505197558888450970e-04
4.006660890000000030e+00 -3.496276579744161950e-04
3.956993939999999821e+00 -3.486456807360038823e-04
3.907326980000000116e+00 -3.475728031399061280e-04
3.857660029999999907e+00 -3.463861578367755101e-04
3.807993070000000202e+00 -3.450751176383715091e-04
3.758326119999999992e+00 -3.436309841340356996e-04
3.708659159999999844e+00 -3.420391511577136612e-04
3.658992210000000078e+00 -3.402961681759908430e-04
3.609325249999999929e+00 -3.383721809424589111e-04
3.559658300000000164e+00 -3.362557232344798308e-04
3.509991340000000015e+00 -3.339287844497107471e-04
3.460324389999999806e+00 -3.313666388629066262e-04
3.410657430000000101e+00 -3.285592429878025911e-04
3.360990469999999952e+00 -3.254681669633274765e-04
3.311323520000000187e+00 -3.220747937997536781e-04
3.261656560000000038e+00 -3.183592843047922116e-04
3.211989609999999828e+00 -3.142783773830704064e-04
3.162322650000000124e+00 -3.098105328531719493e-04
3.112655699999999914e+00 -3.049172782627618261e-04
3.062988740000000210e+00 -2.995668404406348628e-04
3.013321790000000000e+00 -2.937232053810134857e-04
2.963654829999999851e+00 -2.873352497183567777e-04
2.913987880000000086e+00 -2.803751974596035978e-04
2.864320919999999937e+00 -2.727874480275005453e-04
2.814653970000000172e+00 -2.645278389385996576e-04
2.764987010000000023e+00 -2.555522681428890053e-04
2.715320059999999813e+00 -2.457980888976862843e-04
2.665653100000000109e+00 -2.352283329445370441e-04
2.615986139999999960e+00 -2.237767374704269230e-04
2.566319190000000194e+00 -2.113946161654833844e-04
2.516652230000000046e+00 -1.980328183166513156e-04
2.466985279999999836e+00 -1.836394488574644157e-04
2.417318320000000131e+00 -1.681632258458964913e-04
2.367651369999999922e+00 -1.515305248191989307e-04
2.317984410000000217e+00 -1.337082555361579495e-04
2.268317460000000008e+00 -1.146496223023429906e-04
2.218650499999999859e+00 -9.431826692951617019e-05
2.168983550000000093e+00 -7.267261905186117588e-05
2.119316589999999945e+00 -4.968773252400637830e-05
2.069649640000000179e+00 -2.532753326378589520e-05
2.019982680000000030e+00 3.852460972453286558e-07
1.970315730000000043e+00 2.747606799347046547e-05
1.920648769999999894e+00 5.588290800173645323e-05
1.870981809999999967e+00 8.567184952101847273e-05
1.821314859999999980e+00 1.166935679843827955e-04
1.771647900000000053e+00 1.489250183610568712e-04
1.721980950000000066e+00 1.823032396393031718e-04
1.672313989999999917e+00 2.166687007869594339e-04
1.622647039999999929e+00 2.519826475857467329e-04
1.572980080000000003e+00 2.880271767888853418e-04
1.523313130000000015e+00 3.245784872156765033e-04
1.473646170000000089e+00 3.615032139605567352e-04
1.423979220000000101e+00 3.986448667783193400e-04
1.374312259999999952e+00 4.355383734706563814e-04
1.324645309999999965e+00 4.722667798990887178e-04
1.274978350000000038e+00 5.082676303618249847e-04
1.225311400000000051e+00 5.431513955385103287e-04
1.175644439999999902e+00 5.769233955574826211e-04
1.125977479999999975e+00 6.089811334253347752e-04
1.076310529999999988e+00 6.387666591467500155e-04
1.026643570000000061e+00 6.658275961048953917e-04
9.769766189999999906e-01 6.907881127757864448e-04
9.273096640000000335e-01 7.114405346397845165e-04
8.776427079999999936e-01 7.289138851125365193e-04
8.279757530000000365e-01 7.421034511099211528e-04
7.786002389999999718e-01 7.503666818517995551e-04
7.317317880000000496e-01 7.533798767560551113e-04
6.876846269999999928e-01 7.513906852989471474e-04
6.462889219999999879e-01 7.452025974448162060e-04
6.073850619999999756e-01 7.351837981923736720e-04
5.708230460000000006e-01 7.228407223982546981e-04
5.364619149999999559e-01 7.066671801789770058e-04
5.041691750000000249e-01 6.889593230858803707e-04
4.738203240000000149e-01 6.687370913738277522e-04
4.452983460000000115e-01 6.476788244182962728e-04
4.184932690000000011e-01 6.253135683633725961e-04
3.933017460000000076e-01 5.998795889743391285e-04
3.696266380000000074e-01 5.770139565295373529e-04
3.473766770000000226e-01 5.539352157226673512e-04
3.264660690000000254e-01 5.280986734046422271e-04
3.068141939999999845e-01 5.071713091786556049e-04
2.883452770000000109e-01 4.862619912768817443e-04
2.709881089999999770e-01 4.594639946258194385e-04
2.546757709999999952e-01 4.411404626440962318e-04
2.393453670000000033e-01 4.216192884105574024e-04
2.249377889999999991e-01 3.943962918002696938e-04
2.113974849999999961e-01 3.825408906921179408e-04
1.986678209999999944e-01 3.643310212246841928e-04
1.862510820000000122e-01 3.440405427650450321e-04
1.738343440000000018e-01 3.264762835510914840e-04
1.614176049999999918e-01 3.110269875650217841e-04
1.490008660000000096e-01 2.940231819301697413e-04
1.365841269999999996e-01 2.843327749679769312e-04
1.241673880000000035e-01 2.569514060482003259e-04
1.117506489999999936e-01 2.538375660461333894e-04
9.933391060000000550e-02 2.313488212395409249e-04
8.691717179999999821e-02 2.296637141572244190e-04
7.450043300000000479e-02 1.869968849141923073e-04
6.208369419999999750e-02 2.194701537121535040e-04
4.966695530000000275e-02 1.819042970989670494e-04
3.725021650000000240e-02 1.715834802500371126e-04
2.483347769999999857e-02 1.610585980360568215e-04
1.241673880000000035e-02 1.820803139371829360e-04
0.000000000000000000e+00 0.000000000000000000e+00
