# curve 5 (die wall), step =      100, time =   4.00000000E+01
# N1 = tau_xx - tau_yy = G ( c_xx - c_yy ),  G =  1.1111E-02  (polymer part only)
#              x               y        pressure            c_xy        gammadot            c_xx            c_yy              N1
 -3.00000000E+00  1.00000000E+00  2.42695694E+00 -9.68863529E-01  4.02779795E-01  4.01417179E+00  5.40234245E-01  3.85993061E-02
 -2.97524677E+00  1.00000000E+00  2.40848081E+00 -9.68834042E-01  4.02781514E-01  4.01403331E+00  5.40237466E-01  3.85977316E-02
 -2.95049355E+00  1.00000000E+00  2.39000467E+00 -9.68804556E-01  4.02782656E-01  4.01389484E+00  5.40240688E-01  3.85961572E-02
 -2.92574032E+00  1.00000000E+00  2.37152544E+00 -9.68823876E-01  4.02783027E-01  4.01402905E+00  5.40233856E-01  3.85977244E-02
 -2.90098710E+00  1.00000000E+00  2.35304620E+00 -9.68843196E-01  4.02782748E-01  4.01416328E+00  5.40227025E-01  3.85992917E-02
 -2.87623387E+00  1.00000000E+00  2.33456570E+00 -9.68881828E-01  4.02782382E-01  4.01450361E+00  5.40205052E-01  3.86033173E-02
 -2.85148064E+00  1.00000000E+00  2.31608519E+00 -9.68920463E-01  4.02781946E-01  4.01484398E+00  5.40183081E-01  3.86073433E-02
 -2.82672742E+00  1.00000000E+00  2.29760643E+00 -9.68859801E-01  4.02782275E-01  4.01445511E+00  5.40201276E-01  3.86028203E-02
 -2.80197419E+00  1.00000000E+00  2.27912767E+00 -9.68799144E-01  4.02782318E-01  4.01406627E+00  5.40219474E-01  3.85982977E-02
 -2.77722097E+00  1.00000000E+00  2.26064789E+00 -9.68826081E-01  4.02782765E-01  4.01405100E+00  5.40232382E-01  3.85979846E-02
 -2.75246774E+00  1.00000000E+00  2.24216811E+00 -9.68853018E-01  4.02783037E-01  4.01403572E+00  5.40245291E-01  3.85976715E-02
 -2.72771451E+00  1.00000000E+00  2.22368951E+00 -9.68837866E-01  4.02782695E-01  4.01405502E+00  5.40236973E-01  3.85979783E-02
 -2.70296129E+00  1.00000000E+00  2.20521090E+00 -9.68822715E-01  4.02781944E-01  4.01407432E+00  5.40228654E-01  3.85982852E-02
 -2.67820806E+00  1.00000000E+00  2.18673139E+00 -9.68841178E-01  4.02781789E-01  4.01408954E+00  5.40234414E-01  3.85983903E-02
 -2.65345484E+00  1.00000000E+00  2.16825187E+00 -9.68859641E-01  4.02781892E-01  4.01410475E+00  5.40240175E-01  3.85984953E-02
 -2.62870161E+00  1.00000000E+00  2.14977286E+00 -9.68860123E-01  4.02782137E-01  4.01407739E+00  5.40243450E-01  3.85981549E-02
 -2.60394839E+00  1.00000000E+00  2.13129384E+00 -9.68860606E-01  4.02782390E-01  4.01405003E+00  5.40246726E-01  3.85978145E-02
 -2.57919516E+00  1.00000000E+00  2.11281485E+00 -9.68839042E-01  4.02782180E-01  4.01402670E+00  5.40240462E-01  3.85976249E-02
 -2.55444193E+00  1.00000000E+00  2.09433585E+00 -9.68817479E-01  4.02781756E-01  4.01400338E+00  5.40234198E-01  3.85974353E-02
 -2.52968871E+00  1.00000000E+00  2.07585541E+00 -9.68848766E-01  4.02781383E-01  4.01425547E+00  5.40219345E-01  3.86004014E-02
 -2.50493548E+00  1.00000000E+00  2.05737497E+00 -9.68880055E-01  4.02780675E-01  4.01450759E+00  5.40204493E-01  3.86033677E-02
 -2.48018226E+00  1.00000000E+00  2.03889618E+00 -9.68843509E-01  4.02780936E-01  4.01422437E+00  5.40220588E-01  3.86000420E-02
 -2.45542903E+00  1.00000000E+00  2.02041739E+00 -9.68806965E-01  4.02781226E-01  4.01394118E+00  5.40236685E-01  3.85967166E-02
 -2.43067580E+00  1.00000000E+00  2.00193845E+00 -9.68816740E-01  4.02781508E-01  4.01391735E+00  5.40243422E-01  3.85963770E-02
 -2.40592258E+00  1.00000000E+00  1.98345951E+00 -9.68826515E-01  4.02781660E-01  4.01389353E+00  5.40250159E-01  3.85960374E-02
 -2.38116935E+00  1.00000000E+00  1.96498038E+00 -9.68807613E-01  4.02781029E-01  4.01387410E+00  5.40244620E-01  3.85958831E-02
 -2.35641613E+00  1.00000000E+00  1.94650126E+00 -9.68788711E-01  4.02779949E-01  4.01385467E+00  5.40239082E-01  3.85957287E-02
 -2.33166290E+00  1.00000000E+00  1.92802163E+00 -9.68811606E-01  4.02779451E-01  4.01395387E+00  5.40237509E-01  3.85968484E-02
 -2.30690967E+00  1.00000000E+00  1.90954200E+00 -9.68834501E-01  4.02778808E-01  4.01405307E+00  5.40235936E-01  3.85979681E-02
 -2.28215645E+00  1.00000000E+00  1.89106294E+00 -9.68846871E-01  4.02778398E-01  4.01405843E+00  5.40240319E-01  3.85979790E-02
 -2.25740322E+00  1.00000000E+00  1.87258389E+00 -9.68859241E-01  4.02778279E-01  4.01406380E+00  5.40244703E-01  3.85979899E-02
 -2.23265000E+00  1.00000000E+00  1.85410390E+00 -9.68865987E-01  4.02777481E-01  4.01424656E+00  5.40227393E-01  3.86002130E-02
 -2.20789677E+00  1.00000000E+00  1.83562391E+00 -9.68872734E-01  4.02776121E-01  4.01442933E+00  5.40210083E-01  3.86024361E-02
 -2.18314354E+00  1.00000000E+00  1.81714515E+00 -9.68841097E-01  4.02775520E-01  4.01414503E+00  5.40228599E-01  3.85990714E-02
 -2.15839032E+00  1.00000000E+00  1.79866638E+00 -9.68809462E-01  4.02774900E-01  4.01386075E+00  5.40247116E-01  3.85957070E-02
 -2.13363709E+00  1.00000000E+00  1.78018810E+00 -9.68817758E-01  4.02774228E-01  4.01386576E+00  5.40249999E-01  3.85957307E-02
 -2.10888387E+00  1.00000000E+00  1.76170981E+00 -9.68826054E-01  4.02773414E-01  4.01387078E+00  5.40252883E-01  3.85957544E-02
 -2.08413064E+00  1.00000000E+00  1.74323044E+00 -9.68826576E-01  4.02772316E-01  4.01384803E+00  5.40255654E-01  3.85954709E-02
 -2.05937741E+00  1.00000000E+00  1.72475107E+00 -9.68827098E-01  4.02771032E-01  4.01382529E+00  5.40258426E-01  3.85951874E-02
 -2.03462419E+00  1.00000000E+00  1.70627251E+00 -9.68814420E-01  4.02769165E-01  4.01383986E+00  5.40251593E-01  3.85954252E-02
 -2.00987096E+00  1.00000000E+00  1.68779394E+00 -9.68801741E-01  4.02767052E-01  4.01385443E+00  5.40244760E-01  3.85956630E-02
 -1.98511774E+00  1.00000000E+00  1.66931513E+00 -9.68818079E-01  4.02765342E-01  4.01386116E+00  5.40250923E-01  3.85956693E-02
 -1.96036451E+00  1.00000000E+00  1.65083631E+00 -9.68834417E-01  4.02763572E-01  4.01386789E+00  5.40257086E-01  3.85956755E-02
 -1.93561128E+00  1.00000000E+00  1.63235845E+00 -9.68841850E-01  4.02760899E-01  4.01402734E+00  5.40242699E-01  3.85976071E-02
 -1.91085806E+00  1.00000000E+00  1.61388058E+00 -9.68849284E-01  4.02758020E-01  4.01418681E+00  5.40228313E-01  3.85995388E-02
 -1.88610483E+00  1.00000000E+00  1.59540194E+00 -9.68858392E-01  4.02755316E-01  4.01413574E+00  5.40237470E-01  3.85988697E-02
 -1.86135161E+00  1.00000000E+00  1.57692330E+00 -9.68867500E-01  4.02752307E-01  4.01408469E+00  5.40246627E-01  3.85982006E-02
 -1.83659838E+00  1.00000000E+00  1.55844731E+00 -9.68834881E-01  4.02749482E-01  4.01390634E+00  5.40253487E-01  3.85961428E-02
 -1.81184516E+00  1.00000000E+00  1.53997133E+00 -9.68802263E-01  4.02746453E-01  4.01372800E+00  5.40260347E-01  3.85940850E-02
 -1.78709193E+00  1.00000000E+00  1.52149477E+00 -9.68832193E-01  4.02741220E-01  4.01406434E+00  5.40235586E-01  3.85980972E-02
 -1.76233870E+00  1.00000000E+00  1.50301822E+00 -9.68862126E-01  4.02735069E-01  4.01440071E+00  5.40210826E-01  3.86021098E-02
 -1.73758548E+00  1.00000000E+00  1.48454209E+00 -9.68859153E-01  4.02730769E-01  4.01426085E+00  5.40225271E-01  3.86003953E-02
 -1.71283225E+00  1.00000000E+00  1.46606595E+00 -9.68856179E-01  4.02725780E-01  4.01412100E+00  5.40239717E-01  3.85986809E-02
 -1.68807903E+00  1.00000000E+00  1.44759230E+00 -9.68869072E-01  4.02720544E-01  4.01405665E+00  5.40252571E-01  3.85978231E-02
 -1.66332580E+00  1.00000000E+00  1.42911864E+00 -9.68881964E-01  4.02714670E-01  4.01399231E+00  5.40265426E-01  3.85969653E-02
 -1.63857257E+00  1.00000000E+00  1.41064762E+00 -9.68848480E-01  4.02707158E-01  4.01392178E+00  5.40259537E-01  3.85962471E-02
 -1.61381935E+00  1.00000000E+00  1.39217661E+00 -9.68814996E-01  4.02699371E-01  4.01385125E+00  5.40253649E-01  3.85955289E-02
 -1.58906612E+00  1.00000000E+00  1.37370555E+00 -9.68822133E-01  4.02691430E-01  4.01369386E+00  5.40274534E-01  3.85935481E-02
 -1.56431290E+00  1.00000000E+00  1.35523449E+00 -9.68829270E-01  4.02683167E-01  4.01353648E+00  5.40295420E-01  3.85915673E-02
 -1.53955967E+00  1.00000000E+00  1.33676932E+00 -9.68806409E-01  4.02673905E-01  4.01338348E+00  5.40303377E-01  3.85897789E-02
 -1.51480644E+00  1.00000000E+00  1.31830415E+00 -9.68783548E-01  4.02664478E-01  4.01323049E+00  5.40311335E-01  3.85879906E-02
 -1.49005322E+00  1.00000000E+00  1.29984062E+00 -9.68771582E-01  4.02653434E-01  4.01322407E+00  5.40307814E-01  3.85879584E-02
 -1.46529999E+00  1.00000000E+00  1.28137708E+00 -9.68759615E-01  4.02641481E-01  4.01321766E+00  5.40304294E-01  3.85879263E-02
 -1.44054677E+00  1.00000000E+00  1.26291724E+00 -9.68796928E-01  4.02629008E-01  4.01352114E+00  5.40286871E-01  3.85914919E-02
 -1.41579354E+00  1.00000000E+00  1.24445739E+00 -9.68834245E-01  4.02614287E-01  4.01382464E+00  5.40269450E-01  3.85950577E-02
 -1.39104031E+00  1.00000000E+00  1.22600531E+00 -9.68768623E-01  4.02600814E-01  4.01333339E+00  5.40297242E-01  3.85892906E-02
 -1.36628709E+00  1.00000000E+00  1.20755323E+00 -9.68703008E-01  4.02588135E-01  4.01284220E+00  5.40325039E-01  3.85835240E-02
 -1.34153386E+00  1.00000000E+00  1.18910821E+00 -9.68727564E-01  4.02573832E-01  4.01277668E+00  5.40343151E-01  3.85825947E-02
 -1.31678064E+00  1.00000000E+00  1.17066318E+00 -9.68752120E-01  4.02558282E-01  4.01271115E+00  5.40361263E-01  3.85816655E-02
 -1.29202741E+00  1.00000000E+00  1.15222763E+00 -9.68751254E-01  4.02541656E-01  4.01273615E+00  5.40358847E-01  3.85819700E-02
 -1.26727418E+00  1.00000000E+00  1.13379207E+00 -9.68750389E-01  4.02524752E-01  4.01276114E+00  5.40356430E-01  3.85822746E-02
 -1.24252096E+00  1.00000000E+00  1.11536709E+00 -9.68775787E-01  4.02510029E-01  4.01283895E+00  5.40359571E-01  3.85831042E-02
 -1.21776773E+00  1.00000000E+00  1.09694210E+00 -9.68801186E-01  4.02489747E-01  4.01291676E+00  5.40362711E-01  3.85839339E-02
 -1.19301451E+00  1.00000000E+00  1.07852995E+00 -9.68736271E-01  4.02472829E-01  4.01250493E+00  5.40381919E-01  3.85791446E-02
 -1.16826128E+00  1.00000000E+00  1.06011780E+00 -9.68671361E-01  4.02460740E-01  4.01209315E+00  5.40401129E-01  3.85743558E-02
 -1.14350806E+00  1.00000000E+00  1.04172542E+00 -9.68710329E-01  4.02446688E-01  4.01216870E+00  5.40409968E-01  3.85750971E-02
 -1.11875483E+00  1.00000000E+00  1.02333303E+00 -9.68749298E-01  4.02430951E-01  4.01224426E+00  5.40418808E-01  3.85758384E-02
 -1.09400160E+00  1.00000000E+00  1.00496137E+00 -9.68737072E-01  4.02424027E-01  4.01214761E+00  5.40423965E-01  3.85747072E-02
 -1.06924838E+00  1.00000000E+00  9.86589722E-01 -9.68724846E-01  4.02417255E-01  4.01205096E+00  5.40429123E-01  3.85735760E-02
 -1.04449515E+00  1.00000000E+00  9.68243082E-01 -9.68709943E-01  4.02410659E-01  4.01192988E+00  5.40437207E-01  3.85721408E-02
 -1.01974193E+00  1.00000000E+00  9.49896442E-01 -9.68695040E-01  4.02404588E-01  4.01180880E+00  5.40445292E-01  3.85707057E-02
 -9.94988700E-01  1.00000000E+00  9.31580943E-01 -9.68707451E-01  4.02411437E-01  4.01189887E+00  5.40441291E-01  3.85717509E-02
 -9.70235474E-01  1.00000000E+00  9.13265444E-01 -9.68719863E-01  4.02423672E-01  4.01198894E+00  5.40437290E-01  3.85727961E-02
 -9.45482248E-01  1.00000000E+00  8.94987834E-01 -9.68705317E-01  4.02448639E-01  4.01211584E+00  5.40412886E-01  3.85744773E-02
 -9.20729022E-01  1.00000000E+00  8.76710224E-01 -9.68690770E-01  4.02478971E-01  4.01224275E+00  5.40388483E-01  3.85761585E-02
 -8.95975796E-01  1.00000000E+00  8.58479307E-01 -9.68687884E-01  4.02522373E-01  4.01235126E+00  5.40374702E-01  3.85775173E-02
 -8.71222570E-01  1.00000000E+00  8.40248390E-01 -9.68684998E-01  4.02572305E-01  4.01245977E+00  5.40360920E-01  3.85788761E-02
 -8.46469344E-01  1.00000000E+00  8.22068267E-01 -9.68780430E-01  4.02659619E-01  4.01317980E+00  5.40319931E-01  3.85873318E-02
 -8.21716118E-01  1.00000000E+00  8.03888144E-01 -9.68875877E-01  4.02749533E-01  4.01389996E+00  5.40278951E-01  3.85957890E-02
 -7.97201467E-01  1.00000000E+00  7.85958149E-01 -9.68961553E-01  4.02890098E-01  4.01477398E+00  5.40211925E-01  3.86062451E-02
 -7.72686817E-01  1.00000000E+00  7.68028155E-01 -9.69047248E-01  4.03033870E-01  4.01564821E+00  5.40144915E-01  3.86167033E-02
 -7.49503432E-01  1.00000000E+00  7.51142070E-01 -9.69010273E-01  4.03217207E-01  4.01673241E+00  5.39991622E-01  3.86304532E-02
 -7.26320047E-01  1.00000000E+00  7.34255985E-01 -9.68973306E-01  4.03423733E-01  4.01781697E+00  5.39838369E-01  3.86442067E-02
 -7.04527831E-01  1.00000000E+00  7.18453047E-01 -9.69236359E-01  4.03671607E-01  4.01929981E+00  5.39786351E-01  3.86612606E-02
 -6.82735615E-01  1.00000000E+00  7.02650110E-01 -9.69499498E-01  4.03939064E-01  4.02078319E+00  5.39734376E-01  3.86783202E-02
 -6.62251087E-01  1.00000000E+00  6.87889310E-01 -9.69452055E-01  4.04270566E-01  4.02277156E+00  5.39461892E-01  3.87034407E-02
 -6.41766559E-01  1.00000000E+00  6.73128510E-01 -9.69404642E-01  4.04632064E-01  4.02476108E+00  5.39189538E-01  3.87285727E-02
 -6.22511254E-01  1.00000000E+00  6.59320107E-01 -9.69489529E-01  4.05027833E-01  4.02704215E+00  5.38949490E-01  3.87565851E-02
 -6.03255949E-01  1.00000000E+00  6.45511705E-01 -9.69574493E-01  4.05461118E-01  4.02932464E+00  5.38709567E-01  3.87846119E-02
 -5.85156097E-01  1.00000000E+00  6.32615751E-01 -9.69966306E-01  4.05956419E-01  4.03234222E+00  5.38530089E-01  3.88201348E-02
 -5.67056245E-01  1.00000000E+00  6.19719797E-01 -9.70358391E-01  4.06484615E-01  4.03536209E+00  5.38350786E-01  3.88556812E-02
 -5.50042515E-01  1.00000000E+00  6.07683044E-01 -9.70454443E-01  4.07101892E-01  4.03909090E+00  5.37937064E-01  3.89017092E-02
 -5.33028786E-01  1.00000000E+00  5.95646291E-01 -9.70550680E-01  4.07745300E-01  4.04282352E+00  5.37523697E-01  3.89477758E-02
 -5.17036006E-01  1.00000000E+00  5.84428066E-01 -9.70899824E-01  4.08459570E-01  4.04722766E+00  5.37159653E-01  3.90007556E-02
 -5.01043227E-01  1.00000000E+00  5.73209841E-01 -9.71249371E-01  4.09223085E-01  4.05163684E+00  5.36795996E-01  3.90537872E-02
 -4.86010125E-01  1.00000000E+00  5.62751944E-01 -9.71659613E-01  4.10050478E-01  4.05666044E+00  5.36379681E-01  3.91142306E-02
 -4.70977023E-01  1.00000000E+00  5.52294047E-01 -9.72070397E-01  4.10946610E-01  4.06169055E+00  5.35963887E-01  3.91747407E-02
 -4.56846016E-01  1.00000000E+00  5.42528127E-01 -9.72455626E-01  4.11897911E-01  4.06753242E+00  5.35441760E-01  3.92454518E-02
 -4.42715008E-01  1.00000000E+00  5.32762208E-01 -9.72841495E-01  4.12921251E-01  4.07338322E+00  5.34920351E-01  3.93162541E-02
 -4.29431964E-01  1.00000000E+00  5.23718213E-01 -9.73304295E-01  4.14054172E-01  4.08020673E+00  5.34320428E-01  3.93987367E-02
 -4.16148920E-01  1.00000000E+00  5.14674218E-01 -9.73767977E-01  4.15255513E-01  4.08704236E+00  5.33721469E-01  3.94813432E-02
 -4.03662954E-01  1.00000000E+00  5.06246306E-01 -9.74171835E-01  4.16453235E-01  4.09421928E+00  5.33052926E-01  3.95685151E-02
 -3.91176988E-01  1.00000000E+00  4.97818394E-01 -9.74576574E-01  4.17771090E-01  4.10140971E+00  5.32385488E-01  3.96558247E-02
 -3.79440270E-01  1.00000000E+00  4.89935865E-01 -9.75310057E-01  4.19192990E-01  4.10994299E+00  5.31718638E-01  3.97580483E-02
 -3.67703552E-01  1.00000000E+00  4.82053335E-01 -9.76045117E-01  4.20689409E-01  4.11849478E+00  5.31053200E-01  3.98604620E-02
 -3.56671122E-01  1.00000000E+00  4.74824036E-01 -9.76665694E-01  4.22271709E-01  4.12794248E+00  5.30227486E-01  3.99746110E-02
 -3.45638692E-01  1.00000000E+00  4.67594738E-01 -9.77287908E-01  4.23917190E-01  4.13741317E+00  5.29403591E-01  4.00889954E-02
 -3.35268287E-01  1.00000000E+00  4.60831737E-01 -9.78046191E-01  4.25589796E-01  4.14740932E+00  5.28589619E-01  4.02091078E-02
 -3.24897882E-01  1.00000000E+00  4.54068736E-01 -9.78806444E-01  4.27407379E-01  4.15743085E+00  5.27777579E-01  4.03294807E-02
 -3.15149775E-01  1.00000000E+00  4.47868605E-01 -9.79545641E-01  4.29337185E-01  4.16826281E+00  5.26867879E-01  4.04599437E-02
 -3.05401669E-01  1.00000000E+00  4.41668474E-01 -9.80286985E-01  4.31319078E-01  4.17912464E+00  5.25960448E-01  4.05907133E-02
 -2.96238520E-01  1.00000000E+00  4.35854379E-01 -9.80822146E-01  4.33332396E-01  4.19166833E+00  5.24757303E-01  4.07434558E-02
 -2.87075371E-01  1.00000000E+00  4.30040283E-01 -9.81359580E-01  4.35584700E-01  4.20425285E+00  5.23557499E-01  4.08966150E-02
 -2.78462077E-01  1.00000000E+00  4.24726534E-01 -9.82303101E-01  4.37885374E-01  4.21755238E+00  5.22473849E-01  4.10564281E-02
 -2.69848783E-01  1.00000000E+00  4.19412785E-01 -9.83249896E-01  4.40296099E-01  4.23089627E+00  5.21393544E-01  4.12166969E-02
 -2.61752348E-01  1.00000000E+00  4.14533639E-01 -9.84415136E-01  4.42732688E-01  4.24516097E+00  5.20326988E-01  4.13870443E-02
 -2.53655913E-01  1.00000000E+00  4.09654492E-01 -9.85584426E-01  4.45304079E-01  4.25947591E+00  5.19264035E-01  4.15579098E-02
 -2.46045323E-01  1.00000000E+00  4.05173510E-01 -9.86221360E-01  4.47985278E-01  4.27447346E+00  5.17873957E-01  4.17399945E-02
 -2.38434732E-01  1.00000000E+00  4.00692528E-01 -9.86861407E-01  4.50746926E-01  4.28952824E+00  5.16488395E-01  4.19226649E-02
 -2.31280830E-01  1.00000000E+00  3.96574627E-01 -9.87658069E-01  4.53603007E-01  4.30526693E+00  5.15115446E-01  4.21127942E-02
 -2.24126928E-01  1.00000000E+00  3.92456727E-01 -9.88458371E-01  4.56568590E-01  4.32106764E+00  5.13747161E-01  4.23035609E-02
 -2.17402314E-01  1.00000000E+00  3.88664715E-01 -9.90161235E-01  4.59639864E-01  4.33904261E+00  5.12566030E-01  4.25164065E-02
 -2.10677699E-01  1.00000000E+00  3.84872702E-01 -9.91871037E-01  4.62810122E-01  4.35709481E+00  5.11390171E-01  4.27300515E-02
 -2.04351753E-01  1.00000000E+00  3.81469239E-01 -9.92813486E-01  4.66140282E-01  4.37588464E+00  5.09789385E-01  4.29566139E-02
 -1.98025807E-01  1.00000000E+00  3.78065776E-01 -9.93760967E-01  4.69541084E-01  4.39476146E+00  5.08195005E-01  4.31840717E-02
 -1.91837501E-01  1.00000000E+00  3.74854057E-01 -9.95317517E-01  4.73247744E-01  4.41510060E+00  5.06743389E-01  4.34261912E-02
 -1.85649194E-01  1.00000000E+00  3.71642337E-01 -9.96881497E-01  4.77055079E-01  4.43553829E+00  5.05298417E-01  4.36693319E-02
 -1.79460888E-01  1.00000000E+00  3.68621378E-01 -9.97061026E-01  4.81265918E-01  4.45823145E+00  5.02994936E-01  4.39470724E-02
 -1.73272582E-01  1.00000000E+00  3.65600418E-01 -9.97244641E-01  4.85615132E-01  4.48105533E+00  5.00702139E-01  4.42261466E-02
 -1.67084275E-01  1.00000000E+00  3.62657039E-01 -9.99742072E-01  4.90401665E-01  4.50787639E+00  4.99067485E-01  4.45423212E-02
 -1.60895969E-01  1.00000000E+00  3.59713661E-01 -1.00225397E+00  4.95376507E-01  4.53486310E+00  4.97443344E-01  4.48602195E-02
 -1.54707662E-01  1.00000000E+00  3.57013507E-01 -1.00310194E+00  5.01013769E-01  4.56482854E+00  4.94790210E-01  4.52226481E-02
 -1.48519356E-01  1.00000000E+00  3.54313353E-01 -1.00395892E+00  5.06834585E-01  4.59501114E+00  4.92152879E-01  4.55873140E-02
 -1.42331049E-01  1.00000000E+00  3.52019575E-01 -1.00641805E+00  5.13428558E-01  4.63041379E+00  4.89743820E-01  4.60074441E-02
 -1.36142743E-01  1.00000000E+00  3.49725797E-01 -1.00889681E+00  5.20408776E-01  4.66610291E+00  4.87352777E-01  4.64305570E-02
 -1.29954436E-01  1.00000000E+00  3.47762011E-01 -1.01038986E+00  5.27896685E-01  4.70533600E+00  4.84235768E-01  4.69011137E-02
 -1.23766130E-01  1.00000000E+00  3.45798226E-01 -1.01189918E+00  5.35950677E-01  4.74492627E+00  4.81142318E-01  4.73753773E-02
 -1.17577823E-01  1.00000000E+00  3.43968632E-01 -1.01469563E+00  5.45217968E-01  4.79390942E+00  4.77770660E-01  4.79570973E-02
 -1.11389517E-01  1.00000000E+00  3.42139038E-01 -1.01752319E+00  5.54978526E-01  4.84342867E+00  4.74431489E-01  4.85444131E-02
 -1.05201210E-01  1.00000000E+00  3.41186492E-01 -1.02041630E+00  5.66382928E-01  4.90244697E+00  4.70331142E-01  4.92457314E-02
 -9.90129037E-02  1.00000000E+00  3.40233945E-01 -1.02334883E+00  5.78382467E-01  4.96223286E+00  4.66276483E-01  4.99550709E-02
 -9.28245972E-02  1.00000000E+00  3.40244315E-01 -1.02366335E+00  5.92406356E-01  5.02956926E+00  4.60587121E-01  5.07664682E-02
 -8.66362908E-02  1.00000000E+00  3.40254686E-01 -1.02399925E+00  6.07174852E-01  5.09793101E+00  4.54965905E-01  5.15885012E-02
 -8.04479843E-02  1.00000000E+00  3.40958865E-01 -1.03002590E+00  6.25232262E-01  5.18719862E+00  4.50083630E-01  5.26346111E-02
 -7.42596778E-02  1.00000000E+00  3.41663043E-01 -1.03615518E+00  6.44761873E-01  5.27809882E+00  4.45284111E-01  5.36979412E-02
 -6.80713713E-02  1.00000000E+00  3.44511127E-01 -1.03280643E+00  6.68089958E-01  5.38343515E+00  4.35838614E-01  5.49732949E-02
 -6.18830648E-02  1.00000000E+00  3.47359210E-01 -1.02944672E+00  6.94165872E-01  5.49124439E+00  4.26564724E-01  5.62742185E-02
 -5.56947583E-02  1.00000000E+00  3.52043123E-01 -1.04273329E+00  7.26476451E-01  5.65485868E+00  4.19903364E-01  5.81661702E-02
 -4.95064519E-02  1.00000000E+00  3.56727035E-01 -1.05638223E+00  7.64544417E-01  5.82347949E+00  4.13455936E-01  6.01113729E-02
 -4.33181454E-02  1.00000000E+00  3.80447144E-01 -1.07499480E+00  8.12244350E-01  6.11499690E+00  4.01325437E-01  6.34852385E-02
 -3.71298389E-02  1.00000000E+00  4.04167254E-01 -1.09445800E+00  8.70878398E-01  6.42167568E+00  3.89780522E-01  6.70210573E-02
 -3.09415324E-02  1.00000000E+00  3.63416968E-01 -9.73643751E-01  9.61917623E-01  6.24431964E+00  3.60793698E-01  6.53725105E-02
 -2.47532259E-02  1.00000000E+00  3.22666683E-01 -8.57176830E-01  1.04372357E+00  6.07905097E+00  3.35480728E-01  6.38174472E-02
 -1.85649194E-02  1.00000000E+00  7.73211402E-01 -1.34408828E+00  1.19048578E+00  8.29843752E+00  3.78532788E-01  8.79989414E-02
 -1.23766130E-02  1.00000000E+00  1.22375612E+00 -2.01464485E+00  1.58801721E+00  1.13638619E+01  4.77315409E-01  1.20961628E-01
 -6.18830648E-03  1.00000000E+00 -3.71059716E-01  8.91894050E-01  2.50202086E+00  9.47769178E+00  2.27985174E-01  1.02774518E-01
  0.00000000E+00  1.00000000E+00 -1.96587555E+00  4.60561112E+00  4.50513503E+00  1.30686072E+01  1.72756724E+00  1.26011555E-01
