# curve 5 (die wall), step =      200, time =   8.00000000E+01
# N1 = tau_xx - tau_yy = G ( c_xx - c_yy ),  G =  1.1111E-02  (polymer part only)
#              x               y        pressure            c_xy        gammadot            c_xx            c_yy              N1
 -3.00000000E+00  1.00000000E+00  2.42697465E+00 -9.68657929E-01  4.02785343E-01  4.01432208E+00  5.40127647E-01  3.86021604E-02
 -2.97524677E+00  1.00000000E+00  2.40849838E+00 -9.68628584E-01  4.02787060E-01  4.01418427E+00  5.40130851E-01  3.86005936E-02
 -2.95049355E+00  1.00000000E+00  2.39002211E+00 -9.68599240E-01  4.02788200E-01  4.01404646E+00  5.40134055E-01  3.85990268E-02
 -2.92574032E+00  1.00000000E+00  2.37154273E+00 -9.68617954E-01  4.02788577E-01  4.01417932E+00  5.40127127E-01  3.86005799E-02
 -2.90098710E+00  1.00000000E+00  2.35306336E+00 -9.68636668E-01  4.02788307E-01  4.01431217E+00  5.40120199E-01  3.86021330E-02
 -2.87623387E+00  1.00000000E+00  2.33458272E+00 -9.68673408E-01  4.02787950E-01  4.01464627E+00  5.40098149E-01  3.86060902E-02
 -2.85148064E+00  1.00000000E+00  2.31610208E+00 -9.68710151E-01  4.02787536E-01  4.01498039E+00  5.40076100E-01  3.86100477E-02
 -2.82672742E+00  1.00000000E+00  2.29762318E+00 -9.68650687E-01  4.02787857E-01  4.01459483E+00  5.40094428E-01  3.86055600E-02
 -2.80197419E+00  1.00000000E+00  2.27914428E+00 -9.68591227E-01  4.02787896E-01  4.01420930E+00  5.40112759E-01  3.86010727E-02
 -2.77722097E+00  1.00000000E+00  2.26066438E+00 -9.68619125E-01  4.02788334E-01  4.01419677E+00  5.40125753E-01  3.86007891E-02
 -2.75246774E+00  1.00000000E+00  2.24218448E+00 -9.68647023E-01  4.02788595E-01  4.01418424E+00  5.40138746E-01  3.86005054E-02
 -2.72771451E+00  1.00000000E+00  2.22370572E+00 -9.68631305E-01  4.02788251E-01  4.01420269E+00  5.40130282E-01  3.86008045E-02
 -2.70296129E+00  1.00000000E+00  2.20522697E+00 -9.68615587E-01  4.02787507E-01  4.01422114E+00  5.40121817E-01  3.86011036E-02
 -2.67820806E+00  1.00000000E+00  2.18674733E+00 -9.68634790E-01  4.02787355E-01  4.01423790E+00  5.40127710E-01  3.86012244E-02
 -2.65345484E+00  1.00000000E+00  2.16826768E+00 -9.68653993E-01  4.02787453E-01  4.01425466E+00  5.40133602E-01  3.86013451E-02
 -2.62870161E+00  1.00000000E+00  2.14978854E+00 -9.68654881E-01  4.02787689E-01  4.01422837E+00  5.40136921E-01  3.86010160E-02
 -2.60394839E+00  1.00000000E+00  2.13130940E+00 -9.68655769E-01  4.02787933E-01  4.01420207E+00  5.40140240E-01  3.86006870E-02
 -2.57919516E+00  1.00000000E+00  2.11283025E+00 -9.68633481E-01  4.02787723E-01  4.01417722E+00  5.40133851E-01  3.86004819E-02
 -2.55444193E+00  1.00000000E+00  2.09435110E+00 -9.68611193E-01  4.02787309E-01  4.01415238E+00  5.40127461E-01  3.86002769E-02
 -2.52968871E+00  1.00000000E+00  2.07587053E+00 -9.68640674E-01  4.02786946E-01  4.01440064E+00  5.40112295E-01  3.86032038E-02
 -2.50493548E+00  1.00000000E+00  2.05738995E+00 -9.68670156E-01  4.02786259E-01  4.01464891E+00  5.40097130E-01  3.86061309E-02
 -2.48018226E+00  1.00000000E+00  2.03891104E+00 -9.68635189E-01  4.02786517E-01  4.01436947E+00  5.40113454E-01  3.86028446E-02
 -2.45542903E+00  1.00000000E+00  2.02043213E+00 -9.68600223E-01  4.02786796E-01  4.01409005E+00  5.40129780E-01  3.85995586E-02
 -2.43067580E+00  1.00000000E+00  2.00195305E+00 -9.68610711E-01  4.02787068E-01  4.01406791E+00  5.40136616E-01  3.85992366E-02
 -2.40592258E+00  1.00000000E+00  1.98347398E+00 -9.68621199E-01  4.02787206E-01  4.01404577E+00  5.40143451E-01  3.85989146E-02
 -2.38116935E+00  1.00000000E+00  1.96499471E+00 -9.68601847E-01  4.02786571E-01  4.01402495E+00  5.40137885E-01  3.85987452E-02
 -2.35641613E+00  1.00000000E+00  1.94651544E+00 -9.68582495E-01  4.02785499E-01  4.01400414E+00  5.40132319E-01  3.85985758E-02
 -2.33166290E+00  1.00000000E+00  1.92803568E+00 -9.68605303E-01  4.02785006E-01  4.01410283E+00  5.40130772E-01  3.85996896E-02
 -2.30690967E+00  1.00000000E+00  1.90955591E+00 -9.68628112E-01  4.02784366E-01  4.01420153E+00  5.40129226E-01  3.86008034E-02
 -2.28215645E+00  1.00000000E+00  1.89107673E+00 -9.68640985E-01  4.02783954E-01  4.01420810E+00  5.40133679E-01  3.86008269E-02
 -2.25740322E+00  1.00000000E+00  1.87259754E+00 -9.68653858E-01  4.02783827E-01  4.01421468E+00  5.40138133E-01  3.86008505E-02
 -2.23265000E+00  1.00000000E+00  1.85411741E+00 -9.68658974E-01  4.02783030E-01  4.01439331E+00  5.40120611E-01  3.86030300E-02
 -2.20789677E+00  1.00000000E+00  1.83563727E+00 -9.68664090E-01  4.02781684E-01  4.01457196E+00  5.40103090E-01  3.86052097E-02
 -2.18314354E+00  1.00000000E+00  1.81715839E+00 -9.68633823E-01  4.02781079E-01  4.01429156E+00  5.40121738E-01  3.86018869E-02
 -2.15839032E+00  1.00000000E+00  1.79867950E+00 -9.68603558E-01  4.02780452E-01  4.01401117E+00  5.40140386E-01  3.85985643E-02
 -2.13363709E+00  1.00000000E+00  1.78020107E+00 -9.68612191E-01  4.02779775E-01  4.01401715E+00  5.40143292E-01  3.85985985E-02
 -2.10888387E+00  1.00000000E+00  1.76172264E+00 -9.68620823E-01  4.02778955E-01  4.01402314E+00  5.40146198E-01  3.85986326E-02
 -2.08413064E+00  1.00000000E+00  1.74324314E+00 -9.68621766E-01  4.02777850E-01  4.01400143E+00  5.40149024E-01  3.85983600E-02
 -2.05937741E+00  1.00000000E+00  1.72476365E+00 -9.68622709E-01  4.02776560E-01  4.01397972E+00  5.40151850E-01  3.85980874E-02
 -2.03462419E+00  1.00000000E+00  1.70628494E+00 -9.68609403E-01  4.02774694E-01  4.01399184E+00  5.40145038E-01  3.85982978E-02
 -2.00987096E+00  1.00000000E+00  1.68780623E+00 -9.68596097E-01  4.02772593E-01  4.01400397E+00  5.40138227E-01  3.85985082E-02
 -1.98511774E+00  1.00000000E+00  1.66932729E+00 -9.68612654E-01  4.02770885E-01  4.01401156E+00  5.40144385E-01  3.85985241E-02
 -1.96036451E+00  1.00000000E+00  1.65084835E+00 -9.68629211E-01  4.02769113E-01  4.01401915E+00  5.40150544E-01  3.85985401E-02
 -1.93561128E+00  1.00000000E+00  1.63237033E+00 -9.68635123E-01  4.02766446E-01  4.01417550E+00  5.40135878E-01  3.86004403E-02
 -1.91085806E+00  1.00000000E+00  1.61389231E+00 -9.68641036E-01  4.02763583E-01  4.01433186E+00  5.40121212E-01  3.86023405E-02
 -1.88610483E+00  1.00000000E+00  1.59541357E+00 -9.68651180E-01  4.02760879E-01  4.01428257E+00  5.40130598E-01  3.86016885E-02
 -1.86135161E+00  1.00000000E+00  1.57693482E+00 -9.68661324E-01  4.02757866E-01  4.01423328E+00  5.40139985E-01  3.86010366E-02
 -1.83659838E+00  1.00000000E+00  1.55845868E+00 -9.68628885E-01  4.02755026E-01  4.01405562E+00  5.40146837E-01  3.85989865E-02
 -1.81184516E+00  1.00000000E+00  1.53998254E+00 -9.68596448E-01  4.02751987E-01  4.01387798E+00  5.40153688E-01  3.85969365E-02
 -1.78709193E+00  1.00000000E+00  1.52150583E+00 -9.68623712E-01  4.02746772E-01  4.01420806E+00  5.40128530E-01  3.86008837E-02
 -1.76233870E+00  1.00000000E+00  1.50302913E+00 -9.68650979E-01  4.02740659E-01  4.01453817E+00  5.40103373E-01  3.86048311E-02
 -1.73758548E+00  1.00000000E+00  1.48455288E+00 -9.68648901E-01  4.02736359E-01  4.01440062E+00  5.40117936E-01  3.86031410E-02
 -1.71283225E+00  1.00000000E+00  1.46607662E+00 -9.68646824E-01  4.02731365E-01  4.01426308E+00  5.40132498E-01  3.86014509E-02
 -1.68807903E+00  1.00000000E+00  1.44760284E+00 -9.68660576E-01  4.02726123E-01  4.01420083E+00  5.40145464E-01  3.86006152E-02
 -1.66332580E+00  1.00000000E+00  1.42912907E+00 -9.68674329E-01  4.02720236E-01  4.01413858E+00  5.40158429E-01  3.85997795E-02
 -1.63857257E+00  1.00000000E+00  1.41065790E+00 -9.68640593E-01  4.02712715E-01  4.01406714E+00  5.40152537E-01  3.85990511E-02
 -1.61381935E+00  1.00000000E+00  1.39218672E+00 -9.68606857E-01  4.02704929E-01  4.01399569E+00  5.40146646E-01  3.85983227E-02
 -1.58906612E+00  1.00000000E+00  1.37371555E+00 -9.68615275E-01  4.02696983E-01  4.01384135E+00  5.40167721E-01  3.85963736E-02
 -1.56431290E+00  1.00000000E+00  1.35524438E+00 -9.68623693E-01  4.02688703E-01  4.01368701E+00  5.40188797E-01  3.85944246E-02
 -1.53955967E+00  1.00000000E+00  1.33677907E+00 -9.68601275E-01  4.02679431E-01  4.01353545E+00  5.40196771E-01  3.85926519E-02
 -1.51480644E+00  1.00000000E+00  1.31831375E+00 -9.68578858E-01  4.02669996E-01  4.01338389E+00  5.40204746E-01  3.85908794E-02
 -1.49005322E+00  1.00000000E+00  1.29985007E+00 -9.68565532E-01  4.02658950E-01  4.01337428E+00  5.40201023E-01  3.85908139E-02
 -1.46529999E+00  1.00000000E+00  1.28138638E+00 -9.68552205E-01  4.02647011E-01  4.01336466E+00  5.40197300E-01  3.85907485E-02
 -1.44054677E+00  1.00000000E+00  1.26292640E+00 -9.68586860E-01  4.02634553E-01  4.01366210E+00  5.40179458E-01  3.85942516E-02
 -1.41579354E+00  1.00000000E+00  1.24446643E+00 -9.68621516E-01  4.02619859E-01  4.01395957E+00  5.40161618E-01  3.85977550E-02
 -1.39104031E+00  1.00000000E+00  1.22601422E+00 -9.68557623E-01  4.02606379E-01  4.01347244E+00  5.40189664E-01  3.85920309E-02
 -1.36628709E+00  1.00000000E+00  1.20756201E+00 -9.68493737E-01  4.02593687E-01  4.01298538E+00  5.40217715E-01  3.85863074E-02
 -1.34153386E+00  1.00000000E+00  1.18911686E+00 -9.68519376E-01  4.02579370E-01  4.01292252E+00  5.40235961E-01  3.85854062E-02
 -1.31678064E+00  1.00000000E+00  1.17067171E+00 -9.68545014E-01  4.02563805E-01  4.01285966E+00  5.40254208E-01  3.85845050E-02
 -1.29202741E+00  1.00000000E+00  1.15223601E+00 -9.68543800E-01  4.02547168E-01  4.01288383E+00  5.40251734E-01  3.85848010E-02
 -1.26727418E+00  1.00000000E+00  1.13380031E+00 -9.68542586E-01  4.02530260E-01  4.01290800E+00  5.40249261E-01  3.85850971E-02
 -1.24252096E+00  1.00000000E+00  1.11537519E+00 -9.68567126E-01  4.02515528E-01  4.01298322E+00  5.40252337E-01  3.85858987E-02
 -1.21776773E+00  1.00000000E+00  1.09695007E+00 -9.68591666E-01  4.02495242E-01  4.01305844E+00  5.40255413E-01  3.85867003E-02
 -1.19301451E+00  1.00000000E+00  1.07853779E+00 -9.68527785E-01  4.02478309E-01  4.01264956E+00  5.40274723E-01  3.85819426E-02
 -1.16826128E+00  1.00000000E+00  1.06012551E+00 -9.68463910E-01  4.02466205E-01  4.01224072E+00  5.40294036E-01  3.85771853E-02
 -1.14350806E+00  1.00000000E+00  1.04173299E+00 -9.68503010E-01  4.02452140E-01  4.01231641E+00  5.40302907E-01  3.85779279E-02
 -1.11875483E+00  1.00000000E+00  1.02334048E+00 -9.68542110E-01  4.02436390E-01  4.01239211E+00  5.40311779E-01  3.85786704E-02
 -1.09400160E+00  1.00000000E+00  1.00496870E+00 -9.68530504E-01  4.02429445E-01  4.01229691E+00  5.40317028E-01  3.85775543E-02
 -1.06924838E+00  1.00000000E+00  9.86596929E-01 -9.68518898E-01  4.02422648E-01  4.01220171E+00  5.40322278E-01  3.85764382E-02
 -1.04449515E+00  1.00000000E+00  9.68250155E-01 -9.68504256E-01  4.02416029E-01  4.01208134E+00  5.40330387E-01  3.85750106E-02
 -1.01974193E+00  1.00000000E+00  9.49903381E-01 -9.68489615E-01  4.02409936E-01  4.01196098E+00  5.40338497E-01  3.85735831E-02
 -9.94988700E-01  1.00000000E+00  9.31587749E-01 -9.68501496E-01  4.02416765E-01  4.01204908E+00  5.40334504E-01  3.85746064E-02
 -9.70235474E-01  1.00000000E+00  9.13272117E-01 -9.68513377E-01  4.02428985E-01  4.01213719E+00  5.40330511E-01  3.85756297E-02
 -9.45482248E-01  1.00000000E+00  8.94994403E-01 -9.68499423E-01  4.02453926E-01  4.01226515E+00  5.40306244E-01  3.85773212E-02
 -9.20729022E-01  1.00000000E+00  8.76716689E-01 -9.68485471E-01  4.02484225E-01  4.01239312E+00  5.40281978E-01  3.85790127E-02
 -8.95975796E-01  1.00000000E+00  8.58485641E-01 -9.68482600E-01  4.02527591E-01  4.01250118E+00  5.40268260E-01  3.85803657E-02
 -8.71222570E-01  1.00000000E+00  8.40254592E-01 -9.68479730E-01  4.02577492E-01  4.01260923E+00  5.40254543E-01  3.85817188E-02
 -8.46469344E-01  1.00000000E+00  8.22074356E-01 -9.68573818E-01  4.02664781E-01  4.01332517E+00  5.40213474E-01  3.85901300E-02
 -8.21716118E-01  1.00000000E+00  8.03894120E-01 -9.68667921E-01  4.02754679E-01  4.01404125E+00  5.40172415E-01  3.85985426E-02
 -7.97201467E-01  1.00000000E+00  7.85964023E-01 -9.68753794E-01  4.02895210E-01  4.01491427E+00  5.40105609E-01  3.86089852E-02
 -7.72686817E-01  1.00000000E+00  7.68033926E-01 -9.68839687E-01  4.03038939E-01  4.01578750E+00  5.40038819E-01  3.86194298E-02
 -7.49503432E-01  1.00000000E+00  7.51147755E-01 -9.68803138E-01  4.03222232E-01  4.01687089E+00  5.39885840E-01  3.86331672E-02
 -7.26320047E-01  1.00000000E+00  7.34261585E-01 -9.68766597E-01  4.03428710E-01  4.01795463E+00  5.39732902E-01  3.86469080E-02
 -7.04527831E-01  1.00000000E+00  7.18458556E-01 -9.69029358E-01  4.03676535E-01  4.01943329E+00  5.39681259E-01  3.86639115E-02
 -6.82735615E-01  1.00000000E+00  7.02655527E-01 -9.69292206E-01  4.03943946E-01  4.02091250E+00  5.39629658E-01  3.86809205E-02
 -6.62251087E-01  1.00000000E+00  6.87894667E-01 -9.69245173E-01  4.04275401E-01  4.02289902E+00  5.39357640E-01  3.87060154E-02
 -6.41766559E-01  1.00000000E+00  6.73133807E-01 -9.69198171E-01  4.04636844E-01  4.02488670E+00  5.39085753E-01  3.87311217E-02
 -6.22511254E-01  1.00000000E+00  6.59325342E-01 -9.69283176E-01  4.05032562E-01  4.02716447E+00  5.38846204E-01  3.87590918E-02
 -6.03255949E-01  1.00000000E+00  6.45516878E-01 -9.69368259E-01  4.05465795E-01  4.02944364E+00  5.38606780E-01  3.87870762E-02
 -5.85156097E-01  1.00000000E+00  6.32620872E-01 -9.69759983E-01  4.05961043E-01  4.03245518E+00  5.38428014E-01  3.88225241E-02
 -5.67056245E-01  1.00000000E+00  6.19724866E-01 -9.70151980E-01  4.06489189E-01  4.03546900E+00  5.38249421E-01  3.88579953E-02
 -5.50042515E-01  1.00000000E+00  6.07688078E-01 -9.70248032E-01  4.07106418E-01  4.03919228E+00  5.37836445E-01  3.89039538E-02
 -5.33028786E-01  1.00000000E+00  5.95651289E-01 -9.70344270E-01  4.07749776E-01  4.04291937E+00  5.37423823E-01  3.89499505E-02
 -5.17036006E-01  1.00000000E+00  5.84433027E-01 -9.70692591E-01  4.08463998E-01  4.04731599E+00  5.37060385E-01  3.90028401E-02
 -5.01043227E-01  1.00000000E+00  5.73214766E-01 -9.71041314E-01  4.09227471E-01  4.05171764E+00  5.36697332E-01  3.90557812E-02
 -4.86010125E-01  1.00000000E+00  5.62756849E-01 -9.71451766E-01  4.10054811E-01  4.05673302E+00  5.36282154E-01  3.91161207E-02
 -4.70977023E-01  1.00000000E+00  5.52298931E-01 -9.71862759E-01  4.10950896E-01  4.06175489E+00  5.35867494E-01  3.91765267E-02
 -4.56846016E-01  1.00000000E+00  5.42532993E-01 -9.72248184E-01  4.11902141E-01  4.06758740E+00  5.35346647E-01  3.92471194E-02
 -4.42715008E-01  1.00000000E+00  5.32767055E-01 -9.72634247E-01  4.12925429E-01  4.07342879E+00  5.34826516E-01  3.93178030E-02
 -4.29431964E-01  1.00000000E+00  5.23723049E-01 -9.73097111E-01  4.14058305E-01  4.08024632E+00  5.34227420E-01  3.94002100E-02
 -4.16148920E-01  1.00000000E+00  5.14679043E-01 -9.73560855E-01  4.15259598E-01  4.08707595E+00  5.33629286E-01  3.94827407E-02
 -4.03662954E-01  1.00000000E+00  5.06251121E-01 -9.73964966E-01  4.16457259E-01  4.09424041E+00  5.32962414E-01  3.95697555E-02
 -3.91176988E-01  1.00000000E+00  4.97823198E-01 -9.74369955E-01  4.17775060E-01  4.10141832E+00  5.32296642E-01  3.96569076E-02
 -3.79440270E-01  1.00000000E+00  4.89940665E-01 -9.75103806E-01  4.19196911E-01  4.10993870E+00  5.31631537E-01  3.97589685E-02
 -3.67703552E-01  1.00000000E+00  4.82058132E-01 -9.75839232E-01  4.20693286E-01  4.11847754E+00  5.30967841E-01  3.98612188E-02
 -3.56671122E-01  1.00000000E+00  4.74828827E-01 -9.76460257E-01  4.22275548E-01  4.12791359E+00  5.30143770E-01  3.99752202E-02
 -3.45638692E-01  1.00000000E+00  4.67599521E-01 -9.77082917E-01  4.23920991E-01  4.13737258E+00  5.29321514E-01  4.00894563E-02
 -3.35268287E-01  1.00000000E+00  4.60836530E-01 -9.77842335E-01  4.25593540E-01  4.14735480E+00  5.28509711E-01  4.02093898E-02
 -3.24897882E-01  1.00000000E+00  4.54073538E-01 -9.78603721E-01  4.27411072E-01  4.15736232E+00  5.27699834E-01  4.03295832E-02
 -3.15149775E-01  1.00000000E+00  4.47873403E-01 -9.79343407E-01  4.29340838E-01  4.16818406E+00  5.26791594E-01  4.04599163E-02
 -3.05401669E-01  1.00000000E+00  4.41673268E-01 -9.80085237E-01  4.31322684E-01  4.17903561E+00  5.25885620E-01  4.05905554E-02
 -2.96238520E-01  1.00000000E+00  4.35859172E-01 -9.80622158E-01  4.33335947E-01  4.19156427E+00  5.24685030E-01  4.07431027E-02
 -2.87075371E-01  1.00000000E+00  4.30045077E-01 -9.81161353E-01  4.35588205E-01  4.20413366E+00  5.23487771E-01  4.08960655E-02
 -2.78462077E-01  1.00000000E+00  4.24731328E-01 -9.82106244E-01  4.37888849E-01  4.21742052E+00  5.22406187E-01  4.10557149E-02
 -2.69848783E-01  1.00000000E+00  4.19417578E-01 -9.83054409E-01  4.40299544E-01  4.23075166E+00  5.21327941E-01  4.12158190E-02
 -2.61752348E-01  1.00000000E+00  4.14538441E-01 -9.84222320E-01  4.42736084E-01  4.24500300E+00  5.20264031E-01  4.13859885E-02
 -2.53655913E-01  1.00000000E+00  4.09659304E-01 -9.85394283E-01  4.45307430E-01  4.25930448E+00  5.19203717E-01  4.15566751E-02
 -2.46045323E-01  1.00000000E+00  4.05178319E-01 -9.86033872E-01  4.47988593E-01  4.27428911E+00  5.17816230E-01  4.17385875E-02
 -2.38434732E-01  1.00000000E+00  4.00697334E-01 -9.86676576E-01  4.50750204E-01  4.28933085E+00  5.16433250E-01  4.19210845E-02
 -2.31280830E-01  1.00000000E+00  3.96579438E-01 -9.87476507E-01  4.53606242E-01  4.30505767E+00  5.15062988E-01  4.21110520E-02
 -2.24126928E-01  1.00000000E+00  3.92461542E-01 -9.88280084E-01  4.56571782E-01  4.32084640E+00  5.13697380E-01  4.23016558E-02
 -2.17402314E-01  1.00000000E+00  3.88669521E-01 -9.89987157E-01  4.59643012E-01  4.33881151E+00  5.12519021E-01  4.25143610E-02
 -2.10677699E-01  1.00000000E+00  3.84877500E-01 -9.91701175E-01  4.62813226E-01  4.35685375E+00  5.11345928E-01  4.27278647E-02
 -2.04351753E-01  1.00000000E+00  3.81474033E-01 -9.92647886E-01  4.66143355E-01  4.37563399E+00  5.09747907E-01  4.29542898E-02
 -1.98025807E-01  1.00000000E+00  3.78070566E-01 -9.93599638E-01  4.69544124E-01  4.39450112E+00  5.08156284E-01  4.31816093E-02
 -1.91837501E-01  1.00000000E+00  3.74858827E-01 -9.95159877E-01  4.73250759E-01  4.41483262E+00  5.06706936E-01  4.34236187E-02
 -1.85649194E-01  1.00000000E+00  3.71647089E-01 -9.96727555E-01  4.77058069E-01  4.43526257E+00  5.05264226E-01  4.36666483E-02
 -1.79460888E-01  1.00000000E+00  3.68626116E-01 -9.96911707E-01  4.81268887E-01  4.45794777E+00  5.02963442E-01  4.39442703E-02
 -1.73272582E-01  1.00000000E+00  3.65605143E-01 -9.97099958E-01  4.85618079E-01  4.48076356E+00  5.00673329E-01  4.42232247E-02
 -1.67084275E-01  1.00000000E+00  3.62661742E-01 -9.99604695E-01  4.90404587E-01  4.50758159E+00  4.99041807E-01  4.45393309E-02
 -1.60895969E-01  1.00000000E+00  3.59718340E-01 -1.00212393E+00  4.95379404E-01  4.53456521E+00  4.97420798E-01  4.48571601E-02
 -1.54707662E-01  1.00000000E+00  3.57018155E-01 -1.00297867E+00  5.01016651E-01  4.56452700E+00  4.94770639E-01  4.52195152E-02
 -1.48519356E-01  1.00000000E+00  3.54317970E-01 -1.00384245E+00  5.06837449E-01  4.59470586E+00  4.92136269E-01  4.55841066E-02
 -1.42331049E-01  1.00000000E+00  3.52024137E-01 -1.00630477E+00  5.13431434E-01  4.63010290E+00  4.89728860E-01  4.60041560E-02
 -1.36142743E-01  1.00000000E+00  3.49730304E-01 -1.00878674E+00  5.20411678E-01  4.66578631E+00  4.87339463E-01  4.64271872E-02
 -1.29954436E-01  1.00000000E+00  3.47766483E-01 -1.01029099E+00  5.27899580E-01  4.70502568E+00  4.84226087E-01  4.68977732E-02
 -1.23766130E-01  1.00000000E+00  3.45802662E-01 -1.01181160E+00  5.35953562E-01  4.74462224E+00  4.81136263E-01  4.73720664E-02
 -1.17577823E-01  1.00000000E+00  3.43972974E-01 -1.01461797E+00  5.45220872E-01  4.79361551E+00  4.77767262E-01  4.79538694E-02
 -1.11389517E-01  1.00000000E+00  3.42143286E-01 -1.01745555E+00  5.54981465E-01  4.84314503E+00  4.74430754E-01  4.85412697E-02
 -1.05201210E-01  1.00000000E+00  3.41190639E-01 -1.02035740E+00  5.66385906E-01  4.90217334E+00  4.70332556E-01  4.92426753E-02
 -9.90129037E-02  1.00000000E+00  3.40237991E-01 -1.02329877E+00  5.78385485E-01  4.96196942E+00  4.66280052E-01  4.99521041E-02
 -9.28245972E-02  1.00000000E+00  3.40248305E-01 -1.02362471E+00  5.92409431E-01  5.02932302E+00  4.60593163E-01  5.07636651E-02
 -8.66362908E-02  1.00000000E+00  3.40258620E-01 -1.02397216E+00  6.07177975E-01  5.09770231E+00  4.54974413E-01  5.15858655E-02
 -8.04479843E-02  1.00000000E+00  3.40962541E-01 -1.03000653E+00  6.25235511E-01  5.18698698E+00  4.50093184E-01  5.26321533E-02
 -7.42596778E-02  1.00000000E+00  3.41666462E-01 -1.03614366E+00  6.44765279E-01  5.27790483E+00  4.45294749E-01  5.36956675E-02
 -6.80713713E-02  1.00000000E+00  3.44514469E-01 -1.03280676E+00  6.68093491E-01  5.38327394E+00  4.35850498E-01  5.49713716E-02
 -6.18830648E-02  1.00000000E+00  3.47362477E-01 -1.02945907E+00  6.94169508E-01  5.49111712E+00  4.26577861E-01  5.62726585E-02
 -5.56947583E-02  1.00000000E+00  3.52046084E-01 -1.04274959E+00  7.26480306E-01  5.65475051E+00  4.19916058E-01  5.81648272E-02
 -4.95064519E-02  1.00000000E+00  3.56729692E-01 -1.05640262E+00  7.64548578E-01  5.82339166E+00  4.13468257E-01  6.01102601E-02
 -4.33181454E-02  1.00000000E+00  3.80449434E-01 -1.07502441E+00  8.12248829E-01  6.11496550E+00  4.01336691E-01  6.34847645E-02
 -3.71298389E-02  1.00000000E+00  4.04169176E-01 -1.09449744E+00  8.70883260E-01  6.42170661E+00  3.89790957E-01  6.70212850E-02
 -3.09415324E-02  1.00000000E+00  3.63418588E-01 -9.73688724E-01  9.61922943E-01  6.24439078E+00  3.60802612E-01  6.53732018E-02
 -2.47532259E-02  1.00000000E+00  3.22667999E-01 -8.57226467E-01  1.04372941E+00  6.07915999E+00  3.35487846E-01  6.38185794E-02
 -1.85649194E-02  1.00000000E+00  7.73212224E-01 -1.34411739E+00  1.19049250E+00  8.29855066E+00  3.78536400E-01  8.80001585E-02
 -1.23766130E-02  1.00000000E+00  1.22375645E+00 -2.01464044E+00  1.58802597E+00  1.13639562E+01  4.77309387E-01  1.20962743E-01
 -6.18830648E-03  1.00000000E+00 -3.71063475E-01  8.91884406E-01  2.50202993E+00  9.47780437E+00  2.27980156E-01  1.02775825E-01
  0.00000000E+00  1.00000000E+00 -1.96588340E+00  4.60556013E+00  4.50513878E+00  1.30686636E+01  1.72752356E+00  1.26012668E-01
