# curve 5 (die wall), step =      100, time =   1.00000000E+01
# N1 = tau_xx - tau_yy = G ( c_xx - c_yy ),  G =  8.8889E-01  (polymer part only)
#              x               y        pressure            c_xy        gammadot            c_xx            c_yy              N1
 -3.00000000E+00  1.00000000E+00  7.12154797E+00 -1.00323000E+00  9.99837127E-01  3.00293705E+00  1.00099683E+00  1.77950241E+00
 -2.90035477E+00  1.00000000E+00  6.91871333E+00 -1.00325937E+00  9.99172595E-01  3.00133843E+00  1.00129540E+00  1.77781603E+00
 -2.80070953E+00  1.00000000E+00  6.71587870E+00 -1.00328872E+00  9.98969968E-01  2.99974084E+00  1.00159404E+00  1.77613049E+00
 -2.70106430E+00  1.00000000E+00  6.51709825E+00 -1.00331205E+00  9.99359089E-01  3.00292735E+00  1.00108161E+00  1.77941844E+00
 -2.60141906E+00  1.00000000E+00  6.31831780E+00 -1.00333540E+00  1.00087081E+00  3.00611781E+00  1.00056939E+00  1.78270971E+00
 -2.50177383E+00  1.00000000E+00  6.11808923E+00 -1.00427679E+00  1.00015146E+00  3.00498758E+00  1.00115887E+00  1.78118108E+00
 -2.40212860E+00  1.00000000E+00  5.91786066E+00 -1.00521789E+00  1.00008822E+00  3.00385903E+00  1.00174888E+00  1.77965347E+00
 -2.30248336E+00  1.00000000E+00  5.71897782E+00 -1.00456005E+00  9.99747987E-01  3.00276677E+00  1.00152682E+00  1.77887995E+00
 -2.20283813E+00  1.00000000E+00  5.52009498E+00 -1.00390245E+00  9.99120191E-01  3.00167499E+00  1.00130493E+00  1.77810673E+00
 -2.10319289E+00  1.00000000E+00  5.32088811E+00 -1.00346167E+00  9.99920203E-01  3.00257888E+00  1.00098025E+00  1.77919878E+00
 -2.00354766E+00  1.00000000E+00  5.12168125E+00 -1.00302077E+00  1.00045598E+00  3.00348343E+00  1.00065571E+00  1.78029131E+00
 -1.90390242E+00  1.00000000E+00  4.92248695E+00 -1.00404710E+00  1.00041217E+00  3.00347495E+00  1.00126291E+00  1.77974404E+00
 -1.80425719E+00  1.00000000E+00  4.72329265E+00 -1.00507362E+00  1.00044041E+00  3.00346728E+00  1.00187068E+00  1.77919698E+00
 -1.70461196E+00  1.00000000E+00  4.52408303E+00 -1.00411892E+00  9.99359718E-01  3.00089767E+00  1.00168215E+00  1.77708047E+00
 -1.60496672E+00  1.00000000E+00  4.32487340E+00 -1.00316497E+00  9.98370094E-01  2.99833029E+00  1.00149390E+00  1.77496568E+00
 -1.50532149E+00  1.00000000E+00  4.12489672E+00 -1.00198280E+00  9.98474457E-01  2.99650163E+00  1.00121376E+00  1.77358921E+00
 -1.40567625E+00  1.00000000E+00  3.92492004E+00 -1.00080129E+00  9.97797705E-01  2.99467444E+00  1.00093418E+00  1.77221356E+00
 -1.30603102E+00  1.00000000E+00  3.72800329E+00 -1.00188421E+00  9.97394891E-01  2.99376646E+00  1.00181721E+00  1.77062155E+00
 -1.20638579E+00  1.00000000E+00  3.53108654E+00 -1.00296721E+00  9.96461450E-01  2.99286009E+00  1.00270112E+00  1.76903020E+00
 -1.10674055E+00  1.00000000E+00  3.33093679E+00 -9.99215781E-01  9.94022686E-01  2.98529040E+00  1.00161622E+00  1.76326594E+00
 -1.00709532E+00  1.00000000E+00  3.13078704E+00 -9.95473731E-01  9.93602742E-01  2.97774173E+00  1.00053633E+00  1.75751592E+00
 -9.07450084E-01  1.00000000E+00  2.93558726E+00 -9.94430322E-01  9.92203930E-01  2.97299513E+00  1.00057478E+00  1.75326253E+00
 -8.07804850E-01  1.00000000E+00  2.74038748E+00 -9.93388252E-01  9.91079630E-01  2.96825613E+00  1.00061353E+00  1.74901565E+00
 -7.21154870E-01  1.00000000E+00  2.57679792E+00 -9.92928033E-01  9.90640704E-01  2.96732147E+00  1.00061525E+00  1.74818331E+00
 -6.34504891E-01  1.00000000E+00  2.41320836E+00 -9.92467922E-01  9.91115710E-01  2.96638714E+00  1.00061708E+00  1.74735117E+00
 -5.71022587E-01  1.00000000E+00  2.29785901E+00 -9.93976192E-01  9.93792966E-01  2.97485265E+00  9.99857176E-01  1.75555153E+00
 -5.07540284E-01  1.00000000E+00  2.18250966E+00 -9.95488031E-01  9.97265334E-01  2.98334268E+00  9.99099030E-01  1.76377213E+00
 -4.61044117E-01  1.00000000E+00  2.10518022E+00 -1.00015309E+00  1.00273415E+00  3.00382893E+00  9.98728896E-01  1.78231114E+00
 -4.14547950E-01  1.00000000E+00  2.02785078E+00 -1.00484440E+00  1.00913873E+00  3.02445610E+00  9.98365859E-01  1.80096911E+00
 -3.80492895E-01  1.00000000E+00  1.97674781E+00 -1.01334909E+00  1.01734998E+00  3.05836691E+00  9.98465708E-01  1.83102329E+00
 -3.46437839E-01  1.00000000E+00  1.92564484E+00 -1.02193362E+00  1.02581525E+00  3.09265699E+00  9.98586912E-01  1.86139563E+00
 -3.21494993E-01  1.00000000E+00  1.89436342E+00 -1.03345770E+00  1.03457612E+00  3.13464804E+00  9.99789716E-01  1.89765184E+00
 -2.96552146E-01  1.00000000E+00  1.86308201E+00 -1.04511634E+00  1.04393705E+00  3.17720686E+00  1.00102861E+00  1.93438067E+00
 -2.78283324E-01  1.00000000E+00  1.84307363E+00 -1.05361610E+00  1.05395590E+00  3.21860023E+00  9.99749539E-01  1.97231173E+00
 -2.60014503E-01  1.00000000E+00  1.82306525E+00 -1.06220549E+00  1.06548956E+00  3.26053695E+00  9.98495007E-01  2.01070395E+00
 -2.46633923E-01  1.00000000E+00  1.80935210E+00 -1.07474971E+00  1.07685400E+00  3.30973765E+00  9.99500873E-01  2.05354380E+00
 -2.33253344E-01  1.00000000E+00  1.79563894E+00 -1.08745450E+00  1.08746725E+00  3.35967877E+00  1.00054645E+00  2.09700651E+00
 -2.23453042E-01  1.00000000E+00  1.79002882E+00 -1.09681058E+00  1.09656536E+00  3.40340142E+00  1.00005601E+00  2.13630703E+00
 -2.13652739E-01  1.00000000E+00  1.78441869E+00 -1.10626577E+00  1.10694890E+00  3.44769597E+00  9.99588932E-01  2.17609514E+00
 -2.06471604E-01  1.00000000E+00  1.78068934E+00 -1.11483049E+00  1.11594066E+00  3.48632502E+00  9.99468661E-01  2.21053899E+00
 -1.99290468E-01  1.00000000E+00  1.77695999E+00 -1.12347418E+00  1.12512049E+00  3.52538806E+00  9.99366858E-01  2.24535218E+00
 -1.93062641E-01  1.00000000E+00  1.77504858E+00 -1.13186476E+00  1.13402396E+00  3.56401754E+00  9.99167768E-01  2.27986647E+00
 -1.86834814E-01  1.00000000E+00  1.77313717E+00 -1.14033083E+00  1.14318324E+00  3.60307184E+00  9.98986202E-01  2.31474279E+00
 -1.80606987E-01  1.00000000E+00  1.77254001E+00 -1.15080249E+00  1.15333247E+00  3.64992159E+00  9.99200342E-01  2.35619667E+00
 -1.74379160E-01  1.00000000E+00  1.77194284E+00 -1.16138680E+00  1.16354252E+00  3.69738180E+00  9.99439599E-01  2.39817085E+00
 -1.68151333E-01  1.00000000E+00  1.77350302E+00 -1.17314687E+00  1.17508639E+00  3.75177873E+00  9.99538972E-01  2.44643534E+00
 -1.61923505E-01  1.00000000E+00  1.77506321E+00 -1.18504908E+00  1.18649830E+00  3.80697897E+00  9.99669055E-01  2.49538659E+00
 -1.55695678E-01  1.00000000E+00  1.77672305E+00 -1.19787941E+00  1.20077998E+00  3.87071425E+00  9.99133513E-01  2.55251621E+00
 -1.49467851E-01  1.00000000E+00  1.77838289E+00 -1.21088365E+00  1.21534188E+00  3.93552477E+00  9.98635287E-01  2.61056843E+00
 -1.43240024E-01  1.00000000E+00  1.78415549E+00 -1.22864771E+00  1.23165675E+00  4.01720605E+00  9.99462735E-01  2.68243851E+00
 -1.37012197E-01  1.00000000E+00  1.78992810E+00 -1.24671673E+00  1.24784398E+00  4.10058757E+00  1.00035273E+00  2.75576430E+00
 -1.30784370E-01  1.00000000E+00  1.79892996E+00 -1.26508781E+00  1.26611164E+00  4.19568971E+00  9.99889959E-01  2.84071089E+00
 -1.24556543E-01  1.00000000E+00  1.80793182E+00 -1.28380049E+00  1.28558898E+00  4.29301933E+00  9.99493022E-01  2.92757894E+00
 -1.18328716E-01  1.00000000E+00  1.81576602E+00 -1.30530652E+00  1.31085224E+00  4.41141851E+00  9.98299132E-01  3.03388389E+00
 -1.12100888E-01  1.00000000E+00  1.82360022E+00 -1.32728199E+00  1.33696221E+00  4.53312693E+00  9.97193560E-01  3.14305189E+00
 -1.05873061E-01  1.00000000E+00  1.83846806E+00 -1.35967448E+00  1.36759383E+00  4.69823338E+00  9.98329122E-01  3.28880378E+00
 -9.96452341E-02  1.00000000E+00  1.85333590E+00 -1.39302441E+00  1.39823585E+00  4.86939665E+00  9.99635172E-01  3.43978798E+00
 -9.34174070E-02  1.00000000E+00  1.87697336E+00 -1.42659115E+00  1.43357560E+00  5.07070752E+00  9.98018657E-01  3.62016788E+00
 -8.71895798E-02  1.00000000E+00  1.90061083E+00 -1.46122771E+00  1.47195411E+00  5.28049052E+00  9.96571742E-01  3.80792780E+00
 -8.09617527E-02  1.00000000E+00  1.91135016E+00 -1.50352317E+00  1.52145214E+00  5.53590417E+00  9.95552381E-01  4.03586826E+00
 -7.47339256E-02  1.00000000E+00  1.92208949E+00 -1.54740546E+00  1.56852329E+00  5.80387115E+00  9.94774148E-01  4.27475289E+00
 -6.85060984E-02  1.00000000E+00  1.95889130E+00 -1.59175107E+00  1.62539693E+00  6.07203628E+00  9.94977212E-01  4.51294139E+00
 -6.22782713E-02  1.00000000E+00  1.99569312E+00 -1.63770163E+00  1.67434905E+00  6.35276250E+00  9.95414266E-01  4.76208732E+00
 -5.60504442E-02  1.00000000E+00  1.98490838E+00 -1.70962910E+00  1.67021268E+00  6.47241554E+00  1.03019501E+00  4.83752936E+00
 -4.98226171E-02  1.00000000E+00  1.97412364E+00 -1.78370593E+00  1.64105724E+00  6.59528846E+00  1.06637021E+00  4.91459400E+00
 -4.35947899E-02  1.00000000E+00  2.26813432E+00 -1.69140585E+00  1.53826185E+00  6.34091480E+00  1.04665604E+00  4.70600779E+00
 -3.73669628E-02  1.00000000E+00  2.56214501E+00 -1.60266204E+00  1.41251784E+00  6.09688478E+00  1.02845960E+00  4.50526682E+00
 -3.11391357E-02  1.00000000E+00  2.70538107E+00 -1.46595463E+00  1.13115836E+00  5.12254363E+00  1.06870063E+00  3.60341600E+00
 -2.49113085E-02  1.00000000E+00  2.84861713E+00 -1.34706685E+00  9.43470254E-01  4.30733477E+00  1.11481429E+00  2.83779598E+00
 -1.86834814E-02  1.00000000E+00  6.17292849E+00 -1.46800154E+00  9.24005848E-01  6.23887734E+00  9.26433709E-01  4.72217212E+00
 -1.24556543E-02  1.00000000E+00  9.49723986E+00 -1.62915529E+00  1.68605361E+00  9.12122776E+00  7.73217854E-01  7.42045325E+00
 -6.22782713E-03  1.00000000E+00  5.25908036E+00  2.23246878E+00  8.30899523E+00  1.03311117E+01  1.04749698E+00  8.25210199E+00
  0.00000000E+00  1.00000000E+00  1.02092086E+00  1.07997664E+01  2.28146638E+01  2.11423294E+01  5.88313539E+00  1.35637280E+01
