# model=oldroyd  theta_MLE: lambda=0.396052, beta=0.282304, eta_0=0.84645
# delta(x) = y_clean(x) - y_model(x; theta_MLE)   (x from curve4_x.txt)
# columns: x  delta
5.000000000000000000e+00 -7.813259212753997929e-03
4.950333040000000295e+00 -7.813298761697229367e-03
4.900666089999999642e+00 -7.813320675671420190e-03
4.850999129999999937e+00 -7.813339458294654705e-03
4.801332180000000172e+00 -7.813362450011629434e-03
4.751665219999999579e+00 -7.813383703975107508e-03
4.701998269999999813e+00 -7.813399884407656870e-03
4.652331310000000109e+00 -7.813415969888382051e-03
4.602664360000000343e+00 -7.813430564292067615e-03
4.552997399999999750e+00 -7.813440257167014735e-03
4.503330449999999985e+00 -7.813460700476282383e-03
4.453663490000000280e+00 -7.813472910611851674e-03
4.403996539999999627e+00 -7.813494945250409884e-03
4.354329579999999922e+00 -7.813519025196891121e-03
4.304662630000000156e+00 -7.813544217277090809e-03
4.254995669999999564e+00 -7.813575067082911829e-03
4.205328709999999859e+00 -7.813617230317371209e-03
4.155661760000000093e+00 -7.813662769952545162e-03
4.105994800000000389e+00 -7.813716521769764611e-03
4.056327849999999735e+00 -7.813779892295702467e-03
4.006660890000000030e+00 -7.813852099247009519e-03
3.956993939999999821e+00 -7.813936956499345499e-03
3.907326980000000116e+00 -7.814033871393677444e-03
3.857660029999999907e+00 -7.814157202592708629e-03
3.807993070000000202e+00 -7.814280757235891883e-03
3.758326119999999992e+00 -7.814439052276966891e-03
3.708659159999999844e+00 -7.814600156204276615e-03
3.658992210000000078e+00 -7.814803321703589489e-03
3.609325249999999929e+00 -7.815012768898732531e-03
3.559658300000000164e+00 -7.815251005048429178e-03
3.509991340000000015e+00 -7.815515742167988833e-03
3.460324389999999806e+00 -7.815802518644554553e-03
3.410657430000000101e+00 -7.816108494017148800e-03
3.360990469999999952e+00 -7.816431838430171197e-03
3.311323520000000187e+00 -7.816777450146750184e-03
3.261656560000000038e+00 -7.817139539889383926e-03
3.211989609999999828e+00 -7.817505705048022335e-03
3.162322650000000124e+00 -7.817873668931829556e-03
3.112655699999999914e+00 -7.818255558361908442e-03
3.062988740000000210e+00 -7.818597987814479566e-03
3.013321790000000000e+00 -7.818922042641007764e-03
2.963654829999999851e+00 -7.819194049049960071e-03
2.913987880000000086e+00 -7.819397425148144620e-03
2.864320919999999937e+00 -7.819508815614772956e-03
2.814653970000000172e+00 -7.819475899536021402e-03
2.764987010000000023e+00 -7.819295727740316337e-03
2.715320059999999813e+00 -7.818916221895788610e-03
2.665653100000000109e+00 -7.818264992077716968e-03
2.615986139999999960e+00 -7.817321168014812471e-03
2.566319190000000194e+00 -7.816019112784511336e-03
2.516652230000000046e+00 -7.814263496866313830e-03
2.466985279999999836e+00 -7.811972242252052112e-03
2.417318320000000131e+00 -7.809041173640673961e-03
2.367651369999999922e+00 -7.805359616848139837e-03
2.317984410000000217e+00 -7.800821866212892530e-03
2.268317460000000008e+00 -7.795275554926650585e-03
2.218650499999999859e+00 -7.788567872832219408e-03
2.168983550000000093e+00 -7.780529221393051031e-03
2.119316589999999945e+00 -7.770965245722738501e-03
2.069649640000000179e+00 -7.759666093317241220e-03
2.019982680000000030e+00 -7.746408921754044385e-03
1.970315730000000043e+00 -7.730939772674139121e-03
1.920648769999999894e+00 -7.712972170194065669e-03
1.870981809999999967e+00 -7.692267866905355689e-03
1.821314859999999980e+00 -7.668439285900774394e-03
1.771647900000000053e+00 -7.641185261057392708e-03
1.721980950000000066e+00 -7.610168785557425153e-03
1.672313989999999917e+00 -7.575089689211722543e-03
1.622647039999999929e+00 -7.535364125796917278e-03
1.572980080000000003e+00 -7.490860028741108678e-03
1.523313130000000015e+00 -7.440699479166923425e-03
1.473646170000000089e+00 -7.384915800695113219e-03
1.423979220000000101e+00 -7.322791007939644103e-03
1.374312259999999952e+00 -7.254286526152231573e-03
1.324645309999999965e+00 -7.178468052783548714e-03
1.274978350000000038e+00 -7.094903279600384138e-03
1.225311400000000051e+00 -7.003808200262140460e-03
1.175644439999999902e+00 -6.904193819428972034e-03
1.125977479999999975e+00 -6.796384983824399484e-03
1.076310529999999988e+00 -6.678699497298490328e-03
1.026643570000000061e+00 -6.552638091725349057e-03
9.769766189999999906e-01 -6.415796305223153695e-03
9.273096640000000335e-01 -6.271125594236703904e-03
8.776427079999999936e-01 -6.115015289300806955e-03
8.279757530000000365e-01 -5.948841368893731385e-03
7.786002389999999718e-01 -5.773844734943356372e-03
7.317317880000000496e-01 -5.596659266478232198e-03
6.876846269999999928e-01 -5.422762352980337042e-03
6.462889219999999879e-01 -5.252337307617649387e-03
6.073850619999999756e-01 -5.081713790679565079e-03
5.708230460000000006e-01 -4.917319436395617416e-03
5.364619149999999559e-01 -4.755432333343412310e-03
5.041691750000000249e-01 -4.596151627013655983e-03
4.738203240000000149e-01 -4.441406345429443903e-03
4.452983460000000115e-01 -4.291281954449832625e-03
4.184932690000000011e-01 -4.142936853164469468e-03
3.933017460000000076e-01 -3.996862510969423354e-03
3.696266380000000074e-01 -3.855865317050177765e-03
3.473766770000000226e-01 -3.717314382666980777e-03
3.264660690000000254e-01 -3.580688637464746193e-03
3.068141939999999845e-01 -3.446199313815512255e-03
2.883452770000000109e-01 -3.318108598562741207e-03
2.709881089999999770e-01 -3.190620704778490691e-03
2.546757709999999952e-01 -3.064277796778869245e-03
2.393453670000000033e-01 -2.943364516428959021e-03
2.249377889999999991e-01 -2.820417673469632902e-03
2.113974849999999961e-01 -2.701425954189540235e-03
1.986678209999999944e-01 -2.588011869432360612e-03
1.862510820000000122e-01 -2.469246941182445809e-03
1.738343440000000018e-01 -2.347571846130547257e-03
1.614176049999999918e-01 -2.219256817342252219e-03
1.490008660000000096e-01 -2.081951173927620857e-03
1.365841269999999996e-01 -1.943682051898987240e-03
1.241673880000000035e-01 -1.791075555538590436e-03
1.117506489999999936e-01 -1.642305940385835328e-03
9.933391060000000550e-02 -1.471329338943228038e-03
8.691717179999999821e-02 -1.304730614567262137e-03
7.450043300000000479e-02 -1.107863042465906389e-03
6.208369419999999750e-02 -9.123393862908724117e-04
4.966695530000000275e-02 -7.244051751948976658e-04
3.725021650000000240e-02 -5.014030549306269791e-04
2.483347769999999857e-02 -3.014401026442126152e-04
1.241673880000000035e-02 -1.970968456068700192e-04
0.000000000000000000e+00 0.000000000000000000e+00
