# model=oldroyd  theta_MLE: lambda=1.36796, beta=0.284675, eta_0=0.84653
# delta(x) = y_clean(x) - y_model(x; theta_MLE)   (x from curve4_x.txt)
# columns: x  delta
5.000000000000000000e+00 -2.326934836556882047e-03
4.950333040000000295e+00 -2.326999520112726927e-03
4.900666089999999642e+00 -2.327044046180448689e-03
4.850999129999999937e+00 -2.327079434036205541e-03
4.801332180000000172e+00 -2.327114688125853093e-03
4.751665219999999579e+00 -2.327151053176823581e-03
4.701998269999999813e+00 -2.327198578017997121e-03
4.652331310000000109e+00 -2.327269247344165848e-03
4.602664360000000343e+00 -2.327357234159110888e-03
4.552997399999999750e+00 -2.327445737776434598e-03
4.503330449999999985e+00 -2.327560787247495711e-03
4.453663490000000280e+00 -2.327692951461068915e-03
4.403996539999999627e+00 -2.327848921620967459e-03
4.354329579999999922e+00 -2.328019951117088482e-03
4.304662630000000156e+00 -2.328208897857120263e-03
4.254995669999999564e+00 -2.328425045482918065e-03
4.205328709999999859e+00 -2.328662566399186673e-03
4.155661760000000093e+00 -2.328912691472284635e-03
4.105994800000000389e+00 -2.329197004296901241e-03
4.056327849999999735e+00 -2.329494198838544250e-03
4.006660890000000030e+00 -2.329804375801547422e-03
3.956993939999999821e+00 -2.330132847867982804e-03
3.907326980000000116e+00 -2.330466451000434702e-03
3.857660029999999907e+00 -2.330789196755889137e-03
3.807993070000000202e+00 -2.331113558360353721e-03
3.758326119999999992e+00 -2.331404850483886904e-03
3.708659159999999844e+00 -2.331663495063862612e-03
3.658992210000000078e+00 -2.331853580457732278e-03
3.609325249999999929e+00 -2.331977215221492372e-03
3.559658300000000164e+00 -2.331975420043264080e-03
3.509991340000000015e+00 -2.331835552093153296e-03
3.460324389999999806e+00 -2.331509360934180819e-03
3.410657430000000101e+00 -2.330961271587161932e-03
3.360990469999999952e+00 -2.330118429815675185e-03
3.311323520000000187e+00 -2.328918365333887408e-03
3.261656560000000038e+00 -2.327302065686875920e-03
3.211989609999999828e+00 -2.325169699000317891e-03
3.162322650000000124e+00 -2.322407870016807152e-03
3.112655699999999914e+00 -2.318922418149016451e-03
3.062988740000000210e+00 -2.314582639254325613e-03
3.013321790000000000e+00 -2.309219442353960261e-03
2.963654829999999851e+00 -2.302681944562401384e-03
2.913987880000000086e+00 -2.294759565015791480e-03
2.864320919999999937e+00 -2.285256799122059590e-03
2.814653970000000172e+00 -2.273915086701494559e-03
2.764987010000000023e+00 -2.260486781082260421e-03
2.715320059999999813e+00 -2.244648229998480460e-03
2.665653100000000109e+00 -2.226072604580409120e-03
2.615986139999999960e+00 -2.204366080034381170e-03
2.566319190000000194e+00 -2.179143674306605050e-03
2.516652230000000046e+00 -2.149967440277400499e-03
2.466985279999999836e+00 -2.116338836301245863e-03
2.417318320000000131e+00 -2.077771918982618260e-03
2.367651369999999922e+00 -2.033629786636792502e-03
2.317984410000000217e+00 -1.983305369628762804e-03
2.268317460000000008e+00 -1.926189687342594326e-03
2.218650499999999859e+00 -1.861524288433447083e-03
2.168983550000000093e+00 -1.788592616647655120e-03
2.119316589999999945e+00 -1.706656827009656041e-03
2.069649640000000179e+00 -1.614807028653464371e-03
2.019982680000000030e+00 -1.512301625722134446e-03
1.970315730000000043e+00 -1.398138191827991150e-03
1.920648769999999894e+00 -1.271604851813989967e-03
1.870981809999999967e+00 -1.131675417288979801e-03
1.821314859999999980e+00 -9.776125696441262392e-04
1.771647900000000053e+00 -8.085248682097034845e-04
1.721980950000000066e+00 -6.234360461641053064e-04
1.672313989999999917e+00 -4.218168377463360486e-04
1.622647039999999929e+00 -2.030091002680478596e-04
1.572980080000000003e+00 3.370393344792610435e-05
1.523313130000000015e+00 2.882411646110139003e-04
1.473646170000000089e+00 5.610610888528988482e-04
1.423979220000000101e+00 8.523204184351929058e-04
1.374312259999999952e+00 1.161584115735525558e-03
1.324645309999999965e+00 1.488900824755168273e-03
1.274978350000000038e+00 1.832236129258868473e-03
1.225311400000000051e+00 2.191778778267261529e-03
1.175644439999999902e+00 2.566355145851462183e-03
1.125977479999999975e+00 2.953492145552516490e-03
1.076310529999999988e+00 3.350247343559153990e-03
1.026643570000000061e+00 3.752954231801775009e-03
9.769766189999999906e-01 4.161341209564684007e-03
9.273096640000000335e-01 4.567674145759870186e-03
8.776427079999999936e-01 4.971886900753119676e-03
8.279757530000000365e-01 5.365709884206593117e-03
7.786002389999999718e-01 5.740880898114086861e-03
7.317317880000000496e-01 6.077245676230358384e-03
6.876846269999999928e-01 6.363890732883348278e-03
6.462889219999999879e-01 6.610331447593154053e-03
6.073850619999999756e-01 6.807294018807308333e-03
5.708230460000000006e-01 6.958988500694873736e-03
5.364619149999999559e-01 7.067626548483030291e-03
5.041691750000000249e-01 7.141490702042840866e-03
4.738203240000000149e-01 7.174039532675369202e-03
4.452983460000000115e-01 7.168691601175058992e-03
4.184932690000000011e-01 7.130375313291859030e-03
3.933017460000000076e-01 7.059290923440375565e-03
3.696266380000000074e-01 6.962226976448881999e-03
3.473766770000000226e-01 6.838899090282124504e-03
3.264660690000000254e-01 6.693393178319517745e-03
3.068141939999999845e-01 6.527017133362456036e-03
2.883452770000000109e-01 6.349156477762241124e-03
2.709881089999999770e-01 6.152073131632462832e-03
2.546757709999999952e-01 5.949883401399569394e-03
2.393453670000000033e-01 5.737327010332471389e-03
2.249377889999999991e-01 5.499255815868853148e-03
2.113974849999999961e-01 5.281575319898257348e-03
1.986678209999999944e-01 5.053392048453009266e-03
1.862510820000000122e-01 4.806420291639579290e-03
1.738343440000000018e-01 4.549221235912392913e-03
1.614176049999999918e-01 4.279071756266406013e-03
1.490008660000000096e-01 3.991724811084340629e-03
1.365841269999999996e-01 3.696405732366736530e-03
1.241673880000000035e-01 3.353166436919741145e-03
1.117506489999999936e-01 3.045490432003639114e-03
9.933391060000000550e-02 2.699840452466517604e-03
8.691717179999999821e-02 2.358847698547883454e-03
7.450043300000000479e-02 1.927965452606095198e-03
6.208369419999999750e-02 1.613533999219596282e-03
4.966695530000000275e-02 1.252354141037193003e-03
3.725021650000000240e-02 8.432756487632975251e-04
2.483347769999999857e-02 5.066594551170755523e-04
1.241673880000000035e-02 1.930992785215135399e-04
0.000000000000000000e+00 0.000000000000000000e+00
