# model=oldroyd  theta_MLE: lambda=0.269013, beta=0.296229, eta_0=0.846516
# delta(x) = y_clean(x) - y_model(x; theta_MLE)   (x from curve4_x.txt)
# columns: x  delta
5.000000000000000000e+00 -2.045139750852076332e-03
4.950333040000000295e+00 -2.045162755365037555e-03
4.900666089999999642e+00 -2.045194294611807351e-03
4.850999129999999937e+00 -2.045212139676788610e-03
4.801332180000000172e+00 -2.045231748421860729e-03
4.751665219999999579e+00 -2.045250091069039655e-03
4.701998269999999813e+00 -2.045282732080044852e-03
4.652331310000000109e+00 -2.045305325674373620e-03
4.602664360000000343e+00 -2.045345899959860603e-03
4.552997399999999750e+00 -2.045382513133242597e-03
4.503330449999999985e+00 -2.045430676175241658e-03
4.453663490000000280e+00 -2.045479623073553910e-03
4.403996539999999627e+00 -2.045541000390782571e-03
4.354329579999999922e+00 -2.045613715455418813e-03
4.304662630000000156e+00 -2.045698275314533632e-03
4.254995669999999564e+00 -2.045801273160563483e-03
4.205328709999999859e+00 -2.045906025663013494e-03
4.155661760000000093e+00 -2.046035036889826131e-03
4.105994800000000389e+00 -2.046172568859416785e-03
4.056327849999999735e+00 -2.046332065894995722e-03
4.006660890000000030e+00 -2.046511938830208877e-03
3.956993939999999821e+00 -2.046706317216706594e-03
3.907326980000000116e+00 -2.046925212910943870e-03
3.857660029999999907e+00 -2.047161162760380293e-03
3.807993070000000202e+00 -2.047408550187590492e-03
3.758326119999999992e+00 -2.047683984399029100e-03
3.708659159999999844e+00 -2.047975340291552371e-03
3.658992210000000078e+00 -2.048276830870054965e-03
3.609325249999999929e+00 -2.048588226852166017e-03
3.559658300000000164e+00 -2.048897912833247403e-03
3.509991340000000015e+00 -2.049214612678484926e-03
3.460324389999999806e+00 -2.049513564744920302e-03
3.410657430000000101e+00 -2.049781216565849107e-03
3.360990469999999952e+00 -2.050017665722547733e-03
3.311323520000000187e+00 -2.050193242513653757e-03
3.261656560000000038e+00 -2.050284020093551263e-03
3.211989609999999828e+00 -2.050265195194578283e-03
3.162322650000000124e+00 -2.050114577202055699e-03
3.112655699999999914e+00 -2.049788179710798630e-03
3.062988740000000210e+00 -2.049227915306595094e-03
3.013321790000000000e+00 -2.048399697902825167e-03
2.963654829999999851e+00 -2.047221379813057851e-03
2.913987880000000086e+00 -2.045649113887160198e-03
2.864320919999999937e+00 -2.043564314011536709e-03
2.814653970000000172e+00 -2.040883718975372574e-03
2.764987010000000023e+00 -2.037494616152768501e-03
2.715320059999999813e+00 -2.033278064808463625e-03
2.665653100000000109e+00 -2.028067758400808884e-03
2.615986139999999960e+00 -2.021718212674494808e-03
2.566319190000000194e+00 -2.014042912537483687e-03
2.516652230000000046e+00 -2.004803300629909302e-03
2.466985279999999836e+00 -1.993780459889737955e-03
2.417318320000000131e+00 -1.980706411062183037e-03
2.367651369999999922e+00 -1.965280208813480201e-03
2.317984410000000217e+00 -1.947173564917248356e-03
2.268317460000000008e+00 -1.926037157324200777e-03
2.218650499999999859e+00 -1.901454089774823331e-03
2.168983550000000093e+00 -1.873013105024856628e-03
2.119316589999999945e+00 -1.840220561078131922e-03
2.069649640000000179e+00 -1.802565502200037528e-03
2.019982680000000030e+00 -1.759519726126423933e-03
1.970315730000000043e+00 -1.710458118474145195e-03
1.920648769999999894e+00 -1.654778454763805584e-03
1.870981809999999967e+00 -1.591816813094393268e-03
1.821314859999999980e+00 -1.520859272722496769e-03
1.771647900000000053e+00 -1.441214388720357675e-03
1.721980950000000066e+00 -1.352131948329615696e-03
1.672313989999999917e+00 -1.252886107391049109e-03
1.622647039999999929e+00 -1.142602675295867343e-03
1.572980080000000003e+00 -1.020647829461651668e-03
1.523313130000000015e+00 -8.861081817916893755e-04
1.473646170000000089e+00 -7.386469151322572202e-04
1.423979220000000101e+00 -5.772944194057938461e-04
1.374312259999999952e+00 -4.018268130918656311e-04
1.324645309999999965e+00 -2.112342869975414317e-04
1.274978350000000038e+00 -5.731462830560474231e-06
1.225311400000000051e+00 2.148356795033112832e-04
1.175644439999999902e+00 4.513048966123811567e-04
1.125977479999999975e+00 7.029079147347072620e-04
1.076310529999999988e+00 9.699149584569966009e-04
1.026643570000000061e+00 1.250208620811488203e-03
9.769766189999999906e-01 1.544938150549013400e-03
9.273096640000000335e-01 1.850413038705145397e-03
8.776427079999999936e-01 2.168872737002169870e-03
8.279757530000000365e-01 2.495582002810081690e-03
7.786002389999999718e-01 2.827295268792218152e-03
7.317317880000000496e-01 3.147025394820701649e-03
6.876846269999999928e-01 3.446187475949491485e-03
6.462889219999999879e-01 3.727759062143842783e-03
6.073850619999999756e-01 3.989438670340961224e-03
5.708230460000000006e-01 4.225308547663564340e-03
5.364619149999999559e-01 4.442443642749482891e-03
5.041691750000000249e-01 4.640300634679350722e-03
4.738203240000000149e-01 4.815594897843666899e-03
4.452983460000000115e-01 4.968387686940634040e-03
4.184932690000000011e-01 5.102467439165092600e-03
3.933017460000000076e-01 5.217464607027100243e-03
3.696266380000000074e-01 5.311734241498555775e-03
3.473766770000000226e-01 5.387064401574104267e-03
3.264660690000000254e-01 5.447559187591988206e-03
3.068141939999999845e-01 5.489389720174653320e-03
2.883452770000000109e-01 5.513573017107420426e-03
2.709881089999999770e-01 5.526146512653928866e-03
2.546757709999999952e-01 5.524473704621168935e-03
2.393453670000000033e-01 5.506852663586636609e-03
2.249377889999999991e-01 5.480726401435154216e-03
2.113974849999999961e-01 5.441508612531897882e-03
1.986678209999999944e-01 5.390982373919994686e-03
1.862510820000000122e-01 5.331090864956866682e-03
1.738343440000000018e-01 5.254639947539274658e-03
1.614176049999999918e-01 5.162960577259845252e-03
1.490008660000000096e-01 5.052101367143846389e-03
1.365841269999999996e-01 4.919235743313432607e-03
1.241673880000000035e-01 4.766538902511108233e-03
1.117506489999999936e-01 4.582764979966569285e-03
9.933391060000000550e-02 4.371615661605376957e-03
8.691717179999999821e-02 4.116927389129054760e-03
7.450043300000000479e-02 3.831525282200765048e-03
6.208369419999999750e-02 3.475986408820519458e-03
4.966695530000000275e-02 3.054023571880781773e-03
3.725021650000000240e-02 2.556192358152520328e-03
2.483347769999999857e-02 1.899080809835806960e-03
1.241673880000000035e-02 9.533474864116264769e-04
0.000000000000000000e+00 0.000000000000000000e+00
