# model=oldroyd  theta_MLE: lambda=3.74752, beta=0.730179, eta_0=0.845961
# delta(x) = y_clean(x) - y_model(x; theta_MLE)   (x from curve4_x.txt)
# columns: x  delta
5.000000000000000000e+00 -3.094116690196546671e-04
4.950333040000000295e+00 -3.094412230901788519e-04
4.900666089999999642e+00 -3.094673994770147374e-04
4.850999129999999937e+00 -3.095102328201093655e-04
4.801332180000000172e+00 -3.095479872166073676e-04
4.751665219999999579e+00 -3.095943091830921645e-04
4.701998269999999813e+00 -3.096534977244935760e-04
4.652331310000000109e+00 -3.097115041996723050e-04
4.602664360000000343e+00 -3.097836673928711093e-04
4.552997399999999750e+00 -3.098519499096230589e-04
4.503330449999999985e+00 -3.099265239971948915e-04
4.453663490000000280e+00 -3.099859355120138105e-04
4.403996539999999627e+00 -3.100466533798584834e-04
4.354329579999999922e+00 -3.100979789198987646e-04
4.304662630000000156e+00 -3.101281266628674871e-04
4.254995669999999564e+00 -3.101419700173302374e-04
4.205328709999999859e+00 -3.101367576219260513e-04
4.155661760000000093e+00 -3.100855921009948446e-04
4.105994800000000389e+00 -3.100039902173001849e-04
4.056327849999999735e+00 -3.098715731779666527e-04
4.006660890000000030e+00 -3.096715225161528195e-04
3.956993939999999821e+00 -3.094152520486392888e-04
3.907326980000000116e+00 -3.090730430210797408e-04
3.857660029999999907e+00 -3.086340230966655440e-04
3.807993070000000202e+00 -3.080804976463014100e-04
3.758326119999999992e+00 -3.073887065030422860e-04
3.708659159999999844e+00 -3.065571973848157938e-04
3.658992210000000078e+00 -3.055445333706163780e-04
3.609325249999999929e+00 -3.043392825732293971e-04
3.559658300000000164e+00 -3.029044592663954205e-04
3.509991340000000015e+00 -3.012115119367386740e-04
3.460324389999999806e+00 -2.992213580776947879e-04
3.410657430000000101e+00 -2.969113737494311067e-04
3.360990469999999952e+00 -2.942095610374284576e-04
3.311323520000000187e+00 -2.910962178455100968e-04
3.261656560000000038e+00 -2.875034213587479570e-04
3.211989609999999828e+00 -2.833945859150865942e-04
3.162322650000000124e+00 -2.786912964591881092e-04
3.112655699999999914e+00 -2.733524810676346561e-04
3.062988740000000210e+00 -2.672962379977050773e-04
3.013321790000000000e+00 -2.604474796106259760e-04
2.963654829999999851e+00 -2.527340553184487248e-04
2.913987880000000086e+00 -2.440652021959976992e-04
2.864320919999999937e+00 -2.343702958140791992e-04
2.814653970000000172e+00 -2.235283157590028935e-04
2.764987010000000023e+00 -2.114829743993240641e-04
2.715320059999999813e+00 -1.981113224713837440e-04
2.665653100000000109e+00 -1.833027792645935961e-04
2.615986139999999960e+00 -1.669770466312670010e-04
2.566319190000000194e+00 -1.490338739509322608e-04
2.516652230000000046e+00 -1.293819792209660591e-04
2.466985279999999836e+00 -1.079104255827800785e-04
2.417318320000000131e+00 -8.455834363707559476e-05
2.367651369999999922e+00 -5.917774602548497853e-05
2.317984410000000217e+00 -3.172012264140988691e-05
2.268317460000000008e+00 -2.160743736823178551e-06
2.218650499999999859e+00 2.959965591453617151e-05
2.168983550000000093e+00 6.354240941908173568e-05
2.119316589999999945e+00 9.969558889921792399e-05
2.069649640000000179e+00 1.380691286503310522e-04
2.019982680000000030e+00 1.785495532375946937e-04
1.970315730000000043e+00 2.211356063146485695e-04
1.920648769999999894e+00 2.655653556118409142e-04
1.870981809999999967e+00 3.118730284161763677e-04
1.821314859999999980e+00 3.596719035083850713e-04
1.771647900000000053e+00 4.087505353138620734e-04
1.721980950000000066e+00 4.588922862589495111e-04
1.672313989999999917e+00 5.094551988402695741e-04
1.622647039999999929e+00 5.601108041390912007e-04
1.572980080000000003e+00 6.104691377173399047e-04
1.523313130000000015e+00 6.595204218169392618e-04
1.473646170000000089e+00 7.069371384818001758e-04
1.423979220000000101e+00 7.520799562974467278e-04
1.374312259999999952e+00 7.937449029788989918e-04
1.324645309999999965e+00 8.318842190486730459e-04
1.274978350000000038e+00 8.646396101172904025e-04
1.225311400000000051e+00 8.917036026701019580e-04
1.175644439999999902e+00 9.123038743170663878e-04
1.125977479999999975e+00 9.251619426065005314e-04
1.076310529999999988e+00 9.290247772451021291e-04
1.026643570000000061e+00 9.220107975838054415e-04
9.769766189999999906e-01 9.060827766933510219e-04
9.273096640000000335e-01 8.769895076199407669e-04
8.776427079999999936e-01 8.362022375143496333e-04
8.279757530000000365e-01 7.832163440109063401e-04
7.786002389999999718e-01 7.171683295625896903e-04
7.317317880000000496e-01 6.427942065287961526e-04
6.876846269999999928e-01 5.622518716033031438e-04
6.462889219999999879e-01 4.760514375286017952e-04
6.073850619999999756e-01 3.872964557458669077e-04
5.708230460000000006e-01 3.015664705869891549e-04
5.364619149999999559e-01 2.194740112748672090e-04
5.041691750000000249e-01 1.241229551154354738e-04
4.738203240000000149e-01 4.750863526870041653e-05
4.452983460000000115e-01 -2.818417492012059711e-05
4.184932690000000011e-01 -1.039731399257171063e-04
3.933017460000000076e-01 -1.851915209785115479e-04
3.696266380000000074e-01 -2.285382427034132746e-04
3.473766770000000226e-01 -2.800069784316683297e-04
3.264660690000000254e-01 -3.729412980830737467e-04
3.068141939999999845e-01 -3.744252441475470761e-04
2.883452770000000109e-01 -3.874136826906848796e-04
2.709881089999999770e-01 -4.637965831140178352e-04
2.546757709999999952e-01 -4.530318472857342016e-04
2.393453670000000033e-01 -4.469095030692482595e-04
2.249377889999999991e-01 -5.405553587676248384e-04
2.113974849999999961e-01 -4.964054270713003092e-04
1.986678209999999944e-01 -4.939649527795353379e-04
1.862510820000000122e-01 -5.157569572693532223e-04
1.738343440000000018e-01 -5.227712102444659337e-04
1.614176049999999918e-01 -5.085250311025468761e-04
1.490008660000000096e-01 -4.812458667464714068e-04
1.365841269999999996e-01 -4.561509687650566747e-04
1.241673880000000035e-01 -4.964907394084949743e-04
1.117506489999999936e-01 -4.333423140543413155e-04
9.933391060000000550e-02 -3.687940011656287709e-04
8.691717179999999821e-02 -3.068428128136790889e-04
7.450043300000000479e-02 -3.413401330647491960e-04
6.208369419999999750e-02 -1.799966564519639434e-04
4.966695530000000275e-02 -1.122940889222157068e-04
3.725021650000000240e-02 -1.235148651039796874e-04
2.483347769999999857e-02 9.845804037622585270e-06
1.241673880000000035e-02 9.455478755904245247e-05
0.000000000000000000e+00 0.000000000000000000e+00
