# curve 5 (die wall), step =     1000, time =   4.00000000E+02
# N1 = tau_xx - tau_yy = G ( c_xx - c_yy ),  G =  1.6667E-01  (polymer part only)
#              x               y        pressure            c_xy        gammadot            c_xx            c_yy              N1
 -3.00000000E+00  1.00000000E+00  2.64683684E+00 -1.09622552E+00  4.06507156E-01  3.45670497E+00  9.63976062E-01  4.15454817E-01
 -2.97524677E+00  1.00000000E+00  2.62770341E+00 -1.09614435E+00  4.06508633E-01  3.45657681E+00  9.63955341E-01  4.15436912E-01
 -2.95049355E+00  1.00000000E+00  2.60856998E+00 -1.09606318E+00  4.06511184E-01  3.45644867E+00  9.63934622E-01  4.15419007E-01
 -2.92574032E+00  1.00000000E+00  2.58945922E+00 -1.09614551E+00  4.06513984E-01  3.45658908E+00  9.63960028E-01  4.15438176E-01
 -2.90098710E+00  1.00000000E+00  2.57034845E+00 -1.09622785E+00  4.06509298E-01  3.45672951E+00  9.63985436E-01  4.15457346E-01
 -2.87623387E+00  1.00000000E+00  2.55127864E+00 -1.09640830E+00  4.06500473E-01  3.45710292E+00  9.64034810E-01  4.15511352E-01
 -2.85148064E+00  1.00000000E+00  2.53220882E+00 -1.09658878E+00  4.06487500E-01  3.45747638E+00  9.64084194E-01  4.15565364E-01
 -2.82672742E+00  1.00000000E+00  2.51307479E+00 -1.09634333E+00  4.06482724E-01  3.45707896E+00  9.64004076E-01  4.15512481E-01
 -2.80197419E+00  1.00000000E+00  2.49394076E+00 -1.09609791E+00  4.06497631E-01  3.45668160E+00  9.63923979E-01  4.15459604E-01
 -2.77722097E+00  1.00000000E+00  2.47482137E+00 -1.09612972E+00  4.06501920E-01  3.45660665E+00  9.63941309E-01  4.15444224E-01
 -2.75246774E+00  1.00000000E+00  2.45570198E+00 -1.09616154E+00  4.06507937E-01  3.45653170E+00  9.63958640E-01  4.15428843E-01
 -2.72771451E+00  1.00000000E+00  2.43661735E+00 -1.09617193E+00  4.06512477E-01  3.45660586E+00  9.63966815E-01  4.15439841E-01
 -2.70296129E+00  1.00000000E+00  2.41753272E+00 -1.09618233E+00  4.06508727E-01  3.45668002E+00  9.63974990E-01  4.15450838E-01
 -2.67820806E+00  1.00000000E+00  2.39841287E+00 -1.09617903E+00  4.06502227E-01  3.45663523E+00  9.63967416E-01  4.15444635E-01
 -2.65345484E+00  1.00000000E+00  2.37929301E+00 -1.09617574E+00  4.06505878E-01  3.45659043E+00  9.63959842E-01  4.15438432E-01
 -2.62870161E+00  1.00000000E+00  2.36019925E+00 -1.09617547E+00  4.06507908E-01  3.45655118E+00  9.63967294E-01  4.15430649E-01
 -2.60394839E+00  1.00000000E+00  2.34110548E+00 -1.09617519E+00  4.06504184E-01  3.45651194E+00  9.63974745E-01  4.15422865E-01
 -2.57919516E+00  1.00000000E+00  2.32199708E+00 -1.09616216E+00  4.06508012E-01  3.45653419E+00  9.63972574E-01  4.15426936E-01
 -2.55444193E+00  1.00000000E+00  2.30288869E+00 -1.09614913E+00  4.06505445E-01  3.45655645E+00  9.63970402E-01  4.15431008E-01
 -2.52968871E+00  1.00000000E+00  2.28379576E+00 -1.09627110E+00  4.06495628E-01  3.45676783E+00  9.64009031E-01  4.15459799E-01
 -2.50493548E+00  1.00000000E+00  2.26470283E+00 -1.09639308E+00  4.06482478E-01  3.45697922E+00  9.64047665E-01  4.15488592E-01
 -2.48018226E+00  1.00000000E+00  2.24556896E+00 -1.09621613E+00  4.06485819E-01  3.45669689E+00  9.63984164E-01  4.15452120E-01
 -2.45542903E+00  1.00000000E+00  2.22643508E+00 -1.09603919E+00  4.06500949E-01  3.45641458E+00  9.63920674E-01  4.15415652E-01
 -2.43067580E+00  1.00000000E+00  2.20732957E+00 -1.09606085E+00  4.06508968E-01  3.45642199E+00  9.63926626E-01  4.15415893E-01
 -2.40592258E+00  1.00000000E+00  2.18822407E+00 -1.09608251E+00  4.06517929E-01  3.45642939E+00  9.63932579E-01  4.15416135E-01
 -2.38116935E+00  1.00000000E+00  2.16913861E+00 -1.09610192E+00  4.06519614E-01  3.45646231E+00  9.63953543E-01  4.15418127E-01
 -2.35641613E+00  1.00000000E+00  2.15005316E+00 -1.09612133E+00  4.06512067E-01  3.45649522E+00  9.63974508E-01  4.15420119E-01
 -2.33166290E+00  1.00000000E+00  2.13093989E+00 -1.09612850E+00  4.06503514E-01  3.45654058E+00  9.63961679E-01  4.15429817E-01
 -2.30690967E+00  1.00000000E+00  2.11182662E+00 -1.09613566E+00  4.06504105E-01  3.45658594E+00  9.63948849E-01  4.15439515E-01
 -2.28215645E+00  1.00000000E+00  2.09270946E+00 -1.09615427E+00  4.06507758E-01  3.45657341E+00  9.63955169E-01  4.15436374E-01
 -2.25740322E+00  1.00000000E+00  2.07359230E+00 -1.09617288E+00  4.06506635E-01  3.45656088E+00  9.63961489E-01  4.15433232E-01
 -2.23265000E+00  1.00000000E+00  2.05451181E+00 -1.09628373E+00  4.06502469E-01  3.45678093E+00  9.64005251E-01  4.15462612E-01
 -2.20789677E+00  1.00000000E+00  2.03543132E+00 -1.09639459E+00  4.06488531E-01  3.45700099E+00  9.64049017E-01  4.15491995E-01
 -2.18314354E+00  1.00000000E+00  2.01629686E+00 -1.09622017E+00  4.06484095E-01  3.45665391E+00  9.63996497E-01  4.15442903E-01
 -2.15839032E+00  1.00000000E+00  1.99716240E+00 -1.09604576E+00  4.06491473E-01  3.45630688E+00  9.63943986E-01  4.15393816E-01
 -2.13363709E+00  1.00000000E+00  1.97806712E+00 -1.09604286E+00  4.06492979E-01  3.45630396E+00  9.63935616E-01  4.15394724E-01
 -2.10888387E+00  1.00000000E+00  1.95897184E+00 -1.09603995E+00  4.06501154E-01  3.45630104E+00  9.63927246E-01  4.15395632E-01
 -2.08413064E+00  1.00000000E+00  1.93985524E+00 -1.09605895E+00  4.06510112E-01  3.45631306E+00  9.63937867E-01  4.15395866E-01
 -2.05937741E+00  1.00000000E+00  1.92073863E+00 -1.09607796E+00  4.06508387E-01  3.45632508E+00  9.63948487E-01  4.15396099E-01
 -2.03462419E+00  1.00000000E+00  1.90164853E+00 -1.09607982E+00  4.06501351E-01  3.45635668E+00  9.63951534E-01  4.15400857E-01
 -2.00987096E+00  1.00000000E+00  1.88255842E+00 -1.09608168E+00  4.06496851E-01  3.45638827E+00  9.63954580E-01  4.15405615E-01
 -1.98511774E+00  1.00000000E+00  1.86343592E+00 -1.09608683E+00  4.06491674E-01  3.45631438E+00  9.63960991E-01  4.15392231E-01
 -1.96036451E+00  1.00000000E+00  1.84431342E+00 -1.09609199E+00  4.06485411E-01  3.45624049E+00  9.63967403E-01  4.15378847E-01
 -1.93561128E+00  1.00000000E+00  1.82523765E+00 -1.09617337E+00  4.06478486E-01  3.45639392E+00  9.64000004E-01  4.15398986E-01
 -1.91085806E+00  1.00000000E+00  1.80616187E+00 -1.09625475E+00  4.06465688E-01  3.45654736E+00  9.64032608E-01  4.15419125E-01
 -1.88610483E+00  1.00000000E+00  1.78703074E+00 -1.09619615E+00  4.06456814E-01  3.45643690E+00  9.64001318E-01  4.15405930E-01
 -1.86135161E+00  1.00000000E+00  1.76789960E+00 -1.09613755E+00  4.06454339E-01  3.45632644E+00  9.63970029E-01  4.15392734E-01
 -1.83659838E+00  1.00000000E+00  1.74878954E+00 -1.09608053E+00  4.06454270E-01  3.45613085E+00  9.63977796E-01  4.15358842E-01
 -1.81184516E+00  1.00000000E+00  1.72967947E+00 -1.09602352E+00  4.06450892E-01  3.45593527E+00  9.63985564E-01  4.15324952E-01
 -1.78709193E+00  1.00000000E+00  1.71061774E+00 -1.09617200E+00  4.06433375E-01  3.45624032E+00  9.64029994E-01  4.15368388E-01
 -1.76233870E+00  1.00000000E+00  1.69155601E+00 -1.09632050E+00  4.06409784E-01  3.45654540E+00  9.64074431E-01  4.15411828E-01
 -1.73758548E+00  1.00000000E+00  1.67240196E+00 -1.09621726E+00  4.06406563E-01  3.45632511E+00  9.64033769E-01  4.15381891E-01
 -1.71283225E+00  1.00000000E+00  1.65324792E+00 -1.09611403E+00  4.06409697E-01  3.45610484E+00  9.63993111E-01  4.15351955E-01
 -1.68807903E+00  1.00000000E+00  1.63414257E+00 -1.09610861E+00  4.06393478E-01  3.45588363E+00  9.64018757E-01  4.15310813E-01
 -1.66332580E+00  1.00000000E+00  1.61503722E+00 -1.09610320E+00  4.06374281E-01  3.45566244E+00  9.64044403E-01  4.15269673E-01
 -1.63857257E+00  1.00000000E+00  1.59595585E+00 -1.09603883E+00  4.06375158E-01  3.45562698E+00  9.64021216E-01  4.15267627E-01
 -1.61381935E+00  1.00000000E+00  1.57687448E+00 -1.09597446E+00  4.06370584E-01  3.45559151E+00  9.63998031E-01  4.15265580E-01
 -1.58906612E+00  1.00000000E+00  1.55773814E+00 -1.09589341E+00  4.06348868E-01  3.45523937E+00  9.63989030E-01  4.15208390E-01
 -1.56431290E+00  1.00000000E+00  1.53860180E+00 -1.09581237E+00  4.06332323E-01  3.45488727E+00  9.63980032E-01  4.15151206E-01
 -1.53955967E+00  1.00000000E+00  1.51953217E+00 -1.09573914E+00  4.06322464E-01  3.45465852E+00  9.63976969E-01  4.15113591E-01
 -1.51480644E+00  1.00000000E+00  1.50046254E+00 -1.09566591E+00  4.06308671E-01  3.45442978E+00  9.63973908E-01  4.15075979E-01
 -1.49005322E+00  1.00000000E+00  1.48137316E+00 -1.09566092E+00  4.06286126E-01  3.45424181E+00  9.64005898E-01  4.15039319E-01
 -1.46529999E+00  1.00000000E+00  1.46228379E+00 -1.09565592E+00  4.06250372E-01  3.45405386E+00  9.64037888E-01  4.15002661E-01
 -1.44054677E+00  1.00000000E+00  1.44320718E+00 -1.09577269E+00  4.06210325E-01  3.45412199E+00  9.64096184E-01  4.15004302E-01
 -1.41579354E+00  1.00000000E+00  1.42413058E+00 -1.09588946E+00  4.06158341E-01  3.45419014E+00  9.64154486E-01  4.15005942E-01
 -1.39104031E+00  1.00000000E+00  1.40502003E+00 -1.09556454E+00  4.06123759E-01  3.45343645E+00  9.64074622E-01  4.14893638E-01
 -1.36628709E+00  1.00000000E+00  1.38590947E+00 -1.09523968E+00  4.06109926E-01  3.45268293E+00  9.63994791E-01  4.14781357E-01
 -1.34153386E+00  1.00000000E+00  1.36682751E+00 -1.09519881E+00  4.06079862E-01  3.45227792E+00  9.64014952E-01  4.14710494E-01
 -1.31678064E+00  1.00000000E+00  1.34774554E+00 -1.09515795E+00  4.06048102E-01  3.45187296E+00  9.64035113E-01  4.14639640E-01
 -1.29202741E+00  1.00000000E+00  1.32869986E+00 -1.09513487E+00  4.06009630E-01  3.45161547E+00  9.64064440E-01  4.14591838E-01
 -1.26727418E+00  1.00000000E+00  1.30965418E+00 -1.09511180E+00  4.05959555E-01  3.45135800E+00  9.64093769E-01  4.14544039E-01
 -1.24252096E+00  1.00000000E+00  1.29063451E+00 -1.09511487E+00  4.05903625E-01  3.45103580E+00  9.64139293E-01  4.14482751E-01
 -1.21776773E+00  1.00000000E+00  1.27161484E+00 -1.09511793E+00  4.05840998E-01  3.45071363E+00  9.64184819E-01  4.14421469E-01
 -1.19301451E+00  1.00000000E+00  1.25255030E+00 -1.09477449E+00  4.05784951E-01  3.44975183E+00  9.64126659E-01  4.14270862E-01
 -1.16826128E+00  1.00000000E+00  1.23348576E+00 -1.09443115E+00  4.05739028E-01  3.44879031E+00  9.64068535E-01  4.14120296E-01
 -1.14350806E+00  1.00000000E+00  1.21448644E+00 -1.09440530E+00  4.05679634E-01  3.44835347E+00  9.64103035E-01  4.14041739E-01
 -1.11875483E+00  1.00000000E+00  1.19548712E+00 -1.09437945E+00  4.05625953E-01  3.44791669E+00  9.64137535E-01  4.13963192E-01
 -1.09400160E+00  1.00000000E+00  1.17651448E+00 -1.09422337E+00  4.05561149E-01  3.44720923E+00  9.64144117E-01  4.13844185E-01
 -1.06924838E+00  1.00000000E+00  1.15754184E+00 -1.09406731E+00  4.05496109E-01  3.44650191E+00  9.64150707E-01  4.13725201E-01
 -1.04449515E+00  1.00000000E+00  1.13860657E+00 -1.09387160E+00  4.05431150E-01  3.44570432E+00  9.64153314E-01  4.13591834E-01
 -1.01974193E+00  1.00000000E+00  1.11967130E+00 -1.09367592E+00  4.05360638E-01  3.44490691E+00  9.64155933E-01  4.13458495E-01
 -9.94988700E-01  1.00000000E+00  1.10079185E+00 -1.09354314E+00  4.05289053E-01  3.44426200E+00  9.64173000E-01  4.13348166E-01
 -9.70235474E-01  1.00000000E+00  1.08191240E+00 -1.09341038E+00  4.05225792E-01  3.44361721E+00  9.64190074E-01  4.13237856E-01
 -9.45482248E-01  1.00000000E+00  1.06305897E+00 -1.09325065E+00  4.05162084E-01  3.44292692E+00  9.64185874E-01  4.13123508E-01
 -9.20729022E-01  1.00000000E+00  1.04420554E+00 -1.09309095E+00  4.05098919E-01  3.44223677E+00  9.64181681E-01  4.13009182E-01
 -8.95975796E-01  1.00000000E+00  1.02546349E+00 -1.09288505E+00  4.05044781E-01  3.44148618E+00  9.64176349E-01  4.12884972E-01
 -8.71222570E-01  1.00000000E+00  1.00672145E+00 -1.09267920E+00  4.04995103E-01  3.44073575E+00  9.64171029E-01  4.12760787E-01
 -8.46469344E-01  1.00000000E+00  9.88047341E-01 -1.09272992E+00  4.04960029E-01  3.44061627E+00  9.64223905E-01  4.12732061E-01
 -8.21716118E-01  1.00000000E+00  9.69373233E-01 -1.09278065E+00  4.04917889E-01  3.44049680E+00  9.64276783E-01  4.12703336E-01
 -7.97201467E-01  1.00000000E+00  9.50999706E-01 -1.09279858E+00  4.04925065E-01  3.44054659E+00  9.64268947E-01  4.12712941E-01
 -7.72686817E-01  1.00000000E+00  9.32626179E-01 -1.09281650E+00  4.04939168E-01  3.44059638E+00  9.64261111E-01  4.12722545E-01
 -7.49503432E-01  1.00000000E+00  9.15364841E-01 -1.09288098E+00  4.04981656E-01  3.44106160E+00  9.64229366E-01  4.12805372E-01
 -7.26320047E-01  1.00000000E+00  8.98103504E-01 -1.09294547E+00  4.05035687E-01  3.44152688E+00  9.64197623E-01  4.12888209E-01
 -7.04527831E-01  1.00000000E+00  8.82037936E-01 -1.09324844E+00  4.05123245E-01  3.44265213E+00  9.64236156E-01  4.13069328E-01
 -6.82735615E-01  1.00000000E+00  8.65972368E-01 -1.09355149E+00  4.05235510E-01  3.44377774E+00  9.64274712E-01  4.13250505E-01
 -6.62251087E-01  1.00000000E+00  8.50958695E-01 -1.09381374E+00  4.05426007E-01  3.44555810E+00  9.64141510E-01  4.13569432E-01
 -6.41766559E-01  1.00000000E+00  8.35945022E-01 -1.09407611E+00  4.05642309E-01  3.44733941E+00  9.64008354E-01  4.13888510E-01
 -6.22511254E-01  1.00000000E+00  8.22019234E-01 -1.09457156E+00  4.05884877E-01  3.44983868E+00  9.63949524E-01  4.14314859E-01
 -6.03255949E-01  1.00000000E+00  8.08093445E-01 -1.09506730E+00  4.06155915E-01  3.45233978E+00  9.63890768E-01  4.14741501E-01
 -5.85156097E-01  1.00000000E+00  7.95180187E-01 -1.09590230E+00  4.06481789E-01  3.45587250E+00  9.63904665E-01  4.15327973E-01
 -5.67056245E-01  1.00000000E+00  7.82266929E-01 -1.09673803E+00  4.06838571E-01  3.45940884E+00  9.63918744E-01  4.15915016E-01
 -5.50042515E-01  1.00000000E+00  7.70238833E-01 -1.09763211E+00  4.07297749E-01  3.46402799E+00  9.63763518E-01  4.16710746E-01
 -5.33028786E-01  1.00000000E+00  7.58210737E-01 -1.09852717E+00  4.07772197E-01  3.46865337E+00  9.63608568E-01  4.17507467E-01
 -5.17036006E-01  1.00000000E+00  7.47152660E-01 -1.09989172E+00  4.08301526E-01  3.47457085E+00  9.63605549E-01  4.18494216E-01
 -5.01043227E-01  1.00000000E+00  7.36094582E-01 -1.10125822E+00  4.08865619E-01  3.48049841E+00  9.63603025E-01  4.19482565E-01
 -4.86010125E-01  1.00000000E+00  7.25810506E-01 -1.10270183E+00  4.09530784E-01  3.48746229E+00  9.63465495E-01  4.20666132E-01
 -4.70977023E-01  1.00000000E+00  7.15526430E-01 -1.10414782E+00  4.10254561E-01  3.49444016E+00  9.63328584E-01  4.21851930E-01
 -4.56846016E-01  1.00000000E+00  7.06076091E-01 -1.10598415E+00  4.11041565E-01  3.50308383E+00  9.63221032E-01  4.23310467E-01
 -4.42715008E-01  1.00000000E+00  6.96625752E-01 -1.10782422E+00  4.11892851E-01  3.51174897E+00  9.63114406E-01  4.24772427E-01
 -4.29431964E-01  1.00000000E+00  6.87947337E-01 -1.10993001E+00  4.12853433E-01  3.52163865E+00  9.62931692E-01  4.26451160E-01
 -4.16148920E-01  1.00000000E+00  6.79268923E-01 -1.11204071E+00  4.13870488E-01  3.53155628E+00  9.62750314E-01  4.28134327E-01
 -4.03662954E-01  1.00000000E+00  6.71287458E-01 -1.11439991E+00  4.14918337E-01  3.54309762E+00  9.62569027E-01  4.30088099E-01
 -3.91176988E-01  1.00000000E+00  6.63305992E-01 -1.11676540E+00  4.16069939E-01  3.55467693E+00  9.62389260E-01  4.32047945E-01
 -3.79440270E-01  1.00000000E+00  6.55992163E-01 -1.11970595E+00  4.17308614E-01  3.56804071E+00  9.62291147E-01  4.34291593E-01
 -3.67703552E-01  1.00000000E+00  6.48678333E-01 -1.12265569E+00  4.18616041E-01  3.58145482E+00  9.62195358E-01  4.36543243E-01
 -3.56671122E-01  1.00000000E+00  6.42120267E-01 -1.12564886E+00  4.20037834E-01  3.59617292E+00  9.61904417E-01  4.39044751E-01
 -3.45638692E-01  1.00000000E+00  6.35562201E-01 -1.12865209E+00  4.21509993E-01  3.61095189E+00  9.61616068E-01  4.41555971E-01
 -3.35268287E-01  1.00000000E+00  6.29473511E-01 -1.13220023E+00  4.23020370E-01  3.62781579E+00  9.61462358E-01  4.44392239E-01
 -3.24897882E-01  1.00000000E+00  6.23384820E-01 -1.13576199E+00  4.24650294E-01  3.64475880E+00  9.61311881E-01  4.47241153E-01
 -3.15149775E-01  1.00000000E+00  6.17973145E-01 -1.13964713E+00  4.26407274E-01  3.66333890E+00  9.61061917E-01  4.50379497E-01
 -3.05401669E-01  1.00000000E+00  6.12561469E-01 -1.14354860E+00  4.28235488E-01  3.68201412E+00  9.60816054E-01  4.53533011E-01
 -2.96238520E-01  1.00000000E+00  6.07600545E-01 -1.14766331E+00  4.30142939E-01  3.70341435E+00  9.60353274E-01  4.57176847E-01
 -2.87075371E-01  1.00000000E+00  6.02639620E-01 -1.15179736E+00  4.32240502E-01  3.72494021E+00  9.59895172E-01  4.60840840E-01
 -2.78462077E-01  1.00000000E+00  5.98367534E-01 -1.15633197E+00  4.34383292E-01  3.74719958E+00  9.59529367E-01  4.64611702E-01
 -2.69848783E-01  1.00000000E+00  5.94095448E-01 -1.16088886E+00  4.36630854E-01  3.76959269E+00  9.59169202E-01  4.68403915E-01
 -2.61752348E-01  1.00000000E+00  5.90271067E-01 -1.16627901E+00  4.38937168E-01  3.79530889E+00  9.59027970E-01  4.72713487E-01
 -2.53655913E-01  1.00000000E+00  5.86446687E-01 -1.17169947E+00  4.41319914E-01  3.82120126E+00  9.58893719E-01  4.77051257E-01
 -2.46045323E-01  1.00000000E+00  5.83121382E-01 -1.17661809E+00  4.43852059E-01  3.84776266E+00  9.58248874E-01  4.81585632E-01
 -2.38434732E-01  1.00000000E+00  5.79796078E-01 -1.18156426E+00  4.46470963E-01  3.87451091E+00  9.57610719E-01  4.86150031E-01
 -2.31280830E-01  1.00000000E+00  5.76873365E-01 -1.18737991E+00  4.49192914E-01  3.90394623E+00  9.57244444E-01  4.91116964E-01
 -2.24126928E-01  1.00000000E+00  5.73950652E-01 -1.19323160E+00  4.51989367E-01  3.93360683E+00  9.56886424E-01  4.96120067E-01
 -2.17402314E-01  1.00000000E+00  5.71567408E-01 -1.19993421E+00  4.54879441E-01  3.96653696E+00  9.56673713E-01  5.01643875E-01
 -2.10677699E-01  1.00000000E+00  5.69184165E-01 -1.20668296E+00  4.57845819E-01  3.99974424E+00  9.56471389E-01  5.07212142E-01
 -2.04351753E-01  1.00000000E+00  5.67191497E-01 -1.21303260E+00  4.61013938E-01  4.03409564E+00  9.55810862E-01  5.13047463E-01
 -1.98025807E-01  1.00000000E+00  5.65198829E-01 -1.21942619E+00  4.64259296E-01  4.06874545E+00  9.55160411E-01  5.18930839E-01
 -1.91837501E-01  1.00000000E+00  5.63567050E-01 -1.22702354E+00  4.67801832E-01  4.10789138E+00  9.54754652E-01  5.25522788E-01
 -1.85649194E-01  1.00000000E+00  5.61935271E-01 -1.23468049E+00  4.71433719E-01  4.14741689E+00  9.54362038E-01  5.32175809E-01
 -1.79460888E-01  1.00000000E+00  5.60584881E-01 -1.24200171E+00  4.75548895E-01  4.19111795E+00  9.53137834E-01  5.39663353E-01
 -1.73272582E-01  1.00000000E+00  5.59234490E-01 -1.24938397E+00  4.79803305E-01  4.23528790E+00  9.51927833E-01  5.47226678E-01
 -1.67084275E-01  1.00000000E+00  5.58540801E-01 -1.25996897E+00  4.84434796E-01  4.28887305E+00  9.51771484E-01  5.56183594E-01
 -1.60895969E-01  1.00000000E+00  5.57847113E-01 -1.27066386E+00  4.89150131E-01  4.34314031E+00  9.51638112E-01  5.65250367E-01
 -1.54707662E-01  1.00000000E+00  5.57457629E-01 -1.28054318E+00  4.94553040E-01  4.40235954E+00  9.50271860E-01  5.75347947E-01
 -1.48519356E-01  1.00000000E+00  5.57068146E-01 -1.29052882E+00  5.00135738E-01  4.46240059E+00  9.48928566E-01  5.85578671E-01
 -1.42331049E-01  1.00000000E+00  5.57690591E-01 -1.30350670E+00  5.06551836E-01  4.53336349E+00  9.48108995E-01  5.97542415E-01
 -1.36142743E-01  1.00000000E+00  5.58313037E-01 -1.31665199E+00  5.13225795E-01  4.60546607E+00  9.47324974E-01  6.09690183E-01
 -1.29954436E-01  1.00000000E+00  5.59476933E-01 -1.33092719E+00  5.20538214E-01  4.69059667E+00  9.46086060E-01  6.24085102E-01
 -1.23766130E-01  1.00000000E+00  5.60640830E-01 -1.34540990E+00  5.28266213E-01  4.77732673E+00  9.44886369E-01  6.38740060E-01
 -1.17577823E-01  1.00000000E+00  5.62852769E-01 -1.36314733E+00  5.37202660E-01  4.88250007E+00  9.43569625E-01  6.56488408E-01
 -1.11389517E-01  1.00000000E+00  5.65064709E-01 -1.38119420E+00  5.46554452E-01  4.99002307E+00  9.42311540E-01  6.74618588E-01
 -1.05201210E-01  1.00000000E+00  5.69188553E-01 -1.40083075E+00  5.57452093E-01  5.11520719E+00  9.40065624E-01  6.95856927E-01
 -9.90129037E-02  1.00000000E+00  5.73312397E-01 -1.42085180E+00  5.68833443E-01  5.24359194E+00  9.37893365E-01  7.17616429E-01
 -9.28245972E-02  1.00000000E+00  5.79038623E-01 -1.44153873E+00  5.82590754E-01  5.39479899E+00  9.34030411E-01  7.43461429E-01
 -8.66362908E-02  1.00000000E+00  5.84764849E-01 -1.46267149E+00  5.97016353E-01  5.55049320E+00  9.30252147E-01  7.70040176E-01
 -8.04479843E-02  1.00000000E+00  5.92921577E-01 -1.49656365E+00  6.14407022E-01  5.75704482E+00  9.29249263E-01  8.04632593E-01
 -7.42596778E-02  1.00000000E+00  6.01078306E-01 -1.53146075E+00  6.32537554E-01  5.97137911E+00  9.28416294E-01  8.40493802E-01
 -6.80713713E-02  1.00000000E+00  6.15310512E-01 -1.55545746E+00  6.54494776E-01  6.22416937E+00  9.18653492E-01  8.84252647E-01
 -6.18830648E-02  1.00000000E+00  6.29542717E-01 -1.58009765E+00  6.79096654E-01  6.48826079E+00  9.09039637E-01  9.29870192E-01
 -5.56947583E-02  1.00000000E+00  6.43908259E-01 -1.67375525E+00  7.09726305E-01  6.88626186E+00  9.23276794E-01  9.93830844E-01
 -4.95064519E-02  1.00000000E+00  6.58273801E-01 -1.77280980E+00  7.39276608E-01  7.30865581E+00  9.38816524E-01  1.06163988E+00
 -4.33181454E-02  1.00000000E+00  7.30817578E-01 -1.65300465E+00  7.83525642E-01  7.58929241E+00  8.67851805E-01  1.12024010E+00
 -3.71298389E-02  1.00000000E+00  8.03361354E-01 -1.52953611E+00  8.48655977E-01  7.89785211E+00  8.01950505E-01  1.18265027E+00
 -3.09415324E-02  1.00000000E+00  6.53273990E-01 -1.58156550E+00  9.03641368E-01  8.09587086E+00  8.10944265E-01  1.21415443E+00
 -2.47532259E-02  1.00000000E+00  5.03186627E-01 -1.63496907E+00  9.14484136E-01  8.29900884E+00  8.20343402E-01  1.24644424E+00
 -1.85649194E-02  1.00000000E+00  1.46626602E+00 -2.70548971E+00  9.55667650E-01  1.16182028E+01  1.08060165E+00  1.75626687E+00
 -1.23766130E-02  1.00000000E+00  2.42934542E+00 -4.26719855E+00  1.12635933E+00  1.63774027E+01  1.51652142E+00  2.47681354E+00
 -6.18830648E-03  1.00000000E+00  1.01073882E+00  1.58714753E+00  2.24734399E+00  1.51731205E+01  6.39558294E-01  2.42226037E+00
  0.00000000E+00  1.00000000E+00 -4.07867791E-01  1.10453773E+01  5.38788554E+00  2.74313536E+01  4.73143434E+00  3.78331988E+00
