# curve 5 (die wall), step =      400, time =   1.60000000E+02
# N1 = tau_xx - tau_yy = G ( c_xx - c_yy ),  G =  7.7778E-02  (polymer part only)
#              x               y        pressure            c_xy        gammadot            c_xx            c_yy              N1
 -3.00000000E+00  1.00000000E+00  2.77201853E+00 -2.92470466E+00  4.21272397E-01  1.96304616E+01  9.14218944E-01  1.45570776E+00
 -2.97524677E+00  1.00000000E+00  2.75439427E+00 -2.92473833E+00  4.21320788E-01  1.96304946E+01  9.14227038E-01  1.45570970E+00
 -2.95049355E+00  1.00000000E+00  2.73677001E+00 -2.92477199E+00  4.21363392E-01  1.96305276E+01  9.14235133E-01  1.45571164E+00
 -2.92574032E+00  1.00000000E+00  2.71916888E+00 -2.92514609E+00  4.21393067E-01  1.96322186E+01  9.14309164E-01  1.45583740E+00
 -2.90098710E+00  1.00000000E+00  2.70156775E+00 -2.92552023E+00  4.21384401E-01  1.96339097E+01  9.14383204E-01  1.45596317E+00
 -2.87623387E+00  1.00000000E+00  2.68431034E+00 -2.92640197E+00  4.21334220E-01  1.96395428E+01  9.14533918E-01  1.45638958E+00
 -2.85148064E+00  1.00000000E+00  2.66705292E+00 -2.92728397E+00  4.21251434E-01  1.96451774E+01  9.14684673E-01  1.45681610E+00
 -2.82672742E+00  1.00000000E+00  2.64940073E+00 -2.92550513E+00  4.21218292E-01  1.96398460E+01  9.14298798E-01  1.45643145E+00
 -2.80197419E+00  1.00000000E+00  2.63174854E+00 -2.92372693E+00  4.21271278E-01  1.96345163E+01  9.13913166E-01  1.45604691E+00
 -2.77722097E+00  1.00000000E+00  2.61413434E+00 -2.92451439E+00  4.21282016E-01  1.96330207E+01  9.14147574E-01  1.45591235E+00
 -2.75246774E+00  1.00000000E+00  2.59652015E+00 -2.92530176E+00  4.21287871E-01  1.96315254E+01  9.14382047E-01  1.45577782E+00
 -2.72771451E+00  1.00000000E+00  2.57918637E+00 -2.92562130E+00  4.21271774E-01  1.96324135E+01  9.14476879E-01  1.45583951E+00
 -2.70296129E+00  1.00000000E+00  2.56185259E+00 -2.92594087E+00  4.21231604E-01  1.96333016E+01  9.14571721E-01  1.45590121E+00
 -2.67820806E+00  1.00000000E+00  2.54421589E+00 -2.92516264E+00  4.21216245E-01  1.96323215E+01  9.14343307E-01  1.45584275E+00
 -2.65345484E+00  1.00000000E+00  2.52657920E+00 -2.92438450E+00  4.21249181E-01  1.96313415E+01  9.14114954E-01  1.45578429E+00
 -2.62870161E+00  1.00000000E+00  2.50909588E+00 -2.92479803E+00  4.21274137E-01  1.96306309E+01  9.14243567E-01  1.45571901E+00
 -2.60394839E+00  1.00000000E+00  2.49161256E+00 -2.92521155E+00  4.21276951E-01  1.96299204E+01  9.14372198E-01  1.45565375E+00
 -2.57919516E+00  1.00000000E+00  2.47410857E+00 -2.92567694E+00  4.21322815E-01  1.96314528E+01  9.14491274E-01  1.45576367E+00
 -2.55444193E+00  1.00000000E+00  2.45660457E+00 -2.92614238E+00  4.21308897E-01  1.96329853E+01  9.14610368E-01  1.45587361E+00
 -2.52968871E+00  1.00000000E+00  2.43921717E+00 -2.92641789E+00  4.21252837E-01  1.96367748E+01  9.14628528E-01  1.45616693E+00
 -2.50493548E+00  1.00000000E+00  2.42182978E+00 -2.92669342E+00  4.21197584E-01  1.96405651E+01  9.14646687E-01  1.45646032E+00
 -2.48018226E+00  1.00000000E+00  2.40407845E+00 -2.92518429E+00  4.21237612E-01  1.96363343E+01  9.14283438E-01  1.45615952E+00
 -2.45542903E+00  1.00000000E+00  2.38632713E+00 -2.92367562E+00  4.21321008E-01  1.96321048E+01  9.13920376E-01  1.45585879E+00
 -2.43067580E+00  1.00000000E+00  2.36879353E+00 -2.92452695E+00  4.21380015E-01  1.96327873E+01  9.14119366E-01  1.45589640E+00
 -2.40592258E+00  1.00000000E+00  2.35125994E+00 -2.92537832E+00  4.21416931E-01  1.96334701E+01  9.14318421E-01  1.45593402E+00
 -2.38116935E+00  1.00000000E+00  2.33392572E+00 -2.92620418E+00  4.21388064E-01  1.96356816E+01  9.14541426E-01  1.45608868E+00
 -2.35641613E+00  1.00000000E+00  2.31659150E+00 -2.92703019E+00  4.21336784E-01  1.96378934E+01  9.14764492E-01  1.45624336E+00
 -2.33166290E+00  1.00000000E+00  2.29893981E+00 -2.92577353E+00  4.21343132E-01  1.96392651E+01  9.14351806E-01  1.45638215E+00
 -2.30690967E+00  1.00000000E+00  2.28128811E+00 -2.92451684E+00  4.21400540E-01  1.96406376E+01  9.13939297E-01  1.45652098E+00
 -2.28215645E+00  1.00000000E+00  2.26366408E+00 -2.92504891E+00  4.21450359E-01  1.96406226E+01  9.14074892E-01  1.45650927E+00
 -2.25740322E+00  1.00000000E+00  2.24604004E+00 -2.92558098E+00  4.21467285E-01  1.96406077E+01  9.14210514E-01  1.45649756E+00
 -2.23265000E+00  1.00000000E+00  2.22873710E+00 -2.92704669E+00  4.21434272E-01  1.96447819E+01  9.14579413E-01  1.45679353E+00
 -2.20789677E+00  1.00000000E+00  2.21143416E+00 -2.92851286E+00  4.21350653E-01  1.96489572E+01  9.14948492E-01  1.45708956E+00
 -2.18314354E+00  1.00000000E+00  2.19381830E+00 -2.92693400E+00  4.21316752E-01  1.96450621E+01  9.14568957E-01  1.45681613E+00
 -2.15839032E+00  1.00000000E+00  2.17620245E+00 -2.92535560E+00  4.21359962E-01  1.96411681E+01  9.14189629E-01  1.45654277E+00
 -2.13363709E+00  1.00000000E+00  2.15860357E+00 -2.92518771E+00  4.21419590E-01  1.96412878E+01  9.14112843E-01  1.45655805E+00
 -2.10888387E+00  1.00000000E+00  2.14100468E+00 -2.92501983E+00  4.21494254E-01  1.96414075E+01  9.14036063E-01  1.45657333E+00
 -2.08413064E+00  1.00000000E+00  2.12343487E+00 -2.92564311E+00  4.21563864E-01  1.96427966E+01  9.14165454E-01  1.45667131E+00
 -2.05937741E+00  1.00000000E+00  2.10586506E+00 -2.92626645E+00  4.21580266E-01  1.96441859E+01  9.14294877E-01  1.45676930E+00
 -2.03462419E+00  1.00000000E+00  2.08838457E+00 -2.92621927E+00  4.21575810E-01  1.96458227E+01  9.14268285E-01  1.45689868E+00
 -2.00987096E+00  1.00000000E+00  2.07090408E+00 -2.92617206E+00  4.21576754E-01  1.96474596E+01  9.14241694E-01  1.45702806E+00
 -1.98511774E+00  1.00000000E+00  2.05325562E+00 -2.92645222E+00  4.21561661E-01  1.96470117E+01  9.14329466E-01  1.45698640E+00
 -1.96036451E+00  1.00000000E+00  2.03560715E+00 -2.92673236E+00  4.21529129E-01  1.96465638E+01  9.14417247E-01  1.45694474E+00
 -1.93561128E+00  1.00000000E+00  2.01828298E+00 -2.92774671E+00  4.21470923E-01  1.96487188E+01  9.14706097E-01  1.45708988E+00
 -1.91085806E+00  1.00000000E+00  2.00095881E+00 -2.92876124E+00  4.21392003E-01  1.96508742E+01  9.14995046E-01  1.45723504E+00
 -1.88610483E+00  1.00000000E+00  1.98321231E+00 -2.92672322E+00  4.21361568E-01  1.96491720E+01  9.14401008E-01  1.45714885E+00
 -1.86135161E+00  1.00000000E+00  1.96546580E+00 -2.92468563E+00  4.21398462E-01  1.96474708E+01  9.13807383E-01  1.45706271E+00
 -1.83659838E+00  1.00000000E+00  1.94781328E+00 -2.92588716E+00  4.21414127E-01  1.96435926E+01  9.14277045E-01  1.45672454E+00
 -1.81184516E+00  1.00000000E+00  1.93016075E+00 -2.92708845E+00  4.21389888E-01  1.96397160E+01  9.14746902E-01  1.45638648E+00
 -1.78709193E+00  1.00000000E+00  1.91287315E+00 -2.92758037E+00  4.21315853E-01  1.96450206E+01  9.14799708E-01  1.45679495E+00
 -1.76233870E+00  1.00000000E+00  1.89558555E+00 -2.92807239E+00  4.21219309E-01  1.96503266E+01  9.14852517E-01  1.45720354E+00
 -1.73758548E+00  1.00000000E+00  1.87773826E+00 -2.92644659E+00  4.21193507E-01  1.96459214E+01  9.14463309E-01  1.45689118E+00
 -1.71283225E+00  1.00000000E+00  1.85989097E+00 -2.92482131E+00  4.21196308E-01  1.96415175E+01  9.14074318E-01  1.45657891E+00
 -1.68807903E+00  1.00000000E+00  1.84216692E+00 -2.92475250E+00  4.21128191E-01  1.96349175E+01  9.14220755E-01  1.45605419E+00
 -1.66332580E+00  1.00000000E+00  1.82444287E+00 -2.92468361E+00  4.21064047E-01  1.96283200E+01  9.14367193E-01  1.45552966E+00
 -1.63857257E+00  1.00000000E+00  1.80694432E+00 -2.92433209E+00  4.21050911E-01  1.96248058E+01  9.14352049E-01  1.45525751E+00
 -1.61381935E+00  1.00000000E+00  1.78944577E+00 -2.92398063E+00  4.20987961E-01  1.96212922E+01  9.14336909E-01  1.45498542E+00
 -1.58906612E+00  1.00000000E+00  1.77157499E+00 -2.92305447E+00  4.20868681E-01  1.96123246E+01  9.14267017E-01  1.45429336E+00
 -1.56431290E+00  1.00000000E+00  1.75370421E+00 -2.92212864E+00  4.20771381E-01  1.96033610E+01  9.14197147E-01  1.45360163E+00
 -1.53955967E+00  1.00000000E+00  1.73627579E+00 -2.92272387E+00  4.20639342E-01  1.95952256E+01  9.14576893E-01  1.45293934E+00
 -1.51480644E+00  1.00000000E+00  1.71884738E+00 -2.92331864E+00  4.20474158E-01  1.95870944E+01  9.14956720E-01  1.45227738E+00
 -1.49005322E+00  1.00000000E+00  1.70124500E+00 -2.92348363E+00  4.20233065E-01  1.95773319E+01  9.15314900E-01  1.45149021E+00
 -1.46529999E+00  1.00000000E+00  1.68364262E+00 -2.92364837E+00  4.19926864E-01  1.95675748E+01  9.15673150E-01  1.45070346E+00
 -1.44054677E+00  1.00000000E+00  1.66609657E+00 -2.92358954E+00  4.19610234E-01  1.95605819E+01  9.15933711E-01  1.45013930E+00
 -1.41579354E+00  1.00000000E+00  1.64855051E+00 -2.92353070E+00  4.19243488E-01  1.95535918E+01  9.16194331E-01  1.44957536E+00
 -1.39104031E+00  1.00000000E+00  1.63073054E+00 -2.91924663E+00  4.18824014E-01  1.95250340E+01  9.15640144E-01  1.44739730E+00
 -1.36628709E+00  1.00000000E+00  1.61291057E+00 -2.91496873E+00  4.18592483E-01  1.94965181E+01  9.15086886E-01  1.44522242E+00
 -1.34153386E+00  1.00000000E+00  1.59506483E+00 -2.91379491E+00  4.18324254E-01  1.94729171E+01  9.15297537E-01  1.44337041E+00
 -1.31678064E+00  1.00000000E+00  1.57721909E+00 -2.91262127E+00  4.18033237E-01  1.94493460E+01  9.15508114E-01  1.44152073E+00
 -1.29202741E+00  1.00000000E+00  1.55976124E+00 -2.91177860E+00  4.17604712E-01  1.94288436E+01  9.15822034E-01  1.43990168E+00
 -1.26727418E+00  1.00000000E+00  1.54230339E+00 -2.91093597E+00  4.17125650E-01  1.94083639E+01  9.16135964E-01  1.43828440E+00
 -1.24252096E+00  1.00000000E+00  1.52472830E+00 -2.91022364E+00  4.16674448E-01  1.93853483E+01  9.16570535E-01  1.43646050E+00
 -1.21776773E+00  1.00000000E+00  1.50715322E+00 -2.90951106E+00  4.16153020E-01  1.93623618E+01  9.17005140E-01  1.43463885E+00
 -1.19301451E+00  1.00000000E+00  1.48947634E+00 -2.90456398E+00  4.15348790E-01  1.93143037E+01  9.16766210E-01  1.43091958E+00
 -1.16826128E+00  1.00000000E+00  1.47179947E+00 -2.89962651E+00  4.14781619E-01  1.92663657E+01  9.16528021E-01  1.42720960E+00
 -1.14350806E+00  1.00000000E+00  1.45427295E+00 -2.89596981E+00  4.14167234E-01  1.92284932E+01  9.16406500E-01  1.42427341E+00
 -1.11875483E+00  1.00000000E+00  1.43674644E+00 -2.89231843E+00  4.13552610E-01  1.91906960E+01  9.16285322E-01  1.42134305E+00
 -1.09400160E+00  1.00000000E+00  1.41898298E+00 -2.88949269E+00  4.12937772E-01  1.91437475E+01  9.16650328E-01  1.41766311E+00
 -1.06924838E+00  1.00000000E+00  1.40121953E+00 -2.88666956E+00  4.12269458E-01  1.90969179E+01  9.17015246E-01  1.41399243E+00
 -1.04449515E+00  1.00000000E+00  1.38406965E+00 -2.88401008E+00  4.11364140E-01  1.90393842E+01  9.17710330E-01  1.40946352E+00
 -1.01974193E+00  1.00000000E+00  1.36691978E+00 -2.88135138E+00  4.10404334E-01  1.89820323E+01  9.18405166E-01  1.40494878E+00
 -9.94988700E-01  1.00000000E+00  1.34980827E+00 -2.87545003E+00  4.09258143E-01  1.89177896E+01  9.18420178E-01  1.39995096E+00
 -9.70235474E-01  1.00000000E+00  1.33269676E+00 -2.86956310E+00  4.08138056E-01  1.88537671E+01  9.18436207E-01  1.39497018E+00
 -9.45482248E-01  1.00000000E+00  1.31525885E+00 -2.86440415E+00  4.07043667E-01  1.87834829E+01  9.18733711E-01  1.38948049E+00
 -9.20729022E-01  1.00000000E+00  1.29782093E+00 -2.85925564E+00  4.05917536E-01  1.87134673E+01  9.19031375E-01  1.38401168E+00
 -8.95975796E-01  1.00000000E+00  1.28123097E+00 -2.85479421E+00  4.04531770E-01  1.86213951E+01  9.20109022E-01  1.37676669E+00
 -8.71222570E-01  1.00000000E+00  1.26464100E+00 -2.85033583E+00  4.03149620E-01  1.85297974E+01  9.21185998E-01  1.36955866E+00
 -8.46469344E-01  1.00000000E+00  1.24827963E+00 -2.84107867E+00  4.01413281E-01  1.84456795E+01  9.20833993E-01  1.36304354E+00
 -8.21716118E-01  1.00000000E+00  1.23191826E+00 -2.83185606E+00  3.99698877E-01  1.83619454E+01  9.20485480E-01  1.35655800E+00
 -7.97201467E-01  1.00000000E+00  1.21488701E+00 -2.82368336E+00  3.98514611E-01  1.82634617E+01  9.20587176E-01  1.34889024E+00
 -7.72686817E-01  1.00000000E+00  1.19785576E+00 -2.81553775E+00  3.97291835E-01  1.81655164E+01  9.20689665E-01  1.34126430E+00
 -7.49503432E-01  1.00000000E+00  1.18348353E+00 -2.81329907E+00  3.95678214E-01  1.80721181E+01  9.22589868E-01  1.33385220E+00
 -7.26320047E-01  1.00000000E+00  1.16911131E+00 -2.81104919E+00  3.93961333E-01  1.79792372E+01  9.24489902E-01  1.32648035E+00
 -7.04527831E-01  1.00000000E+00  1.15608794E+00 -2.80083047E+00  3.91989796E-01  1.78774752E+01  9.24359506E-01  1.31857566E+00
 -6.82735615E-01  1.00000000E+00  1.14306458E+00 -2.79065580E+00  3.90156234E-01  1.77762947E+01  9.24232803E-01  1.31071593E+00
 -6.62251087E-01  1.00000000E+00  1.12966497E+00 -2.78130270E+00  3.88909066E-01  1.76779422E+01  9.23962606E-01  1.30308730E+00
 -6.41766559E-01  1.00000000E+00  1.11626536E+00 -2.77198570E+00  3.87653379E-01  1.75801411E+01  9.23694238E-01  1.29550142E+00
 -6.22511254E-01  1.00000000E+00  1.10559949E+00 -2.76600640E+00  3.86042152E-01  1.74780075E+01  9.24703307E-01  1.28747921E+00
 -6.03255949E-01  1.00000000E+00  1.09493362E+00 -2.76003831E+00  3.84414742E-01  1.73764913E+01  9.25711798E-01  1.27950507E+00
 -5.85156097E-01  1.00000000E+00  1.08484790E+00 -2.74857455E+00  3.82794679E-01  1.72667871E+01  9.25184760E-01  1.27101352E+00
 -5.67056245E-01  1.00000000E+00  1.07476219E+00 -2.73716556E+00  3.81315275E-01  1.71577819E+01  9.24661639E-01  1.26257602E+00
 -5.50042515E-01  1.00000000E+00  1.06534547E+00 -2.73142625E+00  3.80122882E-01  1.70688199E+01  9.25358543E-01  1.25560255E+00
 -5.33028786E-01  1.00000000E+00  1.05592876E+00 -2.72569862E+00  3.78797716E-01  1.69803359E+01  9.26054991E-01  1.24866630E+00
 -5.17036006E-01  1.00000000E+00  1.04907348E+00 -2.72577434E+00  3.77153299E-01  1.69076773E+01  9.28492019E-01  1.24282552E+00
 -5.01043227E-01  1.00000000E+00  1.04221821E+00 -2.72583612E+00  3.75295858E-01  1.68353656E+01  9.30931412E-01  1.23701155E+00
 -4.86010125E-01  1.00000000E+00  1.03429263E+00 -2.71072547E+00  3.73684786E-01  1.67367011E+01  9.28889992E-01  1.22949642E+00
 -4.70977023E-01  1.00000000E+00  1.02636706E+00 -2.69569942E+00  3.72845503E-01  1.66386144E+01  9.26861055E-01  1.22202526E+00
 -4.56846016E-01  1.00000000E+00  1.02091856E+00 -2.69381171E+00  3.71598664E-01  1.65621275E+01  9.28470206E-01  1.21595113E+00
 -4.42715008E-01  1.00000000E+00  1.01547005E+00 -2.69191493E+00  3.70411827E-01  1.64860213E+01  9.30078919E-01  1.20990663E+00
 -4.29431964E-01  1.00000000E+00  1.01021265E+00 -2.68626570E+00  3.69455972E-01  1.64402372E+01  9.29767167E-01  1.20636989E+00
 -4.16148920E-01  1.00000000E+00  1.00495525E+00 -2.68062983E+00  3.68588570E-01  1.63945807E+01  9.29456970E-01  1.20284296E+00
 -4.03662954E-01  1.00000000E+00  1.00055369E+00 -2.67230887E+00  3.67376724E-01  1.63141136E+01  9.29179968E-01  1.19660595E+00
 -3.91176988E-01  1.00000000E+00  9.96152135E-01 -2.66401802E+00  3.66441813E-01  1.62340460E+01  9.28905026E-01  1.19039985E+00
 -3.79440270E-01  1.00000000E+00  9.92717779E-01 -2.66072257E+00  3.65658462E-01  1.61798143E+01  9.29355853E-01  1.18614677E+00
 -3.67703552E-01  1.00000000E+00  9.89283422E-01 -2.65743018E+00  3.64870598E-01  1.61257716E+01  9.29806231E-01  1.18190842E+00
 -3.56671122E-01  1.00000000E+00  9.86329806E-01 -2.65449959E+00  3.64318525E-01  1.60796013E+01  9.30245271E-01  1.17828325E+00
 -3.45638692E-01  1.00000000E+00  9.83376190E-01 -2.65157205E+00  3.63683151E-01  1.60335686E+01  9.30684173E-01  1.17466879E+00
 -3.35268287E-01  1.00000000E+00  9.81958340E-01 -2.64869809E+00  3.62429614E-01  1.59776089E+01  9.31547869E-01  1.17024919E+00
 -3.24897882E-01  1.00000000E+00  9.80540491E-01 -2.64582617E+00  3.61426482E-01  1.59218548E+01  9.32411543E-01  1.16584559E+00
 -3.15149775E-01  1.00000000E+00  9.79568237E-01 -2.64410193E+00  3.60555968E-01  1.58855899E+01  9.33228527E-01  1.16296144E+00
 -3.05401669E-01  1.00000000E+00  9.78595983E-01 -2.64237894E+00  3.59709289E-01  1.58494120E+01  9.34046009E-01  1.16008402E+00
 -2.96238520E-01  1.00000000E+00  9.77818859E-01 -2.63390249E+00  3.58656492E-01  1.57944339E+01  9.32906294E-01  1.15589659E+00
 -2.87075371E-01  1.00000000E+00  9.77041734E-01 -2.62545378E+00  3.58003155E-01  1.57396463E+01  9.31770644E-01  1.15172367E+00
 -2.78462077E-01  1.00000000E+00  9.76632691E-01 -2.62271785E+00  3.57904029E-01  1.57157839E+01  9.31479352E-01  1.14989035E+00
 -2.69848783E-01  1.00000000E+00  9.76223648E-01 -2.61998507E+00  3.57929877E-01  1.56919580E+01  9.31188282E-01  1.14805986E+00
 -2.61752348E-01  1.00000000E+00  9.77221407E-01 -2.61826769E+00  3.57276755E-01  1.56531032E+01  9.31865249E-01  1.14498517E+00
 -2.53655913E-01  1.00000000E+00  9.78219166E-01 -2.61655032E+00  3.56700934E-01  1.56143505E+01  9.32542141E-01  1.14191843E+00
 -2.46045323E-01  1.00000000E+00  9.79214207E-01 -2.61428187E+00  3.56309587E-01  1.55838137E+01  9.32728907E-01  1.13952881E+00
 -2.38434732E-01  1.00000000E+00  9.80209248E-01 -2.61201554E+00  3.55786757E-01  1.55533385E+01  9.32915650E-01  1.13714400E+00
 -2.31280830E-01  1.00000000E+00  9.82713779E-01 -2.60998094E+00  3.54824103E-01  1.55124228E+01  9.33688840E-01  1.13390153E+00
 -2.24126928E-01  1.00000000E+00  9.85218311E-01 -2.60794759E+00  3.53963624E-01  1.54716207E+01  9.34462255E-01  1.13066788E+00
 -2.17402314E-01  1.00000000E+00  9.87671649E-01 -2.60253241E+00  3.52909742E-01  1.54130905E+01  9.34600736E-01  1.12610476E+00
 -2.10677699E-01  1.00000000E+00  9.90124986E-01 -2.59713083E+00  3.51968121E-01  1.53547860E+01  9.34739998E-01  1.12155913E+00
 -2.04351753E-01  1.00000000E+00  9.92922833E-01 -2.59339481E+00  3.51320742E-01  1.53037881E+01  9.35126353E-01  1.11756258E+00
 -1.98025807E-01  1.00000000E+00  9.95720680E-01 -2.58966471E+00  3.50543861E-01  1.52529654E+01  9.35512698E-01  1.11357965E+00
 -1.91837501E-01  1.00000000E+00  9.99747355E-01 -2.58733156E+00  3.49320150E-01  1.51945281E+01  9.36931930E-01  1.10892414E+00
 -1.85649194E-01  1.00000000E+00  1.00377403E+00 -2.58499899E+00  3.47946508E-01  1.51363295E+01  9.38352098E-01  1.10428713E+00
 -1.79460888E-01  1.00000000E+00  1.00848464E+00 -2.58061749E+00  3.46557069E-01  1.50787224E+01  9.38943445E-01  1.09976058E+00
 -1.73272582E-01  1.00000000E+00  1.01319526E+00 -2.57624525E+00  3.45040436E-01  1.50213416E+01  9.39535389E-01  1.09525159E+00
 -1.67084275E-01  1.00000000E+00  1.01859936E+00 -2.56129559E+00  3.42610705E-01  1.48866175E+01  9.39067257E-01  1.08480947E+00
 -1.60895969E-01  1.00000000E+00  1.02400345E+00 -2.54644815E+00  3.40748239E-01  1.47531143E+01  9.38607680E-01  1.07446163E+00
 -1.54707662E-01  1.00000000E+00  1.03089337E+00 -2.54037245E+00  3.39014310E-01  1.46389076E+01  9.40483224E-01  1.06543300E+00
 -1.48519356E-01  1.00000000E+00  1.03778328E+00 -2.53430634E+00  3.36807196E-01  1.45256338E+01  9.42358455E-01  1.05647697E+00
 -1.42331049E-01  1.00000000E+00  1.04666231E+00 -2.53852044E+00  3.33104302E-01  1.43979542E+01  9.49742970E-01  1.04597198E+00
 -1.36142743E-01  1.00000000E+00  1.05554135E+00 -2.54267020E+00  3.29181504E-01  1.42715970E+01  9.57162553E-01  1.03556712E+00
 -1.29954436E-01  1.00000000E+00  1.06652859E+00 -2.51005866E+00  3.22444885E-01  1.39418052E+01  9.57993446E-01  1.00985203E+00
 -1.23766130E-01  1.00000000E+00  1.07751584E+00 -2.47796039E+00  3.16335393E-01  1.36197858E+01  9.58858354E-01  9.84738799E-01
 -1.17577823E-01  1.00000000E+00  1.09176950E+00 -2.42865804E+00  3.07265154E-01  1.31411814E+01  9.60134380E-01  9.47414769E-01
 -1.11389517E-01  1.00000000E+00  1.10602316E+00 -2.38057059E+00  2.98797681E-01  1.26797104E+01  9.61504121E-01  9.11416045E-01
 -1.05201210E-01  1.00000000E+00  1.11990052E+00 -2.35707542E+00  2.90763326E-01  1.21429185E+01  9.76646756E-01  8.68487804E-01
 -9.90129037E-02  1.00000000E+00  1.13377788E+00 -2.33364807E+00  2.79952496E-01  1.16305627E+01  9.91868814E-01  8.27453969E-01
 -9.28245972E-02  1.00000000E+00  1.16308829E+00 -2.26972297E+00  2.63213593E-01  1.07836677E+01  1.01029643E+00  7.60151097E-01
 -8.66362908E-02  1.00000000E+00  1.19239871E+00 -2.20820876E+00  2.42368419E-01  1.00015342E+01  1.02904189E+00  6.97860510E-01
 -8.04479843E-02  1.00000000E+00  1.22616930E+00 -1.99587916E+00  2.09632654E-01  8.27190170E+00  1.04661446E+00  5.61966785E-01
 -7.42596778E-02  1.00000000E+00  1.25993989E+00 -1.81072781E+00  1.76783810E-01  6.84836836E+00  1.06776654E+00  4.49602364E-01
 -6.80713713E-02  1.00000000E+00  1.34409799E+00 -1.53063892E+00  1.42749759E-01  5.06830290E+00  1.09356617E+00  3.09146190E-01
 -6.18830648E-02  1.00000000E+00  1.42825610E+00 -1.30822162E+00  1.00007964E-01  3.75959307E+00  1.13031281E+00  2.04499575E-01
 -5.56947583E-02  1.00000000E+00  1.61194943E+00 -8.02184074E-01  3.63703846E-02  1.84773905E+00  1.21403767E+00  4.92878852E-02
 -4.95064519E-02  1.00000000E+00  1.79564275E+00 -5.12156885E-01  3.09139576E-02  9.06359691E-01  1.40186963E+00 -3.85396617E-02
 -4.33181454E-02  1.00000000E+00  2.05719970E+00  1.26784251E-01  4.90134789E-02  7.29813184E-01  1.25500498E+00 -4.08482506E-02
 -3.71298389E-02  1.00000000E+00  2.31875664E+00  7.47585855E-01  8.80814610E-02  8.97932937E-01  1.51675623E+00 -4.81307002E-02
 -3.09415324E-02  1.00000000E+00  2.57803256E+00  7.25916193E-01  1.56060524E-01  9.56391463E-01  1.52415615E+00 -4.41594759E-02
 -2.47532259E-02  1.00000000E+00  2.83730848E+00  7.00435765E-01  2.10682286E-01  1.02356182E+00  1.53319430E+00 -3.96380814E-02
 -1.85649194E-02  1.00000000E+00  4.40125752E+00  1.92935939E+00  6.34554909E-01  4.64506973E+00  1.42560797E+00  2.50402582E-01
 -1.23766130E-02  1.00000000E+00  5.96520655E+00  6.37330352E+00  9.25752530E-01  2.10049701E+01  2.30485052E+00  1.45445375E+00
 -6.18830648E-03  1.00000000E+00  2.54719899E+00  9.41388100E+00  4.33776762E-01  9.42537919E+00  1.05334897E+01 -8.61863729E-02
  0.00000000E+00  1.00000000E+00 -8.70808570E-01  3.17295580E+01  2.07887727E+00  1.51624107E+01  6.73604502E+01 -4.05984751E+00
