# curve 5 (die wall), step =     1000, time =   4.00000000E+02
# N1 = tau_xx - tau_yy = G ( c_xx - c_yy ),  G =  3.3333E-02  (polymer part only)
#              x               y        pressure            c_xy        gammadot            c_xx            c_yy              N1
 -3.00000000E+00  1.00000000E+00  2.35814413E+00 -1.74005537E+00  4.11744322E-01  8.79549270E+00  7.52924263E-01  2.68085615E-01
 -2.97524677E+00  1.00000000E+00  2.34100281E+00 -1.74000568E+00  4.11749112E-01  8.79509951E+00  7.52929692E-01  2.68072327E-01
 -2.95049355E+00  1.00000000E+00  2.32386148E+00 -1.73995598E+00  4.11752237E-01  8.79470633E+00  7.52935122E-01  2.68059040E-01
 -2.92574032E+00  1.00000000E+00  2.30672346E+00 -1.74003592E+00  4.11751973E-01  8.79526742E+00  7.52938714E-01  2.68077624E-01
 -2.90098710E+00  1.00000000E+00  2.28958545E+00 -1.74011587E+00  4.11747928E-01  8.79582855E+00  7.52942306E-01  2.68096208E-01
 -2.87623387E+00  1.00000000E+00  2.27244642E+00 -1.74024725E+00  4.11743496E-01  8.79736935E+00  7.52918733E-01  2.68148354E-01
 -2.85148064E+00  1.00000000E+00  2.25530739E+00 -1.74037864E+00  4.11736966E-01  8.79891043E+00  7.52895162E-01  2.68200509E-01
 -2.82672742E+00  1.00000000E+00  2.23816428E+00 -1.74012774E+00  4.11737932E-01  8.79728391E+00  7.52886522E-01  2.68146580E-01
 -2.80197419E+00  1.00000000E+00  2.22102117E+00 -1.73987689E+00  4.11740115E-01  8.79565769E+00  7.52877889E-01  2.68092660E-01
 -2.77722097E+00  1.00000000E+00  2.20387020E+00 -1.73992654E+00  4.11745665E-01  8.79527285E+00  7.52902670E-01  2.68079006E-01
 -2.75246774E+00  1.00000000E+00  2.18671923E+00 -1.73997619E+00  4.11750143E-01  8.79488803E+00  7.52927452E-01  2.68065353E-01
 -2.72771451E+00  1.00000000E+00  2.16959395E+00 -1.74004399E+00  4.11747649E-01  8.79520472E+00  7.52946161E-01  2.68075285E-01
 -2.70296129E+00  1.00000000E+00  2.15246867E+00 -1.74011179E+00  4.11738363E-01  8.79552142E+00  7.52964870E-01  2.68085218E-01
 -2.67820806E+00  1.00000000E+00  2.13532093E+00 -1.74003305E+00  4.11736379E-01  8.79531587E+00  7.52935555E-01  2.68079344E-01
 -2.65345484E+00  1.00000000E+00  2.11817318E+00 -1.73995430E+00  4.11740521E-01  8.79511033E+00  7.52906240E-01  2.68073470E-01
 -2.62870161E+00  1.00000000E+00  2.10103543E+00 -1.73999637E+00  4.11745335E-01  8.79496248E+00  7.52926404E-01  2.68067869E-01
 -2.60394839E+00  1.00000000E+00  2.08389767E+00 -1.74003845E+00  4.11748237E-01  8.79481464E+00  7.52946568E-01  2.68062269E-01
 -2.57919516E+00  1.00000000E+00  2.06676157E+00 -1.74002483E+00  4.11748249E-01  8.79497797E+00  7.52943451E-01  2.68067817E-01
 -2.55444193E+00  1.00000000E+00  2.04962547E+00 -1.74001122E+00  4.11743255E-01  8.79514131E+00  7.52940334E-01  2.68073366E-01
 -2.52968871E+00  1.00000000E+00  2.03248309E+00 -1.74015298E+00  4.11737700E-01  8.79627639E+00  7.52943938E-01  2.68111082E-01
 -2.50493548E+00  1.00000000E+00  2.01534070E+00 -1.74029475E+00  4.11728146E-01  8.79741162E+00  7.52947542E-01  2.68148803E-01
 -2.48018226E+00  1.00000000E+00  1.99819315E+00 -1.74007639E+00  4.11732383E-01  8.79609706E+00  7.52924545E-01  2.68105751E-01
 -2.45542903E+00  1.00000000E+00  1.98104560E+00 -1.73985805E+00  4.11740069E-01  8.79478271E+00  7.52901553E-01  2.68062705E-01
 -2.43067580E+00  1.00000000E+00  1.96390614E+00 -1.73990246E+00  4.11748073E-01  8.79460160E+00  7.52919475E-01  2.68056071E-01
 -2.40592258E+00  1.00000000E+00  1.94676668E+00 -1.73994687E+00  4.11754458E-01  8.79442050E+00  7.52937398E-01  2.68049437E-01
 -2.38116935E+00  1.00000000E+00  1.92963473E+00 -1.73997129E+00  4.11750851E-01  8.79457190E+00  7.52949743E-01  2.68054072E-01
 -2.35641613E+00  1.00000000E+00  1.91250278E+00 -1.73999571E+00  4.11740717E-01  8.79472329E+00  7.52962088E-01  2.68058707E-01
 -2.33166290E+00  1.00000000E+00  1.89535893E+00 -1.74000082E+00  4.11738168E-01  8.79499726E+00  7.52946400E-01  2.68068362E-01
 -2.30690967E+00  1.00000000E+00  1.87821507E+00 -1.74000594E+00  4.11737900E-01  8.79527124E+00  7.52930712E-01  2.68078018E-01
 -2.28215645E+00  1.00000000E+00  1.86107150E+00 -1.73998498E+00  4.11740189E-01  8.79512945E+00  7.52921511E-01  2.68073598E-01
 -2.25740322E+00  1.00000000E+00  1.84392793E+00 -1.73996403E+00  4.11745285E-01  8.79498766E+00  7.52912310E-01  2.68069178E-01
 -2.23265000E+00  1.00000000E+00  1.82679121E+00 -1.74013878E+00  4.11742841E-01  8.79605432E+00  7.52937130E-01  2.68103906E-01
 -2.20789677E+00  1.00000000E+00  1.80965449E+00 -1.74031356E+00  4.11730664E-01  8.79712111E+00  7.52961953E-01  2.68138639E-01
 -2.18314354E+00  1.00000000E+00  1.79250848E+00 -1.74012422E+00  4.11728284E-01  8.79579724E+00  7.52953319E-01  2.68094798E-01
 -2.15839032E+00  1.00000000E+00  1.77536246E+00 -1.73993491E+00  4.11729398E-01  8.79447358E+00  7.52944689E-01  2.68050963E-01
 -2.13363709E+00  1.00000000E+00  1.75822920E+00 -1.73993862E+00  4.11732355E-01  8.79436412E+00  7.52946617E-01  2.68047250E-01
 -2.10888387E+00  1.00000000E+00  1.74109594E+00 -1.73994233E+00  4.11735722E-01  8.79425466E+00  7.52948545E-01  2.68043537E-01
 -2.08413064E+00  1.00000000E+00  1.72394765E+00 -1.73995025E+00  4.11737798E-01  8.79413376E+00  7.52954621E-01  2.68039305E-01
 -2.05937741E+00  1.00000000E+00  1.70679935E+00 -1.73995816E+00  4.11736700E-01  8.79401287E+00  7.52960696E-01  2.68035072E-01
 -2.03462419E+00  1.00000000E+00  1.68966617E+00 -1.73993532E+00  4.11731358E-01  8.79424685E+00  7.52948643E-01  2.68043273E-01
 -2.00987096E+00  1.00000000E+00  1.67253300E+00 -1.73991247E+00  4.11724839E-01  8.79448083E+00  7.52936590E-01  2.68051475E-01
 -1.98511774E+00  1.00000000E+00  1.65538412E+00 -1.73991565E+00  4.11723629E-01  8.79434221E+00  7.52939179E-01  2.68046768E-01
 -1.96036451E+00  1.00000000E+00  1.63823524E+00 -1.73991883E+00  4.11723394E-01  8.79420359E+00  7.52941768E-01  2.68042061E-01
 -1.93561128E+00  1.00000000E+00  1.62110937E+00 -1.74007167E+00  4.11716177E-01  8.79514791E+00  7.52963008E-01  2.68072830E-01
 -1.91085806E+00  1.00000000E+00  1.60398350E+00 -1.74022453E+00  4.11704303E-01  8.79609233E+00  7.52984250E-01  2.68103603E-01
 -1.88610483E+00  1.00000000E+00  1.58682374E+00 -1.74004942E+00  4.11699782E-01  8.79556020E+00  7.52932424E-01  2.68087592E-01
 -1.86135161E+00  1.00000000E+00  1.56966398E+00 -1.73987432E+00  4.11700909E-01  8.79502810E+00  7.52880604E-01  2.68071583E-01
 -1.83659838E+00  1.00000000E+00  1.55253364E+00 -1.73994503E+00  4.11703709E-01  8.79447786E+00  7.52943107E-01  2.68051158E-01
 -1.81184516E+00  1.00000000E+00  1.53540330E+00 -1.74001573E+00  4.11699658E-01  8.79392766E+00  7.53005614E-01  2.68030735E-01
 -1.78709193E+00  1.00000000E+00  1.51827684E+00 -1.74012719E+00  4.11680473E-01  8.79553690E+00  7.52980067E-01  2.68085228E-01
 -1.76233870E+00  1.00000000E+00  1.50115038E+00 -1.74023866E+00  4.11655899E-01  8.79714644E+00  7.52954520E-01  2.68139731E-01
 -1.73758548E+00  1.00000000E+00  1.48399162E+00 -1.74012475E+00  4.11652397E-01  8.79632304E+00  7.52945914E-01  2.68112571E-01
 -1.71283225E+00  1.00000000E+00  1.46683287E+00 -1.74001085E+00  4.11648045E-01  8.79549972E+00  7.52937309E-01  2.68085414E-01
 -1.68807903E+00  1.00000000E+00  1.44969227E+00 -1.74000694E+00  4.11640512E-01  8.79489922E+00  7.52958456E-01  2.68064692E-01
 -1.66332580E+00  1.00000000E+00  1.43255168E+00 -1.74000303E+00  4.11633388E-01  8.79429877E+00  7.52979603E-01  2.68043972E-01
 -1.63857257E+00  1.00000000E+00  1.41543114E+00 -1.73998907E+00  4.11623426E-01  8.79428184E+00  7.52984512E-01  2.68043244E-01
 -1.61381935E+00  1.00000000E+00  1.39831060E+00 -1.73997511E+00  4.11606481E-01  8.79426491E+00  7.52989420E-01  2.68042516E-01
 -1.58906612E+00  1.00000000E+00  1.38115640E+00 -1.73986026E+00  4.11590917E-01  8.79322644E+00  7.52989070E-01  2.68007912E-01
 -1.56431290E+00  1.00000000E+00  1.36400220E+00 -1.73974543E+00  4.11579801E-01  8.79218810E+00  7.52988721E-01  2.67973312E-01
 -1.53955967E+00  1.00000000E+00  1.34689025E+00 -1.73972236E+00  4.11564056E-01  8.79149527E+00  7.53017814E-01  2.67949248E-01
 -1.51480644E+00  1.00000000E+00  1.32977831E+00 -1.73969930E+00  4.11546941E-01  8.79080250E+00  7.53046909E-01  2.67925186E-01
 -1.49005322E+00  1.00000000E+00  1.31265214E+00 -1.73970546E+00  4.11523068E-01  8.79086278E+00  7.53061128E-01  2.67926722E-01
 -1.46529999E+00  1.00000000E+00  1.29552597E+00 -1.73971162E+00  4.11489247E-01  8.79092307E+00  7.53075348E-01  2.67928257E-01
 -1.44054677E+00  1.00000000E+00  1.27839747E+00 -1.73985041E+00  4.11454798E-01  8.79216080E+00  7.53080207E-01  2.67969353E-01
 -1.41579354E+00  1.00000000E+00  1.26126898E+00 -1.73998921E+00  4.11410990E-01  8.79339870E+00  7.53085067E-01  2.68010454E-01
 -1.39104031E+00  1.00000000E+00  1.24415062E+00 -1.73965918E+00  4.11379949E-01  8.79092610E+00  7.53085169E-01  2.67928031E-01
 -1.36628709E+00  1.00000000E+00  1.22703227E+00 -1.73932924E+00  4.11354145E-01  8.78845421E+00  7.53085281E-01  2.67845631E-01
 -1.34153386E+00  1.00000000E+00  1.20992104E+00 -1.73933619E+00  4.11322575E-01  8.78749321E+00  7.53125287E-01  2.67812264E-01
 -1.31678064E+00  1.00000000E+00  1.19280982E+00 -1.73934313E+00  4.11287055E-01  8.78653234E+00  7.53165292E-01  2.67778902E-01
 -1.29202741E+00  1.00000000E+00  1.17572919E+00 -1.73933590E+00  4.11241851E-01  8.78636371E+00  7.53178868E-01  2.67772828E-01
 -1.26727418E+00  1.00000000E+00  1.15864857E+00 -1.73932867E+00  4.11190955E-01  8.78619509E+00  7.53192445E-01  2.67766755E-01
 -1.24252096E+00  1.00000000E+00  1.14156789E+00 -1.73939937E+00  4.11140245E-01  8.78603675E+00  7.53236115E-01  2.67760021E-01
 -1.21776773E+00  1.00000000E+00  1.12448722E+00 -1.73947007E+00  4.11076018E-01  8.78587841E+00  7.53279787E-01  2.67753288E-01
 -1.19301451E+00  1.00000000E+00  1.10741459E+00 -1.73913197E+00  4.11017944E-01  8.78336589E+00  7.53286338E-01  2.67669318E-01
 -1.16826128E+00  1.00000000E+00  1.09034196E+00 -1.73879395E+00  4.10966574E-01  8.78085409E+00  7.53292903E-01  2.67585373E-01
 -1.14350806E+00  1.00000000E+00  1.07330910E+00 -1.73880994E+00  4.10902023E-01  8.78012665E+00  7.53333279E-01  2.67559779E-01
 -1.11875483E+00  1.00000000E+00  1.05627624E+00 -1.73882592E+00  4.10832569E-01  8.77939929E+00  7.53373656E-01  2.67534188E-01
 -1.09400160E+00  1.00000000E+00  1.03926167E+00 -1.73868471E+00  4.10768926E-01  8.77781289E+00  7.53402393E-01  2.67480350E-01
 -1.06924838E+00  1.00000000E+00  1.02224710E+00 -1.73854352E+00  4.10703077E-01  8.77622680E+00  7.53431133E-01  2.67426522E-01
 -1.04449515E+00  1.00000000E+00  1.00527729E+00 -1.73842037E+00  4.10625574E-01  8.77445623E+00  7.53483755E-01  2.67365749E-01
 -1.01974193E+00  1.00000000E+00  9.88307480E-01 -1.73829724E+00  4.10542900E-01  8.77268604E+00  7.53536381E-01  2.67304988E-01
 -9.94988700E-01  1.00000000E+00  9.71380912E-01 -1.73816749E+00  4.10459308E-01  8.77143618E+00  7.53565725E-01  2.67262349E-01
 -9.70235474E-01  1.00000000E+00  9.54454343E-01 -1.73803775E+00  4.10380346E-01  8.77018651E+00  7.53595073E-01  2.67219714E-01
 -9.45482248E-01  1.00000000E+00  9.37565851E-01 -1.73784842E+00  4.10306045E-01  8.76846894E+00  7.53608043E-01  2.67162030E-01
 -9.20729022E-01  1.00000000E+00  9.20677359E-01 -1.73765912E+00  4.10235643E-01  8.76675172E+00  7.53621016E-01  2.67104357E-01
 -8.95975796E-01  1.00000000E+00  9.03881485E-01 -1.73751521E+00  4.10159327E-01  8.76474862E+00  7.53681914E-01  2.67035557E-01
 -8.71222570E-01  1.00000000E+00  8.87085611E-01 -1.73737133E+00  4.10083155E-01  8.76274600E+00  7.53742819E-01  2.66966773E-01
 -8.46469344E-01  1.00000000E+00  8.70362392E-01 -1.73746002E+00  4.10019535E-01  8.76253659E+00  7.53804815E-01  2.66957726E-01
 -8.21716118E-01  1.00000000E+00  8.53639172E-01 -1.73754872E+00  4.09947954E-01  8.76232719E+00  7.53866814E-01  2.66948679E-01
 -7.97201467E-01  1.00000000E+00  8.37184595E-01 -1.73753919E+00  4.09929708E-01  8.76179129E+00  7.53884919E-01  2.66930212E-01
 -7.72686817E-01  1.00000000E+00  8.20730018E-01 -1.73752965E+00  4.09905917E-01  8.76125542E+00  7.53903024E-01  2.66911747E-01
 -7.49503432E-01  1.00000000E+00  8.05283369E-01 -1.73735329E+00  4.09910740E-01  8.76128506E+00  7.53826368E-01  2.66915290E-01
 -7.26320047E-01  1.00000000E+00  7.89836721E-01 -1.73717695E+00  4.09933162E-01  8.76131472E+00  7.53749720E-01  2.66918833E-01
 -7.04527831E-01  1.00000000E+00  7.75446431E-01 -1.73749795E+00  4.09975840E-01  8.76222769E+00  7.53840180E-01  2.66946250E-01
 -6.82735615E-01  1.00000000E+00  7.61056142E-01 -1.73781899E+00  4.10033149E-01  8.76314076E+00  7.53930656E-01  2.66973670E-01
 -6.62251087E-01  1.00000000E+00  7.47645208E-01 -1.73758630E+00  4.10170145E-01  8.76530545E+00  7.53692200E-01  2.67053775E-01
 -6.41766559E-01  1.00000000E+00  7.34234274E-01 -1.73735357E+00  4.10330286E-01  8.76747087E+00  7.53453799E-01  2.67133902E-01
 -6.22511254E-01  1.00000000E+00  7.21779301E-01 -1.73744342E+00  4.10505991E-01  8.77039107E+00  7.53320219E-01  2.67235695E-01
 -6.03255949E-01  1.00000000E+00  7.09324328E-01 -1.73753328E+00  4.10715654E-01  8.77331234E+00  7.53186656E-01  2.67337523E-01
 -5.85156097E-01  1.00000000E+00  6.97767243E-01 -1.73824977E+00  4.10973003E-01  8.77821795E+00  7.53194095E-01  2.67500795E-01
 -5.67056245E-01  1.00000000E+00  6.86210158E-01 -1.73896661E+00  4.11255877E-01  8.78312631E+00  7.53201594E-01  2.67664157E-01
 -5.50042515E-01  1.00000000E+00  6.75476572E-01 -1.73923445E+00  4.11639229E-01  8.79031129E+00  7.52880523E-01  2.67914359E-01
 -5.33028786E-01  1.00000000E+00  6.64742986E-01 -1.73950236E+00  4.12035915E-01  8.79750265E+00  7.52559562E-01  2.68164770E-01
 -5.17036006E-01  1.00000000E+00  6.54850362E-01 -1.74052731E+00  4.12486057E-01  8.80690157E+00  7.52450122E-01  2.68481715E-01
 -5.01043227E-01  1.00000000E+00  6.44957739E-01 -1.74155309E+00  4.12962755E-01  8.81631073E+00  7.52340811E-01  2.68798997E-01
 -4.86010125E-01  1.00000000E+00  6.35789455E-01 -1.74230962E+00  4.13524635E-01  8.82673456E+00  7.52037173E-01  2.69156579E-01
 -4.70977023E-01  1.00000000E+00  6.26621171E-01 -1.74306671E+00  4.14153451E-01  8.83717128E+00  7.51733705E-01  2.69514586E-01
 -4.56846016E-01  1.00000000E+00  6.18175069E-01 -1.74436858E+00  4.14827706E-01  8.85131812E+00  7.51446666E-01  2.69995715E-01
 -4.42715008E-01  1.00000000E+00  6.09728966E-01 -1.74567193E+00  4.15574222E-01  8.86548830E+00  7.51159923E-01  2.70477613E-01
 -4.29431964E-01  1.00000000E+00  6.01999639E-01 -1.74688076E+00  4.16435693E-01  8.88117648E+00  7.50730000E-01  2.71014883E-01
 -4.16148920E-01  1.00000000E+00  5.94270312E-01 -1.74809100E+00  4.17340504E-01  8.89689359E+00  7.50300469E-01  2.71553104E-01
 -4.03662954E-01  1.00000000E+00  5.87156219E-01 -1.74927921E+00  4.18238913E-01  8.91501234E+00  7.49767152E-01  2.72174839E-01
 -3.91176988E-01  1.00000000E+00  5.80042126E-01 -1.75046873E+00  4.19275120E-01  8.93316994E+00  7.49234252E-01  2.72797856E-01
 -3.79440270E-01  1.00000000E+00  5.73500525E-01 -1.75269518E+00  4.20399317E-01  8.95485932E+00  7.48893582E-01  2.73532191E-01
 -3.67703552E-01  1.00000000E+00  5.66958924E-01 -1.75492567E+00  4.21587003E-01  8.97660253E+00  7.48553651E-01  2.74268296E-01
 -3.56671122E-01  1.00000000E+00  5.61113811E-01 -1.75688291E+00  4.22888504E-01  9.00122633E+00  7.47927274E-01  2.75109969E-01
 -3.45638692E-01  1.00000000E+00  5.55268698E-01 -1.75884371E+00  4.24211251E-01  9.02592032E+00  7.47301805E-01  2.75953951E-01
 -3.35268287E-01  1.00000000E+00  5.49857359E-01 -1.76107129E+00  4.25543934E-01  9.05271228E+00  7.46725102E-01  2.76866239E-01
 -3.24897882E-01  1.00000000E+00  5.44446019E-01 -1.76330319E+00  4.27040535E-01  9.07958667E+00  7.46149258E-01  2.77781247E-01
 -3.15149775E-01  1.00000000E+00  5.39617161E-01 -1.76546733E+00  4.28662294E-01  9.10812594E+00  7.45420099E-01  2.78756862E-01
 -3.05401669E-01  1.00000000E+00  5.34788304E-01 -1.76763578E+00  4.30332680E-01  9.13675869E+00  7.44692037E-01  2.79735555E-01
 -2.96238520E-01  1.00000000E+00  5.30374717E-01 -1.76987026E+00  4.32041741E-01  9.17197326E+00  7.43625417E-01  2.80944928E-01
 -2.87075371E-01  1.00000000E+00  5.25961130E-01 -1.77210953E+00  4.33994059E-01  9.20733077E+00  7.42560509E-01  2.82159009E-01
 -2.78462077E-01  1.00000000E+00  5.22138975E-01 -1.77517457E+00  4.36007102E-01  9.24361332E+00  7.41744387E-01  2.83395631E-01
 -2.69848783E-01  1.00000000E+00  5.18316819E-01 -1.77824795E+00  4.38085545E-01  9.28004363E+00  7.40930191E-01  2.84637115E-01
 -2.61752348E-01  1.00000000E+00  5.14895625E-01 -1.78215242E+00  4.40176569E-01  9.32133281E+00  7.40259247E-01  2.86035786E-01
 -2.53655913E-01  1.00000000E+00  5.11474430E-01 -1.78606928E+00  4.42400909E-01  9.36281049E+00  7.39590448E-01  2.87440668E-01
 -2.46045323E-01  1.00000000E+00  5.08515832E-01 -1.78843437E+00  4.44757021E-01  9.40546253E+00  7.38219465E-01  2.88908102E-01
 -2.38434732E-01  1.00000000E+00  5.05557233E-01 -1.79080472E+00  4.47184354E-01  9.44832051E+00  7.36850922E-01  2.90382319E-01
 -2.31280830E-01  1.00000000E+00  5.02949464E-01 -1.79380676E+00  4.49693426E-01  9.49339668E+00  7.35657856E-01  2.91924628E-01
 -2.24126928E-01  1.00000000E+00  5.00341695E-01 -1.79681687E+00  4.52317414E-01  9.53869828E+00  7.34467092E-01  2.93474373E-01
 -2.17402314E-01  1.00000000E+00  4.98142969E-01 -1.80226296E+00  4.55031864E-01  9.59126469E+00  7.33806850E-01  2.95248595E-01
 -2.10677699E-01  1.00000000E+00  4.95944243E-01 -1.80773187E+00  4.57824973E-01  9.64412615E+00  7.33150493E-01  2.97032522E-01
 -2.04351753E-01  1.00000000E+00  4.94171556E-01 -1.81159312E+00  4.60802610E-01  9.69972442E+00  7.31733894E-01  2.98933017E-01
 -1.98025807E-01  1.00000000E+00  4.92398870E-01 -1.81546777E+00  4.63837568E-01  9.75565734E+00  7.30321022E-01  3.00844544E-01
 -1.91837501E-01  1.00000000E+00  4.90899005E-01 -1.82049730E+00  4.67157525E-01  9.81562453E+00  7.29186001E-01  3.02881284E-01
 -1.85649194E-01  1.00000000E+00  4.89399140E-01 -1.82554778E+00  4.70573487E-01  9.87597187E+00  7.28055063E-01  3.04930560E-01
 -1.79460888E-01  1.00000000E+00  4.88227189E-01 -1.82788651E+00  4.74413538E-01  9.94329085E+00  7.25528241E-01  3.07258754E-01
 -1.73272582E-01  1.00000000E+00  4.87055238E-01 -1.83022812E+00  4.78392323E-01  1.00111054E+01  7.23007860E-01  3.09603251E-01
 -1.67084275E-01  1.00000000E+00  4.86260355E-01 -1.83839638E+00  4.82731679E-01  1.00922173E+01  7.22082341E-01  3.12337831E-01
 -1.60895969E-01  1.00000000E+00  4.85465471E-01 -1.84661455E+00  4.87222263E-01  1.01739982E+01  7.21164846E-01  3.15094446E-01
 -1.54707662E-01  1.00000000E+00  4.85067858E-01 -1.85116395E+00  4.92386539E-01  1.02648241E+01  7.18415084E-01  3.18213634E-01
 -1.48519356E-01  1.00000000E+00  4.84670245E-01 -1.85573097E+00  4.97697025E-01  1.03565094E+01  7.15674759E-01  3.21361156E-01
 -1.42331049E-01  1.00000000E+00  4.85068571E-01 -1.86431121E+00  5.03797428E-01  1.04615894E+01  7.13738831E-01  3.24928351E-01
 -1.36142743E-01  1.00000000E+00  4.85466898E-01 -1.87295147E+00  5.10186108E-01  1.05677666E+01  7.11815350E-01  3.28531708E-01
 -1.29954436E-01  1.00000000E+00  4.86429582E-01 -1.87987720E+00  5.16996577E-01  1.06901771E+01  7.08761622E-01  3.32713850E-01
 -1.23766130E-01  1.00000000E+00  4.87392266E-01 -1.88684107E+00  5.24400382E-01  1.08140781E+01  7.05720656E-01  3.36945247E-01
 -1.17577823E-01  1.00000000E+00  4.89048837E-01 -1.89762864E+00  5.32975827E-01  1.09652127E+01  7.02747439E-01  3.42082177E-01
 -1.11389517E-01  1.00000000E+00  4.90705407E-01 -1.90851039E+00  5.41997848E-01  1.11185343E+01  6.99795074E-01  3.47291306E-01
 -1.05201210E-01  1.00000000E+00  4.93968515E-01 -1.92030211E+00  5.52657850E-01  1.13012436E+01  6.95846795E-01  3.53513225E-01
 -9.90129037E-02  1.00000000E+00  4.97231622E-01 -1.93220823E+00  5.63763754E-01  1.14870741E+01  6.91929333E-01  3.59838159E-01
 -9.28245972E-02  1.00000000E+00  5.02125317E-01 -1.93874366E+00  5.76910099E-01  1.16990229E+01  6.85305539E-01  3.67123911E-01
 -8.66362908E-02  1.00000000E+00  5.07019013E-01 -1.94528477E+00  5.90680595E-01  1.19151702E+01  6.78725582E-01  3.74548154E-01
 -8.04479843E-02  1.00000000E+00  5.13751256E-01 -1.96765113E+00  6.07501827E-01  1.21920395E+01  6.75152587E-01  3.83896229E-01
 -7.42596778E-02  1.00000000E+00  5.20483498E-01 -1.99038215E+00  6.25573676E-01  1.24754852E+01  6.71640882E-01  3.93461476E-01
 -6.80713713E-02  1.00000000E+00  5.31583099E-01 -1.98426693E+00  6.47639040E-01  1.28177033E+01  6.56875788E-01  4.05360916E-01
 -6.18830648E-02  1.00000000E+00  5.42682699E-01 -1.97769784E+00  6.72454428E-01  1.31706116E+01  6.42298561E-01  4.17610433E-01
 -5.56947583E-02  1.00000000E+00  5.54283054E-01 -2.09295761E+00  7.03472049E-01  1.37492837E+01  6.56481891E-01  4.36426727E-01
 -4.95064519E-02  1.00000000E+00  5.65883408E-01 -2.21358074E+00  7.35588191E-01  1.43539158E+01  6.71957577E-01  4.56065275E-01
 -4.33181454E-02  1.00000000E+00  6.29663213E-01 -2.01990462E+00  7.77644058E-01  1.47829188E+01  6.03937271E-01  4.72632719E-01
 -3.71298389E-02  1.00000000E+00  6.93443018E-01 -1.82088401E+00  8.39518529E-01  1.52504731E+01  5.42175876E-01  4.90276575E-01
 -3.09415324E-02  1.00000000E+00  5.84897824E-01 -1.48148798E+00  9.23379667E-01  1.46778363E+01  4.84929033E-01  4.73096910E-01
 -2.47532259E-02  1.00000000E+00  4.76352631E-01 -1.15885990E+00  9.86919355E-01  1.41568726E+01  4.40501359E-01  4.57212375E-01
 -1.85649194E-02  1.00000000E+00  1.18088631E+00 -3.81371072E+00  1.10441394E+00  2.26009759E+01  8.95369057E-01  7.23520227E-01
 -1.23766130E-02  1.00000000E+00  1.88542000E+00 -8.66189108E+00  1.37102332E+00  3.76886955E+01  2.16641084E+00  1.18407615E+00
 -6.18830648E-03  1.00000000E+00  3.42987380E-01  2.94388484E+00  2.40865396E+00  2.42908117E+01  6.31064135E-01  7.88658253E-01
  0.00000000E+00  1.00000000E+00 -1.19944524E+00  1.96352168E+01  5.40110506E+00  4.22339534E+01  9.28746503E+00  1.09821628E+00
