# model=oldroyd  theta_MLE: lambda=4.78079, beta=0.802367, eta_0=0.845857
# delta(x) = y_clean(x) - y_model(x; theta_MLE)   (x from curve4_x.txt)
# columns: x  delta
5.000000000000000000e+00 -5.719729936057849073e-04
4.950333040000000295e+00 -5.718834812655781974e-04
4.900666089999999642e+00 -5.717489038543632773e-04
4.850999129999999937e+00 -5.714915157184474737e-04
4.801332180000000172e+00 -5.711052734163057920e-04
4.751665219999999579e+00 -5.706133272755931074e-04
4.701998269999999813e+00 -5.700142735336477529e-04
4.652331310000000109e+00 -5.693119960301640248e-04
4.602664360000000343e+00 -5.685018299745880910e-04
4.552997399999999750e+00 -5.675832652218826269e-04
4.503330449999999985e+00 -5.665617849057724698e-04
4.453663490000000280e+00 -5.654048564025515589e-04
4.403996539999999627e+00 -5.641134040914597136e-04
4.354329579999999922e+00 -5.626651460222120704e-04
4.304662630000000156e+00 -5.610476808513009672e-04
4.254995669999999564e+00 -5.592362468560541089e-04
4.205328709999999859e+00 -5.572212192117564911e-04
4.155661760000000093e+00 -5.549663482053990293e-04
4.105994800000000389e+00 -5.524356489687853866e-04
4.056327849999999735e+00 -5.496085220297874940e-04
4.006660890000000030e+00 -5.464566013015925705e-04
3.956993939999999821e+00 -5.429357963719905200e-04
3.907326980000000116e+00 -5.389992405580024126e-04
3.857660029999999907e+00 -5.346026313881591108e-04
3.807993070000000202e+00 -5.296979389579625774e-04
3.758326119999999992e+00 -5.242302268984033731e-04
3.708659159999999844e+00 -5.181425113502946544e-04
3.658992210000000078e+00 -5.113818709272521801e-04
3.609325249999999929e+00 -5.038861456474474920e-04
3.559658300000000164e+00 -4.955942331579255011e-04
3.509991340000000015e+00 -4.864241727557949702e-04
3.460324389999999806e+00 -4.762739630725931761e-04
3.410657430000000101e+00 -4.650876833423023271e-04
3.360990469999999952e+00 -4.527787106440861464e-04
3.311323520000000187e+00 -4.392537883857183800e-04
3.261656560000000038e+00 -4.244199772012180460e-04
3.211989609999999828e+00 -4.081830371203132302e-04
3.162322650000000124e+00 -3.904107458234662431e-04
3.112655699999999914e+00 -3.710783419799135174e-04
3.062988740000000210e+00 -3.500289689062352494e-04
3.013321790000000000e+00 -3.271928020276426707e-04
2.963654829999999851e+00 -3.024870096883791604e-04
2.913987880000000086e+00 -2.757036624616571174e-04
2.864320919999999937e+00 -2.468194177220883745e-04
2.814653970000000172e+00 -2.157498084229825253e-04
2.764987010000000023e+00 -1.824076929328732888e-04
2.715320059999999813e+00 -1.466542092583011936e-04
2.665653100000000109e+00 -1.084708221619212765e-04
2.615986139999999960e+00 -6.769228768743751345e-05
2.566319190000000194e+00 -2.452447959022663326e-05
2.516652230000000046e+00 2.118198287481831699e-05
2.466985279999999836e+00 6.934403053171500630e-05
2.417318320000000131e+00 1.199221717480547511e-04
2.367651369999999922e+00 1.730748638621992797e-04
2.317984410000000217e+00 2.287544615464653930e-04
2.268317460000000008e+00 2.865874223250131081e-04
2.218650499999999859e+00 3.463633397153831339e-04
2.168983550000000093e+00 4.080614956913919400e-04
2.119316589999999945e+00 4.715178290446431220e-04
2.069649640000000179e+00 5.363112265845959570e-04
2.019982680000000030e+00 6.018890700789647497e-04
1.970315730000000043e+00 6.680519287023400921e-04
1.920648769999999894e+00 7.340093644070400103e-04
1.870981809999999967e+00 8.003447318569723024e-04
1.821314859999999980e+00 8.651524561262835533e-04
1.771647900000000053e+00 9.282846500446861882e-04
1.721980950000000066e+00 9.892800682347324681e-04
1.672313989999999917e+00 1.046822780776057726e-03
1.622647039999999929e+00 1.100817954588162451e-03
1.572980080000000003e+00 1.150070040143669203e-03
1.523313130000000015e+00 1.193086611349425397e-03
1.473646170000000089e+00 1.229304738727954316e-03
1.423979220000000101e+00 1.259101972631571087e-03
1.374312259999999952e+00 1.279361762299924266e-03
1.324645309999999965e+00 1.291808273068184576e-03
1.274978350000000038e+00 1.293660339251712088e-03
1.225311400000000051e+00 1.283489346625366068e-03
1.175644439999999902e+00 1.261842251425893124e-03
1.125977479999999975e+00 1.228386331289632594e-03
1.076310529999999988e+00 1.182018360024406078e-03
1.026643570000000061e+00 1.121698517715818966e-03
9.769766189999999906e-01 1.047991805359194117e-03
9.273096640000000335e-01 9.638761838233200763e-04
8.776427079999999936e-01 8.601412184119361370e-04
8.279757530000000365e-01 7.424131209103901341e-04
7.786002389999999718e-01 6.152642732371038647e-04
7.317317880000000496e-01 4.792977793297570344e-04
6.876846269999999928e-01 3.593562482693268834e-04
6.462889219999999879e-01 2.258071393896887713e-04
6.073850619999999756e-01 9.873407557292601666e-05
5.708230460000000006e-01 -1.302908339662067760e-05
5.364619149999999559e-01 -1.014261789511472500e-04
5.041691750000000249e-01 -2.335214556110631889e-04
4.738203240000000149e-01 -3.141312019128150723e-04
4.452983460000000115e-01 -3.876236207285277402e-04
4.184932690000000011e-01 -4.689935337962580775e-04
3.933017460000000076e-01 -5.587937545559196195e-04
3.696266380000000074e-01 -5.740186610596609285e-04
3.473766770000000226e-01 -6.058585881278943930e-04
3.264660690000000254e-01 -7.324569862188212710e-04
3.068141939999999845e-01 -6.781818549455032041e-04
2.883452770000000109e-01 -6.495775935058123451e-04
2.709881089999999770e-01 -7.492946034897141061e-04
2.546757709999999952e-01 -7.007429206062898430e-04
2.393453670000000033e-01 -6.513058278054817407e-04
2.249377889999999991e-01 -7.763884925888753230e-04
2.113974849999999961e-01 -6.847641492175871036e-04
1.986678209999999944e-01 -6.580470731021303976e-04
1.862510820000000122e-01 -6.736386072883071563e-04
1.738343440000000018e-01 -6.623290083200839007e-04
1.614176049999999918e-01 -6.254192124435231648e-04
1.490008660000000096e-01 -5.738267858848011826e-04
1.365841269999999996e-01 -5.282078938999568152e-04
1.241673880000000035e-01 -5.706056256120639603e-04
1.117506489999999936e-01 -4.746236274100201769e-04
9.933391060000000550e-02 -3.898724673587761202e-04
8.691717179999999821e-02 -3.072500939227396088e-04
7.450043300000000479e-02 -3.541851109596372282e-04
6.208369419999999750e-02 -1.438157749054091994e-04
4.966695530000000275e-02 -6.061793217893018948e-05
3.725021650000000240e-02 -7.092034976929895151e-05
2.483347769999999857e-02 1.038423725669979092e-04
1.241673880000000035e-02 2.260888646949954506e-04
0.000000000000000000e+00 0.000000000000000000e+00
