# curve 5 (die wall), step =      300, time =   1.20000000E+02
# N1 = tau_xx - tau_yy = G ( c_xx - c_yy ),  G =  8.1818E-02  (polymer part only)
#              x               y        pressure            c_xy        gammadot            c_xx            c_yy              N1
 -3.00000000E+00  1.00000000E+00  2.70750269E+00 -3.40293990E+00  4.40676605E-01  2.71001738E+01  8.83724751E-01  2.14498219E+00
 -2.97524677E+00  1.00000000E+00  2.69333799E+00 -3.40934672E+00  4.41060366E-01  2.71377118E+01  8.84535828E-01  2.14798712E+00
 -2.95049355E+00  1.00000000E+00  2.67917328E+00 -3.41576338E+00  4.41233533E-01  2.71753027E+01  8.85348827E-01  2.15099623E+00
 -2.92574032E+00  1.00000000E+00  2.66229945E+00 -3.40547720E+00  4.41556236E-01  2.71745150E+01  8.82926657E-01  2.15112996E+00
 -2.90098710E+00  1.00000000E+00  2.64542561E+00 -3.39519323E+00  4.42141660E-01  2.71737517E+01  8.80511935E-01  2.15126507E+00
 -2.87623387E+00  1.00000000E+00  2.63108859E+00 -3.40733263E+00  4.42172415E-01  2.71836947E+01  8.83382054E-01  2.15184376E+00
 -2.85148064E+00  1.00000000E+00  2.61675156E+00 -3.41948223E+00  4.41894033E-01  2.71936692E+01  8.86262504E-01  2.15242418E+00
 -2.82672742E+00  1.00000000E+00  2.60074863E+00 -3.41456838E+00  4.41597582E-01  2.71890490E+01  8.85133099E-01  2.15213858E+00
 -2.80197419E+00  1.00000000E+00  2.58474570E+00 -3.40965621E+00  4.41634398E-01  2.71844341E+01  8.84005345E-01  2.15185326E+00
 -2.77722097E+00  1.00000000E+00  2.56854758E+00 -3.40900094E+00  4.41585623E-01  2.71800035E+01  8.83908370E-01  2.15149869E+00
 -2.75246774E+00  1.00000000E+00  2.55234946E+00 -3.40834579E+00  4.41592383E-01  2.71755735E+01  8.83811413E-01  2.15114417E+00
 -2.72771451E+00  1.00000000E+00  2.53642323E+00 -3.40746737E+00  4.41656225E-01  2.71750844E+01  8.83601883E-01  2.15112130E+00
 -2.70296129E+00  1.00000000E+00  2.52049699E+00 -3.40658900E+00  4.41718068E-01  2.71745956E+01  8.83392409E-01  2.15109844E+00
 -2.67820806E+00  1.00000000E+00  2.50432792E+00 -3.40623796E+00  4.41788207E-01  2.71756836E+01  8.83234360E-01  2.15120039E+00
 -2.65345484E+00  1.00000000E+00  2.48815885E+00 -3.40588692E+00  4.41912513E-01  2.71767718E+01  8.83076334E-01  2.15130235E+00
 -2.62870161E+00  1.00000000E+00  2.47220466E+00 -3.40718509E+00  4.42013690E-01  2.71797119E+01  8.83315226E-01  2.15152337E+00
 -2.60394839E+00  1.00000000E+00  2.45625048E+00 -3.40848345E+00  4.42063774E-01  2.71826526E+01  8.83554221E-01  2.15174442E+00
 -2.57919516E+00  1.00000000E+00  2.44023986E+00 -3.41020512E+00  4.42223898E-01  2.71897904E+01  8.83870743E-01  2.15230252E+00
 -2.55444193E+00  1.00000000E+00  2.42422924E+00 -3.41192738E+00  4.42247981E-01  2.71969302E+01  8.84187427E-01  2.15286077E+00
 -2.52968871E+00  1.00000000E+00  2.40851534E+00 -3.41199352E+00  4.42152842E-01  2.72037252E+01  8.84134632E-01  2.15342104E+00
 -2.50493548E+00  1.00000000E+00  2.39280145E+00 -3.41205955E+00  4.42070830E-01  2.72105219E+01  8.84081827E-01  2.15398146E+00
 -2.48018226E+00  1.00000000E+00  2.37627899E+00 -3.40968388E+00  4.42162132E-01  2.72082597E+01  8.83501375E-01  2.15384386E+00
 -2.45542903E+00  1.00000000E+00  2.35975654E+00 -3.40730867E+00  4.42331215E-01  2.72059986E+01  8.82921327E-01  2.15370632E+00
 -2.43067580E+00  1.00000000E+00  2.34373848E+00 -3.40935767E+00  4.42423848E-01  2.72112336E+01  8.83291544E-01  2.15410435E+00
 -2.40592258E+00  1.00000000E+00  2.32772042E+00 -3.41140719E+00  4.42484093E-01  2.72164702E+01  8.83662011E-01  2.15450249E+00
 -2.38116935E+00  1.00000000E+00  2.31195029E+00 -3.41250426E+00  4.42472741E-01  2.72221929E+01  8.83871292E-01  2.15495359E+00
 -2.35641613E+00  1.00000000E+00  2.29618016E+00 -3.41360161E+00  4.42451998E-01  2.72279170E+01  8.84080637E-01  2.15540479E+00
 -2.33166290E+00  1.00000000E+00  2.27980406E+00 -3.41126742E+00  4.42480608E-01  2.72310471E+01  8.83442507E-01  2.15571310E+00
 -2.30690967E+00  1.00000000E+00  2.26342796E+00 -3.40893303E+00  4.42581355E-01  2.72341793E+01  8.82804811E-01  2.15602155E+00
 -2.28215645E+00  1.00000000E+00  2.24726071E+00 -3.41091922E+00  4.42640465E-01  2.72354156E+01  8.83260195E-01  2.15608544E+00
 -2.25740322E+00  1.00000000E+00  2.23109346E+00 -3.41290562E+00  4.42615144E-01  2.72366528E+01  8.83715850E-01  2.15614939E+00
 -2.23265000E+00  1.00000000E+00  2.21540492E+00 -3.41448694E+00  4.42530889E-01  2.72414608E+01  8.84078005E-01  2.15651314E+00
 -2.20789677E+00  1.00000000E+00  2.19971639E+00 -3.41606870E+00  4.42404018E-01  2.72462699E+01  8.84440326E-01  2.15687696E+00
 -2.18314354E+00  1.00000000E+00  2.18337109E+00 -3.41277954E+00  4.42340651E-01  2.72392669E+01  8.83730985E-01  2.15636203E+00
 -2.15839032E+00  1.00000000E+00  2.16702580E+00 -3.40949174E+00  4.42408990E-01  2.72322672E+01  8.83022338E-01  2.15584731E+00
 -2.13363709E+00  1.00000000E+00  2.15069474E+00 -3.40948473E+00  4.42450723E-01  2.72291534E+01  8.83052267E-01  2.15559009E+00
 -2.10888387E+00  1.00000000E+00  2.13436368E+00 -3.40947769E+00  4.42502457E-01  2.72260400E+01  8.83082194E-01  2.15533292E+00
 -2.08413064E+00  1.00000000E+00  2.11830782E+00 -3.41105182E+00  4.42478430E-01  2.72229495E+01  8.83520369E-01  2.15504420E+00
 -2.05937741E+00  1.00000000E+00  2.10225197E+00 -3.41262576E+00  4.42352753E-01  2.72198603E+01  8.83958744E-01  2.15475558E+00
 -2.03462419E+00  1.00000000E+00  2.08620374E+00 -3.41178903E+00  4.42135122E-01  2.72090557E+01  8.84007564E-01  2.15386758E+00
 -2.00987096E+00  1.00000000E+00  2.07015551E+00 -3.41095256E+00  4.41951563E-01  2.71982555E+01  8.84056418E-01  2.15297992E+00
 -1.98511774E+00  1.00000000E+00  2.05381601E+00 -3.41123891E+00  4.41713899E-01  2.71848338E+01  8.84387706E-01  2.15185468E+00
 -1.96036451E+00  1.00000000E+00  2.03747652E+00 -3.41152477E+00  4.41419932E-01  2.71714195E+01  8.84719034E-01  2.15073004E+00
 -1.93561128E+00  1.00000000E+00  2.02180579E+00 -3.41246500E+00  4.41053454E-01  2.71601810E+01  8.85260089E-01  2.14976626E+00
 -1.91085806E+00  1.00000000E+00  2.00613507E+00 -3.41340476E+00  4.40680914E-01  2.71489484E+01  8.85801354E-01  2.14880294E+00
 -1.88610483E+00  1.00000000E+00  1.98944933E+00 -3.40780816E+00  4.40340157E-01  2.71279368E+01  8.84749262E-01  2.14716989E+00
 -1.86135161E+00  1.00000000E+00  1.97276359E+00 -3.40221736E+00  4.40217143E-01  2.71069437E+01  8.83698939E-01  2.14553821E+00
 -1.83659838E+00  1.00000000E+00  1.95635437E+00 -3.40399379E+00  4.39910510E-01  2.70766005E+01  8.84712119E-01  2.14297268E+00
 -1.81184516E+00  1.00000000E+00  1.93994515E+00 -3.40576614E+00  4.39579127E-01  2.70462978E+01  8.85725842E-01  2.14041043E+00
 -1.78709193E+00  1.00000000E+00  1.92451413E+00 -3.40621334E+00  4.39097591E-01  2.70367957E+01  8.86127515E-01  2.13960013E+00
 -1.76233870E+00  1.00000000E+00  1.90908312E+00 -3.40666035E+00  4.38568688E-01  2.70272975E+01  8.86529313E-01  2.13879012E+00
 -1.73758548E+00  1.00000000E+00  1.89210903E+00 -3.39850163E+00  4.38067169E-01  2.69856025E+01  8.85220565E-01  2.13548579E+00
 -1.71283225E+00  1.00000000E+00  1.87513494E+00 -3.39035793E+00  4.37797359E-01  2.69439742E+01  8.83915140E-01  2.13218665E+00
 -1.68807903E+00  1.00000000E+00  1.85840093E+00 -3.39014367E+00  4.37432809E-01  2.69027608E+01  8.84629261E-01  2.12875621E+00
 -1.66332580E+00  1.00000000E+00  1.84166692E+00 -3.38992674E+00  4.37000150E-01  2.68616154E+01  8.85343408E-01  2.12533134E+00
 -1.63857257E+00  1.00000000E+00  1.82577037E+00 -3.38708987E+00  4.36425091E-01  2.68136085E+01  8.85526812E-01  2.12138850E+00
 -1.61381935E+00  1.00000000E+00  1.80987383E+00 -3.38425547E+00  4.35768805E-01  2.67656892E+01  8.85710224E-01  2.11745283E+00
 -1.58906612E+00  1.00000000E+00  1.79277290E+00 -3.38133557E+00  4.35052098E-01  2.67040462E+01  8.86091104E-01  2.11237814E+00
 -1.56431290E+00  1.00000000E+00  1.77567198E+00 -3.37841731E+00  4.34297039E-01  2.66425496E+01  8.86471795E-01  2.10731546E+00
 -1.53955967E+00  1.00000000E+00  1.76047213E+00 -3.37907466E+00  4.33152803E-01  2.65739502E+01  8.87954924E-01  2.10158144E+00
 -1.51480644E+00  1.00000000E+00  1.74527228E+00 -3.37972131E+00  4.31951779E-01  2.65055455E+01  8.89438566E-01  2.09586330E+00
 -1.49005322E+00  1.00000000E+00  1.72937421E+00 -3.37586775E+00  4.30511976E-01  2.64236801E+01  8.90157562E-01  2.08910639E+00
 -1.46529999E+00  1.00000000E+00  1.71347613E+00 -3.37201805E+00  4.29146494E-01  2.63420755E+01  8.90876731E-01  2.08237081E+00
 -1.44054677E+00  1.00000000E+00  1.69717770E+00 -3.36979990E+00  4.27922815E-01  2.62841542E+01  8.91690502E-01  2.07756521E+00
 -1.41579354E+00  1.00000000E+00  1.68087928E+00 -3.36758300E+00  4.26608468E-01  2.62263652E+01  8.92504797E-01  2.07277040E+00
 -1.39104031E+00  1.00000000E+00  1.66451252E+00 -3.35317900E+00  4.24820134E-01  2.60900377E+01  8.91333544E-01  2.06171216E+00
 -1.36628709E+00  1.00000000E+00  1.64814576E+00 -3.33884100E+00  4.23635217E-01  2.59544196E+01  8.90168435E-01  2.05071146E+00
 -1.34153386E+00  1.00000000E+00  1.63118382E+00 -3.33117685E+00  4.22578601E-01  2.58363138E+01  8.90367075E-01  2.04103200E+00
 -1.31678064E+00  1.00000000E+00  1.61422188E+00 -3.32353120E+00  4.21445276E-01  2.57187556E+01  8.90565696E-01  2.03139735E+00
 -1.29202741E+00  1.00000000E+00  1.59892539E+00 -3.31958087E+00  4.19830988E-01  2.56223136E+01  8.91518378E-01  2.02342870E+00
 -1.26727418E+00  1.00000000E+00  1.58362890E+00 -3.31563240E+00  4.18161200E-01  2.55262472E+01  8.92470934E-01  2.01549078E+00
 -1.24252096E+00  1.00000000E+00  1.56735190E+00 -3.31176077E+00  4.16887327E-01  2.54265365E+01  8.93505347E-01  2.00724800E+00
 -1.21776773E+00  1.00000000E+00  1.55107490E+00 -3.30788982E+00  4.15434100E-01  2.53272313E+01  8.94539536E-01  1.99903842E+00
 -1.19301451E+00  1.00000000E+00  1.53538900E+00 -3.29312544E+00  4.12861490E-01  2.51504562E+01  8.94094327E-01  1.98461143E+00
 -1.16826128E+00  1.00000000E+00  1.51970309E+00 -3.27843554E+00  4.11181597E-01  2.49749259E+01  8.93652941E-01  1.97028597E+00
 -1.14350806E+00  1.00000000E+00  1.50361897E+00 -3.26306744E+00  4.09734353E-01  2.48388949E+01  8.92290612E-01  1.95926762E+00
 -1.11875483E+00  1.00000000E+00  1.48753485E+00 -3.24777534E+00  4.08173478E-01  2.47036050E+01  8.90936192E-01  1.94830926E+00
 -1.09400160E+00  1.00000000E+00  1.47082802E+00 -3.24232072E+00  4.06794281E-01  2.45491866E+01  8.92493626E-01  1.93554760E+00
 -1.06924838E+00  1.00000000E+00  1.45412120E+00 -3.23685974E+00  4.05250835E-01  2.43957784E+01  8.94049129E-01  1.92286875E+00
 -1.04449515E+00  1.00000000E+00  1.44009068E+00 -3.23452538E+00  4.02954696E-01  2.42200788E+01  8.96956372E-01  1.90825547E+00
 -1.01974193E+00  1.00000000E+00  1.42606016E+00 -3.23214672E+00  4.00461672E-01  2.40457383E+01  8.99862574E-01  1.89375347E+00
 -9.94988700E-01  1.00000000E+00  1.41134193E+00 -3.21580397E+00  3.97608807E-01  2.38522619E+01  8.99791749E-01  1.87792938E+00
 -9.70235474E-01  1.00000000E+00  1.39662370E+00 -3.19955798E+00  3.94854203E-01  2.36603570E+01  8.99727477E-01  1.86223333E+00
 -9.45482248E-01  1.00000000E+00  1.38098422E+00 -3.18646928E+00  3.92392706E-01  2.34626293E+01  9.00342588E-01  1.84600527E+00
 -9.20729022E-01  1.00000000E+00  1.36534475E+00 -3.17343846E+00  3.89883545E-01  2.32665891E+01  9.00958140E-01  1.82991526E+00
 -8.95975796E-01  1.00000000E+00  1.35182544E+00 -3.16479232E+00  3.86782032E-01  2.30217294E+01  9.03827576E-01  1.80964652E+00
 -8.71222570E-01  1.00000000E+00  1.33830614E+00 -3.15612885E+00  3.83792829E-01  2.27795759E+01  9.06692852E-01  1.78959952E+00
 -8.46469344E-01  1.00000000E+00  1.32470856E+00 -3.13113288E+00  3.80278615E-01  2.25707477E+01  9.04759265E-01  1.77267178E+00
 -8.21716118E-01  1.00000000E+00  1.31111099E+00 -3.10634644E+00  3.76946629E-01  2.23638338E+01  9.02850412E-01  1.75589864E+00
 -7.97201467E-01  1.00000000E+00  1.29534658E+00 -3.09035216E+00  3.75020649E-01  2.21319111E+01  9.03387693E-01  1.73687919E+00
 -7.72686817E-01  1.00000000E+00  1.27958218E+00 -3.07444619E+00  3.72931933E-01  2.19024450E+01  9.03925049E-01  1.71806072E+00
 -7.49503432E-01  1.00000000E+00  1.26879479E+00 -3.07180125E+00  3.70031326E-01  2.16898721E+01  9.07979717E-01  1.70033665E+00
 -7.26320047E-01  1.00000000E+00  1.25800740E+00 -3.06908022E+00  3.66999304E-01  2.14795303E+01  9.12033620E-01  1.68279518E+00
 -7.04527831E-01  1.00000000E+00  1.24814915E+00 -3.04945984E+00  3.63563560E-01  2.12635797E+01  9.11908877E-01  1.66513671E+00
 -6.82735615E-01  1.00000000E+00  1.23829091E+00 -3.02998740E+00  3.60300502E-01  2.10498208E+01  9.11795372E-01  1.64765663E+00
 -6.62251087E-01  1.00000000E+00  1.22620622E+00 -3.01339672E+00  3.58218268E-01  2.08390442E+01  9.11808449E-01  1.63041020E+00
 -6.41766559E-01  1.00000000E+00  1.21412153E+00 -2.99690755E+00  3.56044380E-01  2.06304150E+01  9.11823722E-01  1.61333929E+00
 -6.22511254E-01  1.00000000E+00  1.20653393E+00 -2.98497884E+00  3.53089323E-01  2.04090092E+01  9.13792570E-01  1.59506318E+00
 -6.03255949E-01  1.00000000E+00  1.19894632E+00 -2.97308882E+00  3.50142513E-01  2.01900679E+01  9.15759438E-01  1.57698887E+00
 -5.85156097E-01  1.00000000E+00  1.19071781E+00 -2.94886181E+00  3.47237826E-01  1.99535001E+01  9.14447471E-01  1.55774067E+00
 -5.67056245E-01  1.00000000E+00  1.18248930E+00 -2.92485818E+00  3.44605183E-01  1.97197218E+01  9.13152518E-01  1.53871930E+00
 -5.50042515E-01  1.00000000E+00  1.17478122E+00 -2.91635682E+00  3.42377081E-01  1.95189113E+01  9.15660303E-01  1.52208417E+00
 -5.33028786E-01  1.00000000E+00  1.16707314E+00 -2.90785491E+00  3.39781303E-01  1.93202497E+01  9.18164760E-01  1.50562513E+00
 -5.17036006E-01  1.00000000E+00  1.16381285E+00 -2.90892355E+00  3.36470684E-01  1.91485580E+01  9.23538121E-01  1.49113799E+00
 -5.01043227E-01  1.00000000E+00  1.16055256E+00 -2.90991478E+00  3.32824230E-01  1.89785692E+01  9.28922832E-01  1.47678925E+00
 -4.86010125E-01  1.00000000E+00  1.15294625E+00 -2.87347356E+00  3.29405027E-01  1.87420637E+01  9.23990339E-01  1.45784236E+00
 -4.70977023E-01  1.00000000E+00  1.14533994E+00 -2.83748026E+00  3.27831229E-01  1.85085060E+01  9.19126853E-01  1.43913102E+00
 -4.56846016E-01  1.00000000E+00  1.14154175E+00 -2.83054848E+00  3.24930540E-01  1.82949628E+01  9.22715172E-01  1.42136572E+00
 -4.42715008E-01  1.00000000E+00  1.13774355E+00 -2.82358303E+00  3.22272814E-01  1.80840452E+01  9.26300033E-01  1.40381551E+00
 -4.29431964E-01  1.00000000E+00  1.13364393E+00 -2.81237087E+00  3.20096521E-01  1.79568343E+01  9.26722108E-01  1.39337281E+00
 -4.16148920E-01  1.00000000E+00  1.12954432E+00 -2.80121351E+00  3.17943274E-01  1.78305326E+01  9.27148395E-01  1.38300416E+00
 -4.03662954E-01  1.00000000E+00  1.12579212E+00 -2.77495538E+00  3.14273627E-01  1.75597971E+01  9.26739929E-01  1.36088649E+00
 -3.91176988E-01  1.00000000E+00  1.12203993E+00 -2.74898674E+00  3.11286717E-01  1.72932219E+01  9.26350760E-01  1.33910764E+00
 -3.79440270E-01  1.00000000E+00  1.11889913E+00 -2.73006388E+00  3.08501132E-01  1.70757470E+01  9.26385334E-01  1.32131141E+00
 -3.67703552E-01  1.00000000E+00  1.11575832E+00 -2.71129064E+00  3.05852084E-01  1.68610592E+01  9.26424451E-01  1.30374284E+00
 -3.56671122E-01  1.00000000E+00  1.11173377E+00 -2.70004880E+00  3.03525718E-01  1.66355489E+01  9.29649476E-01  1.28502813E+00
 -3.45638692E-01  1.00000000E+00  1.10770921E+00 -2.68883270E+00  3.00862082E-01  1.64132084E+01  9.32872498E-01  1.26657294E+00
 -3.35268287E-01  1.00000000E+00  1.10792262E+00 -2.67185265E+00  2.95279029E-01  1.60923436E+01  9.37504931E-01  1.23994134E+00
 -3.24897882E-01  1.00000000E+00  1.10813603E+00 -2.65494949E+00  2.90484289E-01  1.57780643E+01  9.42135268E-01  1.21384874E+00
 -3.15149775E-01  1.00000000E+00  1.10824133E+00 -2.63820388E+00  2.85569560E-01  1.55066436E+01  9.46457706E-01  1.19128794E+00
 -3.05401669E-01  1.00000000E+00  1.10834663E+00 -2.62158479E+00  2.80887252E-01  1.52400926E+01  9.50794663E-01  1.16912437E+00
 -2.96238520E-01  1.00000000E+00  1.10587862E+00 -2.56576762E+00  2.73791953E-01  1.47830353E+01  9.47489014E-01  1.13199925E+00
 -2.87075371E-01  1.00000000E+00  1.10341061E+00 -2.51131008E+00  2.68120567E-01  1.43397671E+01  9.44319510E-01  1.09599117E+00
 -2.78462077E-01  1.00000000E+00  1.09823701E+00 -2.48182109E+00  2.65243588E-01  1.40551925E+01  9.43690251E-01  1.07275928E+00
 -2.69848783E-01  1.00000000E+00  1.09306340E+00 -2.45274004E+00  2.62846172E-01  1.37763557E+01  9.43084136E-01  1.04999495E+00
 -2.61752348E-01  1.00000000E+00  1.09232011E+00 -2.40833891E+00  2.55929108E-01  1.32678657E+01  9.46154491E-01  1.00814001E+00
 -2.53655913E-01  1.00000000E+00  1.09157681E+00 -2.36491338E+00  2.49504645E-01  1.27786634E+01  9.49263752E-01  9.67859967E-01
 -2.46045323E-01  1.00000000E+00  1.08847974E+00 -2.33380241E+00  2.42999252E-01  1.22887182E+01  9.57947401E-01  9.27063063E-01
 -2.38434732E-01  1.00000000E+00  1.08538266E+00 -2.30311979E+00  2.35394256E-01  1.18185380E+01  9.66647949E-01  8.87881911E-01
 -2.31280830E-01  1.00000000E+00  1.08825053E+00 -2.23780373E+00  2.25307480E-01  1.11860109E+01  9.70226298E-01  8.35836923E-01
 -2.24126928E-01  1.00000000E+00  1.09111840E+00 -2.17483658E+00  2.15864576E-01  1.05881631E+01  9.73978394E-01  7.86615113E-01
 -2.17402314E-01  1.00000000E+00  1.08594336E+00 -2.05926512E+00  2.05593937E-01  9.74015606E+00  9.67786262E-01  7.17739347E-01
 -2.10677699E-01  1.00000000E+00  1.08076831E+00 -1.95093318E+00  1.95557874E-01  8.96077320E+00  9.62334822E-01  6.54417685E-01
 -2.04351753E-01  1.00000000E+00  1.07859891E+00 -1.86917567E+00  1.84770953E-01  8.12722443E+00  9.75966280E-01  5.85102940E-01
 -1.98025807E-01  1.00000000E+00  1.07642950E+00 -1.79209571E+00  1.71832560E-01  7.37417992E+00  9.90004012E-01  5.22341665E-01
 -1.91837501E-01  1.00000000E+00  1.07924955E+00 -1.64983991E+00  1.54879356E-01  6.24861347E+00  1.00962468E+00  4.28644538E-01
 -1.85649194E-01  1.00000000E+00  1.08206960E+00 -1.52339846E+00  1.36982832E-01  5.29975914E+00  1.03157490E+00  3.49215074E-01
 -1.79460888E-01  1.00000000E+00  1.09532211E+00 -1.34657548E+00  1.11521413E-01  4.22564402E+00  1.06047247E+00  2.58968582E-01
 -1.73272582E-01  1.00000000E+00  1.10857462E+00 -1.19842541E+00  8.58063944E-02  3.37359538E+00  1.09629271E+00  1.86324763E-01
 -1.67084275E-01  1.00000000E+00  1.12784935E+00 -7.27630998E-01  6.22269796E-02  2.04064083E+00  1.04168461E+00  8.17327813E-02
 -1.60895969E-01  1.00000000E+00  1.14712408E+00 -4.20050004E-01  3.94871573E-02  1.23561630E+00  1.05435923E+00  1.48301240E-02
 -1.54707662E-01  1.00000000E+00  1.23087184E+00 -3.48771360E-02  1.20185487E-03  8.89968092E-01  1.05410223E+00 -1.34291571E-02
 -1.48519356E-01  1.00000000E+00  1.31461959E+00  2.84517136E-01  3.47318251E-02  7.26340416E-01  1.18439317E+00 -3.74770434E-02
 -1.42331049E-01  1.00000000E+00  1.42707196E+00  6.92348052E-01  4.48725940E-02  1.15455404E+00  1.30034795E+00 -1.19285933E-02
 -1.36142743E-01  1.00000000E+00  1.53952432E+00  1.30314015E+00  7.85535976E-02  1.90928389E+00  1.59135982E+00  2.60119701E-02
 -1.29954436E-01  1.00000000E+00  1.70349585E+00  1.59455026E+00  1.03765789E-01  3.50551564E+00  1.33633106E+00  1.77478739E-01
 -1.23766130E-01  1.00000000E+00  1.86746737E+00  2.09099550E+00  1.32395463E-01  6.70624919E+00  1.16243834E+00  4.53584524E-01
 -1.17577823E-01  1.00000000E+00  1.98742518E+00  1.97720299E+00  1.43968872E-01  7.07678701E+00  1.06892995E+00  4.91551941E-01
 -1.11389517E-01  1.00000000E+00  2.10738298E+00  1.85754994E+00  1.49004470E-01  7.49374483E+00  9.81269102E-01  5.32838923E-01
 -1.05201210E-01  1.00000000E+00  2.23494460E+00  2.04414854E+00  1.62591187E-01  8.45576650E+00  1.00748728E+00  6.09404664E-01
 -9.90129037E-02  1.00000000E+00  2.36250623E+00  2.25142709E+00  1.65658778E-01  9.54145741E+00  1.03717679E+00  6.95804778E-01
 -9.28245972E-02  1.00000000E+00  2.48384450E+00  2.41768904E+00  1.73793709E-01  1.05220397E+01  1.05718951E+00  7.74396834E-01
 -8.66362908E-02  1.00000000E+00  2.60518277E+00  2.59797075E+00  2.00191888E-01  1.16041204E+01  1.07905914E+00  8.61141375E-01
 -8.04479843E-02  1.00000000E+00  2.68781995E+00  2.35921121E+00  2.04836579E-01  1.04040893E+01  1.03406897E+00  7.66638027E-01
 -7.42596778E-02  1.00000000E+00  2.77045713E+00  2.14314821E+00  1.93632880E-01  9.32806806E+00  9.93185642E-01  6.81944925E-01
 -6.80713713E-02  1.00000000E+00  2.88336475E+00  2.03962035E+00  1.96458276E-01  9.61741689E+00  9.39899437E-01  7.09978701E-01
 -6.18830648E-02  1.00000000E+00  2.99627236E+00  1.93200554E+00  1.90178202E-01  9.92828036E+00  8.89296910E-01  7.39553192E-01
 -5.56947583E-02  1.00000000E+00  3.12388897E+00  2.41080910E+00  1.71197425E-01  1.08799632E+01  1.03640471E+00  8.05382055E-01
 -4.95064519E-02  1.00000000E+00  3.25150559E+00  2.95371101E+00  2.06965787E-01  1.19644977E+01  1.21881037E+00  8.79192596E-01
 -4.33181454E-02  1.00000000E+00  3.46847078E+00  3.61701074E+00  2.61009094E-01  9.31944500E+00  1.88606336E+00  6.08185771E-01
 -3.71298389E-02  1.00000000E+00  3.68543596E+00  4.27373549E+00  3.10960336E-01  7.86497439E+00  2.76070110E+00  4.17622361E-01
 -3.09415324E-02  1.00000000E+00  3.55754662E+00  9.06892868E-01  4.19742452E-01  4.65227093E+00  9.30105697E-01  3.04540792E-01
 -2.47532259E-02  1.00000000E+00  3.42965727E+00 -1.42943078E+00  4.86257652E-01  4.91732587E+00  1.13994311E+00  3.09058590E-01
 -1.85649194E-02  1.00000000E+00  4.22598082E+00  1.41755875E+00  8.25327987E-01  6.00505559E+00  1.04152204E+00  4.06107291E-01
 -1.23766130E-02  1.00000000E+00  5.02230436E+00  7.50073832E+00  1.34561094E+00  1.39984713E+01  4.38044802E+00  7.86929177E-01
 -6.18830648E-03  1.00000000E+00  2.51776610E+00  7.66448785E+00  4.55688002E-01  3.96096378E+00  1.77161941E+01 -1.12542793E+00
  0.00000000E+00  1.00000000E+00  1.32278305E-02  2.70826888E+01  5.77317996E-01  3.74561491E+00  2.02715325E+02 -1.62793399E+01
