# curve 5 (die wall), step =        1, time =   4.00000000E-01
# N1 = tau_xx - tau_yy = G ( c_xx - c_yy ),  G =  6.0000E-01  (polymer part only)
#              x               y        pressure            c_xy        gammadot            c_xx            c_yy              N1
 -3.00000000E+00  1.00000000E+00  2.13720226E+00  0.00000000E+00  3.99997340E-01  1.00000000E+00  1.00000000E+00  0.00000000E+00
 -2.97524677E+00  1.00000000E+00  2.12070274E+00  0.00000000E+00  3.99998620E-01  1.00000000E+00  1.00000000E+00  0.00000000E+00
 -2.95049355E+00  1.00000000E+00  2.10420321E+00  0.00000000E+00  3.99999451E-01  1.00000000E+00  1.00000000E+00  0.00000000E+00
 -2.92574032E+00  1.00000000E+00  2.08770063E+00  0.00000000E+00  3.99999963E-01  1.00000000E+00  1.00000000E+00  0.00000000E+00
 -2.90098710E+00  1.00000000E+00  2.07119805E+00  0.00000000E+00  4.00000119E-01  1.00000000E+00  1.00000000E+00  0.00000000E+00
 -2.87623387E+00  1.00000000E+00  2.05469589E+00  0.00000000E+00  4.00000112E-01  1.00000000E+00  1.00000000E+00  0.00000000E+00
 -2.85148064E+00  1.00000000E+00  2.03819373E+00  0.00000000E+00  4.00000095E-01  1.00000000E+00  1.00000000E+00  0.00000000E+00
 -2.82672742E+00  1.00000000E+00  2.02169152E+00  0.00000000E+00  4.00000067E-01  1.00000000E+00  1.00000000E+00  0.00000000E+00
 -2.80197419E+00  1.00000000E+00  2.00518930E+00  0.00000000E+00  4.00000031E-01  1.00000000E+00  1.00000000E+00  0.00000000E+00
 -2.77722097E+00  1.00000000E+00  1.98868710E+00  0.00000000E+00  3.99999990E-01  1.00000000E+00  1.00000000E+00  0.00000000E+00
 -2.75246774E+00  1.00000000E+00  1.97218490E+00  0.00000000E+00  3.99999947E-01  1.00000000E+00  1.00000000E+00  0.00000000E+00
 -2.72771451E+00  1.00000000E+00  1.95568270E+00  0.00000000E+00  3.99999896E-01  1.00000000E+00  1.00000000E+00  0.00000000E+00
 -2.70296129E+00  1.00000000E+00  1.93918050E+00  0.00000000E+00  3.99999841E-01  1.00000000E+00  1.00000000E+00  0.00000000E+00
 -2.67820806E+00  1.00000000E+00  1.92267830E+00  0.00000000E+00  3.99999775E-01  1.00000000E+00  1.00000000E+00  0.00000000E+00
 -2.65345484E+00  1.00000000E+00  1.90617610E+00  0.00000000E+00  3.99999706E-01  1.00000000E+00  1.00000000E+00  0.00000000E+00
 -2.62870161E+00  1.00000000E+00  1.88967389E+00  0.00000000E+00  3.99999622E-01  1.00000000E+00  1.00000000E+00  0.00000000E+00
 -2.60394839E+00  1.00000000E+00  1.87317168E+00  0.00000000E+00  3.99999531E-01  1.00000000E+00  1.00000000E+00  0.00000000E+00
 -2.57919516E+00  1.00000000E+00  1.85666948E+00  0.00000000E+00  3.99999424E-01  1.00000000E+00  1.00000000E+00  0.00000000E+00
 -2.55444193E+00  1.00000000E+00  1.84016728E+00  0.00000000E+00  3.99999309E-01  1.00000000E+00  1.00000000E+00  0.00000000E+00
 -2.52968871E+00  1.00000000E+00  1.82366508E+00  0.00000000E+00  3.99999168E-01  1.00000000E+00  1.00000000E+00  0.00000000E+00
 -2.50493548E+00  1.00000000E+00  1.80716287E+00  0.00000000E+00  3.99999015E-01  1.00000000E+00  1.00000000E+00  0.00000000E+00
 -2.48018226E+00  1.00000000E+00  1.79066067E+00  0.00000000E+00  3.99998841E-01  1.00000000E+00  1.00000000E+00  0.00000000E+00
 -2.45542903E+00  1.00000000E+00  1.77415846E+00  0.00000000E+00  3.99998652E-01  1.00000000E+00  1.00000000E+00  0.00000000E+00
 -2.43067580E+00  1.00000000E+00  1.75765626E+00  0.00000000E+00  3.99998423E-01  1.00000000E+00  1.00000000E+00  0.00000000E+00
 -2.40592258E+00  1.00000000E+00  1.74115406E+00  0.00000000E+00  3.99998182E-01  1.00000000E+00  1.00000000E+00  0.00000000E+00
 -2.38116935E+00  1.00000000E+00  1.72465188E+00  0.00000000E+00  3.99997892E-01  1.00000000E+00  1.00000000E+00  0.00000000E+00
 -2.35641613E+00  1.00000000E+00  1.70814970E+00  0.00000000E+00  3.99997583E-01  1.00000000E+00  1.00000000E+00  0.00000000E+00
 -2.33166290E+00  1.00000000E+00  1.69164753E+00  0.00000000E+00  3.99997210E-01  1.00000000E+00  1.00000000E+00  0.00000000E+00
 -2.30690967E+00  1.00000000E+00  1.67514536E+00  0.00000000E+00  3.99996813E-01  1.00000000E+00  1.00000000E+00  0.00000000E+00
 -2.28215645E+00  1.00000000E+00  1.65864322E+00  0.00000000E+00  3.99996345E-01  1.00000000E+00  1.00000000E+00  0.00000000E+00
 -2.25740322E+00  1.00000000E+00  1.64214108E+00  0.00000000E+00  3.99995848E-01  1.00000000E+00  1.00000000E+00  0.00000000E+00
 -2.23265000E+00  1.00000000E+00  1.62563897E+00  0.00000000E+00  3.99995258E-01  1.00000000E+00  1.00000000E+00  0.00000000E+00
 -2.20789677E+00  1.00000000E+00  1.60913686E+00  0.00000000E+00  3.99994616E-01  1.00000000E+00  1.00000000E+00  0.00000000E+00
 -2.18314354E+00  1.00000000E+00  1.59263481E+00  0.00000000E+00  3.99993895E-01  1.00000000E+00  1.00000000E+00  0.00000000E+00
 -2.15839032E+00  1.00000000E+00  1.57613276E+00  0.00000000E+00  3.99993123E-01  1.00000000E+00  1.00000000E+00  0.00000000E+00
 -2.13363709E+00  1.00000000E+00  1.55963082E+00  0.00000000E+00  3.99992203E-01  1.00000000E+00  1.00000000E+00  0.00000000E+00
 -2.10888387E+00  1.00000000E+00  1.54312888E+00  0.00000000E+00  3.99991243E-01  1.00000000E+00  1.00000000E+00  0.00000000E+00
 -2.08413064E+00  1.00000000E+00  1.52662704E+00  0.00000000E+00  3.99990100E-01  1.00000000E+00  1.00000000E+00  0.00000000E+00
 -2.05937741E+00  1.00000000E+00  1.51012520E+00  0.00000000E+00  3.99988911E-01  1.00000000E+00  1.00000000E+00  0.00000000E+00
 -2.03462419E+00  1.00000000E+00  1.49362357E+00  0.00000000E+00  3.99987491E-01  1.00000000E+00  1.00000000E+00  0.00000000E+00
 -2.00987096E+00  1.00000000E+00  1.47712193E+00  0.00000000E+00  3.99985999E-01  1.00000000E+00  1.00000000E+00  0.00000000E+00
 -1.98511774E+00  1.00000000E+00  1.46062049E+00  0.00000000E+00  3.99984284E-01  1.00000000E+00  1.00000000E+00  0.00000000E+00
 -1.96036451E+00  1.00000000E+00  1.44411904E+00  0.00000000E+00  3.99982470E-01  1.00000000E+00  1.00000000E+00  0.00000000E+00
 -1.93561128E+00  1.00000000E+00  1.42761792E+00  0.00000000E+00  3.99980376E-01  1.00000000E+00  1.00000000E+00  0.00000000E+00
 -1.91085806E+00  1.00000000E+00  1.41111680E+00  0.00000000E+00  3.99978074E-01  1.00000000E+00  1.00000000E+00  0.00000000E+00
 -1.88610483E+00  1.00000000E+00  1.39461608E+00  0.00000000E+00  3.99975529E-01  1.00000000E+00  1.00000000E+00  0.00000000E+00
 -1.86135161E+00  1.00000000E+00  1.37811536E+00  0.00000000E+00  3.99972757E-01  1.00000000E+00  1.00000000E+00  0.00000000E+00
 -1.83659838E+00  1.00000000E+00  1.36161513E+00  0.00000000E+00  3.99969683E-01  1.00000000E+00  1.00000000E+00  0.00000000E+00
 -1.81184516E+00  1.00000000E+00  1.34511489E+00  0.00000000E+00  3.99966493E-01  1.00000000E+00  1.00000000E+00  0.00000000E+00
 -1.78709193E+00  1.00000000E+00  1.32861550E+00  0.00000000E+00  3.99962790E-01  1.00000000E+00  1.00000000E+00  0.00000000E+00
 -1.76233870E+00  1.00000000E+00  1.31211611E+00  0.00000000E+00  3.99958713E-01  1.00000000E+00  1.00000000E+00  0.00000000E+00
 -1.73758548E+00  1.00000000E+00  1.29561764E+00  0.00000000E+00  3.99954241E-01  1.00000000E+00  1.00000000E+00  0.00000000E+00
 -1.71283225E+00  1.00000000E+00  1.27911916E+00  0.00000000E+00  3.99949587E-01  1.00000000E+00  1.00000000E+00  0.00000000E+00
 -1.68807903E+00  1.00000000E+00  1.26262173E+00  0.00000000E+00  3.99944594E-01  1.00000000E+00  1.00000000E+00  0.00000000E+00
 -1.66332580E+00  1.00000000E+00  1.24612430E+00  0.00000000E+00  3.99939169E-01  1.00000000E+00  1.00000000E+00  0.00000000E+00
 -1.63857257E+00  1.00000000E+00  1.22962856E+00  0.00000000E+00  3.99932957E-01  1.00000000E+00  1.00000000E+00  0.00000000E+00
 -1.61381935E+00  1.00000000E+00  1.21313282E+00  0.00000000E+00  3.99926426E-01  1.00000000E+00  1.00000000E+00  0.00000000E+00
 -1.58906612E+00  1.00000000E+00  1.19663880E+00  0.00000000E+00  3.99919466E-01  1.00000000E+00  1.00000000E+00  0.00000000E+00
 -1.56431290E+00  1.00000000E+00  1.18014479E+00  0.00000000E+00  3.99912098E-01  1.00000000E+00  1.00000000E+00  0.00000000E+00
 -1.53955967E+00  1.00000000E+00  1.16365335E+00  0.00000000E+00  3.99903847E-01  1.00000000E+00  1.00000000E+00  0.00000000E+00
 -1.51480644E+00  1.00000000E+00  1.14716191E+00  0.00000000E+00  3.99895583E-01  1.00000000E+00  1.00000000E+00  0.00000000E+00
 -1.49005322E+00  1.00000000E+00  1.13067342E+00  0.00000000E+00  3.99886391E-01  1.00000000E+00  1.00000000E+00  0.00000000E+00
 -1.46529999E+00  1.00000000E+00  1.11418494E+00  0.00000000E+00  3.99876805E-01  1.00000000E+00  1.00000000E+00  0.00000000E+00
 -1.44054677E+00  1.00000000E+00  1.09770090E+00  0.00000000E+00  3.99867093E-01  1.00000000E+00  1.00000000E+00  0.00000000E+00
 -1.41579354E+00  1.00000000E+00  1.08121686E+00  0.00000000E+00  3.99855815E-01  1.00000000E+00  1.00000000E+00  0.00000000E+00
 -1.39104031E+00  1.00000000E+00  1.06473701E+00  0.00000000E+00  3.99844009E-01  1.00000000E+00  1.00000000E+00  0.00000000E+00
 -1.36628709E+00  1.00000000E+00  1.04825716E+00  0.00000000E+00  3.99832855E-01  1.00000000E+00  1.00000000E+00  0.00000000E+00
 -1.34153386E+00  1.00000000E+00  1.03178395E+00  0.00000000E+00  3.99821009E-01  1.00000000E+00  1.00000000E+00  0.00000000E+00
 -1.31678064E+00  1.00000000E+00  1.01531074E+00  0.00000000E+00  3.99809016E-01  1.00000000E+00  1.00000000E+00  0.00000000E+00
 -1.29202741E+00  1.00000000E+00  9.98844484E-01  0.00000000E+00  3.99796825E-01  1.00000000E+00  1.00000000E+00  0.00000000E+00
 -1.26727418E+00  1.00000000E+00  9.82378225E-01  0.00000000E+00  3.99784337E-01  1.00000000E+00  1.00000000E+00  0.00000000E+00
 -1.24252096E+00  1.00000000E+00  9.65922760E-01  0.00000000E+00  3.99773827E-01  1.00000000E+00  1.00000000E+00  0.00000000E+00
 -1.21776773E+00  1.00000000E+00  9.49467295E-01  0.00000000E+00  3.99760398E-01  1.00000000E+00  1.00000000E+00  0.00000000E+00
 -1.19301451E+00  1.00000000E+00  9.33021107E-01  0.00000000E+00  3.99747815E-01  1.00000000E+00  1.00000000E+00  0.00000000E+00
 -1.16826128E+00  1.00000000E+00  9.16574918E-01  0.00000000E+00  3.99739159E-01  1.00000000E+00  1.00000000E+00  0.00000000E+00
 -1.14350806E+00  1.00000000E+00  9.00144737E-01  0.00000000E+00  3.99731865E-01  1.00000000E+00  1.00000000E+00  0.00000000E+00
 -1.11875483E+00  1.00000000E+00  8.83714555E-01  0.00000000E+00  3.99724759E-01  1.00000000E+00  1.00000000E+00  0.00000000E+00
 -1.09400160E+00  1.00000000E+00  8.67302296E-01  0.00000000E+00  3.99723311E-01  1.00000000E+00  1.00000000E+00  0.00000000E+00
 -1.06924838E+00  1.00000000E+00  8.50890038E-01  0.00000000E+00  3.99723443E-01  1.00000000E+00  1.00000000E+00  0.00000000E+00
 -1.04449515E+00  1.00000000E+00  8.34496978E-01  0.00000000E+00  3.99728085E-01  1.00000000E+00  1.00000000E+00  0.00000000E+00
 -1.01974193E+00  1.00000000E+00  8.18103919E-01  0.00000000E+00  3.99732931E-01  1.00000000E+00  1.00000000E+00  0.00000000E+00
 -9.94988700E-01  1.00000000E+00  8.01736551E-01  0.00000000E+00  3.99749888E-01  1.00000000E+00  1.00000000E+00  0.00000000E+00
 -9.70235474E-01  1.00000000E+00  7.85369183E-01  0.00000000E+00  3.99771193E-01  1.00000000E+00  1.00000000E+00  0.00000000E+00
 -9.45482248E-01  1.00000000E+00  7.69033605E-01  0.00000000E+00  3.99808476E-01  1.00000000E+00  1.00000000E+00  0.00000000E+00
 -9.20729022E-01  1.00000000E+00  7.52698027E-01  0.00000000E+00  3.99851376E-01  1.00000000E+00  1.00000000E+00  0.00000000E+00
 -8.95975796E-01  1.00000000E+00  7.36398578E-01  0.00000000E+00  3.99908648E-01  1.00000000E+00  1.00000000E+00  0.00000000E+00
 -8.71222570E-01  1.00000000E+00  7.20099129E-01  0.00000000E+00  3.99973972E-01  1.00000000E+00  1.00000000E+00  0.00000000E+00
 -8.46469344E-01  1.00000000E+00  7.03838436E-01  0.00000000E+00  4.00078259E-01  1.00000000E+00  1.00000000E+00  0.00000000E+00
 -8.21716118E-01  1.00000000E+00  6.87577744E-01  0.00000000E+00  4.00187900E-01  1.00000000E+00  1.00000000E+00  0.00000000E+00
 -7.97201467E-01  1.00000000E+00  6.71535868E-01  0.00000000E+00  4.00344250E-01  1.00000000E+00  1.00000000E+00  0.00000000E+00
 -7.72686817E-01  1.00000000E+00  6.55493993E-01  0.00000000E+00  4.00511372E-01  1.00000000E+00  1.00000000E+00  0.00000000E+00
 -7.49503432E-01  1.00000000E+00  6.40380030E-01  0.00000000E+00  4.00716786E-01  1.00000000E+00  1.00000000E+00  0.00000000E+00
 -7.26320047E-01  1.00000000E+00  6.25266066E-01  0.00000000E+00  4.00942430E-01  1.00000000E+00  1.00000000E+00  0.00000000E+00
 -7.04527831E-01  1.00000000E+00  6.11105439E-01  0.00000000E+00  4.01215484E-01  1.00000000E+00  1.00000000E+00  0.00000000E+00
 -6.82735615E-01  1.00000000E+00  5.96944812E-01  0.00000000E+00  4.01510729E-01  1.00000000E+00  1.00000000E+00  0.00000000E+00
 -6.62251087E-01  1.00000000E+00  5.83722510E-01  0.00000000E+00  4.01861197E-01  1.00000000E+00  1.00000000E+00  0.00000000E+00
 -6.41766559E-01  1.00000000E+00  5.70500208E-01  0.00000000E+00  4.02242724E-01  1.00000000E+00  1.00000000E+00  0.00000000E+00
 -6.22511254E-01  1.00000000E+00  5.58108346E-01  0.00000000E+00  4.02665300E-01  1.00000000E+00  1.00000000E+00  0.00000000E+00
 -6.03255949E-01  1.00000000E+00  5.45716484E-01  0.00000000E+00  4.03120982E-01  1.00000000E+00  1.00000000E+00  0.00000000E+00
 -5.85156097E-01  1.00000000E+00  5.34133138E-01  0.00000000E+00  4.03640273E-01  1.00000000E+00  1.00000000E+00  0.00000000E+00
 -5.67056245E-01  1.00000000E+00  5.22549792E-01  0.00000000E+00  4.04195487E-01  1.00000000E+00  1.00000000E+00  0.00000000E+00
 -5.50042515E-01  1.00000000E+00  5.11730515E-01  0.00000000E+00  4.04832868E-01  1.00000000E+00  1.00000000E+00  0.00000000E+00
 -5.33028786E-01  1.00000000E+00  5.00911238E-01  0.00000000E+00  4.05501062E-01  1.00000000E+00  1.00000000E+00  0.00000000E+00
 -5.17036006E-01  1.00000000E+00  4.90808742E-01  0.00000000E+00  4.06248659E-01  1.00000000E+00  1.00000000E+00  0.00000000E+00
 -5.01043227E-01  1.00000000E+00  4.80706246E-01  0.00000000E+00  4.07041315E-01  1.00000000E+00  1.00000000E+00  0.00000000E+00
 -4.86010125E-01  1.00000000E+00  4.71280672E-01  0.00000000E+00  4.07897553E-01  1.00000000E+00  1.00000000E+00  0.00000000E+00
 -4.70977023E-01  1.00000000E+00  4.61855099E-01  0.00000000E+00  4.08818590E-01  1.00000000E+00  1.00000000E+00  0.00000000E+00
 -4.56846016E-01  1.00000000E+00  4.53030350E-01  0.00000000E+00  4.09792178E-01  1.00000000E+00  1.00000000E+00  0.00000000E+00
 -4.42715008E-01  1.00000000E+00  4.44205601E-01  0.00000000E+00  4.10834472E-01  1.00000000E+00  1.00000000E+00  0.00000000E+00
 -4.29431964E-01  1.00000000E+00  4.36020625E-01  0.00000000E+00  4.11994423E-01  1.00000000E+00  1.00000000E+00  0.00000000E+00
 -4.16148920E-01  1.00000000E+00  4.27835648E-01  0.00000000E+00  4.13228689E-01  1.00000000E+00  1.00000000E+00  0.00000000E+00
 -4.03662954E-01  1.00000000E+00  4.20196150E-01  0.00000000E+00  4.14453783E-01  1.00000000E+00  1.00000000E+00  0.00000000E+00
 -3.91176988E-01  1.00000000E+00  4.12556652E-01  0.00000000E+00  4.15780018E-01  1.00000000E+00  1.00000000E+00  0.00000000E+00
 -3.79440270E-01  1.00000000E+00  4.05376851E-01  0.00000000E+00  4.17221403E-01  1.00000000E+00  1.00000000E+00  0.00000000E+00
 -3.67703552E-01  1.00000000E+00  3.98197050E-01  0.00000000E+00  4.18738104E-01  1.00000000E+00  1.00000000E+00  0.00000000E+00
 -3.56671122E-01  1.00000000E+00  3.91604506E-01  0.00000000E+00  4.20323687E-01  1.00000000E+00  1.00000000E+00  0.00000000E+00
 -3.45638692E-01  1.00000000E+00  3.85011962E-01  0.00000000E+00  4.21991861E-01  1.00000000E+00  1.00000000E+00  0.00000000E+00
 -3.35268287E-01  1.00000000E+00  3.78821505E-01  0.00000000E+00  4.23689370E-01  1.00000000E+00  1.00000000E+00  0.00000000E+00
 -3.24897882E-01  1.00000000E+00  3.72631049E-01  0.00000000E+00  4.25514541E-01  1.00000000E+00  1.00000000E+00  0.00000000E+00
 -3.15149775E-01  1.00000000E+00  3.66931125E-01  0.00000000E+00  4.27457359E-01  1.00000000E+00  1.00000000E+00  0.00000000E+00
 -3.05401669E-01  1.00000000E+00  3.61231202E-01  0.00000000E+00  4.29458992E-01  1.00000000E+00  1.00000000E+00  0.00000000E+00
 -2.96238520E-01  1.00000000E+00  3.55877511E-01  0.00000000E+00  4.31490130E-01  1.00000000E+00  1.00000000E+00  0.00000000E+00
 -2.87075371E-01  1.00000000E+00  3.50523821E-01  0.00000000E+00  4.33736995E-01  1.00000000E+00  1.00000000E+00  0.00000000E+00
 -2.78462077E-01  1.00000000E+00  3.45581689E-01  0.00000000E+00  4.36030014E-01  1.00000000E+00  1.00000000E+00  0.00000000E+00
 -2.69848783E-01  1.00000000E+00  3.40639558E-01  0.00000000E+00  4.38434219E-01  1.00000000E+00  1.00000000E+00  0.00000000E+00
 -2.61752348E-01  1.00000000E+00  3.36091286E-01  0.00000000E+00  4.40868559E-01  1.00000000E+00  1.00000000E+00  0.00000000E+00
 -2.53655913E-01  1.00000000E+00  3.31543014E-01  0.00000000E+00  4.43426747E-01  1.00000000E+00  1.00000000E+00  0.00000000E+00
 -2.46045323E-01  1.00000000E+00  3.27330007E-01  0.00000000E+00  4.46089648E-01  1.00000000E+00  1.00000000E+00  0.00000000E+00
 -2.38434732E-01  1.00000000E+00  3.23117000E-01  0.00000000E+00  4.48836524E-01  1.00000000E+00  1.00000000E+00  0.00000000E+00
 -2.31280830E-01  1.00000000E+00  3.19221620E-01  0.00000000E+00  4.51667921E-01  1.00000000E+00  1.00000000E+00  0.00000000E+00
 -2.24126928E-01  1.00000000E+00  3.15326241E-01  0.00000000E+00  4.54610425E-01  1.00000000E+00  1.00000000E+00  0.00000000E+00
 -2.17402314E-01  1.00000000E+00  3.11694579E-01  0.00000000E+00  4.57653635E-01  1.00000000E+00  1.00000000E+00  0.00000000E+00
 -2.10677699E-01  1.00000000E+00  3.08062917E-01  0.00000000E+00  4.60794115E-01  1.00000000E+00  1.00000000E+00  0.00000000E+00
 -2.04351753E-01  1.00000000E+00  3.04786636E-01  0.00000000E+00  4.64083275E-01  1.00000000E+00  1.00000000E+00  0.00000000E+00
 -1.98025807E-01  1.00000000E+00  3.01510354E-01  0.00000000E+00  4.67440610E-01  1.00000000E+00  1.00000000E+00  0.00000000E+00
 -1.91837501E-01  1.00000000E+00  2.98353140E-01  0.00000000E+00  4.71097053E-01  1.00000000E+00  1.00000000E+00  0.00000000E+00
 -1.85649194E-01  1.00000000E+00  2.95195926E-01  0.00000000E+00  4.74855692E-01  1.00000000E+00  1.00000000E+00  0.00000000E+00
 -1.79460888E-01  1.00000000E+00  2.92218768E-01  0.00000000E+00  4.78990052E-01  1.00000000E+00  1.00000000E+00  0.00000000E+00
 -1.73272582E-01  1.00000000E+00  2.89241611E-01  0.00000000E+00  4.83264328E-01  1.00000000E+00  1.00000000E+00  0.00000000E+00
 -1.67084275E-01  1.00000000E+00  2.86240467E-01  0.00000000E+00  4.87957075E-01  1.00000000E+00  1.00000000E+00  0.00000000E+00
 -1.60895969E-01  1.00000000E+00  2.83239322E-01  0.00000000E+00  4.92831399E-01  1.00000000E+00  1.00000000E+00  0.00000000E+00
 -1.54707662E-01  1.00000000E+00  2.80421468E-01  0.00000000E+00  4.98328998E-01  1.00000000E+00  1.00000000E+00  0.00000000E+00
 -1.48519356E-01  1.00000000E+00  2.77603614E-01  0.00000000E+00  5.04023326E-01  1.00000000E+00  1.00000000E+00  0.00000000E+00
 -1.42331049E-01  1.00000000E+00  2.75072179E-01  0.00000000E+00  5.10457617E-01  1.00000000E+00  1.00000000E+00  0.00000000E+00
 -1.36142743E-01  1.00000000E+00  2.72540744E-01  0.00000000E+00  5.17281796E-01  1.00000000E+00  1.00000000E+00  0.00000000E+00
 -1.29954436E-01  1.00000000E+00  2.70295872E-01  0.00000000E+00  5.24556208E-01  1.00000000E+00  1.00000000E+00  0.00000000E+00
 -1.23766130E-01  1.00000000E+00  2.68051000E-01  0.00000000E+00  5.32373405E-01  1.00000000E+00  1.00000000E+00  0.00000000E+00
 -1.17577823E-01  1.00000000E+00  2.65686466E-01  0.00000000E+00  5.41300515E-01  1.00000000E+00  1.00000000E+00  0.00000000E+00
 -1.11389517E-01  1.00000000E+00  2.63321932E-01  0.00000000E+00  5.50755452E-01  1.00000000E+00  1.00000000E+00  0.00000000E+00
 -1.05201210E-01  1.00000000E+00  2.61632537E-01  0.00000000E+00  5.61715735E-01  1.00000000E+00  1.00000000E+00  0.00000000E+00
 -9.90129037E-02  1.00000000E+00  2.59943142E-01  0.00000000E+00  5.73338761E-01  1.00000000E+00  1.00000000E+00  0.00000000E+00
 -9.28245972E-02  1.00000000E+00  2.59076717E-01  0.00000000E+00  5.86765835E-01  1.00000000E+00  1.00000000E+00  0.00000000E+00
 -8.66362908E-02  1.00000000E+00  2.58210292E-01  0.00000000E+00  6.00936764E-01  1.00000000E+00  1.00000000E+00  0.00000000E+00
 -8.04479843E-02  1.00000000E+00  2.57346420E-01  0.00000000E+00  6.18227691E-01  1.00000000E+00  1.00000000E+00  0.00000000E+00
 -7.42596778E-02  1.00000000E+00  2.56482547E-01  0.00000000E+00  6.36964635E-01  1.00000000E+00  1.00000000E+00  0.00000000E+00
 -6.80713713E-02  1.00000000E+00  2.57418185E-01  0.00000000E+00  6.58854605E-01  1.00000000E+00  1.00000000E+00  0.00000000E+00
 -6.18830648E-02  1.00000000E+00  2.58353824E-01  0.00000000E+00  6.83558116E-01  1.00000000E+00  1.00000000E+00  0.00000000E+00
 -5.56947583E-02  1.00000000E+00  2.60540053E-01  0.00000000E+00  7.13633289E-01  1.00000000E+00  1.00000000E+00  0.00000000E+00
 -4.95064519E-02  1.00000000E+00  2.62726282E-01  0.00000000E+00  7.50294029E-01  1.00000000E+00  1.00000000E+00  0.00000000E+00
 -4.33181454E-02  1.00000000E+00  2.76015774E-01  0.00000000E+00  7.95335091E-01  1.00000000E+00  1.00000000E+00  0.00000000E+00
 -3.71298389E-02  1.00000000E+00  2.89305266E-01  0.00000000E+00  8.50580637E-01  1.00000000E+00  1.00000000E+00  0.00000000E+00
 -3.09415324E-02  1.00000000E+00  2.62367312E-01  0.00000000E+00  9.31591112E-01  1.00000000E+00  1.00000000E+00  0.00000000E+00
 -2.47532259E-02  1.00000000E+00  2.35429357E-01  0.00000000E+00  1.01381688E+00  1.00000000E+00  1.00000000E+00  0.00000000E+00
 -1.85649194E-02  1.00000000E+00  5.22732409E-01  0.00000000E+00  1.15944518E+00  1.00000000E+00  1.00000000E+00  0.00000000E+00
 -1.23766130E-02  1.00000000E+00  8.10035462E-01  0.00000000E+00  1.48131866E+00  1.00000000E+00  1.00000000E+00  0.00000000E+00
 -6.18830648E-03  1.00000000E+00 -1.47793805E-01  0.00000000E+00  2.07621904E+00  1.00000000E+00  1.00000000E+00  0.00000000E+00
  0.00000000E+00  1.00000000E+00 -1.10562307E+00  0.00000000E+00  2.99992245E+00  1.00000000E+00  1.00000000E+00  0.00000000E+00
