# model=oldroyd  theta_MLE: lambda=0.2, beta=0.338665, eta_0=0.846678
# delta(x) = y_clean(x) - y_model(x; theta_MLE)   (x from curve4_x.txt)
# columns: x  delta
5.000000000000000000e+00 -3.975405546063903728e-05
4.950333040000000295e+00 -3.975096393737942435e-05
4.900666089999999642e+00 -3.973988346128720650e-05
4.850999129999999937e+00 -3.971856985618416047e-05
4.801332180000000172e+00 -3.970025970767565582e-05
4.751665219999999579e+00 -3.966505777808215782e-05
4.701998269999999813e+00 -3.963676311968811206e-05
4.652331310000000109e+00 -3.960083987308848918e-05
4.602664360000000343e+00 -3.956614143252323856e-05
4.552997399999999750e+00 -3.952041446630971677e-05
4.503330449999999985e+00 -3.947958132366480299e-05
4.453663490000000280e+00 -3.943196136435567212e-05
4.403996539999999627e+00 -3.938166271777454597e-05
4.354329579999999922e+00 -3.933399510502866292e-05
4.304662630000000156e+00 -3.928246976814264713e-05
4.254995669999999564e+00 -3.922284851953783402e-05
4.205328709999999859e+00 -3.916812413695680561e-05
4.155661760000000093e+00 -3.911188184413383340e-05
4.105994800000000389e+00 -3.905579841134709795e-05
4.056327849999999735e+00 -3.899589365752298420e-05
4.006660890000000030e+00 -3.894101779566838673e-05
3.956993939999999821e+00 -3.888295584908441072e-05
3.907326980000000116e+00 -3.883447761432456957e-05
3.857660029999999907e+00 -3.877547594854924284e-05
3.807993070000000202e+00 -3.872046549924235137e-05
3.758326119999999992e+00 -3.867823945813420039e-05
3.708659159999999844e+00 -3.863585429053628673e-05
3.658992210000000078e+00 -3.860253129706059383e-05
3.609325249999999929e+00 -3.857342628843518639e-05
3.559658300000000164e+00 -3.855147847109385850e-05
3.509991340000000015e+00 -3.853817102617007606e-05
3.460324389999999806e+00 -3.853529726427495916e-05
3.410657430000000101e+00 -3.853052317936978000e-05
3.360990469999999952e+00 -3.855573818345447989e-05
3.311323520000000187e+00 -3.859335074607450622e-05
3.261656560000000038e+00 -3.864178191270717377e-05
3.211989609999999828e+00 -3.870469674094323409e-05
3.162322650000000124e+00 -3.878690383030125588e-05
3.112655699999999914e+00 -3.889612045449020172e-05
3.062988740000000210e+00 -3.903047405318105234e-05
3.013321790000000000e+00 -3.917801562258738102e-05
2.963654829999999851e+00 -3.935874151284046718e-05
2.913987880000000086e+00 -3.957542694954518936e-05
2.864320919999999937e+00 -3.981319422896589799e-05
2.814653970000000172e+00 -4.008951131861948625e-05
2.764987010000000023e+00 -4.040350117651136941e-05
2.715320059999999813e+00 -4.075729743013845052e-05
2.665653100000000109e+00 -4.113937483873897349e-05
2.615986139999999960e+00 -4.157127507209423811e-05
2.566319190000000194e+00 -4.205056063244505538e-05
2.516652230000000046e+00 -4.257136686613982590e-05
2.466985279999999836e+00 -4.314117981918386135e-05
2.417318320000000131e+00 -4.375968693626219874e-05
2.367651369999999922e+00 -4.442293354811610584e-05
2.317984410000000217e+00 -4.512195180939038153e-05
2.268317460000000008e+00 -4.588332034405340210e-05
2.218650499999999859e+00 -4.668009457065025458e-05
2.168983550000000093e+00 -4.751795640900446926e-05
2.119316589999999945e+00 -4.838078754954011629e-05
2.069649640000000179e+00 -4.928406357507242319e-05
2.019982680000000030e+00 -5.019276078277457032e-05
1.970315730000000043e+00 -5.110987618550666411e-05
1.920648769999999894e+00 -5.202057234332535529e-05
1.870981809999999967e+00 -5.290070384322831387e-05
1.821314859999999980e+00 -5.373954633025590510e-05
1.771647900000000053e+00 -5.449340892327292352e-05
1.721980950000000066e+00 -5.515271247502617769e-05
1.672313989999999917e+00 -5.570319453274130694e-05
1.622647039999999929e+00 -5.606726600793088267e-05
1.572980080000000003e+00 -5.624452231889343068e-05
1.523313130000000015e+00 -5.617651848788263180e-05
1.473646170000000089e+00 -5.579943828215583324e-05
1.423979220000000101e+00 -5.506345465700057673e-05
1.374312259999999952e+00 -5.399506820902288950e-05
1.324645309999999965e+00 -5.236398794261631906e-05
1.274978350000000038e+00 -5.029850251281331452e-05
1.225311400000000051e+00 -4.774868765577977570e-05
1.175644439999999902e+00 -4.443379831364779875e-05
1.125977479999999975e+00 -4.046067614926762701e-05
1.076310529999999988e+00 -3.571943232794083656e-05
1.026643570000000061e+00 -3.027069119920788864e-05
9.769766189999999906e-01 -2.341434022956612182e-05
9.273096640000000335e-01 -1.637364703532817600e-05
8.776427079999999936e-01 -7.696633285370069189e-06
8.279757530000000365e-01 2.221050497297483162e-06
7.786002389999999718e-01 1.312331832314939106e-05
7.317317880000000496e-01 2.524248215518554161e-05
6.876846269999999928e-01 3.705365821593531450e-05
6.462889219999999879e-01 4.994958524728865257e-05
6.073850619999999756e-01 6.343624188809293685e-05
5.708230460000000006e-01 7.653403909979594744e-05
5.364619149999999559e-01 8.911930344424057182e-05
5.041691750000000249e-01 1.033275300192926238e-04
4.738203240000000149e-01 1.171729055648995654e-04
4.452983460000000115e-01 1.307225729163530303e-04
4.184932690000000011e-01 1.446765606727407061e-04
3.933017460000000076e-01 1.587099451938467354e-04
3.696266380000000074e-01 1.719620029114743431e-04
3.473766770000000226e-01 1.848595661650964672e-04
3.264660690000000254e-01 1.993296585125481357e-04
3.068141939999999845e-01 2.116860058043457116e-04
2.883452770000000109e-01 2.242392869802323219e-04
2.709881089999999770e-01 2.368964722370137110e-04
2.546757709999999952e-01 2.492464652392722968e-04
2.393453670000000033e-01 2.607388975799374009e-04
2.249377889999999991e-01 2.728120530566258140e-04
2.113974849999999961e-01 2.843316924061589646e-04
1.986678209999999944e-01 2.952088842866906759e-04
1.862510820000000122e-01 3.062462776004526432e-04
1.738343440000000018e-01 3.177786023993434128e-04
1.614176049999999918e-01 3.299728561148018713e-04
1.490008660000000096e-01 3.415623179909843543e-04
1.365841269999999996e-01 3.535206055547135406e-04
1.241673880000000035e-01 3.664169928496718853e-04
1.117506489999999936e-01 3.784075498782790703e-04
9.933391060000000550e-02 3.911367837075019338e-04
8.691717179999999821e-02 4.015353853319414412e-04
7.450043300000000479e-02 4.123566135920686548e-04
6.208369419999999750e-02 4.196874447210952042e-04
4.966695530000000275e-02 4.178808151709123564e-04
3.725021650000000240e-02 4.124977202786261898e-04
2.483347769999999857e-02 3.720325592104778423e-04
1.241673880000000035e-02 2.208466011421883479e-04
0.000000000000000000e+00 0.000000000000000000e+00
