# model=oldroyd  theta_MLE: lambda=0.324644, beta=0.659506, eta_0=0.845337
# delta(x) = y_clean(x) - y_model(x; theta_MLE)   (x from curve4_x.txt)
# columns: x  delta
5.000000000000000000e+00 -5.143057368828252152e-05
4.950333040000000295e+00 -5.143336781188168061e-05
4.900666089999999642e+00 -5.145329401279319370e-05
4.850999129999999937e+00 -5.147598656241036963e-05
4.801332180000000172e+00 -5.150627128913676245e-05
4.751665219999999579e+00 -5.153830351045662894e-05
4.701998269999999813e+00 -5.157679367084888611e-05
4.652331310000000109e+00 -5.162784960721644723e-05
4.602664360000000343e+00 -5.167013883666804475e-05
4.552997399999999750e+00 -5.172896669036752826e-05
4.503330449999999985e+00 -5.179180568282149011e-05
4.453663490000000280e+00 -5.184938257629667646e-05
4.403996539999999627e+00 -5.191087850531239667e-05
4.354329579999999922e+00 -5.198568926556568215e-05
4.304662630000000156e+00 -5.206749330355364691e-05
4.254995669999999564e+00 -5.214883449933260806e-05
4.205328709999999859e+00 -5.223568529078015388e-05
4.155661760000000093e+00 -5.232079671713130153e-05
4.105994800000000389e+00 -5.241612349693447470e-05
4.056327849999999735e+00 -5.250535964362867958e-05
4.006660890000000030e+00 -5.260897210246362476e-05
3.956993939999999821e+00 -5.270622946484948557e-05
3.907326980000000116e+00 -5.280190029144371522e-05
3.857660029999999907e+00 -5.290374624822291594e-05
3.807993070000000202e+00 -5.299369104827533761e-05
3.758326119999999992e+00 -5.308130485959239309e-05
3.708659159999999844e+00 -5.316824442824774621e-05
3.658992210000000078e+00 -5.323808663382223472e-05
3.609325249999999929e+00 -5.330751984367054774e-05
3.559658300000000164e+00 -5.334938892564977664e-05
3.509991340000000015e+00 -5.338410328659115578e-05
3.460324389999999806e+00 -5.339628756706460422e-05
3.410657430000000101e+00 -5.338179334346548899e-05
3.360990469999999952e+00 -5.333671180629551145e-05
3.311323520000000187e+00 -5.324752858415493506e-05
3.261656560000000038e+00 -5.311758247605880001e-05
3.211989609999999828e+00 -5.294235774755406965e-05
3.162322650000000124e+00 -5.270569701343319480e-05
3.112655699999999914e+00 -5.239982905913542766e-05
3.062988740000000210e+00 -5.202129004588940120e-05
3.013321790000000000e+00 -5.155790055288989038e-05
2.963654829999999851e+00 -5.099222339777220725e-05
2.913987880000000086e+00 -5.031343604544602499e-05
2.864320919999999937e+00 -4.950960493532718942e-05
2.814653970000000172e+00 -4.855694152317013845e-05
2.764987010000000023e+00 -4.745527781047087501e-05
2.715320059999999813e+00 -4.616941267099328172e-05
2.665653100000000109e+00 -4.469240588256262470e-05
2.615986139999999960e+00 -4.298637554844830788e-05
2.566319190000000194e+00 -4.105247558050528767e-05
2.516652230000000046e+00 -3.884464469483539517e-05
2.466985279999999836e+00 -3.635328766704581938e-05
2.417318320000000131e+00 -3.354037448599633819e-05
2.367651369999999922e+00 -3.038488912099346351e-05
2.317984410000000217e+00 -2.686273007457273820e-05
2.268317460000000008e+00 -2.293642997641676118e-05
2.218650499999999859e+00 -1.858413607358500030e-05
2.168983550000000093e+00 -1.376655857088238122e-05
2.119316589999999945e+00 -8.467424821523295009e-06
2.069649640000000179e+00 -2.665754142761045387e-06
2.019982680000000030e+00 3.683006429833213247e-06
1.970315730000000043e+00 1.058054494307292259e-05
1.920648769999999894e+00 1.806296745976432305e-05
1.870981809999999967e+00 2.610174532091669164e-05
1.821314859999999980e+00 3.474815212856086077e-05
1.771647900000000053e+00 4.397868721017772486e-05
1.721980950000000066e+00 5.375804807616901826e-05
1.672313989999999917e+00 6.409484714975377528e-05
1.622647039999999929e+00 7.492901008188113110e-05
1.572980080000000003e+00 8.616315071119373670e-05
1.523313130000000015e+00 9.786695359026431618e-05
1.473646170000000089e+00 1.097521836286308172e-04
1.423979220000000101e+00 1.218136422533877550e-04
1.374312259999999952e+00 1.338455995496534712e-04
1.324645309999999965e+00 1.457268847426806957e-04
1.274978350000000038e+00 1.572626780106389788e-04
1.225311400000000051e+00 1.681227785792493989e-04
1.175644439999999902e+00 1.781034087138255728e-04
1.125977479999999975e+00 1.867828527362114244e-04
1.076310529999999988e+00 1.941749336744624799e-04
1.026643570000000061e+00 1.995264940031216128e-04
9.769766189999999906e-01 2.024939127873714995e-04
9.273096640000000335e-01 2.027451289690063163e-04
8.776427079999999936e-01 1.999948491766545544e-04
8.279757530000000365e-01 1.933112249701274266e-04
7.786002389999999718e-01 1.829429878035249146e-04
7.317317880000000496e-01 1.690698970242543453e-04
6.876846269999999928e-01 1.524176368261631609e-04
6.462889219999999879e-01 1.327920988647424139e-04
6.073850619999999756e-01 1.121925308456006576e-04
5.708230460000000006e-01 8.953160518987424155e-05
5.364619149999999559e-01 6.692502715810455527e-05
5.041691750000000249e-01 4.379750350103073231e-05
4.738203240000000149e-01 2.125021673293758795e-05
4.452983460000000115e-01 -3.832101747036631423e-07
4.184932690000000011e-01 -2.099788664344792721e-05
3.933017460000000076e-01 -3.947985008379006899e-05
3.696266380000000074e-01 -5.621147012035976331e-05
3.473766770000000226e-01 -7.047609978183544399e-05
3.264660690000000254e-01 -8.322901307233898649e-05
3.068141939999999845e-01 -9.230305450924625177e-05
2.883452770000000109e-01 -1.000060994578166884e-04
2.709881089999999770e-01 -1.047457474856461346e-04
2.546757709999999952e-01 -1.061952454990411354e-04
2.393453670000000033e-01 -1.056356626085719341e-04
2.249377889999999991e-01 -1.025041599345133392e-04
2.113974849999999961e-01 -9.789947975979984562e-05
1.986678209999999944e-01 -9.177917093428078488e-05
1.862510820000000122e-01 -8.228100388230075168e-05
1.738343440000000018e-01 -7.137681650815075329e-05
1.614176049999999918e-01 -5.707470562765770694e-05
1.490008660000000096e-01 -3.936785748637205984e-05
1.365841269999999996e-01 -2.354990279829216604e-05
1.241673880000000035e-01 2.862230845668278789e-07
1.117506489999999936e-01 1.972708171837922464e-05
9.933391060000000550e-02 5.239238828869119402e-05
8.691717179999999821e-02 7.245139300704472873e-05
7.450043300000000479e-02 1.133274885123380926e-04
6.208369419999999750e-02 1.264660643711668087e-04
4.966695530000000275e-02 1.516496036524372926e-04
3.725021650000000240e-02 1.593170224938322832e-04
2.483347769999999857e-02 1.445917275211261455e-04
1.241673880000000035e-02 1.817491015443373215e-05
0.000000000000000000e+00 0.000000000000000000e+00
