# curve 5 (die wall), step =      600, time =   1.20000000E+02
# N1 = tau_xx - tau_yy = G ( c_xx - c_yy ),  G =  1.3286E-01  (polymer part only)
#              x               y        pressure            c_xy        gammadot            c_xx            c_yy              N1
 -3.00000000E+00  1.00000000E+00  3.20890740E+00 -2.80206721E+00  4.00199152E-01  1.67155577E+01  9.99492885E-01  2.08799147E+00
 -2.95108291E+00  1.00000000E+00  3.17065482E+00 -2.80399337E+00  4.00522103E-01  1.67322633E+01  9.99618462E-01  2.09019424E+00
 -2.90216582E+00  1.00000000E+00  3.13240223E+00 -2.80592104E+00  4.00751528E-01  1.67489857E+01  9.99744165E-01  2.09239923E+00
 -2.85324873E+00  1.00000000E+00  3.09212136E+00 -2.80196560E+00  4.00530946E-01  1.67368848E+01  9.98847338E-01  2.09091069E+00
 -2.80433164E+00  1.00000000E+00  3.05184049E+00 -2.79801373E+00  4.00547237E-01  1.67247941E+01  9.97951842E-01  2.08942332E+00
 -2.75541455E+00  1.00000000E+00  3.01293198E+00 -2.80081677E+00  4.01032628E-01  1.67280768E+01  9.98688586E-01  2.08976158E+00
 -2.70649746E+00  1.00000000E+00  2.97402347E+00 -2.80362062E+00  4.01040737E-01  1.67313619E+01  9.99426115E-01  2.09010003E+00
 -2.65758037E+00  1.00000000E+00  2.93527786E+00 -2.80632938E+00  4.01117707E-01  1.67393530E+01  1.00014364E+00  2.09106639E+00
 -2.60866328E+00  1.00000000E+00  2.89653225E+00 -2.80903990E+00  4.00869429E-01  1.67473487E+01  1.00086184E+00  2.09203325E+00
 -2.55974619E+00  1.00000000E+00  2.85762296E+00 -2.80859427E+00  4.00700217E-01  1.67526393E+01  1.00063842E+00  2.09276583E+00
 -2.51082911E+00  1.00000000E+00  2.81871367E+00 -2.80814828E+00  4.00954400E-01  1.67579321E+01  1.00041503E+00  2.09349870E+00
 -2.46191202E+00  1.00000000E+00  2.77885542E+00 -2.80744929E+00  4.00749007E-01  1.67535967E+01  1.00027689E+00  2.09294106E+00
 -2.41299493E+00  1.00000000E+00  2.73899718E+00 -2.80675047E+00  4.00551235E-01  1.67492624E+01  1.00013877E+00  2.09238356E+00
 -2.36407784E+00  1.00000000E+00  2.70029683E+00 -2.80670484E+00  4.00429485E-01  1.67478690E+01  1.00026904E+00  2.09218114E+00
 -2.31516075E+00  1.00000000E+00  2.66159648E+00 -2.80665922E+00  4.00369417E-01  1.67464758E+01  1.00039934E+00  2.09197873E+00
 -2.26624366E+00  1.00000000E+00  2.62204026E+00 -2.80588250E+00  4.00404004E-01  1.67519818E+01  9.99931599E-01  2.09277239E+00
 -2.21732657E+00  1.00000000E+00  2.58248404E+00 -2.80510547E+00  4.00600210E-01  1.67574904E+01  9.99464008E-01  2.09356637E+00
 -2.16840948E+00  1.00000000E+00  2.54307014E+00 -2.80753479E+00  4.00607282E-01  1.67562404E+01  1.00024704E+00  2.09329626E+00
 -2.11949239E+00  1.00000000E+00  2.50365624E+00 -2.80996405E+00  4.00451368E-01  1.67549926E+01  1.00103076E+00  2.09302635E+00
 -2.07057530E+00  1.00000000E+00  2.46481081E+00 -2.80890136E+00  4.00481211E-01  1.67597856E+01  1.00072031E+00  2.09370439E+00
 -2.02165821E+00  1.00000000E+00  2.42596539E+00 -2.80783797E+00  4.00418272E-01  1.67645810E+01  1.00041000E+00  2.09438272E+00
 -1.97274112E+00  1.00000000E+00  2.38554045E+00 -2.80647103E+00  4.00167423E-01  1.67498415E+01  1.00030809E+00  2.09243801E+00
 -1.92382403E+00  1.00000000E+00  2.34511552E+00 -2.80510478E+00  3.99924106E-01  1.67351152E+01  1.00020620E+00  2.09049505E+00
 -1.87490694E+00  1.00000000E+00  2.30627288E+00 -2.80671941E+00  3.99540197E-01  1.67124555E+01  1.00154975E+00  2.08730604E+00
 -1.82598985E+00  1.00000000E+00  2.26743024E+00 -2.80833041E+00  3.98995818E-01  1.66898343E+01  1.00289430E+00  2.08412203E+00
 -1.77707276E+00  1.00000000E+00  2.22815792E+00 -2.80779527E+00  3.98498578E-01  1.66774707E+01  1.00326040E+00  2.08243080E+00
 -1.72815567E+00  1.00000000E+00  2.18888560E+00 -2.80726030E+00  3.98075107E-01  1.66651168E+01  1.00362661E+00  2.08074084E+00
 -1.67923858E+00  1.00000000E+00  2.14979431E+00 -2.79998630E+00  3.96865876E-01  1.66228744E+01  1.00255108E+00  2.07527153E+00
 -1.63032150E+00  1.00000000E+00  2.11070302E+00 -2.79273055E+00  3.96391155E-01  1.65807392E+01  1.00147871E+00  2.06981603E+00
 -1.58140441E+00  1.00000000E+00  2.07035346E+00 -2.78872918E+00  3.95764463E-01  1.65242758E+01  1.00204794E+00  2.06223884E+00
 -1.53248732E+00  1.00000000E+00  2.03000389E+00 -2.78473445E+00  3.95036376E-01  1.64680115E+01  1.00261738E+00  2.05468808E+00
 -1.48357023E+00  1.00000000E+00  1.98971982E+00 -2.77522816E+00  3.93973459E-01  1.64048607E+01  1.00096505E+00  2.04651756E+00
 -1.43465314E+00  1.00000000E+00  1.94943574E+00 -2.76575535E+00  3.93942616E-01  1.63419520E+01  9.99317398E-01  2.03837860E+00
 -1.38573605E+00  1.00000000E+00  1.91037130E+00 -2.75853730E+00  3.92173227E-01  1.62270617E+01  1.00073020E+00  2.02292690E+00
 -1.33681896E+00  1.00000000E+00  1.87130687E+00 -2.75133812E+00  3.90607286E-01  1.61130141E+01  1.00214297E+00  2.00758716E+00
 -1.28790187E+00  1.00000000E+00  1.83251693E+00 -2.74322409E+00  3.88996406E-01  1.59999366E+01  1.00304162E+00  1.99244461E+00
 -1.23898478E+00  1.00000000E+00  1.79372700E+00 -2.73513546E+00  3.87272399E-01  1.58876818E+01  1.00393979E+00  1.97741144E+00
 -1.19006769E+00  1.00000000E+00  1.75593099E+00 -2.71599055E+00  3.84477622E-01  1.57590727E+01  1.00172266E+00  1.96061936E+00
 -1.14115060E+00  1.00000000E+00  1.71813499E+00 -2.69698672E+00  3.82173736E-01  1.56315044E+01  9.99524978E-01  1.94396298E+00
 -1.09223351E+00  1.00000000E+00  1.67612275E+00 -2.68460400E+00  3.81321110E-01  1.54756363E+01  1.00004619E+00  1.92318554E+00
 -1.04331642E+00  1.00000000E+00  1.63411051E+00 -2.67228139E+00  3.79925351E-01  1.53213721E+01  1.00056565E+00  1.90262143E+00
 -9.94399333E-01  1.00000000E+00  1.59975003E+00 -2.66416043E+00  3.76648060E-01  1.51252671E+01  1.00437448E+00  1.87606145E+00
 -9.45482243E-01  1.00000000E+00  1.56538955E+00 -2.65602319E+00  3.73515850E-01  1.49318488E+01  1.00817923E+00  1.84985896E+00
 -8.96565154E-01  1.00000000E+00  1.52796788E+00 -2.62830758E+00  3.69493481E-01  1.47394938E+01  1.00537954E+00  1.82467518E+00
 -8.47648064E-01  1.00000000E+00  1.49054622E+00 -2.60090576E+00  3.67207059E-01  1.45496193E+01  1.00262032E+00  1.79981558E+00
 -7.99501858E-01  1.00000000E+00  1.45753857E+00 -2.58277363E+00  3.63059555E-01  1.43171731E+01  1.00405895E+00  1.76874231E+00
 -7.51355652E-01  1.00000000E+00  1.42453092E+00 -2.56477674E+00  3.60256950E-01  1.40885757E+01  1.00549361E+00  1.73818091E+00
 -7.08111109E-01  1.00000000E+00  1.39382661E+00 -2.53470501E+00  3.57937834E-01  1.38529907E+01  1.00230422E+00  1.70730549E+00
 -6.64866566E-01  1.00000000E+00  1.36312229E+00 -2.50502727E+00  3.56249051E-01  1.36213749E+01  9.99148848E-01  1.67695289E+00
 -6.26599939E-01  1.00000000E+00  1.33755742E+00 -2.48925075E+00  3.55127142E-01  1.34616880E+01  9.98888744E-01  1.65577190E+00
 -5.88333313E-01  1.00000000E+00  1.31199256E+00 -2.47358828E+00  3.53346112E-01  1.33039171E+01  9.98631155E-01  1.63484514E+00
 -5.54471587E-01  1.00000000E+00  1.29239089E+00 -2.46354208E+00  3.52114389E-01  1.31905486E+01  9.98972495E-01  1.61973797E+00
 -5.20609860E-01  1.00000000E+00  1.27278922E+00 -2.45354180E+00  3.50665026E-01  1.30781770E+01  9.99313527E-01  1.60476328E+00
 -4.90645977E-01  1.00000000E+00  1.25742817E+00 -2.44967385E+00  3.48877698E-01  1.29694179E+01  1.00191085E+00  1.58996880E+00
 -4.60682095E-01  1.00000000E+00  1.24206712E+00 -2.44578986E+00  3.47094262E-01  1.28616426E+01  1.00450613E+00  1.57530527E+00
 -4.34167380E-01  1.00000000E+00  1.22964361E+00 -2.43502743E+00  3.45859096E-01  1.27795186E+01  1.00378681E+00  1.56449008E+00
 -4.07652666E-01  1.00000000E+00  1.21722009E+00 -2.42431975E+00  3.43959611E-01  1.26979231E+01  1.00307299E+00  1.55374437E+00
 -3.84190072E-01  1.00000000E+00  1.20511763E+00 -2.40803830E+00  3.41340984E-01  1.25626257E+01  1.00234699E+00  1.53586560E+00
 -3.60727478E-01  1.00000000E+00  1.19301517E+00 -2.39188602E+00  3.39646821E-01  1.24287888E+01  1.00163120E+00  1.51817951E+00
 -3.39965684E-01  1.00000000E+00  1.18537551E+00 -2.38734704E+00  3.38083705E-01  1.22992816E+01  1.00557927E+00  1.50044902E+00
 -3.19203889E-01  1.00000000E+00  1.17773584E+00 -2.38279358E+00  3.34898948E-01  1.21712448E+01  1.00953031E+00  1.48291350E+00
 -3.00831998E-01  1.00000000E+00  1.17212274E+00 -2.36364751E+00  3.28782127E-01  1.19278955E+01  1.01350879E+00  1.45005423E+00
 -2.82460107E-01  1.00000000E+00  1.16650963E+00 -2.34470071E+00  3.23223501E-01  1.16896245E+01  1.01750265E+00  1.41786762E+00
 -2.66203017E-01  1.00000000E+00  1.16117153E+00 -2.32184147E+00  3.18259748E-01  1.13941612E+01  1.02305075E+00  1.37787611E+00
 -2.49945927E-01  1.00000000E+00  1.15583342E+00 -2.29927511E+00  3.10221326E-01  1.11065224E+01  1.02862537E+00  1.33892060E+00
 -2.35560203E-01  1.00000000E+00  1.15211575E+00 -2.20615181E+00  2.96388294E-01  1.04537675E+01  1.02224441E+00  1.25304521E+00
 -2.21174479E-01  1.00000000E+00  1.14839808E+00 -2.11741533E+00  2.86702769E-01  9.83969237E+00  1.01635277E+00  1.17224369E+00
 -2.08421419E-01  1.00000000E+00  1.13996479E+00 -2.06313313E+00  2.77246444E-01  9.17712611E+00  1.03021889E+00  1.08237482E+00
 -1.95668358E-01  1.00000000E+00  1.13153150E+00 -2.01068556E+00  2.63039889E-01  8.56148022E+00  1.04421618E+00  9.98722223E-01
 -1.83439085E-01  1.00000000E+00  1.13674472E+00 -1.93363030E+00  2.43988627E-01  7.65685355E+00  1.07532771E+00  8.74402718E-01
 -1.71209813E-01  1.00000000E+00  1.14195794E+00 -1.86137538E+00  2.14659135E-01  6.85341126E+00  1.10748031E+00  7.63387969E-01
 -1.58980541E-01  1.00000000E+00  1.16002434E+00 -1.41483862E+00  1.64068189E-01  4.55001660E+00  1.09116134E+00  4.59533627E-01
 -1.46751268E-01  1.00000000E+00  1.17809073E+00 -1.09384829E+00  1.30086761E-01  3.02554526E+00  1.09888623E+00  2.55970414E-01
 -1.34521996E-01  1.00000000E+00  1.34148683E+00 -6.81133952E-01  6.53470251E-02  1.77311004E+00  1.09641173E+00  8.99042041E-02
 -1.22292724E-01  1.00000000E+00  1.50488293E+00 -4.12895683E-01  1.31226474E-02  1.03768303E+00  1.15628477E+00 -1.57570883E-02
 -1.10063451E-01  1.00000000E+00  1.67015453E+00 -2.18888221E-02  7.18994403E-03  7.37430102E-01  1.21163469E+00 -6.30014661E-02
 -9.78341789E-02  1.00000000E+00  1.83542614E+00  3.24964931E-01  3.86853872E-02  6.15271279E-01  1.43079048E+00 -1.08347551E-01
 -8.56049065E-02  1.00000000E+00  2.21010535E+00  9.38401692E-01  1.12937347E-01  1.27891390E+00  1.53688854E+00 -3.42737731E-02
 -7.33756342E-02  1.00000000E+00  2.58478457E+00  2.02655505E+00  1.87244899E-01  2.74563355E+00  2.04919237E+00  9.25271849E-02
 -6.11463618E-02  1.00000000E+00  2.85096695E+00  1.41061214E+00  2.29647266E-01  2.64040051E+00  1.39444760E+00  1.65533744E-01
 -4.89170895E-02  1.00000000E+00  3.11714933E+00  8.83757670E-01  2.80364756E-01  2.78608300E+00  9.56680396E-01  2.43049204E-01
 -3.66878171E-02  1.00000000E+00  4.12144635E+00  1.64238472E+00  3.93663553E-01  4.58676356E+00  1.17185508E+00  4.53694984E-01
 -2.44585447E-02  1.00000000E+00  5.12574336E+00  2.88347453E+00  6.48657992E-01  7.60392902E+00  1.59380307E+00  7.98488162E-01
 -1.22292724E-02  1.00000000E+00  2.51006006E+00  4.59849923E+00  7.35746823E-01  4.07055017E+00  6.76111102E+00 -3.57460227E-01
  0.00000000E+00  1.00000000E+00 -1.05623248E-01  1.28769331E+01  4.34548434E+00  5.12375704E+00  3.44469514E+01 -3.89579582E+00
