# curve 5 (die wall), step =     1000, time =   2.00000000E+02
# N1 = tau_xx - tau_yy = G ( c_xx - c_yy ),  G =  1.3286E-01  (polymer part only)
#              x               y        pressure            c_xy        gammadot            c_xx            c_yy              N1
 -3.00000000E+00  1.00000000E+00  3.20890831E+00 -2.80206721E+00  4.00199144E-01  1.67155680E+01  9.99492862E-01  2.08799284E+00
 -2.95108291E+00  1.00000000E+00  3.17065573E+00 -2.80399340E+00  4.00522101E-01  1.67322738E+01  9.99618443E-01  2.09019564E+00
 -2.90216582E+00  1.00000000E+00  3.13240316E+00 -2.80592109E+00  4.00751528E-01  1.67489964E+01  9.99744150E-01  2.09240066E+00
 -2.85324873E+00  1.00000000E+00  3.09212226E+00 -2.80196557E+00  4.00530948E-01  1.67368956E+01  9.98847298E-01  2.09091213E+00
 -2.80433164E+00  1.00000000E+00  3.05184136E+00 -2.79801363E+00  4.00547245E-01  1.67248048E+01  9.97951778E-01  2.08942476E+00
 -2.75541455E+00  1.00000000E+00  3.01293282E+00 -2.80081681E+00  4.01032644E-01  1.67280878E+01  9.98688557E-01  2.08976304E+00
 -2.70649746E+00  1.00000000E+00  2.97402428E+00 -2.80362080E+00  4.01040754E-01  1.67313730E+01  9.99426121E-01  2.09010152E+00
 -2.65758037E+00  1.00000000E+00  2.93527868E+00 -2.80632971E+00  4.01117721E-01  1.67393645E+01  1.00014368E+00  2.09106790E+00
 -2.60866328E+00  1.00000000E+00  2.89653309E+00 -2.80904037E+00  4.00869435E-01  1.67473604E+01  1.00086191E+00  2.09203480E+00
 -2.55974619E+00  1.00000000E+00  2.85762381E+00 -2.80859473E+00  4.00700208E-01  1.67526510E+01  1.00063850E+00  2.09276737E+00
 -2.51082911E+00  1.00000000E+00  2.81871453E+00 -2.80814873E+00  4.00954386E-01  1.67579438E+01  1.00041511E+00  2.09350024E+00
 -2.46191202E+00  1.00000000E+00  2.77885631E+00 -2.80744970E+00  4.00748989E-01  1.67536081E+01  1.00027695E+00  2.09294257E+00
 -2.41299493E+00  1.00000000E+00  2.73899808E+00 -2.80675083E+00  4.00551212E-01  1.67492736E+01  1.00013883E+00  2.09238504E+00
 -2.36407784E+00  1.00000000E+00  2.70029777E+00 -2.80670492E+00  4.00429452E-01  1.67478795E+01  1.00026903E+00  2.09218253E+00
 -2.31516075E+00  1.00000000E+00  2.66159745E+00 -2.80665901E+00  4.00369393E-01  1.67464856E+01  1.00039926E+00  2.09198004E+00
 -2.26624366E+00  1.00000000E+00  2.62204118E+00 -2.80588193E+00  4.00404004E-01  1.67519909E+01  9.99931416E-01  2.09277362E+00
 -2.21732657E+00  1.00000000E+00  2.58248491E+00 -2.80510454E+00  4.00600236E-01  1.67574989E+01  9.99463722E-01  2.09356753E+00
 -2.16840948E+00  1.00000000E+00  2.54307095E+00 -2.80753405E+00  4.00607327E-01  1.67562485E+01  1.00024681E+00  2.09329737E+00
 -2.11949239E+00  1.00000000E+00  2.50365699E+00 -2.80996348E+00  4.00451431E-01  1.67550004E+01  1.00103059E+00  2.09302741E+00
 -2.07057530E+00  1.00000000E+00  2.46481157E+00 -2.80890158E+00  4.00481278E-01  1.67597941E+01  1.00072038E+00  2.09370551E+00
 -2.02165821E+00  1.00000000E+00  2.42596614E+00 -2.80783898E+00  4.00418304E-01  1.67645903E+01  1.00041032E+00  2.09438391E+00
 -1.97274112E+00  1.00000000E+00  2.38554132E+00 -2.80647238E+00  4.00167415E-01  1.67498519E+01  1.00030850E+00  2.09243934E+00
 -1.92382403E+00  1.00000000E+00  2.34511650E+00 -2.80510647E+00  3.99924045E-01  1.67351267E+01  1.00020669E+00  2.09049652E+00
 -1.87490694E+00  1.00000000E+00  2.30627389E+00 -2.80672064E+00  3.99540094E-01  1.67124670E+01  1.00155012E+00  2.08730753E+00
 -1.82598985E+00  1.00000000E+00  2.26743127E+00 -2.80833119E+00  3.98995694E-01  1.66898459E+01  1.00289454E+00  2.08412354E+00
 -1.77707276E+00  1.00000000E+00  2.22815887E+00 -2.80779579E+00  3.98498442E-01  1.66774814E+01  1.00326058E+00  2.08243219E+00
 -1.72815567E+00  1.00000000E+00  2.18888647E+00 -2.80726055E+00  3.98074992E-01  1.66651265E+01  1.00362674E+00  2.08074211E+00
 -1.67923858E+00  1.00000000E+00  2.14979527E+00 -2.79998658E+00  3.96865741E-01  1.66228837E+01  1.00255122E+00  2.07527275E+00
 -1.63032150E+00  1.00000000E+00  2.11070408E+00 -2.79273086E+00  3.96391011E-01  1.65807481E+01  1.00147887E+00  2.06981719E+00
 -1.58140441E+00  1.00000000E+00  2.07035457E+00 -2.78872850E+00  3.95764359E-01  1.65242833E+01  1.00204780E+00  2.06223985E+00
 -1.53248732E+00  1.00000000E+00  2.03000506E+00 -2.78473279E+00  3.95036323E-01  1.64680175E+01  1.00261695E+00  2.05468893E+00
 -1.48357023E+00  1.00000000E+00  1.98972071E+00 -2.77522544E+00  3.93973467E-01  1.64048638E+01  1.00096431E+00  2.04651807E+00
 -1.43465314E+00  1.00000000E+00  1.94943635E+00 -2.76575159E+00  3.93942727E-01  1.63419522E+01  9.99316338E-01  2.03837877E+00
 -1.38573605E+00  1.00000000E+00  1.91037186E+00 -2.75853499E+00  3.92173458E-01  1.62270622E+01  1.00072955E+00  2.02292705E+00
 -1.33681896E+00  1.00000000E+00  1.87130736E+00 -2.75133724E+00  3.90607534E-01  1.61130149E+01  1.00214274E+00  2.00758730E+00
 -1.28790187E+00  1.00000000E+00  1.83251756E+00 -2.74322420E+00  3.88996617E-01  1.59999403E+01  1.00304163E+00  1.99244511E+00
 -1.23898478E+00  1.00000000E+00  1.79372777E+00 -2.73513656E+00  3.87272544E-01  1.58876884E+01  1.00394003E+00  1.97741229E+00
 -1.19006769E+00  1.00000000E+00  1.75593176E+00 -2.71599166E+00  3.84477726E-01  1.57590805E+01  1.00172290E+00  1.96062037E+00
 -1.14115060E+00  1.00000000E+00  1.71813576E+00 -2.69698783E+00  3.82173822E-01  1.56315135E+01  9.99525219E-01  1.94396415E+00
 -1.09223351E+00  1.00000000E+00  1.67612366E+00 -2.68460502E+00  3.81321151E-01  1.54756468E+01  1.00004638E+00  1.92318691E+00
 -1.04331642E+00  1.00000000E+00  1.63411156E+00 -2.67228233E+00  3.79925362E-01  1.53213840E+01  1.00056578E+00  1.90262299E+00
 -9.94399333E-01  1.00000000E+00  1.59975086E+00 -2.66416107E+00  3.76648077E-01  1.51252796E+01  1.00437451E+00  1.87606310E+00
 -9.45482243E-01  1.00000000E+00  1.56539017E+00 -2.65602354E+00  3.73515877E-01  1.49318618E+01  1.00817916E+00  1.84986070E+00
 -8.96565154E-01  1.00000000E+00  1.52796853E+00 -2.62830947E+00  3.69493509E-01  1.47395086E+01  1.00537997E+00  1.82467709E+00
 -8.47648064E-01  1.00000000E+00  1.49054690E+00 -2.60090916E+00  3.67207011E-01  1.45496359E+01  1.00262124E+00  1.79981766E+00
 -7.99501858E-01  1.00000000E+00  1.45753963E+00 -2.58277709E+00  3.63059424E-01  1.43171929E+01  1.00405986E+00  1.76874482E+00
 -7.51355652E-01  1.00000000E+00  1.42453237E+00 -2.56478027E+00  3.60256778E-01  1.40885986E+01  1.00549451E+00  1.73818382E+00
 -7.08111109E-01  1.00000000E+00  1.39382837E+00 -2.53470215E+00  3.57937611E-01  1.38530022E+01  1.00230321E+00  1.70730715E+00
 -6.64866566E-01  1.00000000E+00  1.36312436E+00 -2.50501817E+00  3.56249079E-01  1.36213754E+01  9.99145960E-01  1.67695335E+00
 -6.26599939E-01  1.00000000E+00  1.33755818E+00 -2.48923483E+00  3.55127627E-01  1.34616682E+01  9.98883827E-01  1.65576993E+00
 -5.88333313E-01  1.00000000E+00  1.31199200E+00 -2.47356563E+00  3.53347176E-01  1.33038776E+01  9.98624221E-01  1.63484080E+00
 -5.54471587E-01  1.00000000E+00  1.29238899E+00 -2.46352762E+00  3.52115706E-01  1.31905121E+01  9.98968109E-01  1.61973371E+00
 -5.20609860E-01  1.00000000E+00  1.27278597E+00 -2.45353544E+00  3.50666427E-01  1.30781435E+01  9.99311677E-01  1.60475909E+00
 -4.90645977E-01  1.00000000E+00  1.25742698E+00 -2.44969359E+00  3.48879416E-01  1.29694433E+01  1.00191678E+00  1.58997139E+00
 -4.60682095E-01  1.00000000E+00  1.24206799E+00 -2.44583549E+00  3.47094817E-01  1.28617260E+01  1.00451985E+00  1.57531453E+00
 -4.34167380E-01  1.00000000E+00  1.22964811E+00 -2.43506724E+00  3.45858118E-01  1.27796267E+01  1.00379815E+00  1.56450293E+00
 -4.07652666E-01  1.00000000E+00  1.21722824E+00 -2.42435378E+00  3.43957628E-01  1.26980555E+01  1.00308197E+00  1.55376077E+00
 -3.84190072E-01  1.00000000E+00  1.20512350E+00 -2.40804248E+00  3.41338157E-01  1.25627070E+01  1.00234715E+00  1.53587638E+00
 -3.60727478E-01  1.00000000E+00  1.19301877E+00 -2.39186079E+00  3.39644918E-01  1.24288199E+01  1.00162260E+00  1.51818478E+00
 -3.39965684E-01  1.00000000E+00  1.18537572E+00 -2.38732225E+00  3.38083604E-01  1.22992814E+01  1.00557092E+00  1.50045011E+00
 -3.19203889E-01  1.00000000E+00  1.17773266E+00 -2.38276919E+00  3.34900344E-01  1.21712141E+01  1.00952218E+00  1.48291050E+00
 -3.00831998E-01  1.00000000E+00  1.17212074E+00 -2.36363222E+00  3.28784282E-01  1.19278652E+01  1.01350312E+00  1.45005096E+00
 -2.82460107E-01  1.00000000E+00  1.16650881E+00 -2.34469428E+00  3.23225822E-01  1.16895947E+01  1.01749942E+00  1.41786409E+00
 -2.66203017E-01  1.00000000E+00  1.16117071E+00 -2.32183016E+00  3.18262161E-01  1.13941573E+01  1.02304321E+00  1.37787658E+00
 -2.49945927E-01  1.00000000E+00  1.15583261E+00 -2.29925905E+00  3.10225189E-01  1.11065428E+01  1.02861349E+00  1.33892489E+00
 -2.35560203E-01  1.00000000E+00  1.15211360E+00 -2.20614622E+00  2.96396101E-01  1.04539189E+01  1.02222923E+00  1.25306734E+00
 -2.21174479E-01  1.00000000E+00  1.14839458E+00 -2.11741908E+00  2.86713310E-01  9.83995890E+00  1.01633423E+00  1.17228156E+00
 -2.08421419E-01  1.00000000E+00  1.13995412E+00 -2.06314374E+00  2.77258810E-01  9.17749611E+00  1.03019697E+00  1.08242689E+00
 -1.95668358E-01  1.00000000E+00  1.13151366E+00 -2.01070262E+00  2.63053211E-01  8.56193750E+00  1.04419088E+00  9.98786337E-01
 -1.83439085E-01  1.00000000E+00  1.13671224E+00 -1.93369847E+00  2.44003081E-01  7.65734172E+00  1.07532455E+00  8.74467995E-01
 -1.71209813E-01  1.00000000E+00  1.14191083E+00 -1.86148927E+00  2.14670277E-01  6.85392220E+00  1.10749948E+00  7.63453305E-01
 -1.58980541E-01  1.00000000E+00  1.15998945E+00 -1.41492575E+00  1.64068427E-01  4.55014023E+00  1.09121468E+00  4.59542967E-01
 -1.46751268E-01  1.00000000E+00  1.17806806E+00 -1.09392466E+00  1.30080396E-01  3.02549022E+00  1.09897707E+00  2.55951031E-01
 -1.34521996E-01  1.00000000E+00  1.34149354E+00 -6.80953700E-01  6.53240524E-02  1.77261112E+00  1.09643438E+00  8.98349096E-02
 -1.22292724E-01  1.00000000E+00  1.50491902E+00 -4.12605617E-01  1.31211028E-02  1.03712008E+00  1.15630902E+00 -1.58351019E-02
 -1.10063451E-01  1.00000000E+00  1.67023512E+00 -2.16230349E-02  7.19331994E-03  7.37278225E-01  1.21175247E+00 -6.30372920E-02
 -9.78341789E-02  1.00000000E+00  1.83555121E+00  3.25341338E-01  3.87113316E-02  6.15423423E-01  1.43106568E+00 -1.08363899E-01
 -8.56049065E-02  1.00000000E+00  2.21015859E+00  9.38491804E-01  1.12955144E-01  1.27893360E+00  1.53694408E+00 -3.42785360E-02
 -7.33756342E-02  1.00000000E+00  2.58476597E+00  2.02578916E+00  1.87238577E-01  2.74475074E+00  2.04854986E+00  9.24952603E-02
 -6.11463618E-02  1.00000000E+00  2.85094467E+00  1.41032159E+00  2.29638060E-01  2.63994540E+00  1.39425437E+00  1.65498951E-01
 -4.89170895E-02  1.00000000E+00  3.11712336E+00  8.83777767E-01  2.80353338E-01  2.78589542E+00  9.56706371E-01  2.43020831E-01
 -3.66878171E-02  1.00000000E+00  4.12141890E+00  1.64240764E+00  3.93670049E-01  4.58657205E+00  1.17189234E+00  4.53664591E-01
 -2.44585447E-02  1.00000000E+00  5.12571443E+00  2.88352213E+00  6.48676523E-01  7.60379051E+00  1.59385794E+00  7.98462470E-01
 -1.22292724E-02  1.00000000E+00  2.51003423E+00  4.59848919E+00  7.35732799E-01  4.07051292E+00  6.76110726E+00 -3.57464676E-01
  0.00000000E+00  1.00000000E+00 -1.05645964E-01  1.28765527E+01  4.34525496E+00  5.12360720E+00  3.44459751E+01 -3.89568602E+00
