# curve 5 (die wall), step =      100, time =   4.00000000E+01
# N1 = tau_xx - tau_yy = G ( c_xx - c_yy ),  G =  2.3333E-01  (polymer part only)
#              x               y        pressure            c_xy        gammadot            c_xx            c_yy              N1
 -3.00000000E+00  1.00000000E+00  2.22684730E+00 -8.55952039E-01  4.31578210E-01  2.57452010E+00  8.49014799E-01  4.02617903E-01
 -2.97524677E+00  1.00000000E+00  2.21054232E+00 -8.55881369E-01  4.31595153E-01  2.57441817E+00  8.48995101E-01  4.02598716E-01
 -2.95049355E+00  1.00000000E+00  2.19423734E+00 -8.55810703E-01  4.31608939E-01  2.57431625E+00  8.48975405E-01  4.02579529E-01
 -2.92574032E+00  1.00000000E+00  2.17795533E+00 -8.55887413E-01  4.31602890E-01  2.57437672E+00  8.49014387E-01  4.02584544E-01
 -2.90098710E+00  1.00000000E+00  2.16167332E+00 -8.55964126E-01  4.31576713E-01  2.57443719E+00  8.49053373E-01  4.02589558E-01
 -2.87623387E+00  1.00000000E+00  2.14538581E+00 -8.56075528E-01  4.31552585E-01  2.57465398E+00  8.49074640E-01  4.02635180E-01
 -2.85148064E+00  1.00000000E+00  2.12909829E+00 -8.56186939E-01  4.31510624E-01  2.57487080E+00  8.49095914E-01  4.02680806E-01
 -2.82672742E+00  1.00000000E+00  2.11277326E+00 -8.56000595E-01  4.31543556E-01  2.57464839E+00  8.49024567E-01  4.02645559E-01
 -2.80197419E+00  1.00000000E+00  2.09644823E+00 -8.55814268E-01  4.31576273E-01  2.57442602E+00  8.48953237E-01  4.02610315E-01
 -2.77722097E+00  1.00000000E+00  2.08015318E+00 -8.55878691E-01  4.31584838E-01  2.57445344E+00  8.48983035E-01  4.02609761E-01
 -2.75246774E+00  1.00000000E+00  2.06385814E+00 -8.55943114E-01  4.31594936E-01  2.57448087E+00  8.49012835E-01  4.02609207E-01
 -2.72771451E+00  1.00000000E+00  2.04757494E+00 -8.55923176E-01  4.31602898E-01  2.57446327E+00  8.49011524E-01  4.02605406E-01
 -2.70296129E+00  1.00000000E+00  2.03129175E+00 -8.55903239E-01  4.31594814E-01  2.57444566E+00  8.49010214E-01  4.02601605E-01
 -2.67820806E+00  1.00000000E+00  2.01499040E+00 -8.55922090E-01  4.31583431E-01  2.57445683E+00  8.49013590E-01  4.02603421E-01
 -2.65345484E+00  1.00000000E+00  1.99868905E+00 -8.55940942E-01  4.31582643E-01  2.57446799E+00  8.49016967E-01  4.02605238E-01
 -2.62870161E+00  1.00000000E+00  1.98239193E+00 -8.55933942E-01  4.31583227E-01  2.57444845E+00  8.49017507E-01  4.02600552E-01
 -2.60394839E+00  1.00000000E+00  1.96609480E+00 -8.55926942E-01  4.31583399E-01  2.57442890E+00  8.49018047E-01  4.02595867E-01
 -2.57919516E+00  1.00000000E+00  1.94980691E+00 -8.55907269E-01  4.31591049E-01  2.57439310E+00  8.49018745E-01  4.02587350E-01
 -2.55444193E+00  1.00000000E+00  1.93351903E+00 -8.55887596E-01  4.31588016E-01  2.57435730E+00  8.49019443E-01  4.02578833E-01
 -2.52968871E+00  1.00000000E+00  1.91722566E+00 -8.55976757E-01  4.31570280E-01  2.57448900E+00  8.49046645E-01  4.02603215E-01
 -2.50493548E+00  1.00000000E+00  1.90093230E+00 -8.56065922E-01  4.31539141E-01  2.57462070E+00  8.49073851E-01  4.02627599E-01
 -2.48018226E+00  1.00000000E+00  1.88460963E+00 -8.55932039E-01  4.31566191E-01  2.57447241E+00  8.49018320E-01  4.02605954E-01
 -2.45542903E+00  1.00000000E+00  1.86828696E+00 -8.55798164E-01  4.31593263E-01  2.57432413E+00  8.48962799E-01  4.02584310E-01
 -2.43067580E+00  1.00000000E+00  1.85199998E+00 -8.55832037E-01  4.31603429E-01  2.57435911E+00  8.48973731E-01  4.02589921E-01
 -2.40592258E+00  1.00000000E+00  1.83571301E+00 -8.55865909E-01  4.31616500E-01  2.57439409E+00  8.48984663E-01  4.02595532E-01
 -2.38116935E+00  1.00000000E+00  1.81942662E+00 -8.55854960E-01  4.31625316E-01  2.57435584E+00  8.48993013E-01  4.02584659E-01
 -2.35641613E+00  1.00000000E+00  1.80314023E+00 -8.55844011E-01  4.31615071E-01  2.57431759E+00  8.49001363E-01  4.02573786E-01
 -2.33166290E+00  1.00000000E+00  1.78684177E+00 -8.55871464E-01  4.31599764E-01  2.57435855E+00  8.49007125E-01  4.02581998E-01
 -2.30690967E+00  1.00000000E+00  1.77054331E+00 -8.55898917E-01  4.31585581E-01  2.57439951E+00  8.49012887E-01  4.02590211E-01
 -2.28215645E+00  1.00000000E+00  1.75424577E+00 -8.55919943E-01  4.31579553E-01  2.57441608E+00  8.49019525E-01  4.02592531E-01
 -2.25740322E+00  1.00000000E+00  1.73794824E+00 -8.55940970E-01  4.31576949E-01  2.57443267E+00  8.49026164E-01  4.02594850E-01
 -2.23265000E+00  1.00000000E+00  1.72165623E+00 -8.55992316E-01  4.31568671E-01  2.57452321E+00  8.49043714E-01  4.02611881E-01
 -2.20789677E+00  1.00000000E+00  1.70536422E+00 -8.56043665E-01  4.31542705E-01  2.57461375E+00  8.49061265E-01  4.02628913E-01
 -2.18314354E+00  1.00000000E+00  1.68904506E+00 -8.55924295E-01  4.31561385E-01  2.57443984E+00  8.49021167E-01  4.02597689E-01
 -2.15839032E+00  1.00000000E+00  1.67272590E+00 -8.55804934E-01  4.31580419E-01  2.57426594E+00  8.48981074E-01  4.02566468E-01
 -2.13363709E+00  1.00000000E+00  1.65644749E+00 -8.55820503E-01  4.31586141E-01  2.57428319E+00  8.48984647E-01  4.02569659E-01
 -2.10888387E+00  1.00000000E+00  1.64016908E+00 -8.55836072E-01  4.31595272E-01  2.57430044E+00  8.48988220E-01  4.02572851E-01
 -2.08413064E+00  1.00000000E+00  1.62386278E+00 -8.55841378E-01  4.31600400E-01  2.57429018E+00  8.48995317E-01  4.02568802E-01
 -2.05937741E+00  1.00000000E+00  1.60755648E+00 -8.55846684E-01  4.31599093E-01  2.57427993E+00  8.49002414E-01  4.02564753E-01
 -2.03462419E+00  1.00000000E+00  1.59126893E+00 -8.55836606E-01  4.31593684E-01  2.57425618E+00  8.49004532E-01  4.02558718E-01
 -2.00987096E+00  1.00000000E+00  1.57498139E+00 -8.55826529E-01  4.31578783E-01  2.57423243E+00  8.49006650E-01  4.02552682E-01
 -1.98511774E+00  1.00000000E+00  1.55868045E+00 -8.55851295E-01  4.31565840E-01  2.57421900E+00  8.49022336E-01  4.02545889E-01
 -1.96036451E+00  1.00000000E+00  1.54237950E+00 -8.55876062E-01  4.31556604E-01  2.57420557E+00  8.49038022E-01  4.02539095E-01
 -1.93561128E+00  1.00000000E+00  1.52609922E+00 -8.55917513E-01  4.31541369E-01  2.57426313E+00  8.49056920E-01  4.02548115E-01
 -1.91085806E+00  1.00000000E+00  1.50981894E+00 -8.55958966E-01  4.31511403E-01  2.57432068E+00  8.49075819E-01  4.02557134E-01
 -1.88610483E+00  1.00000000E+00  1.49350064E+00 -8.55932409E-01  4.31497203E-01  2.57428395E+00  8.49060483E-01  4.02552142E-01
 -1.86135161E+00  1.00000000E+00  1.47718235E+00 -8.55905852E-01  4.31480942E-01  2.57424722E+00  8.49045147E-01  4.02547150E-01
 -1.83659838E+00  1.00000000E+00  1.46089103E+00 -8.55851297E-01  4.31496826E-01  2.57410220E+00  8.49047880E-01  4.02512676E-01
 -1.81184516E+00  1.00000000E+00  1.44459971E+00 -8.55796746E-01  4.31504421E-01  2.57395720E+00  8.49050615E-01  4.02478203E-01
 -1.78709193E+00  1.00000000E+00  1.42833627E+00 -8.55900992E-01  4.31470057E-01  2.57408774E+00  8.49093238E-01  4.02498717E-01
 -1.76233870E+00  1.00000000E+00  1.41207283E+00 -8.56005244E-01  4.31414120E-01  2.57421829E+00  8.49135867E-01  4.02519233E-01
 -1.73758548E+00  1.00000000E+00  1.39574522E+00 -8.55932326E-01  4.31409605E-01  2.57410516E+00  8.49108640E-01  4.02499189E-01
 -1.71283225E+00  1.00000000E+00  1.37941760E+00 -8.55859411E-01  4.31403631E-01  2.57399204E+00  8.49081415E-01  4.02479146E-01
 -1.68807903E+00  1.00000000E+00  1.36311754E+00 -8.55879031E-01  4.31384575E-01  2.57391903E+00  8.49106107E-01  4.02456349E-01
 -1.66332580E+00  1.00000000E+00  1.34681747E+00 -8.55898652E-01  4.31372589E-01  2.57384603E+00  8.49130800E-01  4.02433553E-01
 -1.63857257E+00  1.00000000E+00  1.33054355E+00 -8.55823448E-01  4.31378721E-01  2.57376394E+00  8.49107506E-01  4.02419834E-01
 -1.61381935E+00  1.00000000E+00  1.31426962E+00 -8.55748247E-01  4.31367779E-01  2.57368186E+00  8.49084216E-01  4.02406116E-01
 -1.58906612E+00  1.00000000E+00  1.29795830E+00 -8.55727737E-01  4.31338736E-01  2.57354210E+00  8.49094895E-01  4.02371015E-01
 -1.56431290E+00  1.00000000E+00  1.28164698E+00 -8.55707228E-01  4.31324682E-01  2.57340236E+00  8.49105574E-01  4.02335916E-01
 -1.53955967E+00  1.00000000E+00  1.26537944E+00 -8.55632535E-01  4.31315961E-01  2.57322763E+00  8.49101615E-01  4.02296071E-01
 -1.51480644E+00  1.00000000E+00  1.24911189E+00 -8.55557845E-01  4.31300607E-01  2.57305293E+00  8.49097660E-01  4.02256229E-01
 -1.49005322E+00  1.00000000E+00  1.23285108E+00 -8.55566046E-01  4.31272861E-01  2.57289692E+00  8.49144207E-01  4.02208967E-01
 -1.46529999E+00  1.00000000E+00  1.21659027E+00 -8.55574246E-01  4.31222756E-01  2.57274093E+00  8.49190757E-01  4.02161707E-01
 -1.44054677E+00  1.00000000E+00  1.20031183E+00 -8.55654036E-01  4.31161539E-01  2.57277267E+00  8.49237141E-01  4.02158290E-01
 -1.41579354E+00  1.00000000E+00  1.18403338E+00 -8.55733828E-01  4.31074310E-01  2.57280441E+00  8.49283527E-01  4.02154873E-01
 -1.39104031E+00  1.00000000E+00  1.16774127E+00 -8.55500560E-01  4.31065865E-01  2.57239036E+00  8.49225213E-01  4.02071868E-01
 -1.36628709E+00  1.00000000E+00  1.15144915E+00 -8.55267329E-01  4.31063007E-01  2.57197639E+00  8.49166923E-01  4.01988876E-01
 -1.34153386E+00  1.00000000E+00  1.13520042E+00 -8.55284504E-01  4.31022957E-01  2.57179185E+00  8.49216290E-01  4.01934298E-01
 -1.31678064E+00  1.00000000E+00  1.11895168E+00 -8.55301679E-01  4.30976691E-01  2.57160733E+00  8.49265660E-01  4.01879722E-01
 -1.29202741E+00  1.00000000E+00  1.10272348E+00 -8.55275132E-01  4.30918188E-01  2.57142022E+00  8.49297083E-01  4.01828731E-01
 -1.26727418E+00  1.00000000E+00  1.08649528E+00 -8.55248586E-01  4.30843919E-01  2.57123312E+00  8.49328508E-01  4.01777743E-01
 -1.24252096E+00  1.00000000E+00  1.07027829E+00 -8.55275400E-01  4.30774695E-01  2.57108471E+00  8.49378474E-01  4.01731455E-01
 -1.21776773E+00  1.00000000E+00  1.05406129E+00 -8.55302213E-01  4.30689674E-01  2.57093631E+00  8.49428442E-01  4.01685170E-01
 -1.19301451E+00  1.00000000E+00  1.03782274E+00 -8.55055644E-01  4.30648722E-01  2.57039518E+00  8.49394987E-01  4.01566711E-01
 -1.16826128E+00  1.00000000E+00  1.02158419E+00 -8.54809120E-01  4.30613092E-01  2.56985416E+00  8.49361560E-01  4.01448274E-01
 -1.14350806E+00  1.00000000E+00  1.00541757E+00 -8.54840148E-01  4.30541794E-01  2.56967682E+00  8.49419912E-01  4.01393279E-01
 -1.11875483E+00  1.00000000E+00  9.89250949E-01 -8.54871176E-01  4.30460263E-01  2.56949950E+00  8.49478269E-01  4.01338286E-01
 -1.09400160E+00  1.00000000E+00  9.73087626E-01 -8.54788470E-01  4.30388881E-01  2.56918743E+00  8.49492122E-01  4.01262238E-01
 -1.06924838E+00  1.00000000E+00  9.56924303E-01 -8.54705772E-01  4.30327227E-01  2.56887540E+00  8.49505979E-01  4.01186198E-01
 -1.04449515E+00  1.00000000E+00  9.40815113E-01 -8.54600138E-01  4.30266487E-01  2.56848786E+00  8.49529809E-01  4.01090211E-01
 -1.01974193E+00  1.00000000E+00  9.24705922E-01 -8.54494517E-01  4.30199583E-01  2.56810037E+00  8.49553646E-01  4.00994236E-01
 -9.94988700E-01  1.00000000E+00  9.08645420E-01 -8.54430895E-01  4.30130322E-01  2.56779306E+00  8.49586899E-01  4.00914770E-01
 -9.70235474E-01  1.00000000E+00  8.92584917E-01 -8.54367278E-01  4.30065510E-01  2.56748578E+00  8.49620157E-01  4.00835311E-01
 -9.45482248E-01  1.00000000E+00  8.76548977E-01 -8.54307865E-01  4.30010728E-01  2.56727389E+00  8.49624449E-01  4.00784869E-01
 -9.20729022E-01  1.00000000E+00  8.60513037E-01 -8.54248455E-01  4.29965610E-01  2.56706202E+00  8.49628743E-01  4.00734431E-01
 -8.95975796E-01  1.00000000E+00  8.44587453E-01 -8.54134191E-01  4.29936084E-01  2.56673426E+00  8.49635283E-01  4.00656428E-01
 -8.71222570E-01  1.00000000E+00  8.28661869E-01 -8.54019938E-01  4.29909390E-01  2.56640654E+00  8.49641830E-01  4.00578433E-01
 -8.46469344E-01  1.00000000E+00  8.12799013E-01 -8.54116084E-01  4.29897366E-01  2.56650377E+00  8.49689416E-01  4.00590017E-01
 -8.21716118E-01  1.00000000E+00  7.96936158E-01 -8.54212235E-01  4.29872944E-01  2.56660101E+00  8.49737006E-01  4.00601602E-01
 -7.97201467E-01  1.00000000E+00  7.81336818E-01 -8.54289455E-01  4.29929387E-01  2.56690163E+00  8.49711974E-01  4.00677587E-01
 -7.72686817E-01  1.00000000E+00  7.65737477E-01 -8.54366683E-01  4.29995742E-01  2.56720229E+00  8.49686947E-01  4.00753580E-01
 -7.49503432E-01  1.00000000E+00  7.51083920E-01 -8.54446488E-01  4.30100790E-01  2.56772894E+00  8.49615247E-01  4.00893195E-01
 -7.26320047E-01  1.00000000E+00  7.36430364E-01 -8.54526308E-01  4.30226624E-01  2.56825570E+00  8.49543559E-01  4.01032832E-01
 -7.04527831E-01  1.00000000E+00  7.22802140E-01 -8.54774018E-01  4.30390289E-01  2.56910828E+00  8.49522105E-01  4.01236774E-01
 -6.82735615E-01  1.00000000E+00  7.09173917E-01 -8.55021796E-01  4.30589610E-01  2.56996114E+00  8.49500682E-01  4.01440774E-01
 -6.62251087E-01  1.00000000E+00  6.96439609E-01 -8.55241851E-01  4.30898583E-01  2.57135891E+00  8.49298357E-01  4.01814128E-01
 -6.41766559E-01  1.00000000E+00  6.83705302E-01 -8.55462014E-01  4.31239035E-01  2.57275745E+00  8.49096129E-01  4.02187641E-01
 -6.22511254E-01  1.00000000E+00  6.71908216E-01 -8.55792312E-01  4.31598508E-01  2.57440383E+00  8.48936094E-01  4.02609140E-01
 -6.03255949E-01  1.00000000E+00  6.60111129E-01 -8.56122788E-01  4.31995980E-01  2.57605128E+00  8.48776165E-01  4.03030860E-01
 -5.85156097E-01  1.00000000E+00  6.49172818E-01 -8.56671208E-01  4.32457694E-01  2.57819062E+00  8.48649174E-01  4.03559670E-01
 -5.67056245E-01  1.00000000E+00  6.38234506E-01 -8.57220006E-01  4.32963620E-01  2.58033172E+00  8.48522378E-01  4.04088846E-01
 -5.50042515E-01  1.00000000E+00  6.28042336E-01 -8.57805409E-01  4.33599921E-01  2.58328298E+00  8.48208680E-01  4.04850670E-01
 -5.33028786E-01  1.00000000E+00  6.17850165E-01 -8.58391378E-01  4.34250641E-01  2.58623763E+00  8.47895356E-01  4.05613198E-01
 -5.17036006E-01  1.00000000E+00  6.08484741E-01 -8.59265720E-01  4.34963753E-01  2.58977316E+00  8.47677541E-01  4.06488977E-01
 -5.01043227E-01  1.00000000E+00  5.99119316E-01 -8.60141057E-01  4.35725857E-01  2.59331349E+00  8.47460228E-01  4.07365761E-01
 -4.86010125E-01  1.00000000E+00  5.90412980E-01 -8.61020245E-01  4.36588800E-01  2.59736068E+00  8.47096332E-01  4.08395015E-01
 -4.70977023E-01  1.00000000E+00  5.81706644E-01 -8.61900583E-01  4.37547063E-01  2.60141418E+00  8.46733119E-01  4.09425582E-01
 -4.56846016E-01  1.00000000E+00  5.73716075E-01 -8.62948842E-01  4.38546000E-01  2.60621348E+00  8.46328794E-01  4.10639760E-01
 -4.42715008E-01  1.00000000E+00  5.65725507E-01 -8.63998720E-01  4.39646852E-01  2.61102162E+00  8.45925383E-01  4.11855789E-01
 -4.29431964E-01  1.00000000E+00  5.58370660E-01 -8.65370667E-01  4.40893254E-01  2.61702034E+00  8.45451715E-01  4.13366013E-01
 -4.16148920E-01  1.00000000E+00  5.51015812E-01 -8.66745247E-01  4.42210408E-01  2.62303279E+00  8.44979524E-01  4.14879096E-01
 -4.03662954E-01  1.00000000E+00  5.44264533E-01 -8.68004461E-01  4.43493125E-01  2.62908720E+00  8.44435924E-01  4.16418630E-01
 -3.91176988E-01  1.00000000E+00  5.37513253E-01 -8.69266118E-01  4.44927041E-01  2.63515559E+00  8.43893743E-01  4.17961098E-01
 -3.79440270E-01  1.00000000E+00  5.31314196E-01 -8.70980843E-01  4.46470437E-01  2.64244913E+00  8.43372342E-01  4.19784585E-01
 -3.67703552E-01  1.00000000E+00  5.25115138E-01 -8.72699530E-01  4.48113701E-01  2.64976277E+00  8.42853075E-01  4.21612262E-01
 -3.56671122E-01  1.00000000E+00  5.19546832E-01 -8.74418376E-01  4.49902972E-01  2.65792461E+00  8.42130541E-01  4.23685283E-01
 -3.45638692E-01  1.00000000E+00  5.13978526E-01 -8.76141676E-01  4.51748084E-01  2.66611160E+00  8.41410613E-01  4.25763562E-01
 -3.35268287E-01  1.00000000E+00  5.08843177E-01 -8.78029653E-01  4.53518697E-01  2.67461819E+00  8.40770045E-01  4.27897901E-01
 -3.24897882E-01  1.00000000E+00  5.03707829E-01 -8.79922676E-01  4.55483977E-01  2.68315187E+00  8.40132172E-01  4.30037930E-01
 -3.15149775E-01  1.00000000E+00  4.99104835E-01 -8.82157706E-01  4.57619813E-01  2.69315622E+00  8.39383160E-01  4.32547047E-01
 -3.05401669E-01  1.00000000E+00  4.94501840E-01 -8.84399721E-01  4.59839792E-01  2.70319777E+00  8.38637915E-01  4.35063966E-01
 -2.96238520E-01  1.00000000E+00  4.90286081E-01 -8.86463660E-01  4.62081241E-01  2.71405474E+00  8.37581323E-01  4.37843798E-01
 -2.87075371E-01  1.00000000E+00  4.86070321E-01 -8.88534657E-01  4.64586247E-01  2.72495560E+00  8.36529055E-01  4.40632860E-01
 -2.78462077E-01  1.00000000E+00  4.82414057E-01 -8.91093889E-01  4.67198376E-01  2.73680431E+00  8.35586577E-01  4.43617471E-01
 -2.69848783E-01  1.00000000E+00  4.78757792E-01 -8.93662484E-01  4.69931471E-01  2.74870447E+00  8.34649340E-01  4.46612864E-01
 -2.61752348E-01  1.00000000E+00  4.75525432E-01 -8.96456555E-01  4.72601666E-01  2.76124723E+00  8.33798119E-01  4.49738126E-01
 -2.53655913E-01  1.00000000E+00  4.72293071E-01 -8.99261330E-01  4.75430138E-01  2.77384709E+00  8.32952361E-01  4.52875436E-01
 -2.46045323E-01  1.00000000E+00  4.69407487E-01 -9.01772356E-01  4.78450533E-01  2.78723420E+00  8.31685660E-01  4.56294660E-01
 -2.38434732E-01  1.00000000E+00  4.66521903E-01 -9.04293732E-01  4.81532156E-01  2.80068638E+00  8.30425245E-01  4.59727598E-01
 -2.31280830E-01  1.00000000E+00  4.64066984E-01 -9.07240954E-01  4.84654462E-01  2.81490472E+00  8.29344319E-01  4.63297427E-01
 -2.24126928E-01  1.00000000E+00  4.61612066E-01 -9.10200804E-01  4.87889866E-01  2.82919531E+00  8.28270119E-01  4.66882545E-01
 -2.17402314E-01  1.00000000E+00  4.59521799E-01 -9.13522586E-01  4.91192285E-01  2.84461548E+00  8.27214101E-01  4.70726989E-01
 -2.10677699E-01  1.00000000E+00  4.57431532E-01 -9.16859627E-01  4.94613873E-01  2.86011961E+00  8.26165896E-01  4.74589201E-01
 -2.04351753E-01  1.00000000E+00  4.55690943E-01 -9.19995136E-01  4.98308089E-01  2.87667924E+00  8.24742268E-01  4.78785293E-01
 -1.98025807E-01  1.00000000E+00  4.53950354E-01 -9.23146122E-01  5.02063168E-01  2.89333533E+00  8.23327479E-01  4.83001833E-01
 -1.91837501E-01  1.00000000E+00  4.52499953E-01 -9.26907996E-01  5.06102731E-01  2.91172954E+00  8.22023285E-01  4.87598127E-01
 -1.85649194E-01  1.00000000E+00  4.51049552E-01 -9.30690099E-01  5.10265202E-01  2.93024088E+00  8.20729461E-01  4.92219330E-01
 -1.79460888E-01  1.00000000E+00  4.49818546E-01 -9.34140829E-01  5.14983677E-01  2.95111898E+00  8.18687451E-01  4.97567356E-01
 -1.73272582E-01  1.00000000E+00  4.48587540E-01 -9.37612925E-01  5.19818190E-01  2.97214816E+00  8.16658886E-01  5.02947498E-01
 -1.67084275E-01  1.00000000E+00  4.47908726E-01 -9.42591333E-01  5.24957418E-01  2.99570436E+00  8.15235813E-01  5.08775993E-01
 -1.60895969E-01  1.00000000E+00  4.47229912E-01 -9.47603118E-01  5.30298887E-01  3.01944718E+00  8.13828751E-01  5.14644300E-01
 -1.54707662E-01  1.00000000E+00  4.46714418E-01 -9.52066414E-01  5.36480242E-01  3.04656032E+00  8.11346713E-01  5.21549842E-01
 -1.48519356E-01  1.00000000E+00  4.46198923E-01 -9.56564459E-01  5.42824729E-01  3.07392074E+00  8.08885552E-01  5.28508210E-01
 -1.42331049E-01  1.00000000E+00  4.46550205E-01 -9.63045600E-01  5.50007189E-01  3.10644269E+00  8.06817896E-01  5.36579118E-01
 -1.36142743E-01  1.00000000E+00  4.46901487E-01 -9.69585003E-01  5.57525426E-01  3.13930953E+00  8.04778644E-01  5.44723874E-01
 -1.29954436E-01  1.00000000E+00  4.47703910E-01 -9.75510300E-01  5.65408716E-01  3.17435279E+00  8.02024229E-01  5.53543331E-01
 -1.23766130E-01  1.00000000E+00  4.48506334E-01 -9.81492387E-01  5.73873383E-01  3.20979247E+00  7.99300209E-01  5.62448195E-01
 -1.17577823E-01  1.00000000E+00  4.50148725E-01 -9.89056082E-01  5.83451233E-01  3.25324334E+00  7.96167877E-01  5.73317609E-01
 -1.11389517E-01  1.00000000E+00  4.51791116E-01 -9.96707506E-01  5.93659744E-01  3.29728871E+00  7.93080424E-01  5.84315266E-01
 -1.05201210E-01  1.00000000E+00  4.54679745E-01 -1.00545317E+00  6.05890465E-01  3.35059777E+00  7.89088011E-01  5.97685610E-01
 -9.90129037E-02  1.00000000E+00  4.57568375E-01 -1.01432076E+00  6.18579987E-01  3.40478118E+00  7.85160073E-01  6.11244924E-01
 -9.28245972E-02  1.00000000E+00  4.61878585E-01 -1.02229155E+00  6.33620169E-01  3.46640087E+00  7.79524950E-01  6.26937715E-01
 -8.66362908E-02  1.00000000E+00  4.66188795E-01 -1.03039072E+00  6.49175554E-01  3.52917248E+00  7.73972390E-01  6.42880022E-01
 -8.04479843E-02  1.00000000E+00  4.72349887E-01 -1.04568926E+00  6.67484034E-01  3.60929735E+00  7.70391368E-01  6.62411396E-01
 -7.42596778E-02  1.00000000E+00  4.78510979E-01 -1.06128461E+00  6.86863802E-01  3.69124662E+00  7.66932992E-01  6.82339847E-01
 -6.80713713E-02  1.00000000E+00  4.89568922E-01 -1.06700241E+00  7.10835611E-01  3.78879251E+00  7.55238677E-01  7.07829229E-01
 -6.18830648E-02  1.00000000E+00  5.00626865E-01 -1.07288675E+00  7.37642840E-01  3.88915180E+00  7.43752502E-01  7.33926503E-01
 -5.56947583E-02  1.00000000E+00  5.08490431E-01 -1.11661794E+00  7.70246502E-01  4.03505921E+00  7.47841848E-01  7.67017384E-01
 -4.95064519E-02  1.00000000E+00  5.16353997E-01 -1.16185591E+00  8.03020755E-01  4.18649044E+00  7.52520948E-01  8.01259547E-01
 -4.33181454E-02  1.00000000E+00  5.81372827E-01 -1.12456090E+00  8.44145092E-01  4.31814130E+00  7.16001674E-01  8.40499247E-01
 -3.71298389E-02  1.00000000E+00  6.46391657E-01 -1.08686135E+00  9.03977959E-01  4.45749805E+00  6.80980153E-01  8.81187509E-01
 -3.09415324E-02  1.00000000E+00  5.31572128E-01 -1.09151913E+00  9.71188289E-01  4.55333476E+00  6.72049329E-01  9.05633267E-01
 -2.47532259E-02  1.00000000E+00  4.16752598E-01 -1.09627919E+00  1.01042489E+00  4.65139619E+00  6.63251114E-01  9.30567185E-01
 -1.85649194E-02  1.00000000E+00  1.04928406E+00 -1.42189484E+00  1.12928543E+00  5.70926504E+00  7.11933782E-01  1.16604396E+00
 -1.23766130E-02  1.00000000E+00  1.68181551E+00 -1.82033242E+00  1.37845819E+00  7.01631938E+00  7.88104212E-01  1.45325020E+00
 -6.18830648E-03  1.00000000E+00  6.86700494E-01  3.95850284E-01  2.50792614E+00  7.24473801E+00  3.40965152E-01  1.61088033E+00
  0.00000000E+00  1.00000000E+00 -3.08414526E-01  3.44197061E+00  5.23386897E+00  1.13002879E+01  1.26213461E+00  2.34223578E+00
