# curve 5 (die wall), step =      600, time =   1.20000000E+02
# N1 = tau_xx - tau_yy = G ( c_xx - c_yy ),  G =  1.1429E-01  (polymer part only)
#              x               y        pressure            c_xy        gammadot            c_xx            c_yy              N1
 -3.00000000E+00  1.00000000E+00  3.14022583E+00 -2.80240758E+00  4.00255677E-01  1.67137948E+01  9.99659275E-01  1.79590121E+00
 -2.95108291E+00  1.00000000E+00  3.10103012E+00 -2.80291399E+00  4.00189104E-01  1.67188801E+01  9.99740030E-01  1.79647315E+00
 -2.90216582E+00  1.00000000E+00  3.06183440E+00 -2.80342048E+00  4.00292922E-01  1.67239670E+01  9.99820788E-01  1.79704528E+00
 -2.85324873E+00  1.00000000E+00  3.02176072E+00 -2.80003389E+00  4.00109314E-01  1.67110091E+01  9.99054840E-01  1.79565191E+00
 -2.80433164E+00  1.00000000E+00  2.98168704E+00 -2.79665045E+00  4.00143400E-01  1.66980618E+01  9.98289810E-01  1.79425966E+00
 -2.75541455E+00  1.00000000E+00  2.94279746E+00 -2.79939517E+00  4.00528998E-01  1.67006865E+01  9.99026440E-01  1.79447543E+00
 -2.70649746E+00  1.00000000E+00  2.90390787E+00 -2.80214055E+00  4.00519447E-01  1.67033133E+01  9.99763837E-01  1.79469136E+00
 -2.65758037E+00  1.00000000E+00  2.86496048E+00 -2.80384035E+00  4.00584814E-01  1.67105274E+01  1.00017255E+00  1.79546912E+00
 -2.60866328E+00  1.00000000E+00  2.82601309E+00 -2.80554101E+00  4.00409164E-01  1.67177447E+01  1.00058150E+00  1.79624722E+00
 -2.55974619E+00  1.00000000E+00  2.78718943E+00 -2.80512264E+00  4.00270234E-01  1.67218546E+01  1.00041338E+00  1.79673614E+00
 -2.51082911E+00  1.00000000E+00  2.74836577E+00 -2.80470401E+00  4.00456609E-01  1.67259659E+01  1.00024529E+00  1.79722522E+00
 -2.46191202E+00  1.00000000E+00  2.70857855E+00 -2.80360165E+00  4.00306699E-01  1.67206122E+01  9.99979403E-01  1.79664375E+00
 -2.41299493E+00  1.00000000E+00  2.66879132E+00 -2.80249969E+00  4.00208083E-01  1.67152603E+01  9.99713611E-01  1.79606248E+00
 -2.36407784E+00  1.00000000E+00  2.63013198E+00 -2.80344180E+00  4.00198277E-01  1.67154723E+01  1.00011287E+00  1.79604108E+00
 -2.31516075E+00  1.00000000E+00  2.59147265E+00 -2.80438405E+00  4.00133338E-01  1.67156845E+01  1.00051228E+00  1.79601969E+00
 -2.26624366E+00  1.00000000E+00  2.55211476E+00 -2.80321164E+00  4.00120475E-01  1.67214266E+01  9.99920014E-01  1.79674361E+00
 -2.21732657E+00  1.00000000E+00  2.51275687E+00 -2.80203877E+00  4.00275660E-01  1.67271719E+01  9.99328005E-01  1.79746787E+00
 -2.16840948E+00  1.00000000E+00  2.47333539E+00 -2.80387118E+00  4.00301323E-01  1.67259355E+01  9.99898143E-01  1.79726141E+00
 -2.11949239E+00  1.00000000E+00  2.43391391E+00 -2.80570346E+00  4.00237237E-01  1.67247005E+01  1.00046867E+00  1.79705507E+00
 -2.07057530E+00  1.00000000E+00  2.39530084E+00 -2.80589502E+00  4.00379566E-01  1.67350540E+01  1.00037118E+00  1.79824946E+00
 -2.02165821E+00  1.00000000E+00  2.35668777E+00 -2.80608615E+00  4.00370652E-01  1.67454145E+01  1.00027365E+00  1.79944467E+00
 -1.97274112E+00  1.00000000E+00  2.31657897E+00 -2.80407765E+00  4.00190073E-01  1.67370703E+01  9.99738647E-01  1.79855219E+00
 -1.92382403E+00  1.00000000E+00  2.27647016E+00 -2.80207036E+00  4.00145582E-01  1.67287304E+01  9.99203996E-01  1.79766016E+00
 -1.87490694E+00  1.00000000E+00  2.23744955E+00 -2.80487381E+00  4.00150092E-01  1.67205283E+01  1.00043810E+00  1.79658174E+00
 -1.82598985E+00  1.00000000E+00  2.19842894E+00 -2.80767601E+00  3.99920107E-01  1.67123353E+01  1.00167348E+00  1.79550421E+00
 -1.77707276E+00  1.00000000E+00  2.15943298E+00 -2.80877913E+00  3.99781013E-01  1.67158401E+01  1.00206037E+00  1.79586054E+00
 -1.72815567E+00  1.00000000E+00  2.12043701E+00 -2.80988261E+00  3.99512909E-01  1.67193456E+01  1.00244742E+00  1.79621694E+00
 -1.67923858E+00  1.00000000E+00  2.08124657E+00 -2.80592387E+00  3.98885832E-01  1.67023556E+01  1.00171534E+00  1.79435889E+00
 -1.63032150E+00  1.00000000E+00  2.04205612E+00 -2.80196960E+00  3.98753845E-01  1.66853833E+01  1.00098441E+00  1.79250273E+00
 -1.58140441E+00  1.00000000E+00  2.00210933E+00 -2.80032084E+00  3.98292513E-01  1.66524165E+01  1.00157723E+00  1.78866735E+00
 -1.53248732E+00  1.00000000E+00  1.96216253E+00 -2.79867278E+00  3.97898872E-01  1.66195185E+01  1.00217014E+00  1.78483981E+00
 -1.48357023E+00  1.00000000E+00  1.92248445E+00 -2.79262458E+00  3.97433024E-01  1.65899827E+01  1.00074459E+00  1.78162721E+00
 -1.43465314E+00  1.00000000E+00  1.88280638E+00 -2.78658831E+00  3.97429954E-01  1.65605000E+01  9.99321782E-01  1.77842036E+00
 -1.38573605E+00  1.00000000E+00  1.84321970E+00 -2.78220817E+00  3.96433578E-01  1.64909956E+01  1.00024545E+00  1.77037145E+00
 -1.33681896E+00  1.00000000E+00  1.80363303E+00 -2.77783551E+00  3.95518107E-01  1.64217953E+01  1.00116945E+00  1.76235724E+00
 -1.28790187E+00  1.00000000E+00  1.76439290E+00 -2.77454084E+00  3.94347982E-01  1.63503656E+01  1.00234841E+00  1.75405910E+00
 -1.23898478E+00  1.00000000E+00  1.72515277E+00 -2.77124634E+00  3.93045032E-01  1.62792655E+01  1.00352689E+00  1.74579870E+00
 -1.19006769E+00  1.00000000E+00  1.68702068E+00 -2.75921918E+00  3.91070467E-01  1.61932331E+01  1.00235925E+00  1.73609987E+00
 -1.14115060E+00  1.00000000E+00  1.64888860E+00 -2.74724835E+00  3.89414464E-01  1.61076556E+01  1.00119879E+00  1.72645221E+00
 -1.09223351E+00  1.00000000E+00  1.60748355E+00 -2.73656871E+00  3.88481425E-01  1.59881049E+01  1.00127262E+00  1.71278084E+00
 -1.04331642E+00  1.00000000E+00  1.56607849E+00 -2.72593654E+00  3.87195029E-01  1.58694623E+01  1.00134734E+00  1.69921313E+00
 -9.94399333E-01  1.00000000E+00  1.52976167E+00 -2.71958341E+00  3.84637555E-01  1.57141337E+01  1.00427908E+00  1.68112624E+00
 -9.45482243E-01  1.00000000E+00  1.49344485E+00 -2.71322023E+00  3.82053682E-01  1.55604306E+01  1.00720840E+00  1.66322539E+00
 -8.96565154E-01  1.00000000E+00  1.45540454E+00 -2.69283260E+00  3.78747307E-01  1.53985261E+01  1.00590169E+00  1.64487136E+00
 -8.47648064E-01  1.00000000E+00  1.41736422E+00 -2.67261946E+00  3.76548616E-01  1.52383149E+01  1.00461340E+00  1.62670874E+00
 -7.99501858E-01  1.00000000E+00  1.38293856E+00 -2.65487826E+00  3.72446243E-01  1.50199209E+01  1.00567706E+00  1.60162787E+00
 -7.51355652E-01  1.00000000E+00  1.34851289E+00 -2.63726869E+00  3.69883373E-01  1.48047564E+01  1.00674002E+00  1.57691616E+00
 -7.08111109E-01  1.00000000E+00  1.31734465E+00 -2.60559779E+00  3.66893474E-01  1.45589506E+01  1.00338628E+00  1.54920735E+00
 -6.64866566E-01  1.00000000E+00  1.28617640E+00 -2.57434979E+00  3.65032056E-01  1.43172500E+01  1.00007187E+00  1.52196321E+00
 -6.26599939E-01  1.00000000E+00  1.26008838E+00 -2.55785135E+00  3.63745804E-01  1.41462098E+01  9.99801629E-01  1.50244665E+00
 -5.88333313E-01  1.00000000E+00  1.23400035E+00 -2.54147334E+00  3.61941156E-01  1.39772604E+01  9.99533689E-01  1.48316876E+00
 -5.54471587E-01  1.00000000E+00  1.21373969E+00 -2.53046764E+00  3.60697285E-01  1.38551000E+01  9.99767612E-01  1.46918084E+00
 -5.20609860E-01  1.00000000E+00  1.19347902E+00 -2.51951616E+00  3.59130742E-01  1.37340377E+01  1.00000180E+00  1.45531839E+00
 -4.90645977E-01  1.00000000E+00  1.17783309E+00 -2.51096037E+00  3.57029469E-01  1.36063752E+01  1.00129556E+00  1.44058053E+00
 -4.60682095E-01  1.00000000E+00  1.16218715E+00 -2.50242836E+00  3.55445212E-01  1.34799582E+01  1.00258599E+00  1.42598540E+00
 -4.34167380E-01  1.00000000E+00  1.14980373E+00 -2.49120233E+00  3.54750293E-01  1.34035898E+01  1.00119046E+00  1.41741707E+00
 -4.07652666E-01  1.00000000E+00  1.13742031E+00 -2.48003103E+00  3.53592760E-01  1.33276549E+01  9.99801605E-01  1.40889752E+00
 -3.84190072E-01  1.00000000E+00  1.12712231E+00 -2.47015920E+00  3.52344954E-01  1.32338384E+01  9.99433760E-01  1.39821768E+00
 -3.60727478E-01  1.00000000E+00  1.11682430E+00 -2.46033266E+00  3.51682615E-01  1.31406959E+01  9.99067526E-01  1.38761467E+00
 -3.39965684E-01  1.00000000E+00  1.11096779E+00 -2.45981449E+00  3.51161495E-01  1.30855685E+01  1.00097084E+00  1.38109688E+00
 -3.19203889E-01  1.00000000E+00  1.10511127E+00 -2.45928568E+00  3.49930474E-01  1.30307011E+01  1.00287456E+00  1.37460874E+00
 -3.00831998E-01  1.00000000E+00  1.10168422E+00 -2.45580455E+00  3.47708026E-01  1.29467600E+01  1.00542680E+00  1.36472379E+00
 -2.82460107E-01  1.00000000E+00  1.09825718E+00 -2.45232493E+00  3.45556461E-01  1.28634015E+01  1.00798198E+00  1.35490509E+00
 -2.66203017E-01  1.00000000E+00  1.09568845E+00 -2.44479772E+00  3.43915816E-01  1.27686004E+01  1.00934856E+00  1.34391450E+00
 -2.49945927E-01  1.00000000E+00  1.09311973E+00 -2.43730028E+00  3.41101949E-01  1.26745260E+01  1.01071732E+00  1.33300670E+00
 -2.35560203E-01  1.00000000E+00  1.09363780E+00 -2.41036873E+00  3.35775183E-01  1.24322279E+01  1.01094190E+00  1.30528982E+00
 -2.21174479E-01  1.00000000E+00  1.09415586E+00 -2.38380395E+00  3.31736590E-01  1.21946462E+01  1.01119518E+00  1.27810869E+00
 -2.08421419E-01  1.00000000E+00  1.09326999E+00 -2.37321017E+00  3.27840552E-01  1.19402202E+01  1.01866890E+00  1.24817729E+00
 -1.95668358E-01  1.00000000E+00  1.09238411E+00 -2.36259929E+00  3.21891416E-01  1.16915467E+01  1.02615333E+00  1.21890210E+00
 -1.83439085E-01  1.00000000E+00  1.09862000E+00 -2.33515148E+00  3.14423525E-01  1.13042325E+01  1.03534891E+00  1.17358670E+00
 -1.71209813E-01  1.00000000E+00  1.10485588E+00 -2.30813794E+00  3.02291196E-01  1.09304500E+01  1.04461041E+00  1.12981023E+00
 -1.58980541E-01  1.00000000E+00  1.10130868E+00 -2.11885855E+00  2.79568841E-01  9.71148006E+00  1.02782949E+00  9.92417207E-01
 -1.46751268E-01  1.00000000E+00  1.09776147E+00 -1.94717235E+00  2.61221619E-01  8.62911806E+00  1.01332207E+00  8.70376684E-01
 -1.34521996E-01  1.00000000E+00  1.12218261E+00 -1.79917399E+00  2.37151317E-01  7.33490398E+00  1.03088675E+00  7.20459111E-01
 -1.22292724E-01  1.00000000E+00  1.14660375E+00 -1.66642652E+00  2.04579617E-01  6.24052341E+00  1.05005818E+00  5.93196026E-01
 -1.10063451E-01  1.00000000E+00  1.23897671E+00 -1.24519446E+00  1.50131310E-01  3.40646469E+00  1.18170442E+00  2.54258317E-01
 -9.78341789E-02  1.00000000E+00  1.33134968E+00 -9.83080038E-01  9.75998090E-02  1.88822493E+00  1.37093222E+00  5.91191671E-02
 -8.56049065E-02  1.00000000E+00  1.69986727E+00  2.35457546E-02  4.28012620E-02  9.39080123E-01  1.18351258E+00 -2.79351384E-02
 -7.33756342E-02  1.00000000E+00  2.06838486E+00  7.39465642E-01  1.37489931E-01  8.04337191E-01  1.62558394E+00 -9.38567711E-02
 -6.11463618E-02  1.00000000E+00  2.42213776E+00  8.46082919E-01  1.43660893E-01  1.01060340E+00  1.57771171E+00 -6.48123775E-02
 -4.89170895E-02  1.00000000E+00  2.77589066E+00  9.71690929E-01  2.10706431E-01  1.26888599E+00  1.54380281E+00 -3.14190657E-02
 -3.66878171E-02  1.00000000E+00  3.71050802E+00  7.99489076E-01  3.23980729E-01  1.79535598E+00  1.13384947E+00  7.56007444E-02
 -2.44585447E-02  1.00000000E+00  4.64512538E+00  6.08642500E-01  4.49925185E-01  2.77378370E+00  8.26416894E-01  2.22556207E-01
 -1.22292724E-02  1.00000000E+00  2.22349305E+00  2.96196286E+00  9.21122697E-01  2.89298044E+00  4.62123368E+00 -1.97514656E-01
  0.00000000E+00  1.00000000E+00 -1.98139269E-01  1.25467048E+01  1.29751659E+01  6.85669080E+00  2.45614755E+01 -2.02340397E+00
