# model=oldroyd  theta_MLE: lambda=0.2, beta=0.889474, eta_0=0.837393
# delta(x) = y_clean(x) - y_model(x; theta_MLE)   (x from curve4_x.txt)
# columns: x  delta
5.000000000000000000e+00 -4.510121934586663883e-06
4.950333040000000295e+00 -4.507637242578965697e-06
4.900666089999999642e+00 -4.513418543572456088e-06
4.850999129999999937e+00 -4.513225572155832310e-06
4.801332180000000172e+00 -4.512562760350391500e-06
4.751665219999999579e+00 -4.506521526392859300e-06
4.701998269999999813e+00 -4.499134197422094417e-06
4.652331310000000109e+00 -4.496850394053453215e-06
4.602664360000000343e+00 -4.479067678753168025e-06
4.552997399999999750e+00 -4.469581539545686155e-06
4.503330449999999985e+00 -4.446842928551575369e-06
4.453663490000000280e+00 -4.431460257414698845e-06
4.403996539999999627e+00 -4.403023551313722805e-06
4.354329579999999922e+00 -4.378660419801505554e-06
4.304662630000000156e+00 -4.345973451114204522e-06
4.254995669999999564e+00 -4.323946465767392056e-06
4.205328709999999859e+00 -4.290488041736040259e-06
4.155661760000000093e+00 -4.249486128093948878e-06
4.105994800000000389e+00 -4.210479477295692163e-06
4.056327849999999735e+00 -4.179339594401199065e-06
4.006660890000000030e+00 -4.138147573495842835e-06
3.956993939999999821e+00 -4.093914530711728617e-06
3.907326980000000116e+00 -4.046460750473102053e-06
3.857660029999999907e+00 -4.010553050770582217e-06
3.807993070000000202e+00 -3.960475662756479664e-06
3.758326119999999992e+00 -3.919475422442530999e-06
3.708659159999999844e+00 -3.878258213685370492e-06
3.658992210000000078e+00 -3.841595636266958991e-06
3.609325249999999929e+00 -3.799861370445967168e-06
3.559658300000000164e+00 -3.755272767635986497e-06
3.509991340000000015e+00 -3.724109014502374748e-06
3.460324389999999806e+00 -3.691665797056487008e-06
3.410657430000000101e+00 -3.659565661839891959e-06
3.360990469999999952e+00 -3.649783999470912477e-06
3.311323520000000187e+00 -3.627147092677418527e-06
3.261656560000000038e+00 -3.624053119377634857e-06
3.211989609999999828e+00 -3.630430472023604693e-06
3.162322650000000124e+00 -3.634674426544748371e-06
3.112655699999999914e+00 -3.650854728975971852e-06
3.062988740000000210e+00 -3.680561442731544730e-06
3.013321790000000000e+00 -3.726122979941237645e-06
2.963654829999999851e+00 -3.780692005683761181e-06
2.913987880000000086e+00 -3.856139312752304704e-06
2.864320919999999937e+00 -3.937879264226396003e-06
2.814653970000000172e+00 -4.047122554862170318e-06
2.764987010000000023e+00 -4.164235208881095218e-06
2.715320059999999813e+00 -4.302704365022336219e-06
2.665653100000000109e+00 -4.461425898050208616e-06
2.615986139999999960e+00 -4.632761563261311721e-06
2.566319190000000194e+00 -4.818492940428242832e-06
2.516652230000000046e+00 -5.016983394279250774e-06
2.466985279999999836e+00 -5.237242404421138531e-06
2.417318320000000131e+00 -5.454225186829475547e-06
2.367651369999999922e+00 -5.705040653447568388e-06
2.317984410000000217e+00 -5.953870010566575388e-06
2.268317460000000008e+00 -6.203368024149114035e-06
2.218650499999999859e+00 -6.438548877385485980e-06
2.168983550000000093e+00 -6.672276707586632938e-06
2.119316589999999945e+00 -6.903396992941068788e-06
2.069649640000000179e+00 -7.115835528370695329e-06
2.019982680000000030e+00 -7.270900976186212006e-06
1.970315730000000043e+00 -7.412228884229321579e-06
1.920648769999999894e+00 -7.498103804071121203e-06
1.870981809999999967e+00 -7.541972827151965930e-06
1.821314859999999980e+00 -7.502174159457197788e-06
1.771647900000000053e+00 -7.405746968558446497e-06
1.721980950000000066e+00 -7.214943158917463961e-06
1.672313989999999917e+00 -6.873661210660131360e-06
1.622647039999999929e+00 -6.484453027866265984e-06
1.572980080000000003e+00 -5.962642958046160402e-06
1.523313130000000015e+00 -5.311533181062699782e-06
1.473646170000000089e+00 -4.565615861595873071e-06
1.423979220000000101e+00 -3.778172173118932164e-06
1.374312259999999952e+00 -2.733536983656748021e-06
1.324645309999999965e+00 -1.744930313796189125e-06
1.274978350000000038e+00 -6.323879755409933523e-07
1.225311400000000051e+00 6.993509338304448875e-07
1.175644439999999902e+00 1.935063629110445049e-06
1.125977479999999975e+00 3.263272942755079953e-06
1.076310529999999988e+00 4.555403225969811842e-06
1.026643570000000061e+00 5.965540585739503854e-06
9.769766189999999906e-01 6.592969495677891700e-06
9.273096640000000335e-01 8.063291753179768762e-06
8.776427079999999936e-01 8.747594971714178769e-06
8.279757530000000365e-01 8.882000291920988388e-06
7.786002389999999718e-01 9.078765215386752629e-06
7.317317880000000496e-01 8.639637678165001944e-06
6.876846269999999928e-01 8.582088315112201826e-06
6.462889219999999879e-01 7.381659809624352420e-06
6.073850619999999756e-01 6.316415311680145805e-06
5.708230460000000006e-01 5.455913658858335680e-06
5.364619149999999559e-01 4.473697800211340336e-06
5.041691750000000249e-01 2.343545109084743672e-06
4.738203240000000149e-01 1.969381468569508797e-06
4.452983460000000115e-01 1.675471420714558235e-06
4.184932690000000011e-01 8.591937064039711913e-07
3.933017460000000076e-01 3.984367036302671750e-07
3.696266380000000074e-01 8.548671108776773053e-07
3.473766770000000226e-01 1.538494768693610126e-06
3.264660690000000254e-01 2.684486334780800121e-06
3.068141939999999845e-01 4.014932142970550899e-06
2.883452770000000109e-01 5.329896651140586528e-06
2.709881089999999770e-01 8.370381610722787968e-06
2.546757709999999952e-01 1.113055397761186782e-05
2.393453670000000033e-01 1.435493378343366544e-05
2.249377889999999991e-01 1.892897879751664902e-05
2.113974849999999961e-01 2.214087979357515223e-05
1.986678209999999944e-01 2.624988101196379375e-05
1.862510820000000122e-01 3.148791418938756692e-05
1.738343440000000018e-01 3.714763718032365603e-05
1.614176049999999918e-01 4.316174331031596978e-05
1.490008660000000096e-01 5.046370551431422768e-05
1.365841269999999996e-01 5.724133049667123885e-05
1.241673880000000035e-01 6.662341188778952983e-05
1.117506489999999936e-01 7.416697865103571985e-05
9.933391060000000550e-02 8.498010940183320372e-05
8.691717179999999821e-02 9.392776905303712454e-05
7.450043300000000479e-02 1.051205338757910113e-04
6.208369419999999750e-02 1.152422916970152755e-04
4.966695530000000275e-02 1.214206030544229264e-04
3.725021650000000240e-02 1.252601437289335706e-04
2.483347769999999857e-02 1.167406408479898516e-04
1.241673880000000035e-02 6.948782945581655213e-05
0.000000000000000000e+00 0.000000000000000000e+00
