# curve 5 (die wall), step =      800, time =   1.60000000E+02
# N1 = tau_xx - tau_yy = G ( c_xx - c_yy ),  G =  1.9000E-01  (polymer part only)
#              x               y        pressure            c_xy        gammadot            c_xx            c_yy              N1
 -3.00000000E+00  1.00000000E+00  3.06550626E+00 -2.00156823E+00  4.00167818E-01  9.01416454E+00  9.99754673E-01  1.52273788E+00
 -2.95108291E+00  1.00000000E+00  3.02612718E+00 -2.00194541E+00  4.00169402E-01  9.01649201E+00  9.99832413E-01  1.52316532E+00
 -2.90216582E+00  1.00000000E+00  2.98674810E+00 -2.00232266E+00  4.00315107E-01  9.01882009E+00  9.99910163E-01  1.52359289E+00
 -2.85324873E+00  1.00000000E+00  2.94714403E+00 -2.00139453E+00  4.00131359E-01  9.01363220E+00  9.99755530E-01  1.52263657E+00
 -2.80433164E+00  1.00000000E+00  2.90753997E+00 -2.00046685E+00  4.00059821E-01  9.00844729E+00  9.99600967E-01  1.52168080E+00
 -2.75541455E+00  1.00000000E+00  2.86868025E+00 -2.00115779E+00  4.00322534E-01  9.00975140E+00  9.99801287E-01  1.52189052E+00
 -2.70649746E+00  1.00000000E+00  2.82982053E+00 -2.00184885E+00  4.00278480E-01  9.01105577E+00  1.00000168E+00  1.52210028E+00
 -2.65758037E+00  1.00000000E+00  2.79074103E+00 -2.00247377E+00  4.00337071E-01  9.01324936E+00  1.00020308E+00  1.52247879E+00
 -2.60866328E+00  1.00000000E+00  2.75166152E+00 -2.00309886E+00  4.00232832E-01  9.01544350E+00  1.00040454E+00  1.52285740E+00
 -2.55974619E+00  1.00000000E+00  2.71272455E+00 -2.00271619E+00  4.00141286E-01  9.01664637E+00  1.00021864E+00  1.52312127E+00
 -2.51082911E+00  1.00000000E+00  2.67378759E+00 -2.00233344E+00  4.00352384E-01  9.01784957E+00  1.00003278E+00  1.52338519E+00
 -2.46191202E+00  1.00000000E+00  2.63412342E+00 -2.00205003E+00  4.00247023E-01  9.01556442E+00  9.99979773E-01  1.52296108E+00
 -2.41299493E+00  1.00000000E+00  2.59445926E+00 -2.00176667E+00  4.00160941E-01  9.01327986E+00  9.99926764E-01  1.52253709E+00
 -2.36407784E+00  1.00000000E+00  2.55571873E+00 -2.00209364E+00  4.00163360E-01  9.01317288E+00  1.00016799E+00  1.52247093E+00
 -2.31516075E+00  1.00000000E+00  2.51697819E+00 -2.00242064E+00  4.00100052E-01  9.01306595E+00  1.00040927E+00  1.52240477E+00
 -2.26624366E+00  1.00000000E+00  2.47766171E+00 -2.00204319E+00  4.00047383E-01  9.01488327E+00  1.00009254E+00  1.52281024E+00
 -2.21732657E+00  1.00000000E+00  2.43834523E+00 -2.00166570E+00  4.00155903E-01  9.01670120E+00  9.99775880E-01  1.52321581E+00
 -2.16840948E+00  1.00000000E+00  2.39902907E+00 -2.00250851E+00  4.00160742E-01  9.01596909E+00  1.00013987E+00  1.52300755E+00
 -2.11949239E+00  1.00000000E+00  2.35971290E+00 -2.00335128E+00  4.00084546E-01  9.01523750E+00  1.00050401E+00  1.52279936E+00
 -2.07057530E+00  1.00000000E+00  2.32088375E+00 -2.00319398E+00  4.00191190E-01  9.01837090E+00  1.00036353E+00  1.52342140E+00
 -2.02165821E+00  1.00000000E+00  2.28205461E+00 -2.00303650E+00  4.00182677E-01  9.02150569E+00  1.00022306E+00  1.52404370E+00
 -1.97274112E+00  1.00000000E+00  2.24223420E+00 -2.00222599E+00  4.00012882E-01  9.01772643E+00  9.99965682E-01  1.52337454E+00
 -1.92382403E+00  1.00000000E+00  2.20241380E+00 -2.00141580E+00  3.99962984E-01  9.01394876E+00  9.99708385E-01  1.52270567E+00
 -1.87490694E+00  1.00000000E+00  2.16345890E+00 -2.00222289E+00  3.99974634E-01  9.00987290E+00  1.00036452E+00  1.52180659E+00
 -1.82598985E+00  1.00000000E+00  2.12450401E+00 -2.00302971E+00  3.99798490E-01  9.00580003E+00  1.00102098E+00  1.52090802E+00
 -1.77707276E+00  1.00000000E+00  2.08544423E+00 -2.00330500E+00  3.99699942E-01  9.00632661E+00  1.00117866E+00  1.52097811E+00
 -1.72815567E+00  1.00000000E+00  2.04638446E+00 -2.00358032E+00  3.99499957E-01  9.00685324E+00  1.00133637E+00  1.52104821E+00
 -1.67923858E+00  1.00000000E+00  2.00709275E+00 -2.00127479E+00  3.99092079E-01  8.99866413E+00  1.00079667E+00  1.51959482E+00
 -1.63032150E+00  1.00000000E+00  1.96780103E+00 -1.99897148E+00  3.99059119E-01  8.99048264E+00  1.00025763E+00  1.51814275E+00
 -1.58140441E+00  1.00000000E+00  1.92814534E+00 -1.99820282E+00  3.98660350E-01  8.97594274E+00  1.00081078E+00  1.51527507E+00
 -1.53248732E+00  1.00000000E+00  1.88848964E+00 -1.99743444E+00  3.98329543E-01  8.96142835E+00  1.00136408E+00  1.51241221E+00
 -1.48357023E+00  1.00000000E+00  1.84922087E+00 -1.99472947E+00  3.97979554E-01  8.95057775E+00  1.00058635E+00  1.51049837E+00
 -1.43465314E+00  1.00000000E+00  1.80995211E+00 -1.99202792E+00  3.97867789E-01  8.93974037E+00  9.99809518E-01  1.50858686E+00
 -1.38573605E+00  1.00000000E+00  1.77055028E+00 -1.98893424E+00  3.97150223E-01  8.91134019E+00  1.00019506E+00  1.50311757E+00
 -1.33681896E+00  1.00000000E+00  1.73114844E+00 -1.98584717E+00  3.96519937E-01  8.88303309E+00  1.00058132E+00  1.49766584E+00
 -1.28790187E+00  1.00000000E+00  1.69206589E+00 -1.98319403E+00  3.95590729E-01  8.85360162E+00  1.00112715E+00  1.49197015E+00
 -1.23898478E+00  1.00000000E+00  1.65298335E+00 -1.98054565E+00  3.94624447E-01  8.82427237E+00  1.00167330E+00  1.48629382E+00
 -1.19006769E+00  1.00000000E+00  1.61456898E+00 -1.97461232E+00  3.93362585E-01  8.78989405E+00  1.00105635E+00  1.47987916E+00
 -1.14115060E+00  1.00000000E+00  1.57615461E+00 -1.96869880E+00  3.92272372E-01  8.75564995E+00  1.00044241E+00  1.47348943E+00
 -1.09223351E+00  1.00000000E+00  1.53617388E+00 -1.96332581E+00  3.91491932E-01  8.71138657E+00  1.00051213E+00  1.46506614E+00
 -1.04331642E+00  1.00000000E+00  1.49619315E+00 -1.95797125E+00  3.90540678E-01  8.66735271E+00  1.00058307E+00  1.45668623E+00
 -9.94399333E-01  1.00000000E+00  1.45901365E+00 -1.95282612E+00  3.88926486E-01  8.61025128E+00  1.00169956E+00  1.44562483E+00
 -9.45482243E-01  1.00000000E+00  1.42183414E+00 -1.94769927E+00  3.87240854E-01  8.55354463E+00  1.00281733E+00  1.43463819E+00
 -8.96565154E-01  1.00000000E+00  1.38414717E+00 -1.93805753E+00  3.85158205E-01  8.49513251E+00  1.00205137E+00  1.42368542E+00
 -8.47648064E-01  1.00000000E+00  1.34646020E+00 -1.92847067E+00  3.83781607E-01  8.43712118E+00  1.00129326E+00  1.41280731E+00
 -7.99501858E-01  1.00000000E+00  1.31130628E+00 -1.92010415E+00  3.81620621E-01  8.36741022E+00  1.00155584E+00  1.39951233E+00
 -7.51355652E-01  1.00000000E+00  1.27615237E+00 -1.91178395E+00  3.80157862E-01  8.29829137E+00  1.00182151E+00  1.38632927E+00
 -7.08111109E-01  1.00000000E+00  1.24486313E+00 -1.90164383E+00  3.78766650E-01  8.23336426E+00  1.00076331E+00  1.37419418E+00
 -6.64866566E-01  1.00000000E+00  1.21357390E+00 -1.89156605E+00  3.77897179E-01  8.16895010E+00  9.99711928E-01  1.36215525E+00
 -6.26599939E-01  1.00000000E+00  1.18740853E+00 -1.88691642E+00  3.77281035E-01  8.12972094E+00  9.99808650E-01  1.35468333E+00
 -5.88333313E-01  1.00000000E+00  1.16124317E+00 -1.88228113E+00  3.76478288E-01  8.09068598E+00  9.99906050E-01  1.34724819E+00
 -5.54471587E-01  1.00000000E+00  1.13988008E+00 -1.87877980E+00  3.76112840E-01  8.07193005E+00  9.99282895E-01  1.34380296E+00
 -5.20609860E-01  1.00000000E+00  1.11851698E+00 -1.87528549E+00  3.75863142E-01  8.05321766E+00  9.98660831E-01  1.34036580E+00
 -4.90645977E-01  1.00000000E+00  1.10134053E+00 -1.87698422E+00  3.75912324E-01  8.04993640E+00  9.99617288E-01  1.33956063E+00
 -4.60682095E-01  1.00000000E+00  1.08416407E+00 -1.87868248E+00  3.75990816E-01  8.04665918E+00  1.00057462E+00  1.33875607E+00
 -4.34167380E-01  1.00000000E+00  1.07005146E+00 -1.87830247E+00  3.76492163E-01  8.06290723E+00  9.99116258E-01  1.34212028E+00
 -4.07652666E-01  1.00000000E+00  1.05593886E+00 -1.87792120E+00  3.77250477E-01  8.07919456E+00  9.97659321E-01  1.34549169E+00
 -3.84190072E-01  1.00000000E+00  1.04497193E+00 -1.88589565E+00  3.78643023E-01  8.12139596E+00  9.98807649E-01  1.35329178E+00
 -3.60727478E-01  1.00000000E+00  1.03400499E+00 -1.89390663E+00  3.79838529E-01  8.16381786E+00  9.99962018E-01  1.36113261E+00
 -3.39965684E-01  1.00000000E+00  1.02556573E+00 -1.90010844E+00  3.81105512E-01  8.21579072E+00  9.99564626E-01  1.37108296E+00
 -3.19203889E-01  1.00000000E+00  1.01712646E+00 -1.90633700E+00  3.82391644E-01  8.26810412E+00  9.99169472E-01  1.38109758E+00
 -3.00831998E-01  1.00000000E+00  1.01045510E+00 -1.91569556E+00  3.83846030E-01  8.33132274E+00  9.99878328E-01  1.39297444E+00
 -2.82460107E-01  1.00000000E+00  1.00378375E+00 -1.92510871E+00  3.85307816E-01  8.39503108E+00  1.00059259E+00  1.40494331E+00
 -2.66203017E-01  1.00000000E+00  9.98921591E-01 -1.93391113E+00  3.86860138E-01  8.45678102E+00  1.00098592E+00  1.41660107E+00
 -2.49945927E-01  1.00000000E+00  9.94059436E-01 -1.94276246E+00  3.88037803E-01  8.51899197E+00  1.00138412E+00  1.42834549E+00
 -2.35560203E-01  1.00000000E+00  9.91304025E-01 -1.94839748E+00  3.88193802E-01  8.55827467E+00  1.00213177E+00  1.43566715E+00
 -2.21174479E-01  1.00000000E+00  9.88548615E-01 -1.95405114E+00  3.88582412E-01  8.59774147E+00  1.00288082E+00  1.44302352E+00
 -2.08421419E-01  1.00000000E+00  9.84665180E-01 -1.96480425E+00  3.88670668E-01  8.61297559E+00  1.00729736E+00  1.44507886E+00
 -1.95668358E-01  1.00000000E+00  9.80781744E-01 -1.97559014E+00  3.87546502E-01  8.62826222E+00  1.01173698E+00  1.44713980E+00
 -1.83439085E-01  1.00000000E+00  9.78925519E-01 -1.97501205E+00  3.85678954E-01  8.57434095E+00  1.01626415E+00  1.43603459E+00
 -1.71209813E-01  1.00000000E+00  9.77069294E-01 -1.97443690E+00  3.79633954E-01  8.52080221E+00  1.02080864E+00  1.42499878E+00
 -1.58980541E-01  1.00000000E+00  9.60919589E-01 -1.89598928E+00  3.63850814E-01  8.04469637E+00  1.01562374E+00  1.33552380E+00
 -1.46751268E-01  1.00000000E+00  9.44769885E-01 -1.82116946E+00  3.47623869E-01  7.59534954E+00  1.01096499E+00  1.25103306E+00
 -1.34521996E-01  1.00000000E+00  9.38797559E-01 -1.75291853E+00  3.28165808E-01  6.75042815E+00  1.04566903E+00  1.08390423E+00
 -1.22292724E-01  1.00000000E+00  9.32825233E-01 -1.68907846E+00  2.90438254E-01  6.00540991E+00  1.08159155E+00  9.35525487E-01
 -1.10063451E-01  1.00000000E+00  1.02316497E+00 -1.25497646E+00  2.01570841E-01  3.56314646E+00  1.14462201E+00  4.59519646E-01
 -9.78341789E-02  1.00000000E+00  1.11350471E+00 -9.67556157E-01  1.35691256E-01  2.12718413E+00  1.24900032E+00  1.66854923E-01
 -8.56049065E-02  1.00000000E+00  1.45767393E+00 -2.99753923E-01  3.24303870E-02  1.10894444E+00  1.10470777E+00  8.04967369E-04
 -7.33756342E-02  1.00000000E+00  1.80184315E+00  1.04603993E-01  9.04569708E-02  6.45371325E-01  1.17743610E+00 -1.01092307E-01
 -6.11463618E-02  1.00000000E+00  2.18399714E+00  2.08869053E-01  5.98023367E-02  5.58980960E-01  1.41138963E+00 -1.61957648E-01
 -4.89170895E-02  1.00000000E+00  2.56615113E+00  3.22668691E-01  1.25937854E-01  4.97039565E-01  1.70171254E+00 -2.28887865E-01
 -3.66878171E-02  1.00000000E+00  3.30586812E+00 -4.61675553E-02  2.63702833E-01  6.76438909E-01  1.17467971E+00 -9.46657531E-02
 -2.44585447E-02  1.00000000E+00  4.04558511E+00 -4.24603245E-01  3.31881612E-01  1.10159710E+00  9.32277537E-01  3.21707165E-02
 -1.22292724E-02  1.00000000E+00  2.07326033E+00  1.60015375E+00  1.34030657E+00  2.08797685E+00  2.47889783E+00 -7.42749868E-02
  0.00000000E+00  1.00000000E+00  1.00935554E-01  1.27035975E+01  1.00597084E+01  1.13835452E+01  1.48864046E+01 -6.65543297E-01
