# curve 5 (die wall), step =      200, time =   4.00000000E+01
# N1 = tau_xx - tau_yy = G ( c_xx - c_yy ),  G =  7.5000E-01  (polymer part only)
#              x               y        pressure            c_xy        gammadot            c_xx            c_yy              N1
 -3.00000000E+00  1.00000000E+00  2.64071944E+00 -3.20046789E-01  3.99988122E-01  1.20464591E+00  1.00005816E+00  1.53440813E-01
 -2.95108291E+00  1.00000000E+00  2.60158174E+00 -3.20055615E-01  3.99991665E-01  1.20464617E+00  1.00006269E+00  1.53437611E-01
 -2.90216582E+00  1.00000000E+00  2.56244404E+00 -3.20064441E-01  3.99999696E-01  1.20464643E+00  1.00006722E+00  1.53434410E-01
 -2.85324873E+00  1.00000000E+00  2.52329602E+00 -3.20064768E-01  3.99992502E-01  1.20460767E+00  1.00007626E+00  1.53398558E-01
 -2.80433164E+00  1.00000000E+00  2.48414799E+00 -3.20065094E-01  3.99982095E-01  1.20456892E+00  1.00008531E+00  1.53362707E-01
 -2.75541455E+00  1.00000000E+00  2.44501387E+00 -3.20048462E-01  3.99993841E-01  1.20464045E+00  1.00005954E+00  1.53435678E-01
 -2.70649746E+00  1.00000000E+00  2.40587975E+00 -3.20031828E-01  3.99992263E-01  1.20471198E+00  1.00003378E+00  1.53508653E-01
 -2.65758037E+00  1.00000000E+00  2.36675158E+00 -3.20038569E-01  3.99994689E-01  1.20468602E+00  1.00004400E+00  1.53481514E-01
 -2.60866328E+00  1.00000000E+00  2.32762340E+00 -3.20045310E-01  3.99993459E-01  1.20466007E+00  1.00005423E+00  1.53454375E-01
 -2.55974619E+00  1.00000000E+00  2.28848792E+00 -3.20038020E-01  3.99998581E-01  1.20469800E+00  1.00004160E+00  1.53492305E-01
 -2.51082911E+00  1.00000000E+00  2.24935244E+00 -3.20030729E-01  4.00014963E-01  1.20473594E+00  1.00002896E+00  1.53530236E-01
 -2.46191202E+00  1.00000000E+00  2.21021605E+00 -3.20035892E-01  3.99997032E-01  1.20469817E+00  1.00004015E+00  1.53493512E-01
 -2.41299493E+00  1.00000000E+00  2.17107966E+00 -3.20041054E-01  3.99984852E-01  1.20466040E+00  1.00005135E+00  1.53456790E-01
 -2.36407784E+00  1.00000000E+00  2.13194262E+00 -3.20030944E-01  4.00000482E-01  1.20470747E+00  1.00003419E+00  1.53504961E-01
 -2.31516075E+00  1.00000000E+00  2.09280558E+00 -3.20020834E-01  4.00008627E-01  1.20475454E+00  1.00001703E+00  1.53553134E-01
 -2.26624366E+00  1.00000000E+00  2.05367448E+00 -3.20038462E-01  4.00005506E-01  1.20470597E+00  1.00003821E+00  1.53500819E-01
 -2.21732657E+00  1.00000000E+00  2.01454337E+00 -3.20056090E-01  4.00009335E-01  1.20465739E+00  1.00005938E+00  1.53448505E-01
 -2.16840948E+00  1.00000000E+00  1.97541315E+00 -3.20055812E-01  3.99996836E-01  1.20463967E+00  1.00006358E+00  1.53432068E-01
 -2.11949239E+00  1.00000000E+00  1.93628293E+00 -3.20055534E-01  3.99980424E-01  1.20462196E+00  1.00006778E+00  1.53415630E-01
 -2.07057530E+00  1.00000000E+00  1.89714965E+00 -3.20057721E-01  3.99994013E-01  1.20461885E+00  1.00007152E+00  1.53410499E-01
 -2.02165821E+00  1.00000000E+00  1.85801637E+00 -3.20059908E-01  4.00002570E-01  1.20461575E+00  1.00007526E+00  1.53405369E-01
 -1.97274112E+00  1.00000000E+00  1.81888217E+00 -3.20057171E-01  3.99979109E-01  1.20457704E+00  1.00008303E+00  1.53370508E-01
 -1.92382403E+00  1.00000000E+00  1.77974797E+00 -3.20054434E-01  3.99958917E-01  1.20453834E+00  1.00009081E+00  1.53335649E-01
 -1.87490694E+00  1.00000000E+00  1.74061423E+00 -3.20031071E-01  3.99960823E-01  1.20459924E+00  1.00006551E+00  1.53400295E-01
 -1.82598985E+00  1.00000000E+00  1.70148049E+00 -3.20007707E-01  3.99954285E-01  1.20466014E+00  1.00004022E+00  1.53464944E-01
 -1.77707276E+00  1.00000000E+00  1.66236214E+00 -3.20019027E-01  3.99955836E-01  1.20460600E+00  1.00006021E+00  1.53409346E-01
 -1.72815567E+00  1.00000000E+00  1.62324379E+00 -3.20030346E-01  3.99949091E-01  1.20455187E+00  1.00008020E+00  1.53353750E-01
 -1.67923858E+00  1.00000000E+00  1.58410325E+00 -3.20011513E-01  3.99933859E-01  1.20457050E+00  1.00006754E+00  1.53377220E-01
 -1.63032150E+00  1.00000000E+00  1.54496271E+00 -3.19992679E-01  3.99933957E-01  1.20458913E+00  1.00005488E+00  1.53400689E-01
 -1.58140441E+00  1.00000000E+00  1.50586571E+00 -3.19983119E-01  3.99901666E-01  1.20454121E+00  1.00006688E+00  1.53355747E-01
 -1.53248732E+00  1.00000000E+00  1.46676871E+00 -3.19973559E-01  3.99876887E-01  1.20449328E+00  1.00007887E+00  1.53310805E-01
 -1.48357023E+00  1.00000000E+00  1.42766752E+00 -3.19952268E-01  3.99854241E-01  1.20447385E+00  1.00007711E+00  1.53297552E-01
 -1.43465314E+00  1.00000000E+00  1.38856633E+00 -3.19930978E-01  3.99824532E-01  1.20445441E+00  1.00007535E+00  1.53284299E-01
 -1.38573605E+00  1.00000000E+00  1.34946867E+00 -3.19893757E-01  3.99799996E-01  1.20446440E+00  1.00005823E+00  1.53304625E-01
 -1.33681896E+00  1.00000000E+00  1.31037102E+00 -3.19856535E-01  3.99782241E-01  1.20447439E+00  1.00004112E+00  1.53324950E-01
 -1.28790187E+00  1.00000000E+00  1.27132554E+00 -3.19837274E-01  3.99741405E-01  1.20443033E+00  1.00004529E+00  1.53288782E-01
 -1.23898478E+00  1.00000000E+00  1.23228007E+00 -3.19818012E-01  3.99701040E-01  1.20438627E+00  1.00004945E+00  1.53252615E-01
 -1.19006769E+00  1.00000000E+00  1.19329289E+00 -3.19796366E-01  3.99676531E-01  1.20433570E+00  1.00006222E+00  1.53205111E-01
 -1.14115060E+00  1.00000000E+00  1.15430571E+00 -3.19774721E-01  3.99648562E-01  1.20428513E+00  1.00007499E+00  1.53157608E-01
 -1.09223351E+00  1.00000000E+00  1.11539442E+00 -3.19762750E-01  3.99616541E-01  1.20424621E+00  1.00007927E+00  1.53125203E-01
 -1.04331642E+00  1.00000000E+00  1.07648313E+00 -3.19750779E-01  3.99589634E-01  1.20420729E+00  1.00008356E+00  1.53092799E-01
 -9.94399333E-01  1.00000000E+00  1.03768551E+00 -3.19740038E-01  3.99598898E-01  1.20426822E+00  1.00005982E+00  1.53156305E-01
 -9.45482243E-01  1.00000000E+00  9.98887893E-01 -3.19729297E-01  3.99617807E-01  1.20432916E+00  1.00003608E+00  1.53219812E-01
 -8.96565154E-01  1.00000000E+00  9.60284888E-01 -3.19821964E-01  3.99710443E-01  1.20440236E+00  1.00005526E+00  1.53260329E-01
 -8.47648064E-01  1.00000000E+00  9.21681884E-01 -3.19914636E-01  3.99829432E-01  1.20447558E+00  1.00007445E+00  1.53300848E-01
 -7.99501858E-01  1.00000000E+00  8.83973303E-01 -3.20112018E-01  4.00029369E-01  1.20473148E+00  1.00008893E+00  1.53481908E-01
 -7.51355652E-01  1.00000000E+00  8.46264722E-01 -3.20309436E-01  4.00335176E-01  1.20498745E+00  1.00010345E+00  1.53663000E-01
 -7.08111109E-01  1.00000000E+00  8.12699435E-01 -3.20680293E-01  4.00711685E-01  1.20551574E+00  1.00007804E+00  1.54078279E-01
 -6.64866566E-01  1.00000000E+00  7.79134148E-01 -3.21051273E-01  4.01289658E-01  1.20604433E+00  1.00005274E+00  1.54493692E-01
 -6.26599939E-01  1.00000000E+00  7.49804934E-01 -3.21727619E-01  4.02031399E-01  1.20683730E+00  1.00010660E+00  1.55048027E-01
 -5.88333313E-01  1.00000000E+00  7.20475720E-01 -3.22404335E-01  4.02893892E-01  1.20763105E+00  1.00016084E+00  1.55602659E-01
 -5.54471587E-01  1.00000000E+00  6.94922715E-01 -3.23308886E-01  4.04043627E-01  1.20897314E+00  1.00002616E+00  1.56710240E-01
 -5.20609860E-01  1.00000000E+00  6.69369710E-01 -3.24214156E-01  4.05315664E-01  1.21031711E+00  9.99892233E-01  1.57818658E-01
 -4.90645977E-01  1.00000000E+00  6.47145160E-01 -3.25608910E-01  4.06803042E-01  1.21194237E+00  1.00006212E+00  1.58910185E-01
 -4.60682095E-01  1.00000000E+00  6.24920611E-01 -3.27005288E-01  4.08503492E-01  1.21357087E+00  1.00023360E+00  1.60002959E-01
 -4.34167380E-01  1.00000000E+00  6.05784491E-01 -3.28658032E-01  4.10680877E-01  1.21599010E+00  1.00001658E+00  1.61980137E-01
 -4.07652666E-01  1.00000000E+00  5.86648371E-01 -3.30313154E-01  4.13031324E-01  1.21841541E+00  9.99802055E-01  1.63960020E-01
 -3.84190072E-01  1.00000000E+00  5.70049071E-01 -3.32518353E-01  4.15525019E-01  1.22118561E+00  9.99950727E-01  1.65926162E-01
 -3.60727478E-01  1.00000000E+00  5.53449771E-01 -3.34727709E-01  4.18293641E-01  1.22396461E+00  1.00010338E+00  1.67895926E-01
 -3.39965684E-01  1.00000000E+00  5.39332662E-01 -3.37340133E-01  4.21639904E-01  1.22763126E+00  9.99966412E-01  1.70748634E-01
 -3.19203889E-01  1.00000000E+00  5.25215553E-01 -3.39958510E-01  4.25173032E-01  1.23131211E+00  9.99835310E-01  1.73607601E-01
 -3.00831998E-01  1.00000000E+00  5.13280908E-01 -3.43307646E-01  4.29015231E-01  1.23571000E+00  9.99997271E-01  1.76784545E-01
 -2.82460107E-01  1.00000000E+00  5.01346264E-01 -3.46666564E-01  4.33174568E-01  1.24012911E+00  1.00016838E+00  1.79970545E-01
 -2.66203017E-01  1.00000000E+00  4.91194862E-01 -3.50368479E-01  4.37912235E-01  1.24559251E+00  9.99924459E-01  1.84251041E-01
 -2.49945927E-01  1.00000000E+00  4.81043460E-01 -3.54082767E-01  4.42900596E-01  1.25108603E+00  9.99692269E-01  1.88545323E-01
 -2.35560203E-01  1.00000000E+00  4.72844959E-01 -3.58560401E-01  4.48155279E-01  1.25732514E+00  9.99846556E-01  1.93108937E-01
 -2.21174479E-01  1.00000000E+00  4.64646458E-01 -3.63056169E-01  4.53831179E-01  1.26360448E+00  1.00001701E+00  1.97690606E-01
 -2.08421419E-01  1.00000000E+00  4.57804080E-01 -3.68349901E-01  4.60116999E-01  1.27129790E+00  1.00004030E+00  2.03443201E-01
 -1.95668358E-01  1.00000000E+00  4.50961703E-01 -3.73669284E-01  4.66816391E-01  1.27905023E+00  1.00008630E+00  2.09222950E-01
 -1.83439085E-01  1.00000000E+00  4.45355410E-01 -3.79696858E-01  4.74663126E-01  1.28870670E+00  9.99673919E-01  2.16774582E-01
 -1.71209813E-01  1.00000000E+00  4.39749117E-01 -3.85759316E-01  4.82943035E-01  1.29844988E+00  9.99291831E-01  2.24368536E-01
 -1.58980541E-01  1.00000000E+00  4.34938761E-01 -3.94467811E-01  4.92995465E-01  1.31135044E+00  9.99830334E-01  2.33640076E-01
 -1.46751268E-01  1.00000000E+00  4.30128405E-01 -4.03248096E-01  5.03675705E-01  1.32440963E+00  1.00042718E+00  2.42986843E-01
 -1.34521996E-01  1.00000000E+00  4.28254693E-01 -4.13888146E-01  5.17642719E-01  1.34352773E+00  9.99366268E-01  2.58121093E-01
 -1.22292724E-01  1.00000000E+00  4.26380982E-01 -4.24645890E-01  5.32377737E-01  1.36295598E+00  9.98398598E-01  2.73418036E-01
 -1.10063451E-01  1.00000000E+00  4.21523165E-01 -4.43372543E-01  5.52687947E-01  1.39031905E+00  1.00137645E+00  2.91706949E-01
 -9.78341789E-02  1.00000000E+00  4.16665349E-01 -4.62431304E-01  5.73688146E-01  1.41836389E+00  1.00460567E+00  3.10318667E-01
 -8.56049065E-02  1.00000000E+00  4.37146378E-01 -4.81180656E-01  6.04335687E-01  1.47357965E+00  9.94456438E-01  3.59342412E-01
 -7.33756342E-02  1.00000000E+00  4.57627408E-01 -5.00459937E-01  6.39726588E-01  1.53095231E+00  9.84738993E-01  4.09659985E-01
 -6.11463618E-02  1.00000000E+00  4.01137593E-01 -5.47636945E-01  6.93601476E-01  1.58659997E+00  1.00421976E+00  4.36785158E-01
 -4.89170895E-02  1.00000000E+00  3.44647779E-01 -5.96693564E-01  7.34050021E-01  1.64521772E+00  1.02523722E+00  4.64985377E-01
 -3.66878171E-02  1.00000000E+00  7.36549167E-01 -7.58771282E-01  8.28459110E-01  2.00074160E+00  1.04012852E+00  7.20459814E-01
 -2.44585447E-02  1.00000000E+00  1.12845056E+00 -9.50593215E-01  1.05210720E+00  2.43556943E+00  1.07015234E+00  1.02406282E+00
 -1.22292724E-02  1.00000000E+00  1.09042790E-01 -3.69561078E-01  1.86445296E+00  3.36055379E+00  6.31208885E-01  2.04700868E+00
  0.00000000E+00  1.00000000E+00 -9.10364975E-01  3.76310415E-01  3.15529146E+00  5.28374135E+00  4.64580898E-01  3.61437034E+00
