# curve 5 (die wall), step =      100, time =   4.00000000E+01
# N1 = tau_xx - tau_yy = G ( c_xx - c_yy ),  G =  1.8000E-01  (polymer part only)
#              x               y        pressure            c_xy        gammadot            c_xx            c_yy              N1
 -3.00000000E+00  1.00000000E+00  2.18751698E+00 -1.40954072E+00  4.54363342E-01  5.57463765E+00  8.39063002E-01  8.52403437E-01
 -2.97524677E+00  1.00000000E+00  2.17262297E+00 -1.40938303E+00  4.54395420E-01  5.57415280E+00  8.39035210E-01  8.52321165E-01
 -2.95049355E+00  1.00000000E+00  2.15772896E+00 -1.40922535E+00  4.54431439E-01  5.57366798E+00  8.39007423E-01  8.52238901E-01
 -2.92574032E+00  1.00000000E+00  2.14294872E+00 -1.40952580E+00  4.54422305E-01  5.57396895E+00  8.39135278E-01  8.52270060E-01
 -2.90098710E+00  1.00000000E+00  2.12816848E+00 -1.40982628E+00  4.54357132E-01  5.57426996E+00  8.39263160E-01  8.52301224E-01
 -2.87623387E+00  1.00000000E+00  2.11345999E+00 -1.41001271E+00  4.54287104E-01  5.57520913E+00  8.39277634E-01  8.52467669E-01
 -2.85148064E+00  1.00000000E+00  2.09875150E+00 -1.41019916E+00  4.54175680E-01  5.57614845E+00  8.39292113E-01  8.52634141E-01
 -2.82672742E+00  1.00000000E+00  2.08381718E+00 -1.40959037E+00  4.54244725E-01  5.57516553E+00  8.39069829E-01  8.52497225E-01
 -2.80197419E+00  1.00000000E+00  2.06888285E+00 -1.40898173E+00  4.54350154E-01  5.57418286E+00  8.38847640E-01  8.52360340E-01
 -2.77722097E+00  1.00000000E+00  2.05407412E+00 -1.40929713E+00  4.54371648E-01  5.57433012E+00  8.38973401E-01  8.52364209E-01
 -2.75246774E+00  1.00000000E+00  2.03926538E+00 -1.40961254E+00  4.54394027E-01  5.57447743E+00  8.39099191E-01  8.52368083E-01
 -2.72771451E+00  1.00000000E+00  2.02451219E+00 -1.40957398E+00  4.54418848E-01  5.57451492E+00  8.39095910E-01  8.52375422E-01
 -2.70296129E+00  1.00000000E+00  2.00975900E+00 -1.40953542E+00  4.54404470E-01  5.57455241E+00  8.39092630E-01  8.52382761E-01
 -2.67820806E+00  1.00000000E+00  1.99491629E+00 -1.40954417E+00  4.54372046E-01  5.57450655E+00  8.39089161E-01  8.52375130E-01
 -2.65345484E+00  1.00000000E+00  1.98007359E+00 -1.40955292E+00  4.54371112E-01  5.57446069E+00  8.39085693E-01  8.52367500E-01
 -2.62870161E+00  1.00000000E+00  1.96528416E+00 -1.40955391E+00  4.54362982E-01  5.57428225E+00  8.39103641E-01  8.52332149E-01
 -2.60394839E+00  1.00000000E+00  1.95049473E+00 -1.40955491E+00  4.54348137E-01  5.57410381E+00  8.39121589E-01  8.52296800E-01
 -2.57919516E+00  1.00000000E+00  1.93568642E+00 -1.40955752E+00  4.54377709E-01  5.57398273E+00  8.39145262E-01  8.52270745E-01
 -2.55444193E+00  1.00000000E+00  1.92087812E+00 -1.40956013E+00  4.54375855E-01  5.57386166E+00  8.39168936E-01  8.52244691E-01
 -2.52968871E+00  1.00000000E+00  1.90612262E+00 -1.40971785E+00  4.54325340E-01  5.57447722E+00  8.39195500E-01  8.52350710E-01
 -2.50493548E+00  1.00000000E+00  1.89136712E+00 -1.40987559E+00  4.54251783E-01  5.57509285E+00  8.39222068E-01  8.52456741E-01
 -2.48018226E+00  1.00000000E+00  1.87643462E+00 -1.40946757E+00  4.54326759E-01  5.57446583E+00  8.39061978E-01  8.52372694E-01
 -2.45542903E+00  1.00000000E+00  1.86150213E+00 -1.40905962E+00  4.54414729E-01  5.57383893E+00  8.38901932E-01  8.52288660E-01
 -2.43067580E+00  1.00000000E+00  1.84671966E+00 -1.40926640E+00  4.54451364E-01  5.57416591E+00  8.38963327E-01  8.52336464E-01
 -2.40592258E+00  1.00000000E+00  1.83193719E+00 -1.40947320E+00  4.54486152E-01  5.57449291E+00  8.39024734E-01  8.52384272E-01
 -2.38116935E+00  1.00000000E+00  1.81718326E+00 -1.40953439E+00  4.54500690E-01  5.57444672E+00  8.39082794E-01  8.52365507E-01
 -2.35641613E+00  1.00000000E+00  1.80242934E+00 -1.40959558E+00  4.54473854E-01  5.57440053E+00  8.39140858E-01  8.52346742E-01
 -2.33166290E+00  1.00000000E+00  1.78758226E+00 -1.40950863E+00  4.54439910E-01  5.57455380E+00  8.39076274E-01  8.52385956E-01
 -2.30690967E+00  1.00000000E+00  1.77273519E+00 -1.40942168E+00  4.54424655E-01  5.57470709E+00  8.39011694E-01  8.52425171E-01
 -2.28215645E+00  1.00000000E+00  1.75791488E+00 -1.40955160E+00  4.54423218E-01  5.57477017E+00  8.39062060E-01  8.52427460E-01
 -2.25740322E+00  1.00000000E+00  1.74309457E+00 -1.40968152E+00  4.54412418E-01  5.57483326E+00  8.39112432E-01  8.52429749E-01
 -2.23265000E+00  1.00000000E+00  1.72834879E+00 -1.40983880E+00  4.54378809E-01  5.57526259E+00  8.39170335E-01  8.52496605E-01
 -2.20789677E+00  1.00000000E+00  1.71360301E+00 -1.40999609E+00  4.54302032E-01  5.57569195E+00  8.39228243E-01  8.52563467E-01
 -2.18314354E+00  1.00000000E+00  1.69870111E+00 -1.40958498E+00  4.54341437E-01  5.57487898E+00  8.39086147E-01  8.52442711E-01
 -2.15839032E+00  1.00000000E+00  1.68379922E+00 -1.40917395E+00  4.54407925E-01  5.57406617E+00  8.38944092E-01  8.52321974E-01
 -2.13363709E+00  1.00000000E+00  1.66900418E+00 -1.40923943E+00  4.54442720E-01  5.57425157E+00  8.38947359E-01  8.52354759E-01
 -2.10888387E+00  1.00000000E+00  1.65420913E+00 -1.40930492E+00  4.54485155E-01  5.57443698E+00  8.38950627E-01  8.52387543E-01
 -2.08413064E+00  1.00000000E+00  1.63938596E+00 -1.40942487E+00  4.54514986E-01  5.57457387E+00  8.38999513E-01  8.52403384E-01
 -2.05937741E+00  1.00000000E+00  1.62456279E+00 -1.40954483E+00  4.54513240E-01  5.57471077E+00  8.39048403E-01  8.52419226E-01
 -2.03462419E+00  1.00000000E+00  1.60977629E+00 -1.40950939E+00  4.54500067E-01  5.57454275E+00  8.39058642E-01  8.52387140E-01
 -2.00987096E+00  1.00000000E+00  1.59498980E+00 -1.40947396E+00  4.54472449E-01  5.57437474E+00  8.39068882E-01  8.52355054E-01
 -1.98511774E+00  1.00000000E+00  1.58014181E+00 -1.40955020E+00  4.54431733E-01  5.57418450E+00  8.39120675E-01  8.52311488E-01
 -1.96036451E+00  1.00000000E+00  1.56529382E+00 -1.40962643E+00  4.54387969E-01  5.57399427E+00  8.39172472E-01  8.52267925E-01
 -1.93561128E+00  1.00000000E+00  1.55055083E+00 -1.40973924E+00  4.54334277E-01  5.57405506E+00  8.39241193E-01  8.52266496E-01
 -1.91085806E+00  1.00000000E+00  1.53580784E+00 -1.40985206E+00  4.54249425E-01  5.57411585E+00  8.39309920E-01  8.52265068E-01
 -1.88610483E+00  1.00000000E+00  1.52092174E+00 -1.40959764E+00  4.54200513E-01  5.57383909E+00  8.39191425E-01  8.52236580E-01
 -1.86135161E+00  1.00000000E+00  1.50603564E+00 -1.40934325E+00  4.54169977E-01  5.57356236E+00  8.39072949E-01  8.52208095E-01
 -1.83659838E+00  1.00000000E+00  1.49117471E+00 -1.40933958E+00  4.54192852E-01  5.57268602E+00  8.39161134E-01  8.52034480E-01
 -1.81184516E+00  1.00000000E+00  1.47631379E+00 -1.40933591E+00  4.54197472E-01  5.57180984E+00  8.39249327E-01  8.51860892E-01
 -1.78709193E+00  1.00000000E+00  1.46164800E+00 -1.40958011E+00  4.54115506E-01  5.57250645E+00  8.39324350E-01  8.51972778E-01
 -1.76233870E+00  1.00000000E+00  1.44698221E+00 -1.40982435E+00  4.53994987E-01  5.57320315E+00  8.39399386E-01  8.52084678E-01
 -1.73758548E+00  1.00000000E+00  1.43199857E+00 -1.40944374E+00  4.53980761E-01  5.57243317E+00  8.39265623E-01  8.51970158E-01
 -1.71283225E+00  1.00000000E+00  1.41701493E+00 -1.40906320E+00  4.53972303E-01  5.57166332E+00  8.39131895E-01  8.51855656E-01
 -1.68807903E+00  1.00000000E+00  1.40217554E+00 -1.40914721E+00  4.53899448E-01  5.57087864E+00  8.39237169E-01  8.51695465E-01
 -1.66332580E+00  1.00000000E+00  1.38733616E+00 -1.40923121E+00  4.53841546E-01  5.57009412E+00  8.39342452E-01  8.51535301E-01
 -1.63857257E+00  1.00000000E+00  1.37254277E+00 -1.40898726E+00  4.53861104E-01  5.56952612E+00  8.39281568E-01  8.51444019E-01
 -1.61381935E+00  1.00000000E+00  1.35774938E+00 -1.40874334E+00  4.53829889E-01  5.56895819E+00  8.39220698E-01  8.51352748E-01
 -1.58906612E+00  1.00000000E+00  1.34285172E+00 -1.40859869E+00  4.53722408E-01  5.56781034E+00  8.39240756E-01  8.51142525E-01
 -1.56431290E+00  1.00000000E+00  1.32795405E+00 -1.40845406E+00  4.53652958E-01  5.56666274E+00  8.39260817E-01  8.50932346E-01
 -1.53955967E+00  1.00000000E+00  1.31319566E+00 -1.40830346E+00  4.53603350E-01  5.56536890E+00  8.39311767E-01  8.50690283E-01
 -1.51480644E+00  1.00000000E+00  1.29843727E+00 -1.40815288E+00  4.53529977E-01  5.56407536E+00  8.39362725E-01  8.50448275E-01
 -1.49005322E+00  1.00000000E+00  1.28365843E+00 -1.40820464E+00  4.53412874E-01  5.56245979E+00  8.39562408E-01  8.50121529E-01
 -1.46529999E+00  1.00000000E+00  1.26887958E+00 -1.40825639E+00  4.53225216E-01  5.56084479E+00  8.39762128E-01  8.49794879E-01
 -1.44054677E+00  1.00000000E+00  1.25411135E+00 -1.40826160E+00  4.52998583E-01  5.55995645E+00  8.39870586E-01  8.49615456E-01
 -1.41579354E+00  1.00000000E+00  1.23934312E+00 -1.40826681E+00  4.52707159E-01  5.55906828E+00  8.39979057E-01  8.49436060E-01
 -1.39104031E+00  1.00000000E+00  1.22440587E+00 -1.40731569E+00  4.52586385E-01  5.55573656E+00  8.39796646E-01  8.48869184E-01
 -1.36628709E+00  1.00000000E+00  1.20946861E+00 -1.40636513E+00  4.52527076E-01  5.55240686E+00  8.39614407E-01  8.48302641E-01
 -1.34153386E+00  1.00000000E+00  1.19468000E+00 -1.40635856E+00  4.52360545E-01  5.55022727E+00  8.39798871E-01  8.47877112E-01
 -1.31678064E+00  1.00000000E+00  1.17989140E+00 -1.40635197E+00  4.52172666E-01  5.54804868E+00  8.39983360E-01  8.47451757E-01
 -1.29202741E+00  1.00000000E+00  1.16515639E+00 -1.40611165E+00  4.51932668E-01  5.54563999E+00  8.40110016E-01  8.46995396E-01
 -1.26727418E+00  1.00000000E+00  1.15042138E+00 -1.40587142E+00  4.51642290E-01  5.54323240E+00  8.40236707E-01  8.46539225E-01
 -1.24252096E+00  1.00000000E+00  1.13574233E+00 -1.40571485E+00  4.51343412E-01  5.54063893E+00  8.40412752E-01  8.46040712E-01
 -1.21776773E+00  1.00000000E+00  1.12106328E+00 -1.40555832E+00  4.51000007E-01  5.53804677E+00  8.40588835E-01  8.45542428E-01
 -1.19301451E+00  1.00000000E+00  1.10623631E+00 -1.40443797E+00  4.50703686E-01  5.53279396E+00  8.40517163E-01  8.44609824E-01
 -1.16826128E+00  1.00000000E+00  1.09140935E+00 -1.40331857E+00  4.50466859E-01  5.52754612E+00  8.40445721E-01  8.43678072E-01
 -1.14350806E+00  1.00000000E+00  1.07676688E+00 -1.40307602E+00  4.50120775E-01  5.52403386E+00  8.40647294E-01  8.43009583E-01
 -1.11875483E+00  1.00000000E+00  1.06212441E+00 -1.40283356E+00  4.49747606E-01  5.52052401E+00  8.40848915E-01  8.42341517E-01
 -1.09400160E+00  1.00000000E+00  1.04747337E+00 -1.40222657E+00  4.49354356E-01  5.51595312E+00  8.40974078E-01  8.41496228E-01
 -1.06924838E+00  1.00000000E+00  1.03282233E+00 -1.40161996E+00  4.48971464E-01  5.51138611E+00  8.41099332E-01  8.40651621E-01
 -1.04449515E+00  1.00000000E+00  1.01827783E+00 -1.40088484E+00  4.48557521E-01  5.50573304E+00  8.41267501E-01  8.39603797E-01
 -1.01974193E+00  1.00000000E+00  1.00373332E+00 -1.40015031E+00  4.48118238E-01  5.50008591E+00  8.41435813E-01  8.38557018E-01
 -9.94988700E-01  1.00000000E+00  9.89284707E-01 -1.39933735E+00  4.47611258E-01  5.49395879E+00  8.41623464E-01  8.37420358E-01
 -9.70235474E-01  1.00000000E+00  9.74836089E-01 -1.39852512E+00  4.47110137E-01  5.48783865E+00  8.41811300E-01  8.36284923E-01
 -9.45482248E-01  1.00000000E+00  9.60386753E-01 -1.39772357E+00  4.46568496E-01  5.48163292E+00  8.41995861E-01  8.35134671E-01
 -9.20729022E-01  1.00000000E+00  9.45937418E-01 -1.39692273E+00  4.46027816E-01  5.47543440E+00  8.42180591E-01  8.33985685E-01
 -8.95975796E-01  1.00000000E+00  9.31728924E-01 -1.39581993E+00  4.45470657E-01  5.46745128E+00  8.42383526E-01  8.32512195E-01
 -8.71222570E-01  1.00000000E+00  9.17520431E-01 -1.39471841E+00  4.44910879E-01  5.45948005E+00  8.42586754E-01  8.31040793E-01
 -8.46469344E-01  1.00000000E+00  9.03433688E-01 -1.39400221E+00  4.44249654E-01  5.45252898E+00  8.42919959E-01  8.29729623E-01
 -8.21716118E-01  1.00000000E+00  8.89346944E-01 -1.39328669E+00  4.43551950E-01  5.44558716E+00  8.43253412E-01  8.28420075E-01
 -7.97201467E-01  1.00000000E+00  8.75497828E-01 -1.39236631E+00  4.42996084E-01  5.43862328E+00  8.43440337E-01  8.27132930E-01
 -7.72686817E-01  1.00000000E+00  8.61648711E-01 -1.39144684E+00  4.42435960E-01  5.43166854E+00  8.43627463E-01  8.25847394E-01
 -7.49503432E-01  1.00000000E+00  8.48838801E-01 -1.39064071E+00  4.41847622E-01  5.42499729E+00  8.43880320E-01  8.24601054E-01
 -7.26320047E-01  1.00000000E+00  8.36028892E-01 -1.38983534E+00  4.41255486E-01  5.41833450E+00  8.44133397E-01  8.23356198E-01
 -7.04527831E-01  1.00000000E+00  8.24222298E-01 -1.38881948E+00  4.40663813E-01  5.41172131E+00  8.44275932E-01  8.22140168E-01
 -6.82735615E-01  1.00000000E+00  8.12415705E-01 -1.38780464E+00  4.40154879E-01  5.40511630E+00  8.44418718E-01  8.20925565E-01
 -6.62251087E-01  1.00000000E+00  8.01323502E-01 -1.38701485E+00  4.39853391E-01  5.40070806E+00  8.44402851E-01  8.20134938E-01
 -6.41766559E-01  1.00000000E+00  7.90231299E-01 -1.38622561E+00  4.39558351E-01  5.39630344E+00  8.44387083E-01  8.19344943E-01
 -6.22511254E-01  1.00000000E+00  7.80251527E-01 -1.38563075E+00  4.39210958E-01  5.39193621E+00  8.44517629E-01  8.18535344E-01
 -6.03255949E-01  1.00000000E+00  7.70271755E-01 -1.38503628E+00  4.38885621E-01  5.38757260E+00  8.44648273E-01  8.17726378E-01
 -5.85156097E-01  1.00000000E+00  7.61133967E-01 -1.38457585E+00  4.38591558E-01  5.38377815E+00  8.44781474E-01  8.17019401E-01
 -5.67056245E-01  1.00000000E+00  7.51996180E-01 -1.38411568E+00  4.38360821E-01  5.37998646E+00  8.44914738E-01  8.16312910E-01
 -5.50042515E-01  1.00000000E+00  7.43530300E-01 -1.38391633E+00  4.38306415E-01  5.37905146E+00  8.44884213E-01  8.16150105E-01
 -5.33028786E-01  1.00000000E+00  7.35064420E-01 -1.38371702E+00  4.38211373E-01  5.37811662E+00  8.44853693E-01  8.15987328E-01
 -5.17036006E-01  1.00000000E+00  7.27585671E-01 -1.38418129E+00  4.38118725E-01  5.37845386E+00  8.45118495E-01  8.16000366E-01
 -5.01043227E-01  1.00000000E+00  7.20106923E-01 -1.38464563E+00  4.38043832E-01  5.37879121E+00  8.45383383E-01  8.16013408E-01
 -4.86010125E-01  1.00000000E+00  7.13036958E-01 -1.38434120E+00  4.38099127E-01  5.37949247E+00  8.45117656E-01  8.16187467E-01
 -4.70977023E-01  1.00000000E+00  7.05966993E-01 -1.38403678E+00  4.38370139E-01  5.38019396E+00  8.44852002E-01  8.16361552E-01
 -4.56846016E-01  1.00000000E+00  6.99895905E-01 -1.38469907E+00  4.38560724E-01  5.38388679E+00  8.44836463E-01  8.17029059E-01
 -4.42715008E-01  1.00000000E+00  6.93824817E-01 -1.38536175E+00  4.38892387E-01  5.38758217E+00  8.44821008E-01  8.17697010E-01
 -4.29431964E-01  1.00000000E+00  6.88205006E-01 -1.38635303E+00  4.39422201E-01  5.39481649E+00  8.44624373E-01  8.19034581E-01
 -4.16148920E-01  1.00000000E+00  6.82585195E-01 -1.38734534E+00  4.40009212E-01  5.40206075E+00  8.44427984E-01  8.20373897E-01
 -4.03662954E-01  1.00000000E+00  6.77634254E-01 -1.38778786E+00  4.40432419E-01  5.40779606E+00  8.44106759E-01  8.21464075E-01
 -3.91176988E-01  1.00000000E+00  6.72683313E-01 -1.38823068E+00  4.41069128E-01  5.41353790E+00  8.43785672E-01  8.22555402E-01
 -3.79440270E-01  1.00000000E+00  6.68337719E-01 -1.38985151E+00  4.41798163E-01  5.42315410E+00  8.43659236E-01  8.24309076E-01
 -3.67703552E-01  1.00000000E+00  6.63992126E-01 -1.39147476E+00  4.42646712E-01  5.43278750E+00  8.43533374E-01  8.26065743E-01
 -3.56671122E-01  1.00000000E+00  6.60217812E-01 -1.39302817E+00  4.43720529E-01  5.44456031E+00  8.43166070E-01  8.28250962E-01
 -3.45638692E-01  1.00000000E+00  6.56443499E-01 -1.39458422E+00  4.44740613E-01  5.45635927E+00  8.42799449E-01  8.30440767E-01
 -3.35268287E-01  1.00000000E+00  6.53256426E-01 -1.39590346E+00  4.45402930E-01  5.46692103E+00  8.42504578E-01  8.32394962E-01
 -3.24897882E-01  1.00000000E+00  6.50069353E-01 -1.39722461E+00  4.46388878E-01  5.47750389E+00  8.42210105E-01  8.34352881E-01
 -3.15149775E-01  1.00000000E+00  6.47311143E-01 -1.39945833E+00  4.47584175E-01  5.49307148E+00  8.41865010E-01  8.37217165E-01
 -3.05401669E-01  1.00000000E+00  6.44552933E-01 -1.40169709E+00  4.48861895E-01  5.50868415E+00  8.41521044E-01  8.40089359E-01
 -2.96238520E-01  1.00000000E+00  6.42228633E-01 -1.40318155E+00  4.50064503E-01  5.52485598E+00  8.40693481E-01  8.43149250E-01
 -2.87075371E-01  1.00000000E+00  6.39904332E-01 -1.40466915E+00  4.51563573E-01  5.54107790E+00  8.39867148E-01  8.46217935E-01
 -2.78462077E-01  1.00000000E+00  6.38103043E-01 -1.40737291E+00  4.53306756E-01  5.56063761E+00  8.39318837E-01  8.49837379E-01
 -2.69848783E-01  1.00000000E+00  6.36301753E-01 -1.41008431E+00  4.55121040E-01  5.58026778E+00  8.38772497E-01  8.53469150E-01
 -2.61752348E-01  1.00000000E+00  6.35133764E-01 -1.41301430E+00  4.56603085E-01  5.59974721E+00  8.38472478E-01  8.57029451E-01
 -2.53655913E-01  1.00000000E+00  6.33965774E-01 -1.41595250E+00  4.58244085E-01  5.61929565E+00  8.38174130E-01  8.60601873E-01
 -2.46045323E-01  1.00000000E+00  6.32947584E-01 -1.41810367E+00  4.60103399E-01  5.64004776E+00  8.37277475E-01  8.64498651E-01
 -2.38434732E-01  1.00000000E+00  6.31929393E-01 -1.42026073E+00  4.61926890E-01  5.66087988E+00  8.36382699E-01  8.68409493E-01
 -2.31280830E-01  1.00000000E+00  6.31601596E-01 -1.42308700E+00  4.63548688E-01  5.68149057E+00  8.35933408E-01  8.72200290E-01
 -2.24126928E-01  1.00000000E+00  6.31273799E-01 -1.42592132E+00  4.65297200E-01  5.70217792E+00  8.35485813E-01  8.76004579E-01
 -2.17402314E-01  1.00000000E+00  6.31308739E-01 -1.42899281E+00  4.66946187E-01  5.72335372E+00  8.35077084E-01  8.79889794E-01
 -2.10677699E-01  1.00000000E+00  6.31343680E-01 -1.43207346E+00  4.68707754E-01  5.74460945E+00  8.34670366E-01  8.83789036E-01
 -2.04351753E-01  1.00000000E+00  6.31644098E-01 -1.43496117E+00  4.70774864E-01  5.76858050E+00  8.33887656E-01  8.88244712E-01
 -1.98025807E-01  1.00000000E+00  6.31944515E-01 -1.43785814E+00  4.72803006E-01  5.79265464E+00  8.33107340E-01  8.92718514E-01
 -1.91837501E-01  1.00000000E+00  6.32771272E-01 -1.44114675E+00  4.74793886E-01  5.81778363E+00  8.32540019E-01  8.97343850E-01
 -1.85649194E-01  1.00000000E+00  6.33598029E-01 -1.44444631E+00  4.76842255E-01  5.84302431E+00  8.31974927E-01  9.01988888E-01
 -1.79460888E-01  1.00000000E+00  6.34684790E-01 -1.44755776E+00  4.79251958E-01  5.87234862E+00  8.30847163E-01  9.07470262E-01
 -1.73272582E-01  1.00000000E+00  6.35771551E-01 -1.45068075E+00  4.81656377E-01  5.90182607E+00  8.29722735E-01  9.12978599E-01
 -1.67084275E-01  1.00000000E+00  6.37924238E-01 -1.45446169E+00  4.83663081E-01  5.92714055E+00  8.29392566E-01  9.17594637E-01
 -1.60895969E-01  1.00000000E+00  6.40076926E-01 -1.45825571E+00  4.85897100E-01  5.95256508E+00  8.29065001E-01  9.22230013E-01
 -1.54707662E-01  1.00000000E+00  6.42541870E-01 -1.46175715E+00  4.88656201E-01  5.98465338E+00  8.27919560E-01  9.28212087E-01
 -1.48519356E-01  1.00000000E+00  6.45006814E-01 -1.46527265E+00  4.91227042E-01  6.01692112E+00  8.26777976E-01  9.34225765E-01
 -1.42331049E-01  1.00000000E+00  6.48667988E-01 -1.47250544E+00  4.93676818E-01  6.05083231E+00  8.27646681E-01  9.40173413E-01
 -1.36142743E-01  1.00000000E+00  6.52329162E-01 -1.47977521E+00  4.95996418E-01  6.08493422E+00  8.28523346E-01  9.46153958E-01
 -1.29954436E-01  1.00000000E+00  6.57067568E-01 -1.48122575E+00  4.96647324E-01  6.10163342E+00  8.27905393E-01  9.49271045E-01
 -1.23766130E-01  1.00000000E+00  6.61805974E-01 -1.48267869E+00  4.97943763E-01  6.11838112E+00  8.27288020E-01  9.52396757E-01
 -1.17577823E-01  1.00000000E+00  6.68817687E-01 -1.48485233E+00  4.97892742E-01  6.12724992E+00  8.27728266E-01  9.53913898E-01
 -1.11389517E-01  1.00000000E+00  6.75829401E-01 -1.48702900E+00  4.98388274E-01  6.13613160E+00  8.28169247E-01  9.55433223E-01
 -1.05201210E-01  1.00000000E+00  6.83848841E-01 -1.49183548E+00  4.99844986E-01  6.14645634E+00  8.29901678E-01  9.56979839E-01
 -9.90129037E-02  1.00000000E+00  6.91868281E-01 -1.49665244E+00  4.99764683E-01  6.15680224E+00  8.31639388E-01  9.58529313E-01
 -9.28245972E-02  1.00000000E+00  7.04220220E-01 -1.50057357E+00  4.97547473E-01  6.13726293E+00  8.35805555E-01  9.54262327E-01
 -8.66362908E-02  1.00000000E+00  7.16572158E-01 -1.50449164E+00  4.92337671E-01  6.11782279E+00  8.39988582E-01  9.50010157E-01
 -8.04479843E-02  1.00000000E+00  7.38290915E-01 -1.50025760E+00  4.79534963E-01  6.00996731E+00  8.49098152E-01  9.28956449E-01
 -7.42596778E-02  1.00000000E+00  7.60009672E-01 -1.49609089E+00  4.67882555E-01  5.90421291E+00  8.58306838E-01  9.08263094E-01
 -6.80713713E-02  1.00000000E+00  7.80030584E-01 -1.48192244E+00  4.57143619E-01  5.75721691E+00  8.65607965E-01  8.80489609E-01
 -6.18830648E-02  1.00000000E+00  8.00051496E-01 -1.46801901E+00  4.36357921E-01  5.61407114E+00  8.73013608E-01  8.53390355E-01
 -5.56947583E-02  1.00000000E+00  8.57769420E-01 -1.56430107E+00  3.99581409E-01  5.26342423E+00  9.72972309E-01  7.72281345E-01
 -4.95064519E-02  1.00000000E+00  9.15487344E-01 -1.65999031E+00  3.53185508E-01  4.95313148E+00  1.08206875E+00  6.96791291E-01
 -4.33181454E-02  1.00000000E+00  1.05050776E+00 -1.26009954E+00  2.21714596E-01  3.42812190E+00  1.07907662E+00  4.22828150E-01
 -3.71298389E-02  1.00000000E+00  1.18552818E+00 -9.66844109E-01  1.27913794E-01  2.37138585E+00  1.11608173E+00  2.25954740E-01
 -3.09415324E-02  1.00000000E+00  1.39551630E+00 -7.00843417E-01  3.50999528E-02  1.50923496E+00  1.23838331E+00  4.87532976E-02
 -2.47532259E-02  1.00000000E+00  1.60550443E+00 -5.10259761E-01  1.18478324E-01  9.58099143E-01  1.42922031E+00 -8.48018093E-02
 -1.85649194E-02  1.00000000E+00  2.21527622E+00 -7.31458569E-01  2.81751542E-01  1.65942357E+00  1.12143440E+00  9.68380511E-02
 -1.23766130E-02  1.00000000E+00  2.82504800E+00 -1.06479238E+00  3.83603460E-01  2.86309337E+00  9.49691343E-01  3.44412366E-01
 -6.18830648E-03  1.00000000E+00  1.68673685E+00  1.58172969E+00  1.32895604E+00  4.33263871E+00  1.22209969E+00  5.59897025E-01
  0.00000000E+00  1.00000000E+00  5.48425693E-01  1.19197262E+01  7.38304011E+00  1.75771633E+01  8.36317348E+00  1.65851817E+00
