# curve 5 (die wall), step =      300, time =   1.20000000E+02
# N1 = tau_xx - tau_yy = G ( c_xx - c_yy ),  G =  1.4000E+00  (polymer part only)
#              x               y        pressure            c_xy        gammadot            c_xx            c_yy              N1
 -3.00000000E+00  1.00000000E+00  2.59952105E+00 -1.98316369E-01  4.01018747E-01  1.07501406E+00  9.96074165E-01  1.10515854E-01
 -2.97524677E+00  1.00000000E+00  2.57981937E+00 -1.98314782E-01  4.01021072E-01  1.07502172E+00  9.96070378E-01  1.10531877E-01
 -2.95049355E+00  1.00000000E+00  2.56011769E+00 -1.98313196E-01  4.01022369E-01  1.07502938E+00  9.96066591E-01  1.10547901E-01
 -2.92574032E+00  1.00000000E+00  2.54041604E+00 -1.98314820E-01  4.01023332E-01  1.07502576E+00  9.96068577E-01  1.10540059E-01
 -2.90098710E+00  1.00000000E+00  2.52071439E+00 -1.98316445E-01  4.01023415E-01  1.07502215E+00  9.96070564E-01  1.10532217E-01
 -2.87623387E+00  1.00000000E+00  2.50101962E+00 -1.98318836E-01  4.01022713E-01  1.07501157E+00  9.96075776E-01  1.10510105E-01
 -2.85148064E+00  1.00000000E+00  2.48132486E+00 -1.98321228E-01  4.01020711E-01  1.07500098E+00  9.96080989E-01  1.10487993E-01
 -2.82672742E+00  1.00000000E+00  2.46161790E+00 -1.98317742E-01  4.01020630E-01  1.07501252E+00  9.96075137E-01  1.10512329E-01
 -2.80197419E+00  1.00000000E+00  2.44191093E+00 -1.98314256E-01  4.01022661E-01  1.07502405E+00  9.96069286E-01  1.10536665E-01
 -2.77722097E+00  1.00000000E+00  2.42221141E+00 -1.98315609E-01  4.01020653E-01  1.07502038E+00  9.96071011E-01  1.10529114E-01
 -2.75246774E+00  1.00000000E+00  2.40251188E+00 -1.98316963E-01  4.01020566E-01  1.07501671E+00  9.96072736E-01  1.10521563E-01
 -2.72771451E+00  1.00000000E+00  2.38281078E+00 -1.98316290E-01  4.01022611E-01  1.07501979E+00  9.96071431E-01  1.10527699E-01
 -2.70296129E+00  1.00000000E+00  2.36310968E+00 -1.98315616E-01  4.01023415E-01  1.07502287E+00  9.96070127E-01  1.10533836E-01
 -2.67820806E+00  1.00000000E+00  2.34340873E+00 -1.98316653E-01  4.01022054E-01  1.07501915E+00  9.96071936E-01  1.10526100E-01
 -2.65345484E+00  1.00000000E+00  2.32370779E+00 -1.98317690E-01  4.01021616E-01  1.07501543E+00  9.96073744E-01  1.10518363E-01
 -2.62870161E+00  1.00000000E+00  2.30400794E+00 -1.98317057E-01  4.01021014E-01  1.07501659E+00  9.96073136E-01  1.10520834E-01
 -2.60394839E+00  1.00000000E+00  2.28430809E+00 -1.98316425E-01  4.01020258E-01  1.07501775E+00  9.96072528E-01  1.10523304E-01
 -2.57919516E+00  1.00000000E+00  2.26460518E+00 -1.98315647E-01  4.01021739E-01  1.07502119E+00  9.96070924E-01  1.10530369E-01
 -2.55444193E+00  1.00000000E+00  2.24490227E+00 -1.98314868E-01  4.01022341E-01  1.07502463E+00  9.96069319E-01  1.10537434E-01
 -2.52968871E+00  1.00000000E+00  2.22520422E+00 -1.98316610E-01  4.01021361E-01  1.07501695E+00  9.96072957E-01  1.10521595E-01
 -2.50493548E+00  1.00000000E+00  2.20550616E+00 -1.98318351E-01  4.01020003E-01  1.07500928E+00  9.96076595E-01  1.10505755E-01
 -2.48018226E+00  1.00000000E+00  2.18580211E+00 -1.98315775E-01  4.01020142E-01  1.07501763E+00  9.96072436E-01  1.10523279E-01
 -2.45542903E+00  1.00000000E+00  2.16609806E+00 -1.98313199E-01  4.01021309E-01  1.07502599E+00  9.96068277E-01  1.10540802E-01
 -2.43067580E+00  1.00000000E+00  2.14639741E+00 -1.98313886E-01  4.01020010E-01  1.07502427E+00  9.96069018E-01  1.10537355E-01
 -2.40592258E+00  1.00000000E+00  2.12669675E+00 -1.98314573E-01  4.01019924E-01  1.07502255E+00  9.96069760E-01  1.10533908E-01
 -2.38116935E+00  1.00000000E+00  2.10699574E+00 -1.98314131E-01  4.01021404E-01  1.07502467E+00  9.96068966E-01  1.10537990E-01
 -2.35641613E+00  1.00000000E+00  2.08729473E+00 -1.98313689E-01  4.01021928E-01  1.07502680E+00  9.96068172E-01  1.10542072E-01
 -2.33166290E+00  1.00000000E+00  2.06759457E+00 -1.98314126E-01  4.01020603E-01  1.07502326E+00  9.96069634E-01  1.10535078E-01
 -2.30690967E+00  1.00000000E+00  2.04789441E+00 -1.98314562E-01  4.01019875E-01  1.07501973E+00  9.96071097E-01  1.10528083E-01
 -2.28215645E+00  1.00000000E+00  2.02819347E+00 -1.98314928E-01  4.01018768E-01  1.07501749E+00  9.96072163E-01  1.10523459E-01
 -2.25740322E+00  1.00000000E+00  2.00849252E+00 -1.98315293E-01  4.01017179E-01  1.07501525E+00  9.96073229E-01  1.10518836E-01
 -2.23265000E+00  1.00000000E+00  1.98879348E+00 -1.98315503E-01  4.01016772E-01  1.07501202E+00  9.96074632E-01  1.10512346E-01
 -2.20789677E+00  1.00000000E+00  1.96909444E+00 -1.98315712E-01  4.01015469E-01  1.07500879E+00  9.96076035E-01  1.10505856E-01
 -2.18314354E+00  1.00000000E+00  1.94939013E+00 -1.98313141E-01  4.01014879E-01  1.07501593E+00  9.96072410E-01  1.10520931E-01
 -2.15839032E+00  1.00000000E+00  1.92968583E+00 -1.98310570E-01  4.01015172E-01  1.07502308E+00  9.96068785E-01  1.10536006E-01
 -2.13363709E+00  1.00000000E+00  1.90998611E+00 -1.98310602E-01  4.01013164E-01  1.07502158E+00  9.96069231E-01  1.10533283E-01
 -2.10888387E+00  1.00000000E+00  1.89028639E+00 -1.98310634E-01  4.01012652E-01  1.07502008E+00  9.96069676E-01  1.10530560E-01
 -2.08413064E+00  1.00000000E+00  1.87058528E+00 -1.98310274E-01  4.01012692E-01  1.07502115E+00  9.96069193E-01  1.10532743E-01
 -2.05937741E+00  1.00000000E+00  1.85088416E+00 -1.98309913E-01  4.01011690E-01  1.07502223E+00  9.96068710E-01  1.10534927E-01
 -2.03462419E+00  1.00000000E+00  1.83118398E+00 -1.98308975E-01  4.01010760E-01  1.07502119E+00  9.96068988E-01  1.10533088E-01
 -2.00987096E+00  1.00000000E+00  1.81148381E+00 -1.98308037E-01  4.01009482E-01  1.07502016E+00  9.96069267E-01  1.10531249E-01
 -1.98511774E+00  1.00000000E+00  1.79178419E+00 -1.98307893E-01  4.01006333E-01  1.07501655E+00  9.96070739E-01  1.10524131E-01
 -1.96036451E+00  1.00000000E+00  1.77208458E+00 -1.98307749E-01  4.01003415E-01  1.07501293E+00  9.96072211E-01  1.10517013E-01
 -1.93561128E+00  1.00000000E+00  1.75238599E+00 -1.98307042E-01  4.01001652E-01  1.07500977E+00  9.96073327E-01  1.10511021E-01
 -1.91085806E+00  1.00000000E+00  1.73268741E+00 -1.98306336E-01  4.00998813E-01  1.07500661E+00  9.96074444E-01  1.10505030E-01
 -1.88610483E+00  1.00000000E+00  1.71298905E+00 -1.98305161E-01  4.00994984E-01  1.07500341E+00  9.96075550E-01  1.10499003E-01
 -1.86135161E+00  1.00000000E+00  1.69329070E+00 -1.98303985E-01  4.00990770E-01  1.07500021E+00  9.96076657E-01  1.10492977E-01
 -1.83659838E+00  1.00000000E+00  1.67358783E+00 -1.98300628E-01  4.00987534E-01  1.07500564E+00  9.96073293E-01  1.10505284E-01
 -1.81184516E+00  1.00000000E+00  1.65388496E+00 -1.98297271E-01  4.00984898E-01  1.07501107E+00  9.96069930E-01  1.10517590E-01
 -1.78709193E+00  1.00000000E+00  1.63419148E+00 -1.98297620E-01  4.00981974E-01  1.07500175E+00  9.96074108E-01  1.10498700E-01
 -1.76233870E+00  1.00000000E+00  1.61449799E+00 -1.98297970E-01  4.00977729E-01  1.07499244E+00  9.96078287E-01  1.10479809E-01
 -1.73758548E+00  1.00000000E+00  1.59479932E+00 -1.98294662E-01  4.00972209E-01  1.07499264E+00  9.96077164E-01  1.10481669E-01
 -1.71283225E+00  1.00000000E+00  1.57510065E+00 -1.98291354E-01  4.00967406E-01  1.07499285E+00  9.96076041E-01  1.10483528E-01
 -1.68807903E+00  1.00000000E+00  1.55540490E+00 -1.98289742E-01  4.00959875E-01  1.07498622E+00  9.96078335E-01  1.10471042E-01
 -1.66332580E+00  1.00000000E+00  1.53570915E+00 -1.98288130E-01  4.00951794E-01  1.07497960E+00  9.96080630E-01  1.10458555E-01
 -1.63857257E+00  1.00000000E+00  1.51601513E+00 -1.98282858E-01  4.00947632E-01  1.07498409E+00  9.96077295E-01  1.10469513E-01
 -1.61381935E+00  1.00000000E+00  1.49632110E+00 -1.98277585E-01  4.00942731E-01  1.07498858E+00  9.96073959E-01  1.10480471E-01
 -1.58906612E+00  1.00000000E+00  1.47662875E+00 -1.98274837E-01  4.00932773E-01  1.07498182E+00  9.96075953E-01  1.10468210E-01
 -1.56431290E+00  1.00000000E+00  1.45693639E+00 -1.98272089E-01  4.00923244E-01  1.07497505E+00  9.96077947E-01  1.10455950E-01
 -1.53955967E+00  1.00000000E+00  1.43724695E+00 -1.98266316E-01  4.00916423E-01  1.07497871E+00  9.96074837E-01  1.10465426E-01
 -1.51480644E+00  1.00000000E+00  1.41755751E+00 -1.98260543E-01  4.00908456E-01  1.07498237E+00  9.96071726E-01  1.10474902E-01
 -1.49005322E+00  1.00000000E+00  1.39787309E+00 -1.98255933E-01  4.00898405E-01  1.07497707E+00  9.96072758E-01  1.10466040E-01
 -1.46529999E+00  1.00000000E+00  1.37818867E+00 -1.98251323E-01  4.00888064E-01  1.07497177E+00  9.96073789E-01  1.10457178E-01
 -1.44054677E+00  1.00000000E+00  1.35851282E+00 -1.98247929E-01  4.00876392E-01  1.07495763E+00  9.96079020E-01  1.10430057E-01
 -1.41579354E+00  1.00000000E+00  1.33883698E+00 -1.98244534E-01  4.00861513E-01  1.07494349E+00  9.96084251E-01  1.10402936E-01
 -1.39104031E+00  1.00000000E+00  1.31915708E+00 -1.98234673E-01  4.00849222E-01  1.07495154E+00  9.96077921E-01  1.10423064E-01
 -1.36628709E+00  1.00000000E+00  1.29947719E+00 -1.98224813E-01  4.00839402E-01  1.07495959E+00  9.96071592E-01  1.10443192E-01
 -1.34153386E+00  1.00000000E+00  1.27981243E+00 -1.98219999E-01  4.00825164E-01  1.07495110E+00  9.96073692E-01  1.10428366E-01
 -1.31678064E+00  1.00000000E+00  1.26014767E+00 -1.98215186E-01  4.00811568E-01  1.07494261E+00  9.96075793E-01  1.10413540E-01
 -1.29202741E+00  1.00000000E+00  1.24049065E+00 -1.98208614E-01  4.00798253E-01  1.07493581E+00  9.96077119E-01  1.10402169E-01
 -1.26727418E+00  1.00000000E+00  1.22083364E+00 -1.98202043E-01  4.00783418E-01  1.07492902E+00  9.96078446E-01  1.10390798E-01
 -1.24252096E+00  1.00000000E+00  1.20119250E+00 -1.98197465E-01  4.00769625E-01  1.07491578E+00  9.96083092E-01  1.10365760E-01
 -1.21776773E+00  1.00000000E+00  1.18155136E+00 -1.98192886E-01  4.00752014E-01  1.07490254E+00  9.96087738E-01  1.10340722E-01
 -1.19301451E+00  1.00000000E+00  1.16191330E+00 -1.98182305E-01  4.00739206E-01  1.07491196E+00  9.96080441E-01  1.10364119E-01
 -1.16826128E+00  1.00000000E+00  1.14227525E+00 -1.98171725E-01  4.00730552E-01  1.07492137E+00  9.96073145E-01  1.10387516E-01
 -1.14350806E+00  1.00000000E+00  1.12266524E+00 -1.98169350E-01  4.00719128E-01  1.07490974E+00  9.96077839E-01  1.10364658E-01
 -1.11875483E+00  1.00000000E+00  1.10305523E+00 -1.98166976E-01  4.00709189E-01  1.07489810E+00  9.96082532E-01  1.10341800E-01
 -1.09400160E+00  1.00000000E+00  1.08346577E+00 -1.98166231E-01  4.00704385E-01  1.07489520E+00  9.96083420E-01  1.10336492E-01
 -1.06924838E+00  1.00000000E+00  1.06387631E+00 -1.98165487E-01  4.00700662E-01  1.07489230E+00  9.96084308E-01  1.10331183E-01
 -1.04449515E+00  1.00000000E+00  1.04430939E+00 -1.98164269E-01  4.00701202E-01  1.07489713E+00  9.96082092E-01  1.10341047E-01
 -1.01974193E+00  1.00000000E+00  1.02474247E+00 -1.98163052E-01  4.00702485E-01  1.07490196E+00  9.96079877E-01  1.10350910E-01
 -9.94988700E-01  1.00000000E+00  1.00521223E+00 -1.98171637E-01  4.00716666E-01  1.07490602E+00  9.96081511E-01  1.10354313E-01
 -9.70235474E-01  1.00000000E+00  9.85681991E-01 -1.98180223E-01  4.00737463E-01  1.07491009E+00  9.96083146E-01  1.10357716E-01
 -9.45482248E-01  1.00000000E+00  9.66188582E-01 -1.98198335E-01  4.00770064E-01  1.07492425E+00  9.96081314E-01  1.10380109E-01
 -9.20729022E-01  1.00000000E+00  9.46695174E-01 -1.98216447E-01  4.00807753E-01  1.07493841E+00  9.96079483E-01  1.10402503E-01
 -8.95975796E-01  1.00000000E+00  9.27252290E-01 -1.98240593E-01  4.00862682E-01  1.07496510E+00  9.96074914E-01  1.10446259E-01
 -8.71222570E-01  1.00000000E+00  9.07809405E-01 -1.98264740E-01  4.00925803E-01  1.07499179E+00  9.96070346E-01  1.10490016E-01
 -8.46469344E-01  1.00000000E+00  8.88419279E-01 -1.98318429E-01  4.01026883E-01  1.07502495E+00  9.96073429E-01  1.10532123E-01
 -8.21716118E-01  1.00000000E+00  8.69029152E-01 -1.98372120E-01  4.01132773E-01  1.07505811E+00  9.96076514E-01  1.10574231E-01
 -7.97201467E-01  1.00000000E+00  8.49906885E-01 -1.98449996E-01  4.01288017E-01  1.07511303E+00  9.96075099E-01  1.10653105E-01
 -7.72686817E-01  1.00000000E+00  8.30784619E-01 -1.98527875E-01  4.01451056E-01  1.07516796E+00  9.96073690E-01  1.10731982E-01
 -7.49503432E-01  1.00000000E+00  8.12773736E-01 -1.98630569E-01  4.01653088E-01  1.07525203E+00  9.96065260E-01  1.10861482E-01
 -7.26320047E-01  1.00000000E+00  7.94762854E-01 -1.98733268E-01  4.01877001E-01  1.07533612E+00  9.96056841E-01  1.10990989E-01
 -7.04527831E-01  1.00000000E+00  7.77909989E-01 -1.98872848E-01  4.02144788E-01  1.07543265E+00  9.96061770E-01  1.11119230E-01
 -6.82735615E-01  1.00000000E+00  7.61057124E-01 -1.99012438E-01  4.02438757E-01  1.07552920E+00  9.96066716E-01  1.11247480E-01
 -6.62251087E-01  1.00000000E+00  7.45310100E-01 -1.99190005E-01  4.02795934E-01  1.07567209E+00  9.96050905E-01  1.11469666E-01
 -6.41766559E-01  1.00000000E+00  7.29563075E-01 -1.99367588E-01  4.03183831E-01  1.07581503E+00  9.96035124E-01  1.11691870E-01
 -6.22511254E-01  1.00000000E+00  7.14836199E-01 -1.99576403E-01  4.03604962E-01  1.07598305E+00  9.96022497E-01  1.11944770E-01
 -6.03255949E-01  1.00000000E+00  7.00109322E-01 -1.99785241E-01  4.04064636E-01  1.07615112E+00  9.96009911E-01  1.12197696E-01
 -5.85156097E-01  1.00000000E+00  6.86361194E-01 -2.00049526E-01  4.04589806E-01  1.07634751E+00  9.96005029E-01  1.12479472E-01
 -5.67056245E-01  1.00000000E+00  6.72613066E-01 -2.00313847E-01  4.05153784E-01  1.07654399E+00  9.96000214E-01  1.12761283E-01
 -5.50042515E-01  1.00000000E+00  6.59774472E-01 -2.00631418E-01  4.05805357E-01  1.07680117E+00  9.95974998E-01  1.13156644E-01
 -5.33028786E-01  1.00000000E+00  6.46935877E-01 -2.00949040E-01  4.06483209E-01  1.07705850E+00  9.95949880E-01  1.13552065E-01
 -5.17036006E-01  1.00000000E+00  6.34982581E-01 -2.01331532E-01  4.07231459E-01  1.07734478E+00  9.95943686E-01  1.13961533E-01
 -5.01043227E-01  1.00000000E+00  6.23029284E-01 -2.01714098E-01  4.08037348E-01  1.07763126E+00  9.95937632E-01  1.14371077E-01
 -4.86010125E-01  1.00000000E+00  6.11878719E-01 -2.02149765E-01  4.08901673E-01  1.07796924E+00  9.95919800E-01  1.14869218E-01
 -4.70977023E-01  1.00000000E+00  6.00728154E-01 -2.02585528E-01  4.09842998E-01  1.07830748E+00  9.95902149E-01  1.15367461E-01
 -4.56846016E-01  1.00000000E+00  5.90333861E-01 -2.03070419E-01  4.10836442E-01  1.07869452E+00  9.95873435E-01  1.15949520E-01
 -4.42715008E-01  1.00000000E+00  5.79939568E-01 -2.03555430E-01  4.11910320E-01  1.07908189E+00  9.95844947E-01  1.16531713E-01
 -4.29431964E-01  1.00000000E+00  5.70298994E-01 -2.04164980E-01  4.13084671E-01  1.07954610E+00  9.95832507E-01  1.17199033E-01
 -4.16148920E-01  1.00000000E+00  5.60658420E-01 -2.04774718E-01  4.14338805E-01  1.08001081E+00  9.95820419E-01  1.17866550E-01
 -4.03662954E-01  1.00000000E+00  5.51693338E-01 -2.05391933E-01  4.15585633E-01  1.08050187E+00  9.95790457E-01  1.18595977E-01
 -3.91176988E-01  1.00000000E+00  5.42728255E-01 -2.06009344E-01  4.16954111E-01  1.08099345E+00  9.95760859E-01  1.19325622E-01
 -3.79440270E-01  1.00000000E+00  5.34348187E-01 -2.06741872E-01  4.18428576E-01  1.08157266E+00  9.95730576E-01  1.20178920E-01
 -3.67703552E-01  1.00000000E+00  5.25968120E-01 -2.07474675E-01  4.19983806E-01  1.08215261E+00  9.95700805E-01  1.21032521E-01
 -3.56671122E-01  1.00000000E+00  5.18282073E-01 -2.08279864E-01  4.21624459E-01  1.08280641E+00  9.95656235E-01  1.22010244E-01
 -3.45638692E-01  1.00000000E+00  5.10596026E-01 -2.09085390E-01  4.23351353E-01  1.08346111E+00  9.95612286E-01  1.22988352E-01
 -3.35268287E-01  1.00000000E+00  5.03421409E-01 -2.09951673E-01  4.25081530E-01  1.08414866E+00  9.95585090E-01  1.23988998E-01
 -3.24897882E-01  1.00000000E+00  4.96246792E-01 -2.10818348E-01  4.26957468E-01  1.08483723E+00  9.95558606E-01  1.24990071E-01
 -3.15149775E-01  1.00000000E+00  4.89669506E-01 -2.11824371E-01  4.28948676E-01  1.08561549E+00  9.95550063E-01  1.26091602E-01
 -3.05401669E-01  1.00000000E+00  4.83092221E-01 -2.12830925E-01  4.31011859E-01  1.08639510E+00  9.95542473E-01  1.27193684E-01
 -2.96238520E-01  1.00000000E+00  4.76935559E-01 -2.13863334E-01  4.33098261E-01  1.08729146E+00  9.95455800E-01  1.28569930E-01
 -2.87075371E-01  1.00000000E+00  4.70778896E-01 -2.14896318E-01  4.35405840E-01  1.08818937E+00  9.95370158E-01  1.29946892E-01
 -2.78462077E-01  1.00000000E+00  4.65156753E-01 -2.16078892E-01  4.37781956E-01  1.08917924E+00  9.95305985E-01  1.31422557E-01
 -2.69848783E-01  1.00000000E+00  4.59534609E-01 -2.17262214E-01  4.40296681E-01  1.09017108E+00  9.95243147E-01  1.32899100E-01
 -2.61752348E-01  1.00000000E+00  4.54400922E-01 -2.18514561E-01  4.42812852E-01  1.09118182E+00  9.95224157E-01  1.34340729E-01
 -2.53655913E-01  1.00000000E+00  4.49267234E-01 -2.19767755E-01  4.45471867E-01  1.09219470E+00  9.95206640E-01  1.35783283E-01
 -2.46045323E-01  1.00000000E+00  4.44529823E-01 -2.21101410E-01  4.48251632E-01  1.09334914E+00  9.95122269E-01  1.37517616E-01
 -2.38434732E-01  1.00000000E+00  4.39792412E-01 -2.22436038E-01  4.51107761E-01  1.09450613E+00  9.95039597E-01  1.39253139E-01
 -2.31280830E-01  1.00000000E+00  4.35498756E-01 -2.23876021E-01  4.54051535E-01  1.09573308E+00  9.94983988E-01  1.41048736E-01
 -2.24126928E-01  1.00000000E+00  4.31205100E-01 -2.25317153E-01  4.57107192E-01  1.09696297E+00  9.94930336E-01  1.42845687E-01
 -2.17402314E-01  1.00000000E+00  4.27235368E-01 -2.26866178E-01  4.60273813E-01  1.09830200E+00  9.94867873E-01  1.44807778E-01
 -2.10677699E-01  1.00000000E+00  4.23265637E-01 -2.28416549E-01  4.63543078E-01  1.09964444E+00  9.94807674E-01  1.46771478E-01
 -2.04351753E-01  1.00000000E+00  4.19725711E-01 -2.30069689E-01  4.66983534E-01  1.10112727E+00  9.94708803E-01  1.48985848E-01
 -1.98025807E-01  1.00000000E+00  4.16185784E-01 -2.31724384E-01  4.70500999E-01  1.10261408E+00  9.94612526E-01  1.51202179E-01
 -1.91837501E-01  1.00000000E+00  4.12852693E-01 -2.33598965E-01  4.74319769E-01  1.10424303E+00  9.94569475E-01  1.53542982E-01
 -1.85649194E-01  1.00000000E+00  4.09519602E-01 -2.35475560E-01  4.78247701E-01  1.10587697E+00  9.94529706E-01  1.55886169E-01
 -1.79460888E-01  1.00000000E+00  4.06393463E-01 -2.37553995E-01  4.82607354E-01  1.10785508E+00  9.94356132E-01  1.58898529E-01
 -1.73272582E-01  1.00000000E+00  4.03267324E-01 -2.39634975E-01  4.87094170E-01  1.10983979E+00  9.94186686E-01  1.61914351E-01
 -1.67084275E-01  1.00000000E+00  4.00287585E-01 -2.42055203E-01  4.92017057E-01  1.11203388E+00  9.94119768E-01  1.65079755E-01
 -1.60895969E-01  1.00000000E+00  3.97307846E-01 -2.44478907E-01  4.97155713E-01  1.11423649E+00  9.94058301E-01  1.68249472E-01
 -1.54707662E-01  1.00000000E+00  3.94581329E-01 -2.47222822E-01  5.02975413E-01  1.11693542E+00  9.93834292E-01  1.72341573E-01
 -1.48519356E-01  1.00000000E+00  3.91854813E-01 -2.49971321E-01  5.09002780E-01  1.11964608E+00  9.93617439E-01  1.76440098E-01
 -1.42331049E-01  1.00000000E+00  3.89598690E-01 -2.53377595E-01  5.15778321E-01  1.12285752E+00  9.93527609E-01  1.81061880E-01
 -1.36142743E-01  1.00000000E+00  3.87342568E-01 -2.56791002E-01  5.23001277E-01  1.12608625E+00  9.93448500E-01  1.85692854E-01
 -1.29954436E-01  1.00000000E+00  3.85472179E-01 -2.60529666E-01  5.30763623E-01  1.12984877E+00  9.93240580E-01  1.91251463E-01
 -1.23766130E-01  1.00000000E+00  3.83601790E-01 -2.64277239E-01  5.39065117E-01  1.13363325E+00  9.93045675E-01  1.96822599E-01
 -1.17577823E-01  1.00000000E+00  3.82029986E-01 -2.68881258E-01  5.48557216E-01  1.13844019E+00  9.92753914E-01  2.03960790E-01
 -1.11389517E-01  1.00000000E+00  3.80458183E-01 -2.73499156E-01  5.58604227E-01  1.14328139E+00  9.92481867E-01  2.11119326E-01
 -1.05201210E-01  1.00000000E+00  3.79749904E-01 -2.79212219E-01  5.70361227E-01  1.14942812E+00  9.92123937E-01  2.20225859E-01
 -9.90129037E-02  1.00000000E+00  3.79041625E-01 -2.84947210E-01  5.82780886E-01  1.15562866E+00  9.91796175E-01  2.29365477E-01
 -9.28245972E-02  1.00000000E+00  3.79415665E-01 -2.91652565E-01  5.97380791E-01  1.16348833E+00  9.91097971E-01  2.41346508E-01
 -8.66362908E-02  1.00000000E+00  3.79789705E-01 -2.98389649E-01  6.12774573E-01  1.17142833E+00  9.90441943E-01  2.53380937E-01
 -8.04479843E-02  1.00000000E+00  3.81012643E-01 -3.07725864E-01  6.31462279E-01  1.18201545E+00  9.90232443E-01  2.68496207E-01
 -7.42596778E-02  1.00000000E+00  3.82235581E-01 -3.17125256E-01  6.51495629E-01  1.19274997E+00  9.90100475E-01  2.83709295E-01
 -6.80713713E-02  1.00000000E+00  3.86965932E-01 -3.27610813E-01  6.75559902E-01  1.20756924E+00  9.88132771E-01  3.07211062E-01
 -6.18830648E-02  1.00000000E+00  3.91696283E-01 -3.38184417E-01  7.02837611E-01  1.22262719E+00  9.86272009E-01  3.30897256E-01
 -5.56947583E-02  1.00000000E+00  3.94255950E-01 -3.55671870E-01  7.36298997E-01  1.24426734E+00  9.86476486E-01  3.60907193E-01
 -4.95064519E-02  1.00000000E+00  3.96815616E-01 -3.73399836E-01  7.74934691E-01  1.26645118E+00  9.86939902E-01  3.91315784E-01
 -4.33181454E-02  1.00000000E+00  4.40428007E-01 -3.96900062E-01  8.24767302E-01  1.30797710E+00  9.81641355E-01  4.56870049E-01
 -3.71298389E-02  1.00000000E+00  4.84040397E-01 -4.20942441E-01  8.88012056E-01  1.35105222E+00  9.76873725E-01  5.23849892E-01
 -3.09415324E-02  1.00000000E+00  4.01308745E-01 -4.52020836E-01  9.78020572E-01  1.39418858E+00  9.79010147E-01  5.81249809E-01
 -2.47532259E-02  1.00000000E+00  3.18577093E-01 -4.83905286E-01  1.06437869E+00  1.43910525E+00  9.81885426E-01  6.40107750E-01
 -1.85649194E-02  1.00000000E+00  8.05803545E-01 -5.86458875E-01  1.24679221E+00  1.68695316E+00  9.58538520E-01  1.01978050E+00
 -1.23766130E-02  1.00000000E+00  1.29303000E+00 -7.02465785E-01  1.57947481E+00  1.97850322E+00  9.44281994E-01  1.44790971E+00
 -6.18830648E-03  1.00000000E+00  1.69763339E-01 -4.11081533E-01  2.50595725E+00  2.62014274E+00  6.44282583E-01  2.76620423E+00
  0.00000000E+00  1.00000000E+00 -9.53503319E-01 -7.54327357E-02  4.06673845E+00  3.67356911E+00  4.58486371E-01  4.50111584E+00
