# curve 5 (die wall), step =      100, time =   4.00000000E+01
# N1 = tau_xx - tau_yy = G ( c_xx - c_yy ),  G =  2.7273E-02  (polymer part only)
#              x               y        pressure            c_xy        gammadot            c_xx            c_yy              N1
 -3.00000000E+00  1.00000000E+00  2.70296492E+00 -3.30706051E+00  4.08606940E-01  2.46214366E+01  8.96772560E-01  6.47036293E-01
 -2.97524677E+00  1.00000000E+00  2.68431798E+00 -3.30710106E+00  4.08620486E-01  2.46206037E+01  8.96801596E-01  6.47012786E-01
 -2.95049355E+00  1.00000000E+00  2.66567105E+00 -3.30714159E+00  4.08629488E-01  2.46197709E+01  8.96830632E-01  6.46989279E-01
 -2.92574032E+00  1.00000000E+00  2.64703340E+00 -3.30737832E+00  4.08635622E-01  2.46223526E+01  8.96847246E-01  6.47059237E-01
 -2.90098710E+00  1.00000000E+00  2.62839576E+00 -3.30761507E+00  4.08630518E-01  2.46249346E+01  8.96863860E-01  6.47129203E-01
 -2.87623387E+00  1.00000000E+00  2.60982321E+00 -3.30819905E+00  4.08616474E-01  2.46326604E+01  8.96889761E-01  6.47339199E-01
 -2.85148064E+00  1.00000000E+00  2.59125065E+00 -3.30878315E+00  4.08590752E-01  2.46403886E+01  8.96915662E-01  6.47549262E-01
 -2.82672742E+00  1.00000000E+00  2.57260423E+00 -3.30756086E+00  4.08574733E-01  2.46332953E+01  8.96743872E-01  6.47360493E-01
 -2.80197419E+00  1.00000000E+00  2.55395781E+00 -3.30633895E+00  4.08581793E-01  2.46262040E+01  8.96572156E-01  6.47171779E-01
 -2.77722097E+00  1.00000000E+00  2.53528087E+00 -3.30652481E+00  4.08592921E-01  2.46229917E+01  8.96656233E-01  6.47081877E-01
 -2.75246774E+00  1.00000000E+00  2.51660393E+00 -3.30671059E+00  4.08605401E-01  2.46197799E+01  8.96740313E-01  6.46991989E-01
 -2.72771451E+00  1.00000000E+00  2.49805805E+00 -3.30740535E+00  4.08600297E-01  2.46218289E+01  8.96893341E-01  6.47043698E-01
 -2.70296129E+00  1.00000000E+00  2.47951217E+00 -3.30810018E+00  4.08572166E-01  2.46238782E+01  8.97046401E-01  6.47095413E-01
 -2.67820806E+00  1.00000000E+00  2.46084302E+00 -3.30721243E+00  4.08565095E-01  2.46218459E+01  8.96833455E-01  6.47045793E-01
 -2.65345484E+00  1.00000000E+00  2.44217387E+00 -3.30632480E+00  4.08582936E-01  2.46198138E+01  8.96620566E-01  6.46996178E-01
 -2.62870161E+00  1.00000000E+00  2.42356232E+00 -3.30668736E+00  4.08599965E-01  2.46186282E+01  8.96727624E-01  6.46960926E-01
 -2.60394839E+00  1.00000000E+00  2.40495076E+00 -3.30704989E+00  4.08607899E-01  2.46174428E+01  8.96834694E-01  6.46925676E-01
 -2.57919516E+00  1.00000000E+00  2.38633991E+00 -3.30733416E+00  4.08617663E-01  2.46196992E+01  8.96884882E-01  6.46985845E-01
 -2.55444193E+00  1.00000000E+00  2.36772905E+00 -3.30761846E+00  4.08601722E-01  2.46219558E+01  8.96935072E-01  6.47046019E-01
 -2.52968871E+00  1.00000000E+00  2.34913611E+00 -3.30821421E+00  4.08577482E-01  2.46275921E+01  8.97008212E-01  6.47197744E-01
 -2.50493548E+00  1.00000000E+00  2.33054316E+00 -3.30881007E+00  4.08543130E-01  2.46332298E+01  8.97081360E-01  6.47349504E-01
 -2.48018226E+00  1.00000000E+00  2.31186655E+00 -3.30747781E+00  4.08543280E-01  2.46264013E+01  8.96849238E-01  6.47169601E-01
 -2.45542903E+00  1.00000000E+00  2.29318994E+00 -3.30614598E+00  4.08568925E-01  2.46195747E+01  8.96617211E-01  6.46989749E-01
 -2.43067580E+00  1.00000000E+00  2.27455021E+00 -3.30640342E+00  4.08597214E-01  2.46179988E+01  8.96690385E-01  6.46944774E-01
 -2.40592258E+00  1.00000000E+00  2.25591048E+00 -3.30666082E+00  4.08621261E-01  2.46164230E+01  8.96763564E-01  6.46899803E-01
 -2.38116935E+00  1.00000000E+00  2.23734362E+00 -3.30741916E+00  4.08614557E-01  2.46188892E+01  8.96934449E-01  6.46962404E-01
 -2.35641613E+00  1.00000000E+00  2.21877677E+00 -3.30817761E+00  4.08583399E-01  2.46213558E+01  8.97105372E-01  6.47025011E-01
 -2.33166290E+00  1.00000000E+00  2.20013693E+00 -3.30755794E+00  4.08575983E-01  2.46222230E+01  8.96922451E-01  6.47053651E-01
 -2.30690967E+00  1.00000000E+00  2.18149710E+00 -3.30693826E+00  4.08587347E-01  2.46230903E+01  8.96739564E-01  6.47082294E-01
 -2.28215645E+00  1.00000000E+00  2.16283334E+00 -3.30665949E+00  4.08603232E-01  2.46215226E+01  8.96679316E-01  6.47041179E-01
 -2.25740322E+00  1.00000000E+00  2.14416957E+00 -3.30638074E+00  4.08622663E-01  2.46199549E+01  8.96619073E-01  6.47000067E-01
 -2.23265000E+00  1.00000000E+00  2.12560390E+00 -3.30783433E+00  4.08618364E-01  2.46260390E+01  8.96909594E-01  6.47158075E-01
 -2.20789677E+00  1.00000000E+00  2.10703824E+00 -3.30928839E+00  4.08577065E-01  2.46321248E+01  8.97200241E-01  6.47316123E-01
 -2.18314354E+00  1.00000000E+00  2.08839091E+00 -3.30826723E+00  4.08553832E-01  2.46260956E+01  8.97042109E-01  6.47156004E-01
 -2.15839032E+00  1.00000000E+00  2.06974359E+00 -3.30724635E+00  4.08555259E-01  2.46200679E+01  8.96884027E-01  6.46995924E-01
 -2.13363709E+00  1.00000000E+00  2.05112339E+00 -3.30694659E+00  4.08564982E-01  2.46182211E+01  8.96828602E-01  6.46947069E-01
 -2.10888387E+00  1.00000000E+00  2.03250319E+00 -3.30664685E+00  4.08583955E-01  2.46163745E+01  8.96773182E-01  6.46898218E-01
 -2.08413064E+00  1.00000000E+00  2.01384799E+00 -3.30681113E+00  4.08605056E-01  2.46155427E+01  8.96817077E-01  6.46874334E-01
 -2.05937741E+00  1.00000000E+00  1.99519279E+00 -3.30697539E+00  4.08610991E-01  2.46147109E+01  8.96860975E-01  6.46850452E-01
 -2.03462419E+00  1.00000000E+00  1.97660954E+00 -3.30698475E+00  4.08603552E-01  2.46170456E+01  8.96839118E-01  6.46914722E-01
 -2.00987096E+00  1.00000000E+00  1.95802628E+00 -3.30699410E+00  4.08592612E-01  2.46193806E+01  8.96817259E-01  6.46978999E-01
 -1.98511774E+00  1.00000000E+00  1.93935077E+00 -3.30685794E+00  4.08594155E-01  2.46183468E+01  8.96792382E-01  6.46951483E-01
 -1.96036451E+00  1.00000000E+00  1.92067526E+00 -3.30672179E+00  4.08598071E-01  2.46173130E+01  8.96767506E-01  6.46923968E-01
 -1.93561128E+00  1.00000000E+00  1.90214234E+00 -3.30791589E+00  4.08580108E-01  2.46226822E+01  8.97003850E-01  6.47063954E-01
 -1.91085806E+00  1.00000000E+00  1.88360942E+00 -3.30911033E+00  4.08541266E-01  2.46280526E+01  8.97240278E-01  6.47203972E-01
 -1.88610483E+00  1.00000000E+00  1.86489285E+00 -3.30734132E+00  4.08529505E-01  2.46245777E+01  8.96817360E-01  6.47120737E-01
 -1.86135161E+00  1.00000000E+00  1.84617628E+00 -3.30557274E+00  4.08552169E-01  2.46211038E+01  8.96394669E-01  6.47037522E-01
 -1.83659838E+00  1.00000000E+00  1.82755953E+00 -3.30672216E+00  4.08569423E-01  2.46187355E+01  8.96753673E-01  6.46963141E-01
 -1.81184516E+00  1.00000000E+00  1.80894278E+00 -3.30787149E+00  4.08562157E-01  2.46163680E+01  8.97112802E-01  6.46888778E-01
 -1.78709193E+00  1.00000000E+00  1.79040967E+00 -3.30829343E+00  4.08524793E-01  2.46249307E+01  8.97091434E-01  6.47122889E-01
 -1.76233870E+00  1.00000000E+00  1.77187655E+00 -3.30871537E+00  4.08469645E-01  2.46334965E+01  8.97070054E-01  6.47357085E-01
 -1.73758548E+00  1.00000000E+00  1.75316125E+00 -3.30783021E+00  4.08462049E-01  2.46293643E+01  8.96905283E-01  6.47248884E-01
 -1.71283225E+00  1.00000000E+00  1.73444594E+00 -3.30694524E+00  4.08465516E-01  2.46252329E+01  8.96740555E-01  6.47140701E-01
 -1.68807903E+00  1.00000000E+00  1.71578597E+00 -3.30671983E+00  4.08451906E-01  2.46203218E+01  8.96768073E-01  6.47006011E-01
 -1.66332580E+00  1.00000000E+00  1.69712600E+00 -3.30649442E+00  4.08441371E-01  2.46154117E+01  8.96795587E-01  6.46871349E-01
 -1.63857257E+00  1.00000000E+00  1.67856018E+00 -3.30674887E+00  4.08443024E-01  2.46157421E+01  8.96859963E-01  6.46878605E-01
 -1.61381935E+00  1.00000000E+00  1.65999437E+00 -3.30700333E+00  4.08422073E-01  2.46160726E+01  8.96924344E-01  6.46885861E-01
 -1.58906612E+00  1.00000000E+00  1.64128113E+00 -3.30614051E+00  4.08396704E-01  2.46102141E+01  8.96792019E-01  6.46729694E-01
 -1.56431290E+00  1.00000000E+00  1.62256789E+00 -3.30527791E+00  4.08387903E-01  2.46043571E+01  8.96659727E-01  6.46573564E-01
 -1.53955967E+00  1.00000000E+00  1.60400406E+00 -3.30561143E+00  4.08376670E-01  2.46012686E+01  8.96803237E-01  6.46485419E-01
 -1.51480644E+00  1.00000000E+00  1.58544022E+00 -3.30594487E+00  4.08360396E-01  2.45981806E+01  8.96946761E-01  6.46397287E-01
 -1.49005322E+00  1.00000000E+00  1.56682137E+00 -3.30642948E+00  4.08325423E-01  2.45998062E+01  8.97076839E-01  6.46438074E-01
 -1.46529999E+00  1.00000000E+00  1.54820253E+00 -3.30691414E+00  4.08250776E-01  2.46014319E+01  8.97206936E-01  6.46478863E-01
 -1.44054677E+00  1.00000000E+00  1.52960891E+00 -3.30746128E+00  4.08174907E-01  2.46067354E+01  8.97297970E-01  6.46621020E-01
 -1.41579354E+00  1.00000000E+00  1.51101530E+00 -3.30800852E+00  4.08071810E-01  2.46120400E+01  8.97389014E-01  6.46763208E-01
 -1.39104031E+00  1.00000000E+00  1.49236281E+00 -3.30616708E+00  4.07988231E-01  2.45986715E+01  8.97170286E-01  6.46404579E-01
 -1.36628709E+00  1.00000000E+00  1.47371032E+00 -3.30432664E+00  4.07946079E-01  2.45853103E+01  8.96951699E-01  6.46046145E-01
 -1.34153386E+00  1.00000000E+00  1.45505873E+00 -3.30394659E+00  4.07897967E-01  2.45768510E+01  8.96991535E-01  6.45814348E-01
 -1.31678064E+00  1.00000000E+00  1.43640714E+00 -3.30356653E+00  4.07851791E-01  2.45683946E+01  8.97031359E-01  6.45582635E-01
 -1.29202741E+00  1.00000000E+00  1.41785608E+00 -3.30358790E+00  4.07784924E-01  2.45655984E+01  8.97099373E-01  6.45504518E-01
 -1.26727418E+00  1.00000000E+00  1.39930501E+00 -3.30360924E+00  4.07691167E-01  2.45628024E+01  8.97167389E-01  6.45426410E-01
 -1.24252096E+00  1.00000000E+00  1.38076489E+00 -3.30401186E+00  4.07586223E-01  2.45601206E+01  8.97353176E-01  6.45348203E-01
 -1.21776773E+00  1.00000000E+00  1.36222476E+00 -3.30441442E+00  4.07456182E-01  2.45574393E+01  8.97538990E-01  6.45270007E-01
 -1.19301451E+00  1.00000000E+00  1.34361681E+00 -3.30264969E+00  4.07327457E-01  2.45421274E+01  8.97395721E-01  6.44856319E-01
 -1.16826128E+00  1.00000000E+00  1.32500887E+00 -3.30088596E+00  4.07218665E-01  2.45268251E+01  8.97252562E-01  6.44442887E-01
 -1.14350806E+00  1.00000000E+00  1.30649007E+00 -3.30040613E+00  4.07083111E-01  2.45181227E+01  8.97294783E-01  6.44204398E-01
 -1.11875483E+00  1.00000000E+00  1.28797128E+00 -3.29992636E+00  4.06951478E-01  2.45094235E+01  8.97336998E-01  6.43965995E-01
 -1.09400160E+00  1.00000000E+00  1.26945973E+00 -3.29911294E+00  4.06805742E-01  2.44964605E+01  8.97392497E-01  6.43610944E-01
 -1.06924838E+00  1.00000000E+00  1.25094817E+00 -3.29829973E+00  4.06652971E-01  2.44835044E+01  8.97447998E-01  6.43256085E-01
 -1.04449515E+00  1.00000000E+00  1.23251665E+00 -3.29762307E+00  4.06472698E-01  2.44691376E+01  8.97576420E-01  6.42860759E-01
 -1.01974193E+00  1.00000000E+00  1.21408513E+00 -3.29694650E+00  4.06275172E-01  2.44547795E+01  8.97704837E-01  6.42465672E-01
 -9.94988700E-01  1.00000000E+00  1.19572082E+00 -3.29572451E+00  4.06052135E-01  2.44413126E+01  8.97700404E-01  6.42098515E-01
 -9.70235474E-01  1.00000000E+00  1.17735650E+00 -3.29450306E+00  4.05833836E-01  2.44278532E+01  8.97696021E-01  6.41731560E-01
 -9.45482248E-01  1.00000000E+00  1.15898914E+00 -3.29315063E+00  4.05601156E-01  2.44097834E+01  8.97721558E-01  6.41238051E-01
 -9.20729022E-01  1.00000000E+00  1.14062178E+00 -3.29179883E+00  4.05369206E-01  2.43917272E+01  8.97747123E-01  6.40744911E-01
 -8.95975796E-01  1.00000000E+00  1.12244757E+00 -3.29071867E+00  4.05105576E-01  2.43707507E+01  8.97925413E-01  6.40167962E-01
 -8.71222570E-01  1.00000000E+00  1.10427336E+00 -3.28963882E+00  4.04831459E-01  2.43497928E+01  8.98103709E-01  6.39591521E-01
 -8.46469344E-01  1.00000000E+00  1.08619818E+00 -3.28848168E+00  4.04518533E-01  2.43336284E+01  8.98204354E-01  6.39147929E-01
 -8.21716118E-01  1.00000000E+00  1.06812300E+00 -3.28732506E+00  4.04182199E-01  2.43174749E+01  8.98305056E-01  6.38704633E-01
 -7.97201467E-01  1.00000000E+00  1.05032929E+00 -3.28582455E+00  4.03901307E-01  2.42964332E+01  8.98370888E-01  6.38128973E-01
 -7.72686817E-01  1.00000000E+00  1.03253557E+00 -3.28432484E+00  4.03611479E-01  2.42754100E+01  8.98436758E-01  6.37553816E-01
 -7.49503432E-01  1.00000000E+00  1.01595143E+00 -3.28297307E+00  4.03312618E-01  2.42560702E+01  8.98524487E-01  6.37023975E-01
 -7.26320047E-01  1.00000000E+00  9.99367284E-01 -3.28162197E+00  4.03011997E-01  2.42367461E+01  8.98612258E-01  6.36494560E-01
 -7.04527831E-01  1.00000000E+00  9.83978483E-01 -3.27988676E+00  4.02699372E-01  2.42164952E+01  8.98659766E-01  6.35940966E-01
 -6.82735615E-01  1.00000000E+00  9.68589682E-01 -3.27815269E+00  4.02400457E-01  2.41962613E+01  8.98707394E-01  6.35387834E-01
 -6.62251087E-01  1.00000000E+00  9.54239505E-01 -3.27599307E+00  4.02189934E-01  2.41805273E+01  8.98488320E-01  6.34964699E-01
 -6.41766559E-01  1.00000000E+00  9.39889329E-01 -3.27383483E+00  4.01990903E-01  2.41648035E+01  8.98269449E-01  6.34541837E-01
 -6.22511254E-01  1.00000000E+00  9.26721067E-01 -3.27219998E+00  4.01780246E-01  2.41510013E+01  8.98187166E-01  6.34167660E-01
 -6.03255949E-01  1.00000000E+00  9.13552806E-01 -3.27056599E+00  4.01595301E-01  2.41372071E+01  8.98105003E-01  6.33793693E-01
 -5.85156097E-01  1.00000000E+00  9.01399649E-01 -3.26983857E+00  4.01445732E-01  2.41291289E+01  8.98179220E-01  6.33571355E-01
 -5.67056245E-01  1.00000000E+00  8.89246491E-01 -3.26911136E+00  4.01307908E-01  2.41210534E+01  8.98253490E-01  6.33349090E-01
 -5.50042515E-01  1.00000000E+00  8.78060411E-01 -3.26844020E+00  4.01251584E-01  2.41220517E+01  8.98118697E-01  6.33379991E-01
 -5.33028786E-01  1.00000000E+00  8.66874331E-01 -3.26776897E+00  4.01181727E-01  2.41230502E+01  8.97983939E-01  6.33410897E-01
 -5.17036006E-01  1.00000000E+00  8.56703410E-01 -3.26846307E+00  4.01143699E-01  2.41276592E+01  8.98177751E-01  6.33531312E-01
 -5.01043227E-01  1.00000000E+00  8.46532490E-01 -3.26915732E+00  4.01097563E-01  2.41322691E+01  8.98371605E-01  6.33651750E-01
 -4.86010125E-01  1.00000000E+00  8.37175735E-01 -3.26840663E+00  4.01158357E-01  2.41430353E+01  8.98068810E-01  6.33953632E-01
 -4.70977023E-01  1.00000000E+00  8.27818981E-01 -3.26765503E+00  4.01271508E-01  2.41538075E+01  8.97766060E-01  6.34255677E-01
 -4.56846016E-01  1.00000000E+00  8.19361297E-01 -3.26908677E+00  4.01441135E-01  2.41798686E+01  8.97718446E-01  6.34967731E-01
 -4.42715008E-01  1.00000000E+00  8.10903613E-01 -3.27051885E+00  4.01655749E-01  2.42059586E+01  8.97670742E-01  6.35680579E-01
 -4.29431964E-01  1.00000000E+00  8.03268266E-01 -3.27074833E+00  4.01957035E-01  2.42249933E+01  8.97348820E-01  6.36208485E-01
 -4.16148920E-01  1.00000000E+00  7.95632918E-01 -3.27097724E+00  4.02291341E-01  2.42440441E+01  8.97026882E-01  6.36736833E-01
 -4.03662954E-01  1.00000000E+00  7.88777983E-01 -3.27225380E+00  4.02654564E-01  2.42901369E+01  8.96602310E-01  6.38005489E-01
 -3.91176988E-01  1.00000000E+00  7.81923048E-01 -3.27352806E+00  4.03132141E-01  2.43363226E+01  8.96177352E-01  6.39276690E-01
 -3.79440270E-01  1.00000000E+00  7.75749713E-01 -3.27812571E+00  4.03670438E-01  2.43902499E+01  8.96480177E-01  6.40739175E-01
 -3.67703552E-01  1.00000000E+00  7.69576379E-01 -3.28273031E+00  4.04213998E-01  2.44442979E+01  8.96783246E-01  6.42204946E-01
 -3.56671122E-01  1.00000000E+00  7.64414334E-01 -3.28646505E+00  4.04846217E-01  2.45061890E+01  8.96621118E-01  6.43897305E-01
 -3.45638692E-01  1.00000000E+00  7.59252290E-01 -3.29020361E+00  4.05426114E-01  2.45682409E+01  8.96458758E-01  6.45594057E-01
 -3.35268287E-01  1.00000000E+00  7.54434561E-01 -3.29171517E+00  4.06102643E-01  2.46418896E+01  8.95642874E-01  6.47624912E-01
 -3.24897882E-01  1.00000000E+00  7.49616833E-01 -3.29321886E+00  4.06954316E-01  2.47157743E+01  8.94826074E-01  6.49662225E-01
 -3.15149775E-01  1.00000000E+00  7.45476410E-01 -3.29478333E+00  4.07927157E-01  2.47803442E+01  8.93987819E-01  6.51446084E-01
 -3.05401669E-01  1.00000000E+00  7.41335987E-01 -3.29634397E+00  4.08981648E-01  2.48450932E+01  8.93149211E-01  6.53234836E-01
 -2.96238520E-01  1.00000000E+00  7.37800261E-01 -3.30299265E+00  4.10135025E-01  2.49617643E+01  8.92730349E-01  6.56428199E-01
 -2.87075371E-01  1.00000000E+00  7.34264535E-01 -3.30965272E+00  4.11418675E-01  2.50789985E+01  8.92310639E-01  6.59636941E-01
 -2.78462077E-01  1.00000000E+00  7.31717728E-01 -3.31674927E+00  4.12666372E-01  2.51821369E+01  8.92252980E-01  6.62451380E-01
 -2.69848783E-01  1.00000000E+00  7.29170921E-01 -3.32386190E+00  4.13850592E-01  2.52857073E+01  8.92195328E-01  6.65277598E-01
 -2.61752348E-01  1.00000000E+00  7.26803420E-01 -3.33159282E+00  4.15202290E-01  2.54180298E+01  8.91899061E-01  6.68894476E-01
 -2.53655913E-01  1.00000000E+00  7.24435919E-01 -3.33933890E+00  4.16646411E-01  2.55510629E+01  8.91601579E-01  6.72530764E-01
 -2.46045323E-01  1.00000000E+00  7.23002706E-01 -3.34438246E+00  4.18139618E-01  2.56867739E+01  8.90485772E-01  6.76262403E-01
 -2.38434732E-01  1.00000000E+00  7.21569493E-01 -3.34942137E+00  4.19693296E-01  2.58232382E+01  8.89367961E-01  6.80014642E-01
 -2.31280830E-01  1.00000000E+00  7.20248115E-01 -3.35319645E+00  4.21370940E-01  2.59646472E+01  8.87927391E-01  6.83910540E-01
 -2.24126928E-01  1.00000000E+00  7.18926737E-01 -3.35695467E+00  4.23197850E-01  2.61068742E+01  8.86484370E-01  6.87828813E-01
 -2.17402314E-01  1.00000000E+00  7.18279017E-01 -3.37026468E+00  4.25172646E-01  2.62806172E+01  8.86808672E-01  6.92558414E-01
 -2.10677699E-01  1.00000000E+00  7.17631296E-01 -3.38363296E+00  4.27175277E-01  2.64555302E+01  8.87134744E-01  6.97319875E-01
 -2.04351753E-01  1.00000000E+00  7.17755207E-01 -3.39435761E+00  4.29200920E-01  2.66458572E+01  8.86521504E-01  7.02527336E-01
 -1.98025807E-01  1.00000000E+00  7.17879119E-01 -3.40511230E+00  4.31221544E-01  2.68375879E+01  8.85906564E-01  7.07773127E-01
 -1.91837501E-01  1.00000000E+00  7.18184009E-01 -3.41462843E+00  4.33555489E-01  2.70235423E+01  8.85026674E-01  7.12868607E-01
 -1.85649194E-01  1.00000000E+00  7.18488900E-01 -3.42416479E+00  4.36021930E-01  2.72108221E+01  8.84144946E-01  7.18000285E-01
 -1.79460888E-01  1.00000000E+00  7.19660625E-01 -3.42984820E+00  4.38739621E-01  2.74300282E+01  8.81727138E-01  7.24044575E-01
 -1.73272582E-01  1.00000000E+00  7.20832350E-01 -3.43549960E+00  4.41567905E-01  2.76510944E+01  8.79305884E-01  7.30139686E-01
 -1.67084275E-01  1.00000000E+00  7.22496918E-01 -3.45409804E+00  4.44779463E-01  2.79238150E+01  8.79450450E-01  7.37573578E-01
 -1.60895969E-01  1.00000000E+00  7.24161486E-01 -3.47280336E+00  4.48029836E-01  2.81992653E+01  8.79595881E-01  7.45081893E-01
 -1.54707662E-01  1.00000000E+00  7.26987980E-01 -3.48613485E+00  4.51652191E-01  2.85031716E+01  8.77752284E-01  7.53420526E-01
 -1.48519356E-01  1.00000000E+00  7.29814475E-01 -3.49948969E+00  4.55276603E-01  2.88104599E+01  8.75903306E-01  7.61851543E-01
 -1.42331049E-01  1.00000000E+00  7.33702301E-01 -3.51384947E+00  4.59763151E-01  2.90991669E+01  8.74171799E-01  7.69772594E-01
 -1.36142743E-01  1.00000000E+00  7.37590128E-01 -3.52826384E+00  4.64510238E-01  2.93908415E+01  8.72440497E-01  7.77774573E-01
 -1.29954436E-01  1.00000000E+00  7.42726021E-01 -3.54434833E+00  4.69357639E-01  2.98217613E+01  8.69805698E-01  7.89598790E-01
 -1.23766130E-01  1.00000000E+00  7.47861915E-01 -3.56041353E+00  4.74749435E-01  3.02592332E+01  8.67155187E-01  8.01602128E-01
 -1.17577823E-01  1.00000000E+00  7.54446051E-01 -3.58731653E+00  4.81130300E-01  3.07606569E+01  8.65694538E-01  8.15317155E-01
 -1.11389517E-01  1.00000000E+00  7.61030188E-01 -3.61440932E+00  4.87760291E-01  3.12705635E+01  8.64228502E-01  8.29263682E-01
 -1.05201210E-01  1.00000000E+00  7.70781047E-01 -3.64496294E+00  4.95344233E-01  3.18505301E+01  8.62197476E-01  8.45136346E-01
 -9.90129037E-02  1.00000000E+00  7.80531906E-01 -3.67576834E+00  5.03107807E-01  3.24414710E+01  8.60164508E-01  8.61308360E-01
 -9.28245972E-02  1.00000000E+00  7.93528659E-01 -3.70041434E+00  5.12212484E-01  3.31485185E+01  8.55582599E-01  8.80716434E-01
 -8.66362908E-02  1.00000000E+00  8.06525412E-01 -3.72502858E+00  5.21361540E-01  3.38715027E+01  8.50975014E-01  9.00559845E-01
 -8.04479843E-02  1.00000000E+00  8.23624407E-01 -3.75007635E+00  5.32451521E-01  3.46410371E+01  8.45932091E-01  9.21684683E-01
 -7.42596778E-02  1.00000000E+00  8.40723402E-01 -3.77505650E+00  5.44845389E-01  3.54286478E+01  8.40862240E-01  9.43303242E-01
 -6.80713713E-02  1.00000000E+00  8.61418763E-01 -3.77305110E+00  5.59466262E-01  3.63893816E+01  8.28172989E-01  9.69851143E-01
 -6.18830648E-02  1.00000000E+00  8.82114124E-01 -3.76972896E+00  5.73917576E-01  3.73780420E+01  8.15485989E-01  9.97160617E-01
 -5.56947583E-02  1.00000000E+00  9.23921656E-01 -4.18515078E+00  5.91026136E-01  3.88053113E+01  8.81188722E-01  1.03429425E+00
 -4.95064519E-02  1.00000000E+00  9.65729187E-01 -4.62259779E+00  6.01917609E-01  4.03017793E+01  9.54471630E-01  1.07310839E+00
 -4.33181454E-02  1.00000000E+00  1.03491671E+00 -2.59912177E+00  6.09956910E-01  3.51769028E+01  6.60067669E-01  9.41368230E-01
 -3.71298389E-02  1.00000000E+00  1.10410423E+00 -9.01572944E-01  6.51713712E-01  3.11044018E+01  5.35786247E-01  8.33689515E-01
 -3.09415324E-02  1.00000000E+00  1.04128121E+00 -9.13402626E-01  6.45374369E-01  2.76839725E+01  5.60967414E-01  7.39718319E-01
 -2.47532259E-02  1.00000000E+00  9.78458185E-01 -9.19113920E-01  5.49707469E-01  2.46419243E+01  5.87118845E-01  6.56040148E-01
 -1.85649194E-02  1.00000000E+00  2.27641428E+00 -1.22664840E+01  4.02731287E-01  4.10190239E+01  4.08922250E+00  1.00717640E+00
 -1.23766130E-02  1.00000000E+00  3.57437037E+00 -4.54222781E+01  4.80747407E-01  9.69578319E+01  2.15049665E+01  2.05780542E+00
 -6.18830648E-03  1.00000000E+00  1.48500481E+00  4.59442724E+00  1.64686355E+00  2.90506334E+01  1.58069599E+00  7.49180112E-01
  0.00000000E+00  1.00000000E+00 -6.04360750E-01  1.17608541E+02  7.43791556E+00  1.68583662E+02  8.22137182E+01  2.35554391E+00
