# curve 5 (die wall), step =      400, time =   1.60000000E+02
# N1 = tau_xx - tau_yy = G ( c_xx - c_yy ),  G =  2.7273E-02  (polymer part only)
#              x               y        pressure            c_xy        gammadot            c_xx            c_yy              N1
 -3.00000000E+00  1.00000000E+00  2.69901034E+00 -3.25493141E+00  4.08715079E-01  2.46007550E+01  8.93874228E-01  6.46551295E-01
 -2.97524677E+00  1.00000000E+00  2.68042918E+00 -3.25498763E+00  4.08727953E-01  2.46000534E+01  8.93903975E-01  6.46531347E-01
 -2.95049355E+00  1.00000000E+00  2.66184802E+00 -3.25504385E+00  4.08735948E-01  2.45993517E+01  8.93933723E-01  6.46511399E-01
 -2.92574032E+00  1.00000000E+00  2.64327707E+00 -3.25527659E+00  4.08741116E-01  2.46018027E+01  8.93951973E-01  6.46577748E-01
 -2.90098710E+00  1.00000000E+00  2.62470613E+00 -3.25550935E+00  4.08736105E-01  2.46042540E+01  8.93970224E-01  6.46644103E-01
 -2.87623387E+00  1.00000000E+00  2.60619241E+00 -3.25598293E+00  4.08723152E-01  2.46112764E+01  8.93981027E-01  6.46835329E-01
 -2.85148064E+00  1.00000000E+00  2.58767870E+00 -3.25645658E+00  4.08700826E-01  2.46183009E+01  8.93991828E-01  6.47026611E-01
 -2.82672742E+00  1.00000000E+00  2.56909798E+00 -3.25529545E+00  4.08686433E-01  2.46115003E+01  8.93833116E-01  6.46845468E-01
 -2.80197419E+00  1.00000000E+00  2.55051727E+00 -3.25413466E+00  4.08693454E-01  2.46047016E+01  8.93674470E-01  6.46664376E-01
 -2.77722097E+00  1.00000000E+00  2.53190582E+00 -3.25432395E+00  4.08705235E-01  2.46016831E+01  8.93753848E-01  6.46579889E-01
 -2.75246774E+00  1.00000000E+00  2.51329436E+00 -3.25451317E+00  4.08718015E-01  2.45986651E+01  8.93833228E-01  6.46495415E-01
 -2.72771451E+00  1.00000000E+00  2.49480888E+00 -3.25524248E+00  4.08714147E-01  2.46009089E+01  8.93987573E-01  6.46552399E-01
 -2.70296129E+00  1.00000000E+00  2.47632340E+00 -3.25597189E+00  4.08687225E-01  2.46031529E+01  8.94141954E-01  6.46609390E-01
 -2.67820806E+00  1.00000000E+00  2.45772251E+00 -3.25513629E+00  4.08679802E-01  2.46013950E+01  8.93941198E-01  6.46566923E-01
 -2.65345484E+00  1.00000000E+00  2.43912161E+00 -3.25430080E+00  4.08695909E-01  2.45996374E+01  8.93740493E-01  6.46524460E-01
 -2.62870161E+00  1.00000000E+00  2.42057288E+00 -3.25460743E+00  4.08711392E-01  2.45984644E+01  8.93832114E-01  6.46489971E-01
 -2.60394839E+00  1.00000000E+00  2.40202415E+00 -3.25491404E+00  4.08719041E-01  2.45972915E+01  8.93923744E-01  6.46455485E-01
 -2.57919516E+00  1.00000000E+00  2.38347574E+00 -3.25518862E+00  4.08728362E-01  2.45994042E+01  8.93972785E-01  6.46511765E-01
 -2.55444193E+00  1.00000000E+00  2.36492733E+00 -3.25546324E+00  4.08713620E-01  2.46015170E+01  8.94021829E-01  6.46568050E-01
 -2.52968871E+00  1.00000000E+00  2.34639728E+00 -3.25606280E+00  4.08691160E-01  2.46069333E+01  8.94099849E-01  6.46713641E-01
 -2.50493548E+00  1.00000000E+00  2.32786723E+00 -3.25666249E+00  4.08658454E-01  2.46123509E+01  8.94177880E-01  6.46859264E-01
 -2.48018226E+00  1.00000000E+00  2.30925958E+00 -3.25538913E+00  4.08657412E-01  2.46059312E+01  8.93957974E-01  6.46690179E-01
 -2.45542903E+00  1.00000000E+00  2.29065192E+00 -3.25411616E+00  4.08680690E-01  2.45995133E+01  8.93738155E-01  6.46521139E-01
 -2.43067580E+00  1.00000000E+00  2.27207617E+00 -3.25431282E+00  4.08706929E-01  2.45978012E+01  8.93797563E-01  6.46472827E-01
 -2.40592258E+00  1.00000000E+00  2.25350041E+00 -3.25450945E+00  4.08729943E-01  2.45960893E+01  8.93856973E-01  6.46424519E-01
 -2.38116935E+00  1.00000000E+00  2.23499330E+00 -3.25522680E+00  4.08724304E-01  2.45983280E+01  8.94016470E-01  6.46481224E-01
 -2.35641613E+00  1.00000000E+00  2.21648618E+00 -3.25594425E+00  4.08695341E-01  2.46005669E+01  8.94176001E-01  6.46537935E-01
 -2.33166290E+00  1.00000000E+00  2.19791285E+00 -3.25540454E+00  4.08688649E-01  2.46015058E+01  8.94015219E-01  6.46567926E-01
 -2.30690967E+00  1.00000000E+00  2.17933951E+00 -3.25486482E+00  4.08698804E-01  2.46024449E+01  8.93854464E-01  6.46597920E-01
 -2.28215645E+00  1.00000000E+00  2.16074246E+00 -3.25457127E+00  4.08713317E-01  2.46009390E+01  8.93790889E-01  6.46558584E-01
 -2.25740322E+00  1.00000000E+00  2.14214540E+00 -3.25427775E+00  4.08731775E-01  2.45994332E+01  8.93727319E-01  6.46519251E-01
 -2.23265000E+00  1.00000000E+00  2.12363823E+00 -3.25562633E+00  4.08727981E-01  2.46050525E+01  8.93994988E-01  6.46665206E-01
 -2.20789677E+00  1.00000000E+00  2.10513105E+00 -3.25697531E+00  4.08689782E-01  2.46106733E+01  8.94262766E-01  6.46811196E-01
 -2.18314354E+00  1.00000000E+00  2.08654974E+00 -3.25608446E+00  4.08668717E-01  2.46053031E+01  8.94127996E-01  6.46668412E-01
 -2.15839032E+00  1.00000000E+00  2.06796842E+00 -3.25519383E+00  4.08669279E-01  2.45999341E+01  8.93993264E-01  6.46525658E-01
 -2.13363709E+00  1.00000000E+00  2.04941429E+00 -3.25492458E+00  4.08676977E-01  2.45983658E+01  8.93943122E-01  6.46484255E-01
 -2.10888387E+00  1.00000000E+00  2.03086016E+00 -3.25465534E+00  4.08693337E-01  2.45967976E+01  8.93892983E-01  6.46442853E-01
 -2.08413064E+00  1.00000000E+00  2.01227061E+00 -3.25475217E+00  4.08711651E-01  2.45958405E+01  8.93922409E-01  6.46415947E-01
 -2.05937741E+00  1.00000000E+00  1.99368106E+00 -3.25484900E+00  4.08716806E-01  2.45948834E+01  8.93951836E-01  6.46389042E-01
 -2.03462419E+00  1.00000000E+00  1.97515699E+00 -3.25479496E+00  4.08710650E-01  2.45967898E+01  8.93919775E-01  6.46441909E-01
 -2.00987096E+00  1.00000000E+00  1.95663292E+00 -3.25474091E+00  4.08702633E-01  2.45986964E+01  8.93887714E-01  6.46494781E-01
 -1.98511774E+00  1.00000000E+00  1.93802252E+00 -3.25463618E+00  4.08706071E-01  2.45977569E+01  8.93869287E-01  6.46469662E-01
 -1.96036451E+00  1.00000000E+00  1.91941212E+00 -3.25453146E+00  4.08711177E-01  2.45968175E+01  8.93850859E-01  6.46444544E-01
 -1.93561128E+00  1.00000000E+00  1.90093876E+00 -3.25573349E+00  4.08695057E-01  2.46021668E+01  8.94085328E-01  6.46584040E-01
 -1.91085806E+00  1.00000000E+00  1.88246539E+00 -3.25693585E+00  4.08657661E-01  2.46075174E+01  8.94319882E-01  6.46723568E-01
 -1.88610483E+00  1.00000000E+00  1.86381932E+00 -3.25526142E+00  4.08645608E-01  2.46043584E+01  8.93923923E-01  6.46648212E-01
 -1.86135161E+00  1.00000000E+00  1.84517326E+00 -3.25358735E+00  4.08666096E-01  2.46012002E+01  8.93528169E-01  6.46572874E-01
 -1.83659838E+00  1.00000000E+00  1.82661876E+00 -3.25465102E+00  4.08681228E-01  2.45989427E+01  8.93857781E-01  6.46502316E-01
 -1.81184516E+00  1.00000000E+00  1.80806426E+00 -3.25571460E+00  4.08673821E-01  2.45966859E+01  8.94187501E-01  6.46431773E-01
 -1.78709193E+00  1.00000000E+00  1.78958773E+00 -3.25611800E+00  4.08638360E-01  2.46046889E+01  8.94172333E-01  6.46650453E-01
 -1.76233870E+00  1.00000000E+00  1.77111121E+00 -3.25652142E+00  4.08586220E-01  2.46126947E+01  8.94157156E-01  6.46869206E-01
 -1.73758548E+00  1.00000000E+00  1.75246598E+00 -3.25572287E+00  4.08578386E-01  2.46088868E+01  8.94011699E-01  6.46769320E-01
 -1.71283225E+00  1.00000000E+00  1.73382075E+00 -3.25492448E+00  4.08580454E-01  2.46050794E+01  8.93866278E-01  6.46669449E-01
 -1.68807903E+00  1.00000000E+00  1.71522707E+00 -3.25469803E+00  4.08566460E-01  2.46004159E+01  8.93888749E-01  6.46541650E-01
 -1.66332580E+00  1.00000000E+00  1.69663339E+00 -3.25447160E+00  4.08555051E-01  2.45957533E+01  8.93911217E-01  6.46413876E-01
 -1.63857257E+00  1.00000000E+00  1.67812674E+00 -3.25466253E+00  4.08554324E-01  2.45957646E+01  8.93963427E-01  6.46412760E-01
 -1.61381935E+00  1.00000000E+00  1.65962009E+00 -3.25485346E+00  4.08533640E-01  2.45957760E+01  8.94015641E-01  6.46411645E-01
 -1.58906612E+00  1.00000000E+00  1.64097348E+00 -3.25402570E+00  4.08509439E-01  2.45900331E+01  8.93890981E-01  6.46258422E-01
 -1.56431290E+00  1.00000000E+00  1.62232687E+00 -3.25319814E+00  4.08500762E-01  2.45842917E+01  8.93766352E-01  6.46105236E-01
 -1.53955967E+00  1.00000000E+00  1.60382214E+00 -3.25353629E+00  4.08489361E-01  2.45812989E+01  8.93904480E-01  6.46019847E-01
 -1.51480644E+00  1.00000000E+00  1.58531741E+00 -3.25387437E+00  4.08472877E-01  2.45783066E+01  8.94042622E-01  6.45934471E-01
 -1.49005322E+00  1.00000000E+00  1.56676185E+00 -3.25437557E+00  4.08438382E-01  2.45799631E+01  8.94172985E-01  6.45976093E-01
 -1.46529999E+00  1.00000000E+00  1.54820630E+00 -3.25487682E+00  4.08365336E-01  2.45816197E+01  8.94303369E-01  6.46017718E-01
 -1.44054677E+00  1.00000000E+00  1.52967372E+00 -3.25542843E+00  4.08290463E-01  2.45865879E+01  8.94402001E-01  6.46150526E-01
 -1.41579354E+00  1.00000000E+00  1.51114114E+00 -3.25598015E+00  4.08189273E-01  2.45915572E+01  8.94500644E-01  6.46283361E-01
 -1.39104031E+00  1.00000000E+00  1.49255459E+00 -3.25423629E+00  4.08105762E-01  2.45787579E+01  8.94298627E-01  6.45939799E-01
 -1.36628709E+00  1.00000000E+00  1.47396804E+00 -3.25249334E+00  4.08061222E-01  2.45659653E+01  8.94096737E-01  6.45596415E-01
 -1.34153386E+00  1.00000000E+00  1.45538108E+00 -3.25212255E+00  4.08010532E-01  2.45574661E+01  8.94137603E-01  6.45363505E-01
 -1.31678064E+00  1.00000000E+00  1.43679413E+00 -3.25175174E+00  4.07961792E-01  2.45489700E+01  8.94178457E-01  6.45130679E-01
 -1.29202741E+00  1.00000000E+00  1.41830567E+00 -3.25177485E+00  4.07891662E-01  2.45458092E+01  8.94248582E-01  6.45042562E-01
 -1.26727418E+00  1.00000000E+00  1.39981722E+00 -3.25179793E+00  4.07796935E-01  2.45426488E+01  8.94318708E-01  6.44954457E-01
 -1.24252096E+00  1.00000000E+00  1.38133299E+00 -3.25217044E+00  4.07693014E-01  2.45395286E+01  8.94497779E-01  6.44864476E-01
 -1.21776773E+00  1.00000000E+00  1.36284876E+00 -3.25254288E+00  4.07564691E-01  2.45364089E+01  8.94676874E-01  6.44774508E-01
 -1.19301451E+00  1.00000000E+00  1.34430833E+00 -3.25091767E+00  4.07432802E-01  2.45209248E+01  8.94565389E-01  6.44355257E-01
 -1.16826128E+00  1.00000000E+00  1.32576790E+00 -3.24929335E+00  4.07321103E-01  2.45054505E+01  8.94453985E-01  6.43936270E-01
 -1.14350806E+00  1.00000000E+00  1.30731475E+00 -3.24880418E+00  4.07182757E-01  2.44962376E+01  8.94495980E-01  6.43683862E-01
 -1.11875483E+00  1.00000000E+00  1.28886160E+00 -3.24831507E+00  4.07047989E-01  2.44870282E+01  8.94537967E-01  6.43431551E-01
 -1.09400160E+00  1.00000000E+00  1.27040634E+00 -3.24745714E+00  4.06903282E-01  2.44732090E+01  8.94586429E-01  6.43053343E-01
 -1.06924838E+00  1.00000000E+00  1.25195107E+00 -3.24659944E+00  4.06752252E-01  2.44593978E+01  8.94634888E-01  6.42675352E-01
 -1.04449515E+00  1.00000000E+00  1.23358308E+00 -3.24601840E+00  4.06569731E-01  2.44438855E+01  8.94790274E-01  6.42248052E-01
 -1.01974193E+00  1.00000000E+00  1.21521508E+00 -3.24543734E+00  4.06370799E-01  2.44283835E+01  8.94945641E-01  6.41821033E-01
 -9.94988700E-01  1.00000000E+00  1.19692075E+00 -3.24430281E+00  4.06143539E-01  2.44141249E+01  8.94966033E-01  6.41431605E-01
 -9.70235474E-01  1.00000000E+00  1.17862643E+00 -3.24316875E+00  4.05918508E-01  2.43998747E+01  8.94986458E-01  6.41042406E-01
 -9.45482248E-01  1.00000000E+00  1.16031510E+00 -3.24178225E+00  4.05684275E-01  2.43802899E+01  8.95010501E-01  6.40507619E-01
 -9.20729022E-01  1.00000000E+00  1.14200378E+00 -3.24039641E+00  4.05453064E-01  2.43607211E+01  8.95034558E-01  6.39973268E-01
 -8.95975796E-01  1.00000000E+00  1.12389975E+00 -3.23960775E+00  4.05181793E-01  2.43374135E+01  8.95296533E-01  6.39330463E-01
 -8.71222570E-01  1.00000000E+00  1.10579573E+00 -3.23881891E+00  4.04897940E-01  2.43141294E+01  8.95558471E-01  6.38688298E-01
 -8.46469344E-01  1.00000000E+00  1.08781032E+00 -3.23775111E+00  4.04566755E-01  2.42968839E+01  8.95689792E-01  6.38214385E-01
 -8.21716118E-01  1.00000000E+00  1.06982491E+00 -3.23668373E+00  4.04210032E-01  2.42796509E+01  8.95821152E-01  6.37740811E-01
 -7.97201467E-01  1.00000000E+00  1.05207109E+00 -3.23476633E+00  4.03929607E-01  2.42545291E+01  8.95815187E-01  6.37055835E-01
 -7.72686817E-01  1.00000000E+00  1.03431727E+00 -3.23285021E+00  4.03647596E-01  2.42294337E+01  8.95809265E-01  6.36371576E-01
 -7.49503432E-01  1.00000000E+00  1.01779316E+00 -3.23193605E+00  4.03348218E-01  2.42066369E+01  8.96028142E-01  6.35743874E-01
 -7.26320047E-01  1.00000000E+00  1.00126905E+00 -3.23102189E+00  4.03044893E-01  2.41838624E+01  8.96246985E-01  6.35116784E-01
 -7.04527831E-01  1.00000000E+00  9.85997348E-01 -3.22981920E+00  4.02708595E-01  2.41619202E+01  8.96431915E-01  6.34513317E-01
 -6.82735615E-01  1.00000000E+00  9.70725645E-01 -3.22861700E+00  4.02376466E-01  2.41399985E+01  8.96616875E-01  6.33910408E-01
 -6.62251087E-01  1.00000000E+00  9.56393835E-01 -3.22590991E+00  4.02160708E-01  2.41182429E+01  8.96308183E-01  6.33325493E-01
 -6.41766559E-01  1.00000000E+00  9.42062024E-01 -3.22320514E+00  4.01965294E-01  2.40965069E+01  8.95999764E-01  6.32741104E-01
 -6.22511254E-01  1.00000000E+00  9.28980295E-01 -3.22192679E+00  4.01740597E-01  2.40753542E+01  8.96078088E-01  6.32162077E-01
 -6.03255949E-01  1.00000000E+00  9.15898565E-01 -3.22064894E+00  4.01537549E-01  2.40542206E+01  8.96156397E-01  6.31583569E-01
 -5.85156097E-01  1.00000000E+00  9.03831025E-01 -3.21952070E+00  4.01353434E-01  2.40357845E+01  8.96223433E-01  6.31078940E-01
 -5.67056245E-01  1.00000000E+00  8.91763484E-01 -3.21839285E+00  4.01189301E-01  2.40173630E+01  8.96290460E-01  6.30574705E-01
 -5.50042515E-01  1.00000000E+00  8.80586496E-01 -3.21727434E+00  4.01138330E-01  2.40088396E+01  8.96123265E-01  6.30346808E-01
 -5.33028786E-01  1.00000000E+00  8.69409508E-01 -3.21615622E+00  4.01082310E-01  2.40003192E+01  8.95956121E-01  6.30118993E-01
 -5.17036006E-01  1.00000000E+00  8.59391262E-01 -3.21853849E+00  4.01015348E-01  2.40037877E+01  8.96566241E-01  6.30196950E-01
 -5.01043227E-01  1.00000000E+00  8.49373016E-01 -3.22092146E+00  4.00910586E-01  2.40072577E+01  8.97176812E-01  6.30274934E-01
 -4.86010125E-01  1.00000000E+00  8.40007767E-01 -3.21860785E+00  4.00920846E-01  2.40033559E+01  8.96609741E-01  6.30183986E-01
 -4.70977023E-01  1.00000000E+00  8.30642517E-01 -3.21629492E+00  4.01048193E-01  2.39994555E+01  8.96043078E-01  6.30093066E-01
 -4.56846016E-01  1.00000000E+00  8.22307762E-01 -3.21862450E+00  4.01188968E-01  2.40131251E+01  8.96339077E-01  6.30457800E-01
 -4.42715008E-01  1.00000000E+00  8.13973006E-01 -3.22095551E+00  4.01371826E-01  2.40268025E+01  8.96635352E-01  6.30822741E-01
 -4.29431964E-01  1.00000000E+00  8.06415597E-01 -3.22142037E+00  4.01648675E-01  2.40453417E+01  8.96356654E-01  6.31335956E-01
 -4.16148920E-01  1.00000000E+00  7.98858189E-01 -3.22188500E+00  4.01957289E-01  2.40638961E+01  8.96077954E-01  6.31849585E-01
 -4.03662954E-01  1.00000000E+00  7.92064191E-01 -3.22237085E+00  4.02259351E-01  2.40890567E+01  8.95683891E-01  6.32546532E-01
 -3.91176988E-01  1.00000000E+00  7.85270192E-01 -3.22285600E+00  4.02698176E-01  2.41142455E+01  8.95289808E-01  6.33244245E-01
 -3.79440270E-01  1.00000000E+00  7.79194635E-01 -3.22666349E+00  4.03209195E-01  2.41514710E+01  8.95498403E-01  6.34253799E-01
 -3.67703552E-01  1.00000000E+00  7.73119078E-01 -3.23047597E+00  4.03750451E-01  2.41887542E+01  8.95707458E-01  6.35264912E-01
 -3.56671122E-01  1.00000000E+00  7.67918038E-01 -3.23384068E+00  4.04412150E-01  2.42371400E+01  8.95541399E-01  6.36589054E-01
 -3.45638692E-01  1.00000000E+00  7.62716997E-01 -3.23720948E+00  4.05039208E-01  2.42856243E+01  8.95375524E-01  6.37915877E-01
 -3.35268287E-01  1.00000000E+00  7.58054587E-01 -3.24042798E+00  4.05676897E-01  2.43437948E+01  8.95084543E-01  6.39510280E-01
 -3.24897882E-01  1.00000000E+00  7.53392177E-01 -3.24364923E+00  4.06466185E-01  2.44021086E+01  8.94793396E-01  6.41108597E-01
 -3.15149775E-01  1.00000000E+00  7.49404865E-01 -3.24658493E+00  4.07372939E-01  2.44619457E+01  8.94347948E-01  6.42752665E-01
 -3.05401669E-01  1.00000000E+00  7.45417552E-01 -3.24952253E+00  4.08326844E-01  2.45219344E+01  8.93902356E-01  6.44400874E-01
 -2.96238520E-01  1.00000000E+00  7.41982080E-01 -3.25376242E+00  4.09348734E-01  2.46087169E+01  8.93196273E-01  6.46786927E-01
 -2.87075371E-01  1.00000000E+00  7.38546608E-01 -3.25800664E+00  4.10567040E-01  2.46958168E+01  8.92490072E-01  6.49181638E-01
 -2.78462077E-01  1.00000000E+00  7.35941269E-01 -3.26387131E+00  4.11835570E-01  2.47822697E+01  8.92203657E-01  6.51547255E-01
 -2.69848783E-01  1.00000000E+00  7.33335930E-01 -3.26974810E+00  4.13110630E-01  2.48690306E+01  8.91917700E-01  6.53921261E-01
 -2.61752348E-01  1.00000000E+00  7.31161249E-01 -3.27840418E+00  4.14437755E-01  2.49806377E+01  8.91982647E-01  6.56963318E-01
 -2.53655913E-01  1.00000000E+00  7.28986569E-01 -3.28708629E+00  4.15843780E-01  2.50927517E+01  8.92048650E-01  6.60019173E-01
 -2.46045323E-01  1.00000000E+00  7.27532475E-01 -3.29180342E+00  4.17351016E-01  2.52088221E+01  8.90943976E-01  6.63214858E-01
 -2.38434732E-01  1.00000000E+00  7.26078381E-01 -3.29652201E+00  4.18913886E-01  2.53254512E+01  8.89838741E-01  6.66425793E-01
 -2.31280830E-01  1.00000000E+00  7.24941540E-01 -3.30199921E+00  4.20553662E-01  2.54489032E+01  8.88899617E-01  6.69818279E-01
 -2.24126928E-01  1.00000000E+00  7.23804698E-01 -3.30748027E+00  4.22314949E-01  2.55729790E+01  8.87959557E-01  6.73227803E-01
 -2.17402314E-01  1.00000000E+00  7.23314155E-01 -3.32054569E+00  4.24177317E-01  2.57235146E+01  8.88396703E-01  6.77321397E-01
 -2.10677699E-01  1.00000000E+00  7.22823613E-01 -3.33366971E+00  4.26065416E-01  2.58749424E+01  8.88837579E-01  6.81439221E-01
 -2.04351753E-01  1.00000000E+00  7.22959115E-01 -3.34339105E+00  4.28064673E-01  2.60382922E+01  8.88138967E-01  6.85913270E-01
 -1.98025807E-01  1.00000000E+00  7.23094618E-01 -3.35314210E+00  4.30085365E-01  2.62026965E+01  8.87440548E-01  6.90416071E-01
 -1.91837501E-01  1.00000000E+00  7.23590222E-01 -3.36361471E+00  4.32366692E-01  2.63729622E+01  8.86863555E-01  6.95075417E-01
 -1.85649194E-01  1.00000000E+00  7.24085827E-01 -3.37412211E+00  4.34741135E-01  2.65443572E+01  8.86286845E-01  6.99765554E-01
 -1.79460888E-01  1.00000000E+00  7.25289824E-01 -3.38011326E+00  4.37425155E-01  2.67425007E+01  8.83985548E-01  7.05232232E-01
 -1.73272582E-01  1.00000000E+00  7.26493822E-01 -3.38609053E+00  4.40230785E-01  2.69421950E+01  8.81683093E-01  7.10741234E-01
 -1.67084275E-01  1.00000000E+00  7.28413402E-01 -3.40567292E+00  4.43333440E-01  2.71881486E+01  8.82150071E-01  7.17436322E-01
 -1.60895969E-01  1.00000000E+00  7.30332983E-01 -3.42538345E+00  4.46479744E-01  2.74363671E+01  8.82623408E-01  7.24193011E-01
 -1.54707662E-01  1.00000000E+00  7.33198705E-01 -3.43818857E+00  4.50084967E-01  2.77126557E+01  8.80693018E-01  7.31780800E-01
 -1.48519356E-01  1.00000000E+00  7.36064428E-01 -3.45102822E+00  4.53731060E-01  2.79918125E+01  8.78760977E-01  7.39446860E-01
 -1.42331049E-01  1.00000000E+00  7.40197358E-01 -3.46906901E+00  4.58123958E-01  2.82822259E+01  8.77743567E-01  7.47394974E-01
 -1.36142743E-01  1.00000000E+00  7.44330288E-01 -3.48721651E+00  4.62707584E-01  2.85757049E+01  8.76730071E-01  7.55426586E-01
 -1.29954436E-01  1.00000000E+00  7.49658270E-01 -3.50511554E+00  4.67453338E-01  2.89688027E+01  8.74471822E-01  7.66209025E-01
 -1.23766130E-01  1.00000000E+00  7.54986251E-01 -3.52307070E+00  4.72716178E-01  2.93674715E+01  8.72206551E-01  7.77143589E-01
 -1.17577823E-01  1.00000000E+00  7.61901787E-01 -3.55170373E+00  4.78903149E-01  2.98362471E+01  8.71113753E-01  7.89958182E-01
 -1.11389517E-01  1.00000000E+00  7.68817322E-01 -3.58058955E+00  4.85325929E-01  3.03126304E+01  8.70025595E-01  8.02980131E-01
 -1.05201210E-01  1.00000000E+00  7.78859320E-01 -3.61122498E+00  4.92829063E-01  3.08653323E+01  8.67876285E-01  8.18112437E-01
 -9.90129037E-02  1.00000000E+00  7.88901318E-01 -3.64213688E+00  5.00524317E-01  3.14283083E+01  8.65731909E-01  8.33524812E-01
 -9.28245972E-02  1.00000000E+00  8.01920528E-01 -3.66781886E+00  5.09566483E-01  3.20901687E+01  8.61174339E-01  8.51699846E-01
 -8.66362908E-02  1.00000000E+00  8.14939739E-01 -3.69356330E+00  5.18748990E-01  3.27664135E+01  8.56604204E-01  8.70267527E-01
 -8.04479843E-02  1.00000000E+00  8.32868315E-01 -3.72947345E+00  5.29722241E-01  3.35401406E+01  8.53173316E-01  8.91462744E-01
 -7.42596778E-02  1.00000000E+00  8.50796891E-01 -3.76566898E+00  5.41798360E-01  3.43325667E+01  8.49731573E-01  9.13168231E-01
 -6.80713713E-02  1.00000000E+00  8.71693036E-01 -3.76351788E+00  5.56277436E-01  3.52602095E+01  8.36150477E-01  9.38837974E-01
 -6.18830648E-02  1.00000000E+00  8.92589182E-01 -3.76013306E+00  5.70769254E-01  3.62148045E+01  8.22592200E-01  9.65242153E-01
 -5.56947583E-02  1.00000000E+00  9.35350488E-01 -4.16774146E+00  5.87754023E-01  3.76652209E+01  8.87383519E-01  1.00303193E+00
 -4.95064519E-02  1.00000000E+00  9.78111795E-01 -4.59760961E+00  5.98774419E-01  3.91873380E+01  9.59590052E-01  1.04257494E+00
 -4.33181454E-02  1.00000000E+00  1.04410321E+00 -2.67442705E+00  6.07146441E-01  3.43559556E+01  6.68363860E-01  9.18752501E-01
 -3.71298389E-02  1.00000000E+00  1.11009462E+00 -1.05510300E+00  6.46911807E-01  3.04857560E+01  5.34448078E-01  8.16853852E-01
 -3.09415324E-02  1.00000000E+00  1.05819656E+00 -1.21738308E+00  6.36696698E-01  2.73883088E+01  5.68080451E-01  7.31460772E-01
 -2.47532259E-02  1.00000000E+00  1.00629849E+00 -1.35248382E+00  5.34165140E-01  2.46202386E+01  6.04504308E-01  6.54974572E-01
 -1.85649194E-02  1.00000000E+00  2.32097904E+00 -1.25097702E+01  3.76959152E-01  3.96472558E+01  4.35670810E+00  9.62469482E-01
 -1.23766130E-02  1.00000000E+00  3.63565958E+00 -4.42577935E+01  4.58710627E-01  9.06930355E+01  2.18202984E+01  1.87834738E+00
 -6.18830648E-03  1.00000000E+00  1.50887747E+00  4.13563667E+00  1.62467622E+00  2.60682657E+01  1.56024847E+00  6.68400471E-01
  0.00000000E+00  1.00000000E+00 -6.17904648E-01  1.15595770E+02  7.59470430E+00  1.62452378E+02  8.24234613E+01  2.18260683E+00
