# curve 5 (die wall), step =      200, time =   8.00000000E+01
# N1 = tau_xx - tau_yy = G ( c_xx - c_yy ),  G =  3.3333E-02  (polymer part only)
#              x               y        pressure            c_xy        gammadot            c_xx            c_yy              N1
 -3.00000000E+00  1.00000000E+00  2.50694150E+00 -7.07045857E-01  4.03379125E-01  2.06108690E+00  7.80891465E-01  4.26731812E-02
 -2.97524677E+00  1.00000000E+00  2.48780500E+00 -7.07011256E-01  4.03381300E-01  2.06103335E+00  7.80886476E-01  4.26715624E-02
 -2.95049355E+00  1.00000000E+00  2.46866850E+00 -7.06976656E-01  4.03382882E-01  2.06097980E+00  7.80881487E-01  4.26699437E-02
 -2.92574032E+00  1.00000000E+00  2.44952913E+00 -7.07002699E-01  4.03382995E-01  2.06102837E+00  7.80883155E-01  4.26715073E-02
 -2.90098710E+00  1.00000000E+00  2.43038977E+00 -7.07028743E-01  4.03381929E-01  2.06107695E+00  7.80884824E-01  4.26730709E-02
 -2.87623387E+00  1.00000000E+00  2.41124863E+00 -7.07091647E-01  4.03380954E-01  2.06120308E+00  7.80885662E-01  4.26772471E-02
 -2.85148064E+00  1.00000000E+00  2.39210750E+00 -7.07154554E-01  4.03379386E-01  2.06132921E+00  7.80886503E-01  4.26814235E-02
 -2.82672742E+00  1.00000000E+00  2.37296776E+00 -7.07077968E-01  4.03380673E-01  2.06118835E+00  7.80881706E-01  4.26768883E-02
 -2.80197419E+00  1.00000000E+00  2.35382802E+00 -7.07001387E-01  4.03381585E-01  2.06104751E+00  7.80876913E-01  4.26723533E-02
 -2.77722097E+00  1.00000000E+00  2.33468802E+00 -7.07017650E-01  4.03382155E-01  2.06104930E+00  7.80885609E-01  4.26721231E-02
 -2.75246774E+00  1.00000000E+00  2.31554802E+00 -7.07033913E-01  4.03382743E-01  2.06105109E+00  7.80894305E-01  4.26718929E-02
 -2.72771451E+00  1.00000000E+00  2.29640892E+00 -7.07021299E-01  4.03382739E-01  2.06104663E+00  7.80888726E-01  4.26719301E-02
 -2.70296129E+00  1.00000000E+00  2.27726983E+00 -7.07008685E-01  4.03381873E-01  2.06104216E+00  7.80883147E-01  4.26719672E-02
 -2.67820806E+00  1.00000000E+00  2.25812997E+00 -7.07025447E-01  4.03381353E-01  2.06105563E+00  7.80888655E-01  4.26722324E-02
 -2.65345484E+00  1.00000000E+00  2.23899011E+00 -7.07042208E-01  4.03381324E-01  2.06106909E+00  7.80894163E-01  4.26724977E-02
 -2.62870161E+00  1.00000000E+00  2.21985028E+00 -7.07036173E-01  4.03381586E-01  2.06105760E+00  7.80893904E-01  4.26721232E-02
 -2.60394839E+00  1.00000000E+00  2.20071045E+00 -7.07030138E-01  4.03381990E-01  2.06104611E+00  7.80893645E-01  4.26717487E-02
 -2.57919516E+00  1.00000000E+00  2.18157127E+00 -7.07015555E-01  4.03382034E-01  2.06103334E+00  7.80889104E-01  4.26714745E-02
 -2.55444193E+00  1.00000000E+00  2.16243210E+00 -7.07000973E-01  4.03381598E-01  2.06102057E+00  7.80884563E-01  4.26712003E-02
 -2.52968871E+00  1.00000000E+00  2.14329105E+00 -7.07048947E-01  4.03380770E-01  2.06111216E+00  7.80886760E-01  4.26741801E-02
 -2.50493548E+00  1.00000000E+00  2.12415001E+00 -7.07096923E-01  4.03379185E-01  2.06120376E+00  7.80888959E-01  4.26771600E-02
 -2.48018226E+00  1.00000000E+00  2.10501028E+00 -7.07041037E-01  4.03380107E-01  2.06110054E+00  7.80885289E-01  4.26738416E-02
 -2.45542903E+00  1.00000000E+00  2.08587054E+00 -7.06985154E-01  4.03381010E-01  2.06099732E+00  7.80881621E-01  4.26705233E-02
 -2.43067580E+00  1.00000000E+00  2.06673140E+00 -7.06989857E-01  4.03381398E-01  2.06099099E+00  7.80886071E-01  4.26701640E-02
 -2.40592258E+00  1.00000000E+00  2.04759227E+00 -7.06994561E-01  4.03381914E-01  2.06098466E+00  7.80890520E-01  4.26698047E-02
 -2.38116935E+00  1.00000000E+00  2.02845264E+00 -7.06982575E-01  4.03381700E-01  2.06097306E+00  7.80887260E-01  4.26695268E-02
 -2.35641613E+00  1.00000000E+00  2.00931301E+00 -7.06970589E-01  4.03380507E-01  2.06096147E+00  7.80884001E-01  4.26692489E-02
 -2.33166290E+00  1.00000000E+00  1.99017307E+00 -7.06994871E-01  4.03379582E-01  2.06100143E+00  7.80886671E-01  4.26704918E-02
 -2.30690967E+00  1.00000000E+00  1.97103314E+00 -7.07019153E-01  4.03378454E-01  2.06104138E+00  7.80889342E-01  4.26717347E-02
 -2.28215645E+00  1.00000000E+00  1.95189354E+00 -7.07026962E-01  4.03377827E-01  2.06104588E+00  7.80892392E-01  4.26717829E-02
 -2.25740322E+00  1.00000000E+00  1.93275394E+00 -7.07034772E-01  4.03377622E-01  2.06105038E+00  7.80895442E-01  4.26718312E-02
 -2.23265000E+00  1.00000000E+00  1.91361339E+00 -7.07057193E-01  4.03376699E-01  2.06110950E+00  7.80892254E-01  4.26739084E-02
 -2.20789677E+00  1.00000000E+00  1.89447284E+00 -7.07079615E-01  4.03374862E-01  2.06116863E+00  7.80889066E-01  4.26759856E-02
 -2.18314354E+00  1.00000000E+00  1.87533316E+00 -7.07030688E-01  4.03374982E-01  2.06106777E+00  7.80888960E-01  4.26726269E-02
 -2.15839032E+00  1.00000000E+00  1.85619347E+00 -7.06981764E-01  4.03374918E-01  2.06096690E+00  7.80888856E-01  4.26692683E-02
 -2.13363709E+00  1.00000000E+00  1.83705537E+00 -7.06986161E-01  4.03374288E-01  2.06096712E+00  7.80891387E-01  4.26691911E-02
 -2.10888387E+00  1.00000000E+00  1.81791727E+00 -7.06990558E-01  4.03373695E-01  2.06096734E+00  7.80893918E-01  4.26691139E-02
 -2.08413064E+00  1.00000000E+00  1.79877710E+00 -7.06987314E-01  4.03372761E-01  2.06095809E+00  7.80894747E-01  4.26687781E-02
 -2.05937741E+00  1.00000000E+00  1.77963692E+00 -7.06984071E-01  4.03371594E-01  2.06094884E+00  7.80895575E-01  4.26684423E-02
 -2.03462419E+00  1.00000000E+00  1.76049797E+00 -7.06980640E-01  4.03369806E-01  2.06095088E+00  7.80893335E-01  4.26685848E-02
 -2.00987096E+00  1.00000000E+00  1.74135902E+00 -7.06977209E-01  4.03367362E-01  2.06095291E+00  7.80891094E-01  4.26687273E-02
 -1.98511774E+00  1.00000000E+00  1.72221993E+00 -7.06991011E-01  4.03365339E-01  2.06095996E+00  7.80897118E-01  4.26687612E-02
 -1.96036451E+00  1.00000000E+00  1.70308084E+00 -7.07004813E-01  4.03363462E-01  2.06096700E+00  7.80903143E-01  4.26687952E-02
 -1.93561128E+00  1.00000000E+00  1.68394265E+00 -7.07023486E-01  4.03360615E-01  2.06101649E+00  7.80900553E-01  4.26705313E-02
 -1.91085806E+00  1.00000000E+00  1.66480446E+00 -7.07042160E-01  4.03357186E-01  2.06106599E+00  7.80897964E-01  4.26722674E-02
 -1.88610483E+00  1.00000000E+00  1.64566503E+00 -7.07044935E-01  4.03354452E-01  2.06105297E+00  7.80902912E-01  4.26716685E-02
 -1.86135161E+00  1.00000000E+00  1.62652559E+00 -7.07047711E-01  4.03351073E-01  2.06103995E+00  7.80907860E-01  4.26710696E-02
 -1.83659838E+00  1.00000000E+00  1.60738938E+00 -7.07007507E-01  4.03348991E-01  2.06096548E+00  7.80906315E-01  4.26686387E-02
 -1.81184516E+00  1.00000000E+00  1.58825316E+00 -7.06967304E-01  4.03346708E-01  2.06089101E+00  7.80904772E-01  4.26662078E-02
 -1.78709193E+00  1.00000000E+00  1.56911650E+00 -7.07023538E-01  4.03341059E-01  2.06100608E+00  7.80905698E-01  4.26700127E-02
 -1.76233870E+00  1.00000000E+00  1.54997985E+00 -7.07079775E-01  4.03333665E-01  2.06112116E+00  7.80906626E-01  4.26738178E-02
 -1.73758548E+00  1.00000000E+00  1.53084343E+00 -7.07063257E-01  4.03329531E-01  2.06107163E+00  7.80911035E-01  4.26720200E-02
 -1.71283225E+00  1.00000000E+00  1.51170702E+00 -7.07046740E-01  4.03324705E-01  2.06102211E+00  7.80915445E-01  4.26702222E-02
 -1.68807903E+00  1.00000000E+00  1.49257255E+00 -7.07050025E-01  4.03319546E-01  2.06099712E+00  7.80924867E-01  4.26690750E-02
 -1.66332580E+00  1.00000000E+00  1.47343808E+00 -7.07053310E-01  4.03314063E-01  2.06097213E+00  7.80934289E-01  4.26679279E-02
 -1.63857257E+00  1.00000000E+00  1.45430719E+00 -7.07020576E-01  4.03307425E-01  2.06093114E+00  7.80927653E-01  4.26667830E-02
 -1.61381935E+00  1.00000000E+00  1.43517631E+00 -7.06987842E-01  4.03300128E-01  2.06089016E+00  7.80921018E-01  4.26656381E-02
 -1.58906612E+00  1.00000000E+00  1.41604482E+00 -7.06987001E-01  4.03292319E-01  2.06083997E+00  7.80935056E-01  4.26634972E-02
 -1.56431290E+00  1.00000000E+00  1.39691334E+00 -7.06986159E-01  4.03284672E-01  2.06078978E+00  7.80949094E-01  4.26613563E-02
 -1.53955967E+00  1.00000000E+00  1.37778811E+00 -7.06948938E-01  4.03276228E-01  2.06072040E+00  7.80948014E-01  4.26590794E-02
 -1.51480644E+00  1.00000000E+00  1.35866288E+00 -7.06911717E-01  4.03267587E-01  2.06065101E+00  7.80946934E-01  4.26568025E-02
 -1.49005322E+00  1.00000000E+00  1.33954003E+00 -7.06912655E-01  4.03257173E-01  2.06063785E+00  7.80952648E-01  4.26561733E-02
 -1.46529999E+00  1.00000000E+00  1.32041718E+00 -7.06913592E-01  4.03245455E-01  2.06062469E+00  7.80958363E-01  4.26555441E-02
 -1.44054677E+00  1.00000000E+00  1.30129700E+00 -7.06970871E-01  4.03233024E-01  2.06072438E+00  7.80964889E-01  4.26586497E-02
 -1.41579354E+00  1.00000000E+00  1.28217681E+00 -7.07028152E-01  4.03217764E-01  2.06082408E+00  7.80971416E-01  4.26617554E-02
 -1.39104031E+00  1.00000000E+00  1.26306463E+00 -7.06935604E-01  4.03206088E-01  2.06063494E+00  7.80971904E-01  4.26554345E-02
 -1.36628709E+00  1.00000000E+00  1.24395244E+00 -7.06843063E-01  4.03195361E-01  2.06044582E+00  7.80972398E-01  4.26491140E-02
 -1.34153386E+00  1.00000000E+00  1.22484801E+00 -7.06854172E-01  4.03182180E-01  2.06041731E+00  7.80987961E-01  4.26476448E-02
 -1.31678064E+00  1.00000000E+00  1.20574359E+00 -7.06865281E-01  4.03167790E-01  2.06038879E+00  7.81003525E-01  4.26461756E-02
 -1.29202741E+00  1.00000000E+00  1.18664861E+00 -7.06866190E-01  4.03152467E-01  2.06038035E+00  7.81008118E-01  4.26457411E-02
 -1.26727418E+00  1.00000000E+00  1.16755364E+00 -7.06867099E-01  4.03136500E-01  2.06037191E+00  7.81012710E-01  4.26453066E-02
 -1.24252096E+00  1.00000000E+00  1.14846948E+00 -7.06899345E-01  4.03123140E-01  2.06039506E+00  7.81026633E-01  4.26456142E-02
 -1.21776773E+00  1.00000000E+00  1.12938531E+00 -7.06931591E-01  4.03104486E-01  2.06041821E+00  7.81040555E-01  4.26459218E-02
 -1.19301451E+00  1.00000000E+00  1.11031326E+00 -7.06846518E-01  4.03090512E-01  2.06025726E+00  7.81037422E-01  4.26406613E-02
 -1.16826128E+00  1.00000000E+00  1.09124122E+00 -7.06761450E-01  4.03081315E-01  2.06009633E+00  7.81034293E-01  4.26354012E-02
 -1.14350806E+00  1.00000000E+00  1.07219050E+00 -7.06796563E-01  4.03069831E-01  2.06012246E+00  7.81048897E-01  4.26357853E-02
 -1.11875483E+00  1.00000000E+00  1.05313978E+00 -7.06831676E-01  4.03056668E-01  2.06014858E+00  7.81063501E-01  4.26361694E-02
 -1.09400160E+00  1.00000000E+00  1.03410894E+00 -7.06824099E-01  4.03052830E-01  2.06012319E+00  7.81065663E-01  4.26352509E-02
 -1.06924838E+00  1.00000000E+00  1.01507809E+00 -7.06816523E-01  4.03049752E-01  2.06009780E+00  7.81067825E-01  4.26343325E-02
 -1.04449515E+00  1.00000000E+00  9.96073172E-01 -7.06795479E-01  4.03047758E-01  2.06005835E+00  7.81067516E-01  4.26330279E-02
 -1.01974193E+00  1.00000000E+00  9.77068255E-01 -7.06774435E-01  4.03046525E-01  2.06001891E+00  7.81067208E-01  4.26317234E-02
 -9.94988700E-01  1.00000000E+00  9.58094936E-01 -7.06795026E-01  4.03058672E-01  2.06007383E+00  7.81063887E-01  4.26336649E-02
 -9.70235474E-01  1.00000000E+00  9.39121617E-01 -7.06815617E-01  4.03076117E-01  2.06012876E+00  7.81060567E-01  4.26356065E-02
 -9.45482248E-01  1.00000000E+00  9.20185317E-01 -7.06832227E-01  4.03107286E-01  2.06023295E+00  7.81034813E-01  4.26399379E-02
 -9.20729022E-01  1.00000000E+00  9.01249018E-01 -7.06848837E-01  4.03144269E-01  2.06033715E+00  7.81009061E-01  4.26442695E-02
 -8.95975796E-01  1.00000000E+00  8.82360920E-01 -7.06852954E-01  4.03195999E-01  2.06043151E+00  7.80981527E-01  4.26483327E-02
 -8.71222570E-01  1.00000000E+00  8.63472823E-01 -7.06857071E-01  4.03254637E-01  2.06052588E+00  7.80953994E-01  4.26523961E-02
 -8.46469344E-01  1.00000000E+00  8.44635241E-01 -7.06978092E-01  4.03351366E-01  2.06089536E+00  7.80914039E-01  4.26660440E-02
 -8.21716118E-01  1.00000000E+00  8.25797660E-01 -7.07099128E-01  4.03450726E-01  2.06126490E+00  7.80874099E-01  4.26796935E-02
 -7.97201467E-01  1.00000000E+00  8.07216697E-01 -7.07225833E-01  4.03602589E-01  2.06173860E+00  7.80800537E-01  4.26979353E-02
 -7.72686817E-01  1.00000000E+00  7.88635733E-01 -7.07352561E-01  4.03759157E-01  2.06221239E+00  7.80726999E-01  4.27161798E-02
 -7.49503432E-01  1.00000000E+00  7.71133939E-01 -7.07470414E-01  4.03955769E-01  2.06285182E+00  7.80589898E-01  4.27420640E-02
 -7.26320047E-01  1.00000000E+00  7.53632145E-01 -7.07588299E-01  4.04175818E-01  2.06349144E+00  7.80452844E-01  4.27679532E-02
 -7.04527831E-01  1.00000000E+00  7.37251976E-01 -7.07853910E-01  4.04438760E-01  2.06430276E+00  7.80367549E-01  4.27978405E-02
 -6.82735615E-01  1.00000000E+00  7.20871808E-01 -7.08119600E-01  4.04722258E-01  2.06511441E+00  7.80282326E-01  4.28277360E-02
 -6.62251087E-01  1.00000000E+00  7.05565672E-01 -7.08316595E-01  4.05070676E-01  2.06621995E+00  7.80038287E-01  4.28727222E-02
 -6.41766559E-01  1.00000000E+00  6.90259536E-01 -7.08513685E-01  4.05449869E-01  2.06732610E+00  7.79794391E-01  4.29177235E-02
 -6.22511254E-01  1.00000000E+00  6.75940380E-01 -7.08797742E-01  4.05864190E-01  2.06861040E+00  7.79557125E-01  4.29684426E-02
 -6.03255949E-01  1.00000000E+00  6.61621224E-01 -7.09081945E-01  4.06316374E-01  2.06989550E+00  7.79320038E-01  4.30191820E-02
 -5.85156097E-01  1.00000000E+00  6.48244915E-01 -7.09524152E-01  4.06832237E-01  2.07147177E+00  7.79097170E-01  4.30791533E-02
 -5.67056245E-01  1.00000000E+00  6.34868606E-01 -7.09966620E-01  4.07382014E-01  2.07304923E+00  7.78874570E-01  4.31391553E-02
 -5.50042515E-01  1.00000000E+00  6.22378340E-01 -7.10389468E-01  4.08021632E-01  2.07506305E+00  7.78484480E-01  4.32192857E-02
 -5.33028786E-01  1.00000000E+00  6.09888074E-01 -7.10812663E-01  4.08688035E-01  2.07707882E+00  7.78094839E-01  4.32994660E-02
 -5.17036006E-01  1.00000000E+00  5.98244833E-01 -7.11412952E-01  4.09426176E-01  2.07943860E+00  7.77724660E-01  4.33904645E-02
 -5.01043227E-01  1.00000000E+00  5.86601593E-01 -7.12013783E-01  4.10215340E-01  2.08180102E+00  7.77355067E-01  4.34815319E-02
 -4.86010125E-01  1.00000000E+00  5.75742481E-01 -7.12672142E-01  4.11067947E-01  2.08447148E+00  7.76914653E-01  4.35852275E-02
 -4.70977023E-01  1.00000000E+00  5.64883369E-01 -7.13331179E-01  4.11992229E-01  2.08714532E+00  7.76475004E-01  4.36890106E-02
 -4.56846016E-01  1.00000000E+00  5.54740828E-01 -7.14029554E-01  4.12971599E-01  2.09018931E+00  7.75942681E-01  4.38082210E-02
 -4.42715008E-01  1.00000000E+00  5.44598288E-01 -7.14728764E-01  4.14024188E-01  2.09323770E+00  7.75411340E-01  4.39275454E-02
 -4.29431964E-01  1.00000000E+00  5.35197786E-01 -7.15639168E-01  4.15185980E-01  2.09693865E+00  7.74814363E-01  4.40708095E-02
 -4.16148920E-01  1.00000000E+00  5.25797284E-01 -7.16550866E-01  4.16420147E-01  2.10064607E+00  7.74218816E-01  4.42142417E-02
 -4.03662954E-01  1.00000000E+00  5.17035423E-01 -7.17416039E-01  4.17648938E-01  2.10446786E+00  7.73550961E-01  4.43638967E-02
 -3.91176988E-01  1.00000000E+00  5.08273561E-01 -7.18282510E-01  4.18998067E-01  2.10829655E+00  7.72884635E-01  4.45137305E-02
 -3.79440270E-01  1.00000000E+00  5.00074638E-01 -7.19386798E-01  4.20453337E-01  2.11278297E+00  7.72172521E-01  4.46870151E-02
 -3.67703552E-01  1.00000000E+00  4.91875715E-01 -7.20492977E-01  4.21984572E-01  2.11727884E+00  7.71462480E-01  4.48605455E-02
 -3.56671122E-01  1.00000000E+00  4.84347952E-01 -7.21626267E-01  4.23601950E-01  2.12224656E+00  7.70617776E-01  4.50542927E-02
 -3.45638692E-01  1.00000000E+00  4.76820189E-01 -7.22761748E-01  4.25287010E-01  2.12722583E+00  7.69775600E-01  4.52483409E-02
 -3.35268287E-01  1.00000000E+00  4.69777198E-01 -7.24035417E-01  4.26995847E-01  2.13254134E+00  7.68928281E-01  4.54537687E-02
 -3.24897882E-01  1.00000000E+00  4.62734207E-01 -7.25311670E-01  4.28850143E-01  2.13787001E+00  7.68083802E-01  4.56595404E-02
 -3.15149775E-01  1.00000000E+00  4.56271055E-01 -7.26749916E-01  4.30817599E-01  2.14381330E+00  7.67163589E-01  4.58883237E-02
 -3.05401669E-01  1.00000000E+00  4.49807903E-01 -7.28191405E-01  4.32839856E-01  2.14977295E+00  7.66246860E-01  4.61175362E-02
 -2.96238520E-01  1.00000000E+00  4.43741052E-01 -7.29518271E-01  4.34891063E-01  2.15637186E+00  7.65040754E-01  4.63777034E-02
 -2.87075371E-01  1.00000000E+00  4.37674200E-01 -7.30848654E-01  4.37182292E-01  2.16299096E+00  7.63838993E-01  4.66383989E-02
 -2.78462077E-01  1.00000000E+00  4.32122497E-01 -7.32478310E-01  4.39524119E-01  2.17009875E+00  7.62697867E-01  4.69133629E-02
 -2.69848783E-01  1.00000000E+00  4.26570794E-01 -7.34112383E-01  4.41982451E-01  2.17722971E+00  7.61561642E-01  4.71889355E-02
 -2.61752348E-01  1.00000000E+00  4.21471157E-01 -7.35885781E-01  4.44462504E-01  2.18476237E+00  7.60417131E-01  4.74781748E-02
 -2.53655913E-01  1.00000000E+00  4.16371520E-01 -7.37664209E-01  4.47078327E-01  2.19232087E+00  7.59277956E-01  4.77680970E-02
 -2.46045323E-01  1.00000000E+00  4.11677401E-01 -7.39310677E-01  4.49805524E-01  2.20040002E+00  7.57879887E-01  4.80840044E-02
 -2.38434732E-01  1.00000000E+00  4.06983282E-01 -7.40962365E-01  4.52614078E-01  2.20850884E+00  7.56488003E-01  4.84006945E-02
 -2.31280830E-01  1.00000000E+00  4.02668924E-01 -7.42812215E-01  4.55516385E-01  2.21714349E+00  7.55091918E-01  4.87350523E-02
 -2.24126928E-01  1.00000000E+00  3.98354565E-01 -7.44668180E-01  4.58527231E-01  2.22581170E+00  7.53702659E-01  4.90703014E-02
 -2.17402314E-01  1.00000000E+00  3.94373584E-01 -7.46845486E-01  4.61645331E-01  2.23522006E+00  7.52325134E-01  4.94298307E-02
 -2.10677699E-01  1.00000000E+00  3.90392603E-01 -7.49030396E-01  4.64863893E-01  2.24466784E+00  7.50955497E-01  4.97904114E-02
 -2.04351753E-01  1.00000000E+00  3.86809773E-01 -7.51014082E-01  4.68244903E-01  2.25465624E+00  7.49291578E-01  5.01788222E-02
 -1.98025807E-01  1.00000000E+00  3.83226944E-01 -7.53005445E-01  4.71697434E-01  2.26468899E+00  7.47636514E-01  5.05684160E-02
 -1.91837501E-01  1.00000000E+00  3.79841748E-01 -7.55472727E-01  4.75457206E-01  2.27571767E+00  7.46039397E-01  5.09892756E-02
 -1.85649194E-01  1.00000000E+00  3.76456552E-01 -7.57950060E-01  4.79318519E-01  2.28679965E+00  7.44452624E-01  5.14115675E-02
 -1.79460888E-01  1.00000000E+00  3.73254779E-01 -7.60038021E-01  4.83588448E-01  2.29933366E+00  7.42176911E-01  5.19052250E-02
 -1.73272582E-01  1.00000000E+00  3.70053006E-01 -7.62136707E-01  4.87995667E-01  2.31193696E+00  7.39914874E-01  5.24007360E-02
 -1.67084275E-01  1.00000000E+00  3.66934768E-01 -7.65338603E-01  4.92844357E-01  2.32625101E+00  7.37956434E-01  5.29431524E-02
 -1.60895969E-01  1.00000000E+00  3.63816530E-01 -7.68557118E-01  4.97884911E-01  2.34065303E+00  7.36014455E-01  5.34879526E-02
 -1.54707662E-01  1.00000000E+00  3.60933948E-01 -7.71378681E-01  5.03594490E-01  2.35702001E+00  7.33258698E-01  5.41253771E-02
 -1.48519356E-01  1.00000000E+00  3.58051366E-01 -7.74218418E-01  5.09489966E-01  2.37350215E+00  7.30524611E-01  5.47659179E-02
 -1.42331049E-01  1.00000000E+00  3.55578407E-01 -7.78238669E-01  5.16159671E-01  2.39302252E+00  7.27799344E-01  5.55074391E-02
 -1.36142743E-01  1.00000000E+00  3.53105448E-01 -7.82287390E-01  5.23227488E-01  2.41270278E+00  7.25102800E-01  5.62533328E-02
 -1.29954436E-01  1.00000000E+00  3.50959553E-01 -7.86045741E-01  5.30805633E-01  2.43440394E+00  7.21719803E-01  5.70894713E-02
 -1.23766130E-01  1.00000000E+00  3.48813659E-01 -7.89835094E-01  5.38949020E-01  2.45630145E+00  7.18371520E-01  5.79309978E-02
 -1.17577823E-01  1.00000000E+00  3.46801209E-01 -7.94692923E-01  5.48312484E-01  2.48320710E+00  7.14481048E-01  5.89575351E-02
 -1.11389517E-01  1.00000000E+00  3.44788760E-01 -7.99598710E-01  5.58174569E-01  2.51040840E+00  7.10640989E-01  5.99922469E-02
 -1.05201210E-01  1.00000000E+00  3.43640535E-01 -8.05085084E-01  5.69696955E-01  2.54276117E+00  7.05963835E-01  6.12265777E-02
 -9.90129037E-02  1.00000000E+00  3.42492310E-01 -8.10636660E-01  5.81820321E-01  2.57553383E+00  7.01356054E-01  6.24725926E-02
 -9.28245972E-02  1.00000000E+00  3.42306639E-01 -8.15633174E-01  5.95987777E-01  2.61358313E+00  6.95222676E-01  6.39453484E-02
 -8.66362908E-02  1.00000000E+00  3.42120969E-01 -8.20705840E-01  6.10907152E-01  2.65220894E+00  6.89183545E-01  6.54341800E-02
 -8.04479843E-02  1.00000000E+00  3.42628700E-01 -8.29655290E-01  6.29125648E-01  2.70271438E+00  6.83072227E-01  6.73214051E-02
 -7.42596778E-02  1.00000000E+00  3.43136430E-01 -8.38758539E-01  6.48814909E-01  2.75418507E+00  6.77103518E-01  6.92360516E-02
 -6.80713713E-02  1.00000000E+00  3.45775031E-01 -8.43791860E-01  6.72341137E-01  2.81468935E+00  6.66865884E-01  7.15941156E-02
 -6.18830648E-02  1.00000000E+00  3.48413631E-01 -8.48969687E-01  6.98640508E-01  2.87660197E+00  6.56844403E-01  7.39919188E-02
 -5.56947583E-02  1.00000000E+00  3.52813309E-01 -8.63825182E-01  7.31176683E-01  2.96560832E+00  6.47611448E-01  7.72665626E-02
 -4.95064519E-02  1.00000000E+00  3.57212988E-01 -8.79099967E-01  7.69552116E-01  3.05738502E+00  6.38731947E-01  8.06217691E-02
 -4.33181454E-02  1.00000000E+00  3.81088372E-01 -8.96825319E-01  8.17604397E-01  3.20817210E+00  6.21099027E-01  8.62357691E-02
 -3.71298389E-02  1.00000000E+00  4.04963757E-01 -9.15446854E-01  8.76648478E-01  3.36662813E+00  6.04361943E-01  9.20755395E-02
 -3.09415324E-02  1.00000000E+00  3.62925108E-01 -8.95119577E-01  9.67783083E-01  3.39694414E+00  5.88821661E-01  9.36040825E-02
 -2.47532259E-02  1.00000000E+00  3.20886458E-01 -8.74823944E-01  1.04933669E+00  3.42822602E+00  5.73653246E-01  9.51524259E-02
 -1.85649194E-02  1.00000000E+00  7.74331969E-01 -1.08030639E+00  1.19662906E+00  4.27611186E+00  5.61975342E-01  1.23804550E-01
 -1.23766130E-02  1.00000000E+00  1.22777748E+00 -1.33094817E+00  1.59523223E+00  5.33316640E+00  5.70607548E-01  1.58751962E-01
 -6.18830648E-03  1.00000000E+00 -3.79575486E-01  1.54569130E-01  2.50795562E+00  5.20093410E+00  2.50453314E-01  1.65016026E-01
  0.00000000E+00  1.00000000E+00 -1.98692845E+00  1.91663119E+00  4.47786296E+00  7.10492063E+00  6.97993800E-01  2.13564228E-01
