# curve 5 (die wall), step =      200, time =   4.00000000E+01
# N1 = tau_xx - tau_yy = G ( c_xx - c_yy ),  G =  1.0000E+00  (polymer part only)
#              x               y        pressure            c_xy        gammadot            c_xx            c_yy              N1
 -3.00000000E+00  1.00000000E+00  2.61317975E+00 -2.00009590E-01  3.99988988E-01  1.07992612E+00  1.00002553E+00  7.99005851E-02
 -2.95108291E+00  1.00000000E+00  2.57405661E+00 -2.00012450E-01  3.99993752E-01  1.07992878E+00  1.00002542E+00  7.99033575E-02
 -2.90216582E+00  1.00000000E+00  2.53493347E+00 -2.00015310E-01  3.99999089E-01  1.07993144E+00  1.00002531E+00  7.99061299E-02
 -2.85324873E+00  1.00000000E+00  2.49579076E+00 -2.00016461E-01  3.99996291E-01  1.07991134E+00  1.00003138E+00  7.98799616E-02
 -2.80433164E+00  1.00000000E+00  2.45664804E+00 -2.00017612E-01  3.99991890E-01  1.07989124E+00  1.00003745E+00  7.98537937E-02
 -2.75541455E+00  1.00000000E+00  2.41751426E+00 -2.00012920E-01  3.99997695E-01  1.07992573E+00  1.00002573E+00  7.99000006E-02
 -2.70649746E+00  1.00000000E+00  2.37838048E+00 -2.00008227E-01  3.99996987E-01  1.07996022E+00  1.00001401E+00  7.99462086E-02
 -2.65758037E+00  1.00000000E+00  2.33924912E+00 -2.00010056E-01  3.99997683E-01  1.07994752E+00  1.00001849E+00  7.99290225E-02
 -2.60866328E+00  1.00000000E+00  2.30011777E+00 -2.00011884E-01  3.99997086E-01  1.07993481E+00  1.00002298E+00  7.99118366E-02
 -2.55974619E+00  1.00000000E+00  2.26098239E+00 -2.00009658E-01  3.99999533E-01  1.07995217E+00  1.00001729E+00  7.99348785E-02
 -2.51082911E+00  1.00000000E+00  2.22184700E+00 -2.00007431E-01  4.00006363E-01  1.07996953E+00  1.00001161E+00  7.99579207E-02
 -2.46191202E+00  1.00000000E+00  2.18271318E+00 -2.00009147E-01  3.99998050E-01  1.07995164E+00  1.00001711E+00  7.99345290E-02
 -2.41299493E+00  1.00000000E+00  2.14357935E+00 -2.00010863E-01  3.99992623E-01  1.07993374E+00  1.00002260E+00  7.99111376E-02
 -2.36407784E+00  1.00000000E+00  2.10444372E+00 -2.00007724E-01  3.99998833E-01  1.07995454E+00  1.00001532E+00  7.99392146E-02
 -2.31516075E+00  1.00000000E+00  2.06530808E+00 -2.00004585E-01  4.00001600E-01  1.07997533E+00  1.00000804E+00  7.99672920E-02
 -2.26624366E+00  1.00000000E+00  2.02617526E+00 -2.00008858E-01  4.00000036E-01  1.07995363E+00  1.00001617E+00  7.99374650E-02
 -2.21732657E+00  1.00000000E+00  1.98704244E+00 -2.00013132E-01  4.00001437E-01  1.07993194E+00  1.00002430E+00  7.99076384E-02
 -2.16840948E+00  1.00000000E+00  1.94791063E+00 -2.00013111E-01  3.99995391E-01  1.07992337E+00  1.00002676E+00  7.98966154E-02
 -2.11949239E+00  1.00000000E+00  1.90877882E+00 -2.00013090E-01  3.99987634E-01  1.07991481E+00  1.00002922E+00  7.98855926E-02
 -2.07057530E+00  1.00000000E+00  1.86964606E+00 -2.00012074E-01  3.99992431E-01  1.07991561E+00  1.00002947E+00  7.98861425E-02
 -2.02165821E+00  1.00000000E+00  1.83051329E+00 -2.00011059E-01  3.99994355E-01  1.07991641E+00  1.00002972E+00  7.98866925E-02
 -1.97274112E+00  1.00000000E+00  1.79138008E+00 -2.00010189E-01  3.99982327E-01  1.07989792E+00  1.00003462E+00  7.98632952E-02
 -1.92382403E+00  1.00000000E+00  1.75224687E+00 -2.00009319E-01  3.99971139E-01  1.07987942E+00  1.00003952E+00  7.98398982E-02
 -1.87490694E+00  1.00000000E+00  1.71311546E+00 -2.00001315E-01  3.99969032E-01  1.07990877E+00  1.00002842E+00  7.98803496E-02
 -1.82598985E+00  1.00000000E+00  1.67398405E+00 -1.99993310E-01  3.99963022E-01  1.07993812E+00  1.00001731E+00  7.99208018E-02
 -1.77707276E+00  1.00000000E+00  1.63486069E+00 -1.99993664E-01  3.99959783E-01  1.07991399E+00  1.00002525E+00  7.98887399E-02
 -1.72815567E+00  1.00000000E+00  1.59573734E+00 -1.99994017E-01  3.99951872E-01  1.07988986E+00  1.00003318E+00  7.98566785E-02
 -1.67923858E+00  1.00000000E+00  1.55660698E+00 -1.99985545E-01  3.99938991E-01  1.07989931E+00  1.00002794E+00  7.98713665E-02
 -1.63032150E+00  1.00000000E+00  1.51747661E+00 -1.99977074E-01  3.99932334E-01  1.07990876E+00  1.00002271E+00  7.98860546E-02
 -1.58140441E+00  1.00000000E+00  1.47836941E+00 -1.99971381E-01  3.99910329E-01  1.07988867E+00  1.00002813E+00  7.98605442E-02
 -1.53248732E+00  1.00000000E+00  1.43926221E+00 -1.99965688E-01  3.99892070E-01  1.07986858E+00  1.00003355E+00  7.98350342E-02
 -1.48357023E+00  1.00000000E+00  1.40016396E+00 -1.99954301E-01  3.99873031E-01  1.07986257E+00  1.00003317E+00  7.98293966E-02
 -1.43465314E+00  1.00000000E+00  1.36106572E+00 -1.99942913E-01  3.99847999E-01  1.07985655E+00  1.00003279E+00  7.98237591E-02
 -1.38573605E+00  1.00000000E+00  1.32197546E+00 -1.99926117E-01  3.99823829E-01  1.07986525E+00  1.00002565E+00  7.98395993E-02
 -1.33681896E+00  1.00000000E+00  1.28288520E+00 -1.99909321E-01  3.99803870E-01  1.07987395E+00  1.00001851E+00  7.98554397E-02
 -1.28790187E+00  1.00000000E+00  1.24383926E+00 -1.99898962E-01  3.99773371E-01  1.07985695E+00  1.00002039E+00  7.98365539E-02
 -1.23898478E+00  1.00000000E+00  1.20479331E+00 -1.99888603E-01  3.99743686E-01  1.07983995E+00  1.00002228E+00  7.98176684E-02
 -1.19006769E+00  1.00000000E+00  1.16579953E+00 -1.99876352E-01  3.99722312E-01  1.07982286E+00  1.00002819E+00  7.97946711E-02
 -1.14115060E+00  1.00000000E+00  1.12680576E+00 -1.99864102E-01  3.99698068E-01  1.07980578E+00  1.00003411E+00  7.97716739E-02
 -1.09223351E+00  1.00000000E+00  1.08788966E+00 -1.99863233E-01  3.99686231E-01  1.07979356E+00  1.00003639E+00  7.97571702E-02
 -1.04331642E+00  1.00000000E+00  1.04897357E+00 -1.99862365E-01  3.99678658E-01  1.07978133E+00  1.00003867E+00  7.97426667E-02
 -9.94399333E-01  1.00000000E+00  1.01016061E+00 -1.99869433E-01  3.99701339E-01  1.07981707E+00  1.00002776E+00  7.97893061E-02
 -9.45482243E-01  1.00000000E+00  9.71347659E-01 -1.99876501E-01  3.99736751E-01  1.07985280E+00  1.00001685E+00  7.98359465E-02
 -8.96565154E-01  1.00000000E+00  9.32716430E-01 -1.99941869E-01  3.99847694E-01  1.07988749E+00  1.00002639E+00  7.98610957E-02
 -8.47648064E-01  1.00000000E+00  8.94085202E-01 -2.00007239E-01  3.99990214E-01  1.07992218E+00  1.00003593E+00  7.98862457E-02
 -7.99501858E-01  1.00000000E+00  8.56322210E-01 -2.00146986E-01  4.00223446E-01  1.08002925E+00  1.00004811E+00  7.99811356E-02
 -7.51355652E-01  1.00000000E+00  8.18559219E-01 -2.00286744E-01  4.00551115E-01  1.08013635E+00  1.00006031E+00  8.00760333E-02
 -7.08111109E-01  1.00000000E+00  7.84918542E-01 -2.00538271E-01  4.00967476E-01  1.08036251E+00  1.00004504E+00  8.03174739E-02
 -6.64866566E-01  1.00000000E+00  7.51277864E-01 -2.00789836E-01  4.01575865E-01  1.08058877E+00  1.00002982E+00  8.05589492E-02
 -6.26599939E-01  1.00000000E+00  7.21835727E-01 -2.01227859E-01  4.02358765E-01  1.08090016E+00  1.00006643E+00  8.08337359E-02
 -5.88333313E-01  1.00000000E+00  6.92393589E-01 -2.01665989E-01  4.03257724E-01  1.08121179E+00  1.00010321E+00  8.11085879E-02
 -5.54471587E-01  1.00000000E+00  6.66723445E-01 -2.02268623E-01  4.04434939E-01  1.08178296E+00  1.00002568E+00  8.17572794E-02
 -5.20609860E-01  1.00000000E+00  6.41053301E-01 -2.02871469E-01  4.05743661E-01  1.08235470E+00  9.99948518E-01  8.24061843E-02
 -4.90645977E-01  1.00000000E+00  6.18603638E-01 -2.03740034E-01  4.07293334E-01  1.08296401E+00  1.00005006E+00  8.29139548E-02
 -4.60682095E-01  1.00000000E+00  5.96153975E-01 -2.04609037E-01  4.09034316E-01  1.08357427E+00  1.00015229E+00  8.34219754E-02
 -4.34167380E-01  1.00000000E+00  5.76849251E-01 -2.05701801E-01  4.11228963E-01  1.08459057E+00  1.00003386E+00  8.45567129E-02
 -4.07652666E-01  1.00000000E+00  5.57544528E-01 -2.06795262E-01  4.13608292E-01  1.08560872E+00  9.99916588E-01  8.56921276E-02
 -3.84190072E-01  1.00000000E+00  5.40639219E-01 -2.08159232E-01  4.16148638E-01  1.08666688E+00  9.99996361E-01  8.66705213E-02
 -3.60727478E-01  1.00000000E+00  5.23733910E-01 -2.09524302E-01  4.18960591E-01  1.08772752E+00  1.00007785E+00  8.76496748E-02
 -3.39965684E-01  1.00000000E+00  5.09301661E-01 -2.11207622E-01  4.22335593E-01  1.08922305E+00  9.99999672E-01  8.92233818E-02
 -3.19203889E-01  1.00000000E+00  4.94869411E-01 -2.12892627E-01  4.25897173E-01  1.09072276E+00  9.99924176E-01  9.07985811E-02
 -3.00831998E-01  1.00000000E+00  4.82535352E-01 -2.14984447E-01  4.29806897E-01  1.09241744E+00  1.00002045E+00  9.23969890E-02
 -2.82460107E-01  1.00000000E+00  4.70201293E-01 -2.17078908E-01  4.34036825E-01  1.09411808E+00  1.00012074E+00  9.39973380E-02
 -2.66203017E-01  1.00000000E+00  4.59687060E-01 -2.19463780E-01  4.38777854E-01  1.09633882E+00  9.99994124E-01  9.63446930E-02
 -2.49945927E-01  1.00000000E+00  4.49172827E-01 -2.21852171E-01  4.43777025E-01  1.09856820E+00  9.99872865E-01  9.86953297E-02
 -2.35560203E-01  1.00000000E+00  4.40390613E-01 -2.24624504E-01  4.49092470E-01  1.10098824E+00  9.99937083E-01  1.01051158E-01
 -2.21174479E-01  1.00000000E+00  4.31608399E-01 -2.27401670E-01  4.54838745E-01  1.10341927E+00  1.00000834E+00  1.03410926E-01
 -2.08421419E-01  1.00000000E+00  4.24243582E-01 -2.30748421E-01  4.61163859E-01  1.10644585E+00  1.00004625E+00  1.06399600E-01
 -1.95668358E-01  1.00000000E+00  4.16878765E-01 -2.34102337E-01  4.67897644E-01  1.10948882E+00  1.00009442E+00  1.09394404E-01
 -1.83439085E-01  1.00000000E+00  4.10678010E-01 -2.37968692E-01  4.75720118E-01  1.11338590E+00  9.99878291E-01  1.13507608E-01
 -1.71209813E-01  1.00000000E+00  4.04477255E-01 -2.41844985E-01  4.83957785E-01  1.11730697E+00  9.99676116E-01  1.17630852E-01
 -1.58980541E-01  1.00000000E+00  3.98796172E-01 -2.47176274E-01  4.94027909E-01  1.12222218E+00  9.99960800E-01  1.22261376E-01
 -1.46751268E-01  1.00000000E+00  3.93115090E-01 -2.52526759E-01  5.04778066E-01  1.12717894E+00  1.00027094E+00  1.26908002E-01
 -1.34521996E-01  1.00000000E+00  3.89622535E-01 -2.59373036E-01  5.18714483E-01  1.13494721E+00  9.99666599E-01  1.35280613E-01
 -1.22292724E-01  1.00000000E+00  3.86129980E-01 -2.66253354E-01  5.33323392E-01  1.14279879E+00  9.99106076E-01  1.43692718E-01
 -1.10063451E-01  1.00000000E+00  3.81209419E-01 -2.77461269E-01  5.53817514E-01  1.15262618E+00  1.00096613E+00  1.51660049E-01
 -9.78341789E-02  1.00000000E+00  3.76288857E-01 -2.88757835E-01  5.74935915E-01  1.16262449E+00  1.00293509E+00  1.59689402E-01
 -8.56049065E-02  1.00000000E+00  3.90608979E-01 -3.02286889E-01  6.04778717E-01  1.18700240E+00  9.96869852E-01  1.90132544E-01
 -7.33756342E-02  1.00000000E+00  4.04929102E-01 -3.15993759E-01  6.39922378E-01  1.21196821E+00  9.91027987E-01  2.20940222E-01
 -6.11463618E-02  1.00000000E+00  3.51743985E-01 -3.43037686E-01  7.00096638E-01  1.23210056E+00  1.00119909E+00  2.30901467E-01
 -4.89170895E-02  1.00000000E+00  2.98558868E-01 -3.70608736E-01  7.45141294E-01  1.25306909E+00  1.01200315E+00  2.41065938E-01
 -3.66878171E-02  1.00000000E+00  6.31951796E-01 -4.75108184E-01  8.41238176E-01  1.39525061E+00  1.02541394E+00  3.69836667E-01
 -2.44585447E-02  1.00000000E+00  9.65344724E-01 -5.89871088E-01  1.06815196E+00  1.55835817E+00  1.04727151E+00  5.11086658E-01
 -1.22292724E-02  1.00000000E+00 -1.05362588E-01 -3.40090358E-01  1.81084163E+00  2.16817199E+00  7.22488723E-01  1.44568327E+00
  0.00000000E+00  1.00000000E+00 -1.17606990E+00 -4.95303450E-02  3.03658911E+00  3.18576397E+00  5.15313089E-01  2.67045088E+00
