# curve 5 (die wall), step =      400, time =   1.60000000E+02
# N1 = tau_xx - tau_yy = G ( c_xx - c_yy ),  G =  2.3333E-01  (polymer part only)
#              x               y        pressure            c_xy        gammadot            c_xx            c_yy              N1
 -3.00000000E+00  1.00000000E+00  2.47726589E+00 -9.97761378E-01  4.19364478E-01  3.08380526E+00  9.19933454E-01  5.04903421E-01
 -2.97524677E+00  1.00000000E+00  2.45948439E+00 -9.97678113E-01  4.19373842E-01  3.08367878E+00  9.19909829E-01  5.04879423E-01
 -2.95049355E+00  1.00000000E+00  2.44170289E+00 -9.97594851E-01  4.19383643E-01  3.08355232E+00  9.19886206E-01  5.04855426E-01
 -2.92574032E+00  1.00000000E+00  2.42395611E+00 -9.97685059E-01  4.19382295E-01  3.08364956E+00  9.19926230E-01  5.04868778E-01
 -2.90098710E+00  1.00000000E+00  2.40620932E+00 -9.97775270E-01  4.19364576E-01  3.08374682E+00  9.19966257E-01  5.04882130E-01
 -2.87623387E+00  1.00000000E+00  2.38849191E+00 -9.97922939E-01  4.19344775E-01  3.08402983E+00  9.20006031E-01  5.04938887E-01
 -2.85148064E+00  1.00000000E+00  2.37077449E+00 -9.98070621E-01  4.19313269E-01  3.08431288E+00  9.20045814E-01  5.04995649E-01
 -2.82672742E+00  1.00000000E+00  2.35298124E+00 -9.97834399E-01  4.19327790E-01  3.08400788E+00  9.19953801E-01  5.04945951E-01
 -2.80197419E+00  1.00000000E+00  2.33518799E+00 -9.97598204E-01  4.19358675E-01  3.08370292E+00  9.19861810E-01  5.04896259E-01
 -2.77722097E+00  1.00000000E+00  2.31742872E+00 -9.97664819E-01  4.19365460E-01  3.08370577E+00  9.19893627E-01  5.04889499E-01
 -2.75246774E+00  1.00000000E+00  2.29966946E+00 -9.97731434E-01  4.19373852E-01  3.08370862E+00  9.19925446E-01  5.04882740E-01
 -2.72771451E+00  1.00000000E+00  2.28193865E+00 -9.97720705E-01  4.19381939E-01  3.08372715E+00  9.19926853E-01  5.04886735E-01
 -2.70296129E+00  1.00000000E+00  2.26420784E+00 -9.97709976E-01  4.19376741E-01  3.08374568E+00  9.19928260E-01  5.04890731E-01
 -2.67820806E+00  1.00000000E+00  2.24644327E+00 -9.97721926E-01  4.19365879E-01  3.08373539E+00  9.19927681E-01  5.04888466E-01
 -2.65345484E+00  1.00000000E+00  2.22867871E+00 -9.97733875E-01  4.19367367E-01  3.08372511E+00  9.19927103E-01  5.04886202E-01
 -2.62870161E+00  1.00000000E+00  2.21093502E+00 -9.97729788E-01  4.19367719E-01  3.08369174E+00  9.19932231E-01  5.04877220E-01
 -2.60394839E+00  1.00000000E+00  2.19319132E+00 -9.97725701E-01  4.19363411E-01  3.08365837E+00  9.19937358E-01  5.04868237E-01
 -2.57919516E+00  1.00000000E+00  2.17543995E+00 -9.97707173E-01  4.19370926E-01  3.08363897E+00  9.19936572E-01  5.04863894E-01
 -2.55444193E+00  1.00000000E+00  2.15768859E+00 -9.97688645E-01  4.19368782E-01  3.08361957E+00  9.19935786E-01  5.04859551E-01
 -2.52968871E+00  1.00000000E+00  2.13995039E+00 -9.97794652E-01  4.19352151E-01  3.08377912E+00  9.19971753E-01  5.04888387E-01
 -2.50493548E+00  1.00000000E+00  2.12221218E+00 -9.97900664E-01  4.19326954E-01  3.08393869E+00  9.20007724E-01  5.04917224E-01
 -2.48018226E+00  1.00000000E+00  2.10442161E+00 -9.97735989E-01  4.19344506E-01  3.08373879E+00  9.19938259E-01  5.04886790E-01
 -2.45542903E+00  1.00000000E+00  2.08663103E+00 -9.97571327E-01  4.19370628E-01  3.08353891E+00  9.19868805E-01  5.04856359E-01
 -2.43067580E+00  1.00000000E+00  2.06888537E+00 -9.97608812E-01  4.19380895E-01  3.08358238E+00  9.19880004E-01  5.04863887E-01
 -2.40592258E+00  1.00000000E+00  2.05113970E+00 -9.97646296E-01  4.19393403E-01  3.08362584E+00  9.19891204E-01  5.04871416E-01
 -2.38116935E+00  1.00000000E+00  2.03340761E+00 -9.97651463E-01  4.19400056E-01  3.08360963E+00  9.19909035E-01  5.04863472E-01
 -2.35641613E+00  1.00000000E+00  2.01567551E+00 -9.97656629E-01  4.19390745E-01  3.08359341E+00  9.19926867E-01  5.04855527E-01
 -2.33166290E+00  1.00000000E+00  1.99791548E+00 -9.97669296E-01  4.19376521E-01  3.08363610E+00  9.19920080E-01  5.04867071E-01
 -2.30690967E+00  1.00000000E+00  1.98015545E+00 -9.97681964E-01  4.19369926E-01  3.08367878E+00  9.19913293E-01  5.04878614E-01
 -2.28215645E+00  1.00000000E+00  1.96239515E+00 -9.97709837E-01  4.19369563E-01  3.08368979E+00  9.19923850E-01  5.04878720E-01
 -2.25740322E+00  1.00000000E+00  1.94463486E+00 -9.97737711E-01  4.19366015E-01  3.08370081E+00  9.19934408E-01  5.04878826E-01
 -2.23265000E+00  1.00000000E+00  1.92690452E+00 -9.97816937E-01  4.19357784E-01  3.08383339E+00  9.19968636E-01  5.04901775E-01
 -2.20789677E+00  1.00000000E+00  1.90917419E+00 -9.97896166E-01  4.19334451E-01  3.08396597E+00  9.20002866E-01  5.04924725E-01
 -2.18314354E+00  1.00000000E+00  1.89138649E+00 -9.97738934E-01  4.19341433E-01  3.08371221E+00  9.19947555E-01  5.04878421E-01
 -2.15839032E+00  1.00000000E+00  1.87359879E+00 -9.97581716E-01  4.19358301E-01  3.08345848E+00  9.19892252E-01  5.04832120E-01
 -2.13363709E+00  1.00000000E+00  1.85586162E+00 -9.97590867E-01  4.19363087E-01  3.08348068E+00  9.19888536E-01  5.04838167E-01
 -2.10888387E+00  1.00000000E+00  1.83812445E+00 -9.97600018E-01  4.19374580E-01  3.08350288E+00  9.19884820E-01  5.04844213E-01
 -2.08413064E+00  1.00000000E+00  1.82036073E+00 -9.97619813E-01  4.19384213E-01  3.08351305E+00  9.19897394E-01  5.04843653E-01
 -2.05937741E+00  1.00000000E+00  1.80259700E+00 -9.97639607E-01  4.19381924E-01  3.08352323E+00  9.19909968E-01  5.04843093E-01
 -2.03462419E+00  1.00000000E+00  1.78485971E+00 -9.97629730E-01  4.19374684E-01  3.08350524E+00  9.19911817E-01  5.04838464E-01
 -2.00987096E+00  1.00000000E+00  1.76712241E+00 -9.97619853E-01  4.19365685E-01  3.08348725E+00  9.19913666E-01  5.04833835E-01
 -1.98511774E+00  1.00000000E+00  1.74935506E+00 -9.97639634E-01  4.19355194E-01  3.08344089E+00  9.19928832E-01  5.04819479E-01
 -1.96036451E+00  1.00000000E+00  1.73158770E+00 -9.97659414E-01  4.19344334E-01  3.08339453E+00  9.19943999E-01  5.04805124E-01
 -1.93561128E+00  1.00000000E+00  1.71386459E+00 -9.97717476E-01  4.19330845E-01  3.08347132E+00  9.19973254E-01  5.04816216E-01
 -1.91085806E+00  1.00000000E+00  1.69614148E+00 -9.97775540E-01  4.19306339E-01  3.08354812E+00  9.20002509E-01  5.04827309E-01
 -1.88610483E+00  1.00000000E+00  1.67836060E+00 -9.97727421E-01  4.19291849E-01  3.08347587E+00  9.19974893E-01  5.04816895E-01
 -1.86135161E+00  1.00000000E+00  1.66057971E+00 -9.97679303E-01  4.19280866E-01  3.08340363E+00  9.19947279E-01  5.04806482E-01
 -1.83659838E+00  1.00000000E+00  1.64282121E+00 -9.97620473E-01  4.19287765E-01  3.08320909E+00  9.19954089E-01  5.04759501E-01
 -1.81184516E+00  1.00000000E+00  1.62506270E+00 -9.97561645E-01  4.19289382E-01  3.08301457E+00  9.19960901E-01  5.04712523E-01
 -1.78709193E+00  1.00000000E+00  1.60736206E+00 -9.97687180E-01  4.19260346E-01  3.08320497E+00  9.20008946E-01  5.04745739E-01
 -1.76233870E+00  1.00000000E+00  1.58966142E+00 -9.97812723E-01  4.19217801E-01  3.08339539E+00  9.20056998E-01  5.04778957E-01
 -1.73758548E+00  1.00000000E+00  1.57185256E+00 -9.97714012E-01  4.19214313E-01  3.08322322E+00  9.20015596E-01  5.04748445E-01
 -1.71283225E+00  1.00000000E+00  1.55404370E+00 -9.97615307E-01  4.19214156E-01  3.08305106E+00  9.19974197E-01  5.04717935E-01
 -1.68807903E+00  1.00000000E+00  1.53628860E+00 -9.97626689E-01  4.19190027E-01  3.08288232E+00  9.20006715E-01  5.04670973E-01
 -1.66332580E+00  1.00000000E+00  1.51853349E+00 -9.97638072E-01  4.19167429E-01  3.08271358E+00  9.20039234E-01  5.04624014E-01
 -1.63857257E+00  1.00000000E+00  1.50080508E+00 -9.97550386E-01  4.19172733E-01  3.08262556E+00  9.20008048E-01  5.04610752E-01
 -1.61381935E+00  1.00000000E+00  1.48307667E+00 -9.97462704E-01  4.19165928E-01  3.08253754E+00  9.19976865E-01  5.04597491E-01
 -1.58906612E+00  1.00000000E+00  1.46529234E+00 -9.97409391E-01  4.19133883E-01  3.08226694E+00  9.19980213E-01  5.04533569E-01
 -1.56431290E+00  1.00000000E+00  1.44750801E+00 -9.97356081E-01  4.19112671E-01  3.08199636E+00  9.19983562E-01  5.04469653E-01
 -1.53955967E+00  1.00000000E+00  1.42979170E+00 -9.97271208E-01  4.19100660E-01  3.08175396E+00  9.19979264E-01  5.04414096E-01
 -1.51480644E+00  1.00000000E+00  1.41207540E+00 -9.97186341E-01  4.19082201E-01  3.08151159E+00  9.19974969E-01  5.04358544E-01
 -1.49005322E+00  1.00000000E+00  1.39434831E+00 -9.97180935E-01  4.19051542E-01  3.08125673E+00  9.20023465E-01  5.04287762E-01
 -1.46529999E+00  1.00000000E+00  1.37662122E+00 -9.97175529E-01  4.18999433E-01  3.08100190E+00  9.20071963E-01  5.04216986E-01
 -1.44054677E+00  1.00000000E+00  1.35889650E+00 -9.97258843E-01  4.18936315E-01  3.08095743E+00  9.20132278E-01  5.04192536E-01
 -1.41579354E+00  1.00000000E+00  1.34117179E+00 -9.97342159E-01  4.18851348E-01  3.08091297E+00  9.20192598E-01  5.04168086E-01
 -1.39104031E+00  1.00000000E+00  1.32340484E+00 -9.97026701E-01  4.18819816E-01  3.08025772E+00  9.20109592E-01  5.04034564E-01
 -1.36628709E+00  1.00000000E+00  1.30563788E+00 -9.96711308E-01  4.18808105E-01  3.07960263E+00  9.20026622E-01  5.03901069E-01
 -1.34153386E+00  1.00000000E+00  1.28791960E+00 -9.96693359E-01  4.18762196E-01  3.07923432E+00  9.20070410E-01  5.03804913E-01
 -1.31678064E+00  1.00000000E+00  1.27020133E+00 -9.96675411E-01  4.18711382E-01  3.07886606E+00  9.20114199E-01  5.03708769E-01
 -1.29202741E+00  1.00000000E+00  1.25251586E+00 -9.96625876E-01  4.18648603E-01  3.07851655E+00  9.20151106E-01  5.03618603E-01
 -1.26727418E+00  1.00000000E+00  1.23483039E+00 -9.96576345E-01  4.18569674E-01  3.07816707E+00  9.20188016E-01  5.03528447E-01
 -1.24252096E+00  1.00000000E+00  1.21717111E+00 -9.96566637E-01  4.18487564E-01  3.07779606E+00  9.20244101E-01  5.03428790E-01
 -1.21776773E+00  1.00000000E+00  1.19951182E+00 -9.96556930E-01  4.18393534E-01  3.07742509E+00  9.20300190E-01  5.03329144E-01
 -1.19301451E+00  1.00000000E+00  1.18179920E+00 -9.96207346E-01  4.18324305E-01  3.07649997E+00  9.20247198E-01  5.03125646E-01
 -1.16826128E+00  1.00000000E+00  1.16408658E+00 -9.95857857E-01  4.18266373E-01  3.07557513E+00  9.20194249E-01  5.02922205E-01
 -1.14350806E+00  1.00000000E+00  1.14646051E+00 -9.95833148E-01  4.18177411E-01  3.07510819E+00  9.20251898E-01  5.02799802E-01
 -1.11875483E+00  1.00000000E+00  1.12883444E+00 -9.95808441E-01  4.18087055E-01  3.07464134E+00  9.20309550E-01  5.02677418E-01
 -1.09400160E+00  1.00000000E+00  1.11122380E+00 -9.95646152E-01  4.17989432E-01  3.07393951E+00  9.20326988E-01  5.02509589E-01
 -1.06924838E+00  1.00000000E+00  1.09361317E+00 -9.95483895E-01  4.17896355E-01  3.07323784E+00  9.20344437E-01  5.02341795E-01
 -1.04449515E+00  1.00000000E+00  1.07605221E+00 -9.95278433E-01  4.17803251E-01  3.07241198E+00  9.20363264E-01  5.02144701E-01
 -1.01974193E+00  1.00000000E+00  1.05849126E+00 -9.95073018E-01  4.17702894E-01  3.07158634E+00  9.20382109E-01  5.01947654E-01
 -9.94988700E-01  1.00000000E+00  1.04099137E+00 -9.94912666E-01  4.17595108E-01  3.07082986E+00  9.20417267E-01  5.01762939E-01
 -9.70235474E-01  1.00000000E+00  1.02349147E+00 -9.94752347E-01  4.17494469E-01  3.07007357E+00  9.20452439E-01  5.01578265E-01
 -9.45482248E-01  1.00000000E+00  1.00601691E+00 -9.94584803E-01  4.17391790E-01  3.06935151E+00  9.20466661E-01  5.01406465E-01
 -9.20729022E-01  1.00000000E+00  9.88542350E-01 -9.94417292E-01  4.17292172E-01  3.06862962E+00  9.20480893E-01  5.01234702E-01
 -8.95975796E-01  1.00000000E+00  9.71194532E-01 -9.94175174E-01  4.17204928E-01  3.06774925E+00  9.20489135E-01  5.01027359E-01
 -8.71222570E-01  1.00000000E+00  9.53846713E-01 -9.93933116E-01  4.17121555E-01  3.06686913E+00  9.20497399E-01  5.00820070E-01
 -8.46469344E-01  1.00000000E+00  9.36574598E-01 -9.93934021E-01  4.17042732E-01  3.06649668E+00  9.20570570E-01  5.00716092E-01
 -8.21716118E-01  1.00000000E+00  9.19302483E-01 -9.93934928E-01  4.16951504E-01  3.06612428E+00  9.20643747E-01  5.00612125E-01
 -7.97201467E-01  1.00000000E+00  9.02324173E-01 -9.93905360E-01  4.16925620E-01  3.06595691E+00  9.20644563E-01  5.00572880E-01
 -7.72686817E-01  1.00000000E+00  8.85345863E-01 -9.93875793E-01  4.16908241E-01  3.06578954E+00  9.20645379E-01  5.00533638E-01
 -7.49503432E-01  1.00000000E+00  8.69413099E-01 -9.93874846E-01  4.16919261E-01  3.06592847E+00  9.20620387E-01  5.00571886E-01
 -7.26320047E-01  1.00000000E+00  8.53480335E-01 -9.93873900E-01  4.16943722E-01  3.06606740E+00  9.20595395E-01  5.00610135E-01
 -7.04527831E-01  1.00000000E+00  8.38679954E-01 -9.94050219E-01  4.17002845E-01  3.06668464E+00  9.20613752E-01  5.00749873E-01
 -6.82735615E-01  1.00000000E+00  8.23879572E-01 -9.94226569E-01  4.17096618E-01  3.06730199E+00  9.20632118E-01  5.00889638E-01
 -6.62251087E-01  1.00000000E+00  8.10047447E-01 -9.94407680E-01  4.17290962E-01  3.06860918E+00  9.20487158E-01  5.01228471E-01
 -6.41766559E-01  1.00000000E+00  7.96215321E-01 -9.94588857E-01  4.17511713E-01  3.06991694E+00  9.20342241E-01  5.01567429E-01
 -6.22511254E-01  1.00000000E+00  7.83431279E-01 -9.94934852E-01  4.17752392E-01  3.07168431E+00  9.20257374E-01  5.01999617E-01
 -6.03255949E-01  1.00000000E+00  7.70647237E-01 -9.95281011E-01  4.18024764E-01  3.07345270E+00  9.20172562E-01  5.02432032E-01
 -5.85156097E-01  1.00000000E+00  7.58817059E-01 -9.95900303E-01  4.18356278E-01  3.07596480E+00  9.20137712E-01  5.03026320E-01
 -5.67056245E-01  1.00000000E+00  7.46986881E-01 -9.96520023E-01  4.18726469E-01  3.07847895E+00  9.20103001E-01  5.03621054E-01
 -5.50042515E-01  1.00000000E+00  7.35975033E-01 -9.97214398E-01  4.19217929E-01  3.08203047E+00  9.19898391E-01  5.04497486E-01
 -5.33028786E-01  1.00000000E+00  7.24963186E-01 -9.97909435E-01  4.19719817E-01  3.08558613E+00  9.19694039E-01  5.05374820E-01
 -5.17036006E-01  1.00000000E+00  7.14885984E-01 -9.98990225E-01  4.20275234E-01  3.09007828E+00  9.19622519E-01  5.06439676E-01
 -5.01043227E-01  1.00000000E+00  7.04808783E-01 -1.00007234E+00  4.20872486E-01  3.09457695E+00  9.19551416E-01  5.07505957E-01
 -4.86010125E-01  1.00000000E+00  6.95436480E-01 -1.00117402E+00  4.21578991E-01  3.09985953E+00  9.19315115E-01  5.08793696E-01
 -4.70977023E-01  1.00000000E+00  6.86064176E-01 -1.00227725E+00  4.22367347E-01  3.10515116E+00  9.19079369E-01  5.10083418E-01
 -4.56846016E-01  1.00000000E+00  6.77512009E-01 -1.00369592E+00  4.23207442E-01  3.11167695E+00  9.18860639E-01  5.11657139E-01
 -4.42715008E-01  1.00000000E+00  6.68959841E-01 -1.00511707E+00  4.24129826E-01  3.11821648E+00  9.18642723E-01  5.13233877E-01
 -4.29431964E-01  1.00000000E+00  6.61109144E-01 -1.00685007E+00  4.25179238E-01  3.12615818E+00  9.18341142E-01  5.15157308E-01
 -4.16148920E-01  1.00000000E+00  6.53258447E-01 -1.00858675E+00  4.26292141E-01  3.13412012E+00  9.18040854E-01  5.17085162E-01
 -4.03662954E-01  1.00000000E+00  6.46070617E-01 -1.01036346E+00  4.27413415E-01  3.14271034E+00  9.17706322E-01  5.19167603E-01
 -3.91176988E-01  1.00000000E+00  6.38882787E-01 -1.01214418E+00  4.28657848E-01  3.15132421E+00  9.17373112E-01  5.21255256E-01
 -3.79440270E-01  1.00000000E+00  6.32343874E-01 -1.01447857E+00  4.29996070E-01  3.16157360E+00  9.17100477E-01  5.23710396E-01
 -3.67703552E-01  1.00000000E+00  6.25804961E-01 -1.01681931E+00  4.31420845E-01  3.17185631E+00  9.16829936E-01  5.26172819E-01
 -3.56671122E-01  1.00000000E+00  6.19955972E-01 -1.01917515E+00  4.32989177E-01  3.18327565E+00  9.16348021E-01  5.28949781E-01
 -3.45638692E-01  1.00000000E+00  6.14106982E-01 -1.02153801E+00  4.34610120E-01  3.19473629E+00  9.15868546E-01  5.31735807E-01
 -3.35268287E-01  1.00000000E+00  6.08728778E-01 -1.02423267E+00  4.36199028E-01  3.20720067E+00  9.15506344E-01  5.34728676E-01
 -3.24897882E-01  1.00000000E+00  6.03350575E-01 -1.02693606E+00  4.37944541E-01  3.21971378E+00  9.15146886E-01  5.37732275E-01
 -3.15149775E-01  1.00000000E+00  5.98592142E-01 -1.03002739E+00  4.39844242E-01  3.23407850E+00  9.14677462E-01  5.41193577E-01
 -3.05401669E-01  1.00000000E+00  5.93833710E-01 -1.03313020E+00  4.41826631E-01  3.24850743E+00  9.14211823E-01  5.44668976E-01
 -2.96238520E-01  1.00000000E+00  5.89503457E-01 -1.03619711E+00  4.43867533E-01  3.26443679E+00  9.13478140E-01  5.48557018E-01
 -2.87075371E-01  1.00000000E+00  5.85173204E-01 -1.03927639E+00  4.46123398E-01  3.28044495E+00  9.12748662E-01  5.52462466E-01
 -2.78462077E-01  1.00000000E+00  5.81498006E-01 -1.04285140E+00  4.48464728E-01  3.29756177E+00  9.12116212E-01  5.56603963E-01
 -2.69848783E-01  1.00000000E+00  5.77822808E-01 -1.04644194E+00  4.50926669E-01  3.31476818E+00  9.11489025E-01  5.60765136E-01
 -2.61752348E-01  1.00000000E+00  5.74603959E-01 -1.05053680E+00  4.53379446E-01  3.33368111E+00  9.11032232E-01  5.65284737E-01
 -2.53655913E-01  1.00000000E+00  5.71385109E-01 -1.05465113E+00  4.55938338E-01  3.35270211E+00  9.10581362E-01  5.69828175E-01
 -2.46045323E-01  1.00000000E+00  5.68579330E-01 -1.05835510E+00  4.58682329E-01  3.37252099E+00  9.09642691E-01  5.74671603E-01
 -2.38434732E-01  1.00000000E+00  5.65773551E-01 -1.06207710E+00  4.61496054E-01  3.39245824E+00  9.08710217E-01  5.79541205E-01
 -2.31280830E-01  1.00000000E+00  5.63425798E-01 -1.06646326E+00  4.64368297E-01  3.41394538E+00  9.08041095E-01  5.84711000E-01
 -2.24126928E-01  1.00000000E+00  5.61078045E-01 -1.07087245E+00  4.67324807E-01  3.43556924E+00  9.07379095E-01  5.89911034E-01
 -2.17402314E-01  1.00000000E+00  5.59210231E-01 -1.07578984E+00  4.70354432E-01  3.45913183E+00  9.06759315E-01  5.95553587E-01
 -2.10677699E-01  1.00000000E+00  5.57342417E-01 -1.08073529E+00  4.73483434E-01  3.48285653E+00  9.06148025E-01  6.01231985E-01
 -2.04351753E-01  1.00000000E+00  5.55830996E-01 -1.08543520E+00  4.76867015E-01  3.50783555E+00  9.05133152E-01  6.07297226E-01
 -1.98025807E-01  1.00000000E+00  5.54319576E-01 -1.09016289E+00  4.80317144E-01  3.53299541E+00  9.04127256E-01  6.13402570E-01
 -1.91837501E-01  1.00000000E+00  5.53189060E-01 -1.09574962E+00  4.84036387E-01  3.56114946E+00  9.03287637E-01  6.20167759E-01
 -1.85649194E-01  1.00000000E+00  5.52058544E-01 -1.10137320E+00  4.87858770E-01  3.58952919E+00  9.02459057E-01  6.26983031E-01
 -1.79460888E-01  1.00000000E+00  5.51183392E-01 -1.10672752E+00  4.92218675E-01  3.62117343E+00  9.00871240E-01  6.34737177E-01
 -1.73272582E-01  1.00000000E+00  5.50308240E-01 -1.11212043E+00  4.96696972E-01  3.65310134E+00  8.99296597E-01  6.42554440E-01
 -1.67084275E-01  1.00000000E+00  5.50181956E-01 -1.11967402E+00  5.01470033E-01  3.69003429E+00  8.98535434E-01  6.51349734E-01
 -1.60895969E-01  1.00000000E+00  5.50055671E-01 -1.12729122E+00  5.06376481E-01  3.72734200E+00  8.97792214E-01  6.60228284E-01
 -1.54707662E-01  1.00000000E+00  5.50166181E-01 -1.13427795E+00  5.12052291E-01  3.76897877E+00  8.95901379E-01  6.70384725E-01
 -1.48519356E-01  1.00000000E+00  5.50276690E-01 -1.14132830E+00  5.17889740E-01  3.81108855E+00  8.94031041E-01  6.80646752E-01
 -1.42331049E-01  1.00000000E+00  5.51453321E-01 -1.15089805E+00  5.24502886E-01  3.86110722E+00  8.92678739E-01  6.92633313E-01
 -1.36142743E-01  1.00000000E+00  5.52629953E-01 -1.16057189E+00  5.31391002E-01  3.91178688E+00  8.91356452E-01  7.04767101E-01
 -1.29954436E-01  1.00000000E+00  5.54352048E-01 -1.17013665E+00  5.38725324E-01  3.96763327E+00  8.89432689E-01  7.18246801E-01
 -1.23766130E-01  1.00000000E+00  5.56074143E-01 -1.17981235E+00  5.46515040E-01  4.02428876E+00  8.87540157E-01  7.31908007E-01
 -1.17577823E-01  1.00000000E+00  5.59024624E-01 -1.19168663E+00  5.55338873E-01  4.09286873E+00  8.85385746E-01  7.48412696E-01
 -1.11389517E-01  1.00000000E+00  5.61975105E-01 -1.20372612E+00  5.64676765E-01  4.16263277E+00  8.83277277E-01  7.65182948E-01
 -1.05201210E-01  1.00000000E+00  5.66595944E-01 -1.21706344E+00  5.75790210E-01  4.24534425E+00  8.80227750E-01  7.85193851E-01
 -9.90129037E-02  1.00000000E+00  5.71216784E-01 -1.23061578E+00  5.87284637E-01  4.32972823E+00  8.77240542E-01  8.05580459E-01
 -9.28245972E-02  1.00000000E+00  5.77469624E-01 -1.24403443E+00  6.00961728E-01  4.42605001E+00  8.72811060E-01  8.29089088E-01
 -8.66362908E-02  1.00000000E+00  5.83722464E-01 -1.25769029E+00  6.15043987E-01  4.52457608E+00  8.68455733E-01  8.53094747E-01
 -8.04479843E-02  1.00000000E+00  5.93096379E-01 -1.28039131E+00  6.31181928E-01  4.64916330E+00  8.66774659E-01  8.82557350E-01
 -7.42596778E-02  1.00000000E+00  6.02470295E-01 -1.30361104E+00  6.48075734E-01  4.77720459E+00  8.65217651E-01  9.12796951E-01
 -6.80713713E-02  1.00000000E+00  6.17185502E-01 -1.31575714E+00  6.69067748E-01  4.92684520E+00  8.54832468E-01  9.50136305E-01
 -6.18830648E-02  1.00000000E+00  6.31900709E-01 -1.32818028E+00  6.92188675E-01  5.08150831E+00  8.44601922E-01  9.88611491E-01
 -5.56947583E-02  1.00000000E+00  6.46617597E-01 -1.39402077E+00  7.19366362E-01  5.30276164E+00  8.56679706E-01  1.03741912E+00
 -4.95064519E-02  1.00000000E+00  6.61334486E-01 -1.46264961E+00  7.44217417E-01  5.53377480E+00  8.69666166E-01  1.08829202E+00
 -4.33181454E-02  1.00000000E+00  7.32908188E-01 -1.38196268E+00  7.73032979E-01  5.61162594E+00  8.23524844E-01  1.11722359E+00
 -3.71298389E-02  1.00000000E+00  8.04481889E-01 -1.30110854E+00  8.17546703E-01  5.69672866E+00  7.79960686E-01  1.14724586E+00
 -3.09415324E-02  1.00000000E+00  7.01364849E-01 -1.31875233E+00  8.43138964E-01  5.72901742E+00  7.85793073E-01  1.15341901E+00
 -2.47532259E-02  1.00000000E+00  5.98247809E-01 -1.33652718E+00  8.25068075E-01  5.76156508E+00  7.91703040E-01  1.15963448E+00
 -1.85649194E-02  1.00000000E+00  1.46245442E+00 -1.94587878E+00  8.49931788E-01  7.37528806E+00  9.46706326E-01  1.50000240E+00
 -1.23766130E-02  1.00000000E+00  2.32666104E+00 -2.74309113E+00  1.02589818E+00  9.48857286E+00  1.18086671E+00  1.93846477E+00
 -6.18830648E-03  1.00000000E+00  1.14698718E+00  9.07082969E-01  2.24606419E+00  9.43384459E+00  5.17331516E-01  2.08051972E+00
  0.00000000E+00  1.00000000E+00 -3.26866819E-02  6.83937817E+00  5.59345933E+00  1.74559135E+01  2.93601725E+00  3.38797579E+00
