# curve 5 (die wall), step =      200, time =   8.00000000E+01
# N1 = tau_xx - tau_yy = G ( c_xx - c_yy ),  G =  4.5455E-02  (polymer part only)
#              x               y        pressure            c_xy        gammadot            c_xx            c_yy              N1
 -3.00000000E+00  1.00000000E+00  2.41159937E+00 -2.54397750E+00  4.22675044E-01  1.68922307E+01  8.04635398E-01  7.31254332E-01
 -2.97524677E+00  1.00000000E+00  2.39539446E+00 -2.54405121E+00  4.22693471E-01  1.68917243E+01  8.04672628E-01  7.31229622E-01
 -2.95049355E+00  1.00000000E+00  2.37918954E+00 -2.54412493E+00  4.22704565E-01  1.68912179E+01  8.04709860E-01  7.31204913E-01
 -2.92574032E+00  1.00000000E+00  2.36300241E+00 -2.54430589E+00  4.22703787E-01  1.68925890E+01  8.04732989E-01  7.31266182E-01
 -2.90098710E+00  1.00000000E+00  2.34681527E+00 -2.54448687E+00  4.22690240E-01  1.68939602E+01  8.04756120E-01  7.31327456E-01
 -2.87623387E+00  1.00000000E+00  2.33065654E+00 -2.54464740E+00  4.22672577E-01  1.68981410E+01  8.04707558E-01  7.31519702E-01
 -2.85148064E+00  1.00000000E+00  2.31449781E+00 -2.54480792E+00  4.22646364E-01  1.69023229E+01  8.04658993E-01  7.31711997E-01
 -2.82672742E+00  1.00000000E+00  2.29828653E+00 -2.54402643E+00  4.22648216E-01  1.68979055E+01  8.04552243E-01  7.31516059E-01
 -2.80197419E+00  1.00000000E+00  2.28207525E+00 -2.54324515E+00  4.22663659E-01  1.68934893E+01  8.04445535E-01  7.31320171E-01
 -2.77722097E+00  1.00000000E+00  2.26584143E+00 -2.54358242E+00  4.22682913E-01  1.68922800E+01  8.04551937E-01  7.31260365E-01
 -2.75246774E+00  1.00000000E+00  2.24960760E+00 -2.54391966E+00  4.22695647E-01  1.68910708E+01  8.04658353E-01  7.31200567E-01
 -2.72771451E+00  1.00000000E+00  2.23349814E+00 -2.54433080E+00  4.22683787E-01  1.68921635E+01  8.04764714E-01  7.31245400E-01
 -2.70296129E+00  1.00000000E+00  2.21738868E+00 -2.54474197E+00  4.22649401E-01  1.68932563E+01  8.04871091E-01  7.31290235E-01
 -2.67820806E+00  1.00000000E+00  2.20115620E+00 -2.54414253E+00  4.22641224E-01  1.68923624E+01  8.04702363E-01  7.31257276E-01
 -2.65345484E+00  1.00000000E+00  2.18492372E+00 -2.54354315E+00  4.22658604E-01  1.68914687E+01  8.04533674E-01  7.31224321E-01
 -2.62870161E+00  1.00000000E+00  2.16874285E+00 -2.54381899E+00  4.22675281E-01  1.68909334E+01  8.04621191E-01  7.31196010E-01
 -2.60394839E+00  1.00000000E+00  2.15256197E+00 -2.54409482E+00  4.22682220E-01  1.68903981E+01  8.04708717E-01  7.31167701E-01
 -2.57919516E+00  1.00000000E+00  2.13639625E+00 -2.54425490E+00  4.22687727E-01  1.68912506E+01  8.04750457E-01  7.31204554E-01
 -2.55444193E+00  1.00000000E+00  2.12023052E+00 -2.54441498E+00  4.22669254E-01  1.68921032E+01  8.04792199E-01  7.31241409E-01
 -2.52968871E+00  1.00000000E+00  2.10406210E+00 -2.54470753E+00  4.22643393E-01  1.68951002E+01  8.04819484E-01  7.31376397E-01
 -2.50493548E+00  1.00000000E+00  2.08789368E+00 -2.54500012E+00  4.22608162E-01  1.68980978E+01  8.04846770E-01  7.31511410E-01
 -2.48018226E+00  1.00000000E+00  2.07164913E+00 -2.54417760E+00  4.22624523E-01  1.68944350E+01  8.04686073E-01  7.31352224E-01
 -2.45542903E+00  1.00000000E+00  2.05540458E+00 -2.54335530E+00  4.22657334E-01  1.68907730E+01  8.04525429E-01  7.31193073E-01
 -2.43067580E+00  1.00000000E+00  2.03920864E+00 -2.54364444E+00  4.22688595E-01  1.68903095E+01  8.04603279E-01  7.31168463E-01
 -2.40592258E+00  1.00000000E+00  2.02301270E+00 -2.54393358E+00  4.22710843E-01  1.68898460E+01  8.04681140E-01  7.31143856E-01
 -2.38116935E+00  1.00000000E+00  2.00687842E+00 -2.54428910E+00  4.22696265E-01  1.68907337E+01  8.04781999E-01  7.31179622E-01
 -2.35641613E+00  1.00000000E+00  1.99074414E+00 -2.54464465E+00  4.22660783E-01  1.68916214E+01  8.04882873E-01  7.31215390E-01
 -2.33166290E+00  1.00000000E+00  1.97453370E+00 -2.54426709E+00  4.22656374E-01  1.68922954E+01  8.04748644E-01  7.31252125E-01
 -2.30690967E+00  1.00000000E+00  1.95832325E+00 -2.54388952E+00  4.22668707E-01  1.68929694E+01  8.04614436E-01  7.31288864E-01
 -2.28215645E+00  1.00000000E+00  1.94210129E+00 -2.54379514E+00  4.22686681E-01  1.68924367E+01  8.04584895E-01  7.31265991E-01
 -2.25740322E+00  1.00000000E+00  1.92587933E+00 -2.54370076E+00  4.22707770E-01  1.68919040E+01  8.04555356E-01  7.31243118E-01
 -2.23265000E+00  1.00000000E+00  1.90973801E+00 -2.54456339E+00  4.22697851E-01  1.68950565E+01  8.04751041E-01  7.31377521E-01
 -2.20789677E+00  1.00000000E+00  1.89359669E+00 -2.54542623E+00  4.22650101E-01  1.68982097E+01  8.04946790E-01  7.31511950E-01
 -2.18314354E+00  1.00000000E+00  1.87738702E+00 -2.54476279E+00  4.22633837E-01  1.68947937E+01  8.04833815E-01  7.31361812E-01
 -2.15839032E+00  1.00000000E+00  1.86117735E+00 -2.54409949E+00  4.22640794E-01  1.68913784E+01  8.04720871E-01  7.31211704E-01
 -2.13363709E+00  1.00000000E+00  1.84499207E+00 -2.54400620E+00  4.22657964E-01  1.68907786E+01  8.04699455E-01  7.31185416E-01
 -2.10888387E+00  1.00000000E+00  1.82880680E+00 -2.54391291E+00  4.22679098E-01  1.68901789E+01  8.04678039E-01  7.31159130E-01
 -2.08413064E+00  1.00000000E+00  1.81258646E+00 -2.54399931E+00  4.22698286E-01  1.68898915E+01  8.04701471E-01  7.31145003E-01
 -2.05937741E+00  1.00000000E+00  1.79636611E+00 -2.54408571E+00  4.22703042E-01  1.68896042E+01  8.04724904E-01  7.31130877E-01
 -2.03462419E+00  1.00000000E+00  1.78020629E+00 -2.54397316E+00  4.22696015E-01  1.68905771E+01  8.04681296E-01  7.31177081E-01
 -2.00987096E+00  1.00000000E+00  1.76404646E+00 -2.54386061E+00  4.22687869E-01  1.68915500E+01  8.04637690E-01  7.31223288E-01
 -1.98511774E+00  1.00000000E+00  1.74780466E+00 -2.54385735E+00  4.22693944E-01  1.68910916E+01  8.04640052E-01  7.31202342E-01
 -1.96036451E+00  1.00000000E+00  1.73156287E+00 -2.54385408E+00  4.22699661E-01  1.68906331E+01  8.04642414E-01  7.31181396E-01
 -1.93561128E+00  1.00000000E+00  1.71545931E+00 -2.54463278E+00  4.22675783E-01  1.68935497E+01  8.04817449E-01  7.31306009E-01
 -1.91085806E+00  1.00000000E+00  1.69935576E+00 -2.54541165E+00  4.22629837E-01  1.68964667E+01  8.04992537E-01  7.31430645E-01
 -1.88610483E+00  1.00000000E+00  1.68306302E+00 -2.54421888E+00  4.22619471E-01  1.68946627E+01  8.04667207E-01  7.31363433E-01
 -1.86135161E+00  1.00000000E+00  1.66677028E+00 -2.54302633E+00  4.22641583E-01  1.68928592E+01  8.04342030E-01  7.31296235E-01
 -1.83659838E+00  1.00000000E+00  1.65059517E+00 -2.54389167E+00  4.22662983E-01  1.68914119E+01  8.04646111E-01  7.31216628E-01
 -1.81184516E+00  1.00000000E+00  1.63442006E+00 -2.54475696E+00  4.22653036E-01  1.68899652E+01  8.04950296E-01  7.31137039E-01
 -1.78709193E+00  1.00000000E+00  1.61830220E+00 -2.54488017E+00  4.22601396E-01  1.68943736E+01  8.04899279E-01  7.31339741E-01
 -1.76233870E+00  1.00000000E+00  1.60218434E+00 -2.54500333E+00  4.22535682E-01  1.68987832E+01  8.04848256E-01  7.31542500E-01
 -1.73758548E+00  1.00000000E+00  1.58589536E+00 -2.54442303E+00  4.22533183E-01  1.68963936E+01  8.04728781E-01  7.31439310E-01
 -1.71283225E+00  1.00000000E+00  1.56960637E+00 -2.54384283E+00  4.22534199E-01  1.68940043E+01  8.04609334E-01  7.31336135E-01
 -1.68807903E+00  1.00000000E+00  1.55336981E+00 -2.54379417E+00  4.22519215E-01  1.68913822E+01  8.04656201E-01  7.31214818E-01
 -1.66332580E+00  1.00000000E+00  1.53713325E+00 -2.54374550E+00  4.22508973E-01  1.68887605E+01  8.04703067E-01  7.31093521E-01
 -1.63857257E+00  1.00000000E+00  1.52098972E+00 -2.54384698E+00  4.22501618E-01  1.68886303E+01  8.04743737E-01  7.31085753E-01
 -1.61381935E+00  1.00000000E+00  1.50484619E+00 -2.54394847E+00  4.22467164E-01  1.68885001E+01  8.04784408E-01  7.31077984E-01
 -1.58906612E+00  1.00000000E+00  1.48855481E+00 -2.54344098E+00  4.22430913E-01  1.68849830E+01  8.04712504E-01  7.30921387E-01
 -1.56431290E+00  1.00000000E+00  1.47226342E+00 -2.54293360E+00  4.22412596E-01  1.68814667E+01  8.04640615E-01  7.30764823E-01
 -1.53955967E+00  1.00000000E+00  1.45612455E+00 -2.54319714E+00  4.22381377E-01  1.68791815E+01  8.04780096E-01  7.30654610E-01
 -1.51480644E+00  1.00000000E+00  1.43998568E+00 -2.54346062E+00  4.22341429E-01  1.68768968E+01  8.04919592E-01  7.30544416E-01
 -1.49005322E+00  1.00000000E+00  1.42379463E+00 -2.54367184E+00  4.22278566E-01  1.68763750E+01  8.05028989E-01  7.30515727E-01
 -1.46529999E+00  1.00000000E+00  1.40760357E+00 -2.54388305E+00  4.22175904E-01  1.68758533E+01  8.05138399E-01  7.30487040E-01
 -1.44054677E+00  1.00000000E+00  1.39140457E+00 -2.54406079E+00  4.22069030E-01  1.68774775E+01  8.05192136E-01  7.30558426E-01
 -1.41579354E+00  1.00000000E+00  1.37520557E+00 -2.54423854E+00  4.21933378E-01  1.68791019E+01  8.05245876E-01  7.30629819E-01
 -1.39104031E+00  1.00000000E+00  1.35897140E+00 -2.54298881E+00  4.21831042E-01  1.68699925E+01  8.05122282E-01  7.30221376E-01
 -1.36628709E+00  1.00000000E+00  1.34273723E+00 -2.54173971E+00  4.21762879E-01  1.68608881E+01  8.04998775E-01  7.29813151E-01
 -1.34153386E+00  1.00000000E+00  1.32650695E+00 -2.54166694E+00  4.21676831E-01  1.68552255E+01  8.05111064E-01  7.29550654E-01
 -1.31678064E+00  1.00000000E+00  1.31027667E+00 -2.54159408E+00  4.21581181E-01  1.68495649E+01  8.05223350E-01  7.29288252E-01
 -1.29202741E+00  1.00000000E+00  1.29415001E+00 -2.54145760E+00  4.21447410E-01  1.68460161E+01  8.05295191E-01  7.29123676E-01
 -1.26727418E+00  1.00000000E+00  1.27802336E+00 -2.54132113E+00  4.21288047E-01  1.68424680E+01  8.05367036E-01  7.28959135E-01
 -1.24252096E+00  1.00000000E+00  1.26188256E+00 -2.54144414E+00  4.21120194E-01  1.68384281E+01  8.05541163E-01  7.28767587E-01
 -1.21776773E+00  1.00000000E+00  1.24574176E+00 -2.54156709E+00  4.20918502E-01  1.68343893E+01  8.05715312E-01  7.28576090E-01
 -1.19301451E+00  1.00000000E+00  1.22955580E+00 -2.54025224E+00  4.20715264E-01  1.68221540E+01  8.05672555E-01  7.28021885E-01
 -1.16826128E+00  1.00000000E+00  1.21336985E+00 -2.53893818E+00  4.20535580E-01  1.68099277E+01  8.05629877E-01  7.27468083E-01
 -1.14350806E+00  1.00000000E+00  1.19727873E+00 -2.53849728E+00  4.20307717E-01  1.68017096E+01  8.05727454E-01  7.27090096E-01
 -1.11875483E+00  1.00000000E+00  1.18118761E+00 -2.53805644E+00  4.20069098E-01  1.67934956E+01  8.05825034E-01  7.26712299E-01
 -1.09400160E+00  1.00000000E+00  1.16508861E+00 -2.53739619E+00  4.19818675E-01  1.67819830E+01  8.05959797E-01  7.26182874E-01
 -1.06924838E+00  1.00000000E+00  1.14898961E+00 -2.53673611E+00  4.19558150E-01  1.67704786E+01  8.06094573E-01  7.25653820E-01
 -1.04449515E+00  1.00000000E+00  1.13299820E+00 -2.53611926E+00  4.19243698E-01  1.67568024E+01  8.06306643E-01  7.25022534E-01
 -1.01974193E+00  1.00000000E+00  1.11700679E+00 -2.53550250E+00  4.18905979E-01  1.67431379E+01  8.06518729E-01  7.24391779E-01
 -9.94988700E-01  1.00000000E+00  1.10108989E+00 -2.53430108E+00  4.18515195E-01  1.67286149E+01  8.06610174E-01  7.23727486E-01
 -9.70235474E-01  1.00000000E+00  1.08517300E+00 -2.53310039E+00  4.18128518E-01  1.67141047E+01  8.06701696E-01  7.23063771E-01
 -9.45482248E-01  1.00000000E+00  1.06925039E+00 -2.53203668E+00  4.17715454E-01  1.66968138E+01  8.06883927E-01  7.22269541E-01
 -9.20729022E-01  1.00000000E+00  1.05332778E+00 -2.53097348E+00  4.17299020E-01  1.66795415E+01  8.07066191E-01  7.21476149E-01
 -8.95975796E-01  1.00000000E+00  1.03763772E+00 -2.52993781E+00  4.16816389E-01  1.66576818E+01  8.07392036E-01  7.20467716E-01
 -8.71222570E-01  1.00000000E+00  1.02194766E+00 -2.52890245E+00  4.16315291E-01  1.66358521E+01  8.07717922E-01  7.19460644E-01
 -8.46469344E-01  1.00000000E+00  1.00639597E+00 -2.52759304E+00  4.15720092E-01  1.66159145E+01  8.07968180E-01  7.18543014E-01
 -8.21716118E-01  1.00000000E+00  9.90844278E-01 -2.52628455E+00  4.15096903E-01  1.65960015E+01  8.08218570E-01  7.17626495E-01
 -7.97201467E-01  1.00000000E+00  9.75498238E-01 -2.52453245E+00  4.14561088E-01  1.65714819E+01  8.08405925E-01  7.16503455E-01
 -7.72686817E-01  1.00000000E+00  9.60152198E-01 -2.52278183E+00  4.14004235E-01  1.65469996E+01  8.08593376E-01  7.15382099E-01
 -7.49503432E-01  1.00000000E+00  9.45983654E-01 -2.52195215E+00  4.13401500E-01  1.65238227E+01  8.09035735E-01  7.14308497E-01
 -7.26320047E-01  1.00000000E+00  9.31815110E-01 -2.52112240E+00  4.12782609E-01  1.65006802E+01  8.09478165E-01  7.13236456E-01
 -7.04527831E-01  1.00000000E+00  9.18760382E-01 -2.51923801E+00  4.12102691E-01  1.64747495E+01  8.09731576E-01  7.12046271E-01
 -6.82735615E-01  1.00000000E+00  9.05705654E-01 -2.51735547E+00  4.11441393E-01  1.64488606E+01  8.09985194E-01  7.10857973E-01
 -6.62251087E-01  1.00000000E+00  8.93474261E-01 -2.51501833E+00  4.10925896E-01  1.64252634E+01  8.09950708E-01  7.09786939E-01
 -6.41766559E-01  1.00000000E+00  8.81242867E-01 -2.51268376E+00  4.10417614E-01  1.64017003E+01  8.09916435E-01  7.08717448E-01
 -6.22511254E-01  1.00000000E+00  8.70199032E-01 -2.51114636E+00  4.09845944E-01  1.63769557E+01  8.10182215E-01  7.07580613E-01
 -6.03255949E-01  1.00000000E+00  8.59155197E-01 -2.50961004E+00  4.09292611E-01  1.63522497E+01  8.10448066E-01  7.06445528E-01
 -5.85156097E-01  1.00000000E+00  8.49023457E-01 -2.50756853E+00  4.08742669E-01  1.63263743E+01  8.10588611E-01  7.05262986E-01
 -5.67056245E-01  1.00000000E+00  8.38891717E-01 -2.50552906E+00  4.08226727E-01  1.63005407E+01  8.10729290E-01  7.04082337E-01
 -5.50042515E-01  1.00000000E+00  8.29571703E-01 -2.50424433E+00  4.07833324E-01  1.62825960E+01  8.10850528E-01  7.03261158E-01
 -5.33028786E-01  1.00000000E+00  8.20251688E-01 -2.50296038E+00  4.07405717E-01  1.62646716E+01  8.10971798E-01  7.02440899E-01
 -5.17036006E-01  1.00000000E+00  8.12050697E-01 -2.50401494E+00  4.06944078E-01  1.62518541E+01  8.11753951E-01  7.01822733E-01
 -5.01043227E-01  1.00000000E+00  8.03849706E-01 -2.50506839E+00  4.06421110E-01  1.62390494E+01  8.12536572E-01  7.01205128E-01
 -4.86010125E-01  1.00000000E+00  7.96158718E-01 -2.50192030E+00  4.06010707E-01  1.62198085E+01  8.12126513E-01  7.00349179E-01
 -4.70977023E-01  1.00000000E+00  7.88467730E-01 -2.49877596E+00  4.05784059E-01  1.62005904E+01  8.11717097E-01  6.99494239E-01
 -4.56846016E-01  1.00000000E+00  7.81819835E-01 -2.49931493E+00  4.05504358E-01  1.61922186E+01  8.12095946E-01  6.99096484E-01
 -4.42715008E-01  1.00000000E+00  7.75171940E-01 -2.49985333E+00  4.05299360E-01  1.61838522E+01  8.12474879E-01  6.98698967E-01
 -4.29431964E-01  1.00000000E+00  7.69189940E-01 -2.49966201E+00  4.05213315E-01  1.61814443E+01  8.12530943E-01  6.98586969E-01
 -4.16148920E-01  1.00000000E+00  7.63207940E-01 -2.49947072E+00  4.05138899E-01  1.61790367E+01  8.12587019E-01  6.98474986E-01
 -4.03662954E-01  1.00000000E+00  7.57952354E-01 -2.49796485E+00  4.04968308E-01  1.61740180E+01  8.12263143E-01  6.98261585E-01
 -3.91176988E-01  1.00000000E+00  7.52696767E-01 -2.49645956E+00  4.04995621E-01  1.61690011E+01  8.11939470E-01  6.98048254E-01
 -3.79440270E-01  1.00000000E+00  7.48098586E-01 -2.49752215E+00  4.05096819E-01  1.61718716E+01  8.12142296E-01  6.98169512E-01
 -3.67703552E-01  1.00000000E+00  7.43500405E-01 -2.49858497E+00  4.05247802E-01  1.61747427E+01  8.12345227E-01  6.98290794E-01
 -3.56671122E-01  1.00000000E+00  7.39657160E-01 -2.49958288E+00  4.05566588E-01  1.61855146E+01  8.12286357E-01  6.98783102E-01
 -3.45638692E-01  1.00000000E+00  7.35813916E-01 -2.50058130E+00  4.05816498E-01  1.61962937E+01  8.12227553E-01  6.99275736E-01
 -3.35268287E-01  1.00000000E+00  7.32598709E-01 -2.50119738E+00  4.05922893E-01  1.62074592E+01  8.12106429E-01  6.99788761E-01
 -3.24897882E-01  1.00000000E+00  7.29383503E-01 -2.50181359E+00  4.06250415E-01  1.62186326E+01  8.11985302E-01  7.00302150E-01
 -3.15149775E-01  1.00000000E+00  7.26740633E-01 -2.50327658E+00  4.06709622E-01  1.62365396E+01  8.11942337E-01  7.01118058E-01
 -3.05401669E-01  1.00000000E+00  7.24097764E-01 -2.50474057E+00  4.07183211E-01  1.62544668E+01  8.11899410E-01  7.01934880E-01
 -2.96238520E-01  1.00000000E+00  7.21957214E-01 -2.50486584E+00  4.07650736E-01  1.62799536E+01  8.11100362E-01  7.03129691E-01
 -2.87075371E-01  1.00000000E+00  7.19816664E-01 -2.50498981E+00  4.08394088E-01  1.63054843E+01  8.10301672E-01  7.04326485E-01
 -2.78462077E-01  1.00000000E+00  7.18365358E-01 -2.50738109E+00  4.09299642E-01  1.63357772E+01  8.10063818E-01  7.05714247E-01
 -2.69848783E-01  1.00000000E+00  7.16914053E-01 -2.50977533E+00  4.10206905E-01  1.63661276E+01  8.09826275E-01  7.07104604E-01
 -2.61752348E-01  1.00000000E+00  7.16039540E-01 -2.51346577E+00  4.10979770E-01  1.64036836E+01  8.09839933E-01  7.08811075E-01
 -2.53655913E-01  1.00000000E+00  7.15165027E-01 -2.51716269E+00  4.11880693E-01  1.64413266E+01  8.09854165E-01  7.10521475E-01
 -2.46045323E-01  1.00000000E+00  7.14762818E-01 -2.51813100E+00  4.12953618E-01  1.64832723E+01  8.08854842E-01  7.12473519E-01
 -2.38434732E-01  1.00000000E+00  7.14360609E-01 -2.51909764E+00  4.14049566E-01  1.65253329E+01  8.07855950E-01  7.14430772E-01
 -2.31280830E-01  1.00000000E+00  7.14477889E-01 -2.52155227E+00  4.15105193E-01  1.65692741E+01  8.07334271E-01  7.16451810E-01
 -2.24126928E-01  1.00000000E+00  7.14595169E-01 -2.52400930E+00  4.16283269E-01  1.66133366E+01  8.06812711E-01  7.18478360E-01
 -2.17402314E-01  1.00000000E+00  7.15248045E-01 -2.52976521E+00  4.17484419E-01  1.66663343E+01  8.06985299E-01  7.20879498E-01
 -2.10677699E-01  1.00000000E+00  7.15900920E-01 -2.53553629E+00  4.18715979E-01  1.67195017E+01  8.07159484E-01  7.23288284E-01
 -2.04351753E-01  1.00000000E+00  7.17065251E-01 -2.53927765E+00  4.20152344E-01  1.67806343E+01  8.06441572E-01  7.26099667E-01
 -1.98025807E-01  1.00000000E+00  7.18229582E-01 -2.54302569E+00  4.21597328E-01  1.68419977E+01  8.05724324E-01  7.28921517E-01
 -1.91837501E-01  1.00000000E+00  7.19895199E-01 -2.54776103E+00  4.23180865E-01  1.69073496E+01  8.05290557E-01  7.31911773E-01
 -1.85649194E-01  1.00000000E+00  7.21560816E-01 -2.55250704E+00  4.24809269E-01  1.69729611E+01  8.04857396E-01  7.34913806E-01
 -1.79460888E-01  1.00000000E+00  7.23840450E-01 -2.55458833E+00  4.26756723E-01  1.70532589E+01  8.03085020E-01  7.38644266E-01
 -1.73272582E-01  1.00000000E+00  7.26120085E-01 -2.55666503E+00  4.28810376E-01  1.71339629E+01  8.01314009E-01  7.42393130E-01
 -1.67084275E-01  1.00000000E+00  7.29344097E-01 -2.56537876E+00  4.30907493E-01  1.72228064E+01  8.01419229E-01  7.46426689E-01
 -1.60895969E-01  1.00000000E+00  7.32568109E-01 -2.57412758E+00  4.33094620E-01  1.73121143E+01  8.01527536E-01  7.50481218E-01
 -1.54707662E-01  1.00000000E+00  7.36620583E-01 -2.57928484E+00  4.35783169E-01  1.74222679E+01  7.99845959E-01  7.55564633E-01
 -1.48519356E-01  1.00000000E+00  7.40673057E-01 -2.58445116E+00  4.38466704E-01  1.75331536E+01  7.98166154E-01  7.60681248E-01
 -1.42331049E-01  1.00000000E+00  7.46202788E-01 -2.59620481E+00  4.41615051E-01  1.76589572E+01  7.98130011E-01  7.66401234E-01
 -1.36142743E-01  1.00000000E+00  7.51732519E-01 -2.60802250E+00  4.44825129E-01  1.77856720E+01  7.98099422E-01  7.72162391E-01
 -1.29954436E-01  1.00000000E+00  7.58511789E-01 -2.61376628E+00  4.47828697E-01  1.79252969E+01  7.96006564E-01  7.78604107E-01
 -1.23766130E-01  1.00000000E+00  7.65291059E-01 -2.61951423E+00  4.51413728E-01  1.80660726E+01  7.93914793E-01  7.85098082E-01
 -1.17577823E-01  1.00000000E+00  7.73987599E-01 -2.63241599E+00  4.55479348E-01  1.82359842E+01  7.93067797E-01  7.92859838E-01
 -1.11389517E-01  1.00000000E+00  7.82684139E-01 -2.64539590E+00  4.59745868E-01  1.84075235E+01  7.92226337E-01  8.00695325E-01
 -1.05201210E-01  1.00000000E+00  7.94263968E-01 -2.65993593E+00  4.65145916E-01  1.86211146E+01  7.90607392E-01  8.10477600E-01
 -9.90129037E-02  1.00000000E+00  8.05843798E-01 -2.67457506E+00  4.70538450E-01  1.88372416E+01  7.88996375E-01  8.20374783E-01
 -9.28245972E-02  1.00000000E+00  8.20618973E-01 -2.68568120E+00  4.76606725E-01  1.90758576E+01  7.85907376E-01  8.31361375E-01
 -8.66362908E-02  1.00000000E+00  8.35394148E-01 -2.69682607E+00  4.82518816E-01  1.93176198E+01  7.82823503E-01  8.42490740E-01
 -8.04479843E-02  1.00000000E+00  8.55796783E-01 -2.71319403E+00  4.88700566E-01  1.95686181E+01  7.81491799E-01  8.53960288E-01
 -7.42596778E-02  1.00000000E+00  8.76199418E-01 -2.72967356E+00  4.95581240E-01  1.98229557E+01  7.80163239E-01  8.65581476E-01
 -6.80713713E-02  1.00000000E+00  8.99130972E-01 -2.72363836E+00  5.04514742E-01  2.01226047E+01  7.71038243E-01  8.79616656E-01
 -6.18830648E-02  1.00000000E+00  9.22062525E-01 -2.71730904E+00  5.12385723E-01  2.04273620E+01  7.61957886E-01  8.93882007E-01
 -5.56947583E-02  1.00000000E+00  9.66758166E-01 -2.94409052E+00  5.19306560E-01  2.08443981E+01  8.13484421E-01  9.10496075E-01
 -4.95064519E-02  1.00000000E+00  1.01145381E+00 -3.17816822E+00  5.19674306E-01  2.12789885E+01  8.69355392E-01  9.27710597E-01
 -4.33181454E-02  1.00000000E+00  1.07192377E+00 -2.43109116E+00  4.97050224E-01  1.85949484E+01  7.44860204E-01  8.11367646E-01
 -3.71298389E-02  1.00000000E+00  1.13239373E+00 -1.79336441E+00  4.82971922E-01  1.62915885E+01  6.58237136E-01  7.10606882E-01
 -3.09415324E-02  1.00000000E+00  1.20118671E+00 -2.29539968E+00  4.11619290E-01  1.38617065E+01  8.82479930E-01  5.89964844E-01
 -2.47532259E-02  1.00000000E+00  1.26997969E+00 -2.73456504E+00  2.80523618E-01  1.19792002E+01  1.16345766E+00  4.91624662E-01
 -1.85649194E-02  1.00000000E+00  2.42686110E+00 -5.40160998E+00  2.52914293E-01  1.34887211E+01  2.62276822E+00  4.93906951E-01
 -1.23766130E-02  1.00000000E+00  3.58374250E+00 -9.35097380E+00  3.55313568E-01  1.72191581E+01  5.42375246E+00  5.36154802E-01
 -6.18830648E-03  1.00000000E+00  1.65922869E+00  2.40678694E+00  1.36175759E+00  7.99596113E+00  1.80715633E+00  2.81309309E-01
  0.00000000E+00  1.00000000E+00 -2.65285130E-01  4.59290249E+01  8.88632222E+00  5.45859890E+01  3.88756933E+01  7.14104352E-01
