# curve 5 (die wall), step =      100, time =   4.00000000E+01
# N1 = tau_xx - tau_yy = G ( c_xx - c_yy ),  G =  4.5455E-02  (polymer part only)
#              x               y        pressure            c_xy        gammadot            c_xx            c_yy              N1
 -3.00000000E+00  1.00000000E+00  2.42057379E+00 -2.55859262E+00  4.23665589E-01  1.71195746E+01  8.02493867E-01  7.41685490E-01
 -2.97524677E+00  1.00000000E+00  2.40431541E+00 -2.55869382E+00  4.23685579E-01  1.71190765E+01  8.02537814E-01  7.41660851E-01
 -2.95049355E+00  1.00000000E+00  2.38805702E+00 -2.55879500E+00  4.23697528E-01  1.71185785E+01  8.02581763E-01  7.41636214E-01
 -2.92574032E+00  1.00000000E+00  2.37181622E+00 -2.55897367E+00  4.23696558E-01  1.71200363E+01  8.02603395E-01  7.41701498E-01
 -2.90098710E+00  1.00000000E+00  2.35557542E+00 -2.55915235E+00  4.23682483E-01  1.71214944E+01  8.02625028E-01  7.41766788E-01
 -2.87623387E+00  1.00000000E+00  2.33936082E+00 -2.55928650E+00  4.23664336E-01  1.71259471E+01  8.02567628E-01  7.41971792E-01
 -2.85148064E+00  1.00000000E+00  2.32314622E+00 -2.55942064E+00  4.23637122E-01  1.71304010E+01  8.02510223E-01  7.42176853E-01
 -2.82672742E+00  1.00000000E+00  2.30688137E+00 -2.55863470E+00  4.23639845E-01  1.71257755E+01  8.02405589E-01  7.41971358E-01
 -2.80197419E+00  1.00000000E+00  2.29061652E+00 -2.55784898E+00  4.23654996E-01  1.71211512E+01  8.02300996E-01  7.41765917E-01
 -2.77722097E+00  1.00000000E+00  2.27432656E+00 -2.55821201E+00  4.23674520E-01  1.71198396E+01  8.02414148E-01  7.41701156E-01
 -2.75246774E+00  1.00000000E+00  2.25803660E+00 -2.55857499E+00  4.23686785E-01  1.71185282E+01  8.02527316E-01  7.41636402E-01
 -2.72771451E+00  1.00000000E+00  2.24187894E+00 -2.55899573E+00  4.23672199E-01  1.71195553E+01  8.02638980E-01  7.41678014E-01
 -2.70296129E+00  1.00000000E+00  2.22572129E+00 -2.55941651E+00  4.23635016E-01  1.71205825E+01  8.02750661E-01  7.41719629E-01
 -2.67820806E+00  1.00000000E+00  2.20943044E+00 -2.55874477E+00  4.23627211E-01  1.71195012E+01  8.02564449E-01  7.41678942E-01
 -2.65345484E+00  1.00000000E+00  2.19313960E+00 -2.55807310E+00  4.23646409E-01  1.71184200E+01  8.02378285E-01  7.41638261E-01
 -2.62870161E+00  1.00000000E+00  2.17690340E+00 -2.55839253E+00  4.23664958E-01  1.71178499E+01  8.02476708E-01  7.41607870E-01
 -2.60394839E+00  1.00000000E+00  2.16066720E+00 -2.55871195E+00  4.23672821E-01  1.71172798E+01  8.02575144E-01  7.41577483E-01
 -2.57919516E+00  1.00000000E+00  2.14445137E+00 -2.55891350E+00  4.23678338E-01  1.71183113E+01  8.02626084E-01  7.41622055E-01
 -2.55444193E+00  1.00000000E+00  2.12823554E+00 -2.55911508E+00  4.23657508E-01  1.71193429E+01  8.02677027E-01  7.41666630E-01
 -2.52968871E+00  1.00000000E+00  2.11201345E+00 -2.55938145E+00  4.23629625E-01  1.71224940E+01  8.02697070E-01  7.41808951E-01
 -2.50493548E+00  1.00000000E+00  2.09579137E+00 -2.55964784E+00  4.23592617E-01  1.71256457E+01  8.02717112E-01  7.41951298E-01
 -2.48018226E+00  1.00000000E+00  2.07948912E+00 -2.55878497E+00  4.23610360E-01  1.71217446E+01  8.02547683E-01  7.41781676E-01
 -2.45542903E+00  1.00000000E+00  2.06318688E+00 -2.55792233E+00  4.23644923E-01  1.71178444E+01  8.02378312E-01  7.41612094E-01
 -2.43067580E+00  1.00000000E+00  2.04693511E+00 -2.55825537E+00  4.23678330E-01  1.71174037E+01  8.02465563E-01  7.41588096E-01
 -2.40592258E+00  1.00000000E+00  2.03068334E+00 -2.55858840E+00  4.23701484E-01  1.71169630E+01  8.02552827E-01  7.41564100E-01
 -2.38116935E+00  1.00000000E+00  2.01449816E+00 -2.55897536E+00  4.23685664E-01  1.71180014E+01  8.02660825E-01  7.41606391E-01
 -2.35641613E+00  1.00000000E+00  1.99831298E+00 -2.55936235E+00  4.23647915E-01  1.71190399E+01  8.02768840E-01  7.41648685E-01
 -2.33166290E+00  1.00000000E+00  1.98204653E+00 -2.55893631E+00  4.23643690E-01  1.71197285E+01  8.02621470E-01  7.41686683E-01
 -2.30690967E+00  1.00000000E+00  1.96578008E+00 -2.55851026E+00  4.23657477E-01  1.71204172E+01  8.02474124E-01  7.41724685E-01
 -2.28215645E+00  1.00000000E+00  1.94950029E+00 -2.55840809E+00  4.23677136E-01  1.71198389E+01  8.02441730E-01  7.41699870E-01
 -2.25740322E+00  1.00000000E+00  1.93322050E+00 -2.55830593E+00  4.23700475E-01  1.71192606E+01  8.02409338E-01  7.41675057E-01
 -2.23265000E+00  1.00000000E+00  1.91702767E+00 -2.55924375E+00  4.23690523E-01  1.71226856E+01  8.02622678E-01  7.41821044E-01
 -2.20789677E+00  1.00000000E+00  1.90083483E+00 -2.56018182E+00  4.23639783E-01  1.71261115E+01  8.02836094E-01  7.41967062E-01
 -2.18314354E+00  1.00000000E+00  1.88457274E+00 -2.55947474E+00  4.23621523E-01  1.71224539E+01  8.02713644E-01  7.41806374E-01
 -2.15839032E+00  1.00000000E+00  1.86831065E+00 -2.55876782E+00  4.23628334E-01  1.71187971E+01  8.02591230E-01  7.41645720E-01
 -2.13363709E+00  1.00000000E+00  1.85206863E+00 -2.55865167E+00  4.23647221E-01  1.71180260E+01  8.02565802E-01  7.41611826E-01
 -2.10888387E+00  1.00000000E+00  1.83582661E+00 -2.55853553E+00  4.23670276E-01  1.71172549E+01  8.02540375E-01  7.41577933E-01
 -2.08413064E+00  1.00000000E+00  1.81954971E+00 -2.55865222E+00  4.23691440E-01  1.71169768E+01  8.02569963E-01  7.41563948E-01
 -2.05937741E+00  1.00000000E+00  1.80327281E+00 -2.55876890E+00  4.23697133E-01  1.71166988E+01  8.02599552E-01  7.41549964E-01
 -2.03462419E+00  1.00000000E+00  1.78706138E+00 -2.55866178E+00  4.23689819E-01  1.71178479E+01  8.02556458E-01  7.41604156E-01
 -2.00987096E+00  1.00000000E+00  1.77084995E+00 -2.55855465E+00  4.23680227E-01  1.71189971E+01  8.02513366E-01  7.41658354E-01
 -1.98511774E+00  1.00000000E+00  1.75455104E+00 -2.55854900E+00  4.23686400E-01  1.71185062E+01  8.02514721E-01  7.41635977E-01
 -1.96036451E+00  1.00000000E+00  1.73825212E+00 -2.55854335E+00  4.23692474E-01  1.71180153E+01  8.02516077E-01  7.41613600E-01
 -1.93561128E+00  1.00000000E+00  1.72210137E+00 -2.55935870E+00  4.23666545E-01  1.71210935E+01  8.02700140E-01  7.41745150E-01
 -1.91085806E+00  1.00000000E+00  1.70595062E+00 -2.56017423E+00  4.23617803E-01  1.71241722E+01  8.02884261E-01  7.41876725E-01
 -1.88610483E+00  1.00000000E+00  1.68959341E+00 -2.55885148E+00  4.23607645E-01  1.71220892E+01  8.02527303E-01  7.41798268E-01
 -1.86135161E+00  1.00000000E+00  1.67323619E+00 -2.55752902E+00  4.23633317E-01  1.71200068E+01  8.02170528E-01  7.41719829E-01
 -1.83659838E+00  1.00000000E+00  1.65701017E+00 -2.55852258E+00  4.23657844E-01  1.71185290E+01  8.02508598E-01  7.41637293E-01
 -1.81184516E+00  1.00000000E+00  1.64078415E+00 -2.55951608E+00  4.23647542E-01  1.71170519E+01  8.02846798E-01  7.41554778E-01
 -1.78709193E+00  1.00000000E+00  1.62461673E+00 -2.55961996E+00  4.23592846E-01  1.71217886E+01  8.02788666E-01  7.41772726E-01
 -1.76233870E+00  1.00000000E+00  1.60844932E+00 -2.55972379E+00  4.23523057E-01  1.71265268E+01  8.02730527E-01  7.41990739E-01
 -1.73758548E+00  1.00000000E+00  1.59210279E+00 -2.55908704E+00  4.23520284E-01  1.71239130E+01  8.02598653E-01  7.41877927E-01
 -1.71283225E+00  1.00000000E+00  1.57575627E+00 -2.55845042E+00  4.23521951E-01  1.71212997E+01  8.02466811E-01  7.41765132E-01
 -1.68807903E+00  1.00000000E+00  1.55945938E+00 -2.55838228E+00  4.23508320E-01  1.71184439E+01  8.02510599E-01  7.41633330E-01
 -1.66332580E+00  1.00000000E+00  1.54316248E+00 -2.55831413E+00  4.23500515E-01  1.71155885E+01  8.02554386E-01  7.41501551E-01
 -1.63857257E+00  1.00000000E+00  1.52696863E+00 -2.55847072E+00  4.23493873E-01  1.71155174E+01  8.02609733E-01  7.41495802E-01
 -1.61381935E+00  1.00000000E+00  1.51077477E+00 -2.55862732E+00  4.23457296E-01  1.71154462E+01  8.02665084E-01  7.41490052E-01
 -1.58906612E+00  1.00000000E+00  1.49442438E+00 -2.55810227E+00  4.23420504E-01  1.71117678E+01  8.02588878E-01  7.41326313E-01
 -1.56431290E+00  1.00000000E+00  1.47807400E+00 -2.55757733E+00  4.23402609E-01  1.71080901E+01  8.02512687E-01  7.41162610E-01
 -1.53955967E+00  1.00000000E+00  1.46188357E+00 -2.55786234E+00  4.23369943E-01  1.71056415E+01  8.02660609E-01  7.41044585E-01
 -1.51480644E+00  1.00000000E+00  1.44569314E+00 -2.55814730E+00  4.23328633E-01  1.71031934E+01  8.02808549E-01  7.40926582E-01
 -1.49005322E+00  1.00000000E+00  1.42944761E+00 -2.55836156E+00  4.23263865E-01  1.71026298E+01  8.02921688E-01  7.40895824E-01
 -1.46529999E+00  1.00000000E+00  1.41320207E+00 -2.55857583E+00  4.23157832E-01  1.71020663E+01  8.03034841E-01  7.40865067E-01
 -1.44054677E+00  1.00000000E+00  1.39694681E+00 -2.55872830E+00  4.23048325E-01  1.71038010E+01  8.03083715E-01  7.40941696E-01
 -1.41579354E+00  1.00000000E+00  1.38069156E+00 -2.55888078E+00  4.22909019E-01  1.71055359E+01  8.03132593E-01  7.41018334E-01
 -1.39104031E+00  1.00000000E+00  1.36440294E+00 -2.55757892E+00  4.22803323E-01  1.70957991E+01  8.03005893E-01  7.40581509E-01
 -1.36628709E+00  1.00000000E+00  1.34811432E+00 -2.55627775E+00  4.22733260E-01  1.70860678E+01  8.02879283E-01  7.40144931E-01
 -1.34153386E+00  1.00000000E+00  1.33182628E+00 -2.55618867E+00  4.22645857E-01  1.70800022E+01  8.02992994E-01  7.39864056E-01
 -1.31678064E+00  1.00000000E+00  1.31553824E+00 -2.55609951E+00  4.22548250E-01  1.70739390E+01  8.03106700E-01  7.39583287E-01
 -1.29202741E+00  1.00000000E+00  1.29935821E+00 -2.55592888E+00  4.22410966E-01  1.70701217E+01  8.03176324E-01  7.39406607E-01
 -1.26727418E+00  1.00000000E+00  1.28317819E+00 -2.55575826E+00  4.22247446E-01  1.70663052E+01  8.03245953E-01  7.39229967E-01
 -1.24252096E+00  1.00000000E+00  1.26698345E+00 -2.55589356E+00  4.22075767E-01  1.70620857E+01  8.03429748E-01  7.39029817E-01
 -1.21776773E+00  1.00000000E+00  1.25078870E+00 -2.55602879E+00  4.21868154E-01  1.70578674E+01  8.03613566E-01  7.38829721E-01
 -1.19301451E+00  1.00000000E+00  1.23454758E+00 -2.55463679E+00  4.21659033E-01  1.70450045E+01  8.03564061E-01  7.38247294E-01
 -1.16826128E+00  1.00000000E+00  1.21830647E+00 -2.55324565E+00  4.21474836E-01  1.70321514E+01  8.03514645E-01  7.37665305E-01
 -1.14350806E+00  1.00000000E+00  1.20215993E+00 -2.55276022E+00  4.21241138E-01  1.70234268E+01  8.03612816E-01  7.37264271E-01
 -1.11875483E+00  1.00000000E+00  1.18601339E+00 -2.55227488E+00  4.20995664E-01  1.70147068E+01  8.03710992E-01  7.36863447E-01
 -1.09400160E+00  1.00000000E+00  1.16986131E+00 -2.55160186E+00  4.20737933E-01  1.70026929E+01  8.03855710E-01  7.36310783E-01
 -1.06924838E+00  1.00000000E+00  1.15370923E+00 -2.55092904E+00  4.20468798E-01  1.69906878E+01  8.04000443E-01  7.35758517E-01
 -1.04449515E+00  1.00000000E+00  1.13766793E+00 -2.55024289E+00  4.20143898E-01  1.69763813E+01  8.04212379E-01  7.35098586E-01
 -1.01974193E+00  1.00000000E+00  1.12162662E+00 -2.54955689E+00  4.19794888E-01  1.69620873E+01  8.04424338E-01  7.34439227E-01
 -9.94988700E-01  1.00000000E+00  1.10565463E+00 -2.54821839E+00  4.19391920E-01  1.69466060E+01  8.04505294E-01  7.33731849E-01
 -9.70235474E-01  1.00000000E+00  1.08968263E+00 -2.54688080E+00  4.18994540E-01  1.69311389E+01  8.04586347E-01  7.33025118E-01
 -9.45482248E-01  1.00000000E+00  1.07371075E+00 -2.54575376E+00  4.18568771E-01  1.69130372E+01  8.04776095E-01  7.32193685E-01
 -9.20729022E-01  1.00000000E+00  1.05773887E+00 -2.54462731E+00  4.18138034E-01  1.68949554E+01  8.04965886E-01  7.31363158E-01
 -8.95975796E-01  1.00000000E+00  1.04199919E+00 -2.54338626E+00  4.17641388E-01  1.68720529E+01  8.05269257E-01  7.30308348E-01
 -8.71222570E-01  1.00000000E+00  1.02625950E+00 -2.54214586E+00  4.17127622E-01  1.68491827E+01  8.05572698E-01  7.29255002E-01
 -8.46469344E-01  1.00000000E+00  1.01064912E+00 -2.54067766E+00  4.16517758E-01  1.68277933E+01  8.05818561E-01  7.28271579E-01
 -8.21716118E-01  1.00000000E+00  9.95038740E-01 -2.53921060E+00  4.15879686E-01  1.68064317E+01  8.06064582E-01  7.27289416E-01
 -7.97201467E-01  1.00000000E+00  9.79658807E-01 -2.53749752E+00  4.15323147E-01  1.67811488E+01  8.06299351E-01  7.26129519E-01
 -7.72686817E-01  1.00000000E+00  9.64278875E-01 -2.53578587E+00  4.14738976E-01  1.67559049E+01  8.06534235E-01  7.24971394E-01
 -7.49503432E-01  1.00000000E+00  9.50082608E-01 -2.53462857E+00  4.14109423E-01  1.67315559E+01  8.06929968E-01  7.23846632E-01
 -7.26320047E-01  1.00000000E+00  9.35886341E-01 -2.53347177E+00  4.13465923E-01  1.67072438E+01  8.07325810E-01  7.22723546E-01
 -7.04527831E-01  1.00000000E+00  9.22769222E-01 -2.53112045E+00  4.12767213E-01  1.66789511E+01  8.07516722E-01  7.21428835E-01
 -6.82735615E-01  1.00000000E+00  9.09652102E-01 -2.52877195E+00  4.12094340E-01  1.66507070E+01  8.07707954E-01  7.20136323E-01
 -6.62251087E-01  1.00000000E+00  8.97406729E-01 -2.52646026E+00  4.11559273E-01  1.66263861E+01  8.07730416E-01  7.19029804E-01
 -6.41766559E-01  1.00000000E+00  8.85161356E-01 -2.52415112E+00  4.11024016E-01  1.66021010E+01  8.07753109E-01  7.17924906E-01
 -6.22511254E-01  1.00000000E+00  8.74092286E-01 -2.52224270E+00  4.10428333E-01  1.65767422E+01  8.07961421E-01  7.16762765E-01
 -6.03255949E-01  1.00000000E+00  8.63023216E-01 -2.52033613E+00  4.09853839E-01  1.65514230E+01  8.08169914E-01  7.15602415E-01
 -5.85156097E-01  1.00000000E+00  8.52855006E-01 -2.51804111E+00  4.09289703E-01  1.65250669E+01  8.08299632E-01  7.14398512E-01
 -5.67056245E-01  1.00000000E+00  8.42686796E-01 -2.51574872E+00  4.08757123E-01  1.64987533E+01  8.08429621E-01  7.13196533E-01
 -5.50042515E-01  1.00000000E+00  8.33381745E-01 -2.51436425E+00  4.08333840E-01  1.64805591E+01  8.08579920E-01  7.12362688E-01
 -5.33028786E-01  1.00000000E+00  8.24076694E-01 -2.51298076E+00  4.07869564E-01  1.64623853E+01  8.08730318E-01  7.11529771E-01
 -5.17036006E-01  1.00000000E+00  8.15824762E-01 -2.51313454E+00  4.07389160E-01  1.64466076E+01  8.09341260E-01  7.10784832E-01
 -5.01043227E-01  1.00000000E+00  8.07572831E-01 -2.51328772E+00  4.06864974E-01  1.64308468E+01  8.09952469E-01  7.10040651E-01
 -4.86010125E-01  1.00000000E+00  7.99892950E-01 -2.51021051E+00  4.06447606E-01  1.64118811E+01  8.09632930E-01  7.09193098E-01
 -4.70977023E-01  1.00000000E+00  7.92213070E-01 -2.50713683E+00  4.06191943E-01  1.63929373E+01  8.09314038E-01  7.08346513E-01
 -4.56846016E-01  1.00000000E+00  7.85549689E-01 -2.50707625E+00  4.05896594E-01  1.63845386E+01  8.09580765E-01  7.07952629E-01
 -4.42715008E-01  1.00000000E+00  7.78886308E-01 -2.50701555E+00  4.05677731E-01  1.63761446E+01  8.09847536E-01  7.07558957E-01
 -4.29431964E-01  1.00000000E+00  7.72894541E-01 -2.50647692E+00  4.05571990E-01  1.63708470E+01  8.09892855E-01  7.07316097E-01
 -4.16148920E-01  1.00000000E+00  7.66902774E-01 -2.50593843E+00  4.05479528E-01  1.63655511E+01  8.09938205E-01  7.07073314E-01
 -4.03662954E-01  1.00000000E+00  7.61653351E-01 -2.50417224E+00  4.05301593E-01  1.63619719E+01  8.09595461E-01  7.06926203E-01
 -3.91176988E-01  1.00000000E+00  7.56403929E-01 -2.50240649E+00  4.05315917E-01  1.63583941E+01  8.09253018E-01  7.06779139E-01
 -3.79440270E-01  1.00000000E+00  7.51800182E-01 -2.50326947E+00  4.05397572E-01  1.63614503E+01  8.09497937E-01  7.06906924E-01
 -3.67703552E-01  1.00000000E+00  7.47196434E-01 -2.50413269E+00  4.05519683E-01  1.63645071E+01  8.09742937E-01  7.07034734E-01
 -3.56671122E-01  1.00000000E+00  7.43407495E-01 -2.50483699E+00  4.05801185E-01  1.63749655E+01  8.09692175E-01  7.07512425E-01
 -3.45638692E-01  1.00000000E+00  7.39618555E-01 -2.50554149E+00  4.06005239E-01  1.63854309E+01  8.09641406E-01  7.07990430E-01
 -3.35268287E-01  1.00000000E+00  7.36397605E-01 -2.50477959E+00  4.06083979E-01  1.63947858E+01  8.09276737E-01  7.08432232E-01
 -3.24897882E-01  1.00000000E+00  7.33176656E-01 -2.50401665E+00  4.06414256E-01  1.64041477E+01  8.08912152E-01  7.08874342E-01
 -3.15149775E-01  1.00000000E+00  7.30493452E-01 -2.50453669E+00  4.06883616E-01  1.64187515E+01  8.08705774E-01  7.09547532E-01
 -3.05401669E-01  1.00000000E+00  7.27810247E-01 -2.50505657E+00  4.07376923E-01  1.64333691E+01  8.08499362E-01  7.10221351E-01
 -2.96238520E-01  1.00000000E+00  7.25659448E-01 -2.50551100E+00  4.07880499E-01  1.64619039E+01  8.07838213E-01  7.11548439E-01
 -2.87075371E-01  1.00000000E+00  7.23508649E-01 -2.50596394E+00  4.08625676E-01  1.64904924E+01  8.07177141E-01  7.12877968E-01
 -2.78462077E-01  1.00000000E+00  7.22136673E-01 -2.50845532E+00  4.09497615E-01  1.65209426E+01  8.07075981E-01  7.14266665E-01
 -2.69848783E-01  1.00000000E+00  7.20764697E-01 -2.51094968E+00  4.10337997E-01  1.65514500E+01  8.06974988E-01  7.15657956E-01
 -2.61752348E-01  1.00000000E+00  7.19883883E-01 -2.51366990E+00  4.11073578E-01  1.65884722E+01  8.06845607E-01  7.17346663E-01
 -2.53655913E-01  1.00000000E+00  7.19003069E-01 -2.51639339E+00  4.11957025E-01  1.66255792E+01  8.06716247E-01  7.19039226E-01
 -2.46045323E-01  1.00000000E+00  7.18645185E-01 -2.51670876E+00  4.13000451E-01  1.66663014E+01  8.05694183E-01  7.20936693E-01
 -2.38434732E-01  1.00000000E+00  7.18287300E-01 -2.51702013E+00  4.14068783E-01  1.67071329E+01  8.04672353E-01  7.22839118E-01
 -2.31280830E-01  1.00000000E+00  7.18403372E-01 -2.51823365E+00  4.15107778E-01  1.67484637E+01  8.03978929E-01  7.24749309E-01
 -2.24126928E-01  1.00000000E+00  7.18519444E-01 -2.51944540E+00  4.16285156E-01  1.67899036E+01  8.03285364E-01  7.26664466E-01
 -2.17402314E-01  1.00000000E+00  7.19153789E-01 -2.52443885E+00  4.17502051E-01  1.68407271E+01  8.03391093E-01  7.28969816E-01
 -2.10677699E-01  1.00000000E+00  7.19788134E-01 -2.52944388E+00  4.18749530E-01  1.68917057E+01  8.03497742E-01  7.31282178E-01
 -2.04351753E-01  1.00000000E+00  7.20999103E-01 -2.53296388E+00  4.20179683E-01  1.69527952E+01  8.02853868E-01  7.34088241E-01
 -1.98025807E-01  1.00000000E+00  7.22210072E-01 -2.53648897E+00  4.21602906E-01  1.70141135E+01  8.02210197E-01  7.36904694E-01
 -1.91837501E-01  1.00000000E+00  7.23882500E-01 -2.54047138E+00  4.23168737E-01  1.70766513E+01  8.01713312E-01  7.39769909E-01
 -1.85649194E-01  1.00000000E+00  7.25554927E-01 -2.54446067E+00  4.24789726E-01  1.71394259E+01  8.01216604E-01  7.42645879E-01
 -1.79460888E-01  1.00000000E+00  7.27882643E-01 -2.54582501E+00  4.26713601E-01  1.72173824E+01  7.99435265E-01  7.46270326E-01
 -1.73272582E-01  1.00000000E+00  7.30210359E-01 -2.54718067E+00  4.28737973E-01  1.72957215E+01  7.97654919E-01  7.49912115E-01
 -1.67084275E-01  1.00000000E+00  7.33419684E-01 -2.55475009E+00  4.30815409E-01  1.73800161E+01  7.97674598E-01  7.53742794E-01
 -1.60895969E-01  1.00000000E+00  7.36629009E-01 -2.56234608E+00  4.32997606E-01  1.74647263E+01  7.97696036E-01  7.57592283E-01
 -1.54707662E-01  1.00000000E+00  7.40747250E-01 -2.56698866E+00  4.35665211E-01  1.75715777E+01  7.96098255E-01  7.62521795E-01
 -1.48519356E-01  1.00000000E+00  7.44865491E-01 -2.57163621E+00  4.38311863E-01  1.76791135E+01  7.94501464E-01  7.67482365E-01
 -1.42331049E-01  1.00000000E+00  7.50417930E-01 -2.58227763E+00  4.41429544E-01  1.77968021E+01  7.94353171E-01  7.72838588E-01
 -1.36142743E-01  1.00000000E+00  7.55970369E-01 -2.59297224E+00  4.44635335E-01  1.79152821E+01  7.94209528E-01  7.78230573E-01
 -1.29954436E-01  1.00000000E+00  7.62796019E-01 -2.59709162E+00  4.47593389E-01  1.80469889E+01  7.92061294E-01  7.84314892E-01
 -1.23766130E-01  1.00000000E+00  7.69621668E-01 -2.60120105E+00  4.51155620E-01  1.81797216E+01  7.89913114E-01  7.90445840E-01
 -1.17577823E-01  1.00000000E+00  7.78348728E-01 -2.61284626E+00  4.55197113E-01  1.83401034E+01  7.89063692E-01  7.97774534E-01
 -1.11389517E-01  1.00000000E+00  7.87075787E-01 -2.62455472E+00  4.59444411E-01  1.85019280E+01  7.88218209E-01  8.05168629E-01
 -1.05201210E-01  1.00000000E+00  7.98693829E-01 -2.63857661E+00  4.64823087E-01  1.87063234E+01  7.86773181E-01  8.14525009E-01
 -9.90129037E-02  1.00000000E+00  8.10311870E-01 -2.65269118E+00  4.70173831E-01  1.89130255E+01  7.85335355E-01  8.23985915E-01
 -9.28245972E-02  1.00000000E+00  8.25243291E-01 -2.66306278E+00  4.76165154E-01  1.91412738E+01  7.82474587E-01  8.34490872E-01
 -8.66362908E-02  1.00000000E+00  8.40174712E-01 -2.67346491E+00  4.81952932E-01  1.93723882E+01  7.79617190E-01  8.45125956E-01
 -8.04479843E-02  1.00000000E+00  8.60732237E-01 -2.68758655E+00  4.87944859E-01  1.95996660E+01  7.78285838E-01  8.55517279E-01
 -7.42596778E-02  1.00000000E+00  8.81289762E-01 -2.70178964E+00  4.94694229E-01  1.98296771E+01  7.76956244E-01  8.66032764E-01
 -6.80713713E-02  1.00000000E+00  9.04368540E-01 -2.69301490E+00  5.03540504E-01  2.01007795E+01  7.67920657E-01  8.78766310E-01
 -6.18830648E-02  1.00000000E+00  9.27447317E-01 -2.68394830E+00  5.11250979E-01  2.03761335E+01  7.58933118E-01  8.91690924E-01
 -5.56947583E-02  1.00000000E+00  9.72724660E-01 -2.90857659E+00  5.17908591E-01  2.07437517E+01  8.10477485E-01  9.06057917E-01
 -4.95064519E-02  1.00000000E+00  1.01800200E+00 -3.13982223E+00  5.18101758E-01  2.11274957E+01  8.66359931E-01  9.20960716E-01
 -4.33181454E-02  1.00000000E+00  1.08008974E+00 -2.33547444E+00  4.95298934E-01  1.82450181E+01  7.33736346E-01  7.95967350E-01
 -3.71298389E-02  1.00000000E+00  1.14217747E+00 -1.65853757E+00  4.83099054E-01  1.58055029E+01  6.45443069E-01  6.89093627E-01
 -3.09415324E-02  1.00000000E+00  1.20447928E+00 -2.08846128E+00  4.15026856E-01  1.32740914E+01  8.43956174E-01  5.65006148E-01
 -2.47532259E-02  1.00000000E+00  1.26678109E+00 -2.45348776E+00  2.85748213E-01  1.13005771E+01  1.08851560E+00  4.64184611E-01
 -1.85649194E-02  1.00000000E+00  2.42642173E+00 -5.25805590E+00  2.56065048E-01  1.31831446E+01  2.56461110E+00  4.82660612E-01
 -1.23766130E-02  1.00000000E+00  3.58606237E+00 -9.59471273E+00  3.56796137E-01  1.76222545E+01  5.56707883E+00  5.47962529E-01
 -6.18830648E-03  1.00000000E+00  1.66169903E+00  2.39066028E+00  1.36908615E+00  8.03724207E+00  1.79761861E+00  2.83619248E-01
  0.00000000E+00  1.00000000E+00 -2.62664305E-01  4.60585453E+01  8.91441924E+00  5.47697718E+01  3.89631493E+01  7.18482839E-01
