# curve 5 (die wall), step =      241, time =   9.64000000E+01
# N1 = tau_xx - tau_yy = G ( c_xx - c_yy ),  G =  1.1111E-02  (polymer part only)
#              x               y        pressure            c_xy        gammadot            c_xx            c_yy              N1
 -3.00000000E+00  1.00000000E+00  2.51102186E+00 -1.72658835E+00  4.03282417E-01  8.63452672E+00  7.56820932E-01  8.75300643E-02
 -2.97524677E+00  1.00000000E+00  2.49210524E+00 -1.72652860E+00  4.03284601E-01  8.63414824E+00  7.56821914E-01  8.75258481E-02
 -2.95049355E+00  1.00000000E+00  2.47318862E+00 -1.72646887E+00  4.03286076E-01  8.63376978E+00  7.56822897E-01  8.75216320E-02
 -2.92574032E+00  1.00000000E+00  2.45427050E+00 -1.72653357E+00  4.03286453E-01  8.63428688E+00  7.56821571E-01  8.75273923E-02
 -2.90098710E+00  1.00000000E+00  2.43535238E+00 -1.72659829E+00  4.03285611E-01  8.63480402E+00  7.56820246E-01  8.75331531E-02
 -2.87623387E+00  1.00000000E+00  2.41643425E+00 -1.72673318E+00  4.03284546E-01  8.63618133E+00  7.56804659E-01  8.75486297E-02
 -2.85148064E+00  1.00000000E+00  2.39751612E+00 -1.72686809E+00  4.03282949E-01  8.63755886E+00  7.56789074E-01  8.75641088E-02
 -2.82672742E+00  1.00000000E+00  2.37859698E+00 -1.72667545E+00  4.03282871E-01  8.63615732E+00  7.56792255E-01  8.75485007E-02
 -2.80197419E+00  1.00000000E+00  2.35967785E+00 -1.72648285E+00  4.03283038E-01  8.63475601E+00  7.56795441E-01  8.75328952E-02
 -2.77722097E+00  1.00000000E+00  2.34075619E+00 -1.72649725E+00  4.03284357E-01  8.63436370E+00  7.56809743E-01  8.75283773E-02
 -2.75246774E+00  1.00000000E+00  2.32183453E+00 -1.72651165E+00  4.03285646E-01  8.63397142E+00  7.56824045E-01  8.75238597E-02
 -2.72771451E+00  1.00000000E+00  2.30291995E+00 -1.72653834E+00  4.03285132E-01  8.63427254E+00  7.56824979E-01  8.75271952E-02
 -2.70296129E+00  1.00000000E+00  2.28400537E+00 -1.72656502E+00  4.03282641E-01  8.63457368E+00  7.56825912E-01  8.75305308E-02
 -2.67820806E+00  1.00000000E+00  2.26508519E+00 -1.72655300E+00  4.03282077E-01  8.63440180E+00  7.56822328E-01  8.75286607E-02
 -2.65345484E+00  1.00000000E+00  2.24616502E+00 -1.72654097E+00  4.03283063E-01  8.63422991E+00  7.56818744E-01  8.75267908E-02
 -2.62870161E+00  1.00000000E+00  2.22724755E+00 -1.72654669E+00  4.03284338E-01  8.63407687E+00  7.56826168E-01  8.75250078E-02
 -2.60394839E+00  1.00000000E+00  2.20833008E+00 -1.72655240E+00  4.03285278E-01  8.63392383E+00  7.56833592E-01  8.75232248E-02
 -2.57919516E+00  1.00000000E+00  2.18941247E+00 -1.72653337E+00  4.03285219E-01  8.63408165E+00  7.56826902E-01  8.75250527E-02
 -2.55444193E+00  1.00000000E+00  2.17049486E+00 -1.72651433E+00  4.03283818E-01  8.63423947E+00  7.56820212E-01  8.75268807E-02
 -2.52968871E+00  1.00000000E+00  2.15157531E+00 -1.72663170E+00  4.03282429E-01  8.63529564E+00  7.56815812E-01  8.75386647E-02
 -2.50493548E+00  1.00000000E+00  2.13265576E+00 -1.72674908E+00  4.03279800E-01  8.63635193E+00  7.56811413E-01  8.75504502E-02
 -2.48018226E+00  1.00000000E+00  2.11373593E+00 -1.72660088E+00  4.03280342E-01  8.63516172E+00  7.56812032E-01  8.75372187E-02
 -2.45542903E+00  1.00000000E+00  2.09481609E+00 -1.72645269E+00  4.03281980E-01  8.63397167E+00  7.56812653E-01  8.75239891E-02
 -2.43067580E+00  1.00000000E+00  2.07589808E+00 -1.72646232E+00  4.03283937E-01  8.63374821E+00  7.56821324E-01  8.75214098E-02
 -2.40592258E+00  1.00000000E+00  2.05698007E+00 -1.72647196E+00  4.03285677E-01  8.63352475E+00  7.56829995E-01  8.75188306E-02
 -2.38116935E+00  1.00000000E+00  2.03806357E+00 -1.72646899E+00  4.03284734E-01  8.63368251E+00  7.56828683E-01  8.75205980E-02
 -2.35641613E+00  1.00000000E+00  2.01914706E+00 -1.72646602E+00  4.03281839E-01  8.63384026E+00  7.56827371E-01  8.75223655E-02
 -2.33166290E+00  1.00000000E+00  2.00022779E+00 -1.72650140E+00  4.03280863E-01  8.63409550E+00  7.56824595E-01  8.75252323E-02
 -2.30690967E+00  1.00000000E+00  1.98130852E+00 -1.72653679E+00  4.03280262E-01  8.63435075E+00  7.56821818E-01  8.75280992E-02
 -2.28215645E+00  1.00000000E+00  1.96238952E+00 -1.72653418E+00  4.03280324E-01  8.63420075E+00  7.56822148E-01  8.75264289E-02
 -2.25740322E+00  1.00000000E+00  1.94347052E+00 -1.72653157E+00  4.03281317E-01  8.63405075E+00  7.56822477E-01  8.75247586E-02
 -2.23265000E+00  1.00000000E+00  1.92455272E+00 -1.72663213E+00  4.03280391E-01  8.63501817E+00  7.56820345E-01  8.75355314E-02
 -2.20789677E+00  1.00000000E+00  1.90563491E+00 -1.72673270E+00  4.03276851E-01  8.63598570E+00  7.56818213E-01  8.75463054E-02
 -2.18314354E+00  1.00000000E+00  1.88671483E+00 -1.72659514E+00  4.03275632E-01  8.63480496E+00  7.56823989E-01  8.75331219E-02
 -2.15839032E+00  1.00000000E+00  1.86779474E+00 -1.72645759E+00  4.03275223E-01  8.63362439E+00  7.56829766E-01  8.75199403E-02
 -2.13363709E+00  1.00000000E+00  1.84887910E+00 -1.72646529E+00  4.03275200E-01  8.63353635E+00  7.56832916E-01  8.75189270E-02
 -2.10888387E+00  1.00000000E+00  1.82996347E+00 -1.72647299E+00  4.03275300E-01  8.63344831E+00  7.56836066E-01  8.75179138E-02
 -2.08413064E+00  1.00000000E+00  1.81104311E+00 -1.72647248E+00  4.03275033E-01  8.63332607E+00  7.56839631E-01  8.75165160E-02
 -2.05937741E+00  1.00000000E+00  1.79212276E+00 -1.72647198E+00  4.03273954E-01  8.63320383E+00  7.56843196E-01  8.75151181E-02
 -2.03462419E+00  1.00000000E+00  1.77320681E+00 -1.72646370E+00  4.03271396E-01  8.63343944E+00  7.56835101E-01  8.75178260E-02
 -2.00987096E+00  1.00000000E+00  1.75429085E+00 -1.72645541E+00  4.03268246E-01  8.63367507E+00  7.56827005E-01  8.75205340E-02
 -1.98511774E+00  1.00000000E+00  1.73537072E+00 -1.72646290E+00  4.03266523E-01  8.63355157E+00  7.56831794E-01  8.75191086E-02
 -1.96036451E+00  1.00000000E+00  1.71645058E+00 -1.72647038E+00  4.03265075E-01  8.63342808E+00  7.56836583E-01  8.75176833E-02
 -1.93561128E+00  1.00000000E+00  1.69753681E+00 -1.72655890E+00  4.03261628E-01  8.63427161E+00  7.56835290E-01  8.75270702E-02
 -1.91085806E+00  1.00000000E+00  1.67862304E+00 -1.72664743E+00  4.03256995E-01  8.63511523E+00  7.56833998E-01  8.75364581E-02
 -1.88610483E+00  1.00000000E+00  1.65970093E+00 -1.72658872E+00  4.03253933E-01  8.63465659E+00  7.56826056E-01  8.75314503E-02
 -1.86135161E+00  1.00000000E+00  1.64077882E+00 -1.72653001E+00  4.03251983E-01  8.63419797E+00  7.56818113E-01  8.75264428E-02
 -1.83659838E+00  1.00000000E+00  1.62186517E+00 -1.72649556E+00  4.03250416E-01  8.63371323E+00  7.56835956E-01  8.75208586E-02
 -1.81184516E+00  1.00000000E+00  1.60295152E+00 -1.72646110E+00  4.03247452E-01  8.63322852E+00  7.56853798E-01  8.75152746E-02
 -1.78709193E+00  1.00000000E+00  1.58403889E+00 -1.72659485E+00  4.03239630E-01  8.63476063E+00  7.56836393E-01  8.75324915E-02
 -1.76233870E+00  1.00000000E+00  1.56512625E+00 -1.72672861E+00  4.03229579E-01  8.63629303E+00  7.56818988E-01  8.75497115E-02
 -1.73758548E+00  1.00000000E+00  1.54620612E+00 -1.72665999E+00  4.03225353E-01  8.63557594E+00  7.56824575E-01  8.75416819E-02
 -1.71283225E+00  1.00000000E+00  1.52728599E+00 -1.72659138E+00  4.03220714E-01  8.63485892E+00  7.56830161E-01  8.75336529E-02
 -1.68807903E+00  1.00000000E+00  1.50837236E+00 -1.72658291E+00  4.03215166E-01  8.63437974E+00  7.56844298E-01  8.75281716E-02
 -1.66332580E+00  1.00000000E+00  1.48945873E+00 -1.72657444E+00  4.03209144E-01  8.63390058E+00  7.56858434E-01  8.75226905E-02
 -1.63857257E+00  1.00000000E+00  1.47055173E+00 -1.72655006E+00  4.03201454E-01  8.63393102E+00  7.56855619E-01  8.75230600E-02
 -1.61381935E+00  1.00000000E+00  1.45164473E+00 -1.72652568E+00  4.03192055E-01  8.63396146E+00  7.56852804E-01  8.75234295E-02
 -1.58906612E+00  1.00000000E+00  1.43272971E+00 -1.72645729E+00  4.03182794E-01  8.63309673E+00  7.56863497E-01  8.75137026E-02
 -1.56431290E+00  1.00000000E+00  1.41381469E+00 -1.72638891E+00  4.03174257E-01  8.63223209E+00  7.56874190E-01  8.75039767E-02
 -1.53955967E+00  1.00000000E+00  1.39491422E+00 -1.72634206E+00  4.03164208E-01  8.63169790E+00  7.56885487E-01  8.74979157E-02
 -1.51480644E+00  1.00000000E+00  1.37601375E+00 -1.72629521E+00  4.03153859E-01  8.63116375E+00  7.56896784E-01  8.74918551E-02
 -1.49005322E+00  1.00000000E+00  1.35711119E+00 -1.72629759E+00  4.03140775E-01  8.63140239E+00  7.56896823E-01  8.74945063E-02
 -1.46529999E+00  1.00000000E+00  1.33820862E+00 -1.72629997E+00  4.03124742E-01  8.63164104E+00  7.56896861E-01  8.74971575E-02
 -1.44054677E+00  1.00000000E+00  1.31930946E+00 -1.72644509E+00  4.03108310E-01  8.63299105E+00  7.56893488E-01  8.75121951E-02
 -1.41579354E+00  1.00000000E+00  1.30041030E+00 -1.72659023E+00  4.03087967E-01  8.63434128E+00  7.56890116E-01  8.75272351E-02
 -1.39104031E+00  1.00000000E+00  1.28151841E+00 -1.72635220E+00  4.03071084E-01  8.63238535E+00  7.56900445E-01  8.75053878E-02
 -1.36628709E+00  1.00000000E+00  1.26262652E+00 -1.72611421E+00  4.03056205E-01  8.63042987E+00  7.56910779E-01  8.74835454E-02
 -1.34153386E+00  1.00000000E+00  1.24374251E+00 -1.72611813E+00  4.03039128E-01  8.62980908E+00  7.56933047E-01  8.74764003E-02
 -1.31678064E+00  1.00000000E+00  1.22485850E+00 -1.72612206E+00  4.03020563E-01  8.62918833E+00  7.56955315E-01  8.74692558E-02
 -1.29202741E+00  1.00000000E+00  1.20598931E+00 -1.72614954E+00  4.02999447E-01  8.62939721E+00  7.56959572E-01  8.74715294E-02
 -1.26727418E+00  1.00000000E+00  1.18712011E+00 -1.72617703E+00  4.02976751E-01  8.62960610E+00  7.56963829E-01  8.74738030E-02
 -1.24252096E+00  1.00000000E+00  1.16825958E+00 -1.72624499E+00  4.02955724E-01  8.62988507E+00  7.56979776E-01  8.74767255E-02
 -1.21776773E+00  1.00000000E+00  1.14939905E+00 -1.72631294E+00  4.02927665E-01  8.63016405E+00  7.56995723E-01  8.74796481E-02
 -1.19301451E+00  1.00000000E+00  1.13054950E+00 -1.72609775E+00  4.02903335E-01  8.62854251E+00  7.57002165E-01  8.74615594E-02
 -1.16826128E+00  1.00000000E+00  1.11169995E+00 -1.72588260E+00  4.02884030E-01  8.62692128E+00  7.57008612E-01  8.74434741E-02
 -1.14350806E+00  1.00000000E+00  1.09287608E+00 -1.72594398E+00  4.02860858E-01  8.62688446E+00  7.57028595E-01  8.74428430E-02
 -1.11875483E+00  1.00000000E+00  1.07405220E+00 -1.72600536E+00  4.02835787E-01  8.62684765E+00  7.57048578E-01  8.74422119E-02
 -1.09400160E+00  1.00000000E+00  1.05524927E+00 -1.72593308E+00  4.02818595E-01  8.62618308E+00  7.57052163E-01  8.74347880E-02
 -1.06924838E+00  1.00000000E+00  1.03644634E+00 -1.72586081E+00  4.02801051E-01  8.62551857E+00  7.57055748E-01  8.74273647E-02
 -1.04449515E+00  1.00000000E+00  1.01767289E+00 -1.72581022E+00  4.02781661E-01  8.62489805E+00  7.57072330E-01  8.74202858E-02
 -1.01974193E+00  1.00000000E+00  9.98899448E-01 -1.72575963E+00  4.02761715E-01  8.62427757E+00  7.57088912E-01  8.74132073E-02
 -9.94988700E-01  1.00000000E+00  9.80161379E-01 -1.72577767E+00  4.02752076E-01  8.62440590E+00  7.57096175E-01  8.74145525E-02
 -9.70235474E-01  1.00000000E+00  9.61423311E-01 -1.72579571E+00  4.02747394E-01  8.62453423E+00  7.57103439E-01  8.74158977E-02
 -9.45482248E-01  1.00000000E+00  9.42723832E-01 -1.72571197E+00  4.02753649E-01  8.62432206E+00  7.57072254E-01  8.74138868E-02
 -9.20729022E-01  1.00000000E+00  9.24024354E-01 -1.72562824E+00  4.02765110E-01  8.62410990E+00  7.57041072E-01  8.74118759E-02
 -8.95975796E-01  1.00000000E+00  9.05382997E-01 -1.72562826E+00  4.02786289E-01  8.62410723E+00  7.57046255E-01  8.74117886E-02
 -8.71222570E-01  1.00000000E+00  8.86741641E-01 -1.72562828E+00  4.02812602E-01  8.62410455E+00  7.57051439E-01  8.74117013E-02
 -8.46469344E-01  1.00000000E+00  8.68157828E-01 -1.72589465E+00  4.02871567E-01  8.62611311E+00  7.57051436E-01  8.74340186E-02
 -8.21716118E-01  1.00000000E+00  8.49574015E-01 -1.72616107E+00  4.02930559E-01  8.62812214E+00  7.57051440E-01  8.74563411E-02
 -7.97201467E-01  1.00000000E+00  8.31254564E-01 -1.72637802E+00  4.03039610E-01  8.63014133E+00  7.57012028E-01  8.74792145E-02
 -7.72686817E-01  1.00000000E+00  8.12935112E-01 -1.72659502E+00  4.03150413E-01  8.63216100E+00  7.56972626E-01  8.75020931E-02
 -7.49503432E-01  1.00000000E+00  7.95690942E-01 -1.72655884E+00  4.03298683E-01  8.63476361E+00  7.56799411E-01  8.75329355E-02
 -7.26320047E-01  1.00000000E+00  7.78446771E-01 -1.72652263E+00  4.03469038E-01  8.63736713E+00  7.56626221E-01  8.75637878E-02
 -7.04527831E-01  1.00000000E+00  7.62324067E-01 -1.72718328E+00  4.03677184E-01  8.64143612E+00  7.56665846E-01  8.76085586E-02
 -6.82735615E-01  1.00000000E+00  7.46201364E-01 -1.72784422E+00  4.03903007E-01  8.64550703E+00  7.56705521E-01  8.76533501E-02
 -6.62251087E-01  1.00000000E+00  7.31147327E-01 -1.72784620E+00  4.04194376E-01  8.65064942E+00  7.56385787E-01  8.77140404E-02
 -6.41766559E-01  1.00000000E+00  7.16093290E-01 -1.72784812E+00  4.04514254E-01  8.65579530E+00  7.56066148E-01  8.77747683E-02
 -6.22511254E-01  1.00000000E+00  7.02029527E-01 -1.72818876E+00  4.04865698E-01  8.66206537E+00  7.55836598E-01  8.78469864E-02
 -6.03255949E-01  1.00000000E+00  6.87965763E-01 -1.72852952E+00  4.05253666E-01  8.66834029E+00  7.55607113E-01  8.79192575E-02
 -5.85156097E-01  1.00000000E+00  6.74848458E-01 -1.72967191E+00  4.05700887E-01  8.67722681E+00  7.55555452E-01  8.80185706E-02
 -5.67056245E-01  1.00000000E+00  6.61731153E-01 -1.73081527E+00  4.06178080E-01  8.68612253E+00  7.55503951E-01  8.81179842E-02
 -5.50042515E-01  1.00000000E+00  6.49498628E-01 -1.73133425E+00  4.06745520E-01  8.69682048E+00  7.55075536E-01  8.82416105E-02
 -5.33028786E-01  1.00000000E+00  6.37266103E-01 -1.73185352E+00  4.07336846E-01  8.70753256E+00  7.54647337E-01  8.83653914E-02
 -5.17036006E-01  1.00000000E+00  6.25888994E-01 -1.73305627E+00  4.07995785E-01  8.72070650E+00  7.54379425E-01  8.85147452E-02
 -5.01043227E-01  1.00000000E+00  6.14511885E-01 -1.73426027E+00  4.08699292E-01  8.73390100E+00  7.54111756E-01  8.86643249E-02
 -4.86010125E-01  1.00000000E+00  6.03918527E-01 -1.73556500E+00  4.09470760E-01  8.74872577E+00  7.53772540E-01  8.88328137E-02
 -4.70977023E-01  1.00000000E+00  5.93325168E-01 -1.73687127E+00  4.10308609E-01  8.76357656E+00  7.53433665E-01  8.90015877E-02
 -4.56846016E-01  1.00000000E+00  5.83456359E-01 -1.73841250E+00  4.11201804E-01  8.78172435E+00  7.53014803E-01  8.92078839E-02
 -4.42715008E-01  1.00000000E+00  5.73587549E-01 -1.73995587E+00  4.12165335E-01  8.79991110E+00  7.52596404E-01  8.94146077E-02
 -4.29431964E-01  1.00000000E+00  5.64469845E-01 -1.74146308E+00  4.13237341E-01  8.81952957E+00  7.52039969E-01  8.96387734E-02
 -4.16148920E-01  1.00000000E+00  5.55352141E-01 -1.74297251E+00  4.14372949E-01  8.83919364E+00  7.51484186E-01  8.98634384E-02
 -4.03662954E-01  1.00000000E+00  5.46873171E-01 -1.74462115E+00  4.15507455E-01  8.86174062E+00  7.50884629E-01  9.01206222E-02
 -3.91176988E-01  1.00000000E+00  5.38394200E-01 -1.74627229E+00  4.16763635E-01  8.88434779E+00  7.50285709E-01  9.03784676E-02
 -3.79440270E-01  1.00000000E+00  5.30490656E-01 -1.74879641E+00  4.18120233E-01  8.91070293E+00  7.49798624E-01  9.06767145E-02
 -3.67703552E-01  1.00000000E+00  5.22587111E-01 -1.75132592E+00  4.19547187E-01  8.93713837E+00  7.49312573E-01  9.09758422E-02
 -3.56671122E-01  1.00000000E+00  5.15372632E-01 -1.75364208E+00  4.21064394E-01  8.96603831E+00  7.48580797E-01  9.13050835E-02
 -3.45638692E-01  1.00000000E+00  5.08158153E-01 -1.75596321E+00  4.22635956E-01  8.99503534E+00  7.47850279E-01  9.16353896E-02
 -3.35268287E-01  1.00000000E+00  5.01418274E-01 -1.75870587E+00  4.24236345E-01  9.02682395E+00  7.47196352E-01  9.19958622E-02
 -3.24897882E-01  1.00000000E+00  4.94678394E-01 -1.76145501E+00  4.25982166E-01  9.05872872E+00  7.46543678E-01  9.23576116E-02
 -3.15149775E-01  1.00000000E+00  4.88531898E-01 -1.76393391E+00  4.27841379E-01  9.09132936E+00  7.45702868E-01  9.27291832E-02
 -3.05401669E-01  1.00000000E+00  4.82385403E-01 -1.76641850E+00  4.29753615E-01  9.12405223E+00  7.44863532E-01  9.31020967E-02
 -2.96238520E-01  1.00000000E+00  4.76645208E-01 -1.76900845E+00  4.31699371E-01  9.16374380E+00  7.43698276E-01  9.35560614E-02
 -2.87075371E-01  1.00000000E+00  4.70905012E-01 -1.77160476E+00  4.33882585E-01  9.20361694E+00  7.42535126E-01  9.40120201E-02
 -2.78462077E-01  1.00000000E+00  4.65708960E-01 -1.77494711E+00  4.36114115E-01  9.24445026E+00  7.41575642E-01  9.44763847E-02
 -2.69848783E-01  1.00000000E+00  4.60512908E-01 -1.77829952E+00  4.38447057E-01  9.28547120E+00  7.40618576E-01  9.49428070E-02
 -2.61752348E-01  1.00000000E+00  4.55755844E-01 -1.78254099E+00  4.40808347E-01  9.33159522E+00  7.39821952E-01  9.54641474E-02
 -2.53655913E-01  1.00000000E+00  4.50998781E-01 -1.78679726E+00  4.43300716E-01  9.37795473E+00  7.39027964E-01  9.59880752E-02
 -2.46045323E-01  1.00000000E+00  4.46677081E-01 -1.78967557E+00  4.45904924E-01  9.42523995E+00  7.37614390E-01  9.65291729E-02
 -2.38434732E-01  1.00000000E+00  4.42355381E-01 -1.79256164E+00  4.48588528E-01  9.47277650E+00  7.36203706E-01  9.70730310E-02
 -2.31280830E-01  1.00000000E+00  4.38403096E-01 -1.79583511E+00  4.51367150E-01  9.52260089E+00  7.34872332E-01  9.76414284E-02
 -2.24126928E-01  1.00000000E+00  4.34450811E-01 -1.79911817E+00  4.54254636E-01  9.57270016E+00  7.33543770E-01  9.82128488E-02
 -2.17402314E-01  1.00000000E+00  4.30860084E-01 -1.80494311E+00  4.57248171E-01  9.63052725E+00  7.32764558E-01  9.88640300E-02
 -2.10677699E-01  1.00000000E+00  4.27269357E-01 -1.81079445E+00  4.60335057E-01  9.68871069E+00  7.31989883E-01  9.95191201E-02
 -2.04351753E-01  1.00000000E+00  4.24091021E-01 -1.81496717E+00  4.63583912E-01  9.74916121E+00  7.30456290E-01  1.00207832E-01
 -1.98025807E-01  1.00000000E+00  4.20912684E-01 -1.81915548E+00  4.66900115E-01  9.81000555E+00  7.28927033E-01  1.00900872E-01
 -1.91837501E-01  1.00000000E+00  4.17952585E-01 -1.82463087E+00  4.70519776E-01  9.87497618E+00  7.27711346E-01  1.01636276E-01
 -1.85649194E-01  1.00000000E+00  4.14992485E-01 -1.83013100E+00  4.74238895E-01  9.94039028E+00  7.26500497E-01  1.02376553E-01
 -1.79460888E-01  1.00000000E+00  4.12261479E-01 -1.83261119E+00  4.78363126E-01  1.00122087E+01  7.23829669E-01  1.03204212E-01
 -1.73272582E-01  1.00000000E+00  4.09530473E-01 -1.83509445E+00  4.82625889E-01  1.00845874E+01  7.21166007E-01  1.04038016E-01
 -1.67084275E-01  1.00000000E+00  4.06946611E-01 -1.84365318E+00  4.87317433E-01  1.01721819E+01  7.20089740E-01  1.05023246E-01
 -1.60895969E-01  1.00000000E+00  4.04362750E-01 -1.85226723E+00  4.92186390E-01  1.02605521E+01  7.19022474E-01  1.06016996E-01
 -1.54707662E-01  1.00000000E+00  4.02071848E-01 -1.85712639E+00  4.97716065E-01  1.03570802E+01  7.16152894E-01  1.07121415E-01
 -1.48519356E-01  1.00000000E+00  3.99780947E-01 -1.86200547E+00  5.03420224E-01  1.04545702E+01  7.13293669E-01  1.08236406E-01
 -1.42331049E-01  1.00000000E+00  3.97999048E-01 -1.87052767E+00  5.09903463E-01  1.05654228E+01  7.11077387E-01  1.09492727E-01
 -1.36142743E-01  1.00000000E+00  3.96217149E-01 -1.87911032E+00  5.16755747E-01  1.06774889E+01  7.08874791E-01  1.10762378E-01
 -1.29954436E-01  1.00000000E+00  3.94826299E-01 -1.88656959E+00  5.24105485E-01  1.08078612E+01  7.05713865E-01  1.12246082E-01
 -1.23766130E-01  1.00000000E+00  3.93435449E-01 -1.89407286E+00  5.32021783E-01  1.09399045E+01  7.02566978E-01  1.13748195E-01
 -1.17577823E-01  1.00000000E+00  3.92319676E-01 -1.90509801E+00  5.41154817E-01  1.10995526E+01  6.99367836E-01  1.15557608E-01
 -1.11389517E-01  1.00000000E+00  3.91203902E-01 -1.91622143E+00  5.50769273E-01  1.12616156E+01  6.96191329E-01  1.17393603E-01
 -1.05201210E-01  1.00000000E+00  3.91171545E-01 -1.92833957E+00  5.62018821E-01  1.14534204E+01  6.92048758E-01  1.19570796E-01
 -9.90129037E-02  1.00000000E+00  3.91139189E-01 -1.94057795E+00  5.73825595E-01  1.16486224E+01  6.87939397E-01  1.21785367E-01
 -9.28245972E-02  1.00000000E+00  3.92252401E-01 -1.94717646E+00  5.87675204E-01  1.18700179E+01  6.81090909E-01  1.24321411E-01
 -8.66362908E-02  1.00000000E+00  3.93365614E-01 -1.95377646E+00  6.02251692E-01  1.20959316E+01  6.74289002E-01  1.26907140E-01
 -8.04479843E-02  1.00000000E+00  3.95470424E-01 -1.97507771E+00  6.20091565E-01  1.23859524E+01  6.69942509E-01  1.30177888E-01
 -7.42596778E-02  1.00000000E+00  3.97575234E-01 -1.99671793E+00  6.39355589E-01  1.26831120E+01  6.65659630E-01  1.33527249E-01
 -6.80713713E-02  1.00000000E+00  4.02427874E-01 -1.99524516E+00  6.62485612E-01  1.30320503E+01  6.52459662E-01  1.37551007E-01
 -6.18830648E-02  1.00000000E+00  4.07280514E-01 -1.99343456E+00  6.88373444E-01  1.33916875E+01  6.39409896E-01  1.41691973E-01
 -5.56947583E-02  1.00000000E+00  4.13702341E-01 -2.05392094E+00  7.20569669E-01  1.39497644E+01  6.38210152E-01  1.47906158E-01
 -4.95064519E-02  1.00000000E+00  4.20124169E-01 -2.11658627E+00  7.57635794E-01  1.45311660E+01  6.37354237E-01  1.54375686E-01
 -4.33181454E-02  1.00000000E+00  4.54283275E-01 -2.13688783E+00  8.04493985E-01  1.54210031E+01  6.15384267E-01  1.64506876E-01
 -3.71298389E-02  1.00000000E+00  4.88442381E-01 -2.15686951E+00  8.63706025E-01  1.63690108E+01  5.93917745E-01  1.75278812E-01
 -3.09415324E-02  1.00000000E+00  4.31612094E-01 -1.77929064E+00  9.53931555E-01  1.56423656E+01  5.26272436E-01  1.67956590E-01
 -2.47532259E-02  1.00000000E+00  3.74781807E-01 -1.42268266E+00  1.03364367E+00  1.49800305E+01  4.73083798E-01  1.61188297E-01
 -1.85649194E-02  1.00000000E+00  8.96332901E-01 -3.16396367E+00  1.18015878E+00  2.32601331E+01  6.79056924E-01  2.50900847E-01
 -1.23766130E-02  1.00000000E+00  1.41788399E+00 -6.04588328E+00  1.55930684E+00  3.65163658E+01  1.18197195E+00  3.92604376E-01
 -6.18830648E-03  1.00000000E+00 -2.37217833E-01  3.21943810E+00  2.50146886E+00  2.79066473E+01  6.10248196E-01  3.03293323E-01
  0.00000000E+00  1.00000000E+00 -1.89231966E+00  1.58744391E+01  4.67387494E+00  4.06361059E+01  6.36675389E+00  3.80770578E-01
