# model=oldroyd  theta_MLE: lambda=3.6418, beta=0.503586, eta_0=0.845971
# beta (max|delta|) = 0.0045549
# delta(x) = y_clean(x) - y_model(x; theta_MLE)
# columns: x  delta
5.000000000000000000e+00 -1.723145225656974588e-03
4.975166520000000148e+00 -1.723304402846181915e-03
4.950333040000000295e+00 -1.723468815407303012e-03
4.925499570000000382e+00 -1.723559875676405895e-03
4.900666089999999642e+00 -1.723628526792753135e-03
4.875832609999999789e+00 -1.723661924920794064e-03
4.850999129999999937e+00 -1.723663363421668038e-03
4.826165660000000024e+00 -1.723646946034440575e-03
4.801332180000000172e+00 -1.723619996704561785e-03
4.776498700000000319e+00 -1.723571898937459324e-03
4.751665219999999579e+00 -1.723504106108331158e-03
4.726831749999999666e+00 -1.723430874082110265e-03
4.701998269999999813e+00 -1.723344140691418502e-03
4.677164789999999961e+00 -1.723256980018517126e-03
4.652331310000000109e+00 -1.723141519167636915e-03
4.627497840000000195e+00 -1.723023873067219824e-03
4.602664360000000343e+00 -1.722892862992875251e-03
4.577830879999999603e+00 -1.722739566272224465e-03
4.552997399999999750e+00 -1.722572794176091548e-03
4.528163919999999898e+00 -1.722393496986329708e-03
4.503330449999999985e+00 -1.722192368102337667e-03
4.478496970000000132e+00 -1.721960105093511828e-03
4.453663490000000280e+00 -1.721706584643545312e-03
4.428830010000000428e+00 -1.721419637723098361e-03
4.403996539999999627e+00 -1.721109089384942337e-03
4.379163059999999774e+00 -1.720764550463327325e-03
4.354329579999999922e+00 -1.720368277610129226e-03
4.329496100000000069e+00 -1.719945747758133692e-03
4.304662630000000156e+00 -1.719461263858690359e-03
4.279829150000000304e+00 -1.718939588702728116e-03
4.254995669999999564e+00 -1.718352318818228142e-03
4.230162189999999711e+00 -1.717713746545834752e-03
4.205328709999999859e+00 -1.717007213274168720e-03
4.180495239999999946e+00 -1.716234320422449500e-03
4.155661760000000093e+00 -1.715371208361737843e-03
4.130828280000000241e+00 -1.714424241567424900e-03
4.105994800000000389e+00 -1.713403675070779286e-03
4.081161329999999587e+00 -1.712275179390765345e-03
4.056327849999999735e+00 -1.711051321563905603e-03
4.031494369999999883e+00 -1.709700198834207541e-03
4.006660890000000030e+00 -1.708234339856451456e-03
3.981827420000000117e+00 -1.706640141632354002e-03
3.956993939999999821e+00 -1.704908879870181693e-03
3.932160459999999969e+00 -1.703031123759579657e-03
3.907326980000000116e+00 -1.700996675292776317e-03
3.882493510000000203e+00 -1.698790267182115343e-03
3.857660029999999907e+00 -1.696397525984494337e-03
3.832826550000000054e+00 -1.693809483352515244e-03
3.807993070000000202e+00 -1.691013512628014581e-03
3.783159589999999906e+00 -1.688011535656563922e-03
3.758326119999999992e+00 -1.684753926375570643e-03
3.733492640000000140e+00 -1.681239314168969656e-03
3.708659159999999844e+00 -1.677474069027296011e-03
3.683825679999999991e+00 -1.673421539048813855e-03
3.658992210000000078e+00 -1.669079579845966776e-03
3.634158729999999782e+00 -1.664407107319298973e-03
3.609325249999999929e+00 -1.659395879140879160e-03
3.584491770000000077e+00 -1.654042877701655812e-03
3.559658300000000164e+00 -1.648311142292469000e-03
3.534824819999999868e+00 -1.642193828311988568e-03
3.509991340000000015e+00 -1.635637004521406368e-03
3.485157860000000163e+00 -1.628629290170380273e-03
3.460324389999999806e+00 -1.621150224343503865e-03
3.435490909999999953e+00 -1.613172735511758660e-03
3.410657430000000101e+00 -1.604663885395707368e-03
3.385823949999999805e+00 -1.595603103065501571e-03
3.360990469999999952e+00 -1.585963646376198355e-03
3.336157000000000039e+00 -1.575712867639023074e-03
3.311323520000000187e+00 -1.564818817885171853e-03
3.286490039999999890e+00 -1.553226215109004826e-03
3.261656560000000038e+00 -1.540941758841896103e-03
3.236823090000000125e+00 -1.527913666560465344e-03
3.211989609999999828e+00 -1.514084896048428774e-03
3.187156129999999976e+00 -1.499391727238341687e-03
3.162322650000000124e+00 -1.483860883017440457e-03
3.137489180000000211e+00 -1.467441909433153668e-03
3.112655699999999914e+00 -1.450089664068565654e-03
3.087822220000000062e+00 -1.431749926941172646e-03
3.062988740000000210e+00 -1.412364846518965322e-03
3.038155259999999913e+00 -1.391902813028256247e-03
3.013321790000000000e+00 -1.370365476605517330e-03
2.988488310000000148e+00 -1.347686201182307641e-03
2.963654829999999851e+00 -1.323749083387504299e-03
2.938821349999999999e+00 -1.298502473251916811e-03
2.913987880000000086e+00 -1.271977007215152611e-03
2.889154399999999789e+00 -1.244079128385200406e-03
2.864320919999999937e+00 -1.214766740037953596e-03
2.839487440000000085e+00 -1.183977877124986477e-03
2.814653970000000172e+00 -1.151667348646912004e-03
2.789820489999999875e+00 -1.117812894526171164e-03
2.764987010000000023e+00 -1.082297321178149474e-03
2.740153530000000170e+00 -1.045055222754998070e-03
2.715320059999999813e+00 -1.006093802832452866e-03
2.690486579999999961e+00 -9.653404743068527694e-04
2.665653100000000109e+00 -9.226976022651545151e-04
2.640819619999999812e+00 -8.780762195899072253e-04
2.615986139999999960e+00 -8.315279498458671981e-04
2.591152670000000047e+00 -7.830076766768279128e-04
2.566319190000000194e+00 -7.324700181345900063e-04
2.541485709999999898e+00 -6.798436105026617327e-04
2.516652230000000046e+00 -6.250407471237728885e-04
2.491818760000000132e+00 -5.680399589083062750e-04
2.466985279999999836e+00 -5.089609565014363568e-04
2.442151799999999984e+00 -4.476796005234984221e-04
2.417318320000000131e+00 -3.839886199481501450e-04
2.392484850000000218e+00 -3.178497744289465743e-04
2.367651369999999922e+00 -2.493574453317215500e-04
2.342817890000000070e+00 -1.783245089699292407e-04
2.317984410000000217e+00 -1.048617197634271747e-04
2.293150929999999921e+00 -2.901509386932232815e-05
2.268317460000000008e+00 4.928159603267978639e-05
2.243483980000000155e+00 1.300584265362392244e-04
2.218650499999999859e+00 2.132271529675655586e-04
2.193817020000000007e+00 2.988267175159098343e-04
2.168983550000000093e+00 3.870011786362148598e-04
2.144150069999999797e+00 4.776171744129698027e-04
2.119316589999999945e+00 5.705705227501134402e-04
2.094483110000000092e+00 6.660184534341695439e-04
2.069649640000000179e+00 7.637381066800674745e-04
2.044816159999999883e+00 8.635676168167183420e-04
2.019982680000000030e+00 9.656549392462743242e-04
1.995149199999999956e+00 1.070045166554400851e-03
1.970315730000000043e+00 1.176204566615046687e-03
1.945482249999999969e+00 1.283973335470811605e-03
1.920648769999999894e+00 1.393869947436954249e-03
1.895815290000000042e+00 1.506035031348718078e-03
1.870981809999999967e+00 1.619751844112782280e-03
1.846148340000000054e+00 1.734572325735816989e-03
1.821314859999999980e+00 1.850513287466881707e-03
1.796481379999999906e+00 1.967457705153607961e-03
1.771647900000000053e+00 2.085638775024323266e-03
1.746814429999999918e+00 2.204853726691435867e-03
1.721980950000000066e+00 2.324263693030959033e-03
1.697147469999999991e+00 2.443687970991925695e-03
1.672313989999999917e+00 2.563297883604098715e-03
1.647480520000000004e+00 2.682619442496925188e-03
1.622647039999999929e+00 2.801529484871778664e-03
1.597813560000000077e+00 2.920057875093862165e-03
1.572980080000000003e+00 3.037091311514972247e-03
1.548146610000000090e+00 3.151937690014428028e-03
1.523313130000000015e+00 3.264613631708268571e-03
1.498479649999999941e+00 3.374798381867716301e-03
1.473646170000000089e+00 3.483892454047454734e-03
1.448812690000000014e+00 3.591055495069772618e-03
1.423979220000000101e+00 3.693035527185362099e-03
1.399145740000000027e+00 3.790388476220485359e-03
1.374312259999999952e+00 3.885505721211490737e-03
1.349478780000000100e+00 3.977513071856009219e-03
1.324645309999999965e+00 4.063803978187729982e-03
1.299811829999999890e+00 4.144142953625529202e-03
1.274978350000000038e+00 4.218319274593262946e-03
1.250144869999999964e+00 4.285787333074386751e-03
1.225311400000000051e+00 4.346994703322115683e-03
1.200477919999999976e+00 4.402304001964285618e-03
1.175644439999999902e+00 4.450180820068316834e-03
1.150810960000000049e+00 4.489893257714205888e-03
1.125977479999999975e+00 4.522079997443473331e-03
1.101144010000000062e+00 4.544977076855305498e-03
1.076310529999999988e+00 4.554898403530627249e-03
1.051477049999999913e+00 4.552024838207602286e-03
1.026643570000000061e+00 4.542321195415865986e-03
1.001810099999999926e+00 4.525862663816715425e-03
9.769766189999999906e-01 4.496703432790738475e-03
9.521431409999999707e-01 4.452680121411090042e-03
9.273096640000000335e-01 4.394188083370664799e-03
9.024761860000000135e-01 4.324652522872618476e-03
8.776427079999999936e-01 4.245521663753137886e-03
8.528092309999999454e-01 4.153743771908358084e-03
8.279757530000000365e-01 4.046684467019501241e-03
8.032879960000000041e-01 3.925264549674567505e-03
7.786002389999999718e-01 3.792908527457505841e-03
7.551660140000000521e-01 3.655094312090767517e-03
7.317317880000000496e-01 3.500660351594131470e-03
7.097082080000000071e-01 3.342937267720058614e-03
6.876846269999999928e-01 3.176674760128506136e-03
6.669867750000000317e-01 3.009619664082752166e-03
6.462889219999999879e-01 2.829177818369998931e-03
6.268369919999999818e-01 2.649792845633047733e-03
6.073850619999999756e-01 2.467431083874593867e-03
5.891040539999999881e-01 2.292887798354126261e-03
5.708230460000000006e-01 2.110517291372904225e-03
5.536424800000000479e-01 1.933218260995461790e-03
5.364619149999999559e-01 1.748139473357390727e-03
5.203155449999999904e-01 1.561539042828741231e-03
5.041691750000000249e-01 1.368286009606034526e-03
4.889947490000000063e-01 1.186094623397915271e-03
4.738203240000000149e-01 1.010422321490400677e-03
4.595593350000000132e-01 8.469671713524640211e-04
4.452983460000000115e-01 6.661573471631321297e-04
4.318958079999999922e-01 4.902489471858562098e-04
4.184932690000000011e-01 3.232592277704338102e-04
4.058975080000000180e-01 1.553342769191612405e-04
3.933017460000000076e-01 -2.056806809025424343e-05
3.814641919999999797e-01 -1.740454290528603565e-04
3.696266380000000074e-01 -3.086089204766828686e-04
3.585016569999999736e-01 -4.294083908136236971e-04
3.473766770000000226e-01 -5.837749328589936226e-04
3.369213730000000240e-01 -7.616249978377176433e-04
3.264660690000000254e-01 -9.206428853225645526e-04
3.166401309999999913e-01 -1.031079701575787766e-03
3.068141939999999845e-01 -1.113532308997244868e-03
2.975797350000000119e-01 -1.187975220529935427e-03
2.883452770000000109e-01 -1.298081503431580686e-03
2.796666930000000217e-01 -1.432491333336560757e-03
2.709881089999999770e-01 -1.561971705612563710e-03
2.628319399999999861e-01 -1.657960506958433555e-03
2.546757709999999952e-01 -1.699324551460934529e-03
2.470105690000000132e-01 -1.718667180619304347e-03
2.393453670000000033e-01 -1.809700982949857817e-03
2.321415779999999873e-01 -1.956927543181219420e-03
2.249377889999999991e-01 -2.070663437774289406e-03
2.181676369999999976e-01 -2.116015191144349217e-03
2.113974849999999961e-01 -2.124251164673074399e-03
2.050326530000000091e-01 -2.142478546897752523e-03
1.986678209999999944e-01 -2.206690059164850837e-03
1.924594520000000031e-01 -2.282291681095616198e-03
1.862510820000000122e-01 -2.331173080560855482e-03
1.800427129999999931e-01 -2.373396861595100660e-03
1.738343440000000018e-01 -2.425065241758561640e-03
1.676259740000000109e-01 -2.470608277022501298e-03
1.614176049999999918e-01 -2.484198013259053539e-03
1.552092350000000009e-01 -2.496126335605364233e-03
1.490008660000000096e-01 -2.496465088305255264e-03
1.427924969999999905e-01 -2.478776976247321073e-03
1.365841269999999996e-01 -2.512215616042423605e-03
1.303757580000000083e-01 -2.581740303020163552e-03
1.241673880000000035e-01 -2.620962963293171910e-03
1.179590189999999983e-01 -2.612400946948145730e-03
1.117506489999999936e-01 -2.565795580669272269e-03
1.055422800000000022e-01 -2.516570408092277944e-03
9.933391060000000550e-02 -2.460273257139933278e-03
9.312554119999999491e-02 -2.378973924867189282e-03
8.691717179999999821e-02 -2.342309874417747295e-03
8.070880240000000150e-02 -2.354910352712735744e-03
7.450043300000000479e-02 -2.347575705984761285e-03
6.829206359999999421e-02 -2.255032260513933906e-03
6.208369419999999750e-02 -2.051279498436642257e-03
5.587532469999999946e-02 -1.847279046098604383e-03
4.966695530000000275e-02 -1.745976870165755201e-03
4.345858589999999910e-02 -1.675323873589817936e-03
3.725021650000000240e-02 -1.564382851826584542e-03
3.104184709999999875e-02 -1.347887922123369719e-03
2.483347769999999857e-02 -1.091467639653842525e-03
1.862510820000000053e-02 -8.526358027722835686e-04
1.241673880000000035e-02 -6.385748187325290814e-04
6.208369420000000097e-03 -3.533688034229598429e-04
0.000000000000000000e+00 0.000000000000000000e+00
