# curve 5 (die wall), step =      352, time =   7.04000000E+01
# N1 = tau_xx - tau_yy = G ( c_xx - c_yy ),  G =  9.1000E-01  (polymer part only)
#              x               y        pressure            c_xy        gammadot            c_xx            c_yy              N1
 -3.00000000E+00  1.00000000E+00  2.69107895E+00 -4.00088144E-01  3.99985105E-01  1.31980041E+00  1.00008319E+00  2.90942670E-01
 -2.95108291E+00  1.00000000E+00  2.65191168E+00 -4.00106298E-01  3.99985308E-01  1.31979884E+00  1.00009528E+00  2.90930242E-01
 -2.90216582E+00  1.00000000E+00  2.61274440E+00 -4.00124452E-01  4.00001578E-01  1.31979727E+00  1.00010736E+00  2.90917813E-01
 -2.85324873E+00  1.00000000E+00  2.57358673E+00 -4.00117871E-01  3.99985166E-01  1.31973762E+00  1.00011627E+00  2.90855433E-01
 -2.80433164E+00  1.00000000E+00  2.53442905E+00 -4.00111289E-01  3.99962936E-01  1.31967798E+00  1.00012517E+00  2.90793055E-01
 -2.75541455E+00  1.00000000E+00  2.49529766E+00 -4.00082569E-01  3.99985985E-01  1.31977796E+00  1.00008669E+00  2.90919057E-01
 -2.70649746E+00  1.00000000E+00  2.45616627E+00 -4.00053848E-01  3.99982266E-01  1.31987795E+00  1.00004821E+00  2.91045066E-01
 -2.65758037E+00  1.00000000E+00  2.41704193E+00 -4.00067217E-01  3.99989222E-01  1.31984358E+00  1.00006429E+00  2.90999154E-01
 -2.60866328E+00  1.00000000E+00  2.37791758E+00 -4.00080587E-01  3.99987515E-01  1.31980922E+00  1.00008038E+00  2.90953242E-01
 -2.55974619E+00  1.00000000E+00  2.33878224E+00 -4.00069172E-01  3.99996659E-01  1.31986437E+00  1.00006236E+00  2.91019828E-01
 -2.51082911E+00  1.00000000E+00  2.29964690E+00 -4.00057757E-01  4.00030765E-01  1.31991953E+00  1.00004435E+00  2.91086417E-01
 -2.46191202E+00  1.00000000E+00  2.26050530E+00 -4.00063501E-01  3.99992963E-01  1.31986503E+00  1.00005836E+00  2.91024065E-01
 -2.41299493E+00  1.00000000E+00  2.22136371E+00 -4.00069244E-01  3.99969528E-01  1.31981052E+00  1.00007237E+00  2.90961715E-01
 -2.36407784E+00  1.00000000E+00  2.18222456E+00 -4.00055836E-01  4.00006251E-01  1.31988384E+00  1.00004671E+00  2.91051788E-01
 -2.31516075E+00  1.00000000E+00  2.14308541E+00 -4.00042428E-01  4.00023881E-01  1.31995716E+00  1.00002105E+00  2.91141865E-01
 -2.26624366E+00  1.00000000E+00  2.10395742E+00 -4.00074811E-01  4.00016187E-01  1.31988762E+00  1.00005573E+00  2.91047015E-01
 -2.21732657E+00  1.00000000E+00  2.06482943E+00 -4.00107193E-01  4.00023540E-01  1.31981808E+00  1.00009042E+00  2.90952168E-01
 -2.16840948E+00  1.00000000E+00  2.02570251E+00 -4.00105678E-01  3.99998897E-01  1.31979154E+00  1.00009591E+00  2.90923026E-01
 -2.11949239E+00  1.00000000E+00  1.98657560E+00 -4.00104164E-01  3.99966534E-01  1.31976500E+00  1.00010139E+00  2.90893883E-01
 -2.07057530E+00  1.00000000E+00  1.94743959E+00 -4.00109699E-01  3.99995875E-01  1.31975464E+00  1.00010998E+00  2.90876641E-01
 -2.02165821E+00  1.00000000E+00  1.90830358E+00 -4.00115234E-01  4.00014292E-01  1.31974427E+00  1.00011856E+00  2.90859400E-01
 -1.97274112E+00  1.00000000E+00  1.86916870E+00 -4.00105339E-01  3.99968273E-01  1.31968664E+00  1.00012458E+00  2.90801478E-01
 -1.92382403E+00  1.00000000E+00  1.83003382E+00 -4.00095444E-01  3.99933165E-01  1.31962902E+00  1.00013060E+00  2.90743558E-01
 -1.87490694E+00  1.00000000E+00  1.79089532E+00 -4.00058250E-01  3.99944657E-01  1.31971046E+00  1.00009460E+00  2.90850434E-01
 -1.82598985E+00  1.00000000E+00  1.75175682E+00 -4.00021055E-01  3.99936844E-01  1.31979190E+00  1.00005859E+00  2.90957314E-01
 -1.77707276E+00  1.00000000E+00  1.71264672E+00 -4.00045448E-01  3.99946904E-01  1.31971671E+00  1.00008985E+00  2.90860443E-01
 -1.72815567E+00  1.00000000E+00  1.67353661E+00 -4.00069840E-01  3.99940005E-01  1.31964152E+00  1.00012110E+00  2.90763577E-01
 -1.67923858E+00  1.00000000E+00  1.63437785E+00 -4.00041257E-01  3.99920056E-01  1.31966549E+00  1.00010097E+00  2.90803714E-01
 -1.63032150E+00  1.00000000E+00  1.59521909E+00 -4.00012673E-01  3.99934221E-01  1.31968947E+00  1.00008084E+00  2.90843852E-01
 -1.58140441E+00  1.00000000E+00  1.55613798E+00 -3.99994239E-01  3.99879401E-01  1.31960117E+00  1.00010184E+00  2.90744390E-01
 -1.53248732E+00  1.00000000E+00  1.51705687E+00 -3.99975806E-01  3.99840399E-01  1.31951288E+00  1.00012284E+00  2.90644934E-01
 -1.48357023E+00  1.00000000E+00  1.47795106E+00 -3.99941057E-01  3.99808858E-01  1.31947529E+00  1.00011703E+00  2.90616014E-01
 -1.43465314E+00  1.00000000E+00  1.43884525E+00 -3.99906309E-01  3.99769548E-01  1.31943769E+00  1.00011122E+00  2.90587095E-01
 -1.38573605E+00  1.00000000E+00  1.39973098E+00 -3.99841928E-01  3.99742006E-01  1.31942873E+00  1.00008387E+00  2.90603821E-01
 -1.33681896E+00  1.00000000E+00  1.36061671E+00 -3.99777549E-01  3.99726457E-01  1.31941977E+00  1.00005653E+00  2.90620547E-01
 -1.28790187E+00  1.00000000E+00  1.32157356E+00 -3.99742199E-01  3.99662959E-01  1.31933252E+00  1.00006355E+00  2.90534764E-01
 -1.23898478E+00  1.00000000E+00  1.28253042E+00 -3.99706851E-01  3.99600386E-01  1.31924529E+00  1.00007057E+00  2.90448987E-01
 -1.19006769E+00  1.00000000E+00  1.24355431E+00 -3.99664126E-01  3.99566074E-01  1.31913369E+00  1.00009084E+00  2.90328986E-01
 -1.14115060E+00  1.00000000E+00  1.20457820E+00 -3.99621404E-01  3.99524101E-01  1.31902209E+00  1.00011111E+00  2.90208993E-01
 -1.09223351E+00  1.00000000E+00  1.16567809E+00 -3.99574153E-01  3.99446074E-01  1.31891429E+00  1.00011766E+00  2.90104927E-01
 -1.04331642E+00  1.00000000E+00  1.12677799E+00 -3.99526906E-01  3.99376925E-01  1.31880649E+00  1.00012422E+00  2.90000867E-01
 -9.94399333E-01  1.00000000E+00  1.08800891E+00 -3.99466656E-01  3.99355931E-01  1.31882957E+00  1.00008803E+00  2.90054805E-01
 -9.45482243E-01  1.00000000E+00  1.04923984E+00 -3.99406406E-01  3.99337408E-01  1.31885266E+00  1.00005184E+00  2.90108743E-01
 -8.96565154E-01  1.00000000E+00  1.01069456E+00 -3.99477588E-01  3.99387069E-01  1.31889197E+00  1.00007969E+00  2.90119177E-01
 -8.47648064E-01  1.00000000E+00  9.72149283E-01 -3.99548774E-01  3.99453400E-01  1.31893129E+00  1.00010754E+00  2.90129611E-01
 -7.99501858E-01  1.00000000E+00  9.34547676E-01 -3.99729699E-01  3.99582313E-01  1.31923342E+00  1.00012172E+00  2.90391646E-01
 -7.51355652E-01  1.00000000E+00  8.96946070E-01 -3.99910660E-01  3.99840500E-01  1.31953563E+00  1.00013593E+00  2.90653731E-01
 -7.08111109E-01  1.00000000E+00  8.63529571E-01 -4.00295829E-01  4.00125546E-01  1.32023046E+00  1.00010445E+00  2.91314662E-01
 -6.64866566E-01  1.00000000E+00  8.30113072E-01 -4.00681155E-01  4.00639458E-01  1.32092569E+00  1.00007310E+00  2.91975857E-01
 -6.26599939E-01  1.00000000E+00  8.00999738E-01 -4.01451168E-01  4.01298745E-01  1.32206555E+00  1.00012797E+00  2.92963197E-01
 -5.88333313E-01  1.00000000E+00  7.71886405E-01 -4.02221734E-01  4.02087805E-01  1.32320663E+00  1.00018329E+00  2.93951235E-01
 -5.54471587E-01  1.00000000E+00  7.46571155E-01 -4.03263158E-01  4.03179698E-01  1.32511650E+00  1.00002528E+00  2.95833014E-01
 -5.20609860E-01  1.00000000E+00  7.21255905E-01 -4.04305703E-01  4.04376862E-01  1.32702946E+00  9.99868202E-01  2.97716741E-01
 -4.90645977E-01  1.00000000E+00  6.99449483E-01 -4.05981175E-01  4.05741125E-01  1.32950646E+00  1.00006288E+00  2.99793657E-01
 -4.60682095E-01  1.00000000E+00  6.77643061E-01 -4.07659338E-01  4.07365831E-01  1.33198917E+00  1.00025964E+00  3.01873879E-01
 -4.34167380E-01  1.00000000E+00  6.58842518E-01 -4.09612262E-01  4.09510176E-01  1.33554208E+00  9.99982483E-01  3.05359233E-01
 -4.07652666E-01  1.00000000E+00  6.40041975E-01 -4.11569077E-01  4.11804527E-01  1.33910559E+00  9.99708585E-01  3.08851274E-01
 -3.84190072E-01  1.00000000E+00  6.24020392E-01 -4.14295838E-01  4.14209888E-01  1.34338148E+00  9.99904948E-01  3.12563647E-01
 -3.60727478E-01  1.00000000E+00  6.07998809E-01 -4.17029886E-01  4.16900292E-01  1.34767368E+00  1.00010683E+00  3.16285833E-01
 -3.39965684E-01  1.00000000E+00  5.94474930E-01 -4.20185375E-01  4.20201310E-01  1.35318949E+00  9.99924524E-01  3.21471123E-01
 -3.19203889E-01  1.00000000E+00  5.80951051E-01 -4.23350927E-01  4.23686760E-01  1.35873093E+00  9.99750106E-01  3.26672549E-01
 -3.00831998E-01  1.00000000E+00  5.69760043E-01 -4.27484908E-01  4.27404965E-01  1.36551641E+00  9.99953942E-01  3.32661847E-01
 -2.82460107E-01  1.00000000E+00  5.58569035E-01 -4.31635955E-01  4.31446648E-01  1.37234138E+00  1.00017039E+00  3.38675599E-01
 -2.66203017E-01  1.00000000E+00  5.49124551E-01 -4.36136021E-01  4.36194275E-01  1.38061967E+00  9.99833595E-01  3.46515331E-01
 -2.49945927E-01  1.00000000E+00  5.39680067E-01 -4.40657190E-01  4.41182506E-01  1.38895339E+00  9.99512755E-01  3.54390979E-01
 -2.35560203E-01  1.00000000E+00  5.32558237E-01 -4.46274598E-01  4.46339450E-01  1.39863600E+00  9.99766074E-01  3.62971637E-01
 -2.21174479E-01  1.00000000E+00  5.25436408E-01 -4.51924406E-01  4.51901427E-01  1.40839537E+00  1.00004218E+00  3.71601400E-01
 -2.08421419E-01  1.00000000E+00  5.19539710E-01 -4.58429755E-01  4.58136096E-01  1.42026668E+00  1.00000167E+00  3.82441155E-01
 -1.95668358E-01  1.00000000E+00  5.13643012E-01 -4.64979328E-01  4.64804267E-01  1.43224907E+00  9.99992221E-01  3.93353736E-01
 -1.83439085E-01  1.00000000E+00  5.09205582E-01 -4.72410629E-01  4.72726590E-01  1.44710146E+00  9.99421758E-01  4.07388530E-01
 -1.71209813E-01  1.00000000E+00  5.04768152E-01 -4.79902520E-01  4.81120581E-01  1.46211944E+00  9.98893111E-01  4.21535962E-01
 -1.58980541E-01  1.00000000E+00  5.01487606E-01 -4.91110773E-01  4.91254005E-01  1.48251954E+00  9.99743320E-01  4.39326363E-01
 -1.46751268E-01  1.00000000E+00  4.98207059E-01 -5.02450981E-01  5.01933212E-01  1.50323495E+00  1.00067846E+00  4.57326404E-01
 -1.34521996E-01  1.00000000E+00  4.99451623E-01 -5.15443728E-01  5.16050813E-01  1.53295037E+00  9.99069629E-01  4.85831477E-01
 -1.22292724E-01  1.00000000E+00  5.00696186E-01 -5.28638345E-01  5.31058222E-01  1.56327425E+00  9.97586999E-01  5.14775398E-01
 -1.10063451E-01  1.00000000E+00  4.94847114E-01 -5.53698269E-01  5.51211556E-01  1.60801996E+00  1.00182035E+00  5.51641643E-01
 -9.78341789E-02  1.00000000E+00  4.88998043E-01 -5.79394410E-01  5.71611083E-01  1.65419132E+00  1.00644171E+00  5.89452144E-01
 -8.56049065E-02  1.00000000E+00  5.22282187E-01 -5.97881970E-01  6.02543117E-01  1.72851312E+00  9.94360192E-01  6.68079162E-01
 -7.33756342E-02  1.00000000E+00  5.55566331E-01 -6.17013280E-01  6.34971845E-01  1.80615288E+00  9.82717191E-01  7.49326481E-01
 -6.11463618E-02  1.00000000E+00  4.97630056E-01 -6.79909357E-01  6.70135028E-01  1.88636278E+00  1.01145500E+00  7.96166078E-01
 -4.89170895E-02  1.00000000E+00  4.39693780E-01 -7.45983203E-01  7.04929530E-01  1.97152923E+00  1.04261555E+00  8.45311454E-01
 -3.66878171E-02  1.00000000E+00  9.30688140E-01 -9.34667006E-01  8.11073089E-01  2.52698942E+00  1.04216215E+00  1.35119281E+00
 -2.44585447E-02  1.00000000E+00  1.42168250E+00 -1.16742793E+00  1.04442292E+00  3.23791332E+00  1.05904358E+00  1.98277146E+00
 -1.22292724E-02  1.00000000E+00  5.11007812E-01 -3.12921819E-01  2.00311801E+00  4.32093881E+00  5.80467204E-01  3.40382916E+00
  0.00000000E+00  1.00000000E+00 -3.99666876E-01  8.30077295E-01  3.40653273E+00  6.85779861E+00  5.10454892E-01  5.77608279E+00
