# curve 5 (die wall), step =      200, time =   8.00000000E+01
# N1 = tau_xx - tau_yy = G ( c_xx - c_yy ),  G =  4.5455E-02  (polymer part only)
#              x               y        pressure            c_xy        gammadot            c_xx            c_yy              N1
 -3.00000000E+00  1.00000000E+00  1.88371312E+00 -1.35537135E+00  4.23102347E-01  6.71648071E+00  6.00742550E-01  2.77988098E-01
 -2.97524677E+00  1.00000000E+00  1.87019195E+00 -1.35533791E+00  4.23108354E-01  6.71618866E+00  6.00750760E-01  2.77974450E-01
 -2.95049355E+00  1.00000000E+00  1.85667078E+00 -1.35530448E+00  4.23112063E-01  6.71589663E+00  6.00758970E-01  2.77960803E-01
 -2.92574032E+00  1.00000000E+00  1.84315134E+00 -1.35535112E+00  4.23111201E-01  6.71623885E+00  6.00756495E-01  2.77976471E-01
 -2.90098710E+00  1.00000000E+00  1.82963190E+00 -1.35539777E+00  4.23105838E-01  6.71658109E+00  6.00754021E-01  2.77992140E-01
 -2.87623387E+00  1.00000000E+00  1.81610401E+00 -1.35544708E+00  4.23100842E-01  6.71753350E+00  6.00714346E-01  2.78037234E-01
 -2.85148064E+00  1.00000000E+00  1.80257612E+00 -1.35549640E+00  4.23094185E-01  6.71848605E+00  6.00674673E-01  2.78082335E-01
 -2.82672742E+00  1.00000000E+00  1.78905289E+00 -1.35534736E+00  4.23099149E-01  6.71741598E+00  6.00686984E-01  2.78033136E-01
 -2.80197419E+00  1.00000000E+00  1.77552966E+00 -1.35519834E+00  4.23102155E-01  6.71634608E+00  6.00699299E-01  2.77983945E-01
 -2.77722097E+00  1.00000000E+00  1.76199909E+00 -1.35527193E+00  4.23108605E-01  6.71622791E+00  6.00727923E-01  2.77977272E-01
 -2.75246774E+00  1.00000000E+00  1.74846852E+00 -1.35534551E+00  4.23112309E-01  6.71610975E+00  6.00756548E-01  2.77970600E-01
 -2.72771451E+00  1.00000000E+00  1.73495737E+00 -1.35536955E+00  4.23107764E-01  6.71622619E+00  6.00764332E-01  2.77975539E-01
 -2.70296129E+00  1.00000000E+00  1.72144622E+00 -1.35539358E+00  4.23097318E-01  6.71634264E+00  6.00772116E-01  2.77980479E-01
 -2.67820806E+00  1.00000000E+00  1.70791776E+00 -1.35535003E+00  4.23095380E-01  6.71628543E+00  6.00752848E-01  2.77978754E-01
 -2.65345484E+00  1.00000000E+00  1.69438930E+00 -1.35530647E+00  4.23099258E-01  6.71622822E+00  6.00733582E-01  2.77977029E-01
 -2.62870161E+00  1.00000000E+00  1.68086729E+00 -1.35534659E+00  4.23104020E-01  6.71616245E+00  6.00751808E-01  2.77973211E-01
 -2.60394839E+00  1.00000000E+00  1.66734529E+00 -1.35538671E+00  4.23106872E-01  6.71609668E+00  6.00770036E-01  2.77969393E-01
 -2.57919516E+00  1.00000000E+00  1.65382710E+00 -1.35535629E+00  4.23105923E-01  6.71610383E+00  6.00763656E-01  2.77970008E-01
 -2.55444193E+00  1.00000000E+00  1.64030891E+00 -1.35532588E+00  4.23100904E-01  6.71611098E+00  6.00757276E-01  2.77970623E-01
 -2.52968871E+00  1.00000000E+00  1.62678004E+00 -1.35539727E+00  4.23095711E-01  6.71679726E+00  6.00745060E-01  2.78002373E-01
 -2.50493548E+00  1.00000000E+00  1.61325117E+00 -1.35546867E+00  4.23086450E-01  6.71748362E+00  6.00732846E-01  2.78034126E-01
 -2.48018226E+00  1.00000000E+00  1.59972419E+00 -1.35534714E+00  4.23094617E-01  6.71670853E+00  6.00730869E-01  2.77998984E-01
 -2.45542903E+00  1.00000000E+00  1.58619722E+00 -1.35522562E+00  4.23103537E-01  6.71593353E+00  6.00728895E-01  2.77963847E-01
 -2.43067580E+00  1.00000000E+00  1.57267620E+00 -1.35527734E+00  4.23111381E-01  6.71587795E+00  6.00748565E-01  2.77960426E-01
 -2.40592258E+00  1.00000000E+00  1.55915519E+00 -1.35532906E+00  4.23116468E-01  6.71582237E+00  6.00768236E-01  2.77957006E-01
 -2.38116935E+00  1.00000000E+00  1.54563787E+00 -1.35531774E+00  4.23110885E-01  6.71580935E+00  6.00770929E-01  2.77956292E-01
 -2.35641613E+00  1.00000000E+00  1.53212054E+00 -1.35530642E+00  4.23099632E-01  6.71579633E+00  6.00773621E-01  2.77955578E-01
 -2.33166290E+00  1.00000000E+00  1.51859313E+00 -1.35531819E+00  4.23097391E-01  6.71601010E+00  6.00762138E-01  2.77965816E-01
 -2.30690967E+00  1.00000000E+00  1.50506572E+00 -1.35532995E+00  4.23096493E-01  6.71622387E+00  6.00750654E-01  2.77976055E-01
 -2.28215645E+00  1.00000000E+00  1.49154188E+00 -1.35532971E+00  4.23098511E-01  6.71620176E+00  6.00747113E-01  2.77975211E-01
 -2.25740322E+00  1.00000000E+00  1.47801804E+00 -1.35532947E+00  4.23103707E-01  6.71617965E+00  6.00743572E-01  2.77974367E-01
 -2.23265000E+00  1.00000000E+00  1.46449275E+00 -1.35541361E+00  4.23100222E-01  6.71676122E+00  6.00746601E-01  2.78000664E-01
 -2.20789677E+00  1.00000000E+00  1.45096747E+00 -1.35549776E+00  4.23087185E-01  6.71734284E+00  6.00749631E-01  2.78026964E-01
 -2.18314354E+00  1.00000000E+00  1.43744261E+00 -1.35539360E+00  4.23086627E-01  6.71653046E+00  6.00758394E-01  2.77989639E-01
 -2.15839032E+00  1.00000000E+00  1.42391776E+00 -1.35528945E+00  4.23088270E-01  6.71571818E+00  6.00767160E-01  2.77952319E-01
 -2.13363709E+00  1.00000000E+00  1.41040060E+00 -1.35530631E+00  4.23091833E-01  6.71569707E+00  6.00772525E-01  2.77951115E-01
 -2.10888387E+00  1.00000000E+00  1.39688343E+00 -1.35532318E+00  4.23094595E-01  6.71567595E+00  6.00777889E-01  2.77949912E-01
 -2.08413064E+00  1.00000000E+00  1.38335305E+00 -1.35532818E+00  4.23094988E-01  6.71560789E+00  6.00782849E-01  2.77946593E-01
 -2.05937741E+00  1.00000000E+00  1.36982267E+00 -1.35533317E+00  4.23092612E-01  6.71553984E+00  6.00787809E-01  2.77943274E-01
 -2.03462419E+00  1.00000000E+00  1.35630362E+00 -1.35529808E+00  4.23086685E-01  6.71561587E+00  6.00773786E-01  2.77947367E-01
 -2.00987096E+00  1.00000000E+00  1.34278458E+00 -1.35526298E+00  4.23079888E-01  6.71569189E+00  6.00759764E-01  2.77951460E-01
 -1.98511774E+00  1.00000000E+00  1.32925502E+00 -1.35527953E+00  4.23078510E-01  6.71564791E+00  6.00765699E-01  2.77949192E-01
 -1.96036451E+00  1.00000000E+00  1.31572547E+00 -1.35529607E+00  4.23077752E-01  6.71560393E+00  6.00771634E-01  2.77946923E-01
 -1.93561128E+00  1.00000000E+00  1.30221105E+00 -1.35537531E+00  4.23069229E-01  6.71613000E+00  6.00775332E-01  2.77970667E-01
 -1.91085806E+00  1.00000000E+00  1.28869664E+00 -1.35545455E+00  4.23056360E-01  6.71665611E+00  6.00779031E-01  2.77994413E-01
 -1.88610483E+00  1.00000000E+00  1.27515715E+00 -1.35535102E+00  4.23050851E-01  6.71638744E+00  6.00748562E-01  2.77983585E-01
 -1.86135161E+00  1.00000000E+00  1.26161767E+00 -1.35524750E+00  4.23050010E-01  6.71611878E+00  6.00718095E-01  2.77972759E-01
 -1.83659838E+00  1.00000000E+00  1.24810425E+00 -1.35530608E+00  4.23052125E-01  6.71570396E+00  6.00772599E-01  2.77951425E-01
 -1.81184516E+00  1.00000000E+00  1.23459083E+00 -1.35536466E+00  4.23046019E-01  6.71528917E+00  6.00827107E-01  2.77930094E-01
 -1.78709193E+00  1.00000000E+00  1.22107500E+00 -1.35538771E+00  4.23022649E-01  6.71619751E+00  6.00785667E-01  2.77973265E-01
 -1.76233870E+00  1.00000000E+00  1.20755916E+00 -1.35541076E+00  4.22995026E-01  6.71710598E+00  6.00744228E-01  2.78016443E-01
 -1.73758548E+00  1.00000000E+00  1.19402017E+00 -1.35535841E+00  4.22990861E-01  6.71661926E+00  6.00750810E-01  2.77994020E-01
 -1.71283225E+00  1.00000000E+00  1.18048118E+00 -1.35530608E+00  4.22983135E-01  6.71613258E+00  6.00757393E-01  2.77971599E-01
 -1.68807903E+00  1.00000000E+00  1.16695804E+00 -1.35533090E+00  4.22973011E-01  6.71581899E+00  6.00782880E-01  2.77956187E-01
 -1.66332580E+00  1.00000000E+00  1.15343490E+00 -1.35535573E+00  4.22963602E-01  6.71550543E+00  6.00808367E-01  2.77940776E-01
 -1.63857257E+00  1.00000000E+00  1.13992690E+00 -1.35532356E+00  4.22948591E-01  6.71537350E+00  6.00810490E-01  2.77934682E-01
 -1.61381935E+00  1.00000000E+00  1.12641891E+00 -1.35529139E+00  4.22925890E-01  6.71524156E+00  6.00812613E-01  2.77928589E-01
 -1.58906612E+00  1.00000000E+00  1.11288473E+00 -1.35524513E+00  4.22905099E-01  6.71461741E+00  6.00829318E-01  2.77899459E-01
 -1.56431290E+00  1.00000000E+00  1.09935054E+00 -1.35519886E+00  4.22888541E-01  6.71399332E+00  6.00846023E-01  2.77870332E-01
 -1.53955967E+00  1.00000000E+00  1.08585228E+00 -1.35518810E+00  4.22864865E-01  6.71347652E+00  6.00877481E-01  2.77845411E-01
 -1.51480644E+00  1.00000000E+00  1.07235403E+00 -1.35517734E+00  4.22839266E-01  6.71295977E+00  6.00908942E-01  2.77820492E-01
 -1.49005322E+00  1.00000000E+00  1.05884291E+00 -1.35515703E+00  4.22806448E-01  6.71281284E+00  6.00919357E-01  2.77813340E-01
 -1.46529999E+00  1.00000000E+00  1.04533180E+00 -1.35513671E+00  4.22763980E-01  6.71266591E+00  6.00929774E-01  2.77806188E-01
 -1.44054677E+00  1.00000000E+00  1.03181294E+00 -1.35518879E+00  4.22719833E-01  6.71329484E+00  6.00918420E-01  2.77835292E-01
 -1.41579354E+00  1.00000000E+00  1.01829407E+00 -1.35524088E+00  4.22665974E-01  6.71392383E+00  6.00907066E-01  2.77864398E-01
 -1.39104031E+00  1.00000000E+00  1.00479468E+00 -1.35505086E+00  4.22627135E-01  6.71227689E+00  6.00938923E-01  2.77788089E-01
 -1.36628709E+00  1.00000000E+00  9.91295284E-01 -1.35486087E+00  4.22589902E-01  6.71063036E+00  6.00970790E-01  2.77711799E-01
 -1.34153386E+00  1.00000000E+00  9.77800307E-01 -1.35490772E+00  4.22543756E-01  6.71003301E+00  6.01022560E-01  2.77682293E-01
 -1.31678064E+00  1.00000000E+00  9.64305330E-01 -1.35495457E+00  4.22491002E-01  6.70943573E+00  6.01074333E-01  2.77652791E-01
 -1.29202741E+00  1.00000000E+00  9.50836832E-01 -1.35492418E+00  4.22424868E-01  6.70911694E+00  6.01089065E-01  2.77637631E-01
 -1.26727418E+00  1.00000000E+00  9.37368333E-01 -1.35489379E+00  4.22354044E-01  6.70879816E+00  6.01103797E-01  2.77622471E-01
 -1.24252096E+00  1.00000000E+00  9.23895237E-01 -1.35493590E+00  4.22283571E-01  6.70848854E+00  6.01146409E-01  2.77606461E-01
 -1.21776773E+00  1.00000000E+00  9.10422141E-01 -1.35497801E+00  4.22195648E-01  6.70817895E+00  6.01189023E-01  2.77590451E-01
 -1.19301451E+00  1.00000000E+00  8.96966613E-01 -1.35475542E+00  4.22115320E-01  6.70635084E+00  6.01224950E-01  2.77505722E-01
 -1.16826128E+00  1.00000000E+00  8.83511085E-01 -1.35453288E+00  4.22041454E-01  6.70452324E+00  6.01260891E-01  2.77421016E-01
 -1.14350806E+00  1.00000000E+00  8.70088781E-01 -1.35455751E+00  4.21948271E-01  6.70387396E+00  6.01313084E-01  2.77389131E-01
 -1.11875483E+00  1.00000000E+00  8.56666476E-01 -1.35458213E+00  4.21845964E-01  6.70322476E+00  6.01365281E-01  2.77357249E-01
 -1.09400160E+00  1.00000000E+00  8.43260762E-01 -1.35449792E+00  4.21751278E-01  6.70197553E+00  6.01416171E-01  2.77298153E-01
 -1.06924838E+00  1.00000000E+00  8.29855048E-01 -1.35441373E+00  4.21653100E-01  6.70072655E+00  6.01467067E-01  2.77239068E-01
 -1.04449515E+00  1.00000000E+00  8.16494261E-01 -1.35433011E+00  4.21537281E-01  6.69922562E+00  6.01539246E-01  2.77167563E-01
 -1.01974193E+00  1.00000000E+00  8.03133474E-01 -1.35424651E+00  4.21413993E-01  6.69772505E+00  6.01611435E-01  2.77096073E-01
 -9.94988700E-01  1.00000000E+00  7.89811114E-01 -1.35412953E+00  4.21284123E-01  6.69643682E+00  6.01659901E-01  2.77035314E-01
 -9.70235474E-01  1.00000000E+00  7.76488753E-01 -1.35401257E+00  4.21159779E-01  6.69514885E+00  6.01708375E-01  2.76974567E-01
 -9.45482248E-01  1.00000000E+00  7.63205982E-01 -1.35389814E+00  4.21037816E-01  6.69368424E+00  6.01760048E-01  2.76905645E-01
 -9.20729022E-01  1.00000000E+00  7.49923211E-01 -1.35378372E+00  4.20918633E-01  6.69221997E+00  6.01811728E-01  2.76836738E-01
 -8.95975796E-01  1.00000000E+00  7.36728087E-01 -1.35365971E+00  4.20783176E-01  6.69029058E+00  6.01899391E-01  2.76745054E-01
 -8.71222570E-01  1.00000000E+00  7.23532963E-01 -1.35353572E+00  4.20645535E-01  6.68836177E+00  6.01987072E-01  2.76653396E-01
 -8.46469344E-01  1.00000000E+00  7.10405121E-01 -1.35356881E+00  4.20513090E-01  6.68746238E+00  6.02072659E-01  2.76608624E-01
 -8.21716118E-01  1.00000000E+00  6.97277279E-01 -1.35360190E+00  4.20372244E-01  6.68656312E+00  6.02158255E-01  2.76563858E-01
 -7.97201467E-01  1.00000000E+00  6.84379320E-01 -1.35356687E+00  4.20288924E-01  6.68553304E+00  6.02212866E-01  2.76514553E-01
 -7.72686817E-01  1.00000000E+00  6.71481360E-01 -1.35353184E+00  4.20191912E-01  6.68450313E+00  6.02267482E-01  2.76465257E-01
 -7.49503432E-01  1.00000000E+00  6.59393893E-01 -1.35336348E+00  4.20122276E-01  6.68378568E+00  6.02248425E-01  2.76433512E-01
 -7.26320047E-01  1.00000000E+00  6.47306425E-01 -1.35319514E+00  4.20069349E-01  6.68306832E+00  6.02229373E-01  2.76401770E-01
 -7.04527831E-01  1.00000000E+00  6.36061762E-01 -1.35333373E+00  4.20027237E-01  6.68255299E+00  6.02331385E-01  2.76373709E-01
 -6.82735615E-01  1.00000000E+00  6.24817099E-01 -1.35347231E+00  4.20002941E-01  6.68203772E+00  6.02433410E-01  2.76345651E-01
 -6.62251087E-01  1.00000000E+00  6.14361832E-01 -1.35320248E+00  4.20071700E-01  6.68268432E+00  6.02266198E-01  2.76382642E-01
 -6.41766559E-01  1.00000000E+00  6.03906564E-01 -1.35293265E+00  4.20159999E-01  6.68333107E+00  6.02099025E-01  2.76419638E-01
 -6.22511254E-01  1.00000000E+00  5.94221465E-01 -1.35287976E+00  4.20253362E-01  6.68415682E+00  6.02018985E-01  2.76460811E-01
 -6.03255949E-01  1.00000000E+00  5.84536366E-01 -1.35282686E+00  4.20381410E-01  6.68498269E+00  6.01938953E-01  2.76501988E-01
 -5.85156097E-01  1.00000000E+00  5.75573857E-01 -1.35315416E+00  4.20550495E-01  6.68675846E+00  6.01947210E-01  2.76582329E-01
 -5.67056245E-01  1.00000000E+00  5.66611348E-01 -1.35348153E+00  4.20749085E-01  6.68853469E+00  6.01955488E-01  2.76662691E-01
 -5.50042515E-01  1.00000000E+00  5.58309696E-01 -1.35348727E+00  4.21059424E-01  6.69208387E+00  6.01698489E-01  2.76835699E-01
 -5.33028786E-01  1.00000000E+00  5.50008044E-01 -1.35349300E+00  4.21376516E-01  6.69563518E+00  6.01441583E-01  2.77008800E-01
 -5.17036006E-01  1.00000000E+00  5.42386909E-01 -1.35402652E+00  4.21743470E-01  6.70018708E+00  6.01352454E-01  2.77219756E-01
 -5.01043227E-01  1.00000000E+00  5.34765774E-01 -1.35456034E+00  4.22130390E-01  6.70474211E+00  6.01263405E-01  2.77430850E-01
 -4.86010125E-01  1.00000000E+00  5.27728140E-01 -1.35479825E+00  4.22611062E-01  6.70988977E+00  6.00989753E-01  2.77677274E-01
 -4.70977023E-01  1.00000000E+00  5.20690507E-01 -1.35503629E+00  4.23162239E-01  6.71504167E+00  6.00716241E-01  2.77923883E-01
 -4.56846016E-01  1.00000000E+00  5.14242671E-01 -1.35564299E+00  4.23744579E-01  6.72251726E+00  6.00434617E-01  2.78276484E-01
 -4.42715008E-01  1.00000000E+00  5.07794835E-01 -1.35625023E+00  4.24411988E-01  6.73000149E+00  6.00153236E-01  2.78629466E-01
 -4.29431964E-01  1.00000000E+00  5.01920141E-01 -1.35682360E+00  4.25214377E-01  6.73866336E+00  5.99778019E-01  2.79040243E-01
 -4.16148920E-01  1.00000000E+00  4.96045448E-01 -1.35739754E+00  4.26045895E-01  6.74733695E+00  5.99403133E-01  2.79451537E-01
 -4.03662954E-01  1.00000000E+00  4.90676414E-01 -1.35775860E+00  4.26850396E-01  6.75689839E+00  5.98885357E-01  2.79909683E-01
 -3.91176988E-01  1.00000000E+00  4.85307381E-01 -1.35812001E+00  4.27812968E-01  6.76647449E+00  5.98368027E-01  2.80368476E-01
 -3.79440270E-01  1.00000000E+00  4.80391788E-01 -1.35926246E+00  4.28859065E-01  6.77824996E+00  5.98007788E-01  2.80920099E-01
 -3.67703552E-01  1.00000000E+00  4.75476195E-01 -1.36040653E+00  4.29977537E-01  6.79004644E+00  5.97648139E-01  2.81472650E-01
 -3.56671122E-01  1.00000000E+00  4.71139586E-01 -1.36129806E+00  4.31229457E-01  6.80399994E+00  5.97031343E-01  2.82134936E-01
 -3.45638692E-01  1.00000000E+00  4.66802977E-01 -1.36219099E+00  4.32483648E-01  6.81798362E+00  5.96415425E-01  2.82798554E-01
 -3.35268287E-01  1.00000000E+00  4.62814483E-01 -1.36316482E+00  4.33714516E-01  6.83244753E+00  5.95824957E-01  2.83482844E-01
 -3.24897882E-01  1.00000000E+00  4.58825989E-01 -1.36414020E+00  4.35136410E-01  6.84694363E+00  5.95235325E-01  2.84168560E-01
 -3.15149775E-01  1.00000000E+00  4.55294965E-01 -1.36511306E+00  4.36698287E-01  6.86309880E+00  5.94526158E-01  2.84935120E-01
 -3.05401669E-01  1.00000000E+00  4.51763940E-01 -1.36608762E+00  4.38302983E-01  6.87929422E+00  5.93818083E-01  2.85703461E-01
 -2.96238520E-01  1.00000000E+00  4.48585940E-01 -1.36691142E+00  4.39942833E-01  6.89930193E+00  5.92773030E-01  2.86660405E-01
 -2.87075371E-01  1.00000000E+00  4.45407939E-01 -1.36773691E+00  4.41847922E-01  6.91937226E+00  5.91729913E-01  2.87620107E-01
 -2.78462077E-01  1.00000000E+00  4.42713696E-01 -1.36930658E+00  4.43829896E-01  6.94022140E+00  5.90932466E-01  2.88604042E-01
 -2.69848783E-01  1.00000000E+00  4.40019454E-01 -1.37087999E+00  4.45851438E-01  6.96113591E+00  5.90136839E-01  2.89590867E-01
 -2.61752348E-01  1.00000000E+00  4.37655562E-01 -1.37283583E+00  4.47857140E-01  6.98422513E+00  5.89384766E-01  2.90674562E-01
 -2.53655913E-01  1.00000000E+00  4.35291670E-01 -1.37479678E+00  4.50018824E-01  7.00739345E+00  5.88634680E-01  2.91761762E-01
 -2.46045323E-01  1.00000000E+00  4.33294539E-01 -1.37555034E+00  4.52334636E-01  7.03175476E+00  5.87307719E-01  2.92929411E-01
 -2.38434732E-01  1.00000000E+00  4.31297409E-01 -1.37630554E+00  4.54711959E-01  7.05620816E+00  5.85983623E-01  2.94101115E-01
 -2.31280830E-01  1.00000000E+00  4.29594743E-01 -1.37757117E+00  4.57149287E-01  7.08162195E+00  5.84825896E-01  2.95308911E-01
 -2.24126928E-01  1.00000000E+00  4.27892078E-01 -1.37883996E+00  4.59717701E-01  7.10713319E+00  5.83670765E-01  2.96521019E-01
 -2.17402314E-01  1.00000000E+00  4.26517644E-01 -1.38176132E+00  4.62353105E-01  7.13681936E+00  5.82883366E-01  2.97906182E-01
 -2.10677699E-01  1.00000000E+00  4.25143211E-01 -1.38469269E+00  4.65073581E-01  7.16663219E+00  5.82099278E-01  2.99296951E-01
 -2.04351753E-01  1.00000000E+00  4.24127570E-01 -1.38638774E+00  4.68006435E-01  7.19856647E+00  5.80694153E-01  3.00812378E-01
 -1.98025807E-01  1.00000000E+00  4.23111929E-01 -1.38808823E+00  4.70991493E-01  7.23065156E+00  5.79293119E-01  3.02334475E-01
 -1.91837501E-01  1.00000000E+00  4.22321105E-01 -1.39053699E+00  4.74252464E-01  7.26484987E+00  5.78084070E-01  3.03943900E-01
 -1.85649194E-01  1.00000000E+00  4.21530282E-01 -1.39299453E+00  4.77612751E-01  7.29921662E+00  5.76879112E-01  3.05560796E-01
 -1.79460888E-01  1.00000000E+00  4.21044364E-01 -1.39344542E+00  4.81420769E-01  7.33839920E+00  5.74580478E-01  3.07446306E-01
 -1.73272582E-01  1.00000000E+00  4.20558447E-01 -1.39389675E+00  4.85368947E-01  7.37781531E+00  5.72289565E-01  3.09342079E-01
 -1.67084275E-01  1.00000000E+00  4.20435980E-01 -1.39827821E+00  4.89620355E-01  7.42353304E+00  5.71160141E-01  3.11471496E-01
 -1.60895969E-01  1.00000000E+00  4.20313514E-01 -1.40268174E+00  4.94034243E-01  7.46954008E+00  5.70037702E-01  3.13613745E-01
 -1.54707662E-01  1.00000000E+00  4.20522069E-01 -1.40422490E+00  4.99162519E-01  7.52210515E+00  5.67415700E-01  3.16122248E-01
 -1.48519356E-01  1.00000000E+00  4.20730625E-01 -1.40577415E+00  5.04429179E-01  7.57507130E+00  5.64805083E-01  3.18648464E-01
 -1.42331049E-01  1.00000000E+00  4.21668126E-01 -1.41045472E+00  5.10501525E-01  7.63648650E+00  5.62894964E-01  3.21526888E-01
 -1.36142743E-01  1.00000000E+00  4.22605627E-01 -1.41516477E+00  5.16820883E-01  7.69841656E+00  5.60997033E-01  3.24428160E-01
 -1.29954436E-01  1.00000000E+00  4.24071221E-01 -1.41783524E+00  5.23490756E-01  7.76717885E+00  5.58033082E-01  3.27688444E-01
 -1.23766130E-01  1.00000000E+00  4.25536815E-01 -1.42051965E+00  5.30800374E-01  7.83659877E+00  5.55084957E-01  3.30977901E-01
 -1.17577823E-01  1.00000000E+00  4.27628849E-01 -1.42570964E+00  5.39227735E-01  7.92259081E+00  5.52117065E-01  3.35021534E-01
 -1.11389517E-01  1.00000000E+00  4.29720883E-01 -1.43094064E+00  5.48134859E-01  8.00956985E+00  5.49171384E-01  3.39109021E-01
 -1.05201210E-01  1.00000000E+00  4.33218343E-01 -1.43650346E+00  5.58762117E-01  8.11529713E+00  5.45334239E-01  3.44089222E-01
 -9.90129037E-02  1.00000000E+00  4.36715803E-01 -1.44211714E+00  5.69823344E-01  8.22249272E+00  5.41530667E-01  3.49134639E-01
 -9.28245972E-02  1.00000000E+00  4.41710881E-01 -1.44336946E+00  5.82914849E-01  8.34386745E+00  5.35560625E-01  3.54923037E-01
 -8.66362908E-02  1.00000000E+00  4.46705958E-01 -1.44461634E+00  5.96557753E-01  8.46721659E+00  5.29644295E-01  3.60798740E-01
 -8.04479843E-02  1.00000000E+00  4.53187996E-01 -1.45714674E+00  6.13180085E-01  8.62445484E+00  5.26075821E-01  3.68108137E-01
 -7.42596778E-02  1.00000000E+00  4.59670035E-01 -1.46985881E+00  6.31037075E-01  8.78468402E+00  5.22566101E-01  3.75550814E-01
 -6.80713713E-02  1.00000000E+00  4.70526279E-01 -1.45981268E+00  6.52918229E-01  8.98144462E+00  5.09823633E-01  3.85073681E-01
 -6.18830648E-02  1.00000000E+00  4.81382524E-01 -1.44951569E+00  6.77542509E-01  9.18350568E+00  4.97297281E-01  3.94827654E-01
 -5.56947583E-02  1.00000000E+00  4.91099677E-01 -1.52882602E+00  7.08326096E-01  9.51976472E+00  5.07434424E-01  4.09651377E-01
 -4.95064519E-02  1.00000000E+00  5.00816830E-01 -1.61120888E+00  7.39506313E-01  9.86891212E+00  5.18512972E-01  4.25018143E-01
 -4.33181454E-02  1.00000000E+00  5.60174813E-01 -1.45850517E+00  7.79785487E-01  1.00505323E+01  4.65007782E-01  4.35705660E-01
 -3.71298389E-02  1.00000000E+00  6.19532797E-01 -1.30460687E+00  8.40047291E-01  1.02534233E+01  4.16813213E-01  4.47118642E-01
 -3.09415324E-02  1.00000000E+00  5.20282884E-01 -1.06592665E+00  9.18940298E-01  9.93336678E+00  3.72188737E-01  4.34599002E-01
 -2.47532259E-02  1.00000000E+00  4.21032972E-01 -8.37498844E-01  9.75014165E-01  9.64604245E+00  3.37077333E-01  4.23134778E-01
 -1.85649194E-02  1.00000000E+00  1.02578975E+00 -2.66562952E+00  1.07756521E+00  1.42721107E+01  6.91112474E-01  6.17318103E-01
 -1.23766130E-02  1.00000000E+00  1.63054654E+00 -5.76646745E+00  1.30270638E+00  2.23113974E+01  1.62406501E+00  9.40333291E-01
 -6.18830648E-03  1.00000000E+00  4.32961525E-01  1.68182891E+00  2.37888812E+00  1.41921149E+01  4.10677032E-01  6.26428996E-01
  0.00000000E+00  1.00000000E+00 -7.64623486E-01  1.25490222E+01  5.66479379E+00  2.61798943E+01  6.13045614E+00  9.11338100E-01
