# curve 5 (die wall), step =        1, time =   4.00000000E-01
# N1 = tau_xx - tau_yy = G ( c_xx - c_yy ),  G =  1.0000E-01  (polymer part only)
#              x               y        pressure            c_xy        gammadot            c_xx            c_yy              N1
 -3.00000000E+00  1.00000000E+00  1.37746977E+00  0.00000000E+00  3.99997610E-01  1.00000000E+00  1.00000000E+00  0.00000000E+00
 -2.97524677E+00  1.00000000E+00  1.36683676E+00  0.00000000E+00  3.99998703E-01  1.00000000E+00  1.00000000E+00  0.00000000E+00
 -2.95049355E+00  1.00000000E+00  1.35620374E+00  0.00000000E+00  3.99999416E-01  1.00000000E+00  1.00000000E+00  0.00000000E+00
 -2.92574032E+00  1.00000000E+00  1.34556872E+00  0.00000000E+00  3.99999913E-01  1.00000000E+00  1.00000000E+00  0.00000000E+00
 -2.90098710E+00  1.00000000E+00  1.33493369E+00  0.00000000E+00  4.00000113E-01  1.00000000E+00  1.00000000E+00  0.00000000E+00
 -2.87623387E+00  1.00000000E+00  1.32429898E+00  0.00000000E+00  4.00000115E-01  1.00000000E+00  1.00000000E+00  0.00000000E+00
 -2.85148064E+00  1.00000000E+00  1.31366427E+00  0.00000000E+00  4.00000097E-01  1.00000000E+00  1.00000000E+00  0.00000000E+00
 -2.82672742E+00  1.00000000E+00  1.30302951E+00  0.00000000E+00  4.00000068E-01  1.00000000E+00  1.00000000E+00  0.00000000E+00
 -2.80197419E+00  1.00000000E+00  1.29239474E+00  0.00000000E+00  4.00000032E-01  1.00000000E+00  1.00000000E+00  0.00000000E+00
 -2.77722097E+00  1.00000000E+00  1.28175999E+00  0.00000000E+00  3.99999990E-01  1.00000000E+00  1.00000000E+00  0.00000000E+00
 -2.75246774E+00  1.00000000E+00  1.27112524E+00  0.00000000E+00  3.99999947E-01  1.00000000E+00  1.00000000E+00  0.00000000E+00
 -2.72771451E+00  1.00000000E+00  1.26049049E+00  0.00000000E+00  3.99999896E-01  1.00000000E+00  1.00000000E+00  0.00000000E+00
 -2.70296129E+00  1.00000000E+00  1.24985574E+00  0.00000000E+00  3.99999842E-01  1.00000000E+00  1.00000000E+00  0.00000000E+00
 -2.67820806E+00  1.00000000E+00  1.23922099E+00  0.00000000E+00  3.99999776E-01  1.00000000E+00  1.00000000E+00  0.00000000E+00
 -2.65345484E+00  1.00000000E+00  1.22858624E+00  0.00000000E+00  3.99999707E-01  1.00000000E+00  1.00000000E+00  0.00000000E+00
 -2.62870161E+00  1.00000000E+00  1.21795148E+00  0.00000000E+00  3.99999622E-01  1.00000000E+00  1.00000000E+00  0.00000000E+00
 -2.60394839E+00  1.00000000E+00  1.20731673E+00  0.00000000E+00  3.99999531E-01  1.00000000E+00  1.00000000E+00  0.00000000E+00
 -2.57919516E+00  1.00000000E+00  1.19668197E+00  0.00000000E+00  3.99999424E-01  1.00000000E+00  1.00000000E+00  0.00000000E+00
 -2.55444193E+00  1.00000000E+00  1.18604722E+00  0.00000000E+00  3.99999310E-01  1.00000000E+00  1.00000000E+00  0.00000000E+00
 -2.52968871E+00  1.00000000E+00  1.17541247E+00  0.00000000E+00  3.99999169E-01  1.00000000E+00  1.00000000E+00  0.00000000E+00
 -2.50493548E+00  1.00000000E+00  1.16477771E+00  0.00000000E+00  3.99999017E-01  1.00000000E+00  1.00000000E+00  0.00000000E+00
 -2.48018226E+00  1.00000000E+00  1.15414296E+00  0.00000000E+00  3.99998843E-01  1.00000000E+00  1.00000000E+00  0.00000000E+00
 -2.45542903E+00  1.00000000E+00  1.14350820E+00  0.00000000E+00  3.99998654E-01  1.00000000E+00  1.00000000E+00  0.00000000E+00
 -2.43067580E+00  1.00000000E+00  1.13287345E+00  0.00000000E+00  3.99998426E-01  1.00000000E+00  1.00000000E+00  0.00000000E+00
 -2.40592258E+00  1.00000000E+00  1.12223870E+00  0.00000000E+00  3.99998186E-01  1.00000000E+00  1.00000000E+00  0.00000000E+00
 -2.38116935E+00  1.00000000E+00  1.11160396E+00  0.00000000E+00  3.99997896E-01  1.00000000E+00  1.00000000E+00  0.00000000E+00
 -2.35641613E+00  1.00000000E+00  1.10096922E+00  0.00000000E+00  3.99997587E-01  1.00000000E+00  1.00000000E+00  0.00000000E+00
 -2.33166290E+00  1.00000000E+00  1.09033449E+00  0.00000000E+00  3.99997215E-01  1.00000000E+00  1.00000000E+00  0.00000000E+00
 -2.30690967E+00  1.00000000E+00  1.07969976E+00  0.00000000E+00  3.99996819E-01  1.00000000E+00  1.00000000E+00  0.00000000E+00
 -2.28215645E+00  1.00000000E+00  1.06906505E+00  0.00000000E+00  3.99996351E-01  1.00000000E+00  1.00000000E+00  0.00000000E+00
 -2.25740322E+00  1.00000000E+00  1.05843034E+00  0.00000000E+00  3.99995854E-01  1.00000000E+00  1.00000000E+00  0.00000000E+00
 -2.23265000E+00  1.00000000E+00  1.04779564E+00  0.00000000E+00  3.99995264E-01  1.00000000E+00  1.00000000E+00  0.00000000E+00
 -2.20789677E+00  1.00000000E+00  1.03716095E+00  0.00000000E+00  3.99994626E-01  1.00000000E+00  1.00000000E+00  0.00000000E+00
 -2.18314354E+00  1.00000000E+00  1.02652629E+00  0.00000000E+00  3.99993904E-01  1.00000000E+00  1.00000000E+00  0.00000000E+00
 -2.15839032E+00  1.00000000E+00  1.01589163E+00  0.00000000E+00  3.99993133E-01  1.00000000E+00  1.00000000E+00  0.00000000E+00
 -2.13363709E+00  1.00000000E+00  1.00525705E+00  0.00000000E+00  3.99992218E-01  1.00000000E+00  1.00000000E+00  0.00000000E+00
 -2.10888387E+00  1.00000000E+00  9.94622473E-01  0.00000000E+00  3.99991262E-01  1.00000000E+00  1.00000000E+00  0.00000000E+00
 -2.08413064E+00  1.00000000E+00  9.83987955E-01  0.00000000E+00  3.99990117E-01  1.00000000E+00  1.00000000E+00  0.00000000E+00
 -2.05937741E+00  1.00000000E+00  9.73353437E-01  0.00000000E+00  3.99988927E-01  1.00000000E+00  1.00000000E+00  0.00000000E+00
 -2.03462419E+00  1.00000000E+00  9.62719050E-01  0.00000000E+00  3.99987509E-01  1.00000000E+00  1.00000000E+00  0.00000000E+00
 -2.00987096E+00  1.00000000E+00  9.52084663E-01  0.00000000E+00  3.99986015E-01  1.00000000E+00  1.00000000E+00  0.00000000E+00
 -1.98511774E+00  1.00000000E+00  9.41450398E-01  0.00000000E+00  3.99984303E-01  1.00000000E+00  1.00000000E+00  0.00000000E+00
 -1.96036451E+00  1.00000000E+00  9.30816132E-01  0.00000000E+00  3.99982492E-01  1.00000000E+00  1.00000000E+00  0.00000000E+00
 -1.93561128E+00  1.00000000E+00  9.20182065E-01  0.00000000E+00  3.99980397E-01  1.00000000E+00  1.00000000E+00  0.00000000E+00
 -1.91085806E+00  1.00000000E+00  9.09547998E-01  0.00000000E+00  3.99978101E-01  1.00000000E+00  1.00000000E+00  0.00000000E+00
 -1.88610483E+00  1.00000000E+00  8.98914196E-01  0.00000000E+00  3.99975546E-01  1.00000000E+00  1.00000000E+00  0.00000000E+00
 -1.86135161E+00  1.00000000E+00  8.88280394E-01  0.00000000E+00  3.99972800E-01  1.00000000E+00  1.00000000E+00  0.00000000E+00
 -1.83659838E+00  1.00000000E+00  8.77646918E-01  0.00000000E+00  3.99969727E-01  1.00000000E+00  1.00000000E+00  0.00000000E+00
 -1.81184516E+00  1.00000000E+00  8.67013442E-01  0.00000000E+00  3.99966539E-01  1.00000000E+00  1.00000000E+00  0.00000000E+00
 -1.78709193E+00  1.00000000E+00  8.56380483E-01  0.00000000E+00  3.99962820E-01  1.00000000E+00  1.00000000E+00  0.00000000E+00
 -1.76233870E+00  1.00000000E+00  8.45747525E-01  0.00000000E+00  3.99958750E-01  1.00000000E+00  1.00000000E+00  0.00000000E+00
 -1.73758548E+00  1.00000000E+00  8.35115193E-01  0.00000000E+00  3.99954244E-01  1.00000000E+00  1.00000000E+00  0.00000000E+00
 -1.71283225E+00  1.00000000E+00  8.24482861E-01  0.00000000E+00  3.99949608E-01  1.00000000E+00  1.00000000E+00  0.00000000E+00
 -1.68807903E+00  1.00000000E+00  8.13851148E-01  0.00000000E+00  3.99944653E-01  1.00000000E+00  1.00000000E+00  0.00000000E+00
 -1.66332580E+00  1.00000000E+00  8.03219436E-01  0.00000000E+00  3.99939262E-01  1.00000000E+00  1.00000000E+00  0.00000000E+00
 -1.63857257E+00  1.00000000E+00  7.92588874E-01  0.00000000E+00  3.99933044E-01  1.00000000E+00  1.00000000E+00  0.00000000E+00
 -1.61381935E+00  1.00000000E+00  7.81958312E-01  0.00000000E+00  3.99926502E-01  1.00000000E+00  1.00000000E+00  0.00000000E+00
 -1.58906612E+00  1.00000000E+00  7.71328791E-01  0.00000000E+00  3.99919583E-01  1.00000000E+00  1.00000000E+00  0.00000000E+00
 -1.56431290E+00  1.00000000E+00  7.60699270E-01  0.00000000E+00  3.99912248E-01  1.00000000E+00  1.00000000E+00  0.00000000E+00
 -1.53955967E+00  1.00000000E+00  7.50071462E-01  0.00000000E+00  3.99903988E-01  1.00000000E+00  1.00000000E+00  0.00000000E+00
 -1.51480644E+00  1.00000000E+00  7.39443653E-01  0.00000000E+00  3.99895728E-01  1.00000000E+00  1.00000000E+00  0.00000000E+00
 -1.49005322E+00  1.00000000E+00  7.28817739E-01  0.00000000E+00  3.99886500E-01  1.00000000E+00  1.00000000E+00  0.00000000E+00
 -1.46529999E+00  1.00000000E+00  7.18191825E-01  0.00000000E+00  3.99876905E-01  1.00000000E+00  1.00000000E+00  0.00000000E+00
 -1.44054677E+00  1.00000000E+00  7.07568675E-01  0.00000000E+00  3.99867188E-01  1.00000000E+00  1.00000000E+00  0.00000000E+00
 -1.41579354E+00  1.00000000E+00  6.96945525E-01  0.00000000E+00  3.99856005E-01  1.00000000E+00  1.00000000E+00  0.00000000E+00
 -1.39104031E+00  1.00000000E+00  6.86325215E-01  0.00000000E+00  3.99844235E-01  1.00000000E+00  1.00000000E+00  0.00000000E+00
 -1.36628709E+00  1.00000000E+00  6.75704905E-01  0.00000000E+00  3.99833010E-01  1.00000000E+00  1.00000000E+00  0.00000000E+00
 -1.34153386E+00  1.00000000E+00  6.65088810E-01  0.00000000E+00  3.99821196E-01  1.00000000E+00  1.00000000E+00  0.00000000E+00
 -1.31678064E+00  1.00000000E+00  6.54472714E-01  0.00000000E+00  3.99809235E-01  1.00000000E+00  1.00000000E+00  0.00000000E+00
 -1.29202741E+00  1.00000000E+00  6.43861046E-01  0.00000000E+00  3.99796917E-01  1.00000000E+00  1.00000000E+00  0.00000000E+00
 -1.26727418E+00  1.00000000E+00  6.33249379E-01  0.00000000E+00  3.99784445E-01  1.00000000E+00  1.00000000E+00  0.00000000E+00
 -1.24252096E+00  1.00000000E+00  6.22644571E-01  0.00000000E+00  3.99773964E-01  1.00000000E+00  1.00000000E+00  0.00000000E+00
 -1.21776773E+00  1.00000000E+00  6.12039763E-01  0.00000000E+00  3.99760636E-01  1.00000000E+00  1.00000000E+00  0.00000000E+00
 -1.19301451E+00  1.00000000E+00  6.01441217E-01  0.00000000E+00  3.99748199E-01  1.00000000E+00  1.00000000E+00  0.00000000E+00
 -1.16826128E+00  1.00000000E+00  5.90842670E-01  0.00000000E+00  3.99739320E-01  1.00000000E+00  1.00000000E+00  0.00000000E+00
 -1.14350806E+00  1.00000000E+00  5.80254025E-01  0.00000000E+00  3.99731839E-01  1.00000000E+00  1.00000000E+00  0.00000000E+00
 -1.11875483E+00  1.00000000E+00  5.69665379E-01  0.00000000E+00  3.99724746E-01  1.00000000E+00  1.00000000E+00  0.00000000E+00
 -1.09400160E+00  1.00000000E+00  5.59088751E-01  0.00000000E+00  3.99723532E-01  1.00000000E+00  1.00000000E+00  0.00000000E+00
 -1.06924838E+00  1.00000000E+00  5.48512122E-01  0.00000000E+00  3.99723758E-01  1.00000000E+00  1.00000000E+00  0.00000000E+00
 -1.04449515E+00  1.00000000E+00  5.37947757E-01  0.00000000E+00  3.99728240E-01  1.00000000E+00  1.00000000E+00  0.00000000E+00
 -1.01974193E+00  1.00000000E+00  5.27383392E-01  0.00000000E+00  3.99732804E-01  1.00000000E+00  1.00000000E+00  0.00000000E+00
 -9.94988700E-01  1.00000000E+00  5.16834735E-01  0.00000000E+00  3.99749523E-01  1.00000000E+00  1.00000000E+00  0.00000000E+00
 -9.70235474E-01  1.00000000E+00  5.06286078E-01  0.00000000E+00  3.99771010E-01  1.00000000E+00  1.00000000E+00  0.00000000E+00
 -9.45482248E-01  1.00000000E+00  4.95759245E-01  0.00000000E+00  3.99808933E-01  1.00000000E+00  1.00000000E+00  0.00000000E+00
 -9.20729022E-01  1.00000000E+00  4.85232412E-01  0.00000000E+00  3.99852071E-01  1.00000000E+00  1.00000000E+00  0.00000000E+00
 -8.95975796E-01  1.00000000E+00  4.74728730E-01  0.00000000E+00  3.99908014E-01  1.00000000E+00  1.00000000E+00  0.00000000E+00
 -8.71222570E-01  1.00000000E+00  4.64225049E-01  0.00000000E+00  3.99972245E-01  1.00000000E+00  1.00000000E+00  0.00000000E+00
 -8.46469344E-01  1.00000000E+00  4.53743287E-01  0.00000000E+00  4.00075892E-01  1.00000000E+00  1.00000000E+00  0.00000000E+00
 -8.21716118E-01  1.00000000E+00  4.43261524E-01  0.00000000E+00  4.00185764E-01  1.00000000E+00  1.00000000E+00  0.00000000E+00
 -7.97201467E-01  1.00000000E+00  4.32924372E-01  0.00000000E+00  4.00341990E-01  1.00000000E+00  1.00000000E+00  0.00000000E+00
 -7.72686817E-01  1.00000000E+00  4.22587220E-01  0.00000000E+00  4.00508577E-01  1.00000000E+00  1.00000000E+00  0.00000000E+00
 -7.49503432E-01  1.00000000E+00  4.12847925E-01  0.00000000E+00  4.00714578E-01  1.00000000E+00  1.00000000E+00  0.00000000E+00
 -7.26320047E-01  1.00000000E+00  4.03108629E-01  0.00000000E+00  4.00940464E-01  1.00000000E+00  1.00000000E+00  0.00000000E+00
 -7.04527831E-01  1.00000000E+00  3.93977812E-01  0.00000000E+00  4.01212143E-01  1.00000000E+00  1.00000000E+00  0.00000000E+00
 -6.82735615E-01  1.00000000E+00  3.84846995E-01  0.00000000E+00  4.01506819E-01  1.00000000E+00  1.00000000E+00  0.00000000E+00
 -6.62251087E-01  1.00000000E+00  3.76332766E-01  0.00000000E+00  4.01857381E-01  1.00000000E+00  1.00000000E+00  0.00000000E+00
 -6.41766559E-01  1.00000000E+00  3.67818537E-01  0.00000000E+00  4.02239331E-01  1.00000000E+00  1.00000000E+00  0.00000000E+00
 -6.22511254E-01  1.00000000E+00  3.59829281E-01  0.00000000E+00  4.02661171E-01  1.00000000E+00  1.00000000E+00  0.00000000E+00
 -6.03255949E-01  1.00000000E+00  3.51840025E-01  0.00000000E+00  4.03114778E-01  1.00000000E+00  1.00000000E+00  0.00000000E+00
 -5.85156097E-01  1.00000000E+00  3.44373513E-01  0.00000000E+00  4.03630786E-01  1.00000000E+00  1.00000000E+00  0.00000000E+00
 -5.67056245E-01  1.00000000E+00  3.36907001E-01  0.00000000E+00  4.04184994E-01  1.00000000E+00  1.00000000E+00  0.00000000E+00
 -5.50042515E-01  1.00000000E+00  3.29934875E-01  0.00000000E+00  4.04822140E-01  1.00000000E+00  1.00000000E+00  0.00000000E+00
 -5.33028786E-01  1.00000000E+00  3.22962750E-01  0.00000000E+00  4.05489865E-01  1.00000000E+00  1.00000000E+00  0.00000000E+00
 -5.17036006E-01  1.00000000E+00  3.16450325E-01  0.00000000E+00  4.06235562E-01  1.00000000E+00  1.00000000E+00  0.00000000E+00
 -5.01043227E-01  1.00000000E+00  3.09937900E-01  0.00000000E+00  4.07026224E-01  1.00000000E+00  1.00000000E+00  0.00000000E+00
 -4.86010125E-01  1.00000000E+00  3.03865347E-01  0.00000000E+00  4.07887552E-01  1.00000000E+00  1.00000000E+00  0.00000000E+00
 -4.70977023E-01  1.00000000E+00  2.97792793E-01  0.00000000E+00  4.08802773E-01  1.00000000E+00  1.00000000E+00  0.00000000E+00
 -4.56846016E-01  1.00000000E+00  2.92102228E-01  0.00000000E+00  4.09773082E-01  1.00000000E+00  1.00000000E+00  0.00000000E+00
 -4.42715008E-01  1.00000000E+00  2.86411663E-01  0.00000000E+00  4.10811114E-01  1.00000000E+00  1.00000000E+00  0.00000000E+00
 -4.29431964E-01  1.00000000E+00  2.81136867E-01  0.00000000E+00  4.11972610E-01  1.00000000E+00  1.00000000E+00  0.00000000E+00
 -4.16148920E-01  1.00000000E+00  2.75862071E-01  0.00000000E+00  4.13200074E-01  1.00000000E+00  1.00000000E+00  0.00000000E+00
 -4.03662954E-01  1.00000000E+00  2.70940778E-01  0.00000000E+00  4.14427571E-01  1.00000000E+00  1.00000000E+00  0.00000000E+00
 -3.91176988E-01  1.00000000E+00  2.66019485E-01  0.00000000E+00  4.15749895E-01  1.00000000E+00  1.00000000E+00  0.00000000E+00
 -3.79440270E-01  1.00000000E+00  2.61383810E-01  0.00000000E+00  4.17185326E-01  1.00000000E+00  1.00000000E+00  0.00000000E+00
 -3.67703552E-01  1.00000000E+00  2.56748135E-01  0.00000000E+00  4.18698123E-01  1.00000000E+00  1.00000000E+00  0.00000000E+00
 -3.56671122E-01  1.00000000E+00  2.52506274E-01  0.00000000E+00  4.20275795E-01  1.00000000E+00  1.00000000E+00  0.00000000E+00
 -3.45638692E-01  1.00000000E+00  2.48264412E-01  0.00000000E+00  4.21934228E-01  1.00000000E+00  1.00000000E+00  0.00000000E+00
 -3.35268287E-01  1.00000000E+00  2.44270638E-01  0.00000000E+00  4.23633056E-01  1.00000000E+00  1.00000000E+00  0.00000000E+00
 -3.24897882E-01  1.00000000E+00  2.40276863E-01  0.00000000E+00  4.25450722E-01  1.00000000E+00  1.00000000E+00  0.00000000E+00
 -3.15149775E-01  1.00000000E+00  2.36597003E-01  0.00000000E+00  4.27389100E-01  1.00000000E+00  1.00000000E+00  0.00000000E+00
 -3.05401669E-01  1.00000000E+00  2.32917143E-01  0.00000000E+00  4.29385727E-01  1.00000000E+00  1.00000000E+00  0.00000000E+00
 -2.96238520E-01  1.00000000E+00  2.29474218E-01  0.00000000E+00  4.31433632E-01  1.00000000E+00  1.00000000E+00  0.00000000E+00
 -2.87075371E-01  1.00000000E+00  2.26031293E-01  0.00000000E+00  4.33678869E-01  1.00000000E+00  1.00000000E+00  0.00000000E+00
 -2.78462077E-01  1.00000000E+00  2.22842298E-01  0.00000000E+00  4.35959883E-01  1.00000000E+00  1.00000000E+00  0.00000000E+00
 -2.69848783E-01  1.00000000E+00  2.19653302E-01  0.00000000E+00  4.38339347E-01  1.00000000E+00  1.00000000E+00  0.00000000E+00
 -2.61752348E-01  1.00000000E+00  2.16721923E-01  0.00000000E+00  4.40768059E-01  1.00000000E+00  1.00000000E+00  0.00000000E+00
 -2.53655913E-01  1.00000000E+00  2.13790544E-01  0.00000000E+00  4.43317339E-01  1.00000000E+00  1.00000000E+00  0.00000000E+00
 -2.46045323E-01  1.00000000E+00  2.11076027E-01  0.00000000E+00  4.45971103E-01  1.00000000E+00  1.00000000E+00  0.00000000E+00
 -2.38434732E-01  1.00000000E+00  2.08361511E-01  0.00000000E+00  4.48704116E-01  1.00000000E+00  1.00000000E+00  0.00000000E+00
 -2.31280830E-01  1.00000000E+00  2.05851215E-01  0.00000000E+00  4.51525599E-01  1.00000000E+00  1.00000000E+00  0.00000000E+00
 -2.24126928E-01  1.00000000E+00  2.03340919E-01  0.00000000E+00  4.54462887E-01  1.00000000E+00  1.00000000E+00  0.00000000E+00
 -2.17402314E-01  1.00000000E+00  2.00989754E-01  0.00000000E+00  4.57491776E-01  1.00000000E+00  1.00000000E+00  0.00000000E+00
 -2.10677699E-01  1.00000000E+00  1.98638590E-01  0.00000000E+00  4.60619959E-01  1.00000000E+00  1.00000000E+00  0.00000000E+00
 -2.04351753E-01  1.00000000E+00  1.96533543E-01  0.00000000E+00  4.63896115E-01  1.00000000E+00  1.00000000E+00  0.00000000E+00
 -1.98025807E-01  1.00000000E+00  1.94428497E-01  0.00000000E+00  4.67240450E-01  1.00000000E+00  1.00000000E+00  0.00000000E+00
 -1.91837501E-01  1.00000000E+00  1.92377176E-01  0.00000000E+00  4.70883537E-01  1.00000000E+00  1.00000000E+00  0.00000000E+00
 -1.85649194E-01  1.00000000E+00  1.90325855E-01  0.00000000E+00  4.74632407E-01  1.00000000E+00  1.00000000E+00  0.00000000E+00
 -1.79460888E-01  1.00000000E+00  1.88427816E-01  0.00000000E+00  4.78760842E-01  1.00000000E+00  1.00000000E+00  0.00000000E+00
 -1.73272582E-01  1.00000000E+00  1.86529778E-01  0.00000000E+00  4.83026753E-01  1.00000000E+00  1.00000000E+00  0.00000000E+00
 -1.67084275E-01  1.00000000E+00  1.84577786E-01  0.00000000E+00  4.87697169E-01  1.00000000E+00  1.00000000E+00  0.00000000E+00
 -1.60895969E-01  1.00000000E+00  1.82625795E-01  0.00000000E+00  4.92548912E-01  1.00000000E+00  1.00000000E+00  0.00000000E+00
 -1.54707662E-01  1.00000000E+00  1.80802880E-01  0.00000000E+00  4.98020288E-01  1.00000000E+00  1.00000000E+00  0.00000000E+00
 -1.48519356E-01  1.00000000E+00  1.78979966E-01  0.00000000E+00  5.03695489E-01  1.00000000E+00  1.00000000E+00  0.00000000E+00
 -1.42331049E-01  1.00000000E+00  1.77331512E-01  0.00000000E+00  5.10120840E-01  1.00000000E+00  1.00000000E+00  0.00000000E+00
 -1.36142743E-01  1.00000000E+00  1.75683058E-01  0.00000000E+00  5.16896718E-01  1.00000000E+00  1.00000000E+00  0.00000000E+00
 -1.29954436E-01  1.00000000E+00  1.74273979E-01  0.00000000E+00  5.24156808E-01  1.00000000E+00  1.00000000E+00  0.00000000E+00
 -1.23766130E-01  1.00000000E+00  1.72864901E-01  0.00000000E+00  5.31944013E-01  1.00000000E+00  1.00000000E+00  0.00000000E+00
 -1.17577823E-01  1.00000000E+00  1.71278996E-01  0.00000000E+00  5.40800874E-01  1.00000000E+00  1.00000000E+00  0.00000000E+00
 -1.11389517E-01  1.00000000E+00  1.69693091E-01  0.00000000E+00  5.50192932E-01  1.00000000E+00  1.00000000E+00  0.00000000E+00
 -1.05201210E-01  1.00000000E+00  1.68581333E-01  0.00000000E+00  5.61078742E-01  1.00000000E+00  1.00000000E+00  0.00000000E+00
 -9.90129037E-02  1.00000000E+00  1.67469574E-01  0.00000000E+00  5.72661007E-01  1.00000000E+00  1.00000000E+00  0.00000000E+00
 -9.28245972E-02  1.00000000E+00  1.66964381E-01  0.00000000E+00  5.86034439E-01  1.00000000E+00  1.00000000E+00  0.00000000E+00
 -8.66362908E-02  1.00000000E+00  1.66459189E-01  0.00000000E+00  6.00127287E-01  1.00000000E+00  1.00000000E+00  0.00000000E+00
 -8.04479843E-02  1.00000000E+00  1.65746743E-01  0.00000000E+00  6.17368186E-01  1.00000000E+00  1.00000000E+00  0.00000000E+00
 -7.42596778E-02  1.00000000E+00  1.65034297E-01  0.00000000E+00  6.36046151E-01  1.00000000E+00  1.00000000E+00  0.00000000E+00
 -6.80713713E-02  1.00000000E+00  1.65725499E-01  0.00000000E+00  6.57715264E-01  1.00000000E+00  1.00000000E+00  0.00000000E+00
 -6.18830648E-02  1.00000000E+00  1.66416701E-01  0.00000000E+00  6.82198182E-01  1.00000000E+00  1.00000000E+00  0.00000000E+00
 -5.56947583E-02  1.00000000E+00  1.67613180E-01  0.00000000E+00  7.12103279E-01  1.00000000E+00  1.00000000E+00  0.00000000E+00
 -4.95064519E-02  1.00000000E+00  1.68809658E-01  0.00000000E+00  7.48101063E-01  1.00000000E+00  1.00000000E+00  0.00000000E+00
 -4.33181454E-02  1.00000000E+00  1.78609460E-01  0.00000000E+00  7.92763285E-01  1.00000000E+00  1.00000000E+00  0.00000000E+00
 -3.71298389E-02  1.00000000E+00  1.88409262E-01  0.00000000E+00  8.47667529E-01  1.00000000E+00  1.00000000E+00  0.00000000E+00
 -3.09415324E-02  1.00000000E+00  1.64231514E-01  0.00000000E+00  9.27357660E-01  1.00000000E+00  1.00000000E+00  0.00000000E+00
 -2.47532259E-02  1.00000000E+00  1.40053765E-01  0.00000000E+00  1.01218336E+00  1.00000000E+00  1.00000000E+00  0.00000000E+00
 -1.85649194E-02  1.00000000E+00  3.42578456E-01  0.00000000E+00  1.16903131E+00  1.00000000E+00  1.00000000E+00  0.00000000E+00
 -1.23766130E-02  1.00000000E+00  5.45103146E-01  0.00000000E+00  1.46091758E+00  1.00000000E+00  1.00000000E+00  0.00000000E+00
 -6.18830648E-03  1.00000000E+00 -6.15158503E-02  0.00000000E+00  2.02055979E+00  1.00000000E+00  1.00000000E+00  0.00000000E+00
  0.00000000E+00  1.00000000E+00 -6.68134847E-01  0.00000000E+00  2.91823016E+00  1.00000000E+00  1.00000000E+00  0.00000000E+00
