# curve 5 (die wall), step =      800, time =   1.60000000E+02
# N1 = tau_xx - tau_yy = G ( c_xx - c_yy ),  G =  6.6667E-02  (polymer part only)
#              x               y        pressure            c_xy        gammadot            c_xx            c_yy              N1
 -3.00000000E+00  1.00000000E+00  3.12950629E+00 -3.60357637E+00  4.00288090E-01  2.69765516E+01  9.99776550E-01  1.73178500E+00
 -2.95108291E+00  1.00000000E+00  3.09030140E+00 -3.60494272E+00  4.00145398E-01  2.69835648E+01  1.00008862E+00  1.73223175E+00
 -2.90216582E+00  1.00000000E+00  3.05109652E+00 -3.60630952E+00  4.00139506E-01  2.69905799E+01  1.00040080E+00  1.73267861E+00
 -2.85324873E+00  1.00000000E+00  3.01097409E+00 -3.59917866E+00  3.99941581E-01  2.69652296E+01  9.98982472E-01  1.73108314E+00
 -2.80433164E+00  1.00000000E+00  2.97085166E+00 -3.59205673E+00  3.99988470E-01  2.69399066E+01  9.97567012E-01  1.72948931E+00
 -2.75541455E+00  1.00000000E+00  2.93181460E+00 -3.59573109E+00  4.00375520E-01  2.69391104E+01  9.98427858E-01  1.72937883E+00
 -2.70649746E+00  1.00000000E+00  2.89277754E+00 -3.59940530E+00  4.00437550E-01  2.69383174E+01  9.99289636E-01  1.72926852E+00
 -2.65758037E+00  1.00000000E+00  2.85376553E+00 -3.60256853E+00  4.00533447E-01  2.69526860E+01  9.99886518E-01  1.73018663E+00
 -2.60866328E+00  1.00000000E+00  2.81475352E+00 -3.60573386E+00  4.00369722E-01  2.69670626E+01  1.00048392E+00  1.73110525E+00
 -2.55974619E+00  1.00000000E+00  2.77602793E+00 -3.60614986E+00  4.00253565E-01  2.69775680E+01  1.00052683E+00  1.73180275E+00
 -2.51082911E+00  1.00000000E+00  2.73730235E+00 -3.60656573E+00  4.00362583E-01  2.69880777E+01  1.00056972E+00  1.73250053E+00
 -2.46191202E+00  1.00000000E+00  2.69751011E+00 -3.60385619E+00  4.00188726E-01  2.69776504E+01  9.99983666E-01  1.73184445E+00
 -2.41299493E+00  1.00000000E+00  2.65771788E+00 -3.60114808E+00  4.00105860E-01  2.69672276E+01  9.99398042E-01  1.73118864E+00
 -2.36407784E+00  1.00000000E+00  2.61906391E+00 -3.60338097E+00  4.00100603E-01  2.69683766E+01  1.00006178E+00  1.73122099E+00
 -2.31516075E+00  1.00000000E+00  2.58040995E+00 -3.60561429E+00  4.00019256E-01  2.69695266E+01  1.00072594E+00  1.73125338E+00
 -2.26624366E+00  1.00000000E+00  2.54112803E+00 -3.60322091E+00  3.99994120E-01  2.69799231E+01  9.99901963E-01  1.73200141E+00
 -2.21732657E+00  1.00000000E+00  2.50184610E+00 -3.60082626E+00  4.00121384E-01  2.69903267E+01  9.99078520E-01  1.73274988E+00
 -2.16840948E+00  1.00000000E+00  2.46233526E+00 -3.60293122E+00  4.00139107E-01  2.69851007E+01  9.99641472E-01  1.73236395E+00
 -2.11949239E+00  1.00000000E+00  2.42282441E+00 -3.60503550E+00  4.00092594E-01  2.69798774E+01  1.00020476E+00  1.73197818E+00
 -2.07057530E+00  1.00000000E+00  2.38442567E+00 -3.60656648E+00  4.00226904E-01  2.70018767E+01  1.00035534E+00  1.73343476E+00
 -2.02165821E+00  1.00000000E+00  2.34602693E+00 -3.60809796E+00  4.00199576E-01  2.70238943E+01  1.00050590E+00  1.73489256E+00
 -1.97274112E+00  1.00000000E+00  2.30592010E+00 -3.60338668E+00  4.00039623E-01  2.70091360E+01  9.99411373E-01  1.73398164E+00
 -1.92382403E+00  1.00000000E+00  2.26581327E+00 -3.59867927E+00  4.00056029E-01  2.69943876E+01  9.98318244E-01  1.73307129E+00
 -1.87490694E+00  1.00000000E+00  2.22670442E+00 -3.60387519E+00  4.00167173E-01  2.69845822E+01  9.99881786E-01  1.73231336E+00
 -1.82598985E+00  1.00000000E+00  2.18759557E+00 -3.60906928E+00  4.00048566E-01  2.69747895E+01  1.00144757E+00  1.73155613E+00
 -1.77707276E+00  1.00000000E+00  2.14872999E+00 -3.61214830E+00  4.00014092E-01  2.69913625E+01  1.00207700E+00  1.73261903E+00
 -1.72815567E+00  1.00000000E+00  2.10986441E+00 -3.61522960E+00  3.99759717E-01  2.70079458E+01  1.00270693E+00  1.73368259E+00
 -1.67923858E+00  1.00000000E+00  2.07077248E+00 -3.61211842E+00  3.99276863E-01  2.69957324E+01  1.00219852E+00  1.73290226E+00
 -1.63032150E+00  1.00000000E+00  2.03168056E+00 -3.60900894E+00  3.99195925E-01  2.69835251E+01  1.00169062E+00  1.73212230E+00
 -1.58140441E+00  1.00000000E+00  1.99196783E+00 -3.60680254E+00  3.98767353E-01  2.69412278E+01  1.00207162E+00  1.72927708E+00
 -1.53248732E+00  1.00000000E+00  1.95225510E+00 -3.60459752E+00  3.98482262E-01  2.68989989E+01  1.00245268E+00  1.72643641E+00
 -1.48357023E+00  1.00000000E+00  1.91259729E+00 -3.59516181E+00  3.98244391E-01  2.68648964E+01  1.00024918E+00  1.72430982E+00
 -1.43465314E+00  1.00000000E+00  1.87293947E+00 -3.58574340E+00  3.98393923E-01  2.68308428E+01  9.98051238E-01  1.72218610E+00
 -1.38573605E+00  1.00000000E+00  1.83322800E+00 -3.58323051E+00  3.97816483E-01  2.67501127E+01  9.99177991E-01  1.71672898E+00
 -1.33681896E+00  1.00000000E+00  1.79351652E+00 -3.58071578E+00  3.97205531E-01  2.66696382E+01  1.00030479E+00  1.71128889E+00
 -1.28790187E+00  1.00000000E+00  1.75400373E+00 -3.58098766E+00  3.96313463E-01  2.65880793E+01  1.00197084E+00  1.70574056E+00
 -1.23898478E+00  1.00000000E+00  1.71449094E+00 -3.58124476E+00  3.95263782E-01  2.65067947E+01  1.00363695E+00  1.70021052E+00
 -1.19006769E+00  1.00000000E+00  1.67634291E+00 -3.57238030E+00  3.93713023E-01  2.64100662E+01  1.00338761E+00  1.69377857E+00
 -1.14115060E+00  1.00000000E+00  1.63819487E+00 -3.56354106E+00  3.92282491E-01  2.63136929E+01  1.00314016E+00  1.68737018E+00
 -1.09223351E+00  1.00000000E+00  1.59699888E+00 -3.54999093E+00  3.91223214E-01  2.61512469E+01  1.00272664E+00  1.67656802E+00
 -1.04331642E+00  1.00000000E+00  1.55580289E+00 -3.53649865E+00  3.89947561E-01  2.59898147E+01  1.00231553E+00  1.66583328E+00
 -9.94399333E-01  1.00000000E+00  1.51840599E+00 -3.53381170E+00  3.87708313E-01  2.57775910E+01  1.00587273E+00  1.65144788E+00
 -9.45482243E-01  1.00000000E+00  1.48100909E+00 -3.53105772E+00  3.85311627E-01  2.55672359E+01  1.00942732E+00  1.63718724E+00
 -8.96565154E-01  1.00000000E+00  1.44250194E+00 -3.51100306E+00  3.82281954E-01  2.53323551E+01  1.00924751E+00  1.62154050E+00
 -8.47648064E-01  1.00000000E+00  1.40399478E+00 -3.49108089E+00  3.79881610E-01  2.50996549E+01  1.00907568E+00  1.60603862E+00
 -7.99501858E-01  1.00000000E+00  1.36883119E+00 -3.47129172E+00  3.75334129E-01  2.47429506E+01  1.01113479E+00  1.58212105E+00
 -7.51355652E-01  1.00000000E+00  1.33366759E+00 -3.45159210E+00  3.72422780E-01  2.43914802E+01  1.01318563E+00  1.55855297E+00
 -7.08111109E-01  1.00000000E+00  1.30213579E+00 -3.40011006E+00  3.68150395E-01  2.39211850E+01  1.00834192E+00  1.52752287E+00
 -6.64866566E-01  1.00000000E+00  1.27060400E+00 -3.34946034E+00  3.65568127E-01  2.34599831E+01  1.00356984E+00  1.49709422E+00
 -6.26599939E-01  1.00000000E+00  1.24375929E+00 -3.32071023E+00  3.63573808E-01  2.30976069E+01  1.00290738E+00  1.47297997E+00
 -5.88333313E-01  1.00000000E+00  1.21691459E+00 -3.29222640E+00  3.61201112E-01  2.27409225E+01  1.00224777E+00  1.44924498E+00
 -5.54471587E-01  1.00000000E+00  1.19621240E+00 -3.27431410E+00  3.59405674E-01  2.24628277E+01  1.00322606E+00  1.43064011E+00
 -5.20609860E-01  1.00000000E+00  1.17551021E+00 -3.25649383E+00  3.56955028E-01  2.21882303E+01  1.00419949E+00  1.41226872E+00
 -4.90645977E-01  1.00000000E+00  1.15933042E+00 -3.23054365E+00  3.53379082E-01  2.18374116E+01  1.00413731E+00  1.38888495E+00
 -4.60682095E-01  1.00000000E+00  1.14315064E+00 -3.20480408E+00  3.51007617E-01  2.14922652E+01  1.00407041E+00  1.36587966E+00
 -4.34167380E-01  1.00000000E+00  1.13122631E+00 -3.18314756E+00  3.49952771E-01  2.12657737E+01  1.00295209E+00  1.35085477E+00
 -4.07652666E-01  1.00000000E+00  1.11930198E+00 -3.16165585E+00  3.47875643E-01  2.10416935E+01  1.00184253E+00  1.33599006E+00
 -3.84190072E-01  1.00000000E+00  1.10879232E+00 -3.12545161E+00  3.45297658E-01  2.07068089E+01  9.98368321E-01  1.31389604E+00
 -3.60727478E-01  1.00000000E+00  1.09828267E+00 -3.08970128E+00  3.43970368E-01  2.03772841E+01  9.94927687E-01  1.29215710E+00
 -3.39965684E-01  1.00000000E+00  1.09391126E+00 -3.08822676E+00  3.42969461E-01  2.01705231E+01  9.99296778E-01  1.27808176E+00
 -3.19203889E-01  1.00000000E+00  1.08953985E+00 -3.08664324E+00  3.40962646E-01  1.99660689E+01  1.00366185E+00  1.26416047E+00
 -3.00831998E-01  1.00000000E+00  1.08910774E+00 -3.08040903E+00  3.37585201E-01  1.97268311E+01  1.00852200E+00  1.24788727E+00
 -2.82460107E-01  1.00000000E+00  1.08867563E+00 -3.07411935E+00  3.34088756E-01  1.94906728E+01  1.01338247E+00  1.23181935E+00
 -2.66203017E-01  1.00000000E+00  1.08836906E+00 -3.04857291E+00  3.31601540E-01  1.92598992E+01  1.01171957E+00  1.21654531E+00
 -2.49945927E-01  1.00000000E+00  1.08806249E+00 -3.02326640E+00  3.28528378E-01  1.90318755E+01  1.01007633E+00  1.20145328E+00
 -2.35560203E-01  1.00000000E+00  1.09164635E+00 -2.99241389E+00  3.23913261E-01  1.86392933E+01  1.01133503E+00  1.17519722E+00
 -2.21174479E-01  1.00000000E+00  1.09523021E+00 -2.96191624E+00  3.20210979E-01  1.82550110E+01  1.01259784E+00  1.14949421E+00
 -2.08421419E-01  1.00000000E+00  1.09889472E+00 -2.94695567E+00  3.17056419E-01  1.79143252E+01  1.01775395E+00  1.12643808E+00
 -1.95668358E-01  1.00000000E+00  1.10255923E+00 -2.93198375E+00  3.12717503E-01  1.75803754E+01  1.02289756E+00  1.10383186E+00
 -1.83439085E-01  1.00000000E+00  1.11291588E+00 -2.90274287E+00  3.07462087E-01  1.71461156E+01  1.02757654E+00  1.07456927E+00
 -1.71209813E-01  1.00000000E+00  1.12327252E+00 -2.87382523E+00  2.99417155E-01  1.67229922E+01  1.03226265E+00  1.04604864E+00
 -1.58980541E-01  1.00000000E+00  1.12517502E+00 -2.73964824E+00  2.86031702E-01  1.54496304E+01  1.02869226E+00  9.61395875E-01
 -1.46751268E-01  1.00000000E+00  1.12707753E+00 -2.61281197E+00  2.71806249E-01  1.42745930E+01  1.02558604E+00  8.83267133E-01
 -1.34521996E-01  1.00000000E+00  1.14959803E+00 -2.48946408E+00  2.53991690E-01  1.25019085E+01  1.05477138E+00  7.63142472E-01
 -1.22292724E-01  1.00000000E+00  1.17211852E+00 -2.37296402E+00  2.23995450E-01  1.09594425E+01  1.08429170E+00  6.58343389E-01
 -1.10063451E-01  1.00000000E+00  1.25832285E+00 -1.95258218E+00  1.60566443E-01  6.44797631E+00  1.23442210E+00  3.47570281E-01
 -9.78341789E-02  1.00000000E+00  1.34452719E+00 -1.65230803E+00  1.09003625E-01  3.87739942E+00  1.41349080E+00  1.64260575E-01
 -8.56049065E-02  1.00000000E+00  1.62483906E+00 -5.49587977E-01  2.86179347E-02  1.64917105E+00  1.08122185E+00  3.78632802E-02
 -7.33756342E-02  1.00000000E+00  1.90515093E+00 -2.87537531E-02  5.36659602E-02  7.50209039E-01  1.06414679E+00 -2.09291832E-02
 -6.11463618E-02  1.00000000E+00  2.19248595E+00  3.38180222E-01  5.46329813E-02  5.76061368E-01  1.49880401E+00 -6.15161762E-02
 -4.89170895E-02  1.00000000E+00  2.47982098E+00  7.86705185E-01  1.36843108E-01  5.80533934E-01  2.27793647E+00 -1.13160169E-01
 -3.66878171E-02  1.00000000E+00  3.48537874E+00  4.65189261E-01  2.85071480E-01  1.06809070E+00  1.26834578E+00 -1.33503385E-02
 -2.44585447E-02  1.00000000E+00  4.49093650E+00  1.16173226E-01  4.30322416E-01  2.58948171E+00  7.16479824E-01  1.24866792E-01
 -1.22292724E-02  1.00000000E+00  2.00064774E+00  2.52404560E+00  8.56872107E-01  2.48960453E+00  4.65046910E+00 -1.44057637E-01
  0.00000000E+00  1.00000000E+00 -4.89641023E-01  1.47747827E+01  9.91087908E+00  7.44919800E+00  3.12805561E+01 -1.58875720E+00
