# model=oldroyd  theta_MLE: lambda=0.441408, beta=0.51306, eta_0=0.846209
# delta(x) = y_clean(x) - y_model(x; theta_MLE)   (x from curve4_x.txt)
# columns: x  delta
5.000000000000000000e+00 -2.443837894494649277e-06
4.950333040000000295e+00 -2.452227447102828251e-06
4.900666089999999642e+00 -2.447449710007987278e-06
4.850999129999999937e+00 -2.448173028524180950e-06
4.801332180000000172e+00 -2.461121874963723144e-06
4.751665219999999579e+00 -2.459866835335944302e-06
4.701998269999999813e+00 -2.469926954073997649e-06
4.652331310000000109e+00 -2.476888105729102563e-06
4.602664360000000343e+00 -2.479444243919104451e-06
4.552997399999999750e+00 -2.482670838244160905e-06
4.503330449999999985e+00 -2.483451046364493209e-06
4.453663490000000280e+00 -2.483087401694561436e-06
4.403996539999999627e+00 -2.489126186722145917e-06
4.354329579999999922e+00 -2.492722162239502381e-06
4.304662630000000156e+00 -2.495313029315937570e-06
4.254995669999999564e+00 -2.489561342633450636e-06
4.205328709999999859e+00 -2.492176069068818833e-06
4.155661760000000093e+00 -2.495176060879344959e-06
4.105994800000000389e+00 -2.491982287855520894e-06
4.056327849999999735e+00 -2.484450541739846585e-06
4.006660890000000030e+00 -2.483455035617865292e-06
3.956993939999999821e+00 -2.469324663634253625e-06
3.907326980000000116e+00 -2.465274602680977978e-06
3.857660029999999907e+00 -2.462127303592964722e-06
3.807993070000000202e+00 -2.442857789164420979e-06
3.758326119999999992e+00 -2.434364250403220353e-06
3.708659159999999844e+00 -2.421594403667626239e-06
3.658992210000000078e+00 -2.402080834462694270e-06
3.609325249999999929e+00 -2.390831147058847250e-06
3.559658300000000164e+00 -2.375958212175177664e-06
3.509991340000000015e+00 -2.357309858869172103e-06
3.460324389999999806e+00 -2.344904704187911193e-06
3.410657430000000101e+00 -2.326285355680468570e-06
3.360990469999999952e+00 -2.299147588535888076e-06
3.311323520000000187e+00 -2.289745863581771346e-06
3.261656560000000038e+00 -2.272724351826127531e-06
3.211989609999999828e+00 -2.251201723924012299e-06
3.162322650000000124e+00 -2.235749481105386849e-06
3.112655699999999914e+00 -2.221084190123789881e-06
3.062988740000000210e+00 -2.214187682536561397e-06
3.013321790000000000e+00 -2.206507864421780596e-06
2.963654829999999851e+00 -2.198555005827884656e-06
2.913987880000000086e+00 -2.198300135702879743e-06
2.864320919999999937e+00 -2.199593240881370093e-06
2.814653970000000172e+00 -2.201531260848099691e-06
2.764987010000000023e+00 -2.210712819916693661e-06
2.715320059999999813e+00 -2.213811316709168864e-06
2.665653100000000109e+00 -2.225362820240661677e-06
2.615986139999999960e+00 -2.241845956207910717e-06
2.566319190000000194e+00 -2.269951282496407430e-06
2.516652230000000046e+00 -2.296069856022597833e-06
2.466985279999999836e+00 -2.326608343317104755e-06
2.417318320000000131e+00 -2.364405269350555727e-06
2.367651369999999922e+00 -2.396061526743764603e-06
2.317984410000000217e+00 -2.427694369089294923e-06
2.268317460000000008e+00 -2.468246127707018900e-06
2.218650499999999859e+00 -2.508950251112196383e-06
2.168983550000000093e+00 -2.562268806682865829e-06
2.119316589999999945e+00 -2.601731791118666592e-06
2.069649640000000179e+00 -2.651423577582079361e-06
2.019982680000000030e+00 -2.719639830450759632e-06
1.970315730000000043e+00 -2.780118538270315298e-06
1.920648769999999894e+00 -2.851226646116700181e-06
1.870981809999999967e+00 -2.940482299873536931e-06
1.821314859999999980e+00 -3.037822674079038165e-06
1.771647900000000053e+00 -3.157075002313547429e-06
1.721980950000000066e+00 -3.299026835490437293e-06
1.672313989999999917e+00 -3.513557755407958894e-06
1.622647039999999929e+00 -3.749743668679528241e-06
1.572980080000000003e+00 -4.045513984918258643e-06
1.523313130000000015e+00 -4.389536853555142670e-06
1.473646170000000089e+00 -4.817030251347276248e-06
1.423979220000000101e+00 -5.312502571408472818e-06
1.374312259999999952e+00 -5.970859190407296069e-06
1.324645309999999965e+00 -6.715315727268134083e-06
1.274978350000000038e+00 -7.566296951866391396e-06
1.225311400000000051e+00 -8.574005787354010977e-06
1.175644439999999902e+00 -9.806186429761609702e-06
1.125977479999999975e+00 -1.125188875072957728e-05
1.076310529999999988e+00 -1.282730842677715088e-05
1.026643570000000061e+00 -1.480737137349308341e-05
9.769766189999999906e-01 -1.701704125744996077e-05
9.273096640000000335e-01 -1.964437395707285816e-05
8.776427079999999936e-01 -2.271723216229482034e-05
8.279757530000000365e-01 -2.592321459138346995e-05
7.786002389999999718e-01 -2.970536574964377508e-05
7.317317880000000496e-01 -3.361672811519333948e-05
6.876846269999999928e-01 -3.796676457246128678e-05
6.462889219999999879e-01 -4.231967767154287685e-05
6.073850619999999756e-01 -4.710550805508972871e-05
5.708230460000000006e-01 -5.156075029799644938e-05
5.364619149999999559e-01 -5.549600808718579970e-05
5.041691750000000249e-01 -5.967230145587087975e-05
4.738203240000000149e-01 -6.400331727451913366e-05
4.452983460000000115e-01 -6.805204622550853344e-05
4.184932690000000011e-01 -7.139280851098384062e-05
3.933017460000000076e-01 -7.454252957117546430e-05
3.696266380000000074e-01 -7.735933883390444521e-05
3.473766770000000226e-01 -7.982175933185509109e-05
3.264660690000000254e-01 -8.233999348883358493e-05
3.068141939999999845e-01 -8.316921959816703236e-05
2.883452770000000109e-01 -8.444989975675554206e-05
2.709881089999999770e-01 -8.535645245788536783e-05
2.546757709999999952e-01 -8.521652124970913178e-05
2.393453670000000033e-01 -8.523508740010399265e-05
2.249377889999999991e-01 -8.489525263666308774e-05
2.113974849999999961e-01 -8.340867234224447202e-05
1.986678209999999944e-01 -8.213723999550559540e-05
1.862510820000000122e-01 -8.035501737246875109e-05
1.738343440000000018e-01 -7.832735155610670574e-05
1.614176049999999918e-01 -7.558455380229922582e-05
1.490008660000000096e-01 -7.104611096586666008e-05
1.365841269999999996e-01 -6.715134316404025583e-05
1.241673880000000035e-01 -6.189837480263804537e-05
1.117506489999999936e-01 -5.605995157043075494e-05
9.933391060000000550e-02 -4.867817258347173492e-05
8.691717179999999821e-02 -4.194960547843074039e-05
7.450043300000000479e-02 -3.330361577735807543e-05
6.208369419999999750e-02 -2.260491974959144557e-05
4.966695530000000275e-02 -1.432722566008237663e-05
3.725021650000000240e-02 -5.433522777487098665e-06
2.483347769999999857e-02 3.848723920230057161e-06
1.241673880000000035e-02 -1.307929736960034006e-06
0.000000000000000000e+00 0.000000000000000000e+00
