# curve 5 (die wall), step =      400, time =   1.60000000E+02
# N1 = tau_xx - tau_yy = G ( c_xx - c_yy ),  G =  8.1818E-02  (polymer part only)
#              x               y        pressure            c_xy        gammadot            c_xx            c_yy              N1
 -3.00000000E+00  1.00000000E+00  1.66600080E+00 -1.98257356E+00  4.99506846E-01  1.22935034E+01  6.76925938E-01  9.50447248E-01
 -2.97524677E+00  1.00000000E+00  1.65542658E+00 -1.98275375E+00  4.99591293E-01  1.22926937E+01  6.77012160E-01  9.50373943E-01
 -2.95049355E+00  1.00000000E+00  1.64485237E+00 -1.98293394E+00  4.99663416E-01  1.22918840E+01  6.77098390E-01  9.50300645E-01
 -2.92574032E+00  1.00000000E+00  1.63439596E+00 -1.98343172E+00  4.99657383E-01  1.22931349E+01  6.77225036E-01  9.50392626E-01
 -2.90098710E+00  1.00000000E+00  1.62393956E+00 -1.98392958E+00  4.99573704E-01  1.22943859E+01  6.77351715E-01  9.50484619E-01
 -2.87623387E+00  1.00000000E+00  1.61352802E+00 -1.98385104E+00  4.99477653E-01  1.22986083E+01  6.77203627E-01  9.50842199E-01
 -2.85148064E+00  1.00000000E+00  1.60311649E+00 -1.98377238E+00  4.99310600E-01  1.23028323E+01  6.77055549E-01  9.51199915E-01
 -2.82672742E+00  1.00000000E+00  1.59247781E+00 -1.98263617E+00  4.99435071E-01  1.22988159E+01  6.76824101E-01  9.50890241E-01
 -2.80197419E+00  1.00000000E+00  1.58183914E+00 -1.98150040E+00  4.99569502E-01  1.22948010E+01  6.76592797E-01  9.50580672E-01
 -2.77722097E+00  1.00000000E+00  1.57131733E+00 -1.98254589E+00  4.99616316E-01  1.22948540E+01  6.76890293E-01  9.50560664E-01
 -2.75246774E+00  1.00000000E+00  1.56079553E+00 -1.98359141E+00  4.99642119E-01  1.22949074E+01  6.77187952E-01  9.50540681E-01
 -2.72771451E+00  1.00000000E+00  1.55042039E+00 -1.98365223E+00  4.99622893E-01  1.22951419E+01  6.77224712E-01  9.50556858E-01
 -2.70296129E+00  1.00000000E+00  1.54004526E+00 -1.98371306E+00  4.99552432E-01  1.22953764E+01  6.77261474E-01  9.50573036E-01
 -2.67820806E+00  1.00000000E+00  1.52946556E+00 -1.98322523E+00  4.99517521E-01  1.22948248E+01  6.77108304E-01  9.50540437E-01
 -2.65345484E+00  1.00000000E+00  1.51888585E+00 -1.98273744E+00  4.99541389E-01  1.22942732E+01  6.76955170E-01  9.50507843E-01
 -2.62870161E+00  1.00000000E+00  1.50838816E+00 -1.98303450E+00  4.99558591E-01  1.22938367E+01  6.77056917E-01  9.50463801E-01
 -2.60394839E+00  1.00000000E+00  1.49789047E+00 -1.98333155E+00  4.99560634E-01  1.22934002E+01  6.77158680E-01  9.50419764E-01
 -2.57919516E+00  1.00000000E+00  1.48743450E+00 -1.98354847E+00  4.99600228E-01  1.22935240E+01  6.77245336E-01  9.50422797E-01
 -2.55444193E+00  1.00000000E+00  1.47697852E+00 -1.98376541E+00  4.99578798E-01  1.22936477E+01  6.77332002E-01  9.50425831E-01
 -2.52968871E+00  1.00000000E+00  1.46651822E+00 -1.98377724E+00  4.99507717E-01  1.22966062E+01  6.77252315E-01  9.50674411E-01
 -2.50493548E+00  1.00000000E+00  1.45605792E+00 -1.98378904E+00  4.99405650E-01  1.22995655E+01  6.77172629E-01  9.50923056E-01
 -2.48018226E+00  1.00000000E+00  1.44536705E+00 -1.98284936E+00  4.99564301E-01  1.22968421E+01  6.76939452E-01  9.50719304E-01
 -2.45542903E+00  1.00000000E+00  1.43467617E+00 -1.98190995E+00  4.99719813E-01  1.22941193E+01  6.76706384E-01  9.50515601E-01
 -2.43067580E+00  1.00000000E+00  1.42420248E+00 -1.98271598E+00  4.99808359E-01  1.22950045E+01  6.76905538E-01  9.50571732E-01
 -2.40592258E+00  1.00000000E+00  1.41372879E+00 -1.98352209E+00  4.99866571E-01  1.22958899E+01  6.77104781E-01  9.50627877E-01
 -2.38116935E+00  1.00000000E+00  1.40331891E+00 -1.98375530E+00  4.99843894E-01  1.22961181E+01  6.77204419E-01  9.50638393E-01
 -2.35641613E+00  1.00000000E+00  1.39290904E+00 -1.98398853E+00  4.99769533E-01  1.22963463E+01  6.77304070E-01  9.50648909E-01
 -2.33166290E+00  1.00000000E+00  1.38232393E+00 -1.98342125E+00  4.99754110E-01  1.22974055E+01  6.77079588E-01  9.50753942E-01
 -2.30690967E+00  1.00000000E+00  1.37173883E+00 -1.98285394E+00  4.99771580E-01  1.22984651E+01  6.76855172E-01  9.50858994E-01
 -2.28215645E+00  1.00000000E+00  1.36118962E+00 -1.98312927E+00  4.99807649E-01  1.22986867E+01  6.76915593E-01  9.50872178E-01
 -2.25740322E+00  1.00000000E+00  1.35064041E+00 -1.98340460E+00  4.99843116E-01  1.22989082E+01  6.76976024E-01  9.50885363E-01
 -2.23265000E+00  1.00000000E+00  1.34021858E+00 -1.98404571E+00  4.99800172E-01  1.23016502E+01  6.77117879E-01  9.51098097E-01
 -2.20789677E+00  1.00000000E+00  1.32979676E+00 -1.98468700E+00  4.99664716E-01  1.23043927E+01  6.77259778E-01  9.51310879E-01
 -2.18314354E+00  1.00000000E+00  1.31919587E+00 -1.98371103E+00  4.99728690E-01  1.23015613E+01  6.77025275E-01  9.51098399E-01
 -2.15839032E+00  1.00000000E+00  1.30859498E+00 -1.98273537E+00  4.99836590E-01  1.22987306E+01  6.76790888E-01  9.50885973E-01
 -2.13363709E+00  1.00000000E+00  1.29807932E+00 -1.98294489E+00  4.99939395E-01  1.22993223E+01  6.76818476E-01  9.50932134E-01
 -2.10888387E+00  1.00000000E+00  1.28756367E+00 -1.98315443E+00  5.00034253E-01  1.22999141E+01  6.76846069E-01  9.50978297E-01
 -2.08413064E+00  1.00000000E+00  1.27700210E+00 -1.98347110E+00  5.00100250E-01  1.23004448E+01  6.76919693E-01  9.51015687E-01
 -2.05937741E+00  1.00000000E+00  1.26644053E+00 -1.98378778E+00  5.00122251E-01  1.23009754E+01  6.76993330E-01  9.51053079E-01
 -2.03462419E+00  1.00000000E+00  1.25595412E+00 -1.98366823E+00  5.00111838E-01  1.23013382E+01  6.76967769E-01  9.51084857E-01
 -2.00987096E+00  1.00000000E+00  1.24546771E+00 -1.98354866E+00  5.00068523E-01  1.23017011E+01  6.76942210E-01  9.51116636E-01
 -1.98511774E+00  1.00000000E+00  1.23485426E+00 -1.98372920E+00  5.00033795E-01  1.23012248E+01  6.77008888E-01  9.51072212E-01
 -1.96036451E+00  1.00000000E+00  1.22424082E+00 -1.98390974E+00  4.99999055E-01  1.23007486E+01  6.77075572E-01  9.51027790E-01
 -1.93561128E+00  1.00000000E+00  1.21386927E+00 -1.98454709E+00  4.99899194E-01  1.23023304E+01  6.77257173E-01  9.51142351E-01
 -1.91085806E+00  1.00000000E+00  1.20349772E+00 -1.98518456E+00  4.99733924E-01  1.23039124E+01  6.77438831E-01  9.51256929E-01
 -1.88610483E+00  1.00000000E+00  1.19277854E+00 -1.98374898E+00  4.99674286E-01  1.23025586E+01  6.77001283E-01  9.51181960E-01
 -1.86135161E+00  1.00000000E+00  1.18205935E+00 -1.98231374E+00  4.99677268E-01  1.23012055E+01  6.76564049E-01  9.51107030E-01
 -1.83659838E+00  1.00000000E+00  1.17150042E+00 -1.98331957E+00  4.99764108E-01  1.22987754E+01  6.76980719E-01  9.50874112E-01
 -1.81184516E+00  1.00000000E+00  1.16094148E+00 -1.98432526E+00  4.99764274E-01  1.22963466E+01  6.77397605E-01  9.50641281E-01
 -1.78709193E+00  1.00000000E+00  1.15058042E+00 -1.98453824E+00  4.99598458E-01  1.22998330E+01  6.77384350E-01  9.50927620E-01
 -1.76233870E+00  1.00000000E+00  1.14021936E+00 -1.98475123E+00  4.99361777E-01  1.23033205E+01  6.77371090E-01  9.51214044E-01
 -1.73758548E+00  1.00000000E+00  1.12944616E+00 -1.98359800E+00  4.99326102E-01  1.23004505E+01  6.77089094E-01  9.51002295E-01
 -1.71283225E+00  1.00000000E+00  1.11867295E+00 -1.98244514E+00  4.99292681E-01  1.22975813E+01  6.76807265E-01  9.50790605E-01
 -1.68807903E+00  1.00000000E+00  1.10802708E+00 -1.98267714E+00  4.99197378E-01  1.22943156E+01  6.76988111E-01  9.50508616E-01
 -1.66332580E+00  1.00000000E+00  1.09738120E+00 -1.98290904E+00  4.99140196E-01  1.22910511E+01  6.77168983E-01  9.50226715E-01
 -1.63857257E+00  1.00000000E+00  1.08686430E+00 -1.98266826E+00  4.99133783E-01  1.22891778E+01  6.77169316E-01  9.50073418E-01
 -1.61381935E+00  1.00000000E+00  1.07634740E+00 -1.98242751E+00  4.99007568E-01  1.22873048E+01  6.77169655E-01  9.49920145E-01
 -1.58906612E+00  1.00000000E+00  1.06562994E+00 -1.98210685E+00  4.98792594E-01  1.22826585E+01  6.77216135E-01  9.49536191E-01
 -1.56431290E+00  1.00000000E+00  1.05491247E+00 -1.98178625E+00  4.98642528E-01  1.22780140E+01  6.77262619E-01  9.49152385E-01
 -1.53955967E+00  1.00000000E+00  1.04444805E+00 -1.98210565E+00  4.98460934E-01  1.22731443E+01  6.77549348E-01  9.48730499E-01
 -1.51480644E+00  1.00000000E+00  1.03398363E+00 -1.98242486E+00  4.98229841E-01  1.22682771E+01  6.77836150E-01  9.48308802E-01
 -1.49005322E+00  1.00000000E+00  1.02346987E+00 -1.98288523E+00  4.97899365E-01  1.22624399E+01  6.78251032E-01  9.47797270E-01
 -1.46529999E+00  1.00000000E+00  1.01295611E+00 -1.98334539E+00  4.97443036E-01  1.22566062E+01  6.78666087E-01  9.47286011E-01
 -1.44054677E+00  1.00000000E+00  1.00239341E+00 -1.98304344E+00  4.96935272E-01  1.22529565E+01  6.78774315E-01  9.46978540E-01
 -1.41579354E+00  1.00000000E+00  9.91830715E-01 -1.98274158E+00  4.96312836E-01  1.22493078E+01  6.78882589E-01  9.46671155E-01
 -1.39104031E+00  1.00000000E+00  9.81084344E-01 -1.98045810E+00  4.95951875E-01  1.22351857E+01  6.78652464E-01  9.45534537E-01
 -1.36628709E+00  1.00000000E+00  9.70337974E-01 -1.97817718E+00  4.95680792E-01  1.22210799E+01  6.78422796E-01  9.44399214E-01
 -1.34153386E+00  1.00000000E+00  9.59736725E-01 -1.97852791E+00  4.95251355E-01  1.22110364E+01  6.78887870E-01  9.43539424E-01
 -1.31678064E+00  1.00000000E+00  9.49135475E-01 -1.97887801E+00  4.94771606E-01  1.22010026E+01  6.79353102E-01  9.42680416E-01
 -1.29202741E+00  1.00000000E+00  9.38649183E-01 -1.97828265E+00  4.94158132E-01  1.21906747E+01  6.79582064E-01  9.41816674E-01
 -1.26727418E+00  1.00000000E+00  9.28162892E-01 -1.97768759E+00  4.93452049E-01  1.21803560E+01  6.79811124E-01  9.40953668E-01
 -1.24252096E+00  1.00000000E+00  9.17676146E-01 -1.97757099E+00  4.92725258E-01  1.21685490E+01  6.80260282E-01  9.39950898E-01
 -1.21776773E+00  1.00000000E+00  9.07189400E-01 -1.97745421E+00  4.91874520E-01  1.21567547E+01  6.80709636E-01  9.38949140E-01
 -1.19301451E+00  1.00000000E+00  8.96585666E-01 -1.97499327E+00  4.91074099E-01  1.21351417E+01  6.80732813E-01  9.37178907E-01
 -1.16826128E+00  1.00000000E+00  8.85981932E-01 -1.97253600E+00  4.90373785E-01  1.21135673E+01  6.80756518E-01  9.35411790E-01
 -1.14350806E+00  1.00000000E+00  8.75573848E-01 -1.97179792E+00  4.89440320E-01  1.20961492E+01  6.81188320E-01  9.33951341E-01
 -1.11875483E+00  1.00000000E+00  8.65165764E-01 -1.97106015E+00  4.88422532E-01  1.20787575E+01  6.81620329E-01  9.32493043E-01
 -1.09400160E+00  1.00000000E+00  8.54706415E-01 -1.97000202E+00  4.87377108E-01  1.20576659E+01  6.82097684E-01  9.30728308E-01
 -1.06924838E+00  1.00000000E+00  8.44247066E-01 -1.96894467E+00  4.86330500E-01  1.20366129E+01  6.82575345E-01  9.28966710E-01
 -1.04449515E+00  1.00000000E+00  8.33992228E-01 -1.96778729E+00  4.85139195E-01  1.20106821E+01  6.83211588E-01  9.26793041E-01
 -1.01974193E+00  1.00000000E+00  8.23737390E-01 -1.96663075E+00  4.83865402E-01  1.19848102E+01  6.83848306E-01  9.24624154E-01
 -9.94988700E-01  1.00000000E+00  8.13599713E-01 -1.96449056E+00  4.82364920E-01  1.19543564E+01  6.84386307E-01  9.22088463E-01
 -9.70235474E-01  1.00000000E+00  8.03462036E-01 -1.96235391E+00  4.80860629E-01  1.19239824E+01  6.84925101E-01  9.19559232E-01
 -9.45482248E-01  1.00000000E+00  7.93266859E-01 -1.96080913E+00  4.79227454E-01  1.18925506E+01  6.85675008E-01  9.16926187E-01
 -9.20729022E-01  1.00000000E+00  7.83071682E-01 -1.95926608E+00  4.77590850E-01  1.18612059E+01  6.86425662E-01  9.14300203E-01
 -8.95975796E-01  1.00000000E+00  7.73275658E-01 -1.95690940E+00  4.75787024E-01  1.18203258E+01  6.87269231E-01  9.10886447E-01
 -8.71222570E-01  1.00000000E+00  7.63479634E-01 -1.95455684E+00  4.73936893E-01  1.17795926E+01  6.88113931E-01  9.07484621E-01
 -8.46469344E-01  1.00000000E+00  7.53855772E-01 -1.95237302E+00  4.71728652E-01  1.17383672E+01  6.89124666E-01  9.04028936E-01
 -8.21716118E-01  1.00000000E+00  7.44231909E-01 -1.95019311E+00  4.69451984E-01  1.16972929E+01  6.90137003E-01  9.00585480E-01
 -7.97201467E-01  1.00000000E+00  7.34612802E-01 -1.94736449E+00  4.67433579E-01  1.16529470E+01  6.90995030E-01  8.96886976E-01
 -7.72686817E-01  1.00000000E+00  7.24993694E-01 -1.94454198E+00  4.65333187E-01  1.16087756E+01  6.91854488E-01  8.93202633E-01
 -7.49503432E-01  1.00000000E+00  7.16552268E-01 -1.94318394E+00  4.63048625E-01  1.15650305E+01  6.93237743E-01  8.89510314E-01
 -7.26320047E-01  1.00000000E+00  7.08110842E-01 -1.94182629E+00  4.60690465E-01  1.15214623E+01  6.94622942E-01  8.85832307E-01
 -7.04527831E-01  1.00000000E+00  7.00387435E-01 -1.93729767E+00  4.58166553E-01  1.14702860E+01  6.95287365E-01  8.81590796E-01
 -6.82735615E-01  1.00000000E+00  6.92664028E-01 -1.93278399E+00  4.55795907E-01  1.14193415E+01  6.95954488E-01  8.77368024E-01
 -6.62251087E-01  1.00000000E+00  6.85258899E-01 -1.92970025E+00  4.53812194E-01  1.13757144E+01  6.96709808E-01  8.73736740E-01
 -6.41766559E-01  1.00000000E+00  6.77853769E-01 -1.92662370E+00  4.51764491E-01  1.13322597E+01  6.97466499E-01  8.70119441E-01
 -6.22511254E-01  1.00000000E+00  6.71633238E-01 -1.92386687E+00  4.49452584E-01  1.12839798E+01  6.98586670E-01  8.66077618E-01
 -6.03255949E-01  1.00000000E+00  6.65412707E-01 -1.92111605E+00  4.47131326E-01  1.12359151E+01  6.99708782E-01  8.62053241E-01
 -5.85156097E-01  1.00000000E+00  6.59795372E-01 -1.91631168E+00  4.44694557E-01  1.11804900E+01  7.00414043E-01  8.57460761E-01
 -5.67056245E-01  1.00000000E+00  6.54178037E-01 -1.91152415E+00  4.42379675E-01  1.11253444E+01  7.01121999E-01  8.52890926E-01
 -5.50042515E-01  1.00000000E+00  6.49068023E-01 -1.90964069E+00  4.40250213E-01  1.10803314E+01  7.02419504E-01  8.49101882E-01
 -5.33028786E-01  1.00000000E+00  6.43958010E-01 -1.90775945E+00  4.37899470E-01  1.10355120E+01  7.03718833E-01  8.45328535E-01
 -5.17036006E-01  1.00000000E+00  6.40045211E-01 -1.90809033E+00  4.35363019E-01  1.09896920E+01  7.05986909E-01  8.41394050E-01
 -5.01043227E-01  1.00000000E+00  6.36132413E-01 -1.90841549E+00  4.32620199E-01  1.09440869E+01  7.08259719E-01  8.37476773E-01
 -4.86010125E-01  1.00000000E+00  6.31969015E-01 -1.90140272E+00  4.29943601E-01  1.08869644E+01  7.08321307E-01  8.32798075E-01
 -4.70977023E-01  1.00000000E+00  6.27805617E-01 -1.89442087E+00  4.27946090E-01  1.08301416E+01  7.08387681E-01  8.28143498E-01
 -4.56846016E-01  1.00000000E+00  6.24992108E-01 -1.89209230E+00  4.25325501E-01  1.07825890E+01  7.09636836E-01  8.24150629E-01
 -4.42715008E-01  1.00000000E+00  6.22178599E-01 -1.88976743E+00  4.23076881E-01  1.07352573E+01  7.10887703E-01  8.20175695E-01
 -4.29431964E-01  1.00000000E+00  6.19372248E-01 -1.88890734E+00  4.21210697E-01  1.06993494E+01  7.12384545E-01  8.17115303E-01
 -4.16148920E-01  1.00000000E+00  6.16565897E-01 -1.88804760E+00  4.19299495E-01  1.06635719E+01  7.13883902E-01  8.14065378E-01
 -4.03662954E-01  1.00000000E+00  6.14634233E-01 -1.88164836E+00  4.16414598E-01  1.06062087E+01  7.14220270E-01  8.09344509E-01
 -3.91176988E-01  1.00000000E+00  6.12702570E-01 -1.87527679E+00  4.14124403E-01  1.05491573E+01  7.14560902E-01  8.04648796E-01
 -3.79440270E-01  1.00000000E+00  6.10936865E-01 -1.87158890E+00  4.11996287E-01  1.05011179E+01  7.15390505E-01  8.00650419E-01
 -3.67703552E-01  1.00000000E+00  6.09171160E-01 -1.86791153E+00  4.10054956E-01  1.04533045E+01  7.16221918E-01  7.96670391E-01
 -3.56671122E-01  1.00000000E+00  6.07838962E-01 -1.86694007E+00  4.08389671E-01  1.04101978E+01  7.17896184E-01  7.93006499E-01
 -3.45638692E-01  1.00000000E+00  6.06506764E-01 -1.86596733E+00  4.06297121E-01  1.03672853E+01  7.19572946E-01  7.89358285E-01
 -3.35268287E-01  1.00000000E+00  6.06500752E-01 -1.86167234E+00  4.02982916E-01  1.03072202E+01  7.20888840E-01  7.84336202E-01
 -3.24897882E-01  1.00000000E+00  6.06494739E-01 -1.85739281E+00  4.00309380E-01  1.02475164E+01  7.22208466E-01  7.79343380E-01
 -3.15149775E-01  1.00000000E+00  6.06543777E-01 -1.85667764E+00  3.97739918E-01  1.01994488E+01  7.24496962E-01  7.75223332E-01
 -3.05401669E-01  1.00000000E+00  6.06592815E-01 -1.85596132E+00  3.95109373E-01  1.01516296E+01  7.26790916E-01  7.71123167E-01
 -2.96238520E-01  1.00000000E+00  6.06836076E-01 -1.84689865E+00  3.91838970E-01  1.00877662E+01  7.26480810E-01  7.65923351E-01
 -2.87075371E-01  1.00000000E+00  6.07079337E-01 -1.83788600E+00  3.89348620E-01  1.00243051E+01  7.26178816E-01  7.60755785E-01
 -2.78462077E-01  1.00000000E+00  6.07228718E-01 -1.83531093E+00  3.87792865E-01  9.97996326E+00  7.27392271E-01  7.57028535E-01
 -2.69848783E-01  1.00000000E+00  6.07378099E-01 -1.83274150E+00  3.86159202E-01  9.93582802E+00  7.28607740E-01  7.53318023E-01
 -2.61752348E-01  1.00000000E+00  6.09034527E-01 -1.82828039E+00  3.83128155E-01  9.87036571E+00  7.30193629E-01  7.47832261E-01
 -2.53655913E-01  1.00000000E+00  6.10690955E-01 -1.82383640E+00  3.80340032E-01  9.80535370E+00  7.31784002E-01  7.42382975E-01
 -2.46045323E-01  1.00000000E+00  6.11949598E-01 -1.82000834E+00  3.77770210E-01  9.74611914E+00  7.33348721E-01  7.37408489E-01
 -2.38434732E-01  1.00000000E+00  6.13208242E-01 -1.81619325E+00  3.74894413E-01  9.68725964E+00  7.34917372E-01  7.32464367E-01
 -2.31280830E-01  1.00000000E+00  6.16059898E-01 -1.81132265E+00  3.71112681E-01  9.61287635E+00  7.37006005E-01  7.26207573E-01
 -2.24126928E-01  1.00000000E+00  6.18911554E-01 -1.80647423E+00  3.67632990E-01  9.53909144E+00  7.39102074E-01  7.19999130E-01
 -2.17402314E-01  1.00000000E+00  6.21499435E-01 -1.79866712E+00  3.63716774E-01  9.44329061E+00  7.41115435E-01  7.11996150E-01
 -2.10677699E-01  1.00000000E+00  6.24087315E-01 -1.79091173E+00  3.59775128E-01  9.34848564E+00  7.43139546E-01  7.04073772E-01
 -2.04351753E-01  1.00000000E+00  6.27103585E-01 -1.78563538E+00  3.56083126E-01  9.26129333E+00  7.45802363E-01  6.96721988E-01
 -1.98025807E-01  1.00000000E+00  6.30119855E-01 -1.78038508E+00  3.52055776E-01  9.17495930E+00  7.48475130E-01  6.89439614E-01
 -1.91837501E-01  1.00000000E+00  6.34142379E-01 -1.77408163E+00  3.47179717E-01  9.06717259E+00  7.52283734E-01  6.80309088E-01
 -1.85649194E-01  1.00000000E+00  6.38164904E-01 -1.76782104E+00  3.41996802E-01  8.96072547E+00  7.56113713E-01  6.71286417E-01
 -1.79460888E-01  1.00000000E+00  6.42926747E-01 -1.76172752E+00  3.36355794E-01  8.85767396E+00  7.59805444E-01  6.62552879E-01
 -1.73272582E-01  1.00000000E+00  6.47688591E-01 -1.75567386E+00  3.30570725E-01  8.75587806E+00  7.63516643E-01  6.53920479E-01
 -1.67084275E-01  1.00000000E+00  6.53355911E-01 -1.73626766E+00  3.23017702E-01  8.57110320E+00  7.66520728E-01  6.38556748E-01
 -1.60895969E-01  1.00000000E+00  6.59023230E-01 -1.71716853E+00  3.16115218E-01  8.39031699E+00  7.69581595E-01  6.23514714E-01
 -1.54707662E-01  1.00000000E+00  6.66470426E-01 -1.70841092E+00  3.09060717E-01  8.22780944E+00  7.76127519E-01  6.09683067E-01
 -1.48519356E-01  1.00000000E+00  6.73917622E-01 -1.69973780E+00  3.00979398E-01  8.06866937E+00  7.82725057E-01  5.96122716E-01
 -1.42331049E-01  1.00000000E+00  6.83630530E-01 -1.69924908E+00  2.91048109E-01  7.87903540E+00  7.96725184E-01  5.79461745E-01
 -1.36142743E-01  1.00000000E+00  6.93343438E-01 -1.69874403E+00  2.80673243E-01  7.69447579E+00  8.10924015E-01  5.63199691E-01
 -1.29954436E-01  1.00000000E+00  7.05113497E-01 -1.65446124E+00  2.66359600E-01  7.35701256E+00  8.15158345E-01  5.35242617E-01
 -1.23766130E-01  1.00000000E+00  7.16883556E-01 -1.61173307E+00  2.53538504E-01  7.03457877E+00  8.19692490E-01  5.08490695E-01
 -1.17577823E-01  1.00000000E+00  7.33347288E-01 -1.57055618E+00  2.37337524E-01  6.61971635E+00  8.33733800E-01  4.73398572E-01
 -1.11389517E-01  1.00000000E+00  7.49811019E-01 -1.53116247E+00  2.21093188E-01  6.23028676E+00  8.48287103E-01  4.40345427E-01
 -1.05201210E-01  1.00000000E+00  7.70263207E-01 -1.50434579E+00  2.05438505E-01  5.83994609E+00  8.72234558E-01  4.06449126E-01
 -9.90129037E-02  1.00000000E+00  7.90715394E-01 -1.47872034E+00  1.88034439E-01  5.47590594E+00  8.96947169E-01  3.74642081E-01
 -9.28245972E-02  1.00000000E+00  8.23527785E-01 -1.41323629E+00  1.66591590E-01  4.97310748E+00  9.19232352E-01  3.31680692E-01
 -8.66362908E-02  1.00000000E+00  8.56340176E-01 -1.35261047E+00  1.44983831E-01  4.51800459E+00  9.43186865E-01  2.92485087E-01
 -8.04479843E-02  1.00000000E+00  8.94589943E-01 -1.21194867E+00  1.20387275E-01  3.76227457E+00  9.69937983E-01  2.28463903E-01
 -7.42596778E-02  1.00000000E+00  9.32839709E-01 -1.09106449E+00  9.44181870E-02  3.13430470E+00  1.00352533E+00  1.74336494E-01
 -6.80713713E-02  1.00000000E+00  9.99571100E-01 -9.54006405E-01  6.86464638E-02  2.53942439E+00  1.03538328E+00  1.23057909E-01
 -6.18830648E-02  1.00000000E+00  1.06630249E+00 -8.38574448E-01  4.31259790E-02  2.05777190E+00  1.07641230E+00  8.02930580E-02
 -5.56947583E-02  1.00000000E+00  1.16151366E+00 -6.90421403E-01  1.46726419E-02  1.56531908E+00  1.14441873E+00  3.44373013E-02
 -4.95064519E-02  1.00000000E+00  1.25672482E+00 -5.69969816E-01  2.24302628E-02  1.18978885E+00  1.23396457E+00 -3.61437666E-03
 -4.33181454E-02  1.00000000E+00  1.36199702E+00 -2.33125383E-01  1.78602087E-02  8.64009413E-01  1.14207575E+00 -2.27508824E-02
 -3.71298389E-02  1.00000000E+00  1.46726921E+00  2.98620266E-02  3.73347386E-02  6.69809833E-01  1.13663378E+00 -3.81946865E-02
 -3.09415324E-02  1.00000000E+00  1.66838544E+00  6.63325897E-01  8.22742238E-02  9.04213176E-01  1.58104186E+00 -5.53768923E-02
 -2.47532259E-02  1.00000000E+00  1.86950166E+00  1.74578959E+00  1.83348113E-01  1.61811437E+00  2.67941409E+00 -8.68336136E-02
 -1.85649194E-02  1.00000000E+00  2.45696409E+00  1.54059527E+00  4.67542807E-01  2.17316119E+00  1.87005110E+00  2.47999162E-02
 -1.23766130E-02  1.00000000E+00  3.04442651E+00  1.41441371E+00  5.20298541E-01  3.25629405E+00  1.29583898E+00  1.60400869E-01
 -6.18830648E-03  1.00000000E+00  1.59093487E+00  4.91524256E+00  6.77953675E-01  5.63133174E+00  4.93293299E+00  5.71417162E-02
  0.00000000E+00  1.00000000E+00  1.37443236E-01  1.55159292E+01  1.25782133E+02  1.38501993E+01  1.78082187E+01 -3.23837954E-01
