# curve 5 (die wall), step =      100, time =   1.00000000E+01
# N1 = tau_xx - tau_yy = G ( c_xx - c_yy ),  G =  8.8889E-01  (polymer part only)
#              x               y        pressure            c_xy        gammadot            c_xx            c_yy              N1
 -3.00000000E+00  1.00000000E+00  7.11159543E+00 -1.00323000E+00  9.99958888E-01  3.00293705E+00  1.00099683E+00  1.77950241E+00
 -2.90322402E+00  1.00000000E+00  6.91394327E+00 -1.00289116E+00  9.99378324E-01  3.00121689E+00  1.00108235E+00  1.77789737E+00
 -2.80644804E+00  1.00000000E+00  6.71629111E+00 -1.00255248E+00  9.99448828E-01  2.99949772E+00  1.00116791E+00  1.77629317E+00
 -2.70967207E+00  1.00000000E+00  6.52345102E+00 -1.00215684E+00  9.99289695E-01  3.00105253E+00  1.00070065E+00  1.77809056E+00
 -2.61289609E+00  1.00000000E+00  6.33061092E+00 -1.00176107E+00  1.00032386E+00  3.00260867E+00  1.00023359E+00  1.77988896E+00
 -2.51612011E+00  1.00000000E+00  6.13621232E+00 -1.00195002E+00  9.99864075E-01  3.00138279E+00  1.00049760E+00  1.77856461E+00
 -2.41934413E+00  1.00000000E+00  5.94181372E+00 -1.00213890E+00  9.99330026E-01  3.00015763E+00  1.00076167E+00  1.77724086E+00
 -2.32256815E+00  1.00000000E+00  5.74921154E+00 -1.00234961E+00  1.00014912E+00  3.00192763E+00  1.00069966E+00  1.77886931E+00
 -2.22579217E+00  1.00000000E+00  5.55660936E+00 -1.00256039E+00  1.00069347E+00  3.00369875E+00  1.00063766E+00  1.78049874E+00
 -2.12901620E+00  1.00000000E+00  5.36252755E+00 -1.00253376E+00  1.00001386E+00  3.00258689E+00  1.00064907E+00  1.77950029E+00
 -2.03224022E+00  1.00000000E+00  5.16844574E+00 -1.00250709E+00  1.00003686E+00  3.00147552E+00  1.00066047E+00  1.77850226E+00
 -1.93546424E+00  1.00000000E+00  4.97485659E+00 -1.00243166E+00  1.00010367E+00  3.00090125E+00  1.00080505E+00  1.77786329E+00
 -1.83868826E+00  1.00000000E+00  4.78126745E+00 -1.00235625E+00  9.99368424E-01  3.00032710E+00  1.00094966E+00  1.77722439E+00
 -1.74191228E+00  1.00000000E+00  4.58787602E+00 -1.00213604E+00  9.99848560E-01  3.00091279E+00  1.00075038E+00  1.77792214E+00
 -1.64513630E+00  1.00000000E+00  4.39448458E+00 -1.00191580E+00  1.00035443E+00  3.00149872E+00  1.00055115E+00  1.77862006E+00
 -1.54836033E+00  1.00000000E+00  4.20054579E+00 -1.00169278E+00  9.99318425E-01  2.99903925E+00  1.00071813E+00  1.77628544E+00
 -1.45158435E+00  1.00000000E+00  4.00660700E+00 -1.00146986E+00  9.98726772E-01  2.99658197E+00  1.00088512E+00  1.77395275E+00
 -1.35480837E+00  1.00000000E+00  3.81375327E+00 -1.00089969E+00  9.98115636E-01  2.99441256E+00  1.00098531E+00  1.77193533E+00
 -1.25803239E+00  1.00000000E+00  3.62089954E+00 -1.00032986E+00  9.96855036E-01  2.99224471E+00  1.00108566E+00  1.76991916E+00
 -1.16125641E+00  1.00000000E+00  3.42809656E+00 -9.98330454E-01  9.96101112E-01  2.98738283E+00  1.00070679E+00  1.76593426E+00
 -1.06448043E+00  1.00000000E+00  3.23529358E+00 -9.96334039E-01  9.95522547E-01  2.98252912E+00  1.00032931E+00  1.76195538E+00
 -9.67704456E-01  1.00000000E+00  3.04359010E+00 -9.95219817E-01  9.94090470E-01  2.97763433E+00  1.00031253E+00  1.75761938E+00
 -8.70928477E-01  1.00000000E+00  2.85188661E+00 -9.94107078E-01  9.92446363E-01  2.97274760E+00  1.00029606E+00  1.75329026E+00
 -7.79321894E-01  1.00000000E+00  2.67724164E+00 -9.93215574E-01  9.91643669E-01  2.96887938E+00  1.00058395E+00  1.74959593E+00
 -6.87715310E-01  1.00000000E+00  2.50259667E+00 -9.92325034E-01  9.91368883E-01  2.96501617E+00  1.00087235E+00  1.74590562E+00
 -6.17205014E-01  1.00000000E+00  2.37249446E+00 -9.92802977E-01  9.92506863E-01  2.96968178E+00  1.00005121E+00  1.75078273E+00
 -5.46694718E-01  1.00000000E+00  2.24239225E+00 -9.93281704E-01  9.94730779E-01  2.97435513E+00  9.99231013E-01  1.75566589E+00
 -4.93524655E-01  1.00000000E+00  2.15165740E+00 -9.98331987E-01  9.98904544E-01  2.99237635E+00  9.99724978E-01  1.77124566E+00
 -4.40354593E-01  1.00000000E+00  2.06092255E+00 -1.00340857E+00  1.00398088E+00  3.01050627E+00  1.00022626E+00  1.78691556E+00
 -4.00260370E-01  1.00000000E+00  1.99717610E+00 -1.00954257E+00  1.01254309E+00  3.04138559E+00  9.98690544E-01  1.81572893E+00
 -3.60166148E-01  1.00000000E+00  1.93342966E+00 -1.01572752E+00  1.02235193E+00  3.07258460E+00  9.97171346E-01  1.84481178E+00
 -3.29932095E-01  1.00000000E+00  1.89468864E+00 -1.02769796E+00  1.03253582E+00  3.11807486E+00  9.97871024E-01  1.88462563E+00
 -2.99698042E-01  1.00000000E+00  1.85594762E+00 -1.03981889E+00  1.04390062E+00  3.16423610E+00  9.98611160E-01  1.92499995E+00
 -2.76899294E-01  1.00000000E+00  1.82904625E+00 -1.05364594E+00  1.05828803E+00  3.22250933E+00  9.98582405E-01  1.97682393E+00
 -2.54100545E-01  1.00000000E+00  1.80214488E+00 -1.06768435E+00  1.07272432E+00  3.28185542E+00  9.98606845E-01  2.02955429E+00
 -2.36908572E-01  1.00000000E+00  1.78924969E+00 -1.08302642E+00  1.08630073E+00  3.34721488E+00  9.98865848E-01  2.08742136E+00
 -2.19716598E-01  1.00000000E+00  1.77635451E+00 -1.09862218E+00  1.10141922E+00  3.41387630E+00  9.99185558E-01  2.14639177E+00
 -2.06634277E-01  1.00000000E+00  1.76947391E+00 -1.11209871E+00  1.11672705E+00  3.47833363E+00  9.98113663E-01  2.20463997E+00
 -1.93551957E-01  1.00000000E+00  1.76259331E+00 -1.12578222E+00  1.13330961E+00  3.54401523E+00  9.97092417E-01  2.26393139E+00
 -1.81454959E-01  1.00000000E+00  1.76039901E+00 -1.14521017E+00  1.15151596E+00  3.62990926E+00  9.97588848E-01  2.33984036E+00
 -1.69357962E-01  1.00000000E+00  1.75820470E+00 -1.16502838E+00  1.17057835E+00  3.71788822E+00  9.98172990E-01  2.41752465E+00
 -1.57260965E-01  1.00000000E+00  1.75575987E+00 -1.18582203E+00  1.19530878E+00  3.82289725E+00  9.96630086E-01  2.51223748E+00
 -1.45163967E-01  1.00000000E+00  1.75331504E+00 -1.20708985E+00  1.22117131E+00  3.93089813E+00  9.95193976E-01  2.60951480E+00
 -1.33066970E-01  1.00000000E+00  1.76937114E+00 -1.24189609E+00  1.25165312E+00  4.08551266E+00  9.97555409E-01  2.74485089E+00
 -1.20969973E-01  1.00000000E+00  1.78542725E+00 -1.27784843E+00  1.27894845E+00  4.24621440E+00  1.00015937E+00  2.88538225E+00
 -1.08872976E-01  1.00000000E+00  1.78172635E+00 -1.33395171E+00  1.30783695E+00  4.36257832E+00  1.02318856E+00  2.96834646E+00
 -9.67759783E-02  1.00000000E+00  1.77802546E+00 -1.39184450E+00  1.31138395E+00  4.48252488E+00  1.04712288E+00  3.05369067E+00
 -8.46789810E-02  1.00000000E+00  1.96440742E+00 -1.35753094E+00  1.29464582E+00  4.50137828E+00  1.02849277E+00  3.08700934E+00
 -7.25819837E-02  1.00000000E+00  2.15078938E+00 -1.32315212E+00  1.26177435E+00  4.52133809E+00  1.01032683E+00  3.12089890E+00
 -6.04849864E-02  1.00000000E+00  2.06019089E+00 -1.38446149E+00  1.10377061E+00  4.16329521E+00  1.10490235E+00  2.71857143E+00
 -4.83879891E-02  1.00000000E+00  1.96959240E+00 -1.44458732E+00  1.00481886E+00  3.84744537E+00  1.20664743E+00  2.34737595E+00
 -3.62909919E-02  1.00000000E+00  4.25350254E+00 -1.90138659E+00  1.10841278E+00  5.61292265E+00  1.22724659E+00  3.89837872E+00
 -2.41939946E-02  1.00000000E+00  6.53741267E+00 -2.53304538E+00  1.61036416E+00  8.18893451E+00  1.29545685E+00  6.12753570E+00
 -1.20969973E-02  1.00000000E+00  3.66417288E+00  1.23081635E+00  4.08694222E+00  8.61621768E+00  7.96595537E-01  6.95077524E+00
  0.00000000E+00  1.00000000E+00  7.90933097E-01  8.69479387E+00  1.04225265E+01  1.84831923E+01  4.45939953E+00  1.24655936E+01
