# curve 5 (die wall), step =      400, time =   8.00000000E+01
# N1 = tau_xx - tau_yy = G ( c_xx - c_yy ),  G =  2.8571E-02  (polymer part only)
#              x               y        pressure            c_xy        gammadot            c_xx            c_yy              N1
 -3.00000000E+00  1.00000000E+00  2.77548255E+00 -2.80206535E+00  4.00075947E-01  1.66990914E+01  9.99950139E-01  4.48546892E-01
 -2.95108291E+00  1.00000000E+00  2.73619406E+00 -2.80276072E+00  4.00076289E-01  1.67040524E+01  1.00003359E+00  4.48686253E-01
 -2.90216582E+00  1.00000000E+00  2.69690557E+00 -2.80345626E+00  4.00080141E-01  1.67090150E+01  1.00011706E+00  4.48825655E-01
 -2.85324873E+00  1.00000000E+00  2.65765933E+00 -2.80233937E+00  4.00018555E-01  1.67003988E+01  9.99993888E-01  4.48582998E-01
 -2.80433164E+00  1.00000000E+00  2.61841310E+00 -2.80122297E+00  3.99979776E-01  1.66917871E+01  9.99870771E-01  4.48340468E-01
 -2.75541455E+00  1.00000000E+00  2.57931877E+00 -2.80107667E+00  4.00042599E-01  1.66894010E+01  9.99891323E-01  4.48271706E-01
 -2.70649746E+00  1.00000000E+00  2.54022444E+00 -2.80093037E+00  4.00043827E-01  1.66870153E+01  9.99911875E-01  4.48202954E-01
 -2.65758037E+00  1.00000000E+00  2.50106959E+00 -2.80151745E+00  4.00060188E-01  1.66919456E+01  9.99983116E-01  4.48341786E-01
 -2.60866328E+00  1.00000000E+00  2.46191474E+00 -2.80210467E+00  4.00039431E-01  1.66968774E+01  1.00005437E+00  4.48480659E-01
 -2.55974619E+00  1.00000000E+00  2.42287192E+00 -2.80271193E+00  4.00015145E-01  1.67025731E+01  1.00017656E+00  4.48639900E-01
 -2.51082911E+00  1.00000000E+00  2.38382909E+00 -2.80331932E+00  4.00029104E-01  1.67082706E+01  1.00029877E+00  4.48799196E-01
 -2.46191202E+00  1.00000000E+00  2.34452655E+00 -2.80179009E+00  3.99985956E-01  1.66999354E+01  9.99985807E-01  4.48569988E-01
 -2.41299493E+00  1.00000000E+00  2.30522401E+00 -2.80026166E+00  3.99988681E-01  1.66916043E+01  9.99673001E-01  4.48340894E-01
 -2.36407784E+00  1.00000000E+00  2.26620664E+00 -2.80124465E+00  4.00012400E-01  1.66944359E+01  9.99968284E-01  4.48413360E-01
 -2.31516075E+00  1.00000000E+00  2.22718928E+00 -2.80222788E+00  3.99987629E-01  1.66972680E+01  1.00026367E+00  4.48485838E-01
 -2.26624366E+00  1.00000000E+00  2.18805090E+00 -2.80269671E+00  3.99957400E-01  1.67054451E+01  1.00017739E+00  4.48721934E-01
 -2.21732657E+00  1.00000000E+00  2.14891252E+00 -2.80316560E+00  3.99955306E-01  1.67136264E+01  1.00009111E+00  4.48958151E-01
 -2.16840948E+00  1.00000000E+00  2.10966255E+00 -2.80241072E+00  3.99943763E-01  1.67070028E+01  9.99990988E-01  4.48771767E-01
 -2.11949239E+00  1.00000000E+00  2.07041258E+00 -2.80165605E+00  3.99937266E-01  1.67003819E+01  9.99890880E-01  4.48585459E-01
 -2.07057530E+00  1.00000000E+00  2.03148160E+00 -2.80383427E+00  3.99972731E-01  1.67156111E+01  1.00021284E+00  4.49011378E-01
 -2.02165821E+00  1.00000000E+00  1.99255062E+00 -2.80601427E+00  3.99948851E-01  1.67308541E+01  1.00053503E+00  4.49437689E-01
 -1.97274112E+00  1.00000000E+00  1.95320982E+00 -2.80380284E+00  3.99889025E-01  1.67195919E+01  1.00008970E+00  4.49128636E-01
 -1.92382403E+00  1.00000000E+00  1.91386901E+00 -2.80159301E+00  3.99886833E-01  1.67083374E+01  9.99644700E-01  4.48819791E-01
 -1.87490694E+00  1.00000000E+00  1.87479703E+00 -2.80176345E+00  3.99937842E-01  1.67017121E+01  9.99902157E-01  4.48623140E-01
 -1.82598985E+00  1.00000000E+00  1.83572506E+00 -2.80193366E+00  3.99946102E-01  1.66950898E+01  1.00015964E+00  4.48426577E-01
 -1.77707276E+00  1.00000000E+00  1.79667376E+00 -2.80361609E+00  3.99965975E-01  1.67091330E+01  1.00031990E+00  4.48823230E-01
 -1.72815567E+00  1.00000000E+00  1.75762246E+00 -2.80529965E+00  3.99910685E-01  1.67231880E+01  1.00048026E+00  4.49220220E-01
 -1.67923858E+00  1.00000000E+00  1.71844333E+00 -2.80512846E+00  3.99833147E-01  1.67218480E+01  1.00051772E+00  4.49180866E-01
 -1.63032150E+00  1.00000000E+00  1.67926419E+00 -2.80495729E+00  3.99831744E-01  1.67205082E+01  1.00055519E+00  4.49141514E-01
 -1.58140441E+00  1.00000000E+00  1.64020395E+00 -2.80430364E+00  3.99728339E-01  1.67105953E+01  1.00065379E+00  4.48855471E-01
 -1.53248732E+00  1.00000000E+00  1.60114371E+00 -2.80365015E+00  3.99669427E-01  1.67006885E+01  1.00075239E+00  4.48569603E-01
 -1.48357023E+00  1.00000000E+00  1.56197774E+00 -2.80066544E+00  3.99653147E-01  1.66895786E+01  9.99946573E-01  4.48275201E-01
 -1.43465314E+00  1.00000000E+00  1.52281177E+00 -2.79768328E+00  3.99740862E-01  1.66784766E+01  9.99141556E-01  4.47981001E-01
 -1.38573605E+00  1.00000000E+00  1.48371305E+00 -2.79856525E+00  3.99724518E-01  1.66739452E+01  9.99646129E-01  4.47837117E-01
 -1.33681896E+00  1.00000000E+00  1.44461433E+00 -2.79944703E+00  3.99652507E-01  1.66694158E+01  1.00015089E+00  4.47693284E-01
 -1.28790187E+00  1.00000000E+00  1.40547646E+00 -2.79836258E+00  3.99530286E-01  1.66604119E+01  1.00003419E+00  4.47439364E-01
 -1.23898478E+00  1.00000000E+00  1.36633858E+00 -2.79727859E+00  3.99426703E-01  1.66514130E+01  9.99917532E-01  4.47185584E-01
 -1.19006769E+00  1.00000000E+00  1.32751664E+00 -2.79905759E+00  3.99336322E-01  1.66571264E+01  1.00039102E+00  4.47335297E-01
 -1.14115060E+00  1.00000000E+00  1.28869470E+00 -2.80083740E+00  3.99188025E-01  1.66628421E+01  1.00086480E+00  4.47485065E-01
 -1.09223351E+00  1.00000000E+00  1.24966620E+00 -2.79795643E+00  3.98994877E-01  1.66452216E+01  1.00042683E+00  4.46994135E-01
 -1.04331642E+00  1.00000000E+00  1.21063771E+00 -2.79507841E+00  3.98852963E-01  1.66276197E+01  9.99989329E-01  4.46503724E-01
 -9.94399333E-01  1.00000000E+00  1.17193275E+00 -2.79435523E+00  3.98747023E-01  1.66124912E+01  1.00019656E+00  4.46065562E-01
 -9.45482243E-01  1.00000000E+00  1.13322780E+00 -2.79363205E+00  3.98599539E-01  1.65973774E+01  1.00040375E+00  4.45627818E-01
 -8.96565154E-01  1.00000000E+00  1.09479637E+00 -2.79339850E+00  3.98458021E-01  1.65943656E+01  1.00047551E+00  4.45539716E-01
 -8.47648064E-01  1.00000000E+00  1.05636495E+00 -2.79316499E+00  3.98274891E-01  1.65913543E+01  1.00054728E+00  4.45451630E-01
 -7.99501858E-01  1.00000000E+00  1.01901121E+00 -2.79265310E+00  3.98088363E-01  1.65806668E+01  1.00074757E+00  4.45140549E-01
 -7.51355652E-01  1.00000000E+00  9.81657476E-01 -2.79214126E+00  3.97991439E-01  1.65699865E+01  1.00094788E+00  4.44829676E-01
 -7.08111109E-01  1.00000000E+00  9.48468160E-01 -2.79042000E+00  3.97903584E-01  1.65601970E+01  1.00060261E+00  4.44559839E-01
 -6.64866566E-01  1.00000000E+00  9.15278843E-01 -2.78869978E+00  3.98044240E-01  1.65504132E+01  1.00025754E+00  4.44290162E-01
 -6.26599939E-01  1.00000000E+00  8.86638336E-01 -2.79102208E+00  3.98293736E-01  1.65637105E+01  1.00055778E+00  4.44661506E-01
 -5.88333313E-01  1.00000000E+00  8.57997828E-01 -2.79334624E+00  3.98618477E-01  1.65770184E+01  1.00085836E+00  4.45033145E-01
 -5.54471587E-01  1.00000000E+00  8.33265761E-01 -2.79191490E+00  3.99222009E-01  1.66102133E+01  9.99197800E-01  4.46029015E-01
 -5.20609860E-01  1.00000000E+00  8.08533693E-01 -2.79047753E+00  3.99947149E-01  1.66434879E+01  9.97538586E-01  4.47027123E-01
 -4.90645977E-01  1.00000000E+00  7.87467652E-01 -2.80126287E+00  4.00867292E-01  1.67080500E+01  9.99197256E-01  4.48824364E-01
 -4.60682095E-01  1.00000000E+00  7.66401611E-01 -2.81208924E+00  4.01883808E-01  1.67728625E+01  1.00086268E+00  4.50628568E-01
 -4.34167380E-01  1.00000000E+00  7.48611886E-01 -2.81287559E+00  4.03317962E-01  1.68606233E+01  9.98182828E-01  4.53212586E-01
 -4.07652666E-01  1.00000000E+00  7.30822162E-01 -2.81364398E+00  4.04985071E-01  1.69488928E+01  9.95504680E-01  4.55811088E-01
 -3.84190072E-01  1.00000000E+00  7.15926316E-01 -2.83161576E+00  4.06862991E-01  1.70947751E+01  9.97242312E-01  4.59929509E-01
 -3.60727478E-01  1.00000000E+00  7.01030471E-01 -2.84971459E+00  4.08827691E-01  1.72419186E+01  9.98991891E-01  4.64083621E-01
 -3.39965684E-01  1.00000000E+00  6.88858736E-01 -2.86081166E+00  4.11258443E-01  1.74133032E+01  9.97421158E-01  4.69025201E-01
 -3.19203889E-01  1.00000000E+00  6.76687002E-01 -2.87195073E+00  4.13925155E-01  1.75864590E+01  9.95848934E-01  4.74017430E-01
 -3.00831998E-01  1.00000000E+00  6.66944329E-01 -2.89623256E+00  4.16998808E-01  1.78269072E+01  9.96969851E-01  4.80855354E-01
 -2.82460107E-01  1.00000000E+00  6.57201657E-01 -2.92074942E+00  4.20211601E-01  1.80706855E+01  9.98103347E-01  4.87788060E-01
 -2.66203017E-01  1.00000000E+00  6.49586239E-01 -2.93472576E+00  4.23919108E-01  1.83329018E+01  9.94984863E-01  4.95369055E-01
 -2.49945927E-01  1.00000000E+00  6.41970821E-01 -2.94874286E+00  4.28052732E-01  1.85991075E+01  9.91860656E-01  5.03064197E-01
 -2.35560203E-01  1.00000000E+00  6.36461228E-01 -2.98914326E+00  4.32626892E-01  1.89886390E+01  9.94366237E-01  5.14122078E-01
 -2.21174479E-01  1.00000000E+00  6.30951635E-01 -3.03017045E+00  4.37220752E-01  1.93864082E+01  9.96910982E-01  5.25414207E-01
 -2.08421419E-01  1.00000000E+00  6.27741129E-01 -3.06971958E+00  4.42219446E-01  1.98048651E+01  9.98122140E-01  5.37335513E-01
 -1.95668358E-01  1.00000000E+00  6.24530622E-01 -3.10986213E+00  4.47525419E-01  2.02324757E+01  9.99362795E-01  5.49517512E-01
 -1.83439085E-01  1.00000000E+00  6.22608989E-01 -3.13193997E+00  4.53810003E-01  2.07085446E+01  9.93907226E-01  5.63275354E-01
 -1.71209813E-01  1.00000000E+00  6.20687356E-01 -3.15404449E+00  4.60779109E-01  2.11963841E+01  9.88428139E-01  5.77370171E-01
 -1.58980541E-01  1.00000000E+00  6.20490220E-01 -3.23545252E+00  4.69631506E-01  2.19807788E+01  9.94753746E-01  5.99600716E-01
 -1.46751268E-01  1.00000000E+00  6.20293084E-01 -3.31919584E+00  4.78382829E-01  2.27943912E+01  1.00124175E+00  6.22661413E-01
 -1.34521996E-01  1.00000000E+00  6.26982307E-01 -3.39624413E+00  4.89167648E-01  2.38345257E+01  9.99751811E-01  6.52422111E-01
 -1.22292724E-01  1.00000000E+00  6.33671529E-01 -3.47525006E+00  5.00121040E-01  2.49231365E+01  9.98277780E-01  6.83567393E-01
 -1.10063451E-01  1.00000000E+00  6.34957257E-01 -3.61582876E+00  5.17103623E-01  2.62057371E+01  1.01089451E+00  7.19852647E-01
 -9.78341789E-02  1.00000000E+00  6.36242984E-01 -3.76257338E+00  5.36162487E-01  2.75544890E+01  1.02406570E+00  7.58012094E-01
 -8.56049065E-02  1.00000000E+00  6.68409065E-01 -3.52589529E+00  5.64109618E-01  2.96310470E+01  9.27345694E-01  8.20105751E-01
 -7.33756342E-02  1.00000000E+00  7.00575146E-01 -3.25791906E+00  5.93316800E-01  3.19199228E+01  8.36939769E-01  8.88085228E-01
 -6.11463618E-02  1.00000000E+00  6.38661879E-01 -4.37668486E+00  6.04857014E-01  3.17970798E+01  1.11534473E+00  8.76621002E-01
 -4.89170895E-02  1.00000000E+00  5.76748612E-01 -5.53983707E+00  5.81902683E-01  3.19307808E+01  1.47851518E+00  8.70064732E-01
 -3.66878171E-02  1.00000000E+00  1.50974770E+00 -1.77041914E+01  5.31853885E-01  6.39699499E+01  5.33983138E+00  1.67514624E+00
 -2.44585447E-02  1.00000000E+00  2.44274679E+00 -4.79758403E+01  5.30194179E-01  1.37269025E+02  1.71171092E+01  3.43291189E+00
 -1.22292724E-02  1.00000000E+00  5.66367219E-01  5.68442680E+00  1.50491933E+00  5.13688297E+01  1.38140409E+00  1.42821216E+00
  0.00000000E+00  1.00000000E+00 -1.31001235E+00  6.83307664E+01  4.17995065E+00  1.20579702E+02  3.89803034E+01  2.33141138E+00
