# curve 5 (die wall), step =      724, time =   1.44800000E+02
# N1 = tau_xx - tau_yy = G ( c_xx - c_yy ),  G =  2.8571E-02  (polymer part only)
#              x               y        pressure            c_xy        gammadot            c_xx            c_yy              N1
 -3.00000000E+00  1.00000000E+00  2.77551506E+00 -2.80209454E+00  4.00075986E-01  1.67012148E+01  9.99949908E-01  4.48607569E-01
 -2.95108291E+00  1.00000000E+00  2.73622650E+00 -2.80279054E+00  4.00076345E-01  1.67061804E+01  1.00003345E+00  4.48747055E-01
 -2.90216582E+00  1.00000000E+00  2.69693794E+00 -2.80348672E+00  4.00080199E-01  1.67111474E+01  1.00011702E+00  4.48886583E-01
 -2.85324873E+00  1.00000000E+00  2.65769162E+00 -2.80237013E+00  4.00018600E-01  1.67025325E+01  9.99993930E-01  4.48643959E-01
 -2.80433164E+00  1.00000000E+00  2.61844529E+00 -2.80125402E+00  3.99979803E-01  1.66939220E+01  9.99870892E-01  4.48401461E-01
 -2.75541455E+00  1.00000000E+00  2.57935090E+00 -2.80110774E+00  4.00042623E-01  1.66915365E+01  9.99891448E-01  4.48332716E-01
 -2.70649746E+00  1.00000000E+00  2.54025652E+00 -2.80096146E+00  4.00043836E-01  1.66891514E+01  9.99912003E-01  4.48263982E-01
 -2.65758037E+00  1.00000000E+00  2.50110159E+00 -2.80154775E+00  4.00060178E-01  1.66940785E+01  9.99983111E-01  4.48402725E-01
 -2.60866328E+00  1.00000000E+00  2.46194665E+00 -2.80213417E+00  4.00039419E-01  1.66990070E+01  1.00005423E+00  4.48541509E-01
 -2.55974619E+00  1.00000000E+00  2.42290376E+00 -2.80274105E+00  4.00015127E-01  1.67046999E+01  1.00017639E+00  4.48700670E-01
 -2.51082911E+00  1.00000000E+00  2.38386086E+00 -2.80334806E+00  4.00029092E-01  1.67103946E+01  1.00029856E+00  4.48859887E-01
 -2.46191202E+00  1.00000000E+00  2.34455821E+00 -2.80181877E+00  3.99985950E-01  1.67020582E+01  9.99985594E-01  4.48630647E-01
 -2.41299493E+00  1.00000000E+00  2.30525556E+00 -2.80029028E+00  3.99988684E-01  1.66937260E+01  9.99672776E-01  4.48401522E-01
 -2.36407784E+00  1.00000000E+00  2.26623813E+00 -2.80127379E+00  4.00012413E-01  1.66965608E+01  9.99968150E-01  4.48474077E-01
 -2.31516075E+00  1.00000000E+00  2.22722071E+00 -2.80225755E+00  3.99987633E-01  1.66993962E+01  1.00026362E+00  4.48546646E-01
 -2.26624366E+00  1.00000000E+00  2.18808224E+00 -2.80272611E+00  3.99957394E-01  1.67075743E+01  1.00017729E+00  4.48782772E-01
 -2.21732657E+00  1.00000000E+00  2.14894378E+00 -2.80319471E+00  3.99955299E-01  1.67157566E+01  1.00009095E+00  4.49019019E-01
 -2.16840948E+00  1.00000000E+00  2.10969371E+00 -2.80243969E+00  3.99943755E-01  1.67091314E+01  9.99990790E-01  4.48832590E-01
 -2.11949239E+00  1.00000000E+00  2.07044364E+00 -2.80168488E+00  3.99937258E-01  1.67025089E+01  9.99890649E-01  4.48646236E-01
 -2.07057530E+00  1.00000000E+00  2.03151259E+00 -2.80386311E+00  3.99972738E-01  1.67177393E+01  1.00021259E+00  4.49072192E-01
 -2.02165821E+00  1.00000000E+00  1.99258154E+00 -2.80604312E+00  3.99948869E-01  1.67329836E+01  1.00053476E+00  4.49498539E-01
 -1.97274112E+00  1.00000000E+00  1.95324063E+00 -2.80383165E+00  3.99889043E-01  1.67217205E+01  1.00008943E+00  4.49189460E-01
 -1.92382403E+00  1.00000000E+00  1.91389972E+00 -2.80162177E+00  3.99886858E-01  1.67104651E+01  9.99644421E-01  4.48880589E-01
 -1.87490694E+00  1.00000000E+00  1.87482765E+00 -2.80179271E+00  3.99937884E-01  1.67038404E+01  9.99901960E-01  4.48683957E-01
 -1.82598985E+00  1.00000000E+00  1.83575559E+00 -2.80196342E+00  3.99946151E-01  1.66972189E+01  1.00015952E+00  4.48487411E-01
 -1.77707276E+00  1.00000000E+00  1.79670424E+00 -2.80364600E+00  3.99966033E-01  1.67112656E+01  1.00031979E+00  4.48884166E-01
 -1.72815567E+00  1.00000000E+00  1.75765288E+00 -2.80532970E+00  3.99910741E-01  1.67253242E+01  1.00048016E+00  4.49281259E-01
 -1.67923858E+00  1.00000000E+00  1.71847366E+00 -2.80515821E+00  3.99833197E-01  1.67239850E+01  1.00051753E+00  4.49241928E-01
 -1.63032150E+00  1.00000000E+00  1.67929444E+00 -2.80498674E+00  3.99831802E-01  1.67226459E+01  1.00055491E+00  4.49202600E-01
 -1.58140441E+00  1.00000000E+00  1.64023409E+00 -2.80433351E+00  3.99728394E-01  1.67127332E+01  1.00065362E+00  4.48916558E-01
 -1.53248732E+00  1.00000000E+00  1.60117373E+00 -2.80368043E+00  3.99669484E-01  1.67028265E+01  1.00075232E+00  4.48630692E-01
 -1.48357023E+00  1.00000000E+00  1.56200774E+00 -2.80069688E+00  3.99653208E-01  1.66917231E+01  9.99946784E-01  4.48336465E-01
 -1.43465314E+00  1.00000000E+00  1.52284175E+00 -2.79771586E+00  3.99740884E-01  1.66806274E+01  9.99142040E-01  4.48042439E-01
 -1.38573605E+00  1.00000000E+00  1.48374297E+00 -2.79859706E+00  3.99724478E-01  1.66760926E+01  9.99646465E-01  4.47898462E-01
 -1.33681896E+00  1.00000000E+00  1.44464419E+00 -2.79947805E+00  3.99652429E-01  1.66715598E+01  1.00015108E+00  4.47754536E-01
 -1.28790187E+00  1.00000000E+00  1.40550617E+00 -2.79839171E+00  3.99530176E-01  1.66625424E+01  1.00003408E+00  4.47500238E-01
 -1.23898478E+00  1.00000000E+00  1.36636815E+00 -2.79730584E+00  3.99426595E-01  1.66535299E+01  9.99917112E-01  4.47246080E-01
 -1.19006769E+00  1.00000000E+00  1.32754615E+00 -2.79908498E+00  3.99336217E-01  1.66592373E+01  1.00039065E+00  4.47395617E-01
 -1.14115060E+00  1.00000000E+00  1.28872414E+00 -2.80086494E+00  3.99187922E-01  1.66649468E+01  1.00086447E+00  4.47545209E-01
 -1.09223351E+00  1.00000000E+00  1.24969549E+00 -2.79798375E+00  3.98994796E-01  1.66473217E+01  1.00042644E+00  4.47054149E-01
 -1.04331642E+00  1.00000000E+00  1.21066683E+00 -2.79510551E+00  3.98852918E-01  1.66297151E+01  9.99988873E-01  4.46563608E-01
 -9.94399333E-01  1.00000000E+00  1.17196180E+00 -2.79438452E+00  3.98747005E-01  1.66145921E+01  1.00019651E+00  4.46125588E-01
 -9.45482243E-01  1.00000000E+00  1.13325677E+00 -2.79366352E+00  3.98599520E-01  1.65994836E+01  1.00040411E+00  4.45687986E-01
 -8.96565154E-01  1.00000000E+00  1.09482532E+00 -2.79343231E+00  3.98457977E-01  1.65964837E+01  1.00047635E+00  4.45600211E-01
 -8.47648064E-01  1.00000000E+00  1.05639387E+00 -2.79320114E+00  3.98274755E-01  1.65934844E+01  1.00054860E+00  4.45512452E-01
 -7.99501858E-01  1.00000000E+00  1.01904012E+00 -2.79269129E+00  3.98088127E-01  1.65828010E+01  1.00074940E+00  4.45201473E-01
 -7.51355652E-01  1.00000000E+00  9.81686366E-01 -2.79218149E+00  3.97991080E-01  1.65721248E+01  1.00095021E+00  4.44890702E-01
 -7.08111109E-01  1.00000000E+00  9.48497091E-01 -2.79045893E+00  3.97902967E-01  1.65623070E+01  1.00060501E+00  4.44620057E-01
 -6.64866566E-01  1.00000000E+00  9.15307817E-01 -2.78873739E+00  3.98043461E-01  1.65524950E+01  1.00025999E+00  4.44349572E-01
 -6.26599939E-01  1.00000000E+00  8.86667347E-01 -2.79105765E+00  3.98292786E-01  1.65657505E+01  1.00056022E+00  4.44719724E-01
 -5.88333313E-01  1.00000000E+00  8.58026878E-01 -2.79337975E+00  3.98617387E-01  1.65790167E+01  1.00086078E+00  4.45090169E-01
 -5.54471587E-01  1.00000000E+00  8.33294933E-01 -2.79194708E+00  3.99220824E-01  1.66121745E+01  9.99200562E-01  4.46084969E-01
 -5.20609860E-01  1.00000000E+00  8.08562989E-01 -2.79050839E+00  3.99945776E-01  1.66454118E+01  9.97541689E-01  4.47082003E-01
 -4.90645977E-01  1.00000000E+00  7.87497072E-01 -2.80129127E+00  4.00865523E-01  1.67098894E+01  9.99200514E-01  4.48876827E-01
 -4.60682095E-01  1.00000000E+00  7.66431156E-01 -2.81211511E+00  4.01881831E-01  1.67746169E+01  1.00086610E+00  4.50678594E-01
 -4.34167380E-01  1.00000000E+00  7.48641890E-01 -2.81290053E+00  4.03315987E-01  1.68623188E+01  9.98187106E-01  4.53260905E-01
 -4.07652666E-01  1.00000000E+00  7.30852624E-01 -2.81366804E+00  4.04982748E-01  1.69505285E+01  9.95509821E-01  4.55857678E-01
 -3.84190072E-01  1.00000000E+00  7.15957081E-01 -2.83161892E+00  4.06859915E-01  1.70961797E+01  9.97244304E-01  4.59969582E-01
 -3.60727478E-01  1.00000000E+00  7.01061539E-01 -2.84969654E+00  4.08824485E-01  1.72430878E+01  9.98990726E-01  4.64117060E-01
 -3.39965684E-01  1.00000000E+00  6.88889473E-01 -2.86077862E+00  4.11255621E-01  1.74142646E+01  9.97418388E-01  4.69052749E-01
 -3.19203889E-01  1.00000000E+00  6.76717406E-01 -2.87190264E+00  4.13922795E-01  1.75872081E+01  9.95844586E-01  4.74038958E-01
 -3.00831998E-01  1.00000000E+00  6.66975858E-01 -2.89619287E+00  4.16996326E-01  1.78275499E+01  9.96968580E-01  4.80873752E-01
 -2.82460107E-01  1.00000000E+00  6.57234310E-01 -2.92071831E+00  4.20208697E-01  1.80712184E+01  9.98105220E-01  4.87803233E-01
 -2.66203017E-01  1.00000000E+00  6.49618486E-01 -2.93469363E+00  4.23916435E-01  1.83333465E+01  9.94986459E-01  4.95381716E-01
 -2.49945927E-01  1.00000000E+00  6.42002662E-01 -2.94870980E+00  4.28050236E-01  1.85994612E+01  9.91862012E-01  5.03074262E-01
 -2.35560203E-01  1.00000000E+00  6.36494870E-01 -2.98913085E+00  4.32623846E-01  1.89889374E+01  9.94373325E-01  5.14130402E-01
 -2.21174479E-01  1.00000000E+00  6.30987078E-01 -3.03017932E+00  4.37216744E-01  1.93866487E+01  9.96923949E-01  5.25420708E-01
 -2.08421419E-01  1.00000000E+00  6.27777299E-01 -3.06971691E+00  4.42214766E-01  1.98049949E+01  9.98132750E-01  5.37338919E-01
 -1.95668358E-01  1.00000000E+00  6.24567519E-01 -3.10984761E+00  4.47520079E-01  2.02324899E+01  9.99371046E-01  5.49517681E-01
 -1.83439085E-01  1.00000000E+00  6.22646489E-01 -3.13191321E+00  4.53804327E-01  2.07083440E+01  9.93914811E-01  5.63269406E-01
 -1.71209813E-01  1.00000000E+00  6.20725458E-01 -3.15400551E+00  4.60772963E-01  2.11959582E+01  9.88435123E-01  5.77357801E-01
 -1.58980541E-01  1.00000000E+00  6.20529728E-01 -3.23538921E+00  4.69623885E-01  2.19799050E+01  9.94758366E-01  5.99575619E-01
 -1.46751268E-01  1.00000000E+00  6.20333997E-01 -3.31910690E+00  4.78374491E-01  2.27930365E+01  1.00124409E+00  6.22622640E-01
 -1.34521996E-01  1.00000000E+00  6.27022527E-01 -3.39616668E+00  4.89159725E-01  2.38327512E+01  9.99760180E-01  6.52371173E-01
 -1.22292724E-01  1.00000000E+00  6.33711058E-01 -3.47518559E+00  5.00112901E-01  2.49209047E+01  9.98292581E-01  6.83503203E-01
 -1.10063451E-01  1.00000000E+00  6.35007549E-01 -3.61573579E+00  5.17092204E-01  2.62031619E+01  1.01090578E+00  7.19778747E-01
 -9.78341789E-02  1.00000000E+00  6.36304041E-01 -3.76244961E+00  5.36147401E-01  2.75515409E+01  1.02407327E+00  7.57927647E-01
 -8.56049065E-02  1.00000000E+00  6.68448299E-01 -3.52559459E+00  5.64094742E-01  2.96263073E+01  9.27323837E-01  8.19970956E-01
 -7.33756342E-02  1.00000000E+00  7.00592558E-01 -3.25746163E+00  5.93305085E-01  3.19131351E+01  8.36895824E-01  8.87892552E-01
 -6.11463618E-02  1.00000000E+00  6.38729991E-01 -4.37690571E+00  6.04831456E-01  3.17914759E+01  1.11548347E+00  8.76456927E-01
 -4.89170895E-02  1.00000000E+00  5.76867423E-01 -5.54085493E+00  5.81843134E-01  3.19266500E+01  1.47895219E+00  8.69934224E-01
 -3.66878171E-02  1.00000000E+00  1.50996066E+00 -1.77071618E+01  5.31752633E-01  6.39660474E+01  5.34174291E+00  1.67498013E+00
 -2.44585447E-02  1.00000000E+00  2.44305390E+00 -4.79860390E+01  5.30074958E-01  1.37271508E+02  1.71239087E+01  3.43278856E+00
 -1.22292724E-02  1.00000000E+00  5.66518934E-01  5.68295752E+00  1.50490196E+00  5.13603712E+01  1.38131606E+00  1.42797300E+00
  0.00000000E+00  1.00000000E+00 -1.31001603E+00  6.83422671E+01  4.18028454E+00  1.20590283E+02  3.89899393E+01  2.33143838E+00
