# curve 5 (die wall), step =      200, time =   4.00000000E+01
# N1 = tau_xx - tau_yy = G ( c_xx - c_yy ),  G =  2.8571E-02  (polymer part only)
#              x               y        pressure            c_xy        gammadot            c_xx            c_yy              N1
 -3.00000000E+00  1.00000000E+00  2.76971210E+00 -2.79278698E+00  4.00072121E-01  1.63488767E+01  9.99963048E-01  4.38540389E-01
 -2.95108291E+00  1.00000000E+00  2.73044927E+00 -2.79347329E+00  4.00072686E-01  1.63536390E+01  1.00004623E+00  4.38674078E-01
 -2.90216582E+00  1.00000000E+00  2.69118644E+00 -2.79415977E+00  4.00077049E-01  1.63584027E+01  1.00012944E+00  4.38807806E-01
 -2.85324873E+00  1.00000000E+00  2.65196908E+00 -2.79308744E+00  4.00017179E-01  1.63501536E+01  1.00001268E+00  4.38575456E-01
 -2.80433164E+00  1.00000000E+00  2.61275173E+00 -2.79201556E+00  3.99979193E-01  1.63419087E+01  9.99895957E-01  4.38343223E-01
 -2.75541455E+00  1.00000000E+00  2.57368205E+00 -2.79188765E+00  4.00040441E-01  1.63397632E+01  9.99919975E-01  4.38281235E-01
 -2.70649746E+00  1.00000000E+00  2.53461237E+00 -2.79175975E+00  4.00040681E-01  1.63376180E+01  9.99943992E-01  4.38219256E-01
 -2.65758037E+00  1.00000000E+00  2.49548371E+00 -2.79232757E+00  4.00056182E-01  1.63423571E+01  1.00001199E+00  4.38352717E-01
 -2.60866328E+00  1.00000000E+00  2.45635504E+00 -2.79289551E+00  4.00035993E-01  1.63470976E+01  1.00007999E+00  4.38486217E-01
 -2.55974619E+00  1.00000000E+00  2.41733477E+00 -2.79346227E+00  4.00011175E-01  1.63524007E+01  1.00019336E+00  4.38634496E-01
 -2.51082911E+00  1.00000000E+00  2.37831450E+00 -2.79402915E+00  4.00025267E-01  1.63577056E+01  1.00030674E+00  4.38782826E-01
 -2.46191202E+00  1.00000000E+00  2.33904054E+00 -2.79253495E+00  3.99983739E-01  1.63494849E+01  1.00000187E+00  4.38556658E-01
 -2.41299493E+00  1.00000000E+00  2.29976657E+00 -2.79104152E+00  3.99986985E-01  1.63412683E+01  9.99697150E-01  4.38330605E-01
 -2.36407784E+00  1.00000000E+00  2.26077311E+00 -2.79201778E+00  4.00010553E-01  1.63441073E+01  9.99990959E-01  4.38403325E-01
 -2.31516075E+00  1.00000000E+00  2.22177965E+00 -2.79299428E+00  3.99985765E-01  1.63469469E+01  1.00028487E+00  4.38476058E-01
 -2.26624366E+00  1.00000000E+00  2.18266636E+00 -2.79348710E+00  3.99955444E-01  1.63549249E+01  1.00020423E+00  4.38706305E-01
 -2.21732657E+00  1.00000000E+00  2.14355308E+00 -2.79397998E+00  3.99952748E-01  1.63629070E+01  1.00012359E+00  4.38936669E-01
 -2.16840948E+00  1.00000000E+00  2.10433173E+00 -2.79322985E+00  3.99941004E-01  1.63564617E+01  1.00002448E+00  4.38755349E-01
 -2.11949239E+00  1.00000000E+00  2.06511039E+00 -2.79247992E+00  3.99934218E-01  1.63500189E+01  9.99925390E-01  4.38574101E-01
 -2.07057530E+00  1.00000000E+00  2.02619887E+00 -2.79461647E+00  3.99968580E-01  1.63648098E+01  1.00023949E+00  4.38987722E-01
 -2.02165821E+00  1.00000000E+00  1.98728734E+00 -2.79675474E+00  3.99945248E-01  1.63796140E+01  1.00055381E+00  4.39401720E-01
 -1.97274112E+00  1.00000000E+00  1.94797628E+00 -2.79459907E+00  3.99886714E-01  1.63686623E+01  1.00011932E+00  4.39101228E-01
 -1.92382403E+00  1.00000000E+00  1.90866522E+00 -2.79244493E+00  3.99884553E-01  1.63577180E+01  9.99685143E-01  4.38800938E-01
 -1.87490694E+00  1.00000000E+00  1.86961884E+00 -2.79259775E+00  3.99934344E-01  1.63514103E+01  9.99938174E-01  4.38613488E-01
 -1.82598985E+00  1.00000000E+00  1.83057247E+00 -2.79275036E+00  3.99941618E-01  1.63451054E+01  1.00019123E+00  4.38426119E-01
 -1.77707276E+00  1.00000000E+00  1.79154501E+00 -2.79440758E+00  3.99960228E-01  1.63587286E+01  1.00034815E+00  4.38810868E-01
 -1.72815567E+00  1.00000000E+00  1.75251755E+00 -2.79606590E+00  3.99905742E-01  1.63723631E+01  1.00050518E+00  4.39195941E-01
 -1.67923858E+00  1.00000000E+00  1.71336364E+00 -2.79583967E+00  3.99829236E-01  1.63708112E+01  1.00052987E+00  4.39150894E-01
 -1.63032150E+00  1.00000000E+00  1.67420972E+00 -2.79561347E+00  3.99828481E-01  1.63692594E+01  1.00055457E+00  4.39105851E-01
 -1.58140441E+00  1.00000000E+00  1.63517235E+00 -2.79493798E+00  3.99728672E-01  1.63595048E+01  1.00064480E+00  4.38824570E-01
 -1.53248732E+00  1.00000000E+00  1.59613498E+00 -2.79426267E+00  3.99672547E-01  1.63497562E+01  1.00073502E+00  4.38543462E-01
 -1.48357023E+00  1.00000000E+00  1.55699576E+00 -2.79142789E+00  3.99658700E-01  1.63392805E+01  9.99958829E-01  4.38266333E-01
 -1.43465314E+00  1.00000000E+00  1.51785654E+00 -2.78859544E+00  3.99744133E-01  1.63288119E+01  9.99183369E-01  4.37989387E-01
 -1.38573605E+00  1.00000000E+00  1.47878568E+00 -2.78954145E+00  3.99729206E-01  1.63252360E+01  9.99693905E-01  4.37872630E-01
 -1.33681896E+00  1.00000000E+00  1.43971482E+00 -2.79048734E+00  3.99657348E-01  1.63216615E+01  1.00020464E+00  4.37755910E-01
 -1.28790187E+00  1.00000000E+00  1.40060923E+00 -2.78942622E+00  3.99534155E-01  1.63133622E+01  1.00008635E+00  4.37522167E-01
 -1.23898478E+00  1.00000000E+00  1.36150363E+00 -2.78836554E+00  3.99429179E-01  1.63050671E+01  9.99968104E-01  4.37288543E-01
 -1.19006769E+00  1.00000000E+00  1.32269901E+00 -2.78996692E+00  3.99339127E-01  1.63102880E+01  1.00040274E+00  4.37425293E-01
 -1.14115060E+00  1.00000000E+00  1.28389439E+00 -2.79156899E+00  3.99196229E-01  1.63155108E+01  1.00083761E+00  4.37562090E-01
 -1.09223351E+00  1.00000000E+00  1.24489510E+00 -2.78875117E+00  3.99008518E-01  1.62985340E+01  1.00040542E+00  4.37089387E-01
 -1.04331642E+00  1.00000000E+00  1.20589581E+00 -2.78593619E+00  3.98870945E-01  1.62815749E+01  9.99973683E-01  4.36617176E-01
 -9.94399333E-01  1.00000000E+00  1.16721430E+00 -2.78521570E+00  3.98770627E-01  1.62675944E+01  1.00016611E+00  4.36212237E-01
 -9.45482243E-01  1.00000000E+00  1.12853280E+00 -2.78449527E+00  3.98629119E-01  1.62536266E+01  1.00035850E+00  4.35807661E-01
 -8.96565154E-01  1.00000000E+00  1.09012398E+00 -2.78429353E+00  3.98496251E-01  1.62516320E+01  1.00041766E+00  4.35748980E-01
 -8.47648064E-01  1.00000000E+00  1.05171516E+00 -2.78409182E+00  3.98321592E-01  1.62496375E+01  1.00047683E+00  4.35690305E-01
 -7.99501858E-01  1.00000000E+00  1.01437690E+00 -2.78362855E+00  3.98151664E-01  1.62413542E+01  1.00064968E+00  4.35448699E-01
 -7.51355652E-01  1.00000000E+00  9.77038653E-01 -2.78316539E+00  3.98065954E-01  1.62330752E+01  1.00082255E+00  4.35207219E-01
 -7.08111109E-01  1.00000000E+00  9.43857869E-01 -2.78176595E+00  3.98001712E-01  1.62281156E+01  1.00048422E+00  4.35075183E-01
 -6.64866566E-01  1.00000000E+00  9.10677084E-01 -2.78036704E+00  3.98157160E-01  1.62231576E+01  1.00014606E+00  4.34943188E-01
 -6.26599939E-01  1.00000000E+00  8.82039443E-01 -2.78295525E+00  3.98421667E-01  1.62408822E+01  1.00044904E+00  4.35440947E-01
 -5.88333313E-01  1.00000000E+00  8.53401802E-01 -2.78554600E+00  3.98762200E-01  1.62586261E+01  1.00075235E+00  4.35939249E-01
 -5.54471587E-01  1.00000000E+00  8.28660706E-01 -2.78427665E+00  3.99376964E-01  1.62952971E+01  9.99044399E-01  4.37035791E-01
 -5.20609860E-01  1.00000000E+00  8.03919609E-01 -2.78300010E+00  4.00121722E-01  1.63320663E+01  9.97337686E-01  4.38135103E-01
 -4.90645977E-01  1.00000000E+00  7.82831274E-01 -2.79427745E+00  4.01080797E-01  1.64039746E+01  9.99029015E-01  4.40141302E-01
 -4.60682095E-01  1.00000000E+00  7.61742940E-01 -2.80560148E+00  4.02119545E-01  1.64761993E+01  1.00072720E+00  4.42156345E-01
 -4.34167380E-01  1.00000000E+00  7.43919300E-01 -2.80674493E+00  4.03558099E-01  1.65686491E+01  9.98014291E-01  4.44875280E-01
 -4.07652666E-01  1.00000000E+00  7.26095660E-01 -2.80786898E+00  4.05248019E-01  1.66616728E+01  9.95302620E-01  4.47610577E-01
 -3.84190072E-01  1.00000000E+00  7.11175041E-01 -2.82696603E+00  4.07166120E-01  1.68193653E+01  9.97181052E-01  4.52062408E-01
 -3.60727478E-01  1.00000000E+00  6.96254421E-01 -2.84620733E+00  4.09140737E-01  1.69785593E+01  9.99071914E-01  4.56556783E-01
 -3.39965684E-01  1.00000000E+00  6.84038145E-01 -2.85759382E+00  4.11567263E-01  1.71569854E+01  9.97421941E-01  4.61701813E-01
 -3.19203889E-01  1.00000000E+00  6.71821870E-01 -2.86902121E+00  4.14243728E-01  1.73373667E+01  9.95769155E-01  4.66902786E-01
 -3.00831998E-01  1.00000000E+00  6.61965573E-01 -2.89331492E+00  4.17363438E-01  1.75834460E+01  9.96755448E-01  4.73905444E-01
 -2.82460107E-01  1.00000000E+00  6.52109276E-01 -2.91784346E+00  4.20637902E-01  1.78330716E+01  9.97752141E-01  4.81009126E-01
 -2.66203017E-01  1.00000000E+00  6.44452816E-01 -2.93279914E+00  4.24376511E-01  1.81034079E+01  9.94715004E-01  4.88819798E-01
 -2.49945927E-01  1.00000000E+00  6.36796356E-01 -2.94780430E+00  4.28542439E-01  1.83780407E+01  9.91670550E-01  4.96753432E-01
 -2.35560203E-01  1.00000000E+00  6.31153539E-01 -2.98863677E+00  4.33184994E-01  1.87794018E+01  9.94056122E-01  5.08152734E-01
 -2.21174479E-01  1.00000000E+00  6.25510723E-01 -3.03010937E+00  4.37840628E-01  1.91896302E+01  9.96476886E-01  5.19804381E-01
 -2.08421419E-01  1.00000000E+00  6.22208263E-01 -3.07067449E+00  4.42883042E-01  1.96171615E+01  9.97807868E-01  5.31981533E-01
 -1.95668358E-01  1.00000000E+00  6.18905802E-01 -3.11186174E+00  4.48235601E-01  2.00543523E+01  9.99168118E-01  5.44433834E-01
 -1.83439085E-01  1.00000000E+00  6.16879424E-01 -3.13442060E+00  4.54556782E-01  2.05397066E+01  9.93602643E-01  5.58460113E-01
 -1.71209813E-01  1.00000000E+00  6.14853045E-01 -3.15699857E+00  4.61573834E-01  2.10374207E+01  9.88009886E-01  5.72840310E-01
 -1.58980541E-01  1.00000000E+00  6.14460108E-01 -3.23881960E+00  4.70539053E-01  2.18374283E+01  9.94203900E-01  5.95520696E-01
 -1.46751268E-01  1.00000000E+00  6.14067172E-01 -3.32299967E+00  4.79414444E-01  2.26680927E+01  1.00054998E+00  6.19072648E-01
 -1.34521996E-01  1.00000000E+00  6.20510644E-01 -3.39799824E+00  4.90325483E-01  2.37256647E+01  9.98163273E-01  6.49357184E-01
 -1.22292724E-01  1.00000000E+00  6.26954117E-01 -3.47478622E+00  5.01518352E-01  2.48337820E+01  9.95762946E-01  6.81086259E-01
 -1.10063451E-01  1.00000000E+00  6.27406966E-01 -3.62564815E+00  5.18911808E-01  2.61709142E+01  1.01023354E+00  7.18876590E-01
 -9.78341789E-02  1.00000000E+00  6.27859815E-01 -3.78355431E+00  5.38205574E-01  2.75801559E+01  1.02537309E+00  7.58708081E-01
 -8.56049065E-02  1.00000000E+00  6.62272160E-01 -3.56002648E+00  5.66252691E-01  2.98122107E+01  9.29195326E-01  8.25229010E-01
 -7.33756342E-02  1.00000000E+00  6.96684504E-01 -3.30309167E+00  5.95702067E-01  3.22826478E+01  8.38896724E-01  8.98392888E-01
 -6.11463618E-02  1.00000000E+00  6.27871806E-01 -4.32914999E+00  6.09815408E-01  3.21017322E+01  1.09408747E+00  8.85932705E-01
 -4.89170895E-02  1.00000000E+00  5.59059107E-01 -5.38991342E+00  5.91622066E-01  3.21384635E+01  1.42021743E+00  8.77664172E-01
 -3.66878171E-02  1.00000000E+00  1.47944529E+00 -1.72697874E+01  5.47385192E-01  6.41269537E+01  5.08994079E+00  1.68677180E+00
 -2.44585447E-02  1.00000000E+00  2.39983147E+00 -4.66462195E+01  5.48275560E-01  1.36787116E+02  1.62562902E+01  3.44373788E+00
 -1.22292724E-02  1.00000000E+00  5.44203469E-01  5.83757297E+00  1.51004221E+00  5.24682626E+01  1.37954292E+00  1.45967771E+00
  0.00000000E+00  1.00000000E+00 -1.31142453E+00  6.68522986E+01  4.13961016E+00  1.19422644E+02  3.76807761E+01  2.33548193E+00
