# curve 5 (die wall), step =      100, time =   4.00000000E+01
# N1 = tau_xx - tau_yy = G ( c_xx - c_yy ),  G =  6.0000E-02  (polymer part only)
#              x               y        pressure            c_xy        gammadot            c_xx            c_yy              N1
 -3.00000000E+00  1.00000000E+00  2.27533215E+00 -9.36828110E-01  4.12270315E-01  3.17736666E+00  7.11869473E-01  1.47929831E-01
 -2.97524677E+00  1.00000000E+00  2.25826526E+00 -9.36784569E-01  4.12274057E-01  3.17723777E+00  7.11868568E-01  1.47922152E-01
 -2.95049355E+00  1.00000000E+00  2.24119837E+00 -9.36741030E-01  4.12276757E-01  3.17710888E+00  7.11867663E-01  1.47914473E-01
 -2.92574032E+00  1.00000000E+00  2.22413094E+00 -9.36778509E-01  4.12276079E-01  3.17722959E+00  7.11868837E-01  1.47921645E-01
 -2.90098710E+00  1.00000000E+00  2.20706352E+00 -9.36815989E-01  4.12272517E-01  3.17735031E+00  7.11870012E-01  1.47928818E-01
 -2.87623387E+00  1.00000000E+00  2.18998967E+00 -9.36892798E-01  4.12269375E-01  3.17767894E+00  7.11857797E-01  1.47949268E-01
 -2.85148064E+00  1.00000000E+00  2.17291582E+00 -9.36969613E-01  4.12264666E-01  3.17800760E+00  7.11845586E-01  1.47969721E-01
 -2.82672742E+00  1.00000000E+00  2.15584624E+00 -9.36861754E-01  4.12268481E-01  3.17764380E+00  7.11847447E-01  1.47947781E-01
 -2.80197419E+00  1.00000000E+00  2.13877667E+00 -9.36753907E-01  4.12270999E-01  3.17728005E+00  7.11849314E-01  1.47925844E-01
 -2.77722097E+00  1.00000000E+00  2.12170484E+00 -9.36782826E-01  4.12273817E-01  3.17727052E+00  7.11862882E-01  1.47924458E-01
 -2.75246774E+00  1.00000000E+00  2.10463300E+00 -9.36811746E-01  4.12275957E-01  3.17726099E+00  7.11876451E-01  1.47923072E-01
 -2.72771451E+00  1.00000000E+00  2.08756717E+00 -9.36799811E-01  4.12274972E-01  3.17726306E+00  7.11873416E-01  1.47923379E-01
 -2.70296129E+00  1.00000000E+00  2.07050133E+00 -9.36787876E-01  4.12271070E-01  3.17726513E+00  7.11870382E-01  1.47923685E-01
 -2.67820806E+00  1.00000000E+00  2.05343033E+00 -9.36801185E-01  4.12269793E-01  3.17728124E+00  7.11871413E-01  1.47924589E-01
 -2.65345484E+00  1.00000000E+00  2.03635934E+00 -9.36814493E-01  4.12270613E-01  3.17729735E+00  7.11872444E-01  1.47925494E-01
 -2.62870161E+00  1.00000000E+00  2.01929002E+00 -9.36813921E-01  4.12272213E-01  3.17727355E+00  7.11875853E-01  1.47923862E-01
 -2.60394839E+00  1.00000000E+00  2.00222069E+00 -9.36813349E-01  4.12273719E-01  3.17724976E+00  7.11879262E-01  1.47922230E-01
 -2.57919516E+00  1.00000000E+00  1.98515305E+00 -9.36792433E-01  4.12273642E-01  3.17722606E+00  7.11874631E-01  1.47921086E-01
 -2.55444193E+00  1.00000000E+00  1.96808540E+00 -9.36771518E-01  4.12271822E-01  3.17720237E+00  7.11870001E-01  1.47919942E-01
 -2.52968871E+00  1.00000000E+00  1.95101162E+00 -9.36836024E-01  4.12269287E-01  3.17743685E+00  7.11867402E-01  1.47934167E-01
 -2.50493548E+00  1.00000000E+00  1.93393783E+00 -9.36900535E-01  4.12264274E-01  3.17767135E+00  7.11864805E-01  1.47948393E-01
 -2.48018226E+00  1.00000000E+00  1.91686772E+00 -9.36820783E-01  4.12268033E-01  3.17740958E+00  7.11863131E-01  1.47932787E-01
 -2.45542903E+00  1.00000000E+00  1.89979760E+00 -9.36741036E-01  4.12271877E-01  3.17714783E+00  7.11861459E-01  1.47917182E-01
 -2.43067580E+00  1.00000000E+00  1.88272973E+00 -9.36752909E-01  4.12274704E-01  3.17713202E+00  7.11868892E-01  1.47915788E-01
 -2.40592258E+00  1.00000000E+00  1.86566186E+00 -9.36764781E-01  4.12277247E-01  3.17711622E+00  7.11876325E-01  1.47914394E-01
 -2.38116935E+00  1.00000000E+00  1.84859363E+00 -9.36748824E-01  4.12275959E-01  3.17708971E+00  7.11875063E-01  1.47912879E-01
 -2.35641613E+00  1.00000000E+00  1.83152540E+00 -9.36732866E-01  4.12271415E-01  3.17706319E+00  7.11873801E-01  1.47911363E-01
 -2.33166290E+00  1.00000000E+00  1.81445430E+00 -9.36762973E-01  4.12269424E-01  3.17715499E+00  7.11873586E-01  1.47916885E-01
 -2.30690967E+00  1.00000000E+00  1.79738321E+00 -9.36793081E-01  4.12267246E-01  3.17724680E+00  7.11873372E-01  1.47922406E-01
 -2.28215645E+00  1.00000000E+00  1.78031380E+00 -9.36802378E-01  4.12266845E-01  3.17725589E+00  7.11874683E-01  1.47922872E-01
 -2.25740322E+00  1.00000000E+00  1.76324440E+00 -9.36811675E-01  4.12268083E-01  3.17726497E+00  7.11875993E-01  1.47923338E-01
 -2.23265000E+00  1.00000000E+00  1.74617220E+00 -9.36846941E-01  4.12266215E-01  3.17743269E+00  7.11871225E-01  1.47933688E-01
 -2.20789677E+00  1.00000000E+00  1.72910000E+00 -9.36882209E-01  4.12260614E-01  3.17760042E+00  7.11866457E-01  1.47944038E-01
 -2.18314354E+00  1.00000000E+00  1.71202995E+00 -9.36812970E-01  4.12261874E-01  3.17733375E+00  7.11871298E-01  1.47927747E-01
 -2.15839032E+00  1.00000000E+00  1.69495990E+00 -9.36743737E-01  4.12263026E-01  3.17706710E+00  7.11876141E-01  1.47911457E-01
 -2.13363709E+00  1.00000000E+00  1.67789488E+00 -9.36751692E-01  4.12263663E-01  3.17706835E+00  7.11879393E-01  1.47911337E-01
 -2.10888387E+00  1.00000000E+00  1.66082986E+00 -9.36759648E-01  4.12264234E-01  3.17706960E+00  7.11882645E-01  1.47911217E-01
 -2.08413064E+00  1.00000000E+00  1.64375719E+00 -9.36757434E-01  4.12263704E-01  3.17704627E+00  7.11885117E-01  1.47909669E-01
 -2.05937741E+00  1.00000000E+00  1.62668453E+00 -9.36755221E-01  4.12262151E-01  3.17702294E+00  7.11887590E-01  1.47908121E-01
 -2.03462419E+00  1.00000000E+00  1.60961667E+00 -9.36746159E-01  4.12258723E-01  3.17703464E+00  7.11882764E-01  1.47909113E-01
 -2.00987096E+00  1.00000000E+00  1.59254882E+00 -9.36737096E-01  4.12253874E-01  3.17704634E+00  7.11877938E-01  1.47910104E-01
 -1.98511774E+00  1.00000000E+00  1.57547816E+00 -9.36755206E-01  4.12251447E-01  3.17705342E+00  7.11884551E-01  1.47910132E-01
 -1.96036451E+00  1.00000000E+00  1.55840750E+00 -9.36773316E-01  4.12249642E-01  3.17706050E+00  7.11891165E-01  1.47910160E-01
 -1.93561128E+00  1.00000000E+00  1.54134120E+00 -9.36803619E-01  4.12244799E-01  3.17720642E+00  7.11886863E-01  1.47919173E-01
 -1.91085806E+00  1.00000000E+00  1.52427489E+00 -9.36833923E-01  4.12238104E-01  3.17735234E+00  7.11882562E-01  1.47928187E-01
 -1.88610483E+00  1.00000000E+00  1.50720038E+00 -9.36825208E-01  4.12234525E-01  3.17730558E+00  7.11881663E-01  1.47925435E-01
 -1.86135161E+00  1.00000000E+00  1.49012586E+00 -9.36816492E-01  4.12230903E-01  3.17725883E+00  7.11880763E-01  1.47922684E-01
 -1.83659838E+00  1.00000000E+00  1.47306307E+00 -9.36777871E-01  4.12230904E-01  3.17708551E+00  7.11891700E-01  1.47911628E-01
 -1.81184516E+00  1.00000000E+00  1.45600027E+00 -9.36739252E-01  4.12228780E-01  3.17691219E+00  7.11902638E-01  1.47900573E-01
 -1.78709193E+00  1.00000000E+00  1.43893421E+00 -9.36806098E-01  4.12216906E-01  3.17721177E+00  7.11892697E-01  1.47919145E-01
 -1.76233870E+00  1.00000000E+00  1.42186814E+00 -9.36872949E-01  4.12201089E-01  3.17751138E+00  7.11882758E-01  1.47937718E-01
 -1.73758548E+00  1.00000000E+00  1.40479639E+00 -9.36848533E-01  4.12197471E-01  3.17737919E+00  7.11888905E-01  1.47929417E-01
 -1.71283225E+00  1.00000000E+00  1.38772464E+00 -9.36824117E-01  4.12191959E-01  3.17724700E+00  7.11895053E-01  1.47921117E-01
 -1.68807903E+00  1.00000000E+00  1.37065933E+00 -9.36831326E-01  4.12185395E-01  3.17717706E+00  7.11908606E-01  1.47916107E-01
 -1.66332580E+00  1.00000000E+00  1.35359402E+00 -9.36838535E-01  4.12179285E-01  3.17710712E+00  7.11922160E-01  1.47911098E-01
 -1.63857257E+00  1.00000000E+00  1.33653648E+00 -9.36796291E-01  4.12170870E-01  3.17702776E+00  7.11916623E-01  1.47906668E-01
 -1.61381935E+00  1.00000000E+00  1.31947893E+00 -9.36754047E-01  4.12159342E-01  3.17694840E+00  7.11911087E-01  1.47902239E-01
 -1.58906612E+00  1.00000000E+00  1.30241172E+00 -9.36745611E-01  4.12148181E-01  3.17679616E+00  7.11927900E-01  1.47892096E-01
 -1.56431290E+00  1.00000000E+00  1.28534450E+00 -9.36737175E-01  4.12138917E-01  3.17664393E+00  7.11944713E-01  1.47881953E-01
 -1.53955967E+00  1.00000000E+00  1.26829496E+00 -9.36695007E-01  4.12126964E-01  3.17647740E+00  7.11951643E-01  1.47871545E-01
 -1.51480644E+00  1.00000000E+00  1.25124541E+00 -9.36652840E-01  4.12114541E-01  3.17631087E+00  7.11958573E-01  1.47861138E-01
 -1.49005322E+00  1.00000000E+00  1.23419236E+00 -9.36650164E-01  4.12098694E-01  3.17627818E+00  7.11966153E-01  1.47858722E-01
 -1.46529999E+00  1.00000000E+00  1.21713931E+00 -9.36647487E-01  4.12078456E-01  3.17624549E+00  7.11973732E-01  1.47856305E-01
 -1.44054677E+00  1.00000000E+00  1.20008381E+00 -9.36720266E-01  4.12057148E-01  3.17650485E+00  7.11973660E-01  1.47871872E-01
 -1.41579354E+00  1.00000000E+00  1.18302830E+00 -9.36793050E-01  4.12030265E-01  3.17676425E+00  7.11973591E-01  1.47887439E-01
 -1.39104031E+00  1.00000000E+00  1.16598795E+00 -9.36663085E-01  4.12013718E-01  3.17627236E+00  7.11984716E-01  1.47857259E-01
 -1.36628709E+00  1.00000000E+00  1.14894760E+00 -9.36533138E-01  4.11998280E-01  3.17578056E+00  7.11995850E-01  1.47827083E-01
 -1.34153386E+00  1.00000000E+00  1.13191350E+00 -9.36551436E-01  4.11977733E-01  3.17567981E+00  7.12020401E-01  1.47819565E-01
 -1.31678064E+00  1.00000000E+00  1.11487940E+00 -9.36569733E-01  4.11954187E-01  3.17557907E+00  7.12044953E-01  1.47812047E-01
 -1.29202741E+00  1.00000000E+00  1.09786007E+00 -9.36565735E-01  4.11926328E-01  3.17554867E+00  7.12051439E-01  1.47809834E-01
 -1.26727418E+00  1.00000000E+00  1.08084074E+00 -9.36561736E-01  4.11896552E-01  3.17551827E+00  7.12057924E-01  1.47807621E-01
 -1.24252096E+00  1.00000000E+00  1.06382623E+00 -9.36600567E-01  4.11869832E-01  3.17554325E+00  7.12076735E-01  1.47807991E-01
 -1.21776773E+00  1.00000000E+00  1.04681171E+00 -9.36639398E-01  4.11834504E-01  3.17556822E+00  7.12095547E-01  1.47808360E-01
 -1.19301451E+00  1.00000000E+00  1.02981243E+00 -9.36513587E-01  4.11806823E-01  3.17510650E+00  7.12105772E-01  1.47780044E-01
 -1.16826128E+00  1.00000000E+00  1.01281315E+00 -9.36387791E-01  4.11784162E-01  3.17464486E+00  7.12116005E-01  1.47751731E-01
 -1.14350806E+00  1.00000000E+00  9.95839859E-01 -9.36428312E-01  4.11754312E-01  3.17464401E+00  7.12138453E-01  1.47750333E-01
 -1.11875483E+00  1.00000000E+00  9.78866569E-01 -9.36468834E-01  4.11720640E-01  3.17464317E+00  7.12160902E-01  1.47748936E-01
 -1.09400160E+00  1.00000000E+00  9.61911393E-01 -9.36438844E-01  4.11697459E-01  3.17446989E+00  7.12172363E-01  1.47737852E-01
 -1.06924838E+00  1.00000000E+00  9.44956217E-01 -9.36408857E-01  4.11674741E-01  3.17429663E+00  7.12183824E-01  1.47726768E-01
 -1.04449515E+00  1.00000000E+00  9.28034900E-01 -9.36368830E-01  4.11649089E-01  3.17407802E+00  7.12201381E-01  1.47712599E-01
 -1.01974193E+00  1.00000000E+00  9.11113583E-01 -9.36328807E-01  4.11622301E-01  3.17385943E+00  7.12218939E-01  1.47698430E-01
 -9.94988700E-01  1.00000000E+00  8.94224842E-01 -9.36326364E-01  4.11604822E-01  3.17381533E+00  7.12228220E-01  1.47695226E-01
 -9.70235474E-01  1.00000000E+00  8.77336101E-01 -9.36323921E-01  4.11592709E-01  3.17377122E+00  7.12237500E-01  1.47692023E-01
 -9.45482248E-01  1.00000000E+00  8.60485916E-01 -9.36307971E-01  4.11593764E-01  3.17376655E+00  7.12224650E-01  1.47692514E-01
 -9.20729022E-01  1.00000000E+00  8.43635731E-01 -9.36292022E-01  4.11600433E-01  3.17376189E+00  7.12211801E-01  1.47693005E-01
 -8.95975796E-01  1.00000000E+00  8.26848001E-01 -9.36262261E-01  4.11614992E-01  3.17368343E+00  7.12211521E-01  1.47688315E-01
 -8.71222570E-01  1.00000000E+00  8.10060271E-01 -9.36232502E-01  4.11635061E-01  3.17360498E+00  7.12211242E-01  1.47683624E-01
 -8.46469344E-01  1.00000000E+00  7.93326660E-01 -9.36347324E-01  4.11687470E-01  3.17406968E+00  7.12198052E-01  1.47712298E-01
 -8.21716118E-01  1.00000000E+00  7.76593048E-01 -9.36462160E-01  4.11739278E-01  3.17453445E+00  7.12184868E-01  1.47740975E-01
 -7.97201467E-01  1.00000000E+00  7.60108336E-01 -9.36560994E-01  4.11848796E-01  3.17511837E+00  7.12133930E-01  1.47779067E-01
 -7.72686817E-01  1.00000000E+00  7.43623624E-01 -9.36659845E-01  4.11959682E-01  3.17570241E+00  7.12083003E-01  1.47817164E-01
 -7.49503432E-01  1.00000000E+00  7.28114697E-01 -9.36705745E-01  4.12109715E-01  3.17651522E+00  7.11958307E-01  1.47873415E-01
 -7.26320047E-01  1.00000000E+00  7.12605770E-01 -9.36751662E-01  4.12282280E-01  3.17732825E+00  7.11833637E-01  1.47929677E-01
 -7.04527831E-01  1.00000000E+00  6.98116808E-01 -9.37027131E-01  4.12491145E-01  3.17846278E+00  7.11797068E-01  1.47999943E-01
 -6.82735615E-01  1.00000000E+00  6.83627847E-01 -9.37302684E-01  4.12721082E-01  3.17959772E+00  7.11760539E-01  1.48070231E-01
 -6.62251087E-01  1.00000000E+00  6.70105651E-01 -9.37395171E-01  4.13027294E-01  3.18121186E+00  7.11509025E-01  1.48182170E-01
 -6.41766559E-01  1.00000000E+00  6.56583455E-01 -9.37487727E-01  4.13362692E-01  3.18282689E+00  7.11257621E-01  1.48294156E-01
 -6.22511254E-01  1.00000000E+00  6.43967931E-01 -9.37707339E-01  4.13725992E-01  3.18470895E+00  7.11043838E-01  1.48419907E-01
 -6.03255949E-01  1.00000000E+00  6.31352407E-01 -9.37927079E-01  4.14127120E-01  3.18659217E+00  7.10830168E-01  1.48545720E-01
 -5.85156097E-01  1.00000000E+00  6.19597665E-01 -9.38385990E-01  4.14588677E-01  3.18903277E+00  7.10660398E-01  1.48702343E-01
 -5.67056245E-01  1.00000000E+00  6.07842923E-01 -9.38845208E-01  4.15084435E-01  3.19147525E+00  7.10490808E-01  1.48859067E-01
 -5.50042515E-01  1.00000000E+00  5.96887109E-01 -9.39179544E-01  4.15680660E-01  3.19465614E+00  7.10100900E-01  1.49073314E-01
 -5.33028786E-01  1.00000000E+00  5.85931295E-01 -9.39514222E-01  4.16299687E-01  3.19784034E+00  7.09711337E-01  1.49287740E-01
 -5.17036006E-01  1.00000000E+00  5.75761610E-01 -9.40113653E-01  4.16986672E-01  3.20163659E+00  7.09386796E-01  1.49534988E-01
 -5.01043227E-01  1.00000000E+00  5.65591925E-01 -9.40713720E-01  4.17718744E-01  3.20543741E+00  7.09062674E-01  1.49782484E-01
 -4.86010125E-01  1.00000000E+00  5.56134598E-01 -9.41337309E-01  4.18526253E-01  3.20973448E+00  7.08647742E-01  1.50065204E-01
 -4.70977023E-01  1.00000000E+00  5.46677271E-01 -9.41961665E-01  4.19404954E-01  3.21403741E+00  7.08233384E-01  1.50348242E-01
 -4.56846016E-01  1.00000000E+00  5.37883204E-01 -9.42646723E-01  4.20334518E-01  3.21908717E+00  7.07729247E-01  1.50681475E-01
 -4.42715008E-01  1.00000000E+00  5.29089137E-01 -9.43332781E-01  4.21343847E-01  3.22414506E+00  7.07225880E-01  1.51015151E-01
 -4.29431964E-01  1.00000000E+00  5.20978548E-01 -9.44209134E-01  4.22473306E-01  3.23020284E+00  7.06650961E-01  1.51413113E-01
 -4.16148920E-01  1.00000000E+00  5.12867959E-01 -9.45086996E-01  4.23664653E-01  3.23627223E+00  7.06077151E-01  1.51811705E-01
 -4.03662954E-01  1.00000000E+00  5.05342949E-01 -9.45884063E-01  4.24845368E-01  3.24259541E+00  7.05417674E-01  1.52230664E-01
 -3.91176988E-01  1.00000000E+00  4.97817939E-01 -9.46682608E-01  4.26158992E-01  3.24893132E+00  7.04759402E-01  1.52650315E-01
 -3.79440270E-01  1.00000000E+00  4.90817522E-01 -9.47842916E-01  4.27576168E-01  3.25642488E+00  7.04108704E-01  1.53138970E-01
 -3.67703552E-01  1.00000000E+00  4.83817105E-01 -9.49005634E-01  4.29069981E-01  3.26393596E+00  7.03459646E-01  1.53628579E-01
 -3.56671122E-01  1.00000000E+00  4.77454637E-01 -9.50108063E-01  4.30665438E-01  3.27227860E+00  7.02624871E-01  1.54179224E-01
 -3.45638692E-01  1.00000000E+00  4.71092169E-01 -9.51213135E-01  4.32315234E-01  3.28064312E+00  7.01792170E-01  1.54731057E-01
 -3.35268287E-01  1.00000000E+00  4.65157027E-01 -9.52492168E-01  4.33975889E-01  3.28951795E+00  7.00990254E-01  1.55311662E-01
 -3.24897882E-01  1.00000000E+00  4.59221886E-01 -9.53774356E-01  4.35794897E-01  3.29841726E+00  7.00190563E-01  1.55893602E-01
 -3.15149775E-01  1.00000000E+00  4.53828737E-01 -9.55188522E-01  4.37738994E-01  3.30834914E+00  6.99289339E-01  1.56543588E-01
 -3.05401669E-01  1.00000000E+00  4.48435589E-01 -9.56606583E-01  4.39736699E-01  3.31831153E+00  6.98390887E-01  1.57195238E-01
 -2.96238520E-01  1.00000000E+00  4.43415359E-01 -9.57843607E-01  4.41768826E-01  3.32950941E+00  6.97167817E-01  1.57940496E-01
 -2.87075371E-01  1.00000000E+00  4.38395130E-01 -9.59084754E-01  4.44051019E-01  3.34074661E+00  6.95948446E-01  1.58687890E-01
 -2.78462077E-01  1.00000000E+00  4.33884989E-01 -9.60746117E-01  4.46393312E-01  3.35269224E+00  6.94852756E-01  1.59470369E-01
 -2.69848783E-01  1.00000000E+00  4.29374847E-01 -9.62412957E-01  4.48835602E-01  3.36468149E+00  6.93761071E-01  1.60255225E-01
 -2.61752348E-01  1.00000000E+00  4.25265997E-01 -9.64292629E-01  4.51288137E-01  3.37750107E+00  6.92689931E-01  1.61088668E-01
 -2.53655913E-01  1.00000000E+00  4.21157147E-01 -9.66178776E-01  4.53884100E-01  3.39037035E+00  6.91623101E-01  1.61924835E-01
 -2.46045323E-01  1.00000000E+00  4.17439255E-01 -9.67671151E-01  4.56608222E-01  3.40395066E+00  6.90189091E-01  1.62825694E-01
 -2.38434732E-01  1.00000000E+00  4.13721364E-01 -9.69169413E-01  4.59409811E-01  3.41758755E+00  6.88760265E-01  1.63729637E-01
 -2.31280830E-01  1.00000000E+00  4.10355318E-01 -9.70963056E-01  4.62299715E-01  3.43205314E+00  6.87392258E-01  1.64679653E-01
 -2.24126928E-01  1.00000000E+00  4.06989273E-01 -9.72763844E-01  4.65303916E-01  3.44658181E+00  6.86029735E-01  1.65633124E-01
 -2.17402314E-01  1.00000000E+00  4.03951392E-01 -9.75182141E-01  4.68404635E-01  3.46265706E+00  6.84781426E-01  1.66672538E-01
 -2.10677699E-01  1.00000000E+00  4.00913510E-01 -9.77610576E-01  4.71604484E-01  3.47880839E+00  6.83539571E-01  1.67716129E-01
 -2.04351753E-01  1.00000000E+00  3.98256030E-01 -9.79543342E-01  4.74990673E-01  3.49575497E+00  6.81883954E-01  1.68832261E-01
 -1.98025807E-01  1.00000000E+00  3.95598549E-01 -9.81485176E-01  4.78446572E-01  3.51278710E+00  6.80235750E-01  1.69953081E-01
 -1.91837501E-01  1.00000000E+00  3.93150141E-01 -9.84057463E-01  4.82207124E-01  3.53144316E+00  6.78720594E-01  1.71163354E-01
 -1.85649194E-01  1.00000000E+00  3.90701733E-01 -9.86642202E-01  4.86070930E-01  3.55020037E+00  6.77213745E-01  1.72379198E-01
 -1.79460888E-01  1.00000000E+00  3.88474037E-01 -9.88353994E-01  4.90374612E-01  3.57121004E+00  6.74847054E-01  1.73781779E-01
 -1.73272582E-01  1.00000000E+00  3.86246341E-01 -9.90076775E-01  4.94817762E-01  3.59235174E+00  6.72492136E-01  1.75191576E-01
 -1.67084275E-01  1.00000000E+00  3.84214689E-01 -9.93678769E-01  4.99671708E-01  3.61674144E+00  6.70751387E-01  1.76759403E-01
 -1.60895969E-01  1.00000000E+00  3.82183038E-01 -9.97302686E-01  5.04713630E-01  3.64129920E+00  6.69023893E-01  1.78336518E-01
 -1.54707662E-01  1.00000000E+00  3.80402018E-01 -9.99839651E-01  5.10461503E-01  3.66887016E+00  6.66224824E-01  1.80158720E-01
 -1.48519356E-01  1.00000000E+00  3.78620998E-01 -1.00239618E+00  5.16389573E-01  3.69666067E+00  6.63444012E-01  1.81992999E-01
 -1.42331049E-01  1.00000000E+00  3.77378206E-01 -1.00667758E+00  5.23126840E-01  3.72951155E+00  6.60913091E-01  1.84115907E-01
 -1.36142743E-01  1.00000000E+00  3.76135415E-01 -1.01099383E+00  5.30220606E-01  3.76266117E+00  6.58405146E-01  1.86255362E-01
 -1.29954436E-01  1.00000000E+00  3.75275385E-01 -1.01457562E+00  5.37812710E-01  3.79905572E+00  6.55100157E-01  1.88637334E-01
 -1.23766130E-01  1.00000000E+00  3.74415356E-01 -1.01819117E+00  5.45997519E-01  3.83581826E+00  6.51823049E-01  1.91039712E-01
 -1.17577823E-01  1.00000000E+00  3.73871867E-01 -1.02325505E+00  5.55406699E-01  3.88110859E+00  6.48168246E-01  1.93976421E-01
 -1.11389517E-01  1.00000000E+00  3.73328379E-01 -1.02837503E+00  5.65324554E-01  3.92695192E+00  6.44553779E-01  1.96943889E-01
 -1.05201210E-01  1.00000000E+00  3.73817689E-01 -1.03394274E+00  5.76973563E-01  3.98144316E+00  6.40066751E-01  2.00482585E-01
 -9.90129037E-02  1.00000000E+00  3.74306999E-01 -1.03958423E+00  5.89186595E-01  4.03672094E+00  6.35635989E-01  2.04065097E-01
 -9.28245972E-02  1.00000000E+00  3.75939473E-01 -1.04357087E+00  6.03537073E-01  4.09986919E+00  6.29426681E-01  2.08226551E-01
 -8.66362908E-02  1.00000000E+00  3.77571947E-01 -1.04762671E+00  6.18609192E-01  4.16407838E+00  6.23295951E-01  2.12446946E-01
 -8.04479843E-02  1.00000000E+00  3.80141944E-01 -1.05779495E+00  6.37011885E-01  4.24806275E+00  6.18050732E-01  2.17800721E-01
 -7.42596778E-02  1.00000000E+00  3.82711940E-01 -1.06814874E+00  6.56814615E-01  4.33378156E+00  6.12914272E-01  2.23252037E-01
 -6.80713713E-02  1.00000000E+00  3.88242705E-01 -1.06954625E+00  6.80638323E-01  4.43428456E+00  6.01778144E-01  2.29950385E-01
 -6.18830648E-02  1.00000000E+00  3.93773469E-01 -1.07102516E+00  7.07347531E-01  4.53742028E+00  5.90844319E-01  2.36794558E-01
 -5.56947583E-02  1.00000000E+00  3.99570690E-01 -1.09670164E+00  7.40566810E-01  4.69030035E+00  5.86430694E-01  2.46232179E-01
 -4.95064519E-02  1.00000000E+00  4.05367910E-01 -1.12314597E+00  7.78008034E-01  4.84833078E+00  5.82330969E-01  2.55959989E-01
 -4.33181454E-02  1.00000000E+00  4.44142278E-01 -1.12194562E+00  8.25295514E-01  5.07637391E+00  5.59348633E-01  2.71021516E-01
 -3.71298389E-02  1.00000000E+00  4.82916646E-01 -1.12088991E+00  8.86891361E-01  5.31680272E+00  5.37192485E-01  2.86776614E-01
 -3.09415324E-02  1.00000000E+00  4.12981677E-01 -1.05010159E+00  9.77915067E-01  5.30259404E+00  5.10155882E-01  2.87546290E-01
 -2.47532259E-02  1.00000000E+00  3.43046707E-01 -9.80149238E-01  1.05733188E+00  5.29208278E+00  4.84840705E-01  2.88434525E-01
 -1.85649194E-02  1.00000000E+00  8.50745789E-01 -1.42942587E+00  1.21044038E+00  6.91847127E+00  5.40209670E-01  3.82695696E-01
 -1.23766130E-02  1.00000000E+00  1.35844487E+00 -2.01868944E+00  1.56124573E+00  9.07162011E+00  6.46329474E-01  5.05517438E-01
 -6.18830648E-03  1.00000000E+00 -4.92842048E-02  5.86045836E-01  2.53120499E+00  8.06444124E+00  2.66114167E-01  4.67899625E-01
  0.00000000E+00  1.00000000E+00 -1.45701328E+00  3.90721155E+00  4.81030649E+00  1.15643998E+01  1.47724877E+00  6.05229061E-01
