# model=oldroyd  theta_MLE: lambda=1.29733, beta=0.293099, eta_0=0.846216
# delta(x) = y_clean(x) - y_model(x; theta_MLE)   (x from curve4_x.txt)
# columns: x  delta
5.000000000000000000e+00 -1.222376905978039829e-03
4.950333040000000295e+00 -1.222422984824111936e-03
4.900666089999999642e+00 -1.222441442909616427e-03
4.850999129999999937e+00 -1.222441704654908534e-03
4.801332180000000172e+00 -1.222432344163415507e-03
4.751665219999999579e+00 -1.222434544666750611e-03
4.701998269999999813e+00 -1.222418565707483751e-03
4.652331310000000109e+00 -1.222424382671949417e-03
4.602664360000000343e+00 -1.222427519248947547e-03
4.552997399999999750e+00 -1.222420105918331501e-03
4.503330449999999985e+00 -1.222428058790470118e-03
4.453663490000000280e+00 -1.222441392957351880e-03
4.403996539999999627e+00 -1.222456881149636132e-03
4.354329579999999922e+00 -1.222464500600262127e-03
4.304662630000000156e+00 -1.222477941763333575e-03
4.254995669999999564e+00 -1.222493824802439732e-03
4.205328709999999859e+00 -1.222506834285042032e-03
4.155661760000000093e+00 -1.222509128437243575e-03
4.105994800000000389e+00 -1.222509607455180003e-03
4.056327849999999735e+00 -1.222497176548653641e-03
4.006660890000000030e+00 -1.222461682814479644e-03
3.956993939999999821e+00 -1.222406670852826949e-03
3.907326980000000116e+00 -1.222329169571878538e-03
3.857660029999999907e+00 -1.222202496645063974e-03
3.807993070000000202e+00 -1.222038066522213029e-03
3.758326119999999992e+00 -1.221810648279975098e-03
3.708659159999999844e+00 -1.221500412372789057e-03
3.658992210000000078e+00 -1.221100229032101581e-03
3.609325249999999929e+00 -1.220572011183751471e-03
3.559658300000000164e+00 -1.219906182263752470e-03
3.509991340000000015e+00 -1.219070343394967892e-03
3.460324389999999806e+00 -1.218034131081013882e-03
3.410657430000000101e+00 -1.216754342594272842e-03
3.360990469999999952e+00 -1.215188339825479247e-03
3.311323520000000187e+00 -1.213282035419149807e-03
3.261656560000000038e+00 -1.210987913933259108e-03
3.211989609999999828e+00 -1.208228525471088943e-03
3.162322650000000124e+00 -1.204931196594483112e-03
3.112655699999999914e+00 -1.201023116320198980e-03
3.062988740000000210e+00 -1.196406211848133339e-03
3.013321790000000000e+00 -1.190975692959339582e-03
2.963654829999999851e+00 -1.184624799655642491e-03
2.913987880000000086e+00 -1.177207094933852005e-03
2.864320919999999937e+00 -1.168611246397333048e-03
2.814653970000000172e+00 -1.158651483982309216e-03
2.764987010000000023e+00 -1.147182784575484504e-03
2.715320059999999813e+00 -1.134004656102804987e-03
2.665653100000000109e+00 -1.118922914927544809e-03
2.615986139999999960e+00 -1.101695343023845197e-03
2.566319190000000194e+00 -1.082103634359787847e-03
2.516652230000000046e+00 -1.059886309822344330e-03
2.466985279999999836e+00 -1.034778521087353909e-03
2.417318320000000131e+00 -1.006503603461661456e-03
2.367651369999999922e+00 -9.747285112140513519e-04
2.317984410000000217e+00 -9.391390571740210191e-04
2.268317460000000008e+00 -8.994146821070803099e-04
2.218650499999999859e+00 -8.551607446907194543e-04
2.168983550000000093e+00 -8.060544214372189487e-04
2.119316589999999945e+00 -7.517580162310633085e-04
2.069649640000000179e+00 -6.918194731824200971e-04
2.019982680000000030e+00 -6.259537100921086505e-04
1.970315730000000043e+00 -5.536834041868221590e-04
1.920648769999999894e+00 -4.747535212457076881e-04
1.870981809999999967e+00 -3.887789045686762535e-04
1.821314859999999980e+00 -2.955030442921557920e-04
1.771647900000000053e+00 -1.945877221740666130e-04
1.721980950000000066e+00 -8.571454390660093736e-05
1.672313989999999917e+00 3.118686063396935992e-05
1.622647039999999929e+00 1.561680916306595890e-04
1.572980080000000003e+00 2.894393884771417902e-04
1.523313130000000015e+00 4.305548548313442581e-04
1.473646170000000089e+00 5.797518065555617994e-04
1.423979220000000101e+00 7.365817009756803202e-04
1.374312259999999952e+00 9.007082713166081334e-04
1.324645309999999965e+00 1.071589468308209447e-03
1.274978350000000038e+00 1.247981599328040758e-03
1.225311400000000051e+00 1.429955242108649216e-03
1.175644439999999902e+00 1.616277902083185225e-03
1.125977479999999975e+00 1.805481255855223566e-03
1.076310529999999988e+00 1.995483648017826184e-03
1.026643570000000061e+00 2.184989221308164531e-03
9.769766189999999906e-01 2.373106965719351535e-03
9.273096640000000335e-01 2.555874085692355635e-03
8.776427079999999936e-01 2.732681488768262668e-03
8.279757530000000365e-01 2.900262714448542667e-03
7.786002389999999718e-01 3.053648413274379081e-03
7.317317880000000496e-01 3.184900694923387121e-03
6.876846269999999928e-01 3.289741904901832825e-03
6.462889219999999879e-01 3.374233662023051750e-03
6.073850619999999756e-01 3.431799013018821398e-03
5.708230460000000006e-01 3.468708256113561816e-03
5.364619149999999559e-01 3.482572455215438012e-03
5.041691750000000249e-01 3.481253434809872260e-03
4.738203240000000149e-01 3.459212422954438537e-03
4.452983460000000115e-01 3.419699497353212436e-03
4.184932690000000011e-01 3.364053015137091762e-03
3.933017460000000076e-01 3.292361613667749154e-03
3.696266380000000074e-01 3.209961222299329009e-03
3.473766770000000226e-01 3.115635838474073438e-03
3.264660690000000254e-01 3.011130092299474370e-03
3.068141939999999845e-01 2.897095569499796852e-03
2.883452770000000109e-01 2.782057170654050893e-03
2.709881089999999770e-01 2.655369822541775449e-03
2.546757709999999952e-01 2.529600714427537866e-03
2.393453670000000033e-01 2.401273328466402290e-03
2.249377889999999991e-01 2.254244438253172333e-03
2.113974849999999961e-01 2.128461321838859277e-03
1.986678209999999944e-01 1.996884870512749544e-03
1.862510820000000122e-01 1.852697925234236820e-03
1.738343440000000018e-01 1.708020634918927527e-03
1.614176049999999918e-01 1.558468821167391383e-03
1.490008660000000096e-01 1.400990725638262546e-03
1.365841269999999996e-01 1.246948687608107065e-03
1.241673880000000035e-01 1.058810715238500677e-03
1.117506489999999936e-01 9.139825340469531767e-04
9.933391060000000550e-02 7.397225904630655435e-04
8.691717179999999821e-02 5.874275919808269464e-04
7.450043300000000479e-02 3.603469985986595958e-04
6.208369419999999750e-02 2.615306752755675035e-04
4.966695530000000275e-02 1.268036811019612742e-04
3.725021650000000240e-02 -2.840145440852204217e-05
2.483347769999999857e-02 -9.907093926986298982e-05
1.241673880000000035e-02 -7.467878552391837843e-05
0.000000000000000000e+00 0.000000000000000000e+00
