# curve 5 (die wall), step =      400, time =   8.00000000E+01
# N1 = tau_xx - tau_yy = G ( c_xx - c_yy ),  G =  1.0333E-01  (polymer part only)
#              x               y        pressure            c_xy        gammadot            c_xx            c_yy              N1
 -3.00000000E+00  1.00000000E+00  3.33860782E+00 -3.60183474E+00  3.99866931E-01  2.69499623E+01  9.99286846E-01  2.68156980E+00
 -2.95108291E+00  1.00000000E+00  3.30687554E+00 -3.62112326E+00  4.02110734E-01  2.70736279E+01  1.00153942E+00  2.69411581E+00
 -2.90216582E+00  1.00000000E+00  3.27514325E+00 -3.64050450E+00  4.02421366E-01  2.71978641E+01  1.00380801E+00  2.70671913E+00
 -2.85324873E+00  1.00000000E+00  3.23428603E+00 -3.62327135E+00  4.01930501E-01  2.71776055E+01  1.00024082E+00  2.70499436E+00
 -2.80433164E+00  1.00000000E+00  3.19342882E+00 -3.60605490E+00  4.01714831E-01  2.71574118E+01  9.96692390E-01  2.70327434E+00
 -2.75541455E+00  1.00000000E+00  3.15343752E+00 -3.60349692E+00  4.02388619E-01  2.71398492E+01  9.96400112E-01  2.70148974E+00
 -2.70649746E+00  1.00000000E+00  3.11344623E+00 -3.60094064E+00  4.02693884E-01  2.71222980E+01  9.96108098E-01  2.69970629E+00
 -2.65758037E+00  1.00000000E+00  3.07541180E+00 -3.61402321E+00  4.02738580E-01  2.71281098E+01  9.99407444E-01  2.69996591E+00
 -2.60866328E+00  1.00000000E+00  3.03737737E+00 -3.62711399E+00  4.02168305E-01  2.71339571E+01  1.00271888E+00  2.70022795E+00
 -2.55974619E+00  1.00000000E+00  2.99855650E+00 -3.62628577E+00  4.01689768E-01  2.71394425E+01  1.00249782E+00  2.70081762E+00
 -2.51082911E+00  1.00000000E+00  2.95973564E+00 -3.62545716E+00  4.01809724E-01  2.71449296E+01  1.00227681E+00  2.70140746E+00
 -2.46191202E+00  1.00000000E+00  2.91956337E+00 -3.62259321E+00  4.01392519E-01  2.71276354E+01  1.00185201E+00  2.69966428E+00
 -2.41299493E+00  1.00000000E+00  2.87939109E+00 -3.61973127E+00  4.00911052E-01  2.71103523E+01  1.00142756E+00  2.69792222E+00
 -2.36407784E+00  1.00000000E+00  2.84056560E+00 -3.61591247E+00  4.00277525E-01  2.70867763E+01  1.00098679E+00  2.69553158E+00
 -2.31516075E+00  1.00000000E+00  2.80174012E+00 -3.61209719E+00  4.00093970E-01  2.70632210E+01  1.00054666E+00  2.69314301E+00
 -2.26624366E+00  1.00000000E+00  2.76154826E+00 -3.61096077E+00  4.00238079E-01  2.70632874E+01  1.00021292E+00  2.69318436E+00
 -2.21732657E+00  1.00000000E+00  2.72135640E+00 -3.60982442E+00  4.00406913E-01  2.70633541E+01  9.99879283E-01  2.69322573E+00
 -2.16840948E+00  1.00000000E+00  2.68193543E+00 -3.61473126E+00  4.00317124E-01  2.70479446E+01  1.00138821E+00  2.69147750E+00
 -2.11949239E+00  1.00000000E+00  2.64251445E+00 -3.61963421E+00  3.99907195E-01  2.70325545E+01  1.00289915E+00  2.68973105E+00
 -2.07057530E+00  1.00000000E+00  2.60339375E+00 -3.61464676E+00  3.99339203E-01  2.70141003E+01  1.00227022E+00  2.68788911E+00
 -2.02165821E+00  1.00000000E+00  2.56427305E+00 -3.60966295E+00  3.98920864E-01  2.69956605E+01  1.00164271E+00  2.68604850E+00
 -1.97274112E+00  1.00000000E+00  2.52266101E+00 -3.60808704E+00  3.98603007E-01  2.69327438E+01  1.00235653E+00  2.67947335E+00
 -1.92382403E+00  1.00000000E+00  2.48104896E+00 -3.60650739E+00  3.97912332E-01  2.68699826E+01  1.00306986E+00  2.67291432E+00
 -1.87490694E+00  1.00000000E+00  2.44325176E+00 -3.60750183E+00  3.96357836E-01  2.67686664E+01  1.00551385E+00  2.66219243E+00
 -1.82598985E+00  1.00000000E+00  2.40545455E+00 -3.60847286E+00  3.94961511E-01  2.66677741E+01  1.00795919E+00  2.65151420E+00
 -1.77707276E+00  1.00000000E+00  2.36557582E+00 -3.60220461E+00  3.93476943E-01  2.65923618E+01  1.00806475E+00  2.64371069E+00
 -1.72815567E+00  1.00000000E+00  2.32569708E+00 -3.59594945E+00  3.92652455E-01  2.65171649E+01  1.00817137E+00  2.63592933E+00
 -1.67923858E+00  1.00000000E+00  2.28720273E+00 -3.57753791E+00  3.90053388E-01  2.63637348E+01  1.00624476E+00  2.62027397E+00
 -1.63032150E+00  1.00000000E+00  2.24870838E+00 -3.55922455E+00  3.88672276E-01  2.62111923E+01  1.00432900E+00  2.60470921E+00
 -1.58140441E+00  1.00000000E+00  2.20763977E+00 -3.54374609E+00  3.88004152E-01  2.60444159E+01  1.00366372E+00  2.58754440E+00
 -1.53248732E+00  1.00000000E+00  2.16657116E+00 -3.52834383E+00  3.86827596E-01  2.58787076E+01  1.00300363E+00  2.57048941E+00
 -1.48357023E+00  1.00000000E+00  2.12362354E+00 -3.50320378E+00  3.84821285E-01  2.56680476E+01  9.99576381E-01  2.54907536E+00
 -1.43465314E+00  1.00000000E+00  2.08067592E+00 -3.47824944E+00  3.85218149E-01  2.54591031E+01  9.96169322E-01  2.52783649E+00
 -1.38573605E+00  1.00000000E+00  2.04350408E+00 -3.47216888E+00  3.82420285E-01  2.51552993E+01  1.00091458E+00  2.49595309E+00
 -1.33681896E+00  1.00000000E+00  2.00633224E+00 -3.46598860E+00  3.79581967E-01  2.48553687E+01  1.00565461E+00  2.46447045E+00
 -1.28790187E+00  1.00000000E+00  1.96863062E+00 -3.44489833E+00  3.77209522E-01  2.45638787E+01  1.00593361E+00  2.43432099E+00
 -1.23898478E+00  1.00000000E+00  1.93092899E+00 -3.42394660E+00  3.74768794E-01  2.42758739E+01  1.00621325E+00  2.40453160E+00
 -1.19006769E+00  1.00000000E+00  1.89362128E+00 -3.38040389E+00  3.70348826E-01  2.39599886E+01  1.00113057E+00  2.37241533E+00
 -1.14115060E+00  1.00000000E+00  1.85631356E+00 -3.33741308E+00  3.66665468E-01  2.36482129E+01  9.96123538E-01  2.34071590E+00
 -1.09223351E+00  1.00000000E+00  1.81187140E+00 -3.31819456E+00  3.66069421E-01  2.32874931E+01  9.97759809E-01  2.30327244E+00
 -1.04331642E+00  1.00000000E+00  1.76742924E+00 -3.29903322E+00  3.64561499E-01  2.29324748E+01  9.99378961E-01  2.26641990E+00
 -9.94399333E-01  1.00000000E+00  1.73716847E+00 -3.29395284E+00  3.59726053E-01  2.24948060E+01  1.00777894E+00  2.22032613E+00
 -9.45482243E-01  1.00000000E+00  1.70690769E+00 -3.28852541E+00  3.55227715E-01  2.20662092E+01  1.01616723E+00  2.17517100E+00
 -8.96565154E-01  1.00000000E+00  1.67002837E+00 -3.23271559E+00  3.49317570E-01  2.16549119E+01  1.01009010E+00  2.13329825E+00
 -8.47648064E-01  1.00000000E+00  1.63314906E+00 -3.17788124E+00  3.46259852E-01  2.12512774E+01  1.00414018E+00  2.09220418E+00
 -7.99501858E-01  1.00000000E+00  1.60228481E+00 -3.15154747E+00  3.40294362E-01  2.07541317E+01  1.00801457E+00  2.04043210E+00
 -7.51355652E-01  1.00000000E+00  1.57142057E+00 -3.12533079E+00  3.36105169E-01  2.02690996E+01  1.01185780E+00  1.98991499E+00
 -7.08111109E-01  1.00000000E+00  1.54049177E+00 -3.06598830E+00  3.32688047E-01  1.97392582E+01  1.00597648E+00  1.93577244E+00
 -6.64866566E-01  1.00000000E+00  1.50956298E+00 -3.00788026E+00  3.29982485E-01  1.92233418E+01  1.00019194E+00  1.88305882E+00
 -6.26599939E-01  1.00000000E+00  1.48356959E+00 -2.97797409E+00  3.28184802E-01  1.88476355E+01  1.00026691E+00  1.84422809E+00
 -5.88333313E-01  1.00000000E+00  1.45757621E+00 -2.94838569E+00  3.25200082E-01  1.84794440E+01  1.00033920E+00  1.80617417E+00
 -5.54471587E-01  1.00000000E+00  1.43917439E+00 -2.92935095E+00  3.22816438E-01  1.81662264E+01  1.00287504E+00  1.77354631E+00
 -5.20609860E-01  1.00000000E+00  1.42077257E+00 -2.91041676E+00  3.19406559E-01  1.78585315E+01  1.00540030E+00  1.74149023E+00
 -4.90645977E-01  1.00000000E+00  1.40515699E+00 -2.89500870E+00  3.14103169E-01  1.74751200E+01  1.01122744E+00  1.70126890E+00
 -4.60682095E-01  1.00000000E+00  1.38954141E+00 -2.87952597E+00  3.09454832E-01  1.71004722E+01  1.01702982E+00  1.66195572E+00
 -4.34167380E-01  1.00000000E+00  1.37784733E+00 -2.84724589E+00  3.05960499E-01  1.67194177E+01  1.01905417E+00  1.62237090E+00
 -4.07652666E-01  1.00000000E+00  1.36615325E+00 -2.81540520E+00  2.99410508E-01  1.63470656E+01  1.02109977E+00  1.58368313E+00
 -3.84190072E-01  1.00000000E+00  1.34643108E+00 -2.71533755E+00  2.88165933E-01  1.55701687E+01  1.01196435E+00  1.50434778E+00
 -3.60727478E-01  1.00000000E+00  1.32670891E+00 -2.61922161E+00  2.81248082E-01  1.48303466E+01  1.00323302E+00  1.42880174E+00
 -3.39965684E-01  1.00000000E+00  1.31849786E+00 -2.58999117E+00  2.75671059E-01  1.40616669E+01  1.02151797E+00  1.34748205E+00
 -3.19203889E-01  1.00000000E+00  1.31028681E+00 -2.56046301E+00  2.64797794E-01  1.33358186E+01  1.03980909E+00  1.27058765E+00
 -3.00831998E-01  1.00000000E+00  1.31018319E+00 -2.44353879E+00  2.43978910E-01  1.20371297E+01  1.05288525E+00  1.13503859E+00
 -2.82460107E-01  1.00000000E+00  1.31007956E+00 -2.33337000E+00  2.26231306E-01  1.08691563E+01  1.06632913E+00  1.01295880E+00
 -2.66203017E-01  1.00000000E+00  1.30932945E+00 -2.17710836E+00  2.08213190E-01  9.59189037E+00  1.07159977E+00  8.80430029E-01
 -2.49945927E-01  1.00000000E+00  1.30857934E+00 -2.03418176E+00  1.86968524E-01  8.46792106E+00  1.07818966E+00  7.63605578E-01
 -2.35560203E-01  1.00000000E+00  1.30700230E+00 -1.69026527E+00  1.62356120E-01  6.46894838E+00  1.05188306E+00  5.59763417E-01
 -2.21174479E-01  1.00000000E+00  1.30542526E+00 -1.41340737E+00  1.39367991E-01  4.94488953E+00  1.03527337E+00  4.03993670E-01
 -2.08421419E-01  1.00000000E+00  1.35966500E+00 -1.20762506E+00  1.12491693E-01  3.46903438E+00  1.11357309E+00  2.43397666E-01
 -1.95668358E-01  1.00000000E+00  1.41390474E+00 -1.05030502E+00  8.44709765E-02  2.44778908E+00  1.20742971E+00  1.28170468E-01
 -1.83439085E-01  1.00000000E+00  1.53624053E+00 -5.75507782E-01  3.53218731E-02  1.35777535E+00  1.20702473E+00  1.55775647E-02
 -1.71209813E-01  1.00000000E+00  1.65857633E+00 -2.69731874E-01  2.33400024E-02  7.57148495E-01  1.31529146E+00 -5.76747726E-02
 -1.58980541E-01  1.00000000E+00  1.79550813E+00  1.85734099E-01  4.95625100E-02  7.68809210E-01  1.21954131E+00 -4.65756502E-02
 -1.46751268E-01  1.00000000E+00  1.93243993E+00  6.68443329E-01  7.89481576E-02  9.81633887E-01  1.35521992E+00 -3.86038899E-02
 -1.34521996E-01  1.00000000E+00  2.12320735E+00  8.36701584E-01  9.61357247E-02  1.41959610E+00  1.24166889E+00  1.83858116E-02
 -1.22292724E-01  1.00000000E+00  2.31397476E+00  1.05954137E+00  1.01848859E-01  2.04999916E+00  1.17103083E+00  9.08267280E-02
 -1.10063451E-01  1.00000000E+00  2.49671403E+00  1.28150265E+00  1.01490188E-01  2.62317239E+00  1.25767277E+00  1.41101628E-01
 -9.78341789E-02  1.00000000E+00  2.67945330E+00  1.55430224E+00  1.22940221E-01  3.35650988E+00  1.35970732E+00  2.06336265E-01
 -8.56049065E-02  1.00000000E+00  2.91516431E+00  1.98649529E+00  1.48548338E-01  3.51802686E+00  1.69000878E+00  1.88895202E-01
 -7.33756342E-02  1.00000000E+00  3.15087533E+00  2.47280850E+00  1.72716953E-01  3.78295837E+00  2.10832968E+00  1.73044965E-01
 -6.11463618E-02  1.00000000E+00  3.18776230E+00  9.53426846E-01  2.60865005E-01  2.39251586E+00  1.07621572E+00  1.36017681E-01
 -4.89170895E-02  1.00000000E+00  3.22464927E+00 -2.27493680E-03  3.01296551E-01  1.94716257E+00  7.65831753E-01  1.22070852E-01
 -3.66878171E-02  1.00000000E+00  4.45465535E+00  1.98262418E+00  5.06396981E-01  5.26850523E+00  1.30680996E+00  4.09375178E-01
 -2.44585447E-02  1.00000000E+00  5.68466142E+00  8.91532689E+00  1.18994300E+00  1.79164305E+01  4.76296657E+00  1.35919128E+00
 -1.22292724E-02  1.00000000E+00  3.02890594E+00  5.16549109E+00  3.24852178E-01  3.16496571E+00  1.20075306E+01 -9.13731701E-01
  0.00000000E+00  1.00000000E+00  3.73150463E-01  7.64618275E+00  6.13862931E-01  6.76669020E-01  1.18764876E+02 -1.22024481E+01
