# curve 5 (die wall), step =      800, time =   1.60000000E+02
# N1 = tau_xx - tau_yy = G ( c_xx - c_yy ),  G =  1.0333E-01  (polymer part only)
#              x               y        pressure            c_xy        gammadot            c_xx            c_yy              N1
 -3.00000000E+00  1.00000000E+00  3.34005455E+00 -3.60229603E+00  3.99864375E-01  2.69856277E+01  9.99279852E-01  2.68525594E+00
 -2.95108291E+00  1.00000000E+00  3.30834086E+00 -3.62231345E+00  4.02114015E-01  2.71103186E+01  1.00170575E+00  2.69788999E+00
 -2.90216582E+00  1.00000000E+00  3.27662717E+00 -3.64242889E+00  4.02403154E-01  2.72355901E+01  1.00414916E+00  2.71058223E+00
 -2.85324873E+00  1.00000000E+00  3.23590542E+00 -3.62560494E+00  4.01884196E-01  2.72166278E+01  1.00068095E+00  2.70898118E+00
 -2.80433164E+00  1.00000000E+00  3.19518367E+00 -3.60879591E+00  4.01621318E-01  2.71977268E+01  9.97230619E-01  2.70738461E+00
 -2.75541455E+00  1.00000000E+00  3.15523357E+00 -3.60513005E+00  4.02274436E-01  2.71798730E+01  9.96671388E-01  2.70559750E+00
 -2.70649746E+00  1.00000000E+00  3.11528346E+00 -3.60146698E+00  4.02589233E-01  2.71620313E+01  9.96112816E-01  2.70381158E+00
 -2.65758037E+00  1.00000000E+00  3.07709753E+00 -3.61369276E+00  4.02648312E-01  2.71660003E+01  9.99215329E-01  2.70390111E+00
 -2.60866328E+00  1.00000000E+00  3.03891159E+00 -3.62592483E+00  4.02133469E-01  2.71700006E+01  1.00232845E+00  2.70399279E+00
 -2.55974619E+00  1.00000000E+00  3.00003579E+00 -3.62574568E+00  4.01701346E-01  2.71753298E+01  1.00227340E+00  2.70454916E+00
 -2.51082911E+00  1.00000000E+00  2.96115999E+00 -3.62556636E+00  4.01828492E-01  2.71806602E+01  1.00221836E+00  2.70510565E+00
 -2.46191202E+00  1.00000000E+00  2.92102815E+00 -3.62316700E+00  4.01415402E-01  2.71646954E+01  1.00188420E+00  2.70349049E+00
 -2.41299493E+00  1.00000000E+00  2.88089631E+00 -3.62076911E+00  4.00925566E-01  2.71487401E+01  1.00155028E+00  2.70187628E+00
 -2.36407784E+00  1.00000000E+00  2.84210163E+00 -3.61677741E+00  4.00279614E-01  2.71257662E+01  1.00106164E+00  2.69955280E+00
 -2.31516075E+00  1.00000000E+00  2.80330696E+00 -3.61278937E+00  4.00091542E-01  2.71028120E+01  1.00057372E+00  2.69723129E+00
 -2.26624366E+00  1.00000000E+00  2.76307514E+00 -3.61134987E+00  4.00236427E-01  2.71025493E+01  1.00016638E+00  2.69724624E+00
 -2.21732657E+00  1.00000000E+00  2.72284333E+00 -3.60991047E+00  4.00414217E-01  2.71022870E+01  9.99759204E-01  2.69726121E+00
 -2.16840948E+00  1.00000000E+00  2.68338279E+00 -3.61494246E+00  4.00331008E-01  2.70865316E+01  1.00130037E+00  2.69547389E+00
 -2.11949239E+00  1.00000000E+00  2.64392224E+00 -3.61997035E+00  3.99925599E-01  2.70707964E+01  1.00284364E+00  2.69368845E+00
 -2.07057530E+00  1.00000000E+00  2.60481299E+00 -3.61533287E+00  3.99356216E-01  2.70526687E+01  1.00229870E+00  2.69187157E+00
 -2.02165821E+00  1.00000000E+00  2.56570373E+00 -3.61069869E+00  3.98926560E-01  2.70345545E+01  1.00175500E+00  2.69005595E+00
 -1.97274112E+00  1.00000000E+00  2.52409837E+00 -3.60920648E+00  3.98599973E-01  2.69715158E+01  1.00249024E+00  2.68346598E+00
 -1.92382403E+00  1.00000000E+00  2.48249302E+00 -3.60771026E+00  3.97894602E-01  2.69086333E+01  1.00322499E+00  2.67689219E+00
 -1.87490694E+00  1.00000000E+00  2.44471109E+00 -3.60867940E+00  3.96317940E-01  2.68065640E+01  1.00567246E+00  2.66609213E+00
 -1.82598985E+00  1.00000000E+00  2.40692916E+00 -3.60962496E+00  3.94907301E-01  2.67049240E+01  1.00812127E+00  2.65533628E+00
 -1.77707276E+00  1.00000000E+00  2.36705857E+00 -3.60332329E+00  3.93408710E-01  2.66290388E+01  1.00822612E+00  2.64748398E+00
 -1.72815567E+00  1.00000000E+00  2.32718797E+00 -3.59703483E+00  3.92585250E-01  2.65533715E+01  1.00833202E+00  2.63965407E+00
 -1.67923858E+00  1.00000000E+00  2.28875005E+00 -3.57821672E+00  3.89967001E-01  2.63987469E+01  1.00631259E+00  2.62388488E+00
 -1.63032150E+00  1.00000000E+00  2.25031213E+00 -3.55950053E+00  3.88583680E-01  2.62450226E+01  1.00430470E+00  2.60820751E+00
 -1.58140441E+00  1.00000000E+00  2.20922002E+00 -3.54329651E+00  3.87951972E-01  2.60763419E+01  1.00347212E+00  2.59086321E+00
 -1.53248732E+00  1.00000000E+00  2.16812792E+00 -3.52717534E+00  3.86810656E-01  2.59087510E+01  1.00264564E+00  2.57363089E+00
 -1.48357023E+00  1.00000000E+00  2.12502324E+00 -3.50176012E+00  3.84837405E-01  2.56959419E+01  9.99154278E-01  2.55200139E+00
 -1.43465314E+00  1.00000000E+00  2.08191855E+00 -3.47653459E+00  3.85276877E-01  2.54848814E+01  9.95683629E-01  2.53055043E+00
 -1.38573605E+00  1.00000000E+00  2.04476474E+00 -3.47159547E+00  3.82521791E-01  2.51810481E+01  1.00070008E+00  2.49863597E+00
 -1.33681896E+00  1.00000000E+00  2.00761094E+00 -3.46653851E+00  3.79676250E-01  2.48811019E+01  1.00571194E+00  2.46712362E+00
 -1.28790187E+00  1.00000000E+00  1.97000321E+00 -3.44571413E+00  3.77284974E-01  2.45904984E+01  1.00602767E+00  2.43706198E+00
 -1.23898478E+00  1.00000000E+00  1.93239549E+00 -3.42502397E+00  3.74821981E-01  2.43033568E+01  1.00634362E+00  2.40735803E+00
 -1.19006769E+00  1.00000000E+00  1.89506746E+00 -3.38069366E+00  3.70384218E-01  2.39867451E+01  1.00107035E+00  2.37518640E+00
 -1.14115060E+00  1.00000000E+00  1.85773943E+00 -3.33693058E+00  3.66706249E-01  2.36742581E+01  9.95876700E-01  2.34343275E+00
 -1.09223351E+00  1.00000000E+00  1.81318019E+00 -3.31776053E+00  3.66127923E-01  2.33120018E+01  9.97525882E-01  2.30582918E+00
 -1.04331642E+00  1.00000000E+00  1.76862095E+00 -3.29864515E+00  3.64639794E-01  2.29554906E+01  9.99157577E-01  2.26882108E+00
 -9.94399333E-01  1.00000000E+00  1.73835523E+00 -3.29463364E+00  3.59797889E-01  2.25174598E+01  1.00782691E+00  2.22266207E+00
 -9.45482243E-01  1.00000000E+00  1.70808951E+00 -3.29024766E+00  3.55261932E-01  2.20885347E+01  1.01648616E+00  2.17744501E+00
 -8.96565154E-01  1.00000000E+00  1.67135971E+00 -3.23501377E+00  3.49306055E-01  2.16777429E+01  1.01057241E+00  2.13560762E+00
 -8.47648064E-01  1.00000000E+00  1.63462990E+00 -3.18073865E+00  3.46202969E-01  2.12745876E+01  1.00478198E+00  2.09454658E+00
 -7.99501858E-01  1.00000000E+00  1.60388366E+00 -3.15341616E+00  3.40151743E-01  2.07752771E+01  1.00840254E+00  2.04257704E+00
 -7.51355652E-01  1.00000000E+00  1.57313742E+00 -3.12623904E+00  3.35977127E-01  2.02881528E+01  1.01199296E+00  1.99186985E+00
 -7.08111109E-01  1.00000000E+00  1.54213027E+00 -3.06476575E+00  3.32588213E-01  1.97515245E+01  1.00555164E+00  1.93708386E+00
 -6.64866566E-01  1.00000000E+00  1.51112312E+00 -3.00461031E+00  3.29981415E-01  1.92291542E+01  9.99220494E-01  1.88375982E+00
 -6.26599939E-01  1.00000000E+00  1.48482587E+00 -2.97357253E+00  3.28345728E-01  1.88504614E+01  9.98924523E-01  1.84465881E+00
 -5.88333313E-01  1.00000000E+00  1.45852862E+00 -2.94288062E+00  3.25497803E-01  1.84793880E+01  9.98628249E-01  1.80634518E+00
 -5.54471587E-01  1.00000000E+00  1.43989845E+00 -2.92595143E+00  3.23215719E-01  1.81692256E+01  1.00163545E+00  1.77398432E+00
 -5.20609860E-01  1.00000000E+00  1.42126828E+00 -2.90907661E+00  3.19905161E-01  1.78645091E+01  1.00462925E+00  1.74218758E+00
 -4.90645977E-01  1.00000000E+00  1.40606868E+00 -2.89783298E+00  3.14787416E-01  1.74951704E+01  1.01141529E+00  1.70332136E+00
 -4.60682095E-01  1.00000000E+00  1.39086909E+00 -2.88642679E+00  3.10064457E-01  1.71340509E+01  1.01818070E+00  1.66530659E+00
 -4.34167380E-01  1.00000000E+00  1.37938179E+00 -2.85326796E+00  3.06357567E-01  1.67625872E+01  1.01964389E+00  1.62677081E+00
 -4.07652666E-01  1.00000000E+00  1.36789449E+00 -2.82057397E+00  2.99828397E-01  1.63993515E+01  1.02113360E+00  1.58908252E+00
 -3.84190072E-01  1.00000000E+00  1.34798962E+00 -2.72086038E+00  2.88931497E-01  1.56451643E+01  1.01139916E+00  1.51215573E+00
 -3.60727478E-01  1.00000000E+00  1.32808475E+00 -2.62502755E+00  2.82308592E-01  1.49257677E+01  1.00208518E+00  1.43878053E+00
 -3.39965684E-01  1.00000000E+00  1.31902303E+00 -2.59752841E+00  2.76917339E-01  1.41822149E+01  1.01978907E+00  1.36011734E+00
 -3.19203889E-01  1.00000000E+00  1.30996131E+00 -2.56970452E+00  2.66369666E-01  1.34785088E+01  1.03749685E+00  1.28557124E+00
 -3.00831998E-01  1.00000000E+00  1.30808941E+00 -2.46018291E+00  2.46338846E-01  1.22248764E+01  1.05080255E+00  1.15465430E+00
 -2.82460107E-01  1.00000000E+00  1.30621750E+00 -2.35653021E+00  2.28923586E-01  1.10919201E+01  1.06440270E+00  1.03617680E+00
 -2.66203017E-01  1.00000000E+00  1.30305590E+00 -2.20580954E+00  2.11189143E-01  9.82272889E+00  1.07062776E+00  9.04383783E-01
 -2.49945927E-01  1.00000000E+00  1.29989430E+00 -2.06741802E+00  1.89896874E-01  8.70205708E+00  1.07801493E+00  7.87817688E-01
 -2.35560203E-01  1.00000000E+00  1.29320576E+00 -1.71509497E+00  1.64648816E-01  6.61094587E+00  1.05107262E+00  5.74520236E-01
 -2.21174479E-01  1.00000000E+00  1.28651722E+00 -1.43220210E+00  1.41306817E-01  5.02593901E+00  1.03370755E+00  4.12530584E-01
 -2.08421419E-01  1.00000000E+00  1.34161858E+00 -1.21997903E+00  1.13876560E-01  3.43610668E+00  1.12251237E+00  2.39071412E-01
 -1.95668358E-01  1.00000000E+00  1.39671995E+00 -1.06042324E+00  8.54659196E-02  2.36747618E+00  1.22874943E+00  1.17668430E-01
 -1.83439085E-01  1.00000000E+00  1.52670223E+00 -5.14588675E-01  3.30306933E-02  1.19166686E+00  1.22424006E+00 -3.36589685E-03
 -1.71209813E-01  1.00000000E+00  1.65668452E+00 -1.82058279E-01  2.91521515E-02  6.07590817E-01  1.36957517E+00 -7.87383834E-02
 -1.58980541E-01  1.00000000E+00  1.81406534E+00  3.11125825E-01  5.94546589E-02  7.93725002E-01  1.27159893E+00 -4.93803055E-02
 -1.46751268E-01  1.00000000E+00  1.97144616E+00  9.50430283E-01  9.37737670E-02  1.31124792E+00  1.48366080E+00 -1.78159975E-02
 -1.34521996E-01  1.00000000E+00  2.15829900E+00  1.00614621E+00  1.07775287E-01  1.73882896E+00  1.27373771E+00  4.80594289E-02
 -1.22292724E-01  1.00000000E+00  2.34515183E+00  1.08879194E+00  1.06579920E-01  2.33085340E+00  1.10387703E+00  1.26787558E-01
 -1.10063451E-01  1.00000000E+00  2.52424991E+00  1.30722061E+00  1.03127477E-01  2.84981080E+00  1.22003910E+00  1.68409742E-01
 -9.78341789E-02  1.00000000E+00  2.70334798E+00  1.56954044E+00  1.22277509E-01  3.48383830E+00  1.35380301E+00  2.20103648E-01
 -8.56049065E-02  1.00000000E+00  2.93716223E+00  2.04303506E+00  1.47281936E-01  3.67633136E+00  1.70504448E+00  2.03699644E-01
 -7.33756342E-02  1.00000000E+00  3.17097647E+00  2.58070445E+00  1.73285822E-01  3.98954827E+00  2.15735383E+00  1.89326759E-01
 -6.11463618E-02  1.00000000E+00  3.20620833E+00  9.73817388E-01  2.59770841E-01  2.44660106E+00  1.08112253E+00  1.41099449E-01
 -4.89170895E-02  1.00000000E+00  3.24144018E+00 -5.26802462E-03  2.98879435E-01  1.93108370E+00  7.65802909E-01  1.20412348E-01
 -3.66878171E-02  1.00000000E+00  4.45839354E+00  1.95425529E+00  5.05280473E-01  5.24884695E+00  1.28207360E+00  4.09899912E-01
 -2.44585447E-02  1.00000000E+00  5.67534690E+00  8.78328894E+00  1.19081167E+00  1.78645894E+01  4.63898984E+00  1.36664529E+00
 -1.22292724E-02  1.00000000E+00  3.02503911E+00  5.06006105E+00  3.21249474E-01  3.12959587E+00  1.17391204E+01 -8.89650872E-01
  0.00000000E+00  1.00000000E+00  3.74731327E-01  7.50082638E+00  6.11256613E-01  6.63154373E-01  1.17481444E+02 -1.20712232E+01
