# curve 5 (die wall), step =      600, time =   1.20000000E+02
# N1 = tau_xx - tau_yy = G ( c_xx - c_yy ),  G =  1.0333E-01  (polymer part only)
#              x               y        pressure            c_xy        gammadot            c_xx            c_yy              N1
 -3.00000000E+00  1.00000000E+00  3.33998154E+00 -3.60229075E+00  3.99864663E-01  2.69850340E+01  9.99279893E-01  2.68519459E+00
 -2.95108291E+00  1.00000000E+00  3.30827869E+00 -3.62232531E+00  4.02114843E-01  2.71098447E+01  1.00170794E+00  2.69784080E+00
 -2.90216582E+00  1.00000000E+00  3.27657583E+00 -3.64245807E+00  4.02403209E-01  2.72352372E+01  1.00415354E+00  2.71054531E+00
 -2.85324873E+00  1.00000000E+00  3.23584789E+00 -3.62556964E+00  4.01884106E-01  2.72162391E+01  1.00066975E+00  2.70894217E+00
 -2.80433164E+00  1.00000000E+00  3.19511995E+00 -3.60869622E+00  4.01622919E-01  2.71973029E+01  9.97203997E-01  2.70734355E+00
 -2.75541455E+00  1.00000000E+00  3.15515794E+00 -3.60504676E+00  4.02278081E-01  2.71793934E+01  9.96649602E-01  2.70555019E+00
 -2.70649746E+00  1.00000000E+00  3.11519593E+00 -3.60140008E+00  4.02594559E-01  2.71614961E+01  9.96095858E-01  2.70375802E+00
 -2.65758037E+00  1.00000000E+00  3.07701720E+00 -3.61373324E+00  4.02653788E-01  2.71655885E+01  9.99223676E-01  2.70385770E+00
 -2.60866328E+00  1.00000000E+00  3.03883846E+00 -3.62607283E+00  4.02135005E-01  2.71697128E+01  1.00236229E+00  2.70395956E+00
 -2.55974619E+00  1.00000000E+00  2.99997009E+00 -3.62590462E+00  4.01699315E-01  2.71751822E+01  1.00230818E+00  2.70453032E+00
 -2.51082911E+00  1.00000000E+00  2.96110172E+00 -3.62573623E+00  4.01824161E-01  2.71806529E+01  1.00225408E+00  2.70510121E+00
 -2.46191202E+00  1.00000000E+00  2.92097467E+00 -3.62328544E+00  4.01408729E-01  2.71646377E+01  1.00190899E+00  2.70348196E+00
 -2.41299493E+00  1.00000000E+00  2.88084762E+00 -3.62083618E+00  4.00917278E-01  2.71486319E+01  1.00156415E+00  2.70186367E+00
 -2.36407784E+00  1.00000000E+00  2.84204647E+00 -3.61676935E+00  4.00269990E-01  2.71254486E+01  1.00105928E+00  2.69952023E+00
 -2.31516075E+00  1.00000000E+00  2.80324533E+00 -3.61270629E+00  4.00084663E-01  2.71022854E+01  1.00055517E+00  2.69717879E+00
 -2.26624366E+00  1.00000000E+00  2.76300994E+00 -3.61128636E+00  4.00233083E-01  2.71020006E+01  1.00015224E+00  2.69719099E+00
 -2.21732657E+00  1.00000000E+00  2.72277456E+00 -3.60986655E+00  4.00412878E-01  2.71017162E+01  9.99749478E-01  2.69720323E+00
 -2.16840948E+00  1.00000000E+00  2.68331494E+00 -3.61492191E+00  4.00330937E-01  2.70859803E+01  1.00129585E+00  2.69541739E+00
 -2.11949239E+00  1.00000000E+00  2.64385531E+00 -3.61997315E+00  3.99926202E-01  2.70702647E+01  1.00284434E+00  2.69363344E+00
 -2.07057530E+00  1.00000000E+00  2.60475043E+00 -3.61533173E+00  3.99356661E-01  2.70521556E+01  1.00229816E+00  2.69181860E+00
 -2.02165821E+00  1.00000000E+00  2.56564555E+00 -3.61069359E+00  3.98926699E-01  2.70340600E+01  1.00175323E+00  2.69000504E+00
 -1.97274112E+00  1.00000000E+00  2.52403711E+00 -3.60917457E+00  3.98600578E-01  2.69709685E+01  1.00248229E+00  2.68341024E+00
 -1.92382403E+00  1.00000000E+00  2.48242867E+00 -3.60765163E+00  3.97896246E-01  2.69080334E+01  1.00321087E+00  2.67683167E+00
 -1.87490694E+00  1.00000000E+00  2.44464436E+00 -3.60862349E+00  3.96320428E-01  2.68058993E+01  1.00565969E+00  2.66602475E+00
 -1.82598985E+00  1.00000000E+00  2.40686004E+00 -3.60957172E+00  3.94910855E-01  2.67041949E+01  1.00810986E+00  2.65526212E+00
 -1.77707276E+00  1.00000000E+00  2.36698968E+00 -3.60328353E+00  3.93412712E-01  2.66283178E+01  1.00821766E+00  2.64741035E+00
 -1.72815567E+00  1.00000000E+00  2.32711932E+00 -3.59700850E+00  3.92588755E-01  2.65526586E+01  1.00832652E+00  2.63958098E+00
 -1.67923858E+00  1.00000000E+00  2.28867870E+00 -3.57820487E+00  3.89970895E-01  2.63980255E+01  1.00631082E+00  2.62381052E+00
 -1.63032150E+00  1.00000000E+00  2.25023808E+00 -3.55950302E+00  3.88587186E-01  2.62442928E+01  1.00430664E+00  2.60813191E+00
 -1.58140441E+00  1.00000000E+00  2.20914602E+00 -3.54334155E+00  3.87953923E-01  2.60756676E+01  1.00348433E+00  2.59079228E+00
 -1.53248732E+00  1.00000000E+00  2.16805396E+00 -3.52726255E+00  3.86810570E-01  2.59081317E+01  1.00266807E+00  2.57356457E+00
 -1.48357023E+00  1.00000000E+00  2.12495869E+00 -3.50187169E+00  3.84834748E-01  2.56953876E+01  9.99183173E-01  2.55194113E+00
 -1.43465314E+00  1.00000000E+00  2.08186342E+00 -3.47667021E+00  3.85271845E-01  2.54843911E+01  9.95718923E-01  2.53049613E+00
 -1.38573605E+00  1.00000000E+00  2.04471242E+00 -3.47165495E+00  3.82513345E-01  2.51804736E+01  1.00071819E+00  2.49857473E+00
 -1.33681896E+00  1.00000000E+00  2.00756143E+00 -3.46652297E+00  3.79667588E-01  2.48804442E+01  1.00571281E+00  2.46705558E+00
 -1.28790187E+00  1.00000000E+00  1.96994762E+00 -3.44565619E+00  3.77278238E-01  2.45896762E+01  1.00602051E+00  2.43697776E+00
 -1.23898478E+00  1.00000000E+00  1.93233380E+00 -3.42492430E+00  3.74817967E-01  2.43023738E+01  1.00632848E+00  2.40725802E+00
 -1.19006769E+00  1.00000000E+00  1.89500626E+00 -3.38061838E+00  3.70381720E-01  2.39857295E+01  1.00106174E+00  2.37508234E+00
 -1.14115060E+00  1.00000000E+00  1.85767871E+00 -3.33687928E+00  3.66703569E-01  2.36732108E+01  9.95874480E-01  2.34332476E+00
 -1.09223351E+00  1.00000000E+00  1.81311999E+00 -3.31771400E+00  3.66126053E-01  2.33109680E+01  9.97524393E-01  2.30572250E+00
 -1.04331642E+00  1.00000000E+00  1.76856127E+00 -3.29860328E+00  3.64638670E-01  2.29544700E+01  9.99156810E-01  2.26871570E+00
 -9.94399333E-01  1.00000000E+00  1.73830016E+00 -3.29457992E+00  3.59797416E-01  2.25164677E+01  1.00782266E+00  2.22255998E+00
 -9.45482243E-01  1.00000000E+00  1.70803905E+00 -3.29018240E+00  3.55262419E-01  2.20875698E+01  1.01647841E+00  2.17734611E+00
 -8.96565154E-01  1.00000000E+00  1.67130311E+00 -3.23489605E+00  3.49307976E-01  2.16767461E+01  1.01054965E+00  2.13550697E+00
 -8.47648064E-01  1.00000000E+00  1.63456717E+00 -3.18056993E+00  3.46207114E-01  2.12735605E+01  1.00474457E+00  2.09444432E+00
 -7.99501858E-01  1.00000000E+00  1.60381028E+00 -3.15330095E+00  3.40160773E-01  2.07743271E+01  1.00837788E+00  2.04248142E+00
 -7.51355652E-01  1.00000000E+00  1.57305339E+00 -3.12617569E+00  3.35985718E-01  2.02872777E+01  1.01198096E+00  1.99178066E+00
 -7.08111109E-01  1.00000000E+00  1.54204412E+00 -3.06489037E+00  3.32596668E-01  1.97510955E+01  1.00558667E+00  1.93703592E+00
 -6.64866566E-01  1.00000000E+00  1.51103485E+00 -3.00491542E+00  3.29983428E-01  1.92291495E+01  9.99301251E-01  1.88375099E+00
 -6.26599939E-01  1.00000000E+00  1.48476187E+00 -2.97400405E+00  3.28337016E-01  1.88508453E+01  9.99039193E-01  1.84468663E+00
 -5.88333313E-01  1.00000000E+00  1.45848890E+00 -2.94343529E+00  3.25478629E-01  1.84801463E+01  9.98776527E-01  1.80640821E+00
 -5.54471587E-01  1.00000000E+00  1.43987703E+00 -2.92631529E+00  3.23190392E-01  1.81698183E+01  1.00173457E+00  1.77403531E+00
 -5.20609860E-01  1.00000000E+00  1.42126516E+00 -2.90925382E+00  3.19875963E-01  1.78649387E+01  1.00467942E+00  1.74222680E+00
 -4.90645977E-01  1.00000000E+00  1.40602794E+00 -2.89762177E+00  3.14750318E-01  1.74945387E+01  1.01136354E+00  1.70326143E+00
 -4.60682095E-01  1.00000000E+00  1.39079073E+00 -2.88583525E+00  3.10038054E-01  1.71323957E+01  1.01802647E+00  1.66515149E+00
 -4.34167380E-01  1.00000000E+00  1.37925182E+00 -2.85269960E+00  3.06354195E-01  1.67599179E+01  1.01951930E+00  1.62650786E+00
 -4.07652666E-01  1.00000000E+00  1.36771290E+00 -2.82002798E+00  2.99830906E-01  1.63957155E+01  1.02103821E+00  1.58871665E+00
 -3.84190072E-01  1.00000000E+00  1.34776156E+00 -2.72063521E+00  2.88912027E-01  1.56394634E+01  1.01145357E+00  1.51156101E+00
 -3.60727478E-01  1.00000000E+00  1.32781021E+00 -2.62510656E+00  2.82250248E-01  1.49182083E+01  1.00228209E+00  1.43797904E+00
 -3.39965684E-01  1.00000000E+00  1.31877585E+00 -2.59768867E+00  2.76833616E-01  1.41705057E+01  1.02018170E+00  1.35886682E+00
 -3.19203889E-01  1.00000000E+00  1.30974150E+00 -2.56992694E+00  2.66220643E-01  1.34631345E+01  1.03808547E+00  1.28392174E+00
 -3.00831998E-01  1.00000000E+00  1.30799616E+00 -2.45911627E+00  2.46017721E-01  1.21990168E+01  1.05137966E+00  1.15192250E+00
 -2.82460107E-01  1.00000000E+00  1.30625081E+00 -2.35431053E+00  2.28529290E-01  1.10577342E+01  1.06497257E+00  1.03258537E+00
 -2.66203017E-01  1.00000000E+00  1.30332158E+00 -2.20222664E+00  2.10749483E-01  9.78187025E+00  1.07103627E+00  9.00119511E-01
 -2.49945927E-01  1.00000000E+00  1.30039234E+00 -2.06269645E+00  1.89459192E-01  8.65654892E+00  1.07828050E+00  7.83087736E-01
 -2.35560203E-01  1.00000000E+00  1.29425326E+00 -1.70915925E+00  1.64266193E-01  6.56641137E+00  1.05095988E+00  5.69929987E-01
 -2.21174479E-01  1.00000000E+00  1.28811418E+00 -1.42566049E+00  1.40996149E-01  4.98454401E+00  1.03333885E+00  4.08291200E-01
 -2.08421419E-01  1.00000000E+00  1.34360499E+00 -1.21366129E+00  1.13591566E-01  3.40959816E+00  1.12160181E+00  2.36426289E-01
 -1.95668358E-01  1.00000000E+00  1.39909581E+00 -1.05432308E+00  8.51613254E-02  2.35018052E+00  1.22735614E+00  1.16025186E-01
 -1.83439085E-01  1.00000000E+00  1.52921974E+00 -5.15106641E-01  3.30533800E-02  1.19254953E+00  1.22325703E+00 -3.17310762E-03
 -1.71209813E-01  1.00000000E+00  1.65934368E+00 -1.84613926E-01  2.89759301E-02  6.12909909E-01  1.36639366E+00 -7.78599878E-02
 -1.58980541E-01  1.00000000E+00  1.81441978E+00  3.00489170E-01  5.88875141E-02  7.85090500E-01  1.26756805E+00 -4.98560133E-02
 -1.46751268E-01  1.00000000E+00  1.96949588E+00  9.17742791E-01  9.26014466E-02  1.26884950E+00  1.46699591E+00 -2.04751289E-02
 -1.34521996E-01  1.00000000E+00  2.15624238E+00  9.86194872E-01  1.06724004E-01  1.69985465E+00  1.26850882E+00  4.45724029E-02
 -1.22292724E-01  1.00000000E+00  2.34298888E+00  1.08363167E+00  1.05975628E-01  2.29869310E+00  1.10892693E+00  1.22942504E-01
 -1.10063451E-01  1.00000000E+00  2.52238731E+00  1.30413045E+00  1.02791053E-01  2.82597725E+00  1.22355165E+00  1.65583979E-01
 -9.78341789E-02  1.00000000E+00  2.70178574E+00  1.56982780E+00  1.22235840E-01  3.47368034E+00  1.35582489E+00  2.18845064E-01
 -8.56049065E-02  1.00000000E+00  2.93542340E+00  2.03653466E+00  1.47371784E-01  3.65913540E+00  1.70310647E+00  2.02122989E-01
 -7.33756342E-02  1.00000000E+00  3.16906107E+00  2.56517281E+00  1.73220256E-01  3.96247255E+00  2.14894835E+00  1.87397501E-01
 -6.11463618E-02  1.00000000E+00  3.20445515E+00  9.70649729E-01  2.59778867E-01  2.43970694E+00  1.07999920E+00  1.40503133E-01
 -4.89170895E-02  1.00000000E+00  3.23984923E+00 -5.17767453E-03  2.98938009E-01  1.93302341E+00  7.66040953E-01  1.20588187E-01
 -3.66878171E-02  1.00000000E+00  4.45769747E+00  1.95706170E+00  5.05203305E-01  5.25300114E+00  1.28409472E+00  4.10120330E-01
 -2.44585447E-02  1.00000000E+00  5.67554571E+00  8.79744625E+00  1.19049059E+00  1.78801115E+01  4.64955453E+00  1.36715755E+00
 -1.22292724E-02  1.00000000E+00  3.02515727E+00  5.06662333E+00  3.21089637E-01  3.13209643E+00  1.17555446E+01 -8.91089647E-01
  0.00000000E+00  1.00000000E+00  3.74768828E-01  7.50192404E+00  6.11648174E-01  6.63054803E-01  1.17539598E+02 -1.20772428E+01
