# curve 5 (die wall), step =      100, time =   4.00000000E+01
# N1 = tau_xx - tau_yy = G ( c_xx - c_yy ),  G =  1.0000E-01  (polymer part only)
#              x               y        pressure            c_xy        gammadot            c_xx            c_yy              N1
 -3.00000000E+00  1.00000000E+00  2.78749146E+00 -2.99220936E+00  4.31027414E-01  2.01849393E+01  9.13451571E-01  1.92714877E+00
 -2.97524677E+00  1.00000000E+00  2.77072199E+00 -2.99317072E+00  4.31147032E-01  2.01908201E+01  9.13563524E-01  1.92772566E+00
 -2.95049355E+00  1.00000000E+00  2.75395253E+00 -2.99413237E+00  4.31260699E-01  2.01967027E+01  9.13675529E-01  1.92830272E+00
 -2.92574032E+00  1.00000000E+00  2.73676133E+00 -2.99300911E+00  4.31430310E-01  2.01997974E+01  9.13273956E-01  1.92865234E+00
 -2.90098710E+00  1.00000000E+00  2.71957012E+00 -2.99188565E+00  4.31597250E-01  2.02028932E+01  9.12872534E-01  1.92900207E+00
 -2.87623387E+00  1.00000000E+00  2.70342053E+00 -2.99486637E+00  4.31565745E-01  2.02090223E+01  9.13635119E-01  1.92953872E+00
 -2.85148064E+00  1.00000000E+00  2.68727093E+00 -2.99784855E+00  4.31427484E-01  2.02151545E+01  9.14398462E-01  1.93007561E+00
 -2.82672742E+00  1.00000000E+00  2.67009564E+00 -2.99520341E+00  4.31328070E-01  2.02109314E+01  9.13722730E-01  1.92972086E+00
 -2.80197419E+00  1.00000000E+00  2.65292034E+00 -2.99255919E+00  4.31426722E-01  2.02067103E+01  9.13047602E-01  1.92936627E+00
 -2.77722097E+00  1.00000000E+00  2.63582581E+00 -2.99353235E+00  4.31434774E-01  2.02063855E+01  9.13301758E-01  1.92930837E+00
 -2.75246774E+00  1.00000000E+00  2.61873129E+00 -2.99450550E+00  4.31452000E-01  2.02060610E+01  9.13556001E-01  1.92925050E+00
 -2.72771451E+00  1.00000000E+00  2.60196583E+00 -2.99472437E+00  4.31484406E-01  2.02084469E+01  9.13577534E-01  1.92948694E+00
 -2.70296129E+00  1.00000000E+00  2.58520037E+00 -2.99494327E+00  4.31488525E-01  2.02108332E+01  9.13599067E-01  1.92972341E+00
 -2.67820806E+00  1.00000000E+00  2.56812395E+00 -2.99456639E+00  4.31483875E-01  2.02120311E+01  9.13430783E-01  1.92986004E+00
 -2.65345484E+00  1.00000000E+00  2.55104753E+00 -2.99418950E+00  4.31542460E-01  2.02132293E+01  9.13262522E-01  1.92999668E+00
 -2.62870161E+00  1.00000000E+00  2.53412974E+00 -2.99467672E+00  4.31601756E-01  2.02144941E+01  9.13359913E-01  1.93011341E+00
 -2.60394839E+00  1.00000000E+00  2.51721195E+00 -2.99516399E+00  4.31634908E-01  2.02157589E+01  9.13457323E-01  1.93023016E+00
 -2.57919516E+00  1.00000000E+00  2.50021068E+00 -2.99593588E+00  4.31767149E-01  2.02194252E+01  9.13607100E-01  1.93058181E+00
 -2.55444193E+00  1.00000000E+00  2.48320941E+00 -2.99670793E+00  4.31804779E-01  2.02230922E+01  9.13756916E-01  1.93093353E+00
 -2.52968871E+00  1.00000000E+00  2.46647664E+00 -2.99694503E+00  4.31750537E-01  2.02280182E+01  9.13733195E-01  1.93142850E+00
 -2.50493548E+00  1.00000000E+00  2.44974388E+00 -2.99718213E+00  4.31707183E-01  2.02329455E+01  9.13709469E-01  1.93192361E+00
 -2.48018226E+00  1.00000000E+00  2.43236519E+00 -2.99571777E+00  4.31789145E-01  2.02308868E+01  9.13303365E-01  1.93175834E+00
 -2.45542903E+00  1.00000000E+00  2.41498650E+00 -2.99425371E+00  4.31928590E-01  2.02288286E+01  9.12897458E-01  1.93159312E+00
 -2.43067580E+00  1.00000000E+00  2.39804751E+00 -2.99566401E+00  4.32005416E-01  2.02319062E+01  9.13196256E-01  1.93187099E+00
 -2.40592258E+00  1.00000000E+00  2.38110851E+00 -2.99707460E+00  4.32052108E-01  2.02349844E+01  9.13495210E-01  1.93214892E+00
 -2.38116935E+00  1.00000000E+00  2.36438941E+00 -2.99779227E+00  4.32020164E-01  2.02377929E+01  9.13673734E-01  1.93241192E+00
 -2.35641613E+00  1.00000000E+00  2.34767031E+00 -2.99851007E+00  4.31992249E-01  2.02406019E+01  9.13852298E-01  1.93267496E+00
 -2.33166290E+00  1.00000000E+00  2.33040865E+00 -2.99691122E+00  4.32024948E-01  2.02425671E+01  9.13318897E-01  1.93292482E+00
 -2.30690967E+00  1.00000000E+00  2.31314699E+00 -2.99531230E+00  4.32122072E-01  2.02445335E+01  9.12785781E-01  1.93317477E+00
 -2.28215645E+00  1.00000000E+00  2.29607423E+00 -2.99665522E+00  4.32190014E-01  2.02452468E+01  9.13139829E-01  1.93321069E+00
 -2.25740322E+00  1.00000000E+00  2.27900147E+00 -2.99799824E+00  4.32184648E-01  2.02459605E+01  9.13494039E-01  1.93324665E+00
 -2.23265000E+00  1.00000000E+00  2.26234428E+00 -2.99911152E+00  4.32119165E-01  2.02495976E+01  9.13776742E-01  1.93358208E+00
 -2.20789677E+00  1.00000000E+00  2.24568709E+00 -3.00022509E+00  4.32022925E-01  2.02532354E+01  9.14059546E-01  1.93391758E+00
 -2.18314354E+00  1.00000000E+00  2.22845318E+00 -2.99802038E+00  4.31994667E-01  2.02480775E+01  9.13518532E-01  1.93345589E+00
 -2.15839032E+00  1.00000000E+00  2.21121927E+00 -2.99581652E+00  4.32072934E-01  2.02429215E+01  9.12977917E-01  1.93299436E+00
 -2.13363709E+00  1.00000000E+00  2.19405163E+00 -2.99588811E+00  4.32140528E-01  2.02420251E+01  9.12989917E-01  1.93290351E+00
 -2.10888387E+00  1.00000000E+00  2.17688398E+00 -2.99595969E+00  4.32213838E-01  2.02411287E+01  9.13001919E-01  1.93281268E+00
 -2.08413064E+00  1.00000000E+00  2.15990695E+00 -2.99690474E+00  4.32236194E-01  2.02405185E+01  9.13286197E-01  1.93272323E+00
 -2.05937741E+00  1.00000000E+00  2.14292992E+00 -2.99784978E+00  4.32172375E-01  2.02399085E+01  9.13570565E-01  1.93263380E+00
 -2.03462419E+00  1.00000000E+00  2.12594842E+00 -2.99731454E+00  4.32047769E-01  2.02349806E+01  9.13586907E-01  1.93213937E+00
 -2.00987096E+00  1.00000000E+00  2.10896693E+00 -2.99677941E+00  4.31952162E-01  2.02300538E+01  9.13603269E-01  1.93164506E+00
 -1.98511774E+00  1.00000000E+00  2.09177842E+00 -2.99688263E+00  4.31817712E-01  2.02238930E+01  9.13793707E-01  1.93100993E+00
 -1.96036451E+00  1.00000000E+00  2.07458992E+00 -2.99698571E+00  4.31642142E-01  2.02177343E+01  9.13984156E-01  1.93037501E+00
 -1.93561128E+00  1.00000000E+00  2.05781614E+00 -2.99737701E+00  4.31426893E-01  2.02125971E+01  9.14300761E-01  1.92982963E+00
 -1.91085806E+00  1.00000000E+00  2.04104236E+00 -2.99776821E+00  4.31215790E-01  2.02074615E+01  9.14617439E-01  1.92928441E+00
 -1.88610483E+00  1.00000000E+00  2.02364352E+00 -2.99480714E+00  4.31027308E-01  2.01980573E+01  9.13940548E-01  1.92841167E+00
 -1.86135161E+00  1.00000000E+00  2.00624469E+00 -2.99184794E+00  4.30965893E-01  2.01886581E+01  9.13264326E-01  1.92753938E+00
 -1.83659838E+00  1.00000000E+00  1.98900284E+00 -2.99264200E+00  4.30790629E-01  2.01731799E+01  9.13917152E-01  1.92592628E+00
 -1.81184516E+00  1.00000000E+00  1.97176099E+00 -2.99343482E+00  4.30593729E-01  2.01577160E+01  9.14570196E-01  1.92431458E+00
 -1.78709193E+00  1.00000000E+00  1.95518869E+00 -2.99351648E+00  4.30287504E-01  2.01539725E+01  9.14770091E-01  1.92392024E+00
 -1.76233870E+00  1.00000000E+00  1.93861638E+00 -2.99359814E+00  4.29960514E-01  2.01502297E+01  9.14970022E-01  1.92352597E+00
 -1.73758548E+00  1.00000000E+00  1.92091559E+00 -2.98944123E+00  4.29665846E-01  2.01292586E+01  9.14251045E-01  1.92150075E+00
 -1.71283225E+00  1.00000000E+00  1.90321479E+00 -2.98528917E+00  4.29502972E-01  2.01083097E+01  9.13533122E-01  1.91947765E+00
 -1.68807903E+00  1.00000000E+00  1.88586623E+00 -2.98512967E+00  4.29229558E-01  2.00871526E+01  9.14039871E-01  1.91731128E+00
 -1.66332580E+00  1.00000000E+00  1.86851767E+00 -2.98496927E+00  4.28903878E-01  2.00660200E+01  9.14546663E-01  1.91514733E+00
 -1.63857257E+00  1.00000000E+00  1.85160264E+00 -2.98256661E+00  4.28536450E-01  2.00409314E+01  9.14502418E-01  1.91264290E+00
 -1.61381935E+00  1.00000000E+00  1.83468760E+00 -2.98016623E+00  4.28123800E-01  2.00158744E+01  9.14458344E-01  1.91014161E+00
 -1.58906612E+00  1.00000000E+00  1.81701128E+00 -2.97779607E+00  4.27640988E-01  1.99828761E+01  9.14601519E-01  1.90682746E+00
 -1.56431290E+00  1.00000000E+00  1.79933495E+00 -2.97542803E+00  4.27140291E-01  1.99499336E+01  9.14744735E-01  1.90351889E+00
 -1.53955967E+00  1.00000000E+00  1.78285164E+00 -2.97438701E+00  4.26412577E-01  1.99120835E+01  9.15462505E-01  1.89966210E+00
 -1.51480644E+00  1.00000000E+00  1.76636833E+00 -2.97334491E+00  4.25660436E-01  1.98743101E+01  9.16180328E-01  1.89581297E+00
 -1.49005322E+00  1.00000000E+00  1.74934527E+00 -2.97039182E+00  4.24750159E-01  1.98286201E+01  9.16594311E-01  1.89120258E+00
 -1.46529999E+00  1.00000000E+00  1.73232221E+00 -2.96744220E+00  4.23857802E-01  1.97830383E+01  9.17008511E-01  1.88660298E+00
 -1.44054677E+00  1.00000000E+00  1.71513131E+00 -2.96586756E+00  4.23017114E-01  1.97505527E+01  9.17559287E-01  1.88329934E+00
 -1.41579354E+00  1.00000000E+00  1.69794042E+00 -2.96429389E+00  4.22095941E-01  1.97181228E+01  9.18110324E-01  1.88000125E+00
 -1.39104031E+00  1.00000000E+00  1.68059163E+00 -2.95577522E+00  4.20914503E-01  1.96449621E+01  9.17439854E-01  1.87275222E+00
 -1.36628709E+00  1.00000000E+00  1.66324285E+00 -2.94728348E+00  4.20111021E-01  1.95720735E+01  9.16772053E-01  1.86553014E+00
 -1.34153386E+00  1.00000000E+00  1.64583129E+00 -2.94301034E+00  4.19287048E-01  1.95095291E+01  9.17116654E-01  1.85924125E+00
 -1.31678064E+00  1.00000000E+00  1.62841973E+00 -2.93874392E+00  4.18373779E-01  1.94471902E+01  9.17461283E-01  1.85297290E+00
 -1.29202741E+00  1.00000000E+00  1.61175832E+00 -2.93435964E+00  4.17166097E-01  1.93879689E+01  9.17800111E-01  1.84701688E+00
 -1.26727418E+00  1.00000000E+00  1.59509692E+00 -2.92998320E+00  4.15992718E-01  1.93289322E+01  9.18139334E-01  1.84107928E+00
 -1.24252096E+00  1.00000000E+00  1.57810769E+00 -2.92755305E+00  4.14997592E-01  1.92684379E+01  9.19112615E-01  1.83493253E+00
 -1.21776773E+00  1.00000000E+00  1.56111847E+00 -2.92512303E+00  4.13839043E-01  1.92081435E+01  9.20085998E-01  1.82880575E+00
 -1.19301451E+00  1.00000000E+00  1.54432165E+00 -2.91440815E+00  4.11846380E-01  1.91049182E+01  9.19622835E-01  1.81852954E+00
 -1.16826128E+00  1.00000000E+00  1.52752483E+00 -2.90373835E+00  4.10545864E-01  1.90022517E+01  9.19163296E-01  1.80830884E+00
 -1.14350806E+00  1.00000000E+00  1.51064036E+00 -2.89527046E+00  4.09343194E-01  1.89209771E+01  9.18784265E-01  1.80021928E+00
 -1.11875483E+00  1.00000000E+00  1.49375588E+00 -2.88683089E+00  4.08071962E-01  1.88400525E+01  9.18407499E-01  1.79216450E+00
 -1.09400160E+00  1.00000000E+00  1.47666851E+00 -2.88136471E+00  4.06901046E-01  1.87490233E+01  9.19221694E-01  1.78298016E+00
 -1.06924838E+00  1.00000000E+00  1.45958113E+00 -2.87590850E+00  4.05606569E-01  1.86584501E+01  9.20035725E-01  1.77384144E+00
 -1.04449515E+00  1.00000000E+00  1.44383893E+00 -2.86968749E+00  4.03839510E-01  1.85499099E+01  9.21176185E-01  1.76287337E+00
 -1.01974193E+00  1.00000000E+00  1.42809674E+00 -2.86347896E+00  4.02019856E-01  1.84420261E+01  9.22316570E-01  1.75197096E+00
 -9.94988700E-01  1.00000000E+00  1.41201718E+00 -2.85225541E+00  3.99969002E-01  1.83247074E+01  9.22299586E-01  1.74024078E+00
 -9.70235474E-01  1.00000000E+00  1.39593763E+00 -2.84108443E+00  3.97969837E-01  1.82081438E+01  9.22286645E-01  1.72858571E+00
 -9.45482248E-01  1.00000000E+00  1.37948324E+00 -2.83184593E+00  3.96127084E-01  1.80921618E+01  9.22723895E-01  1.71694379E+00
 -9.20729022E-01  1.00000000E+00  1.36302885E+00 -2.82264280E+00  3.94223175E-01  1.79769351E+01  9.23162481E-01  1.70537726E+00
 -8.95975796E-01  1.00000000E+00  1.34787734E+00 -2.81393769E+00  3.91999150E-01  1.78352737E+01  9.24541857E-01  1.69107319E+00
 -8.71222570E-01  1.00000000E+00  1.33272584E+00 -2.80525954E+00  3.89826388E-01  1.76947707E+01  9.25921178E-01  1.67688496E+00
 -8.46469344E-01  1.00000000E+00  1.31755357E+00 -2.79112314E+00  3.87208568E-01  1.75678201E+01  9.25397199E-01  1.66424229E+00
 -8.21716118E-01  1.00000000E+00  1.30238129E+00 -2.77706914E+00  3.84663981E-01  1.74417856E+01  9.24881450E-01  1.65169041E+00
 -7.97201467E-01  1.00000000E+00  1.28663934E+00 -2.76667584E+00  3.82980542E-01  1.73093354E+01  9.25448478E-01  1.63838870E+00
 -7.72686817E-01  1.00000000E+00  1.27089740E+00 -2.75632765E+00  3.81174223E-01  1.71779162E+01  9.26016694E-01  1.62518995E+00
 -7.49503432E-01  1.00000000E+00  1.25834681E+00 -2.74963527E+00  3.78915484E-01  1.70530328E+01  9.27734415E-01  1.61252984E+00
 -7.26320047E-01  1.00000000E+00  1.24579622E+00 -2.74295617E+00  3.76634407E-01  1.69291000E+01  9.29452302E-01  1.59996477E+00
 -7.04527831E-01  1.00000000E+00  1.23392985E+00 -2.72902604E+00  3.74207625E-01  1.67995918E+01  9.29141002E-01  1.58704508E+00
 -6.82735615E-01  1.00000000E+00  1.22206348E+00 -2.71517940E+00  3.71944901E-01  1.66710828E+01  9.28837480E-01  1.57422453E+00
 -6.62251087E-01  1.00000000E+00  1.20988874E+00 -2.70502116E+00  3.70386084E-01  1.65551055E+01  9.29065002E-01  1.56260405E+00
 -6.41766559E-01  1.00000000E+00  1.19771400E+00 -2.69490785E+00  3.68744754E-01  1.64399515E+01  9.29294411E-01  1.55106571E+00
 -6.22511254E-01  1.00000000E+00  1.18847388E+00 -2.68581835E+00  3.66686427E-01  1.63224011E+01  9.30140060E-01  1.53922610E+00
 -6.03255949E-01  1.00000000E+00  1.17923375E+00 -2.67676587E+00  3.64648527E-01  1.62057144E+01  9.30987444E-01  1.52747270E+00
 -5.85156097E-01  1.00000000E+00  1.17020964E+00 -2.66402801E+00  3.62709976E-01  1.60859226E+01  9.30680366E-01  1.51552423E+00
 -5.67056245E-01  1.00000000E+00  1.16118552E+00 -2.65136172E+00  3.60874332E-01  1.59670254E+01  9.30379187E-01  1.50366463E+00
 -5.50042515E-01  1.00000000E+00  1.15315356E+00 -2.64441470E+00  3.59269967E-01  1.58663177E+01  9.31430567E-01  1.49348871E+00
 -5.33028786E-01  1.00000000E+00  1.14512161E+00 -2.63748869E+00  3.57468615E-01  1.57662678E+01  9.32482736E-01  1.48337851E+00
 -5.17036006E-01  1.00000000E+00  1.13919666E+00 -2.63312449E+00  3.55429857E-01  1.56727980E+01  9.34423586E-01  1.47383745E+00
 -5.01043227E-01  1.00000000E+00  1.13327171E+00 -2.62876577E+00  3.53309667E-01  1.55799142E+01  9.36366238E-01  1.46435480E+00
 -4.86010125E-01  1.00000000E+00  1.12606159E+00 -2.61361101E+00  3.51326985E-01  1.54733844E+01  9.34870717E-01  1.45385137E+00
 -4.70977023E-01  1.00000000E+00  1.11885147E+00 -2.59854952E+00  3.50179175E-01  1.53675831E+01  9.33387642E-01  1.44341955E+00
 -4.56846016E-01  1.00000000E+00  1.11434772E+00 -2.59323020E+00  3.48379465E-01  1.52767700E+01  9.34785062E-01  1.43419850E+00
 -4.42715008E-01  1.00000000E+00  1.10984397E+00 -2.58792197E+00  3.46757339E-01  1.51865188E+01  9.36183186E-01  1.42503356E+00
 -4.29431964E-01  1.00000000E+00  1.10509007E+00 -2.58137537E+00  3.45422843E-01  1.51204373E+01  9.36396893E-01  1.41840405E+00
 -4.16148920E-01  1.00000000E+00  1.10033617E+00 -2.57484944E+00  3.44200363E-01  1.50546479E+01  9.36612498E-01  1.41180354E+00
 -4.03662954E-01  1.00000000E+00  1.09663276E+00 -2.56282686E+00  3.42137191E-01  1.49478381E+01  9.36480551E-01  1.40113576E+00
 -3.91176988E-01  1.00000000E+00  1.09292935E+00 -2.55087157E+00  3.40461969E-01  1.48417929E+01  9.36355687E-01  1.39054372E+00
 -3.79440270E-01  1.00000000E+00  1.08976811E+00 -2.54236209E+00  3.38885906E-01  1.47529499E+01  9.36674817E-01  1.38162751E+00
 -3.67703552E-01  1.00000000E+00  1.08660686E+00 -2.53388789E+00  3.37412942E-01  1.46646485E+01  9.36996670E-01  1.37276518E+00
 -3.56671122E-01  1.00000000E+00  1.08377001E+00 -2.52786498E+00  3.36189933E-01  1.45778549E+01  9.38229836E-01  1.36396251E+00
 -3.45638692E-01  1.00000000E+00  1.08093316E+00 -2.52186011E+00  3.34745249E-01  1.44915947E+01  9.39464657E-01  1.35521300E+00
 -3.35268287E-01  1.00000000E+00  1.08012386E+00 -2.50905066E+00  3.31787679E-01  1.43651720E+01  9.40011594E-01  1.34251604E+00
 -3.24897882E-01  1.00000000E+00  1.07931457E+00 -2.49632349E+00  3.29539301E-01  1.42398693E+01  9.40567068E-01  1.32993022E+00
 -3.15149775E-01  1.00000000E+00  1.07815324E+00 -2.48872166E+00  3.27308411E-01  1.41327110E+01  9.42374419E-01  1.31903366E+00
 -3.05401669E-01  1.00000000E+00  1.07699191E+00 -2.48115178E+00  3.25092099E-01  1.40263893E+01  9.44186499E-01  1.30822028E+00
 -2.96238520E-01  1.00000000E+00  1.07584779E+00 -2.46194358E+00  3.21626037E-01  1.38768739E+01  9.43412999E-01  1.29334609E+00
 -2.87075371E-01  1.00000000E+00  1.07470366E+00 -2.44290702E+00  3.18836822E-01  1.37289592E+01  9.42660915E-01  1.27862983E+00
 -2.78462077E-01  1.00000000E+00  1.07321065E+00 -2.43320129E+00  3.17302559E-01  1.36210812E+01  9.43587178E-01  1.26774940E+00
 -2.69848783E-01  1.00000000E+00  1.07171765E+00 -2.42354566E+00  3.15829302E-01  1.35140715E+01  9.44517943E-01  1.25695536E+00
 -2.61752348E-01  1.00000000E+00  1.07247043E+00 -2.40262473E+00  3.12030139E-01  1.33272918E+01  9.44837951E-01  1.23824538E+00
 -2.53655913E-01  1.00000000E+00  1.07322321E+00 -2.38192686E+00  3.08837137E-01  1.31431236E+01  9.45182645E-01  1.21979409E+00
 -2.46045323E-01  1.00000000E+00  1.07284494E+00 -2.36573793E+00  3.05732589E-01  1.29608985E+01  9.47279793E-01  1.20136187E+00
 -2.38434732E-01  1.00000000E+00  1.07246666E+00 -2.34969704E+00  3.02070772E-01  1.27812661E+01  9.49393504E-01  1.18318726E+00
 -2.31280830E-01  1.00000000E+00  1.07518259E+00 -2.32376243E+00  2.96972066E-01  1.25448075E+01  9.50548336E-01  1.15942592E+00
 -2.24126928E-01  1.00000000E+00  1.07789852E+00 -2.29819201E+00  2.92234254E-01  1.23127856E+01  9.51746637E-01  1.13610389E+00
 -2.17402314E-01  1.00000000E+00  1.07782461E+00 -2.25945196E+00  2.86920913E-01  1.20023479E+01  9.51294971E-01  1.10510530E+00
 -2.10677699E-01  1.00000000E+00  1.07775070E+00 -2.22149629E+00  2.81520436E-01  1.16998013E+01  9.50937611E-01  1.07488636E+00
 -2.04351753E-01  1.00000000E+00  1.07947399E+00 -2.19247908E+00  2.75810188E-01  1.13893289E+01  9.55243745E-01  1.04340852E+00
 -1.98025807E-01  1.00000000E+00  1.08119728E+00 -2.16398583E+00  2.69226450E-01  1.10873117E+01  9.59618944E-01  1.01276928E+00
 -1.91837501E-01  1.00000000E+00  1.08418772E+00 -2.12136147E+00  2.60708924E-01  1.06762023E+01  9.64700927E-01  9.71150133E-01
 -1.85649194E-01  1.00000000E+00  1.08717815E+00 -2.07988109E+00  2.51825850E-01  1.02806646E+01  9.69942187E-01  9.31072243E-01
 -1.79460888E-01  1.00000000E+00  1.09204150E+00 -2.03277665E+00  2.40888454E-01  9.84463568E+00  9.76660896E-01  8.86797479E-01
 -1.73272582E-01  1.00000000E+00  1.09690485E+00 -1.98716104E+00  2.29051333E-01  9.42748905E+00  9.83629133E-01  8.44385992E-01
 -1.67084275E-01  1.00000000E+00  1.09852641E+00 -1.87135058E+00  2.14445065E-01  8.72174907E+00  9.77890125E-01  7.74385894E-01
 -1.60895969E-01  1.00000000E+00  1.10014798E+00 -1.76308812E+00  2.01458839E-01  8.06889255E+00  9.73450129E-01  7.09544243E-01
 -1.54707662E-01  1.00000000E+00  1.11150699E+00 -1.67968958E+00  1.85811056E-01  7.37733357E+00  9.88358184E-01  6.38897538E-01
 -1.48519356E-01  1.00000000E+00  1.12286600E+00 -1.60185052E+00  1.66768398E-01  6.74610446E+00  1.00442901E+00  5.74167545E-01
 -1.42331049E-01  1.00000000E+00  1.14198236E+00 -1.47179029E+00  1.42906141E-01  5.87198811E+00  1.02769296E+00  4.84429515E-01
 -1.36142743E-01  1.00000000E+00  1.16109872E+00 -1.35575321E+00  1.17966116E-01  5.11212860E+00  1.05486356E+00  4.05726504E-01
 -1.29954436E-01  1.00000000E+00  1.19112149E+00 -1.09568565E+00  8.70815203E-02  4.19973192E+00  1.02839378E+00  3.17133813E-01
 -1.23766130E-01  1.00000000E+00  1.22114425E+00 -8.78599232E-01  6.03255823E-02  3.45124782E+00  1.01638806E+00  2.43485976E-01
 -1.17577823E-01  1.00000000E+00  1.27075047E+00 -6.15560709E-01  3.82827864E-02  2.70741416E+00  1.01055418E+00  1.69685998E-01
 -1.11389517E-01  1.00000000E+00  1.32035668E+00 -4.03344668E-01  1.20142253E-02  2.13087384E+00  1.02934786E+00  1.10152598E-01
 -1.05201210E-01  1.00000000E+00  1.40944333E+00 -1.07402678E-01  2.92485153E-02  1.48901191E+00  1.12192307E+00  3.67088841E-02
 -9.90129037E-02  1.00000000E+00  1.49852997E+00  1.25183927E-01  5.99793538E-02  1.07120858E+00  1.27988752E+00 -2.08678939E-02
 -9.28245972E-02  1.00000000E+00  1.66761344E+00  5.33831553E-01  9.89775747E-02  1.30497355E+00  1.24513805E+00  5.98354993E-03
 -8.66362908E-02  1.00000000E+00  1.83669691E+00  1.00254464E+00  1.43378695E-01  1.71459308E+00  1.35875318E+00  3.55839892E-02
 -8.04479843E-02  1.00000000E+00  2.00772396E+00  1.28271135E+00  1.60151965E-01  2.33569800E+00  1.34131828E+00  9.94379718E-02
 -7.42596778E-02  1.00000000E+00  2.17875101E+00  1.64087865E+00  1.73972961E-01  3.17578884E+00  1.37384705E+00  1.80194179E-01
 -6.80713713E-02  1.00000000E+00  2.35316026E+00  1.85424603E+00  1.95622357E-01  3.85128519E+00  1.37417621E+00  2.47710898E-01
 -6.18830648E-02  1.00000000E+00  2.52756950E+00  2.10576848E+00  2.15968856E-01  4.67263093E+00  1.38938753E+00  3.28324340E-01
 -5.56947583E-02  1.00000000E+00  2.68519271E+00  1.89281968E+00  2.05469250E-01  4.70105197E+00  1.21079500E+00  3.49025697E-01
 -4.95064519E-02  1.00000000E+00  2.84281592E+00  1.68906689E+00  2.04536845E-01  4.76356222E+00  1.05275938E+00  3.71080284E-01
 -4.33181454E-02  1.00000000E+00  3.09243948E+00  1.89388482E+00  2.00875464E-01  3.67004034E+00  1.48431673E+00  2.18572360E-01
 -3.71298389E-02  1.00000000E+00  3.34206305E+00  2.14675560E+00  1.88769227E-01  3.01313301E+00  2.06097762E+00  9.52155387E-02
 -3.09415324E-02  1.00000000E+00  3.26890221E+00  8.66136566E-01  2.62765987E-01  2.47165772E+00  1.03695607E+00  1.43470165E-01
 -2.47532259E-02  1.00000000E+00  3.19574138E+00 -1.82658355E-01  3.47287581E-01  2.85144829E+00  7.31360769E-01  2.12008752E-01
 -1.85649194E-02  1.00000000E+00  4.49540184E+00  1.90215699E+00  7.87658499E-01  5.89083106E+00  1.20304716E+00  4.68778389E-01
 -1.23766130E-02  1.00000000E+00  5.79506229E+00  8.03571268E+00  1.24705130E+00  1.63112082E+01  4.31826472E+00  1.19929435E+00
 -6.18830648E-03  1.00000000E+00  2.73714692E+00  8.27016242E+00  5.03999484E-01  5.09821310E+00  1.56019624E+01 -1.05037493E+00
  0.00000000E+00  1.00000000E+00 -3.20768447E-01  2.82030074E+01  6.91016825E-01  5.76776130E+00  1.41579973E+02 -1.35812211E+01
