# curve 5 (die wall), step =      800, time =   3.20000000E+02
# N1 = tau_xx - tau_yy = G ( c_xx - c_yy ),  G =  1.0000E-01  (polymer part only)
#              x               y        pressure            c_xy        gammadot            c_xx            c_yy              N1
 -3.00000000E+00  1.00000000E+00  2.77881825E+00 -2.96984194E+00  4.31233978E-01  2.02663781E+01  9.11550507E-01  1.93548276E+00
 -2.97524677E+00  1.00000000E+00  2.76239714E+00 -2.97136811E+00  4.31412256E-01  2.02762376E+01  9.11722456E-01  1.93645151E+00
 -2.95049355E+00  1.00000000E+00  2.74597603E+00 -2.97289502E+00  4.31521712E-01  2.02861019E+01  9.11894530E-01  1.93742074E+00
 -2.92574032E+00  1.00000000E+00  2.72876237E+00 -2.97093129E+00  4.31661840E-01  2.02873712E+01  9.11331744E-01  1.93760394E+00
 -2.90098710E+00  1.00000000E+00  2.71154871E+00 -2.96896748E+00  4.31839004E-01  2.02886418E+01  9.10769334E-01  1.93778725E+00
 -2.87623387E+00  1.00000000E+00  2.69554251E+00 -2.97269795E+00  4.31799932E-01  2.02945569E+01  9.11743099E-01  1.93828138E+00
 -2.85148064E+00  1.00000000E+00  2.67953631E+00 -2.97643033E+00  4.31637274E-01  2.03004761E+01  9.12718088E-01  1.93877580E+00
 -2.82672742E+00  1.00000000E+00  2.66251966E+00 -2.97367749E+00  4.31506339E-01  2.02964881E+01  9.12019429E-01  1.93844687E+00
 -2.80197419E+00  1.00000000E+00  2.64550301E+00 -2.97092557E+00  4.31587798E-01  2.02925022E+01  9.11321427E-01  1.93811808E+00
 -2.77722097E+00  1.00000000E+00  2.62851941E+00 -2.97151831E+00  4.31581421E-01  2.02912704E+01  9.11492357E-01  1.93797781E+00
 -2.75246774E+00  1.00000000E+00  2.61153582E+00 -2.97211100E+00  4.31595197E-01  2.02900389E+01  9.11663323E-01  1.93783756E+00
 -2.72771451E+00  1.00000000E+00  2.59485317E+00 -2.97209675E+00  4.31629395E-01  2.02913574E+01  9.11641513E-01  1.93797159E+00
 -2.70296129E+00  1.00000000E+00  2.57817052E+00 -2.97208249E+00  4.31640651E-01  2.02926761E+01  9.11619703E-01  1.93810564E+00
 -2.67820806E+00  1.00000000E+00  2.56119347E+00 -2.97171259E+00  4.31649024E-01  2.02935513E+01  9.11459490E-01  1.93820919E+00
 -2.65345484E+00  1.00000000E+00  2.54421642E+00 -2.97134269E+00  4.31716661E-01  2.02944267E+01  9.11299301E-01  1.93831274E+00
 -2.62870161E+00  1.00000000E+00  2.52741182E+00 -2.97188743E+00  4.31779645E-01  2.02957224E+01  9.11410690E-01  1.93843117E+00
 -2.60394839E+00  1.00000000E+00  2.51060721E+00 -2.97243222E+00  4.31812640E-01  2.02970182E+01  9.11522102E-01  1.93854961E+00
 -2.57919516E+00  1.00000000E+00  2.49371857E+00 -2.97332655E+00  4.31948218E-01  2.03010658E+01  9.11700698E-01  1.93893651E+00
 -2.55444193E+00  1.00000000E+00  2.47682993E+00 -2.97422109E+00  4.31979316E-01  2.03051143E+01  9.11879347E-01  1.93932350E+00
 -2.52968871E+00  1.00000000E+00  2.46021382E+00 -2.97442694E+00  4.31914392E-01  2.03099382E+01  9.11857215E-01  1.93980810E+00
 -2.50493548E+00  1.00000000E+00  2.44359770E+00 -2.97463278E+00  4.31861376E-01  2.03147632E+01  9.11835077E-01  1.94029281E+00
 -2.48018226E+00  1.00000000E+00  2.42633469E+00 -2.97311362E+00  4.31943373E-01  2.03131752E+01  9.11411046E-01  1.94017642E+00
 -2.45542903E+00  1.00000000E+00  2.40907167E+00 -2.97159473E+00  4.32085268E-01  2.03115879E+01  9.10987230E-01  1.94006006E+00
 -2.43067580E+00  1.00000000E+00  2.39222707E+00 -2.97296808E+00  4.32163384E-01  2.03151108E+01  9.11263390E-01  1.94038474E+00
 -2.40592258E+00  1.00000000E+00  2.37538247E+00 -2.97434174E+00  4.32215059E-01  2.03186345E+01  9.11539693E-01  1.94070948E+00
 -2.38116935E+00  1.00000000E+00  2.35875262E+00 -2.97515640E+00  4.32201917E-01  2.03225025E+01  9.11721547E-01  1.94107810E+00
 -2.35641613E+00  1.00000000E+00  2.34212278E+00 -2.97597124E+00  4.32183614E-01  2.03263713E+01  9.11903448E-01  1.94144679E+00
 -2.33166290E+00  1.00000000E+00  2.32497561E+00 -2.97443614E+00  4.32213764E-01  2.03289792E+01  9.11385966E-01  1.94175933E+00
 -2.30690967E+00  1.00000000E+00  2.30782845E+00 -2.97290088E+00  4.32310040E-01  2.03315885E+01  9.10868751E-01  1.94207197E+00
 -2.28215645E+00  1.00000000E+00  2.29086263E+00 -2.97427955E+00  4.32377087E-01  2.03331068E+01  9.11214843E-01  1.94218920E+00
 -2.25740322E+00  1.00000000E+00  2.27389681E+00 -2.97565841E+00  4.32369335E-01  2.03346256E+01  9.11561102E-01  1.94230645E+00
 -2.23265000E+00  1.00000000E+00  2.25733034E+00 -2.97678431E+00  4.32315130E-01  2.03388081E+01  9.11831104E-01  1.94269770E+00
 -2.20789677E+00  1.00000000E+00  2.24076386E+00 -2.97791052E+00  4.32231263E-01  2.03429914E+01  9.12101204E-01  1.94308902E+00
 -2.18314354E+00  1.00000000E+00  2.22364683E+00 -2.97582428E+00  4.32206835E-01  2.03393859E+01  9.11573079E-01  1.94278128E+00
 -2.15839032E+00  1.00000000E+00  2.20652980E+00 -2.97373864E+00  4.32290301E-01  2.03357816E+01  9.11045327E-01  1.94247363E+00
 -2.13363709E+00  1.00000000E+00  2.18944831E+00 -2.97379261E+00  4.32359162E-01  2.03358516E+01  9.11030957E-01  1.94248207E+00
 -2.10888387E+00  1.00000000E+00  2.17236682E+00 -2.97384657E+00  4.32441659E-01  2.03359216E+01  9.11016588E-01  1.94249050E+00
 -2.08413064E+00  1.00000000E+00  2.15547842E+00 -2.97495959E+00  4.32480288E-01  2.03365389E+01  9.11312742E-01  1.94252261E+00
 -2.05937741E+00  1.00000000E+00  2.13859002E+00 -2.97607269E+00  4.32429126E-01  2.03371564E+01  9.11609010E-01  1.94255474E+00
 -2.03462419E+00  1.00000000E+00  2.12170481E+00 -2.97568355E+00  4.32320879E-01  2.03334440E+01  9.11632459E-01  1.94218116E+00
 -2.00987096E+00  1.00000000E+00  2.10481959E+00 -2.97529447E+00  4.32241970E-01  2.03297323E+01  9.11655922E-01  1.94180764E+00
 -1.98511774E+00  1.00000000E+00  2.08775081E+00 -2.97556780E+00  4.32107443E-01  2.03244329E+01  9.11873174E-01  1.94125598E+00
 -1.96036451E+00  1.00000000E+00  2.07068204E+00 -2.97584099E+00  4.31929907E-01  2.03191352E+01  9.12090451E-01  1.94070447E+00
 -1.93561128E+00  1.00000000E+00  2.05402531E+00 -2.97633530E+00  4.31721276E-01  2.03148951E+01  9.12412025E-01  1.94024831E+00
 -1.91085806E+00  1.00000000E+00  2.03736858E+00 -2.97682954E+00  4.31519220E-01  2.03106562E+01  9.12733679E-01  1.93979225E+00
 -1.88610483E+00  1.00000000E+00  2.02009248E+00 -2.97384335E+00  4.31336642E-01  2.03022721E+01  9.12030567E-01  1.93902415E+00
 -1.86135161E+00  1.00000000E+00  2.00281638E+00 -2.97085892E+00  4.31288220E-01  2.02938924E+01  9.11328159E-01  1.93825642E+00
 -1.83659838E+00  1.00000000E+00  1.98559666E+00 -2.97163399E+00  4.31129140E-01  2.02788696E+01  9.11942603E-01  1.93669270E+00
 -1.81184516E+00  1.00000000E+00  1.96837695E+00 -2.97240786E+00  4.30953773E-01  2.02638602E+01  9.12557239E-01  1.93513030E+00
 -1.78709193E+00  1.00000000E+00  1.95194717E+00 -2.97287987E+00  4.30682664E-01  2.02622491E+01  9.12808022E-01  1.93494411E+00
 -1.76233870E+00  1.00000000E+00  1.93551739E+00 -2.97335188E+00  4.30377712E-01  2.02606382E+01  9.13058860E-01  1.93475793E+00
 -1.73758548E+00  1.00000000E+00  1.91792789E+00 -2.96891941E+00  4.30101699E-01  2.02407815E+01  9.12226711E-01  1.93285547E+00
 -1.71283225E+00  1.00000000E+00  1.90033840E+00 -2.96449208E+00  4.29966229E-01  2.02209450E+01  9.11395844E-01  1.93095492E+00
 -1.68807903E+00  1.00000000E+00  1.88299776E+00 -2.96436487E+00  4.29725235E-01  2.02001734E+01  9.11878218E-01  1.92882952E+00
 -1.66332580E+00  1.00000000E+00  1.86565711E+00 -2.96423672E+00  4.29439599E-01  2.01794252E+01  9.12360621E-01  1.92670645E+00
 -1.63857257E+00  1.00000000E+00  1.84884240E+00 -2.96236674E+00  4.29110080E-01  2.01559630E+01  9.12402964E-01  1.92435600E+00
 -1.61381935E+00  1.00000000E+00  1.83202769E+00 -2.96049812E+00  4.28719855E-01  2.01325286E+01  9.12445362E-01  1.92200832E+00
 -1.58906612E+00  1.00000000E+00  1.81440043E+00 -2.95855518E+00  4.28254854E-01  2.01005940E+01  9.12648808E-01  1.91879452E+00
 -1.56431290E+00  1.00000000E+00  1.79677316E+00 -2.95661345E+00  4.27769601E-01  2.00687117E+01  9.12852205E-01  1.91558595E+00
 -1.53955967E+00  1.00000000E+00  1.78040298E+00 -2.95639167E+00  4.27043338E-01  2.00322443E+01  9.13728435E-01  1.91185159E+00
 -1.51480644E+00  1.00000000E+00  1.76403281E+00 -2.95616707E+00  4.26276053E-01  1.99958495E+01  9.14604795E-01  1.90812447E+00
 -1.49005322E+00  1.00000000E+00  1.74716771E+00 -2.95346987E+00  4.25330147E-01  1.99509944E+01  9.15048344E-01  1.90359461E+00
 -1.46529999E+00  1.00000000E+00  1.73030261E+00 -2.95077544E+00  4.24429587E-01  1.99062431E+01  9.15492050E-01  1.89907511E+00
 -1.44054677E+00  1.00000000E+00  1.71322191E+00 -2.94931483E+00  4.23606390E-01  1.98756808E+01  9.16022166E-01  1.89596586E+00
 -1.41579354E+00  1.00000000E+00  1.69614122E+00 -2.94785509E+00  4.22709970E-01  1.98451673E+01  9.16552539E-01  1.89286148E+00
 -1.39104031E+00  1.00000000E+00  1.67889620E+00 -2.93870323E+00  4.21491109E-01  1.97677838E+01  9.15737768E-01  1.88520461E+00
 -1.36628709E+00  1.00000000E+00  1.66165118E+00 -2.92958223E+00  4.20708679E-01  1.96907027E+01  9.14926113E-01  1.87757766E+00
 -1.34153386E+00  1.00000000E+00  1.64414419E+00 -2.92512778E+00  4.19960431E-01  1.96245125E+01  9.15206323E-01  1.87093062E+00
 -1.31678064E+00  1.00000000E+00  1.62663720E+00 -2.92068024E+00  4.19136174E-01  1.95585510E+01  9.15486367E-01  1.86430647E+00
 -1.29202741E+00  1.00000000E+00  1.61026548E+00 -2.91762472E+00  4.17942345E-01  1.95021633E+01  9.16113144E-01  1.85860502E+00
 -1.26727418E+00  1.00000000E+00  1.59389376E+00 -2.91457215E+00  4.16721389E-01  1.94459445E+01  9.16739990E-01  1.85292045E+00
 -1.24252096E+00  1.00000000E+00  1.57685489E+00 -2.91169166E+00  4.15772488E-01  1.93869463E+01  9.17476551E-01  1.84694697E+00
 -1.21776773E+00  1.00000000E+00  1.55981602E+00 -2.90881307E+00  4.14682873E-01  1.93281350E+01  9.18213097E-01  1.84099219E+00
 -1.19301451E+00  1.00000000E+00  1.54310821E+00 -2.89830241E+00  4.12698873E-01  1.92200013E+01  9.17816074E-01  1.83021853E+00
 -1.16826128E+00  1.00000000E+00  1.52640040E+00 -2.88783535E+00  4.11439039E-01  1.91124785E+01  9.17421841E-01  1.81950566E+00
 -1.14350806E+00  1.00000000E+00  1.50956024E+00 -2.87835540E+00  4.10322607E-01  1.90308197E+01  9.16658667E-01  1.81141610E+00
 -1.11875483E+00  1.00000000E+00  1.49272009E+00 -2.86890970E+00  4.09120741E-01  1.89495107E+01  9.15898804E-01  1.80336119E+00
 -1.09400160E+00  1.00000000E+00  1.47540578E+00 -2.86407563E+00  4.08053159E-01  1.88552486E+01  9.16843656E-01  1.79384049E+00
 -1.06924838E+00  1.00000000E+00  1.45809147E+00 -2.85924617E+00  4.06859804E-01  1.87614759E+01  9.17787682E-01  1.78436882E+00
 -1.04449515E+00  1.00000000E+00  1.44266528E+00 -2.85557741E+00  4.05094488E-01  1.86517058E+01  9.19572607E-01  1.77321332E+00
 -1.01974193E+00  1.00000000E+00  1.42723910E+00 -2.85190082E+00  4.03209222E-01  1.85426189E+01  9.21356646E-01  1.76212623E+00
 -9.94988700E-01  1.00000000E+00  1.41137184E+00 -2.84020600E+00  4.01055892E-01  1.84221663E+01  9.21234056E-01  1.75009323E+00
 -9.70235474E-01  1.00000000E+00  1.39550459E+00 -2.82856797E+00  3.98982893E-01  1.83025044E+01  9.21115857E-01  1.73813885E+00
 -9.45482248E-01  1.00000000E+00  1.37898114E+00 -2.81907052E+00  3.97128643E-01  1.81798541E+01  9.21508111E-01  1.72583460E+00
 -9.20729022E-01  1.00000000E+00  1.36245770E+00 -2.80960938E+00  3.95228149E-01  1.80580449E+01  9.21901086E-01  1.71361438E+00
 -8.95975796E-01  1.00000000E+00  1.34759414E+00 -2.80232115E+00  3.92895109E-01  1.79057309E+01  9.23828903E-01  1.69819020E+00
 -8.71222570E-01  1.00000000E+00  1.33273059E+00 -2.79503996E+00  3.90626078E-01  1.77547659E+01  9.25754841E-01  1.68290110E+00
 -8.46469344E-01  1.00000000E+00  1.31786606E+00 -2.77849030E+00  3.87900713E-01  1.76236784E+01  9.24551373E-01  1.66991271E+00
 -8.21716118E-01  1.00000000E+00  1.30300153E+00 -2.76204791E+00  3.85293975E-01  1.74935601E+01  9.23360689E-01  1.65701994E+00
 -7.97201467E-01  1.00000000E+00  1.28677330E+00 -2.75052200E+00  3.83778231E-01  1.73500246E+01  9.23661319E-01  1.64263633E+00
 -7.72686817E-01  1.00000000E+00  1.27054506E+00 -2.73905031E+00  3.82151776E-01  1.72076941E+01  9.23962703E-01  1.62837314E+00
 -7.49503432E-01  1.00000000E+00  1.25826465E+00 -2.73526225E+00  3.79909243E-01  1.70761644E+01  9.26563268E-01  1.61496011E+00
 -7.26320047E-01  1.00000000E+00  1.24598424E+00 -2.73145545E+00  3.77589488E-01  1.69457149E+01  9.29162966E-01  1.60165519E+00
 -7.04527831E-01  1.00000000E+00  1.23471620E+00 -2.71757484E+00  3.75012781E-01  1.68123017E+01  9.28954416E-01  1.58833473E+00
 -6.82735615E-01  1.00000000E+00  1.22344816E+00 -2.70377798E+00  3.72577150E-01  1.66799491E+01  9.28753176E-01  1.57511959E+00
 -6.62251087E-01  1.00000000E+00  1.21093917E+00 -2.69216156E+00  3.71053052E-01  1.65537758E+01  9.28578718E-01  1.56251971E+00
 -6.41766559E-01  1.00000000E+00  1.19843017E+00 -2.68060252E+00  3.69490786E-01  1.64285736E+01  9.28406361E-01  1.55001672E+00
 -6.22511254E-01  1.00000000E+00  1.18950625E+00 -2.67240559E+00  3.67387427E-01  1.63001853E+01  9.29665826E-01  1.53705195E+00
 -6.03255949E-01  1.00000000E+00  1.18058233E+00 -2.66423368E+00  3.65293138E-01  1.61728395E+01  9.30924841E-01  1.52419147E+00
 -5.85156097E-01  1.00000000E+00  1.17169398E+00 -2.65018248E+00  3.63303530E-01  1.60415972E+01  9.30313088E-01  1.51112841E+00
 -5.67056245E-01  1.00000000E+00  1.16280563E+00 -2.63621711E+00  3.61447736E-01  1.59114307E+01  9.29707589E-01  1.49817231E+00
 -5.50042515E-01  1.00000000E+00  1.15458658E+00 -2.62977170E+00  3.59913146E-01  1.58020739E+01  9.30962550E-01  1.48711114E+00
 -5.33028786E-01  1.00000000E+00  1.14636754E+00 -2.62333936E+00  3.58164076E-01  1.56935028E+01  9.32216632E-01  1.47612862E+00
 -5.17036006E-01  1.00000000E+00  1.14127685E+00 -2.62205002E+00  3.56017589E-01  1.56013918E+01  9.35103988E-01  1.46662878E+00
 -5.01043227E-01  1.00000000E+00  1.13618615E+00 -2.62074559E+00  3.53681752E-01  1.55098746E+01  9.37994490E-01  1.45718802E+00
 -4.86010125E-01  1.00000000E+00  1.12870088E+00 -2.60161566E+00  3.51660602E-01  1.53926332E+01  9.35221870E-01  1.44574113E+00
 -4.70977023E-01  1.00000000E+00  1.12121561E+00 -2.58262519E+00  3.50731307E-01  1.52762776E+01  9.32471397E-01  1.43438062E+00
 -4.56846016E-01  1.00000000E+00  1.11683061E+00 -2.57957839E+00  3.49130504E-01  1.51801360E+01  9.34537079E-01  1.42455989E+00
 -4.42715008E-01  1.00000000E+00  1.11244560E+00 -2.57652139E+00  3.47602636E-01  1.50846468E+01  9.36602185E-01  1.41480446E+00
 -4.29431964E-01  1.00000000E+00  1.10778026E+00 -2.56913789E+00  3.46406526E-01  1.50266072E+01  9.36152581E-01  1.40904546E+00
 -4.16148920E-01  1.00000000E+00  1.10311492E+00 -2.56177832E+00  3.45300078E-01  1.49687918E+01  9.35705727E-01  1.40330860E+00
 -4.03662954E-01  1.00000000E+00  1.09926112E+00 -2.55086329E+00  3.43537282E-01  1.48589803E+01  9.35714904E-01  1.39232654E+00
 -3.91176988E-01  1.00000000E+00  1.09540732E+00 -2.54000406E+00  3.42071968E-01  1.47499877E+01  9.35727603E-01  1.38142601E+00
 -3.79440270E-01  1.00000000E+00  1.09241406E+00 -2.53361439E+00  3.40704136E-01  1.46669291E+01  9.36227990E-01  1.37307011E+00
 -3.67703552E-01  1.00000000E+00  1.08942080E+00 -2.52724238E+00  3.39375871E-01  1.45843538E+01  9.36728196E-01  1.36476256E+00
 -3.56671122E-01  1.00000000E+00  1.08635333E+00 -2.52209326E+00  3.38314914E-01  1.45020598E+01  9.37813913E-01  1.35642458E+00
 -3.45638692E-01  1.00000000E+00  1.08328585E+00 -2.51695435E+00  3.37092608E-01  1.44202516E+01  9.38899537E-01  1.34813520E+00
 -3.35268287E-01  1.00000000E+00  1.08238919E+00 -2.50938771E+00  3.34449038E-01  1.43043822E+01  9.40474613E-01  1.33639076E+00
 -3.24897882E-01  1.00000000E+00  1.08149253E+00 -2.50184572E+00  3.32323176E-01  1.41894849E+01  9.42050395E-01  1.32474345E+00
 -3.15149775E-01  1.00000000E+00  1.08077619E+00 -2.49608486E+00  3.30272024E-01  1.41004050E+01  9.43617312E-01  1.31567877E+00
 -3.05401669E-01  1.00000000E+00  1.08005986E+00 -2.49034074E+00  3.28326296E-01  1.40119093E+01  9.45186394E-01  1.30667229E+00
 -2.96238520E-01  1.00000000E+00  1.07860676E+00 -2.47039488E+00  3.25404856E-01  1.38605426E+01  9.43661949E-01  1.29168807E+00
 -2.87075371E-01  1.00000000E+00  1.07715365E+00 -2.45062893E+00  3.23151412E-01  1.37108178E+01  9.42157470E-01  1.27686603E+00
 -2.78462077E-01  1.00000000E+00  1.07481084E+00 -2.44116117E+00  3.22184323E-01  1.36237902E+01  9.41746706E-01  1.26820435E+00
 -2.69848783E-01  1.00000000E+00  1.07246802E+00 -2.43173596E+00  3.21469359E-01  1.35373232E+01  9.41338417E-01  1.25959847E+00
 -2.61752348E-01  1.00000000E+00  1.07256292E+00 -2.41847856E+00  3.18718092E-01  1.33766564E+01  9.42625734E-01  1.24340306E+00
 -2.53655913E-01  1.00000000E+00  1.07265783E+00 -2.40530832E+00  3.16183630E-01  1.32179577E+01  9.43915958E-01  1.22740418E+00
 -2.46045323E-01  1.00000000E+00  1.07151981E+00 -2.39582722E+00  3.13714001E-01  1.30616135E+01  9.46579892E-01  1.21150337E+00
 -2.38434732E-01  1.00000000E+00  1.07038179E+00 -2.38638157E+00  3.10736412E-01  1.29072171E+01  9.49244539E-01  1.19579726E+00
 -2.31280830E-01  1.00000000E+00  1.07218463E+00 -2.36824069E+00  3.06478042E-01  1.26988710E+01  9.51161883E-01  1.17477091E+00
 -2.24126928E-01  1.00000000E+00  1.07398747E+00 -2.35027430E+00  3.02420648E-01  1.24939922E+01  9.53089754E-01  1.15409024E+00
 -2.17402314E-01  1.00000000E+00  1.07289405E+00 -2.31485469E+00  2.97704145E-01  1.22041820E+01  9.51605244E-01  1.12525768E+00
 -2.10677699E-01  1.00000000E+00  1.07180064E+00 -2.28006551E+00  2.93345765E-01  1.19211678E+01  9.50177485E-01  1.09709903E+00
 -2.04351753E-01  1.00000000E+00  1.07074444E+00 -2.25585316E+00  2.89101524E-01  1.16298558E+01  9.53504269E-01  1.06763515E+00
 -1.98025807E-01  1.00000000E+00  1.06968824E+00 -2.23195918E+00  2.84164224E-01  1.13459310E+01  9.56844154E-01  1.03890868E+00
 -1.91837501E-01  1.00000000E+00  1.07049167E+00 -2.20606118E+00  2.77268720E-01  1.09894821E+01  9.63758847E-01  1.00257232E+00
 -1.85649194E-01  1.00000000E+00  1.07129511E+00 -2.18054488E+00  2.69708103E-01  1.06447877E+01  9.70707621E-01  9.67408009E-01
 -1.79460888E-01  1.00000000E+00  1.07144368E+00 -2.14013986E+00  2.60748445E-01  1.02179609E+01  9.76963108E-01  9.24099783E-01
 -1.73272582E-01  1.00000000E+00  1.07159225E+00 -2.10076081E+00  2.50601546E-01  9.80884243E+00  9.83325222E-01  8.82551721E-01
 -1.67084275E-01  1.00000000E+00  1.06523225E+00 -1.99210631E+00  2.36474114E-01  9.03321808E+00  9.78798465E-01  8.05441961E-01
 -1.60895969E-01  1.00000000E+00  1.05887225E+00 -1.89017322E+00  2.24516697E-01  8.31962029E+00  9.75009522E-01  7.34461077E-01
 -1.54707662E-01  1.00000000E+00  1.05968035E+00 -1.80788766E+00  2.10317078E-01  7.47960175E+00  9.94237987E-01  6.48536376E-01
 -1.48519356E-01  1.00000000E+00  1.06048846E+00 -1.73083339E+00  1.91362950E-01  6.72799831E+00  1.01415486E+00  5.71384345E-01
 -1.42331049E-01  1.00000000E+00  1.06350602E+00 -1.62108279E+00  1.62852305E-01  5.53934298E+00  1.07962440E+00  4.45971858E-01
 -1.36142743E-01  1.00000000E+00  1.06652358E+00 -1.52541834E+00  1.34108035E-01  4.57332025E+00  1.15089036E+00  3.42242989E-01
 -1.29954436E-01  1.00000000E+00  1.10956782E+00 -1.01213818E+00  8.16711413E-02  2.82703226E+00  1.08764719E+00  1.73938507E-01
 -1.23766130E-01  1.00000000E+00  1.15261206E+00 -6.71687308E-01  4.84693379E-02  1.74535802E+00  1.07876963E+00  6.66588387E-02
 -1.17577823E-01  1.00000000E+00  1.22075647E+00 -2.68323082E-01  3.21972857E-02  1.07393022E+00  1.06552583E+00  8.40438587E-04
 -1.11389517E-01  1.00000000E+00  1.28890089E+00  1.56789187E-02  1.03806153E-02  6.94646648E-01  1.15653703E+00 -4.61890379E-02
 -1.05201210E-01  1.00000000E+00  1.42781939E+00  4.60581397E-01  4.33218720E-02  9.31940164E-01  1.22691815E+00 -2.94977984E-02
 -9.90129037E-02  1.00000000E+00  1.56673789E+00  1.06880050E+00  8.23584853E-02  1.44491976E+00  1.53793914E+00 -9.30193766E-03
 -9.28245972E-02  1.00000000E+00  1.79170212E+00  1.67362903E+00  1.13253081E-01  2.91002006E+00  1.57115118E+00  1.33886888E-01
 -8.66362908E-02  1.00000000E+00  2.01666634E+00  2.75014094E+00  1.55869388E-01  5.87369183E+00  1.78216838E+00  4.09152345E-01
 -8.04479843E-02  1.00000000E+00  2.20491965E+00  2.44858055E+00  1.71646388E-01  6.32894754E+00  1.45283974E+00  4.87610781E-01
 -7.42596778E-02  1.00000000E+00  2.39317297E+00  2.15095785E+00  1.75338678E-01  6.95461410E+00  1.17198451E+00  5.78262959E-01
 -6.80713713E-02  1.00000000E+00  2.55328264E+00  2.32111184E+00  1.90579934E-01  7.85590674E+00  1.18110421E+00  6.67480254E-01
 -6.18830648E-02  1.00000000E+00  2.71339231E+00  2.50854885E+00  2.04381218E-01  8.87682914E+00  1.19289512E+00  7.68393402E-01
 -5.56947583E-02  1.00000000E+00  2.86874932E+00  2.46827992E+00  1.91813329E-01  8.91242751E+00  1.17128134E+00  7.74114616E-01
 -4.95064519E-02  1.00000000E+00  3.02410633E+00  2.42788749E+00  2.06113801E-01  8.94936003E+00  1.15002917E+00  7.79933086E-01
 -4.33181454E-02  1.00000000E+00  3.26343205E+00  2.65576123E+00  2.19760984E-01  6.43485566E+00  1.60282245E+00  4.83203321E-01
 -3.71298389E-02  1.00000000E+00  3.50275778E+00  2.87750454E+00  2.20338224E-01  4.95059155E+00  2.16097639E+00  2.78961517E-01
 -3.09415324E-02  1.00000000E+00  3.43648388E+00  8.59599399E-01  2.86381294E-01  3.09624803E+00  1.00301481E+00  2.09323321E-01
 -2.47532259E-02  1.00000000E+00  3.37020997E+00 -5.12896732E-01  3.16874857E-01  2.83205077E+00  9.10795795E-01  1.92125497E-01
 -1.85649194E-02  1.00000000E+00  4.61946087E+00  1.43774050E+00  7.37974756E-01  5.85747998E+00  9.45516993E-01  4.91196299E-01
 -1.23766130E-02  1.00000000E+00  5.86871176E+00  6.89009620E+00  1.22408502E+00  1.66370340E+01  3.16615177E+00  1.34708822E+00
 -6.18830648E-03  1.00000000E+00  2.76871837E+00  6.70701879E+00  4.84793226E-01  4.46404387E+00  1.22753527E+01 -7.81130884E-01
  0.00000000E+00  1.00000000E+00 -3.31275030E-01  2.46811917E+01  7.02198426E-01  5.02244362E+00  1.24973998E+02 -1.19951554E+01
