# model=oldroyd  theta_MLE: lambda=7.28407, beta=0.134152, eta_0=0.845725
# delta(x) = y_clean(x) - y_model(x; theta_MLE)   (x from curve4_x.txt)
# columns: x  delta
5.000000000000000000e+00 -1.618695575363870987e-03
4.950333040000000295e+00 -1.617938594348888870e-03
4.900666089999999642e+00 -1.616281810522535167e-03
4.850999129999999937e+00 -1.614310475618774277e-03
4.801332180000000172e+00 -1.612180421133313502e-03
4.751665219999999579e+00 -1.609954924368883766e-03
4.701998269999999813e+00 -1.607671979786839955e-03
4.652331310000000109e+00 -1.605288755769818110e-03
4.602664360000000343e+00 -1.602802650788381911e-03
4.552997399999999750e+00 -1.600173159472806361e-03
4.503330449999999985e+00 -1.597325636882862554e-03
4.453663490000000280e+00 -1.594233396806865599e-03
4.403996539999999627e+00 -1.590795444377901546e-03
4.354329579999999922e+00 -1.586999689419110737e-03
4.304662630000000156e+00 -1.582680523342760992e-03
4.254995669999999564e+00 -1.577851198164115232e-03
4.205328709999999859e+00 -1.572388274557301457e-03
4.155661760000000093e+00 -1.566187711650401937e-03
4.105994800000000389e+00 -1.559225469333735958e-03
4.056327849999999735e+00 -1.551337033705690871e-03
4.006660890000000030e+00 -1.542453914126440395e-03
3.956993939999999821e+00 -1.532483482352242632e-03
3.907326980000000116e+00 -1.521281301536392405e-03
3.857660029999999907e+00 -1.508766843844711047e-03
3.807993070000000202e+00 -1.494833969486242253e-03
3.758326119999999992e+00 -1.479293302872441984e-03
3.708659159999999844e+00 -1.462079302327223829e-03
3.658992210000000078e+00 -1.443089405396724700e-03
3.609325249999999929e+00 -1.422091531876334969e-03
3.559658300000000164e+00 -1.399027517176021362e-03
3.509991340000000015e+00 -1.373603149987800975e-03
3.460324389999999806e+00 -1.345809019685617614e-03
3.410657430000000101e+00 -1.315330712290174731e-03
3.360990469999999952e+00 -1.282013130296855152e-03
3.311323520000000187e+00 -1.245834651512067737e-03
3.261656560000000038e+00 -1.206466556196827966e-03
3.211989609999999828e+00 -1.163741279726515643e-03
3.162322650000000124e+00 -1.117526706240434820e-03
3.112655699999999914e+00 -1.067692121007990380e-03
3.062988740000000210e+00 -1.013823900139598777e-03
3.013321790000000000e+00 -9.558475291411294705e-04
2.963654829999999851e+00 -8.935332230524117847e-04
2.913987880000000086e+00 -8.268283906178730547e-04
2.864320919999999937e+00 -7.553066837526767330e-04
2.814653970000000172e+00 -6.788424455317354500e-04
2.764987010000000023e+00 -5.976100242193194134e-04
2.715320059999999813e+00 -5.111357302676200476e-04
2.665653100000000109e+00 -4.194863943842719323e-04
2.615986139999999960e+00 -3.223962803082791595e-04
2.566319190000000194e+00 -2.198542557885208026e-04
2.516652230000000046e+00 -1.117037031250767143e-04
2.466985279999999836e+00 2.065380863891519425e-06
2.417318320000000131e+00 1.210535996767347910e-04
2.367651369999999922e+00 2.457093841243818133e-04
2.317984410000000217e+00 3.758588870397261417e-04
2.268317460000000008e+00 5.115199664380565281e-04
2.218650499999999859e+00 6.520980927922082060e-04
2.168983550000000093e+00 7.970432181465536559e-04
2.119316589999999945e+00 9.470218595615254031e-04
2.069649640000000179e+00 1.100999819357850740e-03
2.019982680000000030e+00 1.258618832607583116e-03
1.970315730000000043e+00 1.419797870592764966e-03
1.920648769999999894e+00 1.582138344965455801e-03
1.870981809999999967e+00 1.747776994054595079e-03
1.821314859999999980e+00 1.915345529133860580e-03
1.771647900000000053e+00 2.081969783704229471e-03
1.721980950000000066e+00 2.248727270516948096e-03
1.672313989999999917e+00 2.413839376204984788e-03
1.622647039999999929e+00 2.577342969231510850e-03
1.572980080000000003e+00 2.738844353623814953e-03
1.523313130000000015e+00 2.895908743966835175e-03
1.473646170000000089e+00 3.043519012680073743e-03
1.423979220000000101e+00 3.188438185719011386e-03
1.374312259999999952e+00 3.315377703943855892e-03
1.324645309999999965e+00 3.439347319912355871e-03
1.274978350000000038e+00 3.551005060739909069e-03
1.225311400000000051e+00 3.638147700526506156e-03
1.175644439999999902e+00 3.716616550659690432e-03
1.125977479999999975e+00 3.778393677243974125e-03
1.076310529999999988e+00 3.837267589996029571e-03
1.026643570000000061e+00 3.839382243621347612e-03
9.769766189999999906e-01 3.829339082319416221e-03
9.273096640000000335e-01 3.770479690433647946e-03
8.776427079999999936e-01 3.681623680973578061e-03
8.279757530000000365e-01 3.595384288289649177e-03
7.786002389999999718e-01 3.422267631126851839e-03
7.317317880000000496e-01 3.283893221325939749e-03
6.876846269999999928e-01 3.040418752714435513e-03
6.462889219999999879e-01 2.818754115819999129e-03
6.073850619999999756e-01 2.599815169986197105e-03
5.708230460000000006e-01 2.316908933859718189e-03
5.364619149999999559e-01 2.020279653869971881e-03
5.041691750000000249e-01 1.701572415220287127e-03
4.738203240000000149e-01 1.410984795255476598e-03
4.452983460000000115e-01 1.088181213169781003e-03
4.184932690000000011e-01 8.325054950755195193e-04
3.933017460000000076e-01 5.504835041576505716e-04
3.696266380000000074e-01 2.543880109633356312e-04
3.473766770000000226e-01 -5.850664633744173670e-05
3.264660690000000254e-01 -2.935140514570555581e-04
3.068141939999999845e-01 -5.509647490176128315e-04
2.883452770000000109e-01 -8.249653689431646342e-04
2.709881089999999770e-01 -1.050635326796722779e-03
2.546757709999999952e-01 -1.253023351854620770e-03
2.393453670000000033e-01 -1.498654638507401771e-03
2.249377889999999991e-01 -1.696866944019603807e-03
2.113974849999999961e-01 -1.876128702319457275e-03
1.986678209999999944e-01 -2.055084030626597169e-03
1.862510820000000122e-01 -2.221454454799154377e-03
1.738343440000000018e-01 -2.377174128969761213e-03
1.614176049999999918e-01 -2.511353232434787586e-03
1.490008660000000096e-01 -2.657402916922180225e-03
1.365841269999999996e-01 -2.774809986304083154e-03
1.241673880000000035e-01 -2.882822368128312718e-03
1.117506489999999936e-01 -2.964644593379972548e-03
9.933391060000000550e-02 -3.041545328584804864e-03
8.691717179999999821e-02 -3.068744368366349562e-03
7.450043300000000479e-02 -3.076789649327338338e-03
6.208369419999999750e-02 -3.042994896738093757e-03
4.966695530000000275e-02 -3.006960904141209312e-03
3.725021650000000240e-02 -2.884897774609651577e-03
2.483347769999999857e-02 -2.671161542254107957e-03
1.241673880000000035e-02 -2.711189729145191407e-03
0.000000000000000000e+00 0.000000000000000000e+00
