# curve 5 (die wall), step =      100, time =   4.00000000E+01
# N1 = tau_xx - tau_yy = G ( c_xx - c_yy ),  G =  1.1111E-02  (polymer part only)
#              x               y        pressure            c_xy        gammadot            c_xx            c_yy              N1
 -3.00000000E+00  1.00000000E+00  2.63656486E+00 -2.85793157E+00  4.02219498E-01  1.84675146E+01  9.20281578E-01  1.94969256E-01
 -2.97524677E+00  1.00000000E+00  2.61706620E+00 -2.85785712E+00  4.02223116E-01  1.84666267E+01  9.20288209E-01  1.94959316E-01
 -2.95049355E+00  1.00000000E+00  2.59756753E+00 -2.85778268E+00  4.02225393E-01  1.84657387E+01  9.20294841E-01  1.94949377E-01
 -2.92574032E+00  1.00000000E+00  2.57807161E+00 -2.85796072E+00  4.02227827E-01  1.84677140E+01  9.20299001E-01  1.94971277E-01
 -2.90098710E+00  1.00000000E+00  2.55857568E+00 -2.85813877E+00  4.02227391E-01  1.84696894E+01  9.20303161E-01  1.94993180E-01
 -2.87623387E+00  1.00000000E+00  2.53909591E+00 -2.85860126E+00  4.02224487E-01  1.84753797E+01  9.20310809E-01  1.95056321E-01
 -2.85148064E+00  1.00000000E+00  2.51961614E+00 -2.85906383E+00  4.02218254E-01  1.84810717E+01  9.20318457E-01  1.95119481E-01
 -2.82672742E+00  1.00000000E+00  2.50011656E+00 -2.85847801E+00  4.02212293E-01  1.84764316E+01  9.20274385E-01  1.95068413E-01
 -2.80197419E+00  1.00000000E+00  2.48061699E+00 -2.85789231E+00  4.02212111E-01  1.84717926E+01  9.20230329E-01  1.95017358E-01
 -2.77722097E+00  1.00000000E+00  2.46110980E+00 -2.85779256E+00  4.02213899E-01  1.84692673E+01  9.20243643E-01  1.94989152E-01
 -2.75246774E+00  1.00000000E+00  2.44160261E+00 -2.85769279E+00  4.02218020E-01  1.84667424E+01  9.20256954E-01  1.94960949E-01
 -2.72771451E+00  1.00000000E+00  2.42212751E+00 -2.85796194E+00  4.02218033E-01  1.84681858E+01  9.20307127E-01  1.94976430E-01
 -2.70296129E+00  1.00000000E+00  2.40265240E+00 -2.85823111E+00  4.02210542E-01  1.84696294E+01  9.20357304E-01  1.94991912E-01
 -2.67820806E+00  1.00000000E+00  2.38314935E+00 -2.85796704E+00  4.02208376E-01  1.84682052E+01  9.20298741E-01  1.94976739E-01
 -2.65345484E+00  1.00000000E+00  2.36364631E+00 -2.85770299E+00  4.02213298E-01  1.84667811E+01  9.20240184E-01  1.94961566E-01
 -2.62870161E+00  1.00000000E+00  2.34415834E+00 -2.85774762E+00  4.02218452E-01  1.84658061E+01  9.20269945E-01  1.94950402E-01
 -2.60394839E+00  1.00000000E+00  2.32467038E+00 -2.85779225E+00  4.02221547E-01  1.84648311E+01  9.20299707E-01  1.94939238E-01
 -2.57919516E+00  1.00000000E+00  2.30517924E+00 -2.85788414E+00  4.02224278E-01  1.84664231E+01  9.20303535E-01  1.94956884E-01
 -2.55444193E+00  1.00000000E+00  2.28568810E+00 -2.85797603E+00  4.02220018E-01  1.84680153E+01  9.20307364E-01  1.94974532E-01
 -2.52968871E+00  1.00000000E+00  2.26619985E+00 -2.85841674E+00  4.02214303E-01  1.84724884E+01  9.20340855E-01  1.95023862E-01
 -2.50493548E+00  1.00000000E+00  2.24671160E+00 -2.85885753E+00  4.02204027E-01  1.84769627E+01  9.20374350E-01  1.95073204E-01
 -2.48018226E+00  1.00000000E+00  2.22720782E+00 -2.85825175E+00  4.02201925E-01  1.84721331E+01  9.20308901E-01  1.95020269E-01
 -2.45542903E+00  1.00000000E+00  2.20770404E+00 -2.85764611E+00  4.02207727E-01  1.84673048E+01  9.20243467E-01  1.94967348E-01
 -2.43067580E+00  1.00000000E+00  2.18820889E+00 -2.85761197E+00  4.02214923E-01  1.84657269E+01  9.20255969E-01  1.94949677E-01
 -2.40592258E+00  1.00000000E+00  2.16871375E+00 -2.85757783E+00  4.02222643E-01  1.84641492E+01  9.20268470E-01  1.94932008E-01
 -2.38116935E+00  1.00000000E+00  2.14923235E+00 -2.85781015E+00  4.02222523E-01  1.84656247E+01  9.20314252E-01  1.94947893E-01
 -2.35641613E+00  1.00000000E+00  2.12975094E+00 -2.85804249E+00  4.02214466E-01  1.84671002E+01  9.20360037E-01  1.94963780E-01
 -2.33166290E+00  1.00000000E+00  2.11025556E+00 -2.85799527E+00  4.02211498E-01  1.84677885E+01  9.20324759E-01  1.94971819E-01
 -2.30690967E+00  1.00000000E+00  2.09076019E+00 -2.85794805E+00  4.02212579E-01  1.84684767E+01  9.20289482E-01  1.94979858E-01
 -2.28215645E+00  1.00000000E+00  2.07126004E+00 -2.85779053E+00  4.02215209E-01  1.84672639E+01  9.20259985E-01  1.94966710E-01
 -2.25740322E+00  1.00000000E+00  2.05175988E+00 -2.85763302E+00  4.02220245E-01  1.84660512E+01  9.20230488E-01  1.94953563E-01
 -2.23265000E+00  1.00000000E+00  2.03227871E+00 -2.85821391E+00  4.02220115E-01  1.84704626E+01  9.20309915E-01  1.95001697E-01
 -2.20789677E+00  1.00000000E+00  2.01279754E+00 -2.85879493E+00  4.02209277E-01  1.84748752E+01  9.20389355E-01  1.95049842E-01
 -2.18314354E+00  1.00000000E+00  1.99329543E+00 -2.85830669E+00  4.02202848E-01  1.84705125E+01  9.20352113E-01  1.95001782E-01
 -2.15839032E+00  1.00000000E+00  1.97379333E+00 -2.85781854E+00  4.02202214E-01  1.84661509E+01  9.20314879E-01  1.94953733E-01
 -2.13363709E+00  1.00000000E+00  1.95430711E+00 -2.85771811E+00  4.02202990E-01  1.84650858E+01  9.20301400E-01  1.94942049E-01
 -2.10888387E+00  1.00000000E+00  1.93482088E+00 -2.85761769E+00  4.02206667E-01  1.84640208E+01  9.20287921E-01  1.94930365E-01
 -2.08413064E+00  1.00000000E+00  1.91531909E+00 -2.85760828E+00  4.02211289E-01  1.84631577E+01  9.20296935E-01  1.94920675E-01
 -2.05937741E+00  1.00000000E+00  1.89581729E+00 -2.85759886E+00  4.02212292E-01  1.84622946E+01  9.20305948E-01  1.94910985E-01
 -2.03462419E+00  1.00000000E+00  1.87633632E+00 -2.85768445E+00  4.02208743E-01  1.84640323E+01  9.20303905E-01  1.94930316E-01
 -2.00987096E+00  1.00000000E+00  1.85685535E+00 -2.85777004E+00  4.02203078E-01  1.84657702E+01  9.20301860E-01  1.94949648E-01
 -1.98511774E+00  1.00000000E+00  1.83735039E+00 -2.85769262E+00  4.02201189E-01  1.84650205E+01  9.20290685E-01  1.94941442E-01
 -1.96036451E+00  1.00000000E+00  1.81784543E+00 -2.85761520E+00  4.02200877E-01  1.84642708E+01  9.20279510E-01  1.94933237E-01
 -1.93561128E+00  1.00000000E+00  1.79837491E+00 -2.85810899E+00  4.02195766E-01  1.84682345E+01  9.20344531E-01  1.94976556E-01
 -1.91085806E+00  1.00000000E+00  1.77890440E+00 -2.85860288E+00  4.02184837E-01  1.84721991E+01  9.20409561E-01  1.95019884E-01
 -1.88610483E+00  1.00000000E+00  1.75939077E+00 -2.85807390E+00  4.02179349E-01  1.84697421E+01  9.20296144E-01  1.94993844E-01
 -1.86135161E+00  1.00000000E+00  1.73987714E+00 -2.85754500E+00  4.02182967E-01  1.84672855E+01  9.20182746E-01  1.94967808E-01
 -1.83659838E+00  1.00000000E+00  1.72039057E+00 -2.85770577E+00  4.02185906E-01  1.84658382E+01  9.20276616E-01  1.94950685E-01
 -1.81184516E+00  1.00000000E+00  1.70090400E+00 -2.85786652E+00  4.02183242E-01  1.84643911E+01  9.20370492E-01  1.94933562E-01
 -1.78709193E+00  1.00000000E+00  1.68143605E+00 -2.85835373E+00  4.02170597E-01  1.84710575E+01  9.20369431E-01  1.95007645E-01
 -1.76233870E+00  1.00000000E+00  1.66196811E+00 -2.85884103E+00  4.02150427E-01  1.84777264E+01  9.20368365E-01  1.95081756E-01
 -1.73758548E+00  1.00000000E+00  1.64245322E+00 -2.85848209E+00  4.02144743E-01  1.84748286E+01  9.20327407E-01  1.95050013E-01
 -1.71283225E+00  1.00000000E+00  1.62293832E+00 -2.85812321E+00  4.02142437E-01  1.84719313E+01  9.20286453E-01  1.95018276E-01
 -1.68807903E+00  1.00000000E+00  1.60344629E+00 -2.85796553E+00  4.02135239E-01  1.84691296E+01  9.20298008E-01  1.94987018E-01
 -1.66332580E+00  1.00000000E+00  1.58395427E+00 -2.85780785E+00  4.02127882E-01  1.84663284E+01  9.20309560E-01  1.94955765E-01
 -1.63857257E+00  1.00000000E+00  1.56448419E+00 -2.85789319E+00  4.02123878E-01  1.84668428E+01  9.20328822E-01  1.94961266E-01
 -1.61381935E+00  1.00000000E+00  1.54501410E+00 -2.85797854E+00  4.02113666E-01  1.84673571E+01  9.20348085E-01  1.94966767E-01
 -1.58906612E+00  1.00000000E+00  1.52550670E+00 -2.85757505E+00  4.02101515E-01  1.84634976E+01  9.20310753E-01  1.94924299E-01
 -1.56431290E+00  1.00000000E+00  1.50599930E+00 -2.85717162E+00  4.02093771E-01  1.84596390E+01  9.20273424E-01  1.94881839E-01
 -1.53955967E+00  1.00000000E+00  1.48653607E+00 -2.85712187E+00  4.02086422E-01  1.84576650E+01  9.20306615E-01  1.94859538E-01
 -1.51480644E+00  1.00000000E+00  1.46707285E+00 -2.85707211E+00  4.02078763E-01  1.84556913E+01  9.20339805E-01  1.94837239E-01
 -1.49005322E+00  1.00000000E+00  1.44759469E+00 -2.85727685E+00  4.02065135E-01  1.84579040E+01  9.20368863E-01  1.94861501E-01
 -1.46529999E+00  1.00000000E+00  1.42811653E+00 -2.85748160E+00  4.02040103E-01  1.84601170E+01  9.20397921E-01  1.94885767E-01
 -1.44054677E+00  1.00000000E+00  1.40864896E+00 -2.85801167E+00  4.02015152E-01  1.84659548E+01  9.20435527E-01  1.94950214E-01
 -1.41579354E+00  1.00000000E+00  1.38918140E+00 -2.85854185E+00  4.01979921E-01  1.84717945E+01  9.20473136E-01  1.95014682E-01
 -1.39104031E+00  1.00000000E+00  1.36970545E+00 -2.85770431E+00  4.01951463E-01  1.84644834E+01  9.20414148E-01  1.94934103E-01
 -1.36628709E+00  1.00000000E+00  1.35022949E+00 -2.85686704E+00  4.01933780E-01  1.84571752E+01  9.20355187E-01  1.94853556E-01
 -1.34153386E+00  1.00000000E+00  1.33076387E+00 -2.85664811E+00  4.01914039E-01  1.84531663E+01  9.20366653E-01  1.94808885E-01
 -1.31678064E+00  1.00000000E+00  1.31129824E+00 -2.85642918E+00  4.01895466E-01  1.84491582E+01  9.20378115E-01  1.94764224E-01
 -1.29202741E+00  1.00000000E+00  1.29186463E+00 -2.85652918E+00  4.01873391E-01  1.84495838E+01  9.20395213E-01  1.94768762E-01
 -1.26727418E+00  1.00000000E+00  1.27243102E+00 -2.85662919E+00  4.01844420E-01  1.84500093E+01  9.20412312E-01  1.94773300E-01
 -1.24252096E+00  1.00000000E+00  1.25300603E+00 -2.85689074E+00  4.01813465E-01  1.84510627E+01  9.20472991E-01  1.94784330E-01
 -1.21776773E+00  1.00000000E+00  1.23358104E+00 -2.85715231E+00  4.01772472E-01  1.84521162E+01  9.20533675E-01  1.94795362E-01
 -1.19301451E+00  1.00000000E+00  1.21414999E+00 -2.85644005E+00  4.01735764E-01  1.84459240E+01  9.20490243E-01  1.94727042E-01
 -1.16826128E+00  1.00000000E+00  1.19471894E+00 -2.85572799E+00  4.01705303E-01  1.84397339E+01  9.20446831E-01  1.94658746E-01
 -1.14350806E+00  1.00000000E+00  1.17532794E+00 -2.85570594E+00  4.01668833E-01  1.84381221E+01  9.20466721E-01  1.94640615E-01
 -1.11875483E+00  1.00000000E+00  1.15593694E+00 -2.85568388E+00  4.01634906E-01  1.84365104E+01  9.20486611E-01  1.94622487E-01
 -1.09400160E+00  1.00000000E+00  1.13656738E+00 -2.85536914E+00  4.01603071E-01  1.84327996E+01  9.20481799E-01  1.94581309E-01
 -1.06924838E+00  1.00000000E+00  1.11719782E+00 -2.85505443E+00  4.01570117E-01  1.84290895E+01  9.20476988E-01  1.94540139E-01
 -1.04449515E+00  1.00000000E+00  1.09786363E+00 -2.85487768E+00  4.01534111E-01  1.84259175E+01  9.20509649E-01  1.94504531E-01
 -1.01974193E+00  1.00000000E+00  1.07852945E+00 -2.85470093E+00  4.01494451E-01  1.84227460E+01  9.20542310E-01  1.94468930E-01
 -9.94988700E-01  1.00000000E+00  1.05924003E+00 -2.85464094E+00  4.01460851E-01  1.84224330E+01  9.20549988E-01  1.94465367E-01
 -9.70235474E-01  1.00000000E+00  1.03995061E+00 -2.85458095E+00  4.01431653E-01  1.84221200E+01  9.20557667E-01  1.94461804E-01
 -9.45482248E-01  1.00000000E+00  1.02069032E+00 -2.85416342E+00  4.01409684E-01  1.84190666E+01  9.20500854E-01  1.94428508E-01
 -9.20729022E-01  1.00000000E+00  1.00143004E+00 -2.85374595E+00  4.01393496E-01  1.84160137E+01  9.20444048E-01  1.94395218E-01
 -8.95975796E-01  1.00000000E+00  9.82255442E-01 -2.85369277E+00  4.01382703E-01  1.84144275E+01  9.20484702E-01  1.94377142E-01
 -8.71222570E-01  1.00000000E+00  9.63080847E-01 -2.85363960E+00  4.01373693E-01  1.84128414E+01  9.20525357E-01  1.94359068E-01
 -8.46469344E-01  1.00000000E+00  9.43969131E-01 -2.85417081E+00  4.01390393E-01  1.84177544E+01  9.20577699E-01  1.94413075E-01
 -8.21716118E-01  1.00000000E+00  9.24857414E-01 -2.85470213E+00  4.01400894E-01  1.84226687E+01  9.20630048E-01  1.94467096E-01
 -7.97201467E-01  1.00000000E+00  9.06029850E-01 -2.85497875E+00  4.01459024E-01  1.84257804E+01  9.20618795E-01  1.94501796E-01
 -7.72686817E-01  1.00000000E+00  8.87202287E-01 -2.85525539E+00  4.01519952E-01  1.84288927E+01  9.20607545E-01  1.94536501E-01
 -7.49503432E-01  1.00000000E+00  8.69495054E-01 -2.85506500E+00  4.01614839E-01  1.84336347E+01  9.20412894E-01  1.94591353E-01
 -7.26320047E-01  1.00000000E+00  8.51787821E-01 -2.85487448E+00  4.01728895E-01  1.84383781E+01  9.20218260E-01  1.94646221E-01
 -7.04527831E-01  1.00000000E+00  8.35258487E-01 -2.85605095E+00  4.01877499E-01  1.84479512E+01  9.20345236E-01  1.94751177E-01
 -6.82735615E-01  1.00000000E+00  8.18729154E-01 -2.85722794E+00  4.02040395E-01  1.84575292E+01  9.20472265E-01  1.94856189E-01
 -6.62251087E-01  1.00000000E+00  8.03300717E-01 -2.85715870E+00  4.02267248E-01  1.84693194E+01  9.20102641E-01  1.94991297E-01
 -6.41766559E-01  1.00000000E+00  7.87872280E-01 -2.85708906E+00  4.02521166E-01  1.84811179E+01  9.19733064E-01  1.95126498E-01
 -6.22511254E-01  1.00000000E+00  7.73491867E-01 -2.85776828E+00  4.02805485E-01  1.84971127E+01  9.19515145E-01  1.95306640E-01
 -6.03255949E-01  1.00000000E+00  7.59111454E-01 -2.85844747E+00  4.03124375E-01  1.85131221E+01  9.19297202E-01  1.95486944E-01
 -5.85156097E-01  1.00000000E+00  7.45730456E-01 -2.86105950E+00  4.03500478E-01  1.85387971E+01  9.19436377E-01  1.95770675E-01
 -5.67056245E-01  1.00000000E+00  7.32349457E-01 -2.86367425E+00  4.03899181E-01  1.85645081E+01  9.19575730E-01  1.96054804E-01
 -5.50042515E-01  1.00000000E+00  7.19890462E-01 -2.86509067E+00  4.04385042E-01  1.85946306E+01  9.19179713E-01  1.96393899E-01
 -5.33028786E-01  1.00000000E+00  7.07431468E-01 -2.86650739E+00  4.04891010E-01  1.86248045E+01  9.18783653E-01  1.96733564E-01
 -5.17036006E-01  1.00000000E+00  6.95884550E-01 -2.86941650E+00  4.05462250E-01  1.86617820E+01  9.18684586E-01  1.97145526E-01
 -5.01043227E-01  1.00000000E+00  6.84337633E-01 -2.87232899E+00  4.06068791E-01  1.86988345E+01  9.18585600E-01  1.97558321E-01
 -4.86010125E-01  1.00000000E+00  6.73615587E-01 -2.87553000E+00  4.06756982E-01  1.87437006E+01  9.18392451E-01  1.98058979E-01
 -4.70977023E-01  1.00000000E+00  6.62893541E-01 -2.87873484E+00  4.07493609E-01  1.87886773E+01  9.18199282E-01  1.98560867E-01
 -4.56846016E-01  1.00000000E+00  6.52935957E-01 -2.88295127E+00  4.08300179E-01  1.88453152E+01  9.18005717E-01  1.99192327E-01
 -4.42715008E-01  1.00000000E+00  6.42978373E-01 -2.88717453E+00  4.09165957E-01  1.89021281E+01  9.17812203E-01  1.99825732E-01
 -4.29431964E-01  1.00000000E+00  6.33823127E-01 -2.89045791E+00  4.10135649E-01  1.89535481E+01  9.17329533E-01  2.00402428E-01
 -4.16148920E-01  1.00000000E+00  6.24667882E-01 -2.89374553E+00  4.11164502E-01  1.90051125E+01  9.16847060E-01  2.00980727E-01
 -4.03662954E-01  1.00000000E+00  6.16193364E-01 -2.89857019E+00  4.12213268E-01  1.90799130E+01  9.16442846E-01  2.01816335E-01
 -3.91176988E-01  1.00000000E+00  6.07718846E-01 -2.90340248E+00  4.13374637E-01  1.91550177E+01  9.16038240E-01  2.02655327E-01
 -3.79440270E-01  1.00000000E+00  5.99858868E-01 -2.91036257E+00  4.14630472E-01  1.92397289E+01  9.15985317E-01  2.03597151E-01
 -3.67703552E-01  1.00000000E+00  5.91998890E-01 -2.91734169E+00  4.15939340E-01  1.93248218E+01  9.15932930E-01  2.04543209E-01
 -3.56671122E-01  1.00000000E+00  5.84929205E-01 -2.92380910E+00  4.17331075E-01  1.94148144E+01  9.15520393E-01  2.05547711E-01
 -3.45638692E-01  1.00000000E+00  5.77859520E-01 -2.93029261E+00  4.18755844E-01  1.95052368E+01  9.15108113E-01  2.06556985E-01
 -3.35268287E-01  1.00000000E+00  5.71221642E-01 -2.93760826E+00  4.20255193E-01  1.96112437E+01  9.14722152E-01  2.07739129E-01
 -3.24897882E-01  1.00000000E+00  5.64583763E-01 -2.94494264E+00  4.21886788E-01  1.97178429E+01  9.14335748E-01  2.08927857E-01
 -3.15149775E-01  1.00000000E+00  5.58607328E-01 -2.95057115E+00  4.23631405E-01  1.98128289E+01  9.13535603E-01  2.09992147E-01
 -3.05401669E-01  1.00000000E+00  5.52630893E-01 -2.95621013E+00  4.25452090E-01  1.99082884E+01  9.12735352E-01  2.11061700E-01
 -2.96238520E-01  1.00000000E+00  5.47102839E-01 -2.96469048E+00  4.27329263E-01  2.00426247E+01  9.11937168E-01  2.12563195E-01
 -2.87075371E-01  1.00000000E+00  5.41574786E-01 -2.97319476E+00  4.29414489E-01  2.01778959E+01  9.11138298E-01  2.14075084E-01
 -2.78462077E-01  1.00000000E+00  5.36708257E-01 -2.98249827E+00  4.31518116E-01  2.03074568E+01  9.10614060E-01  2.15520475E-01
 -2.69848783E-01  1.00000000E+00  5.31841729E-01 -2.99183465E+00  4.33689475E-01  2.04378692E+01  9.10090507E-01  2.16975319E-01
 -2.61752348E-01  1.00000000E+00  5.27347557E-01 -3.00384778E+00  4.35953390E-01  2.05955457E+01  9.09884276E-01  2.18729571E-01
 -2.53655913E-01  1.00000000E+00  5.22853386E-01 -3.01591453E+00  4.38324218E-01  2.07544633E+01  9.09678833E-01  2.20497605E-01
 -2.46045323E-01  1.00000000E+00  5.18954381E-01 -3.02498425E+00  4.40784988E-01  2.09143726E+01  9.08520189E-01  2.22287250E-01
 -2.38434732E-01  1.00000000E+00  5.15055376E-01 -3.03407723E+00  4.43325143E-01  2.10755572E+01  9.07360137E-01  2.24091078E-01
 -2.31280830E-01  1.00000000E+00  5.11445878E-01 -3.04326529E+00  4.45985270E-01  2.12438630E+01  9.06164468E-01  2.25974428E-01
 -2.24126928E-01  1.00000000E+00  5.07836381E-01 -3.05247432E+00  4.48759888E-01  2.14135615E+01  9.04966653E-01  2.27873277E-01
 -2.17402314E-01  1.00000000E+00  5.04688558E-01 -3.06874084E+00  4.51664234E-01  2.16108110E+01  9.05077800E-01  2.30063703E-01
 -2.10677699E-01  1.00000000E+00  5.01540736E-01 -3.08510658E+00  4.54656189E-01  2.18099034E+01  9.05192935E-01  2.32274561E-01
 -2.04351753E-01  1.00000000E+00  4.98897392E-01 -3.09850710E+00  4.57770523E-01  2.20196332E+01  9.04211145E-01  2.34615801E-01
 -1.98025807E-01  1.00000000E+00  4.96254049E-01 -3.11196795E+00  4.60935424E-01  2.22314332E+01  9.03228873E-01  2.36980048E-01
 -1.91837501E-01  1.00000000E+00  4.93804921E-01 -3.12686433E+00  4.64432757E-01  2.24464100E+01  9.02542734E-01  2.39376303E-01
 -1.85649194E-01  1.00000000E+00  4.91355793E-01 -3.14183980E+00  4.68045659E-01  2.26635102E+01  9.01857896E-01  2.41796137E-01
 -1.79460888E-01  1.00000000E+00  4.89306485E-01 -3.15096474E+00  4.72039311E-01  2.29061452E+01  8.99010299E-01  2.44523721E-01
 -1.73272582E-01  1.00000000E+00  4.87257177E-01 -3.16008046E+00  4.76171986E-01  2.31515054E+01  8.96159377E-01  2.47281623E-01
 -1.67084275E-01  1.00000000E+00  4.85401231E-01 -3.18426827E+00  4.80776747E-01  2.34598625E+01  8.96330572E-01  2.50705911E-01
 -1.60895969E-01  1.00000000E+00  4.83545284E-01 -3.20866528E+00  4.85516880E-01  2.37723841E+01  8.96508913E-01  2.54176391E-01
 -1.54707662E-01  1.00000000E+00  4.82192328E-01 -3.22520405E+00  4.90860624E-01  2.41068244E+01  8.93946147E-01  2.57920869E-01
 -1.48519356E-01  1.00000000E+00  4.80839372E-01 -3.24180340E+00  4.96346275E-01  2.44461332E+01  8.91378767E-01  2.61719494E-01
 -1.42331049E-01  1.00000000E+00  4.80124595E-01 -3.26337639E+00  5.02706127E-01  2.47880230E+01  8.89616959E-01  2.65537845E-01
 -1.36142743E-01  1.00000000E+00  4.79409818E-01 -3.28511338E+00  5.09425172E-01  2.51347970E+01  8.87861865E-01  2.69410391E-01
 -1.29954436E-01  1.00000000E+00  4.79269370E-01 -3.30983499E+00  5.16632426E-01  2.56155122E+01  8.85288002E-01  2.74780268E-01
 -1.23766130E-01  1.00000000E+00  4.79128922E-01 -3.33469500E+00  5.24392888E-01  2.61057028E+01  8.82700811E-01  2.80255577E-01
 -1.17577823E-01  1.00000000E+00  4.79487026E-01 -3.36770762E+00  5.33445212E-01  2.66715111E+01  8.80449115E-01  2.86567355E-01
 -1.11389517E-01  1.00000000E+00  4.79845130E-01 -3.40105196E+00  5.42977637E-01  2.72498625E+01  8.78195907E-01  2.93018517E-01
 -1.05201210E-01  1.00000000E+00  4.81825359E-01 -3.43834523E+00  5.54015263E-01  2.79141740E+01  8.75039191E-01  3.00434831E-01
 -9.90129037E-02  1.00000000E+00  4.83805587E-01 -3.47606230E+00  5.65554551E-01  2.85950466E+01  8.71887713E-01  3.08035099E-01
 -9.28245972E-02  1.00000000E+00  4.87489429E-01 -3.50374909E+00  5.79209422E-01  2.94068776E+01  8.64662976E-01  3.17135718E-01
 -8.66362908E-02  1.00000000E+00  4.91173271E-01 -3.53134831E+00  5.93514121E-01  3.02426884E+01  8.57411388E-01  3.26503078E-01
 -8.04479843E-02  1.00000000E+00  4.96040239E-01 -3.58992994E+00  6.11240937E-01  3.12538980E+01  8.54499088E-01  3.37771099E-01
 -7.42596778E-02  1.00000000E+00  5.00907207E-01 -3.64956295E+00  6.30389129E-01  3.22994915E+01  8.51608821E-01  3.49420918E-01
 -6.80713713E-02  1.00000000E+00  5.10506682E-01 -3.65373397E+00  6.53338717E-01  3.36088164E+01  8.33001446E-01  3.64175721E-01
 -6.18830648E-02  1.00000000E+00  5.20106158E-01 -3.65565847E+00  6.79098184E-01  3.49749456E+01  8.14420738E-01  3.79561388E-01
 -5.56947583E-02  1.00000000E+00  5.29753112E-01 -3.95563171E+00  7.11532701E-01  3.70801887E+01  8.46212042E-01  4.02599741E-01
 -4.95064519E-02  1.00000000E+00  5.39400067E-01 -4.27577704E+00  7.45725485E-01  3.93138686E+01  8.81311695E-01  4.27028410E-01
 -4.33181454E-02  1.00000000E+00  6.04096654E-01 -3.84664448E+00  7.90630270E-01  4.13922774E+01  7.73476184E-01  4.51320014E-01
 -3.71298389E-02  1.00000000E+00  6.68793241E-01 -3.38164903E+00  8.54824543E-01  4.36560180E+01  6.76954117E-01  4.77545154E-01
 -3.09415324E-02  1.00000000E+00  5.48245263E-01 -2.18545165E+00  9.43663315E-01  4.06049429E+01  5.60042394E-01  4.44943339E-01
 -2.47532259E-02  1.00000000E+00  4.27697285E-01 -1.09414687E+00  1.02080855E+00  3.79323491E+01  5.01141236E-01  4.15902310E-01
 -1.85649194E-02  1.00000000E+00  1.17162839E+00 -8.37883568E+00  1.17169576E+00  7.22332684E+01  1.29665342E+00  7.88184611E-01
 -1.23766130E-02  1.00000000E+00  1.91555950E+00 -2.53662779E+01  1.47875381E+00  1.44699232E+02  4.66027049E+00  1.55598846E+00
 -6.18830648E-03  1.00000000E+00  1.14567439E-01  1.23225297E+01  2.45694210E+00  9.35697399E+01  1.95253514E+00  1.01796894E+00
  0.00000000E+00  1.00000000E+00 -1.68642462E+00  6.97267939E+01  5.10996170E+00  1.59309075E+02  3.07116419E+01  1.42886037E+00
