# curve 5 (die wall), step =      200, time =   8.00000000E+01
# N1 = tau_xx - tau_yy = G ( c_xx - c_yy ),  G =  9.0909E-03  (polymer part only)
#              x               y        pressure            c_xy        gammadot            c_xx            c_yy              N1
 -3.00000000E+00  1.00000000E+00  2.56104805E+00 -2.49163966E+00  4.03224200E-01  1.60895156E+01  8.12734459E-01  1.38879829E-01
 -2.97524677E+00  1.00000000E+00  2.54196067E+00 -2.49157935E+00  4.03226989E-01  1.60888424E+01  8.12739726E-01  1.38873661E-01
 -2.95049355E+00  1.00000000E+00  2.52287329E+00 -2.49151905E+00  4.03228773E-01  1.60881693E+01  8.12744995E-01  1.38867493E-01
 -2.92574032E+00  1.00000000E+00  2.50378566E+00 -2.49162869E+00  4.03229537E-01  1.60894106E+01  8.12744919E-01  1.38878779E-01
 -2.90098710E+00  1.00000000E+00  2.48469803E+00 -2.49173834E+00  4.03228614E-01  1.60906520E+01  8.12744843E-01  1.38890065E-01
 -2.87623387E+00  1.00000000E+00  2.46561351E+00 -2.49196231E+00  4.03226934E-01  1.60940446E+01  8.12726636E-01  1.38921072E-01
 -2.85148064E+00  1.00000000E+00  2.44652900E+00 -2.49218629E+00  4.03224027E-01  1.60974378E+01  8.12708427E-01  1.38952086E-01
 -2.82672742E+00  1.00000000E+00  2.42743972E+00 -2.49184555E+00  4.03222527E-01  1.60943036E+01  8.12700944E-01  1.38923661E-01
 -2.80197419E+00  1.00000000E+00  2.40835045E+00 -2.49150485E+00  4.03222298E-01  1.60911700E+01  8.12693466E-01  1.38895242E-01
 -2.77722097E+00  1.00000000E+00  2.38925559E+00 -2.49148575E+00  4.03224177E-01  1.60898089E+01  8.12710264E-01  1.38882715E-01
 -2.75246774E+00  1.00000000E+00  2.37016072E+00 -2.49146665E+00  4.03226599E-01  1.60884478E+01  8.12727062E-01  1.38870189E-01
 -2.72771451E+00  1.00000000E+00  2.35108180E+00 -2.49160060E+00  4.03226035E-01  1.60893624E+01  8.12747162E-01  1.38878320E-01
 -2.70296129E+00  1.00000000E+00  2.33200287E+00 -2.49173457E+00  4.03221380E-01  1.60902769E+01  8.12767262E-01  1.38886451E-01
 -2.67820806E+00  1.00000000E+00  2.31291105E+00 -2.49162593E+00  4.03220349E-01  1.60895860E+01  8.12743006E-01  1.38880391E-01
 -2.65345484E+00  1.00000000E+00  2.29381922E+00 -2.49151729E+00  4.03222671E-01  1.60888951E+01  8.12718751E-01  1.38874330E-01
 -2.62870161E+00  1.00000000E+00  2.27473366E+00 -2.49154628E+00  4.03225418E-01  1.60884038E+01  8.12735698E-01  1.38869710E-01
 -2.60394839E+00  1.00000000E+00  2.25564811E+00 -2.49157526E+00  4.03227379E-01  1.60879125E+01  8.12752645E-01  1.38865089E-01
 -2.57919516E+00  1.00000000E+00  2.23656225E+00 -2.49158726E+00  4.03227935E-01  1.60886744E+01  8.12747614E-01  1.38872061E-01
 -2.55444193E+00  1.00000000E+00  2.21747639E+00 -2.49159926E+00  4.03225283E-01  1.60894363E+01  8.12742582E-01  1.38879034E-01
 -2.52968871E+00  1.00000000E+00  2.19838875E+00 -2.49182760E+00  4.03222491E-01  1.60921529E+01  8.12746727E-01  1.38903693E-01
 -2.50493548E+00  1.00000000E+00  2.17930112E+00 -2.49205597E+00  4.03217246E-01  1.60948700E+01  8.12750871E-01  1.38928355E-01
 -2.48018226E+00  1.00000000E+00  2.16020951E+00 -2.49173944E+00  4.03217251E-01  1.60918648E+01  8.12732985E-01  1.38901198E-01
 -2.45542903E+00  1.00000000E+00  2.14111791E+00 -2.49142296E+00  4.03220299E-01  1.60888602E+01  8.12715103E-01  1.38874046E-01
 -2.43067580E+00  1.00000000E+00  2.12203010E+00 -2.49143104E+00  4.03224336E-01  1.60880540E+01  8.12728401E-01  1.38866597E-01
 -2.40592258E+00  1.00000000E+00  2.10294230E+00 -2.49143911E+00  4.03228187E-01  1.60872479E+01  8.12741699E-01  1.38859147E-01
 -2.38116935E+00  1.00000000E+00  2.08385968E+00 -2.49151230E+00  4.03227237E-01  1.60879703E+01  8.12753432E-01  1.38865608E-01
 -2.35641613E+00  1.00000000E+00  2.06477707E+00 -2.49158549E+00  4.03222230E-01  1.60886927E+01  8.12765164E-01  1.38872069E-01
 -2.33166290E+00  1.00000000E+00  2.04568814E+00 -2.49159917E+00  4.03220723E-01  1.60891945E+01  8.12752627E-01  1.38876744E-01
 -2.30690967E+00  1.00000000E+00  2.02659920E+00 -2.49161285E+00  4.03220543E-01  1.60896962E+01  8.12740090E-01  1.38881420E-01
 -2.28215645E+00  1.00000000E+00  2.00750934E+00 -2.49155135E+00  4.03221397E-01  1.60890792E+01  8.12729643E-01  1.38875905E-01
 -2.25740322E+00  1.00000000E+00  1.98841948E+00 -2.49148986E+00  4.03224082E-01  1.60884621E+01  8.12719196E-01  1.38870390E-01
 -2.23265000E+00  1.00000000E+00  1.96933541E+00 -2.49176198E+00  4.03223359E-01  1.60910779E+01  8.12741199E-01  1.38893970E-01
 -2.20789677E+00  1.00000000E+00  1.95025134E+00 -2.49203414E+00  4.03217108E-01  1.60936940E+01  8.12763204E-01  1.38917553E-01
 -2.18314354E+00  1.00000000E+00  1.93115994E+00 -2.49176799E+00  4.03214296E-01  1.60908861E+01  8.12758578E-01  1.38892069E-01
 -2.15839032E+00  1.00000000E+00  1.91206855E+00 -2.49150188E+00  4.03213671E-01  1.60880787E+01  8.12753953E-01  1.38866589E-01
 -2.13363709E+00  1.00000000E+00  1.89298529E+00 -2.49148390E+00  4.03214175E-01  1.60876202E+01  8.12754208E-01  1.38862418E-01
 -2.10888387E+00  1.00000000E+00  1.87390204E+00 -2.49146593E+00  4.03215389E-01  1.60871616E+01  8.12754463E-01  1.38858247E-01
 -2.08413064E+00  1.00000000E+00  1.85481025E+00 -2.49146682E+00  4.03216454E-01  1.60867399E+01  8.12760497E-01  1.38854358E-01
 -2.05937741E+00  1.00000000E+00  1.83571846E+00 -2.49146771E+00  4.03215938E-01  1.60863182E+01  8.12766532E-01  1.38850469E-01
 -2.03462419E+00  1.00000000E+00  1.81663631E+00 -2.49147286E+00  4.03212853E-01  1.60871560E+01  8.12755828E-01  1.38858183E-01
 -2.00987096E+00  1.00000000E+00  1.79755417E+00 -2.49147800E+00  4.03208609E-01  1.60879938E+01  8.12745123E-01  1.38865897E-01
 -1.98511774E+00  1.00000000E+00  1.77846156E+00 -2.49145526E+00  4.03206951E-01  1.60875697E+01  8.12745263E-01  1.38862040E-01
 -1.96036451E+00  1.00000000E+00  1.75936894E+00 -2.49143251E+00  4.03206089E-01  1.60871457E+01  8.12745402E-01  1.38858184E-01
 -1.93561128E+00  1.00000000E+00  1.74029132E+00 -2.49167086E+00  4.03201858E-01  1.60894840E+01  8.12764857E-01  1.38879265E-01
 -1.91085806E+00  1.00000000E+00  1.72121369E+00 -2.49190924E+00  4.03194861E-01  1.60918227E+01  8.12784314E-01  1.38900349E-01
 -1.88610483E+00  1.00000000E+00  1.70211633E+00 -2.49166770E+00  4.03191069E-01  1.60903860E+01  8.12739308E-01  1.38887698E-01
 -1.86135161E+00  1.00000000E+00  1.68301897E+00 -2.49142618E+00  4.03191070E-01  1.60889495E+01  8.12694307E-01  1.38875047E-01
 -1.83659838E+00  1.00000000E+00  1.66393784E+00 -2.49148560E+00  4.03191199E-01  1.60879966E+01  8.12744764E-01  1.38865926E-01
 -1.81184516E+00  1.00000000E+00  1.64485671E+00 -2.49154502E+00  4.03188204E-01  1.60870438E+01  8.12795223E-01  1.38856806E-01
 -1.78709193E+00  1.00000000E+00  1.62578009E+00 -2.49178731E+00  4.03177908E-01  1.60910576E+01  8.12773900E-01  1.38893488E-01
 -1.76233870E+00  1.00000000E+00  1.60670347E+00 -2.49202961E+00  4.03163568E-01  1.60950724E+01  8.12752574E-01  1.38930180E-01
 -1.73758548E+00  1.00000000E+00  1.58760784E+00 -2.49185429E+00  4.03158850E-01  1.60932256E+01  8.12745963E-01  1.38913451E-01
 -1.71283225E+00  1.00000000E+00  1.56851221E+00 -2.49167897E+00  4.03154586E-01  1.60913789E+01  8.12739353E-01  1.38896723E-01
 -1.68807903E+00  1.00000000E+00  1.54942773E+00 -2.49161988E+00  4.03148589E-01  1.60898462E+01  8.12754025E-01  1.38882656E-01
 -1.66332580E+00  1.00000000E+00  1.53034324E+00 -2.49156079E+00  4.03142430E-01  1.60883137E+01  8.12768697E-01  1.38868591E-01
 -1.63857257E+00  1.00000000E+00  1.51127130E+00 -2.49158930E+00  4.03135105E-01  1.60885938E+01  8.12775905E-01  1.38871072E-01
 -1.61381935E+00  1.00000000E+00  1.49219935E+00 -2.49161781E+00  4.03124250E-01  1.60888739E+01  8.12783114E-01  1.38873552E-01
 -1.58906612E+00  1.00000000E+00  1.47310896E+00 -2.49142697E+00  4.03113643E-01  1.60865719E+01  8.12779673E-01  1.38852656E-01
 -1.56431290E+00  1.00000000E+00  1.45401858E+00 -2.49123614E+00  4.03105051E-01  1.60842702E+01  8.12776233E-01  1.38831763E-01
 -1.53955967E+00  1.00000000E+00  1.43495320E+00 -2.49119440E+00  4.03094820E-01  1.60830072E+01  8.12798524E-01  1.38820079E-01
 -1.51480644E+00  1.00000000E+00  1.41588783E+00 -2.49115266E+00  4.03084247E-01  1.60817443E+01  8.12820815E-01  1.38808395E-01
 -1.49005322E+00  1.00000000E+00  1.39681604E+00 -2.49120926E+00  4.03069647E-01  1.60827882E+01  8.12826610E-01  1.38817833E-01
 -1.46529999E+00  1.00000000E+00  1.37774425E+00 -2.49126587E+00  4.03049238E-01  1.60838323E+01  8.12832405E-01  1.38827271E-01
 -1.44054677E+00  1.00000000E+00  1.35867667E+00 -2.49153867E+00  4.03028586E-01  1.60873318E+01  8.12837114E-01  1.38859042E-01
 -1.41579354E+00  1.00000000E+00  1.33960909E+00 -2.49181151E+00  4.03001736E-01  1.60908320E+01  8.12841822E-01  1.38890820E-01
 -1.39104031E+00  1.00000000E+00  1.32054598E+00 -2.49134518E+00  4.02979884E-01  1.60860815E+01  8.12835564E-01  1.38847690E-01
 -1.36628709E+00  1.00000000E+00  1.30148287E+00 -2.49087896E+00  4.02962347E-01  1.60813324E+01  8.12829313E-01  1.38804573E-01
 -1.34153386E+00  1.00000000E+00  1.28242786E+00 -2.49082283E+00  4.02942640E-01  1.60791860E+01  8.12854889E-01  1.38784828E-01
 -1.31678064E+00  1.00000000E+00  1.26337284E+00 -2.49076669E+00  4.02921891E-01  1.60770399E+01  8.12880464E-01  1.38765086E-01
 -1.29202741E+00  1.00000000E+00  1.24433955E+00 -2.49083048E+00  4.02897424E-01  1.60774510E+01  8.12889569E-01  1.38768740E-01
 -1.26727418E+00  1.00000000E+00  1.22530627E+00 -2.49089428E+00  4.02869603E-01  1.60778621E+01  8.12898675E-01  1.38772395E-01
 -1.24252096E+00  1.00000000E+00  1.20628000E+00 -2.49103699E+00  4.02842461E-01  1.60785071E+01  8.12930828E-01  1.38777966E-01
 -1.21776773E+00  1.00000000E+00  1.18725373E+00 -2.49117970E+00  4.02806487E-01  1.60791520E+01  8.12962983E-01  1.38783537E-01
 -1.19301451E+00  1.00000000E+00  1.16823524E+00 -2.49077300E+00  4.02774187E-01  1.60752163E+01  8.12957933E-01  1.38747803E-01
 -1.16826128E+00  1.00000000E+00  1.14921676E+00 -2.49036638E+00  4.02747358E-01  1.60712815E+01  8.12952891E-01  1.38712078E-01
 -1.14350806E+00  1.00000000E+00  1.13022918E+00 -2.49040853E+00  4.02715016E-01  1.60705388E+01  8.12977732E-01  1.38705100E-01
 -1.11875483E+00  1.00000000E+00  1.11124160E+00 -2.49045067E+00  4.02681324E-01  1.60697961E+01  8.13002573E-01  1.38698123E-01
 -1.09400160E+00  1.00000000E+00  1.09227528E+00 -2.49028025E+00  4.02654135E-01  1.60676710E+01  8.13006351E-01  1.38678769E-01
 -1.06924838E+00  1.00000000E+00  1.07330897E+00 -2.49010985E+00  4.02625975E-01  1.60655461E+01  8.13010130E-01  1.38659418E-01
 -1.04449515E+00  1.00000000E+00  1.05437627E+00 -2.49002171E+00  4.02593946E-01  1.60636503E+01  8.13039996E-01  1.38641911E-01
 -1.01974193E+00  1.00000000E+00  1.03544357E+00 -2.48993356E+00  4.02560061E-01  1.60617546E+01  8.13069863E-01  1.38624407E-01
 -9.94988700E-01  1.00000000E+00  1.01655063E+00 -2.48992191E+00  4.02533826E-01  1.60616133E+01  8.13081986E-01  1.38623012E-01
 -9.70235474E-01  1.00000000E+00  9.97657695E-01 -2.48991026E+00  4.02512022E-01  1.60614720E+01  8.13094109E-01  1.38621617E-01
 -9.45482248E-01  1.00000000E+00  9.78801928E-01 -2.48966135E+00  4.02499182E-01  1.60598798E+01  8.13053743E-01  1.38607510E-01
 -9.20729022E-01  1.00000000E+00  9.59946161E-01 -2.48941246E+00  4.02491676E-01  1.60582878E+01  8.13013380E-01  1.38593404E-01
 -8.95975796E-01  1.00000000E+00  9.41160906E-01 -2.48939926E+00  4.02490293E-01  1.60573690E+01  8.13042498E-01  1.38584787E-01
 -8.71222570E-01  1.00000000E+00  9.22375651E-01 -2.48938607E+00  4.02492381E-01  1.60564504E+01  8.13071617E-01  1.38576170E-01
 -8.46469344E-01  1.00000000E+00  9.03653656E-01 -2.48980007E+00  4.02522286E-01  1.60600385E+01  8.13104950E-01  1.38608487E-01
 -8.21716118E-01  1.00000000E+00  8.84931660E-01 -2.49021416E+00  4.02549126E-01  1.60636275E+01  8.13138290E-01  1.38640811E-01
 -7.97201467E-01  1.00000000E+00  8.66483903E-01 -2.49048526E+00  4.02625325E-01  1.60663891E+01  8.13122663E-01  1.38666059E-01
 -7.72686817E-01  1.00000000E+00  8.48036145E-01 -2.49075641E+00  4.02702067E-01  1.60691513E+01  8.13107042E-01  1.38691311E-01
 -7.49503432E-01  1.00000000E+00  8.30681635E-01 -2.49053921E+00  4.02813910E-01  1.60729661E+01  8.12910804E-01  1.38727775E-01
 -7.26320047E-01  1.00000000E+00  8.13327125E-01 -2.49032193E+00  4.02946717E-01  1.60767820E+01  8.12714593E-01  1.38764249E-01
 -7.04527831E-01  1.00000000E+00  7.97116319E-01 -2.49128166E+00  4.03113516E-01  1.60835838E+01  8.12816627E-01  1.38825156E-01
 -6.82735615E-01  1.00000000E+00  7.80905514E-01 -2.49224178E+00  4.03295956E-01  1.60903884E+01  8.12918713E-01  1.38886088E-01
 -6.62251087E-01  1.00000000E+00  7.65775503E-01 -2.49200984E+00  4.03545021E-01  1.60990595E+01  8.12548397E-01  1.38968283E-01
 -6.41766559E-01  1.00000000E+00  7.50645491E-01 -2.49177761E+00  4.03821193E-01  1.61077360E+01  8.12178169E-01  1.39050526E-01
 -6.22511254E-01  1.00000000E+00  7.36530455E-01 -2.49211500E+00  4.04126088E-01  1.61186972E+01  8.11939149E-01  1.39152346E-01
 -6.03255949E-01  1.00000000E+00  7.22415419E-01 -2.49245234E+00  4.04466746E-01  1.61296663E+01  8.11700152E-01  1.39254237E-01
 -5.85156097E-01  1.00000000E+00  7.09267986E-01 -2.49430406E+00  4.04863987E-01  1.61465508E+01  8.11756624E-01  1.39407220E-01
 -5.67056245E-01  1.00000000E+00  6.96120553E-01 -2.49615738E+00  4.05287783E-01  1.61634531E+01  8.11813263E-01  1.39560362E-01
 -5.50042515E-01  1.00000000E+00  6.83872865E-01 -2.49685183E+00  4.05802200E-01  1.61840679E+01  8.11366364E-01  1.39751832E-01
 -5.33028786E-01  1.00000000E+00  6.71625177E-01 -2.49754622E+00  4.06338092E-01  1.62047105E+01  8.10919573E-01  1.39943554E-01
 -5.17036006E-01  1.00000000E+00  6.60259379E-01 -2.49948858E+00  4.06938000E-01  1.62306814E+01  8.10731091E-01  1.40181366E-01
 -5.01043227E-01  1.00000000E+00  6.48893580E-01 -2.50143281E+00  4.07576862E-01  1.62566949E+01  8.10542740E-01  1.40419565E-01
 -4.86010125E-01  1.00000000E+00  6.38324110E-01 -2.50337764E+00  4.08288611E-01  1.62858367E+01  8.10245100E-01  1.40687197E-01
 -4.70977023E-01  1.00000000E+00  6.27754640E-01 -2.50532433E+00  4.09063003E-01  1.63150324E+01  8.09947613E-01  1.40955316E-01
 -4.56846016E-01  1.00000000E+00  6.17933161E-01 -2.50799391E+00  4.09894752E-01  1.63522958E+01  8.09633964E-01  1.41296925E-01
 -4.42715008E-01  1.00000000E+00  6.08111682E-01 -2.51066703E+00  4.10793245E-01  1.63896464E+01  8.09320582E-01  1.41639326E-01
 -4.29431964E-01  1.00000000E+00  5.99061765E-01 -2.51278484E+00  4.11798629E-01  1.64272107E+01  8.08765254E-01  1.41985868E-01
 -4.16148920E-01  1.00000000E+00  5.90011849E-01 -2.51490486E+00  4.12863305E-01  1.64648644E+01  8.08210277E-01  1.42333219E-01
 -4.03662954E-01  1.00000000E+00  5.81617196E-01 -2.51755308E+00  4.13931125E-01  1.65117906E+01  8.07646939E-01  1.42764942E-01
 -3.91176988E-01  1.00000000E+00  5.73222544E-01 -2.52020419E+00  4.15120947E-01  1.65588557E+01  8.07083770E-01  1.43197926E-01
 -3.79440270E-01  1.00000000E+00  5.65423237E-01 -2.52453109E+00  4.16407745E-01  1.66133652E+01  8.06773842E-01  1.43696285E-01
 -3.67703552E-01  1.00000000E+00  5.57623930E-01 -2.52886727E+00  4.17758977E-01  1.66680577E+01  8.06464624E-01  1.44196301E-01
 -3.56671122E-01  1.00000000E+00  5.50549986E-01 -2.53278163E+00  4.19202183E-01  1.67277254E+01  8.05834702E-01  1.44744461E-01
 -3.45638692E-01  1.00000000E+00  5.43476041E-01 -2.53670357E+00  4.20688626E-01  1.67876130E+01  8.05205498E-01  1.45294614E-01
 -3.35268287E-01  1.00000000E+00  5.36871407E-01 -2.54124544E+00  4.22212038E-01  1.68548147E+01  8.04657137E-01  1.45910523E-01
 -3.24897882E-01  1.00000000E+00  5.30266773E-01 -2.54579695E+00  4.23879594E-01  1.69222928E+01  8.04109296E-01  1.46528941E-01
 -3.15149775E-01  1.00000000E+00  5.24280262E-01 -2.54922663E+00  4.25661465E-01  1.69867028E+01  8.03232475E-01  1.47122457E-01
 -3.05401669E-01  1.00000000E+00  5.18293750E-01 -2.55266123E+00  4.27501440E-01  1.70513676E+01  8.02356242E-01  1.47718286E-01
 -2.96238520E-01  1.00000000E+00  5.12732460E-01 -2.55711012E+00  4.29379387E-01  1.71354465E+01  8.01247024E-01  1.48492723E-01
 -2.87075371E-01  1.00000000E+00  5.07171171E-01 -2.56156698E+00  4.31489514E-01  1.72199563E+01  8.00138648E-01  1.49271070E-01
 -2.78462077E-01  1.00000000E+00  5.02198034E-01 -2.56715262E+00  4.33643686E-01  1.73045969E+01  7.99307465E-01  1.50048086E-01
 -2.69848783E-01  1.00000000E+00  4.97224897E-01 -2.57275355E+00  4.35886537E-01  1.73896649E+01  7.98477723E-01  1.50828974E-01
 -2.61752348E-01  1.00000000E+00  4.92679222E-01 -2.58021436E+00  4.38169791E-01  1.74886931E+01  7.97931319E-01  1.51734198E-01
 -2.53655913E-01  1.00000000E+00  4.88133546E-01 -2.58770168E+00  4.40578166E-01  1.75882968E+01  7.97386664E-01  1.52644638E-01
 -2.46045323E-01  1.00000000E+00  4.84074295E-01 -2.59247435E+00  4.43095287E-01  1.76892982E+01  7.95955365E-01  1.53575844E-01
 -2.38434732E-01  1.00000000E+00  4.80015044E-01 -2.59725441E+00  4.45689885E-01  1.77909048E+01  7.94525142E-01  1.54512542E-01
 -2.31280830E-01  1.00000000E+00  4.76310959E-01 -2.60229501E+00  4.48383312E-01  1.78960721E+01  7.93153069E-01  1.55481082E-01
 -2.24126928E-01  1.00000000E+00  4.72606874E-01 -2.60734348E+00  4.51188089E-01  1.80018873E+01  7.91781717E-01  1.56455505E-01
 -2.17402314E-01  1.00000000E+00  4.69300301E-01 -2.61764299E+00  4.54103702E-01  1.81251966E+01  7.91412039E-01  1.57579859E-01
 -2.10677699E-01  1.00000000E+00  4.65993728E-01 -2.62799235E+00  4.57108753E-01  1.82493620E+01  7.91046354E-01  1.58711961E-01
 -2.04351753E-01  1.00000000E+00  4.63133794E-01 -2.63553294E+00  4.60269677E-01  1.83805175E+01  7.89653768E-01  1.59916943E-01
 -1.98025807E-01  1.00000000E+00  4.60273859E-01 -2.64309845E+00  4.63491277E-01  1.85126456E+01  7.88263370E-01  1.61130748E-01
 -1.91837501E-01  1.00000000E+00  4.57642765E-01 -2.65223603E+00  4.67019383E-01  1.86498414E+01  7.87227569E-01  1.62387399E-01
 -1.85649194E-01  1.00000000E+00  4.55011671E-01 -2.66141220E+00  4.70649558E-01  1.87880783E+01  7.86194596E-01  1.63653488E-01
 -1.79460888E-01  1.00000000E+00  4.52673763E-01 -2.66500862E+00  4.74679622E-01  1.89409751E+01  7.83174843E-01  1.65070911E-01
 -1.73272582E-01  1.00000000E+00  4.50335855E-01 -2.66858697E+00  4.78848101E-01  1.90951983E+01  7.80158662E-01  1.66500360E-01
 -1.67084275E-01  1.00000000E+00  4.48192964E-01 -2.68367687E+00  4.83446558E-01  1.92839071E+01  7.79634574E-01  1.68220659E-01
 -1.60895969E-01  1.00000000E+00  4.46050072E-01 -2.69887037E+00  4.88210353E-01  1.94745062E+01  7.79118088E-01  1.69958074E-01
 -1.54707662E-01  1.00000000E+00  4.44281913E-01 -2.70705991E+00  4.93623438E-01  1.96823361E+01  7.76122439E-01  1.71874670E-01
 -1.48519356E-01  1.00000000E+00  4.42513755E-01 -2.71526098E+00  4.99197900E-01  1.98924849E+01  7.73131099E-01  1.73812308E-01
 -1.42331049E-01  1.00000000E+00  4.41344347E-01 -2.72881230E+00  5.05571374E-01  2.01195860E+01  7.71034631E-01  1.75895921E-01
 -1.36142743E-01  1.00000000E+00  4.40174940E-01 -2.74244757E+00  5.12302473E-01  2.03493453E+01  7.68947004E-01  1.78003621E-01
 -1.29954436E-01  1.00000000E+00  4.39482994E-01 -2.75519786E+00  5.19514314E-01  2.06350460E+01  7.65789265E-01  1.80629607E-01
 -1.23766130E-01  1.00000000E+00  4.38791048E-01 -2.76799074E+00  5.27294820E-01  2.09249109E+01  7.62634715E-01  1.83293420E-01
 -1.17577823E-01  1.00000000E+00  4.38506165E-01 -2.78672581E+00  5.36306978E-01  2.12681809E+01  7.59672638E-01  1.86440984E-01
 -1.11389517E-01  1.00000000E+00  4.38221282E-01 -2.80560350E+00  5.45794299E-01  2.16172363E+01  7.56721642E-01  1.89641043E-01
 -1.05201210E-01  1.00000000E+00  4.39267655E-01 -2.82678268E+00  5.56892545E-01  2.20299387E+01  7.52778716E-01  1.93428728E-01
 -9.90129037E-02  1.00000000E+00  4.40314028E-01 -2.84814219E+00  5.68513327E-01  2.24507437E+01  7.48855344E-01  1.97289894E-01
 -9.28245972E-02  1.00000000E+00  4.42743471E-01 -2.85899186E+00  5.82190264E-01  2.29359504E+01  7.41241673E-01  2.01770079E-01
 -8.66362908E-02  1.00000000E+00  4.45172915E-01 -2.86969653E+00  5.96565598E-01  2.34322299E+01  7.33650035E-01  2.06350726E-01
 -8.04479843E-02  1.00000000E+00  4.48857150E-01 -2.90539731E+00  6.14206874E-01  2.40488795E+01  7.29899363E-01  2.11990728E-01
 -7.42596778E-02  1.00000000E+00  4.52541385E-01 -2.94162909E+00  6.33256320E-01  2.46820681E+01  7.26189495E-01  2.17780714E-01
 -6.80713713E-02  1.00000000E+00  4.59719077E-01 -2.93176352E+00  6.56213863E-01  2.54473082E+01  7.09403937E-01  2.24890038E-01
 -6.18830648E-02  1.00000000E+00  4.66896768E-01 -2.92057701E+00  6.81967605E-01  2.62386022E+01  6.92766013E-01  2.32234874E-01
 -5.56947583E-02  1.00000000E+00  4.75243467E-01 -3.07450076E+00  7.14124919E-01  2.75028574E+01  7.03939366E-01  2.43626528E-01
 -4.95064519E-02  1.00000000E+00  4.83590166E-01 -3.23598457E+00  7.49958219E-01  2.88281469E+01  7.16201367E-01  2.55563142E-01
 -4.33181454E-02  1.00000000E+00  5.30681006E-01 -3.13082445E+00  7.95778326E-01  3.04855339E+01  6.67631893E-01  2.71071836E-01
 -3.71298389E-02  1.00000000E+00  5.77771846E-01 -3.01434936E+00  8.56259270E-01  3.22566447E+01  6.20868420E-01  2.87597966E-01
 -3.09415324E-02  1.00000000E+00  4.98547961E-01 -2.12353717E+00  9.45751411E-01  3.00421637E+01  5.12603989E-01  2.68450543E-01
 -2.47532259E-02  1.00000000E+00  4.19324075E-01 -1.30883745E+00  1.02401280E+00  2.80913866E+01  4.46866671E-01  2.51313818E-01
 -1.85649194E-02  1.00000000E+00  1.03190253E+00 -5.71157314E+00  1.17164660E+00  4.91186374E+01  9.28782359E-01  4.38089591E-01
 -1.23766130E-02  1.00000000E+00  1.64448098E+00 -1.46154257E+01  1.52468772E+00  8.87190623E+01  2.58340538E+00  7.83051426E-01
 -6.18830648E-03  1.00000000E+00 -8.24622724E-02  7.77032666E+00  2.49491516E+00  5.97953333E+01  1.27168010E+00  5.32033211E-01
  0.00000000E+00  1.00000000E+00 -1.80940553E+00  4.03064889E+01  4.90250112E+00  9.45355092E+01  1.73517011E+01  7.01670983E-01
