# model=oldroyd  theta_MLE: lambda=7.59727, beta=0.9, eta_0=0.843788
# delta(x) = y_clean(x) - y_model(x; theta_MLE)   (x from curve4_x.txt)
# columns: x  delta
5.000000000000000000e+00 3.133070683514205257e-03
4.950333040000000295e+00 3.136933942158970368e-03
4.900666089999999642e+00 3.137785994652642074e-03
4.850999129999999937e+00 3.136365827175024990e-03
4.801332180000000172e+00 3.133118664319756164e-03
4.751665219999999579e+00 3.128260870092658408e-03
4.701998269999999813e+00 3.121994022628582499e-03
4.652331310000000109e+00 3.114433935210492166e-03
4.602664360000000343e+00 3.105728807019536575e-03
4.552997399999999750e+00 3.095976221764384917e-03
4.503330449999999985e+00 3.085248765777315327e-03
4.453663490000000280e+00 3.073600346745086753e-03
4.403996539999999627e+00 3.061067581844323371e-03
4.354329579999999922e+00 3.047673823847851793e-03
4.304662630000000156e+00 3.033404217629653843e-03
4.254995669999999564e+00 3.018274741436677289e-03
4.205328709999999859e+00 3.002238818176072854e-03
4.155661760000000093e+00 2.985258872168383704e-03
4.105994800000000389e+00 2.967296974258903930e-03
4.056327849999999735e+00 2.948258376282986148e-03
4.006660890000000030e+00 2.928096260230717007e-03
3.956993939999999821e+00 2.906710308469229176e-03
3.907326980000000116e+00 2.883971698744103307e-03
3.857660029999999907e+00 2.859825393381587588e-03
3.807993070000000202e+00 2.834106027647331771e-03
3.758326119999999992e+00 2.806693140233518236e-03
3.708659159999999844e+00 2.777451315153944833e-03
3.658992210000000078e+00 2.746176581308601428e-03
3.609325249999999929e+00 2.712727543597193147e-03
3.559658300000000164e+00 2.676903531750207677e-03
3.509991340000000015e+00 2.638513628136829325e-03
3.460324389999999806e+00 2.597404420172644279e-03
3.410657430000000101e+00 2.553317995092951875e-03
3.360990469999999952e+00 2.506042333594971083e-03
3.311323520000000187e+00 2.455302607119458358e-03
3.261656560000000038e+00 2.400858094739666271e-03
3.211989609999999828e+00 2.342483965672270685e-03
3.162322650000000124e+00 2.279977006097722025e-03
3.112655699999999914e+00 2.212818103770386458e-03
3.062988740000000210e+00 2.140870547848505723e-03
3.013321790000000000e+00 2.063780201545739601e-03
2.963654829999999851e+00 1.981276590787839353e-03
2.913987880000000086e+00 1.893101139086583728e-03
2.864320919999999937e+00 1.798882261586198794e-03
2.814653970000000172e+00 1.698370107021007769e-03
2.764987010000000023e+00 1.591051731180570528e-03
2.715320059999999813e+00 1.476815343929960278e-03
2.665653100000000109e+00 1.355253107623299869e-03
2.615986139999999960e+00 1.226254509328450482e-03
2.566319190000000194e+00 1.088966520480738609e-03
2.516652230000000046e+00 9.434227643949633091e-04
2.466985279999999836e+00 7.892696846880653538e-04
2.417318320000000131e+00 6.263476545775858995e-04
2.367651369999999922e+00 4.545223993808189533e-04
2.317984410000000217e+00 2.739090531493904024e-04
2.268317460000000008e+00 8.392639003429458455e-05
2.218650499999999859e+00 -1.161000042648741015e-04
2.168983550000000093e+00 -3.255364144396644122e-04
2.119316589999999945e+00 -5.436864890411285955e-04
2.069649640000000179e+00 -7.715598400463985485e-04
2.019982680000000030e+00 -1.009123884334162113e-03
1.970315730000000043e+00 -1.255823043744275225e-03
1.920648769999999894e+00 -1.511770690158842356e-03
1.870981809999999967e+00 -1.774738458713676081e-03
1.821314859999999980e+00 -2.046677575885613720e-03
1.771647900000000053e+00 -2.325878247152912692e-03
1.721980950000000066e+00 -2.611803067719353777e-03
1.672313989999999917e+00 -2.904201320715671386e-03
1.622647039999999929e+00 -3.200830729157111421e-03
1.572980080000000003e+00 -3.502033617043709413e-03
1.523313130000000015e+00 -3.805911725802024748e-03
1.473646170000000089e+00 -4.112294332066834812e-03
1.423979220000000101e+00 -4.416367832465573073e-03
1.374312259999999952e+00 -4.720681551752869964e-03
1.324645309999999965e+00 -5.020608473880194822e-03
1.274978350000000038e+00 -5.314915200797631911e-03
1.225311400000000051e+00 -5.602354735424031063e-03
1.175644439999999902e+00 -5.881019436999590511e-03
1.125977479999999975e+00 -6.147549445665534407e-03
1.076310529999999988e+00 -6.397899414383401151e-03
1.026643570000000061e+00 -6.628205923607355388e-03
9.769766189999999906e-01 -6.843718669010456779e-03
9.273096640000000335e-01 -7.024876784934797058e-03
8.776427079999999936e-01 -7.187839555981678785e-03
8.279757530000000365e-01 -7.323356273678527373e-03
7.786002389999999718e-01 -7.417931374585240434e-03
7.317317880000000496e-01 -7.483898134267974456e-03
6.876846269999999928e-01 -7.479493728473229908e-03
6.462889219999999879e-01 -7.467147021974485099e-03
6.073850619999999756e-01 -7.421166464438355703e-03
5.708230460000000006e-01 -7.338461507813809348e-03
5.364619149999999559e-01 -7.205082349855507218e-03
5.041691750000000249e-01 -7.106995401381821509e-03
4.738203240000000149e-01 -6.946114307729178705e-03
4.452983460000000115e-01 -6.767817715951807145e-03
4.184932690000000011e-01 -6.601713412807796999e-03
3.933017460000000076e-01 -6.428145460390055632e-03
3.696266380000000074e-01 -6.176332556464325663e-03
3.473766770000000226e-01 -5.949131575981647657e-03
3.264660690000000254e-01 -5.834672788924244458e-03
3.068141939999999845e-01 -5.530567968133448531e-03
2.883452770000000109e-01 -5.253696604906377132e-03
2.709881089999999770e-01 -5.118053005383593757e-03
2.546757709999999952e-01 -4.844279580856092338e-03
2.393453670000000033e-01 -4.570446413860285162e-03
2.249377889999999991e-01 -4.479639051287565010e-03
2.113974849999999961e-01 -4.190444196422449252e-03
1.986678209999999944e-01 -3.965090261268455762e-03
1.862510820000000122e-01 -3.781616475671656374e-03
1.738343440000000018e-01 -3.571248454516284809e-03
1.614176049999999918e-01 -3.333699833869774309e-03
1.490008660000000096e-01 -3.078756346488242812e-03
1.365841269999999996e-01 -2.831627556617588581e-03
1.241673880000000035e-01 -2.648400662739858191e-03
1.117506489999999936e-01 -2.353609919458765631e-03
9.933391060000000550e-02 -2.059073656872634217e-03
8.691717179999999821e-02 -1.776795249292195678e-03
7.450043300000000479e-02 -1.576102147190727720e-03
6.208369419999999750e-02 -1.193330673980863565e-03
4.966695530000000275e-02 -9.149248255324593515e-04
3.725021650000000240e-02 -7.047221590490426735e-04
2.483347769999999857e-02 -3.675356821370989735e-04
1.241673880000000035e-02 -7.121637955642690088e-05
0.000000000000000000e+00 0.000000000000000000e+00
