# curve 5 (die wall), step =      800, time =   1.60000000E+02
# N1 = tau_xx - tau_yy = G ( c_xx - c_yy ),  G =  5.5556E-02  (polymer part only)
#              x               y        pressure            c_xy        gammadot            c_xx            c_yy              N1
 -3.00000000E+00  1.00000000E+00  3.05777797E+00 -3.60359868E+00  4.00246821E-01  2.69720435E+01  9.99866580E-01  1.44289872E+00
 -2.95108291E+00  1.00000000E+00  3.01851828E+00 -3.60513219E+00  4.00162964E-01  2.69806119E+01  1.00017175E+00  1.44335778E+00
 -2.90216582E+00  1.00000000E+00  2.97925859E+00 -3.60666628E+00  4.00145578E-01  2.69891830E+01  1.00047704E+00  1.44381700E+00
 -2.85324873E+00  1.00000000E+00  2.93942434E+00 -3.60075846E+00  3.99958092E-01  2.69650957E+01  9.99374739E-01  1.44254006E+00
 -2.80433164E+00  1.00000000E+00  2.89959008E+00 -3.59485732E+00  3.99946996E-01  2.69410318E+01  9.98274304E-01  1.44126430E+00
 -2.75541455E+00  1.00000000E+00  2.86054048E+00 -3.59697636E+00  4.00238714E-01  2.69377077E+01  9.98799175E-01  1.44105048E+00
 -2.70649746E+00  1.00000000E+00  2.82149087E+00 -3.59909495E+00  4.00291663E-01  2.69343856E+01  9.99324370E-01  1.44083673E+00
 -2.65758037E+00  1.00000000E+00  2.78239424E+00 -3.60185751E+00  4.00368920E-01  2.69470880E+01  9.99838374E-01  1.44151387E+00
 -2.60866328E+00  1.00000000E+00  2.74329760E+00 -3.60462168E+00  4.00244275E-01  2.69597967E+01  1.00035277E+00  1.44219133E+00
 -2.55974619E+00  1.00000000E+00  2.70451895E+00 -3.60523550E+00  4.00148951E-01  2.69700226E+01  1.00045001E+00  1.44275404E+00
 -2.51082911E+00  1.00000000E+00  2.66574029E+00 -3.60584934E+00  4.00221769E-01  2.69802526E+01  1.00054725E+00  1.44331696E+00
 -2.46191202E+00  1.00000000E+00  2.62601973E+00 -3.60279772E+00  4.00083268E-01  2.69680872E+01  9.99900146E-01  1.44267706E+00
 -2.41299493E+00  1.00000000E+00  2.58629917E+00 -3.59974796E+00  4.00039346E-01  2.69559277E+01  9.99253576E-01  1.44203745E+00
 -2.36407784E+00  1.00000000E+00  2.54758286E+00 -3.60248973E+00  4.00043897E-01  2.69576756E+01  1.00003161E+00  1.44209133E+00
 -2.31516075E+00  1.00000000E+00  2.50886655E+00 -3.60523215E+00  3.99952974E-01  2.69594250E+01  1.00081024E+00  1.44214527E+00
 -2.26624366E+00  1.00000000E+00  2.46965172E+00 -3.60304470E+00  3.99905958E-01  2.69698609E+01  1.00005155E+00  1.44276719E+00
 -2.21732657E+00  1.00000000E+00  2.43043689E+00 -3.60085601E+00  3.99985541E-01  2.69803035E+01  9.99293306E-01  1.44338946E+00
 -2.16840948E+00  1.00000000E+00  2.39093978E+00 -3.60194541E+00  3.99992040E-01  2.69724176E+01  9.99642943E-01  1.44293193E+00
 -2.11949239E+00  1.00000000E+00  2.35144267E+00 -3.60303415E+00  3.99960452E-01  2.69645350E+01  9.99992677E-01  1.44247457E+00
 -2.07057530E+00  1.00000000E+00  2.31299456E+00 -3.60545836E+00  4.00062410E-01  2.69876187E+01  1.00034000E+00  1.44373770E+00
 -2.02165821E+00  1.00000000E+00  2.27454645E+00 -3.60788427E+00  4.00015396E-01  2.70107222E+01  1.00068747E+00  1.44500193E+00
 -1.97274112E+00  1.00000000E+00  2.23462263E+00 -3.60269366E+00  3.99877901E-01  2.69944151E+01  9.99503707E-01  1.44416174E+00
 -1.92382403E+00  1.00000000E+00  2.19469882E+00 -3.59750769E+00  3.99909104E-01  2.69781199E+01  9.98321613E-01  1.44332213E+00
 -1.87490694E+00  1.00000000E+00  2.15561634E+00 -3.60186650E+00  4.00039526E-01  2.69684698E+01  9.99645149E-01  1.44271248E+00
 -1.82598985E+00  1.00000000E+00  2.11653386E+00 -3.60622359E+00  3.99987394E-01  2.69588301E+01  1.00097027E+00  1.44210332E+00
 -1.77707276E+00  1.00000000E+00  2.07766392E+00 -3.60934293E+00  3.99997804E-01  2.69793473E+01  1.00151096E+00  1.44321313E+00
 -1.72815567E+00  1.00000000E+00  2.03879397E+00 -3.61246481E+00  3.99794414E-01  2.69998801E+01  1.00205207E+00  1.44432378E+00
 -1.67923858E+00  1.00000000E+00  1.99969428E+00 -3.61067147E+00  3.99463782E-01  2.69941773E+01  1.00175539E+00  1.44402344E+00
 -1.63032150E+00  1.00000000E+00  1.96059460E+00 -3.60887859E+00  3.99432596E-01  2.69884759E+01  1.00145888E+00  1.44372317E+00
 -1.58140441E+00  1.00000000E+00  1.92116366E+00 -3.60687301E+00  3.99105372E-01  2.69549976E+01  1.00168850E+00  1.44185051E+00
 -1.53248732E+00  1.00000000E+00  1.88173272E+00 -3.60486871E+00  3.98928658E-01  2.69215619E+01  1.00191819E+00  1.43998021E+00
 -1.48357023E+00  1.00000000E+00  1.84227786E+00 -3.59651269E+00  3.98849250E-01  2.68989491E+01  9.99808648E-01  1.43884114E+00
 -1.43465314E+00  1.00000000E+00  1.80282300E+00 -3.58816834E+00  3.99048690E-01  2.68763619E+01  9.97703904E-01  1.43770322E+00
 -1.38573605E+00  1.00000000E+00  1.76334300E+00 -3.58727572E+00  3.98806823E-01  2.68259942E+01  9.98621045E-01  1.43485406E+00
 -1.33681896E+00  1.00000000E+00  1.72386300E+00 -3.58638098E+00  3.98476247E-01  2.67757273E+01  9.99538355E-01  1.43201050E+00
 -1.28790187E+00  1.00000000E+00  1.68435666E+00 -3.58695213E+00  3.97924902E-01  2.67246290E+01  1.00064816E+00  1.42911004E+00
 -1.23898478E+00  1.00000000E+00  1.64485032E+00 -3.58751631E+00  3.97290124E-01  2.66736391E+01  1.00175804E+00  1.42621562E+00
 -1.19006769E+00  1.00000000E+00  1.60657762E+00 -3.58539544E+00  3.96403085E-01  2.66244380E+01  1.00231783E+00  1.42345112E+00
 -1.14115060E+00  1.00000000E+00  1.56830491E+00 -3.58327534E+00  3.95462827E-01  2.65753312E+01  1.00287768E+00  1.42069186E+00
 -1.09223351E+00  1.00000000E+00  1.52806159E+00 -3.57196443E+00  3.94611518E-01  2.64671831E+01  1.00199904E+00  1.41473245E+00
 -1.04331642E+00  1.00000000E+00  1.48781828E+00 -3.56069246E+00  3.93744423E-01  2.63594762E+01  1.00112374E+00  1.40879736E+00
 -9.94399333E-01  1.00000000E+00  1.44961912E+00 -3.55952827E+00  3.92420482E-01  2.62221621E+01  1.00351759E+00  1.40103581E+00
 -9.45482243E-01  1.00000000E+00  1.41141996E+00 -3.55833233E+00  3.90894681E-01  2.60856230E+01  1.00591052E+00  1.39331736E+00
 -8.96565154E-01  1.00000000E+00  1.37301957E+00 -3.54655502E+00  3.88981221E-01  2.59329302E+01  1.00613562E+00  1.38482192E+00
 -8.47648064E-01  1.00000000E+00  1.33461917E+00 -3.53482331E+00  3.87253623E-01  2.57811441E+01  1.00636298E+00  1.37637673E+00
 -7.99501858E-01  1.00000000E+00  1.29851315E+00 -3.52154143E+00  3.84269639E-01  2.55376348E+01  1.00777441E+00  1.36277002E+00
 -7.51355652E-01  1.00000000E+00  1.26240714E+00 -3.50829925E+00  3.82210001E-01  2.52964990E+01  1.00918233E+00  1.34929537E+00
 -7.08111109E-01  1.00000000E+00  1.23043842E+00 -3.47404710E+00  3.79160857E-01  2.49657177E+01  1.00629889E+00  1.33107883E+00
 -6.64866566E-01  1.00000000E+00  1.19846971E+00 -3.44016041E+00  3.77243973E-01  2.46392785E+01  1.00344372E+00  1.31310193E+00
 -6.26599939E-01  1.00000000E+00  1.17131239E+00 -3.42069753E+00  3.75585125E-01  2.43736626E+01  1.00335267E+00  1.29835055E+00
 -5.88333313E-01  1.00000000E+00  1.14415507E+00 -3.40135033E+00  3.73773846E-01  2.41109652E+01  1.00326106E+00  1.28376134E+00
 -5.54471587E-01  1.00000000E+00  1.12237341E+00 -3.38755688E+00  3.72359951E-01  2.39129881E+01  1.00354490E+00  1.27274684E+00
 -5.20609860E-01  1.00000000E+00  1.10059175E+00 -3.37382128E+00  3.70548536E-01  2.37166729E+01  1.00382785E+00  1.26182473E+00
 -4.90645977E-01  1.00000000E+00  1.08294272E+00 -3.35355130E+00  3.68054398E-01  2.34521799E+01  1.00342454E+00  1.24715308E+00
 -4.60682095E-01  1.00000000E+00  1.06529369E+00 -3.33340951E+00  3.66506705E-01  2.31906911E+01  1.00302105E+00  1.23264833E+00
 -4.34167380E-01  1.00000000E+00  1.05190862E+00 -3.31786408E+00  3.65977660E-01  2.30421825E+01  1.00168145E+00  1.22447228E+00
 -4.07652666E-01  1.00000000E+00  1.03852354E+00 -3.30239819E+00  3.64816487E-01  2.28946295E+01  1.00034776E+00  1.21634899E+00
 -3.84190072E-01  1.00000000E+00  1.02744212E+00 -3.27894868E+00  3.63377519E-01  2.26725674E+01  9.97985195E-01  1.20414346E+00
 -3.60727478E-01  1.00000000E+00  1.01636070E+00 -3.25567983E+00  3.62834960E-01  2.24526698E+01  9.95635980E-01  1.19205743E+00
 -3.39965684E-01  1.00000000E+00  1.01014422E+00 -3.25634892E+00  3.62699995E-01  2.23484126E+01  9.97798964E-01  1.18614520E+00
 -3.19203889E-01  1.00000000E+00  1.00392773E+00 -3.25698156E+00  3.62031842E-01  2.22446959E+01  9.99960979E-01  1.18026305E+00
 -3.00831998E-01  1.00000000E+00  1.00156931E+00 -3.26154375E+00  3.60634076E-01  2.21545691E+01  1.00373545E+00  1.17504632E+00
 -2.82460107E-01  1.00000000E+00  9.99210896E-01 -3.26606846E+00  3.59048799E-01  2.20648788E+01  1.00751673E+00  1.16985345E+00
 -2.66203017E-01  1.00000000E+00  9.97630574E-01 -3.25165336E+00  3.58283012E-01  2.19939366E+01  1.00485752E+00  1.16605995E+00
 -2.49945927E-01  1.00000000E+00  9.96050252E-01 -3.23729129E+00  3.57414910E-01  2.19232277E+01  1.00221016E+00  1.16227875E+00
 -2.35560203E-01  1.00000000E+00  9.98480957E-01 -3.23798126E+00  3.55821367E-01  2.17978476E+01  1.00559705E+00  1.15512503E+00
 -2.21174479E-01  1.00000000E+00  1.00091166E+00 -3.23862952E+00  3.54425488E-01  2.16732666E+01  1.00898623E+00  1.14801558E+00
 -2.08421419E-01  1.00000000E+00  1.00435632E+00 -3.23978555E+00  3.53399629E-01  2.15718008E+01  1.01195818E+00  1.14221348E+00
 -1.95668358E-01  1.00000000E+00  1.00780098E+00 -3.24091050E+00  3.51798366E-01  2.14708699E+01  1.01493224E+00  1.13644098E+00
 -1.83439085E-01  1.00000000E+00  1.01576540E+00 -3.23541452E+00  3.49858243E-01  2.13323816E+01  1.01728273E+00  1.12861660E+00
 -1.71209813E-01  1.00000000E+00  1.02372982E+00 -3.22992014E+00  3.46123876E-01  2.11948354E+01  1.01963451E+00  1.12084450E+00
 -1.58980541E-01  1.00000000E+00  1.02910719E+00 -3.17815519E+00  3.38957580E-01  2.04833122E+01  1.02317463E+00  1.08111875E+00
 -1.46751268E-01  1.00000000E+00  1.03448457E+00 -3.12732884E+00  3.30707592E-01  1.97962910E+01  1.02673209E+00  1.04275327E+00
 -1.34521996E-01  1.00000000E+00  1.05691930E+00 -3.10660951E+00  3.20179857E-01  1.86669724E+01  1.05541848E+00  9.78419665E-01
 -1.22292724E-01  1.00000000E+00  1.07935404E+00 -3.08416214E+00  2.99217190E-01  1.76077432E+01  1.08423132E+00  9.17972882E-01
 -1.10063451E-01  1.00000000E+00  1.13330436E+00 -2.96267578E+00  2.52332401E-01  1.42818969E+01  1.18070552E+00  7.27843968E-01
 -9.78341789E-02  1.00000000E+00  1.18725468E+00 -2.83913756E+00  2.10471540E-01  1.16347697E+01  1.27938078E+00  5.75299386E-01
 -8.56049065E-02  1.00000000E+00  1.34279286E+00 -2.08159166E+00  1.65419593E-01  8.69298753E+00  1.10334442E+00  4.21646839E-01
 -7.33756342E-02  1.00000000E+00  1.49833103E+00 -1.51491487E+00  1.24988208E-01  6.49774310E+00  9.76723874E-01  3.06723290E-01
 -6.11463618E-02  1.00000000E+00  1.73586087E+00 -1.06169863E+00  9.40318132E-02  2.48264710E+00  1.34525574E+00  6.31884088E-02
 -4.89170895E-02  1.00000000E+00  1.97339072E+00 -8.72193426E-01  8.28502640E-02  1.01415282E+00  1.94156545E+00 -5.15229241E-02
 -3.66878171E-02  1.00000000E+00  3.01821979E+00 -1.17934741E+00  2.20879917E-01  1.65812688E+00  1.59114950E+00  3.72096569E-03
 -2.44585447E-02  1.00000000E+00  4.06304887E+00 -1.61334058E+00  3.26960144E-01  2.68446164E+00  1.44935880E+00  6.86168242E-02
 -1.22292724E-02  1.00000000E+00  1.76882608E+00  1.41088581E+00  1.11608002E+00  2.23949623E+00  3.05625932E+00 -4.53757270E-02
  0.00000000E+00  1.00000000E+00 -5.25396700E-01  2.34495148E+01  1.65458667E+01  1.72477594E+01  3.29418733E+01 -8.71895217E-01
