# curve 5 (die wall), step =      600, time =   1.20000000E+02
# N1 = tau_xx - tau_yy = G ( c_xx - c_yy ),  G =  5.5556E-02  (polymer part only)
#              x               y        pressure            c_xy        gammadot            c_xx            c_yy              N1
 -3.00000000E+00  1.00000000E+00  3.05776743E+00 -3.60359405E+00  4.00246521E-01  2.69714725E+01  9.99866730E-01  1.44286699E+00
 -2.95108291E+00  1.00000000E+00  3.01850760E+00 -3.60512047E+00  4.00162708E-01  2.69800272E+01  1.00017026E+00  1.44332538E+00
 -2.90216582E+00  1.00000000E+00  2.97924777E+00 -3.60664747E+00  4.00145557E-01  2.69885846E+01  1.00047391E+00  1.44378393E+00
 -2.85324873E+00  1.00000000E+00  2.93941296E+00 -3.60073658E+00  3.99958329E-01  2.69644899E+01  9.99370810E-01  1.44250662E+00
 -2.80433164E+00  1.00000000E+00  2.89957814E+00 -3.59483237E+00  3.99947631E-01  2.69404187E+01  9.98269582E-01  1.44123051E+00
 -2.75541455E+00  1.00000000E+00  2.86052831E+00 -3.59695913E+00  4.00239627E-01  2.69371120E+01  9.98796041E-01  1.44101755E+00
 -2.70649746E+00  1.00000000E+00  2.82147847E+00 -3.59908544E+00  4.00292733E-01  2.69338072E+01  9.99322827E-01  1.44080469E+00
 -2.65758037E+00  1.00000000E+00  2.78238241E+00 -3.60185946E+00  4.00370047E-01  2.69465525E+01  9.99839142E-01  1.44148407E+00
 -2.60866328E+00  1.00000000E+00  2.74328634E+00 -3.60463510E+00  4.00244989E-01  2.69593040E+01  1.00035586E+00  1.44216379E+00
 -2.55974619E+00  1.00000000E+00  2.70450789E+00 -3.60525221E+00  4.00149372E-01  2.69695565E+01  1.00045370E+00  1.44272793E+00
 -2.51082911E+00  1.00000000E+00  2.66572944E+00 -3.60586935E+00  4.00221933E-01  2.69798130E+01  1.00055154E+00  1.44329230E+00
 -2.46191202E+00  1.00000000E+00  2.62600964E+00 -3.60281539E+00  4.00082997E-01  2.69676497E+01  9.99904107E-01  1.44265253E+00
 -2.41299493E+00  1.00000000E+00  2.58628984E+00 -3.59976328E+00  4.00038635E-01  2.69554924E+01  9.99257208E-01  1.44201307E+00
 -2.36407784E+00  1.00000000E+00  2.54757311E+00 -3.60249084E+00  4.00042897E-01  2.69571922E+01  1.00003244E+00  1.44206443E+00
 -2.31516075E+00  1.00000000E+00  2.50885638E+00 -3.60521903E+00  3.99952208E-01  2.69588935E+01  1.00080826E+00  1.44211585E+00
 -2.26624366E+00  1.00000000E+00  2.46964128E+00 -3.60303060E+00  3.99905486E-01  2.69693093E+01  1.00004946E+00  1.44273666E+00
 -2.21732657E+00  1.00000000E+00  2.43042617E+00 -3.60084093E+00  3.99985327E-01  2.69797318E+01  9.99291106E-01  1.44335782E+00
 -2.16840948E+00  1.00000000E+00  2.39092890E+00 -3.60193243E+00  3.99992036E-01  2.69718416E+01  9.99641252E-01  1.44290002E+00
 -2.11949239E+00  1.00000000E+00  2.35143162E+00 -3.60302327E+00  3.99960601E-01  2.69639548E+01  9.99991495E-01  1.44244240E+00
 -2.07057530E+00  1.00000000E+00  2.31298376E+00 -3.60545284E+00  4.00062625E-01  2.69870499E+01  1.00033992E+00  1.44370611E+00
 -2.02165821E+00  1.00000000E+00  2.27453591E+00 -3.60788412E+00  4.00015511E-01  2.70101648E+01  1.00068851E+00  1.44497091E+00
 -1.97274112E+00  1.00000000E+00  2.23461225E+00 -3.60269354E+00  3.99877933E-01  2.69938609E+01  9.99504693E-01  1.44413090E+00
 -1.92382403E+00  1.00000000E+00  2.19468858E+00 -3.59750760E+00  3.99909043E-01  2.69775690E+01  9.98322551E-01  1.44329147E+00
 -1.87490694E+00  1.00000000E+00  2.15560609E+00 -3.60186472E+00  4.00039371E-01  2.69679116E+01  9.99645813E-01  1.44268143E+00
 -1.82598985E+00  1.00000000E+00  2.11652360E+00 -3.60622013E+00  3.99987192E-01  2.69582646E+01  1.00097066E+00  1.44207188E+00
 -1.77707276E+00  1.00000000E+00  2.07765356E+00 -3.60933966E+00  3.99997541E-01  2.69787717E+01  1.00151155E+00  1.44318112E+00
 -1.72815567E+00  1.00000000E+00  2.03878352E+00 -3.61246174E+00  3.99794147E-01  2.69992946E+01  1.00205285E+00  1.44429121E+00
 -1.67923858E+00  1.00000000E+00  1.99968421E+00 -3.61066713E+00  3.99463362E-01  2.69935767E+01  1.00175601E+00  1.44399004E+00
 -1.63032150E+00  1.00000000E+00  1.96058490E+00 -3.60887297E+00  3.99432115E-01  2.69878604E+01  1.00145936E+00  1.44368895E+00
 -1.58140441E+00  1.00000000E+00  1.92115413E+00 -3.60685954E+00  3.99105028E-01  2.69543591E+01  1.00168727E+00  1.44181510E+00
 -1.53248732E+00  1.00000000E+00  1.88172336E+00 -3.60484739E+00  3.98928521E-01  2.69209005E+01  1.00191525E+00  1.43994362E+00
 -1.48357023E+00  1.00000000E+00  1.84226735E+00 -3.59648371E+00  3.98849414E-01  2.68982610E+01  9.99803852E-01  1.43880317E+00
 -1.43465314E+00  1.00000000E+00  1.80281133E+00 -3.58813171E+00  3.99049345E-01  2.68756470E+01  9.97697254E-01  1.43766388E+00
 -1.38573605E+00  1.00000000E+00  1.76333121E+00 -3.58725783E+00  3.98808047E-01  2.68253136E+01  9.98618484E-01  1.43481639E+00
 -1.33681896E+00  1.00000000E+00  1.72385110E+00 -3.58638178E+00  3.98477422E-01  2.67750807E+01  9.99539886E-01  1.43197449E+00
 -1.28790187E+00  1.00000000E+00  1.68434592E+00 -3.58696595E+00  3.97925706E-01  2.67240413E+01  1.00065218E+00  1.42907717E+00
 -1.23898478E+00  1.00000000E+00  1.64484074E+00 -3.58754314E+00  3.97290277E-01  2.66731102E+01  1.00176457E+00  1.42618587E+00
 -1.19006769E+00  1.00000000E+00  1.60656849E+00 -3.58541531E+00  3.96402576E-01  2.66239020E+01  1.00232319E+00  1.42342105E+00
 -1.14115060E+00  1.00000000E+00  1.56829624E+00 -3.58328826E+00  3.95462015E-01  2.65747883E+01  1.00288187E+00  1.42066147E+00
 -1.09223351E+00  1.00000000E+00  1.52805316E+00 -3.57196727E+00  3.94610516E-01  2.64666003E+01  1.00200149E+00  1.41469993E+00
 -1.04331642E+00  1.00000000E+00  1.48781009E+00 -3.56068529E+00  3.93743265E-01  2.63588538E+01  1.00112445E+00  1.40876274E+00
 -9.94399333E-01  1.00000000E+00  1.44961041E+00 -3.55950789E+00  3.92419197E-01  2.62214580E+01  1.00351624E+00  1.40099676E+00
 -9.45482243E-01  1.00000000E+00  1.41141073E+00 -3.55829878E+00  3.90893666E-01  2.60848380E+01  1.00590711E+00  1.39327394E+00
 -8.96565154E-01  1.00000000E+00  1.37301041E+00 -3.54651895E+00  3.88980355E-01  2.59321133E+01  1.00613180E+00  1.38477675E+00
 -8.47648064E-01  1.00000000E+00  1.33461009E+00 -3.53478473E+00  3.87253098E-01  2.57802957E+01  1.00635877E+00  1.37632983E+00
 -7.99501858E-01  1.00000000E+00  1.29850455E+00 -3.52148269E+00  3.84269287E-01  2.55367293E+01  1.00776557E+00  1.36272021E+00
 -7.51355652E-01  1.00000000E+00  1.26239900E+00 -3.50822057E+00  3.82210275E-01  2.52955377E+01  1.00916887E+00  1.34924271E+00
 -7.08111109E-01  1.00000000E+00  1.23042833E+00 -3.47396374E+00  3.79163296E-01  2.49647885E+01  1.00628270E+00  1.33102810E+00
 -6.64866566E-01  1.00000000E+00  1.19845767E+00 -3.44007246E+00  3.77248119E-01  2.46383807E+01  1.00342483E+00  1.31305311E+00
 -6.26599939E-01  1.00000000E+00  1.17129830E+00 -3.42064652E+00  3.75590806E-01  2.43729608E+01  1.00334025E+00  1.29831225E+00
 -5.88333313E-01  1.00000000E+00  1.14413893E+00 -3.40133574E+00  3.73779967E-01  2.41104554E+01  1.00325509E+00  1.28373335E+00
 -5.54471587E-01  1.00000000E+00  1.12235833E+00 -3.38759175E+00  3.72365505E-01  2.39127597E+01  1.00354750E+00  1.27273401E+00
 -5.20609860E-01  1.00000000E+00  1.10057773E+00 -3.37390511E+00  3.70553408E-01  2.37167215E+01  1.00383900E+00  1.26182681E+00
 -4.90645977E-01  1.00000000E+00  1.08293205E+00 -3.35366754E+00  3.68059437E-01  2.34525751E+01  1.00344230E+00  1.24717405E+00
 -4.60682095E-01  1.00000000E+00  1.06528637E+00 -3.33355779E+00  3.66510062E-01  2.31914251E+01  1.00304542E+00  1.23268776E+00
 -4.34167380E-01  1.00000000E+00  1.05190151E+00 -3.31799197E+00  3.65977943E-01  2.30430235E+01  1.00170018E+00  1.22451796E+00
 -4.07652666E-01  1.00000000E+00  1.03851665E+00 -3.30250589E+00  3.64815549E-01  2.28955761E+01  1.00036092E+00  1.21640084E+00
 -3.84190072E-01  1.00000000E+00  1.02743278E+00 -3.27910115E+00  3.63376164E-01  2.26737456E+01  9.98010351E-01  1.20420752E+00
 -3.60727478E-01  1.00000000E+00  1.01634892E+00 -3.25587641E+00  3.62831756E-01  2.24540750E+01  9.95673057E-01  1.19213344E+00
 -3.39965684E-01  1.00000000E+00  1.01013887E+00 -3.25657237E+00  3.62694121E-01  2.23500131E+01  9.97842797E-01  1.18623168E+00
 -3.19203889E-01  1.00000000E+00  1.00392881E+00 -3.25723189E+00  3.62022062E-01  2.22464899E+01  1.00001160E+00  1.18035990E+00
 -3.00831998E-01  1.00000000E+00  1.00156997E+00 -3.26163831E+00  3.60621466E-01  2.21560125E+01  1.00375138E+00  1.17512562E+00
 -2.82460107E-01  1.00000000E+00  9.99211132E-01 -3.26600776E+00  3.59038183E-01  2.20659735E+01  1.00749778E+00  1.16991532E+00
 -2.66203017E-01  1.00000000E+00  9.97625439E-01 -3.25149530E+00  3.58275610E-01  2.19946388E+01  1.00481930E+00  1.16610109E+00
 -2.49945927E-01  1.00000000E+00  9.96039745E-01 -3.23703656E+00  3.57412933E-01  2.19235402E+01  1.00215285E+00  1.16229930E+00
 -2.35560203E-01  1.00000000E+00  9.98462234E-01 -3.23777532E+00  3.55826163E-01  2.17982291E+01  1.00554683E+00  1.15514901E+00
 -2.21174479E-01  1.00000000E+00  1.00088472E+00 -3.23847201E+00  3.54435045E-01  2.16737165E+01  1.00894311E+00  1.14804297E+00
 -2.08421419E-01  1.00000000E+00  1.00432775E+00 -3.23978967E+00  3.53411629E-01  2.15728182E+01  1.01194945E+00  1.14227048E+00
 -1.95668358E-01  1.00000000E+00  1.00777078E+00 -3.24107569E+00  3.51808785E-01  2.14724500E+01  1.01495807E+00  1.13652733E+00
 -1.83439085E-01  1.00000000E+00  1.01574325E+00 -3.23570643E+00  3.49865389E-01  2.13346016E+01  1.01733420E+00  1.12873708E+00
 -1.71209813E-01  1.00000000E+00  1.02371572E+00 -3.23033805E+00  3.46125207E-01  2.11976873E+01  1.01971169E+00  1.12099865E+00
 -1.58980541E-01  1.00000000E+00  1.02910540E+00 -3.17843521E+00  3.38952430E-01  2.04862524E+01  1.02321774E+00  1.08127970E+00
 -1.46751268E-01  1.00000000E+00  1.03449508E+00 -3.12747749E+00  3.30702260E-01  1.97993062E+01  1.02674198E+00  1.04292024E+00
 -1.34521996E-01  1.00000000E+00  1.05691072E+00 -3.10655060E+00  3.20176544E-01  1.86696698E+01  1.05536742E+00  9.78572354E-01
 -1.22292724E-01  1.00000000E+00  1.07932636E+00 -3.08390888E+00  2.99224356E-01  1.76101343E+01  1.08411815E+00  9.18112006E-01
 -1.10063451E-01  1.00000000E+00  1.13325207E+00 -2.96294009E+00  2.52355920E-01  1.42857817E+01  1.18070706E+00  7.28059705E-01
 -9.78341789E-02  1.00000000E+00  1.18717779E+00 -2.83983578E+00  2.10488233E-01  1.16395308E+01  1.27950712E+00  5.75556872E-01
 -8.56049065E-02  1.00000000E+00  1.34276582E+00 -2.08277262E+00  1.65424324E-01  8.69894611E+00  1.10369905E+00  4.21958170E-01
 -7.33756342E-02  1.00000000E+00  1.49835385E+00 -1.51628957E+00  1.24959612E-01  6.50398294E+00  9.77222669E-01  3.07042237E-01
 -6.11463618E-02  1.00000000E+00  1.73590967E+00 -1.06241958E+00  9.39471042E-02  2.48421557E+00  1.34600070E+00  6.32341595E-02
 -4.89170895E-02  1.00000000E+00  1.97346549E+00 -8.72689724E-01  8.28222728E-02  1.01449651E+00  1.94285632E+00 -5.15755453E-02
 -3.66878171E-02  1.00000000E+00  3.01822023E+00 -1.17954145E+00  2.20897687E-01  1.65828751E+00  1.59168739E+00  3.70000645E-03
 -2.44585447E-02  1.00000000E+00  4.06297497E+00 -1.61304541E+00  3.26953391E-01  2.68409302E+00  1.44929266E+00  6.86000198E-02
 -1.22292724E-02  1.00000000E+00  1.76880800E+00  1.41141164E+00  1.11606606E+00  2.23984342E+00  3.05689861E+00 -4.53919548E-02
  0.00000000E+00  1.00000000E+00 -5.25358968E-01  2.34537967E+01  1.65384159E+01  1.72512411E+01  3.29471095E+01 -8.71992688E-01
