# curve 5 (die wall), step =      100, time =   4.00000000E+01
# N1 = tau_xx - tau_yy = G ( c_xx - c_yy ),  G =  6.0000E-02  (polymer part only)
#              x               y        pressure            c_xy        gammadot            c_xx            c_yy              N1
 -3.00000000E+00  1.00000000E+00  2.23358724E+00 -8.52634957E-01  4.12485195E-01  2.85315173E+00  6.64152376E-01  1.31339961E-01
 -2.97524677E+00  1.00000000E+00  2.21676375E+00 -8.52597350E-01  4.12488724E-01  2.85304457E+00  6.64152964E-01  1.31333496E-01
 -2.95049355E+00  1.00000000E+00  2.19994027E+00 -8.52559744E-01  4.12491229E-01  2.85293741E+00  6.64153552E-01  1.31327031E-01
 -2.92574032E+00  1.00000000E+00  2.18311511E+00 -8.52589749E-01  4.12490670E-01  2.85303295E+00  6.64151979E-01  1.31332858E-01
 -2.90098710E+00  1.00000000E+00  2.16628995E+00 -8.52619755E-01  4.12487607E-01  2.85312850E+00  6.64150407E-01  1.31338686E-01
 -2.87623387E+00  1.00000000E+00  2.14945767E+00 -8.52681514E-01  4.12484918E-01  2.85338711E+00  6.64134202E-01  1.31355174E-01
 -2.85148064E+00  1.00000000E+00  2.13262538E+00 -8.52743278E-01  4.12480966E-01  2.85364574E+00  6.64118000E-01  1.31371664E-01
 -2.82672742E+00  1.00000000E+00  2.11579954E+00 -8.52655994E-01  4.12484592E-01  2.85335564E+00  6.64126235E-01  1.31353765E-01
 -2.80197419E+00  1.00000000E+00  2.09897369E+00 -8.52568718E-01  4.12486618E-01  2.85306558E+00  6.64134474E-01  1.31335867E-01
 -2.77722097E+00  1.00000000E+00  2.08214525E+00 -8.52596510E-01  4.12488969E-01  2.85306929E+00  6.64147839E-01  1.31335287E-01
 -2.75246774E+00  1.00000000E+00  2.06531680E+00 -8.52624303E-01  4.12490683E-01  2.85307300E+00  6.64161204E-01  1.31334708E-01
 -2.72771451E+00  1.00000000E+00  2.04849241E+00 -8.52609833E-01  4.12489729E-01  2.85306499E+00  6.64156328E-01  1.31334520E-01
 -2.70296129E+00  1.00000000E+00  2.03166802E+00 -8.52595364E-01  4.12486405E-01  2.85305698E+00  6.64151452E-01  1.31334332E-01
 -2.67820806E+00  1.00000000E+00  2.01484012E+00 -8.52611191E-01  4.12485350E-01  2.85307937E+00  6.64154362E-01  1.31335501E-01
 -2.65345484E+00  1.00000000E+00  1.99801222E+00 -8.52627018E-01  4.12485877E-01  2.85310176E+00  6.64157272E-01  1.31336669E-01
 -2.62870161E+00  1.00000000E+00  1.98118536E+00 -8.52625846E-01  4.12487168E-01  2.85308310E+00  6.64160229E-01  1.31335372E-01
 -2.60394839E+00  1.00000000E+00  1.96435850E+00 -8.52624673E-01  4.12488559E-01  2.85306444E+00  6.64163186E-01  1.31334075E-01
 -2.57919516E+00  1.00000000E+00  1.94753325E+00 -8.52604403E-01  4.12488417E-01  2.85303786E+00  6.64158236E-01  1.31332777E-01
 -2.55444193E+00  1.00000000E+00  1.93070800E+00 -8.52584134E-01  4.12486923E-01  2.85301127E+00  6.64153287E-01  1.31331479E-01
 -2.52968871E+00  1.00000000E+00  1.91387646E+00 -8.52636052E-01  4.12484876E-01  2.85319697E+00  6.64146358E-01  1.31343037E-01
 -2.50493548E+00  1.00000000E+00  1.89704492E+00 -8.52687972E-01  4.12480727E-01  2.85338269E+00  6.64139432E-01  1.31354595E-01
 -2.48018226E+00  1.00000000E+00  1.88021864E+00 -8.52624483E-01  4.12484083E-01  2.85317624E+00  6.64143682E-01  1.31341953E-01
 -2.45542903E+00  1.00000000E+00  1.86339236E+00 -8.52560997E-01  4.12487180E-01  2.85296981E+00  6.64147935E-01  1.31329312E-01
 -2.43067580E+00  1.00000000E+00  1.84656698E+00 -8.52572107E-01  4.12489364E-01  2.85296034E+00  6.64155413E-01  1.31328295E-01
 -2.40592258E+00  1.00000000E+00  1.82974160E+00 -8.52583216E-01  4.12491288E-01  2.85295087E+00  6.64162891E-01  1.31327279E-01
 -2.38116935E+00  1.00000000E+00  1.81291529E+00 -8.52566789E-01  4.12490067E-01  2.85292298E+00  6.64160449E-01  1.31325752E-01
 -2.35641613E+00  1.00000000E+00  1.79608897E+00 -8.52550361E-01  4.12486184E-01  2.85289510E+00  6.64158008E-01  1.31324225E-01
 -2.33166290E+00  1.00000000E+00  1.77926054E+00 -8.52577603E-01  4.12484484E-01  2.85297287E+00  6.64157405E-01  1.31328928E-01
 -2.30690967E+00  1.00000000E+00  1.76243212E+00 -8.52604845E-01  4.12482374E-01  2.85305065E+00  6.64156804E-01  1.31333631E-01
 -2.28215645E+00  1.00000000E+00  1.74560567E+00 -8.52614542E-01  4.12481806E-01  2.85306265E+00  6.64158908E-01  1.31334224E-01
 -2.25740322E+00  1.00000000E+00  1.72877921E+00 -8.52624240E-01  4.12482762E-01  2.85307465E+00  6.64161013E-01  1.31334818E-01
 -2.23265000E+00  1.00000000E+00  1.71194889E+00 -8.52647969E-01  4.12481061E-01  2.85319843E+00  6.64151597E-01  1.31342810E-01
 -2.20789677E+00  1.00000000E+00  1.69511858E+00 -8.52671699E-01  4.12476366E-01  2.85332222E+00  6.64142182E-01  1.31350802E-01
 -2.18314354E+00  1.00000000E+00  1.67829246E+00 -8.52617974E-01  4.12477578E-01  2.85311512E+00  6.64152101E-01  1.31337781E-01
 -2.15839032E+00  1.00000000E+00  1.66146635E+00 -8.52564253E-01  4.12478385E-01  2.85290804E+00  6.64162021E-01  1.31324761E-01
 -2.13363709E+00  1.00000000E+00  1.64464309E+00 -8.52571831E-01  4.12478711E-01  2.85291099E+00  6.64165388E-01  1.31324736E-01
 -2.10888387E+00  1.00000000E+00  1.62781984E+00 -8.52579410E-01  4.12478832E-01  2.85291395E+00  6.64168754E-01  1.31324712E-01
 -2.08413064E+00  1.00000000E+00  1.61099057E+00 -8.52577503E-01  4.12477952E-01  2.85289559E+00  6.64171249E-01  1.31323460E-01
 -2.05937741E+00  1.00000000E+00  1.59416131E+00 -8.52575595E-01  4.12476366E-01  2.85287722E+00  6.64173743E-01  1.31322209E-01
 -2.03462419E+00  1.00000000E+00  1.57733541E+00 -8.52566307E-01  4.12473226E-01  2.85288102E+00  6.64168627E-01  1.31322744E-01
 -2.00987096E+00  1.00000000E+00  1.56050951E+00 -8.52557018E-01  4.12468764E-01  2.85288481E+00  6.64163510E-01  1.31323278E-01
 -1.98511774E+00  1.00000000E+00  1.54368220E+00 -8.52574959E-01  4.12466359E-01  2.85289749E+00  6.64170251E-01  1.31323634E-01
 -1.96036451E+00  1.00000000E+00  1.52685488E+00 -8.52592899E-01  4.12464509E-01  2.85291017E+00  6.64176993E-01  1.31323991E-01
 -1.93561128E+00  1.00000000E+00  1.51002983E+00 -8.52613295E-01  4.12460043E-01  2.85301806E+00  6.64168660E-01  1.31330964E-01
 -1.91085806E+00  1.00000000E+00  1.49320477E+00 -8.52633692E-01  4.12454132E-01  2.85312595E+00  6.64160328E-01  1.31337937E-01
 -1.88610483E+00  1.00000000E+00  1.47637457E+00 -8.52632318E-01  4.12450685E-01  2.85309773E+00  6.64163387E-01  1.31336061E-01
 -1.86135161E+00  1.00000000E+00  1.45954437E+00 -8.52630944E-01  4.12446873E-01  2.85306952E+00  6.64166446E-01  1.31334184E-01
 -1.83659838E+00  1.00000000E+00  1.44272394E+00 -8.52595079E-01  4.12446333E-01  2.85292469E+00  6.64176401E-01  1.31324897E-01
 -1.81184516E+00  1.00000000E+00  1.42590352E+00 -8.52559216E-01  4.12444089E-01  2.85277986E+00  6.64186358E-01  1.31315610E-01
 -1.78709193E+00  1.00000000E+00  1.40907847E+00 -8.52611637E-01  4.12433356E-01  2.85301210E+00  6.64171443E-01  1.31330440E-01
 -1.76233870E+00  1.00000000E+00  1.39225343E+00 -8.52664062E-01  4.12419197E-01  2.85324436E+00  6.64156530E-01  1.31345270E-01
 -1.73758548E+00  1.00000000E+00  1.37542635E+00 -8.52648340E-01  4.12415409E-01  2.85314610E+00  6.64166066E-01  1.31338802E-01
 -1.71283225E+00  1.00000000E+00  1.35859927E+00 -8.52632619E-01  4.12409636E-01  2.85304784E+00  6.64175602E-01  1.31332334E-01
 -1.68807903E+00  1.00000000E+00  1.34177703E+00 -8.52641504E-01  4.12403270E-01  2.85300083E+00  6.64189148E-01  1.31328701E-01
 -1.66332580E+00  1.00000000E+00  1.32495478E+00 -8.52650389E-01  4.12397350E-01  2.85295382E+00  6.64202695E-01  1.31325067E-01
 -1.63857257E+00  1.00000000E+00  1.30813883E+00 -8.52610923E-01  4.12388889E-01  2.85287798E+00  6.64197361E-01  1.31320837E-01
 -1.61381935E+00  1.00000000E+00  1.29132288E+00 -8.52571458E-01  4.12377808E-01  2.85280215E+00  6.64192028E-01  1.31316608E-01
 -1.58906612E+00  1.00000000E+00  1.27450032E+00 -8.52572034E-01  4.12367207E-01  2.85269562E+00  6.64211849E-01  1.31309026E-01
 -1.56431290E+00  1.00000000E+00  1.25767777E+00 -8.52572610E-01  4.12358074E-01  2.85258910E+00  6.64231671E-01  1.31301446E-01
 -1.53955967E+00  1.00000000E+00  1.24086962E+00 -8.52535688E-01  4.12346419E-01  2.85245325E+00  6.64238848E-01  1.31292864E-01
 -1.51480644E+00  1.00000000E+00  1.22406146E+00 -8.52498768E-01  4.12334435E-01  2.85231741E+00  6.64246026E-01  1.31284283E-01
 -1.49005322E+00  1.00000000E+00  1.20725091E+00 -8.52495409E-01  4.12319474E-01  2.85228857E+00  6.64251530E-01  1.31282222E-01
 -1.46529999E+00  1.00000000E+00  1.19044035E+00 -8.52492051E-01  4.12300952E-01  2.85225973E+00  6.64257033E-01  1.31280162E-01
 -1.44054677E+00  1.00000000E+00  1.17362733E+00 -8.52550599E-01  4.12281428E-01  2.85246466E+00  6.64251007E-01  1.31292819E-01
 -1.41579354E+00  1.00000000E+00  1.15681430E+00 -8.52609150E-01  4.12257068E-01  2.85266960E+00  6.64244983E-01  1.31305477E-01
 -1.39104031E+00  1.00000000E+00  1.14001758E+00 -8.52505446E-01  4.12241553E-01  2.85228306E+00  6.64263258E-01  1.31281188E-01
 -1.36628709E+00  1.00000000E+00  1.12322087E+00 -8.52401754E-01  4.12226689E-01  2.85189658E+00  6.64281541E-01  1.31256903E-01
 -1.34153386E+00  1.00000000E+00  1.10642935E+00 -8.52422319E-01  4.12207383E-01  2.85183201E+00  6.64305249E-01  1.31251606E-01
 -1.31678064E+00  1.00000000E+00  1.08963784E+00 -8.52442883E-01  4.12185283E-01  2.85176744E+00  6.64328958E-01  1.31246309E-01
 -1.29202741E+00  1.00000000E+00  1.07285929E+00 -8.52438854E-01  4.12159528E-01  2.85174293E+00  6.64333241E-01  1.31244581E-01
 -1.26727418E+00  1.00000000E+00  1.05608074E+00 -8.52434826E-01  4.12132424E-01  2.85171842E+00  6.64337524E-01  1.31242854E-01
 -1.24252096E+00  1.00000000E+00  1.03930726E+00 -8.52469743E-01  4.12108572E-01  2.85174807E+00  6.64352326E-01  1.31243745E-01
 -1.21776773E+00  1.00000000E+00  1.02253379E+00 -8.52504661E-01  4.12076584E-01  2.85177772E+00  6.64367129E-01  1.31244636E-01
 -1.19301451E+00  1.00000000E+00  1.00577743E+00 -8.52403703E-01  4.12051794E-01  2.85142070E+00  6.64381926E-01  1.31222327E-01
 -1.16826128E+00  1.00000000E+00  9.89021071E-01 -8.52302755E-01  4.12032029E-01  2.85106372E+00  6.64396731E-01  1.31200020E-01
 -1.14350806E+00  1.00000000E+00  9.72287410E-01 -8.52341596E-01  4.12006108E-01  2.85108107E+00  6.64415573E-01  1.31199930E-01
 -1.11875483E+00  1.00000000E+00  9.55553749E-01 -8.52380436E-01  4.11976499E-01  2.85109842E+00  6.64434416E-01  1.31199840E-01
 -1.09400160E+00  1.00000000E+00  9.38838647E-01 -8.52361026E-01  4.11957941E-01  2.85098394E+00  6.64445641E-01  1.31192298E-01
 -1.06924838E+00  1.00000000E+00  9.22123545E-01 -8.52341617E-01  4.11939944E-01  2.85086947E+00  6.64456867E-01  1.31184756E-01
 -1.04449515E+00  1.00000000E+00  9.05440602E-01 -8.52311641E-01  4.11919728E-01  2.85071404E+00  6.64472276E-01  1.31174506E-01
 -1.01974193E+00  1.00000000E+00  8.88757659E-01 -8.52281666E-01  4.11898810E-01  2.85055862E+00  6.64487686E-01  1.31164256E-01
 -9.94988700E-01  1.00000000E+00  8.72105419E-01 -8.52284337E-01  4.11888447E-01  2.85054821E+00  6.64492829E-01  1.31163323E-01
 -9.70235474E-01  1.00000000E+00  8.55453178E-01 -8.52287008E-01  4.11883597E-01  2.85053780E+00  6.64497972E-01  1.31162390E-01
 -9.45482248E-01  1.00000000E+00  8.38839625E-01 -8.52279446E-01  4.11892820E-01  2.85057847E+00  6.64482724E-01  1.31165745E-01
 -9.20729022E-01  1.00000000E+00  8.22226072E-01 -8.52271885E-01  4.11907837E-01  2.85061914E+00  6.64467476E-01  1.31169100E-01
 -8.95975796E-01  1.00000000E+00  8.05670535E-01 -8.52250281E-01  4.11931820E-01  2.85059189E+00  6.64461803E-01  1.31167805E-01
 -8.71222570E-01  1.00000000E+00  7.89114999E-01 -8.52228678E-01  4.11961843E-01  2.85056464E+00  6.64456131E-01  1.31166510E-01
 -8.46469344E-01  1.00000000E+00  7.72610725E-01 -8.52328696E-01  4.12026608E-01  2.85098715E+00  6.64429312E-01  1.31193470E-01
 -8.21716118E-01  1.00000000E+00  7.56106452E-01 -8.52428727E-01  4.12091785E-01  2.85140972E+00  6.64402502E-01  1.31220433E-01
 -7.97201467E-01  1.00000000E+00  7.39845414E-01 -8.52516807E-01  4.12214984E-01  2.85194951E+00  6.64340890E-01  1.31256517E-01
 -7.72686817E-01  1.00000000E+00  7.23584377E-01 -8.52604902E-01  4.12339910E-01  2.85248941E+00  6.64279293E-01  1.31292607E-01
 -7.49503432E-01  1.00000000E+00  7.08283250E-01 -8.52640702E-01  4.12505099E-01  2.85322113E+00  6.64144989E-01  1.31344569E-01
 -7.26320047E-01  1.00000000E+00  6.92982124E-01 -8.52676520E-01  4.12693425E-01  2.85395306E+00  6.64010719E-01  1.31396541E-01
 -7.04527831E-01  1.00000000E+00  6.78681622E-01 -8.52913154E-01  4.12919477E-01  2.85493474E+00  6.63951196E-01  1.31459013E-01
 -6.82735615E-01  1.00000000E+00  6.64381121E-01 -8.53149857E-01  4.13167231E-01  2.85591676E+00  6.63891718E-01  1.31521502E-01
 -6.62251087E-01  1.00000000E+00  6.51034597E-01 -8.53218895E-01  4.13490743E-01  2.85732385E+00  6.63631297E-01  1.31621553E-01
 -6.41766559E-01  1.00000000E+00  6.37688073E-01 -8.53287998E-01  4.13844004E-01  2.85873170E+00  6.63371002E-01  1.31721642E-01
 -6.22511254E-01  1.00000000E+00  6.25229339E-01 -8.53462356E-01  4.14226271E-01  2.86034234E+00  6.63137428E-01  1.31832295E-01
 -6.03255949E-01  1.00000000E+00  6.12770605E-01 -8.53636823E-01  4.14646957E-01  2.86195393E+00  6.62903988E-01  1.31942997E-01
 -5.85156097E-01  1.00000000E+00  6.01156402E-01 -8.54016528E-01  4.15129279E-01  2.86401645E+00  6.62701646E-01  1.32078888E-01
 -5.67056245E-01  1.00000000E+00  5.89542199E-01 -8.54396477E-01  4.15646727E-01  2.86608046E+00  6.62499502E-01  1.32214858E-01
 -5.50042515E-01  1.00000000E+00  5.78714549E-01 -8.54655509E-01  4.16264366E-01  2.86877317E+00  6.62087209E-01  1.32401157E-01
 -5.33028786E-01  1.00000000E+00  5.67886899E-01 -8.54914831E-01  4.16905789E-01  2.87146852E+00  6.61675305E-01  1.32587593E-01
 -5.17036006E-01  1.00000000E+00  5.57827682E-01 -8.55392486E-01  4.17616813E-01  2.87463778E+00  6.61307639E-01  1.32799808E-01
 -5.01043227E-01  1.00000000E+00  5.47768465E-01 -8.55870641E-01  4.18374616E-01  2.87781058E+00  6.60940437E-01  1.33012208E-01
 -4.86010125E-01  1.00000000E+00  5.38411320E-01 -8.56374177E-01  4.19206575E-01  2.88141198E+00  6.60490129E-01  1.33255311E-01
 -4.70977023E-01  1.00000000E+00  5.29054176E-01 -8.56878332E-01  4.20109949E-01  2.88501799E+00  6.60040451E-01  1.33498652E-01
 -4.56846016E-01  1.00000000E+00  5.20343688E-01 -8.57409663E-01  4.21064710E-01  2.88920495E+00  6.59491538E-01  1.33782805E-01
 -4.42715008E-01  1.00000000E+00  5.11633201E-01 -8.57941780E-01  4.22099829E-01  2.89339815E+00  6.58943474E-01  1.34067281E-01
 -4.29431964E-01  1.00000000E+00  5.03594354E-01 -8.58643271E-01  4.23256230E-01  2.89845505E+00  6.58322246E-01  1.34407968E-01
 -4.16148920E-01  1.00000000E+00  4.95555508E-01 -8.59345962E-01  4.24476033E-01  2.90352097E+00  6.57702220E-01  1.34749125E-01
 -4.03662954E-01  1.00000000E+00  4.88091007E-01 -8.59961536E-01  4.25684164E-01  2.90874466E+00  6.56995920E-01  1.35104924E-01
 -3.91176988E-01  1.00000000E+00  4.80626505E-01 -8.60578276E-01  4.27025165E-01  2.91397805E+00  6.56290947E-01  1.35461226E-01
 -3.79440270E-01  1.00000000E+00  4.73672201E-01 -8.61498100E-01  4.28471546E-01  2.92017320E+00  6.55575283E-01  1.35875875E-01
 -3.67703552E-01  1.00000000E+00  4.66717897E-01 -8.62419787E-01  4.29995857E-01  2.92638172E+00  6.54861380E-01  1.36291221E-01
 -3.56671122E-01  1.00000000E+00  4.60389088E-01 -8.63280344E-01  4.31619711E-01  2.93328529E+00  6.53971233E-01  1.36758844E-01
 -3.45638692E-01  1.00000000E+00  4.54060279E-01 -8.64142979E-01  4.33300415E-01  2.94020560E+00  6.53083326E-01  1.37227337E-01
 -3.35268287E-01  1.00000000E+00  4.48150437E-01 -8.65145454E-01  4.34993196E-01  2.94749864E+00  6.52211082E-01  1.37717253E-01
 -3.24897882E-01  1.00000000E+00  4.42240595E-01 -8.66150363E-01  4.36844439E-01  2.95481013E+00  6.51341244E-01  1.38208133E-01
 -3.15149775E-01  1.00000000E+00  4.36860609E-01 -8.67262937E-01  4.38820947E-01  2.96299349E+00  6.50370080E-01  1.38757405E-01
 -3.05401669E-01  1.00000000E+00  4.31480623E-01 -8.68378532E-01  4.40851540E-01  2.97119999E+00  6.49401887E-01  1.39307886E-01
 -2.96238520E-01  1.00000000E+00  4.26464724E-01 -8.69306662E-01  4.42916299E-01  2.98040369E+00  6.48120147E-01  1.39937013E-01
 -2.87075371E-01  1.00000000E+00  4.21448826E-01 -8.70238045E-01  4.45232052E-01  2.98963716E+00  6.46842415E-01  1.40567685E-01
 -2.78462077E-01  1.00000000E+00  4.16927161E-01 -8.71542727E-01  4.47606816E-01  2.99948177E+00  6.45673298E-01  1.41228508E-01
 -2.69848783E-01  1.00000000E+00  4.12405496E-01 -8.72851667E-01  4.50083327E-01  3.00935952E+00  6.44508431E-01  1.41891066E-01
 -2.61752348E-01  1.00000000E+00  4.08277797E-01 -8.74314968E-01  4.52571633E-01  3.01982410E+00  6.43339984E-01  1.42589047E-01
 -2.53655913E-01  1.00000000E+00  4.04150099E-01 -8.75783186E-01  4.55205036E-01  3.03032573E+00  6.42176129E-01  1.43288976E-01
 -2.46045323E-01  1.00000000E+00  4.00403575E-01 -8.76913248E-01  4.57964961E-01  3.04147932E+00  6.40684127E-01  1.44047712E-01
 -2.38434732E-01  1.00000000E+00  3.96657052E-01 -8.78047966E-01  4.60802845E-01  3.05267574E+00  6.39197691E-01  1.44808683E-01
 -2.31280830E-01  1.00000000E+00  3.93253453E-01 -8.79417369E-01  4.63730324E-01  3.06450769E+00  6.37746665E-01  1.45605661E-01
 -2.24126928E-01  1.00000000E+00  3.89849854E-01 -8.80792303E-01  4.66773771E-01  3.07638699E+00  6.36301531E-01  1.46405128E-01
 -2.17402314E-01  1.00000000E+00  3.86760758E-01 -8.82685315E-01  4.69914807E-01  3.08949878E+00  6.34939071E-01  1.47273582E-01
 -2.10677699E-01  1.00000000E+00  3.83671661E-01 -8.84586004E-01  4.73157344E-01  3.10266730E+00  6.33583400E-01  1.48145034E-01
 -2.04351753E-01  1.00000000E+00  3.80956291E-01 -8.86044925E-01  4.76584387E-01  3.11652273E+00  6.31851620E-01  1.49080267E-01
 -1.98025807E-01  1.00000000E+00  3.78240922E-01 -8.87510913E-01  4.80081958E-01  3.13044248E+00  6.30127763E-01  1.50018883E-01
 -1.91837501E-01  1.00000000E+00  3.75720495E-01 -8.89508870E-01  4.83887646E-01  3.14564371E+00  6.28501742E-01  1.51028518E-01
 -1.85649194E-01  1.00000000E+00  3.73200068E-01 -8.91516331E-01  4.87798196E-01  3.16092038E+00  6.26884507E-01  1.52042152E-01
 -1.79460888E-01  1.00000000E+00  3.70891866E-01 -8.92728860E-01  4.92148152E-01  3.17810245E+00  6.24472493E-01  1.53217798E-01
 -1.73272582E-01  1.00000000E+00  3.68583663E-01 -8.93950250E-01  4.96638290E-01  3.19538430E+00  6.22073108E-01  1.54398671E-01
 -1.67084275E-01  1.00000000E+00  3.66438700E-01 -8.96754353E-01  5.01546532E-01  3.21517314E+00  6.20170732E-01  1.55700144E-01
 -1.60895969E-01  1.00000000E+00  3.64293736E-01 -8.99574940E-01  5.06647232E-01  3.23508645E+00  6.18282227E-01  1.57008254E-01
 -1.54707662E-01  1.00000000E+00  3.62387461E-01 -9.01419111E-01  5.12455175E-01  3.25755851E+00  6.15410998E-01  1.58528851E-01
 -1.48519356E-01  1.00000000E+00  3.60481186E-01 -9.03278767E-01  5.18446694E-01  3.28019556E+00  6.12559281E-01  1.60058177E-01
 -1.42331049E-01  1.00000000E+00  3.59072052E-01 -9.06587262E-01  5.25252641E-01  3.30693077E+00  6.09872942E-01  1.61823470E-01
 -1.36142743E-01  1.00000000E+00  3.57662919E-01 -9.09922418E-01  5.32422485E-01  3.33388934E+00  6.07210695E-01  1.63600719E-01
 -1.29954436E-01  1.00000000E+00  3.56617302E-01 -9.12540444E-01  5.40095787E-01  3.36334867E+00  6.03787119E-01  1.65573693E-01
 -1.23766130E-01  1.00000000E+00  3.55571685E-01 -9.15184714E-01  5.48365121E-01  3.39308137E+00  6.00393451E-01  1.67561275E-01
 -1.17577823E-01  1.00000000E+00  3.54783280E-01 -9.18989508E-01  5.57866582E-01  3.42977060E+00  5.96575733E-01  1.69991692E-01
 -1.11389517E-01  1.00000000E+00  3.53994875E-01 -9.22837396E-01  5.67885139E-01  3.46687144E+00  5.92800653E-01  1.72444247E-01
 -1.05201210E-01  1.00000000E+00  3.54170290E-01 -9.26987730E-01  5.79641431E-01  3.51103827E+00  5.88176297E-01  1.75371719E-01
 -9.90129037E-02  1.00000000E+00  3.54345706E-01 -9.31195311E-01  5.91978722E-01  3.55579269E+00  5.83611262E-01  1.78330886E-01
 -9.28245972E-02  1.00000000E+00  3.55606545E-01 -9.33865348E-01  6.06453945E-01  3.60694653E+00  5.77395143E-01  1.81773083E-01
 -8.66362908E-02  1.00000000E+00  3.56867384E-01 -9.36591668E-01  6.21659907E-01  3.65889696E+00  5.71262551E-01  1.85258065E-01
 -8.04479843E-02  1.00000000E+00  3.58933257E-01 -9.44336897E-01  6.40236503E-01  3.72665474E+00  5.65692470E-01  1.89657736E-01
 -7.42596778E-02  1.00000000E+00  3.60999130E-01 -9.52222490E-01  6.60248213E-01  3.79570068E+00  5.60235672E-01  1.94127901E-01
 -6.80713713E-02  1.00000000E+00  3.65819377E-01 -9.52382546E-01  6.84263121E-01  3.87676470E+00  5.49500778E-01  1.99635835E-01
 -6.18830648E-02  1.00000000E+00  3.70639624E-01 -9.52619924E-01  7.11177521E-01  3.95980727E+00  5.38975950E-01  2.05249879E-01
 -5.56947583E-02  1.00000000E+00  3.75804557E-01 -9.71647970E-01  7.44630421E-01  4.08191652E+00  5.33143225E-01  2.12926398E-01
 -4.95064519E-02  1.00000000E+00  3.80969490E-01 -9.91206261E-01  7.82650485E-01  4.20780064E+00  5.27603441E-01  2.20811832E-01
 -4.33181454E-02  1.00000000E+00  4.16277640E-01 -9.92545294E-01  8.30465238E-01  4.39676726E+00  5.07195150E-01  2.33374326E-01
 -3.71298389E-02  1.00000000E+00  4.51585789E-01 -9.94191404E-01  8.92094222E-01  4.59534636E+00  4.87590068E-01  2.46465378E-01
 -3.09415324E-02  1.00000000E+00  3.86673171E-01 -9.32940201E-01  9.83995928E-01  4.58273439E+00  4.63333908E-01  2.47164029E-01
 -2.47532259E-02  1.00000000E+00  3.21760554E-01 -8.72453558E-01  1.06543845E+00  4.57324641E+00  4.40576426E-01  2.47960199E-01
 -1.85649194E-02  1.00000000E+00  8.05720982E-01 -1.22454024E+00  1.22176182E+00  5.85970410E+00  4.75545016E-01  3.23049545E-01
 -1.23766130E-02  1.00000000E+00  1.28968141E+00 -1.67405053E+00  1.58077040E+00  7.52515527E+00  5.47995652E-01  4.18629577E-01
 -6.18830648E-03  1.00000000E+00 -1.01113181E-01  4.59988929E-01  2.54134471E+00  6.76775657E+00  2.27035153E-01  3.92443285E-01
  0.00000000E+00  1.00000000E+00 -1.49190777E+00  3.14089883E+00  4.76431796E+00  9.57868861E+00  1.16861570E+00  5.04604375E-01
