# model=oldroyd  theta_MLE: lambda=1.79755, beta=0.844337, eta_0=0.846598
# delta(x) = y_clean(x) - y_model(x; theta_MLE)   (x from curve4_x.txt)
# columns: x  delta
5.000000000000000000e+00 -1.389153392812980670e-03
4.950333040000000295e+00 -1.389165587366791854e-03
4.900666089999999642e+00 -1.389180529196787361e-03
4.850999129999999937e+00 -1.389200652439859240e-03
4.801332180000000172e+00 -1.389235194014570851e-03
4.751665219999999579e+00 -1.389253843792515042e-03
4.701998269999999813e+00 -1.389298440662489753e-03
4.652331310000000109e+00 -1.389345535578012658e-03
4.602664360000000343e+00 -1.389399439304828121e-03
4.552997399999999750e+00 -1.389459480690913296e-03
4.503330449999999985e+00 -1.389526152226761013e-03
4.453663490000000280e+00 -1.389596415988236799e-03
4.403996539999999627e+00 -1.389670959567546049e-03
4.354329579999999922e+00 -1.389755131615988404e-03
4.304662630000000156e+00 -1.389841538194991344e-03
4.254995669999999564e+00 -1.389934625192212891e-03
4.205328709999999859e+00 -1.390019060184100042e-03
4.155661760000000093e+00 -1.390095923418765977e-03
4.105994800000000389e+00 -1.390170543087654309e-03
4.056327849999999735e+00 -1.390241176838280523e-03
4.006660890000000030e+00 -1.390282548415111563e-03
3.956993939999999821e+00 -1.390316420149417809e-03
3.907326980000000116e+00 -1.390311319872772344e-03
3.857660029999999907e+00 -1.390265042577665255e-03
3.807993070000000202e+00 -1.390176967572820388e-03
3.758326119999999992e+00 -1.390028057895120739e-03
3.708659159999999844e+00 -1.389804322595944441e-03
3.658992210000000078e+00 -1.389482049075185799e-03
3.609325249999999929e+00 -1.389051582519451600e-03
3.559658300000000164e+00 -1.388491511424172486e-03
3.509991340000000015e+00 -1.387753661988178067e-03
3.460324389999999806e+00 -1.386823193596731230e-03
3.410657430000000101e+00 -1.385649879076744639e-03
3.360990469999999952e+00 -1.384205182137332457e-03
3.311323520000000187e+00 -1.382430083366026352e-03
3.261656560000000038e+00 -1.380274143345738835e-03
3.211989609999999828e+00 -1.377663744275281488e-03
3.162322650000000124e+00 -1.374526963985545081e-03
3.112655699999999914e+00 -1.370784047387330062e-03
3.062988740000000210e+00 -1.366332117973767524e-03
3.013321790000000000e+00 -1.361073786063871083e-03
2.963654829999999851e+00 -1.354886636989016679e-03
2.913987880000000086e+00 -1.347630708217195661e-03
2.864320919999999937e+00 -1.339147867023715577e-03
2.814653970000000172e+00 -1.329291995605608179e-03
2.764987010000000023e+00 -1.317875087267328382e-03
2.715320059999999813e+00 -1.304671319083183789e-03
2.665653100000000109e+00 -1.289479469003484979e-03
2.615986139999999960e+00 -1.272037991207897178e-03
2.566319190000000194e+00 -1.252093316057134587e-03
2.516652230000000046e+00 -1.229349311668626044e-03
2.466985279999999836e+00 -1.203476895768718080e-03
2.417318320000000131e+00 -1.174156172816687160e-03
2.367651369999999922e+00 -1.141013281730662854e-03
2.317984410000000217e+00 -1.103644801363046213e-03
2.268317460000000008e+00 -1.061682199814395489e-03
2.218650499999999859e+00 -1.014666289856247516e-03
2.168983550000000093e+00 -9.621489025850582522e-04
2.119316589999999945e+00 -9.036666002684157206e-04
2.069649640000000179e+00 -8.387259898123833324e-04
2.019982680000000030e+00 -7.668900159225611191e-04
1.970315730000000043e+00 -6.875979282139343951e-04
1.920648769999999894e+00 -6.004473812180055603e-04
1.870981809999999967e+00 -5.048595152454815604e-04
1.821314859999999980e+00 -4.004695213641884521e-04
1.771647900000000053e+00 -2.868614334123886778e-04
1.721980950000000066e+00 -1.635943041091714178e-04
1.672313989999999917e+00 -3.040959786004826526e-05
1.622647039999999929e+00 1.130865231102617940e-04
1.572980080000000003e+00 2.669324923043614461e-04
1.523313130000000015e+00 4.312155092023317593e-04
1.473646170000000089e+00 6.057670230645850751e-04
1.423979220000000101e+00 7.906642588526580084e-04
1.374312259999999952e+00 9.852347755487933512e-04
1.324645309999999965e+00 1.189536968842608289e-03
1.274978350000000038e+00 1.402324023697776312e-03
1.225311400000000051e+00 1.622674975708893186e-03
1.175644439999999902e+00 1.850153041398128195e-03
1.125977479999999975e+00 2.082874233227505201e-03
1.076310529999999988e+00 2.319159697560690958e-03
1.026643570000000061e+00 2.556449627978407690e-03
9.769766189999999906e-01 2.794355091401579116e-03
9.273096640000000335e-01 3.027723172569940502e-03
8.776427079999999936e-01 3.256567061179937994e-03
8.279757530000000365e-01 3.475382571442420243e-03
7.786002389999999718e-01 3.680104363774416854e-03
7.317317880000000496e-01 3.859054730642963449e-03
6.876846269999999928e-01 4.009052445235861128e-03
6.462889219999999879e-01 4.132038025297823935e-03
6.073850619999999756e-01 4.228671538707873268e-03
5.708230460000000006e-01 4.299150939570006713e-03
5.364619149999999559e-01 4.345690255415313175e-03
5.041691750000000249e-01 4.371033392511103344e-03
4.738203240000000149e-01 4.375090513316637342e-03
4.452983460000000115e-01 4.360466455596956337e-03
4.184932690000000011e-01 4.328914507292669356e-03
3.933017460000000076e-01 4.280131887859361939e-03
3.696266380000000074e-01 4.220973516778192547e-03
3.473766770000000226e-01 4.149817008844092214e-03
3.264660690000000254e-01 4.065935436345258225e-03
3.068141939999999845e-01 3.978497734393737773e-03
2.883452770000000109e-01 3.882922550616729751e-03
2.709881089999999770e-01 3.775485563383584875e-03
2.546757709999999952e-01 3.671813705092619173e-03
2.393453670000000033e-01 3.561916104077855749e-03
2.249377889999999991e-01 3.440699222074794505e-03
2.113974849999999961e-01 3.333126004880115900e-03
1.986678209999999944e-01 3.216903085748956670e-03
1.862510820000000122e-01 3.094125037928163735e-03
1.738343440000000018e-01 2.965991491504338384e-03
1.614176049999999918e-01 2.832492686835053064e-03
1.490008660000000096e-01 2.688748542240881889e-03
1.365841269999999996e-01 2.543376251427753587e-03
1.241673880000000035e-01 2.371105234297621323e-03
1.117506489999999936e-01 2.214200766826657230e-03
9.933391060000000550e-02 2.028596337672272654e-03
8.691717179999999821e-02 1.851162337680900549e-03
7.450043300000000479e-02 1.623246649280041254e-03
6.208369419999999750e-02 1.456974085067397340e-03
4.966695530000000275e-02 1.209707629850731436e-03
3.725021650000000240e-02 9.723798101906044877e-04
2.483347769999999857e-02 7.184618299846956546e-04
1.241673880000000035e-02 4.508635441562436341e-04
0.000000000000000000e+00 0.000000000000000000e+00
