# curve 5 (die wall), step =      400, time =   8.00000000E+01
# N1 = tau_xx - tau_yy = G ( c_xx - c_yy ),  G =  1.8000E-01  (polymer part only)
#              x               y        pressure            c_xy        gammadot            c_xx            c_yy              N1
 -3.00000000E+00  1.00000000E+00  3.04592795E+00 -2.00165177E+00  4.00165785E-01  9.01391267E+00  9.99806500E-01  1.44253911E+00
 -2.95108291E+00  1.00000000E+00  3.00649436E+00 -2.00196390E+00  4.00141356E-01  9.01577904E+00  9.99882001E-01  1.44286147E+00
 -2.90216582E+00  1.00000000E+00  2.96706076E+00 -2.00227607E+00  4.00263312E-01  9.01764580E+00  9.99957510E-01  1.44318389E+00
 -2.85324873E+00  1.00000000E+00  2.92748456E+00 -2.00135852E+00  4.00090364E-01  9.01248719E+00  9.99802694E-01  1.44228321E+00
 -2.80433164E+00  1.00000000E+00  2.88790836E+00 -2.00044142E+00  4.00021779E-01  9.00733153E+00  9.99647945E-01  1.44138305E+00
 -2.75541455E+00  1.00000000E+00  2.84902503E+00 -2.00105525E+00  4.00262484E-01  9.00839938E+00  9.99831915E-01  1.44154214E+00
 -2.70649746E+00  1.00000000E+00  2.81014170E+00 -2.00166918E+00  4.00221288E-01  9.00946742E+00  1.00001595E+00  1.44170127E+00
 -2.65758037E+00  1.00000000E+00  2.77104338E+00 -2.00224535E+00  4.00274054E-01  9.01154254E+00  1.00020007E+00  1.44204164E+00
 -2.60866328E+00  1.00000000E+00  2.73194507E+00 -2.00282167E+00  4.00177893E-01  9.01361814E+00  1.00038424E+00  1.44238210E+00
 -2.55974619E+00  1.00000000E+00  2.69301606E+00 -2.00244319E+00  4.00086839E-01  9.01466984E+00  1.00021213E+00  1.44260239E+00
 -2.51082911E+00  1.00000000E+00  2.65408704E+00 -2.00206465E+00  4.00275642E-01  9.01572184E+00  1.00004006E+00  1.44282272E+00
 -2.46191202E+00  1.00000000E+00  2.61444565E+00 -2.00170649E+00  4.00179634E-01  9.01329373E+00  9.99957137E-01  1.44240059E+00
 -2.41299493E+00  1.00000000E+00  2.57480425E+00 -2.00134839E+00  4.00111519E-01  9.01086629E+00  9.99874219E-01  1.44197857E+00
 -2.36407784E+00  1.00000000E+00  2.53605198E+00 -2.00177488E+00  4.00129897E-01  9.01090219E+00  1.00014905E+00  1.44193557E+00
 -2.31516075E+00  1.00000000E+00  2.49729972E+00 -2.00220142E+00  4.00065856E-01  9.01093817E+00  1.00042394E+00  1.44189256E+00
 -2.26624366E+00  1.00000000E+00  2.45801429E+00 -2.00181174E+00  4.00006239E-01  9.01274306E+00  1.00010718E+00  1.44227446E+00
 -2.21732657E+00  1.00000000E+00  2.41872886E+00 -2.00142200E+00  4.00101277E-01  9.01454855E+00  9.99790500E-01  1.44265645E+00
 -2.16840948E+00  1.00000000E+00  2.37941218E+00 -2.00216216E+00  4.00103871E-01  9.01367327E+00  1.00011497E+00  1.44244049E+00
 -2.11949239E+00  1.00000000E+00  2.34009550E+00 -2.00290225E+00  4.00037300E-01  9.01279846E+00  1.00043955E+00  1.44222460E+00
 -2.07057530E+00  1.00000000E+00  2.30130010E+00 -2.00293122E+00  4.00146725E-01  9.01642004E+00  1.00034818E+00  1.44289294E+00
 -2.02165821E+00  1.00000000E+00  2.26250471E+00 -2.00296006E+00  4.00140787E-01  9.02004331E+00  1.00025679E+00  1.44356157E+00
 -1.97274112E+00  1.00000000E+00  2.22272404E+00 -2.00205690E+00  3.99987616E-01  9.01649555E+00  9.99945915E-01  1.44297893E+00
 -1.92382403E+00  1.00000000E+00  2.18294338E+00 -2.00115411E+00  3.99961348E-01  9.01294919E+00  9.99635155E-01  1.44239653E+00
 -1.87490694E+00  1.00000000E+00  2.14398022E+00 -2.00205482E+00  4.00007175E-01  9.00975779E+00  1.00027592E+00  1.44170674E+00
 -1.82598985E+00  1.00000000E+00  2.10501706E+00 -2.00295534E+00  3.99865375E-01  9.00656853E+00  1.00091702E+00  1.44101727E+00
 -1.77707276E+00  1.00000000E+00  2.06599653E+00 -2.00338375E+00  3.99803352E-01  9.00829829E+00  1.00106975E+00  1.44130114E+00
 -1.72815567E+00  1.00000000E+00  2.02697599E+00 -2.00381226E+00  3.99630756E-01  9.01002837E+00  1.00122250E+00  1.44158506E+00
 -1.67923858E+00  1.00000000E+00  1.98768984E+00 -2.00186113E+00  3.99297415E-01  9.00378169E+00  1.00073233E+00  1.44054888E+00
 -1.63032150E+00  1.00000000E+00  1.94840370E+00 -1.99991149E+00  3.99302335E-01  8.99753954E+00  1.00024266E+00  1.43951344E+00
 -1.58140441E+00  1.00000000E+00  1.90882664E+00 -1.99932542E+00  3.98959965E-01  8.98509371E+00  1.00074770E+00  1.43718228E+00
 -1.53248732E+00  1.00000000E+00  1.86924959E+00 -1.99873947E+00  3.98698935E-01  8.97266668E+00  1.00125285E+00  1.43485449E+00
 -1.48357023E+00  1.00000000E+00  1.83001016E+00 -1.99638707E+00  3.98448928E-01  8.96459513E+00  1.00048426E+00  1.43353996E+00
 -1.43465314E+00  1.00000000E+00  1.79077072E+00 -1.99403710E+00  3.98374914E-01  8.95653104E+00  9.99716448E-01  1.43222663E+00
 -1.38573605E+00  1.00000000E+00  1.75135245E+00 -1.99154796E+00  3.97813726E-01  8.93284091E+00  1.00009764E+00  1.42789379E+00
 -1.33681896E+00  1.00000000E+00  1.71193419E+00 -1.98906319E+00  3.97294910E-01  8.90921558E+00  1.00047935E+00  1.42357252E+00
 -1.28790187E+00  1.00000000E+00  1.67279530E+00 -1.98698448E+00  3.96471858E-01  8.88418208E+00  1.00102348E+00  1.41896855E+00
 -1.23898478E+00  1.00000000E+00  1.63365641E+00 -1.98490864E+00  3.95609181E-01  8.85922276E+00  1.00156782E+00  1.41437789E+00
 -1.19006769E+00  1.00000000E+00  1.59517408E+00 -1.97986329E+00  3.94503261E-01  8.82964084E+00  1.00107703E+00  1.40914149E+00
 -1.14115060E+00  1.00000000E+00  1.55669176E+00 -1.97483232E+00  3.93540905E-01  8.80015796E+00  1.00058841E+00  1.40392252E+00
 -1.09223351E+00  1.00000000E+00  1.51676848E+00 -1.96982462E+00  3.92797944E-01  8.76022433E+00  1.00058282E+00  1.39673547E+00
 -1.04331642E+00  1.00000000E+00  1.47684521E+00 -1.96483278E+00  3.91922969E-01  8.72047606E+00  1.00057839E+00  1.38958158E+00
 -9.94399333E-01  1.00000000E+00  1.43935900E+00 -1.96026040E+00  3.90485406E-01  8.66876674E+00  1.00161763E+00  1.38008684E+00
 -9.45482243E-01  1.00000000E+00  1.40187279E+00 -1.95570237E+00  3.88941305E-01  8.61737956E+00  1.00265788E+00  1.37064990E+00
 -8.96565154E-01  1.00000000E+00  1.36403823E+00 -1.94706783E+00  3.87028407E-01  8.56341461E+00  1.00208892E+00  1.36103862E+00
 -8.47648064E-01  1.00000000E+00  1.32620367E+00 -1.93847778E+00  3.85694128E-01  8.50978969E+00  1.00152612E+00  1.35148744E+00
 -7.99501858E-01  1.00000000E+00  1.29072451E+00 -1.93034395E+00  3.83577639E-01  8.44276535E+00  1.00174306E+00  1.33938401E+00
 -7.51355652E-01  1.00000000E+00  1.25524534E+00 -1.92225358E+00  3.82178673E-01  8.37628301E+00  1.00196306E+00  1.32737759E+00
 -7.08111109E-01  1.00000000E+00  1.22375788E+00 -1.91206142E+00  3.80706079E-01  8.31129363E+00  1.00089792E+00  1.31587123E+00
 -6.64866566E-01  1.00000000E+00  1.19227042E+00 -1.90193177E+00  3.79812318E-01  8.24681312E+00  9.99839746E-01  1.30445521E+00
 -6.26599939E-01  1.00000000E+00  1.16588441E+00 -1.89724833E+00  3.79164016E-01  8.20675065E+00  9.99961819E-01  1.29722199E+00
 -5.88333313E-01  1.00000000E+00  1.13949840E+00 -1.89257936E+00  3.78348057E-01  8.16688895E+00  1.00008454E+00  1.29002479E+00
 -5.54471587E-01  1.00000000E+00  1.11789141E+00 -1.88894406E+00  3.77952762E-01  8.14685888E+00  9.99494173E-01  1.28652565E+00
 -5.20609860E-01  1.00000000E+00  1.09628442E+00 -1.88531638E+00  3.77625023E-01  8.12687805E+00  9.98904930E-01  1.28303516E+00
 -4.90645977E-01  1.00000000E+00  1.07890351E+00 -1.88630617E+00  3.77489221E-01  8.11996922E+00  9.99741426E-01  1.28164100E+00
 -4.60682095E-01  1.00000000E+00  1.06152261E+00 -1.88729487E+00  3.77507706E-01  8.11306907E+00  1.00057841E+00  1.28024832E+00
 -4.34167380E-01  1.00000000E+00  1.04726900E+00 -1.88655980E+00  3.78048098E-01  8.12740355E+00  9.99077626E-01  1.28309867E+00
 -4.07652666E-01  1.00000000E+00  1.03301540E+00 -1.88582335E+00  3.78797366E-01  8.14176961E+00  9.97578401E-01  1.28595442E+00
 -3.84190072E-01  1.00000000E+00  1.02208519E+00 -1.89340245E+00  3.80090281E-01  8.18161466E+00  9.98666982E-01  1.29293058E+00
 -3.60727478E-01  1.00000000E+00  1.01115499E+00 -1.90101427E+00  3.81265274E-01  8.22165469E+00  9.99761074E-01  1.29994085E+00
 -3.39965684E-01  1.00000000E+00  1.00289663E+00 -1.90706530E+00  3.82621759E-01  8.27477376E+00  9.99192074E-01  1.30960470E+00
 -3.19203889E-01  1.00000000E+00  9.94638260E-01 -1.91314219E+00  3.84088490E-01  8.32824717E+00  9.98625274E-01  1.31933194E+00
 -3.00831998E-01  1.00000000E+00  9.88444647E-01 -1.92339377E+00  3.85852998E-01  8.39916771E+00  9.99246076E-01  1.33198589E+00
 -2.82460107E-01  1.00000000E+00  9.82251034E-01 -1.93371135E+00  3.87623353E-01  8.47070086E+00  9.99873279E-01  1.34474897E+00
 -2.66203017E-01  1.00000000E+00  9.77848010E-01 -1.94296649E+00  3.89603455E-01  8.54726456E+00  9.99462083E-01  1.35860445E+00
 -2.49945927E-01  1.00000000E+00  9.73444986E-01 -1.95227910E+00  3.91589280E-01  8.62453880E+00  9.99055611E-01  1.37258697E+00
 -2.35560203E-01  1.00000000E+00  9.71245973E-01 -1.96451765E+00  3.93250315E-01  8.70451343E+00  1.00031629E+00  1.38675549E+00
 -2.21174479E-01  1.00000000E+00  9.69046959E-01 -1.97684510E+00  3.94723372E-01  8.78523700E+00  1.00158641E+00  1.40105711E+00
 -2.08421419E-01  1.00000000E+00  9.66463239E-01 -1.99173847E+00  3.95932058E-01  8.84565846E+00  1.00510740E+00  1.41129919E+00
 -1.95668358E-01  1.00000000E+00  9.63879519E-01 -2.00673567E+00  3.96355643E-01  8.90649774E+00  1.00865423E+00  1.42161183E+00
 -1.83439085E-01  1.00000000E+00  9.62780518E-01 -2.01215087E+00  3.96354415E-01  8.91806871E+00  1.01152476E+00  1.42317791E+00
 -1.71209813E-01  1.00000000E+00  9.61681517E-01 -2.01757838E+00  3.92851873E-01  8.92965800E+00  1.01440335E+00  1.42474584E+00
 -1.58980541E-01  1.00000000E+00  9.47826922E-01 -1.97723035E+00  3.81839783E-01  8.59806074E+00  1.01757572E+00  1.36448730E+00
 -1.46751268E-01  1.00000000E+00  9.33972328E-01 -1.93796178E+00  3.67766912E-01  8.27908120E+00  1.02087488E+00  1.30647714E+00
 -1.34521996E-01  1.00000000E+00  9.32296311E-01 -1.88776861E+00  3.50963410E-01  7.49480715E+00  1.05733237E+00  1.15874546E+00
 -1.22292724E-01  1.00000000E+00  9.30620295E-01 -1.83990283E+00  3.14152280E-01  6.79064665E+00  1.09483638E+00  1.02524585E+00
 -1.10063451E-01  1.00000000E+00  1.01189672E+00 -1.47704868E+00  2.20298579E-01  4.42800799E+00  1.15668206E+00  5.88838668E-01
 -9.78341789E-02  1.00000000E+00  1.09317314E+00 -1.21499787E+00  1.55725602E-01  2.90679329E+00  1.24224064E+00  2.99619477E-01
 -8.56049065E-02  1.00000000E+00  1.35897617E+00 -6.70991204E-01  7.09545922E-02  1.71077246E+00  1.10604530E+00  1.08850889E-01
 -7.33756342E-02  1.00000000E+00  1.62477920E+00 -3.27006902E-01  2.93558931E-02  1.01504991E+00  1.06492613E+00 -8.97771905E-03
 -6.11463618E-02  1.00000000E+00  1.98250163E+00 -1.13278773E-01  2.50593604E-02  6.45896224E-01  1.33873130E+00 -1.24710314E-01
 -4.89170895E-02  1.00000000E+00  2.34022405E+00  8.07017005E-02  1.04786162E-01  4.28057490E-01  1.75564177E+00 -2.38965170E-01
 -3.66878171E-02  1.00000000E+00  3.14001870E+00 -2.40998447E-01  2.64203817E-01  6.60152958E-01  1.23864010E+00 -1.04127686E-01
 -2.44585447E-02  1.00000000E+00  3.93981334E+00 -5.84983454E-01  3.29064139E-01  1.11746903E+00  9.99323105E-01  2.12662658E-02
 -1.22292724E-02  1.00000000E+00  1.99641735E+00  1.39918589E+00  1.34861166E+00  2.01457091E+00  2.23969783E+00 -4.05228451E-02
  0.00000000E+00  1.00000000E+00  5.30213654E-02  1.30416418E+01  9.10565194E+00  1.22830543E+01  1.45329066E+01 -4.04973425E-01
