# curve 5 (die wall), step =      600, time =   1.20000000E+02
# N1 = tau_xx - tau_yy = G ( c_xx - c_yy ),  G =  1.8000E-01  (polymer part only)
#              x               y        pressure            c_xy        gammadot            c_xx            c_yy              N1
 -3.00000000E+00  1.00000000E+00  3.04592888E+00 -2.00165176E+00  4.00165783E-01  9.01392754E+00  9.99806435E-01  1.44254180E+00
 -2.95108291E+00  1.00000000E+00  3.00649526E+00 -2.00196376E+00  4.00141348E-01  9.01579352E+00  9.99881901E-01  1.44286409E+00
 -2.90216582E+00  1.00000000E+00  2.96706164E+00 -2.00227582E+00  4.00263317E-01  9.01765988E+00  9.99957375E-01  1.44318645E+00
 -2.85324873E+00  1.00000000E+00  2.92748539E+00 -2.00135821E+00  4.00090385E-01  9.01250116E+00  9.99802526E-01  1.44228575E+00
 -2.80433164E+00  1.00000000E+00  2.88790914E+00 -2.00044107E+00  4.00021825E-01  9.00734540E+00  9.99647744E-01  1.44138558E+00
 -2.75541455E+00  1.00000000E+00  2.84902578E+00 -2.00105520E+00  4.00262545E-01  9.00841382E+00  9.99831810E-01  1.44154476E+00
 -2.70649746E+00  1.00000000E+00  2.81014242E+00 -2.00166944E+00  4.00221344E-01  9.00948244E+00  1.00001594E+00  1.44170397E+00
 -2.65758037E+00  1.00000000E+00  2.77104413E+00 -2.00224588E+00  4.00274107E-01  9.01155845E+00  1.00020014E+00  1.44204449E+00
 -2.60866328E+00  1.00000000E+00  2.73194585E+00 -2.00282246E+00  4.00177916E-01  9.01363494E+00  1.00038440E+00  1.44238510E+00
 -2.55974619E+00  1.00000000E+00  2.69301685E+00 -2.00244396E+00  4.00086831E-01  9.01468701E+00  1.00021228E+00  1.44260545E+00
 -2.51082911E+00  1.00000000E+00  2.65408785E+00 -2.00206540E+00  4.00275624E-01  9.01573937E+00  1.00004019E+00  1.44282585E+00
 -2.46191202E+00  1.00000000E+00  2.61444647E+00 -2.00170710E+00  4.00179606E-01  9.01331099E+00  9.99957230E-01  1.44240368E+00
 -2.41299493E+00  1.00000000E+00  2.57480509E+00 -2.00134886E+00  4.00111483E-01  9.01088328E+00  9.99874278E-01  1.44198162E+00
 -2.36407784E+00  1.00000000E+00  2.53605281E+00 -2.00177505E+00  4.00129850E-01  9.01091822E+00  1.00014902E+00  1.44193846E+00
 -2.31516075E+00  1.00000000E+00  2.49730054E+00 -2.00220130E+00  4.00065827E-01  9.01095324E+00  1.00042382E+00  1.44189529E+00
 -2.26624366E+00  1.00000000E+00  2.45801507E+00 -2.00181157E+00  4.00006237E-01  9.01275780E+00  1.00010705E+00  1.44227714E+00
 -2.21732657E+00  1.00000000E+00  2.41872961E+00 -2.00142180E+00  4.00101294E-01  9.01456297E+00  9.99790355E-01  1.44265907E+00
 -2.16840948E+00  1.00000000E+00  2.37941293E+00 -2.00216209E+00  4.00103899E-01  9.01368777E+00  1.00011487E+00  1.44244312E+00
 -2.11949239E+00  1.00000000E+00  2.34009624E+00 -2.00290230E+00  4.00037335E-01  9.01281304E+00  1.00043950E+00  1.44222724E+00
 -2.07057530E+00  1.00000000E+00  2.30130086E+00 -2.00293144E+00  4.00146760E-01  9.01643489E+00  1.00034819E+00  1.44289561E+00
 -2.02165821E+00  1.00000000E+00  2.26250549E+00 -2.00296044E+00  4.00140807E-01  9.02005843E+00  1.00025688E+00  1.44356428E+00
 -1.97274112E+00  1.00000000E+00  2.22272486E+00 -2.00205730E+00  3.99987619E-01  9.01651099E+00  9.99946001E-01  1.44298170E+00
 -1.92382403E+00  1.00000000E+00  2.18294422E+00 -2.00115453E+00  3.99961336E-01  9.01296496E+00  9.99635243E-01  1.44239935E+00
 -1.87490694E+00  1.00000000E+00  2.14398104E+00 -2.00205515E+00  4.00007161E-01  9.00977376E+00  1.00027597E+00  1.44170960E+00
 -1.82598985E+00  1.00000000E+00  2.10501785E+00 -2.00295558E+00  3.99865361E-01  9.00658471E+00  1.00091703E+00  1.44102018E+00
 -1.77707276E+00  1.00000000E+00  2.06599728E+00 -2.00338405E+00  3.99803344E-01  9.00831454E+00  1.00106978E+00  1.44130406E+00
 -1.72815567E+00  1.00000000E+00  2.02697670E+00 -2.00381262E+00  3.99630745E-01  9.01004470E+00  1.00122256E+00  1.44158799E+00
 -1.67923858E+00  1.00000000E+00  1.98769059E+00 -2.00186163E+00  3.99297392E-01  9.00379851E+00  1.00073244E+00  1.44055189E+00
 -1.63032150E+00  1.00000000E+00  1.94840448E+00 -1.99991214E+00  3.99302301E-01  8.99755685E+00  1.00024282E+00  1.43951653E+00
 -1.58140441E+00  1.00000000E+00  1.90882745E+00 -1.99932585E+00  3.98959919E-01  8.98511079E+00  1.00074778E+00  1.43718534E+00
 -1.53248732E+00  1.00000000E+00  1.86925042E+00 -1.99873968E+00  3.98698892E-01  8.97268352E+00  1.00125285E+00  1.43485752E+00
 -1.48357023E+00  1.00000000E+00  1.83001090E+00 -1.99638696E+00  3.98448892E-01  8.96461111E+00  1.00048413E+00  1.43354286E+00
 -1.43465314E+00  1.00000000E+00  1.79077137E+00 -1.99403666E+00  3.98374916E-01  8.95654617E+00  9.99716205E-01  1.43222939E+00
 -1.38573605E+00  1.00000000E+00  1.75135307E+00 -1.99154772E+00  3.97813756E-01  8.93285563E+00  1.00009748E+00  1.42789647E+00
 -1.33681896E+00  1.00000000E+00  1.71193476E+00 -1.98906315E+00  3.97294946E-01  8.90922991E+00  1.00047926E+00  1.42357512E+00
 -1.28790187E+00  1.00000000E+00  1.67279591E+00 -1.98698465E+00  3.96471892E-01  8.88419660E+00  1.00102348E+00  1.41897116E+00
 -1.23898478E+00  1.00000000E+00  1.63365706E+00 -1.98490904E+00  3.95609200E-01  8.85923748E+00  1.00156789E+00  1.41438053E+00
 -1.19006769E+00  1.00000000E+00  1.59517478E+00 -1.97986353E+00  3.94503258E-01  8.82965535E+00  1.00107706E+00  1.40914409E+00
 -1.14115060E+00  1.00000000E+00  1.55669251E+00 -1.97483240E+00  3.93540896E-01  8.80017224E+00  1.00058839E+00  1.40392509E+00
 -1.09223351E+00  1.00000000E+00  1.51676921E+00 -1.96982445E+00  3.92797944E-01  8.76023826E+00  1.00058269E+00  1.39673800E+00
 -1.04331642E+00  1.00000000E+00  1.47684592E+00 -1.96483237E+00  3.91922995E-01  8.72048964E+00  1.00057816E+00  1.38958407E+00
 -9.94399333E-01  1.00000000E+00  1.43935962E+00 -1.96026019E+00  3.90485457E-01  8.66878032E+00  1.00161748E+00  1.38008931E+00
 -9.45482243E-01  1.00000000E+00  1.40187331E+00 -1.95570236E+00  3.88941362E-01  8.61739315E+00  1.00265780E+00  1.37065236E+00
 -8.96565154E-01  1.00000000E+00  1.36403884E+00 -1.94706865E+00  3.87028452E-01  8.56342933E+00  1.00208918E+00  1.36104123E+00
 -8.47648064E-01  1.00000000E+00  1.32620436E+00 -1.93847944E+00  3.85694086E-01  8.50980554E+00  1.00152672E+00  1.35149019E+00
 -7.99501858E-01  1.00000000E+00  1.29072547E+00 -1.93034557E+00  3.83577507E-01  8.44278228E+00  1.00174365E+00  1.33938695E+00
 -7.51355652E-01  1.00000000E+00  1.25524657E+00 -1.92225518E+00  3.82178496E-01  8.37630100E+00  1.00196364E+00  1.32738072E+00
 -7.08111109E-01  1.00000000E+00  1.22375920E+00 -1.91206073E+00  3.80705816E-01  8.31130629E+00  1.00089769E+00  1.31587355E+00
 -6.64866566E-01  1.00000000E+00  1.19227182E+00 -1.90192882E+00  3.79812183E-01  8.24682052E+00  9.99838717E-01  1.30445673E+00
 -6.26599939E-01  1.00000000E+00  1.16588533E+00 -1.89724377E+00  3.79164127E-01  8.20675331E+00  9.99960102E-01  1.29722278E+00
 -5.88333313E-01  1.00000000E+00  1.13949885E+00 -1.89257320E+00  3.78348428E-01  8.16688692E+00  1.00008214E+00  1.29002486E+00
 -5.54471587E-01  1.00000000E+00  1.11789140E+00 -1.88894018E+00  3.77953312E-01  8.14685944E+00  9.99492469E-01  1.28652606E+00
 -5.20609860E-01  1.00000000E+00  1.09628395E+00 -1.88531478E+00  3.77625684E-01  8.12688119E+00  9.98903923E-01  1.28303591E+00
 -4.90645977E-01  1.00000000E+00  1.07890380E+00 -1.88631132E+00  3.77490079E-01  8.11999038E+00  9.99742590E-01  1.28164460E+00
 -4.60682095E-01  1.00000000E+00  1.06152365E+00 -1.88730679E+00  3.77508196E-01  8.11310824E+00  1.00058175E+00  1.28025477E+00
 -4.34167380E-01  1.00000000E+00  1.04727091E+00 -1.88657034E+00  3.78048121E-01  8.12744881E+00  9.99080182E-01  1.28310635E+00
 -4.07652666E-01  1.00000000E+00  1.03301817E+00 -1.88583251E+00  3.78797159E-01  8.14182100E+00  9.97580176E-01  1.28596335E+00
 -3.84190072E-01  1.00000000E+00  1.02208680E+00 -1.89340622E+00  3.80089911E-01  8.18165324E+00  9.98666772E-01  1.29293756E+00
 -3.60727478E-01  1.00000000E+00  1.01115543E+00 -1.90101261E+00  3.81265232E-01  8.22168033E+00  9.99758867E-01  1.29994586E+00
 -3.39965684E-01  1.00000000E+00  1.00289598E+00 -1.90706570E+00  3.82622296E-01  8.27478943E+00  9.99190755E-01  1.30960776E+00
 -3.19203889E-01  1.00000000E+00  9.94636527E-01 -1.91314467E+00  3.84089313E-01  8.32825273E+00  9.98624847E-01  1.31933302E+00
 -3.00831998E-01  1.00000000E+00  9.88443391E-01 -1.92339773E+00  3.85853552E-01  8.39915865E+00  9.99246516E-01  1.33198418E+00
 -2.82460107E-01  1.00000000E+00  9.82250255E-01 -1.93371681E+00  3.87623582E-01  8.47067690E+00  9.99874595E-01  1.34474442E+00
 -2.66203017E-01  1.00000000E+00  9.77846698E-01 -1.94296843E+00  3.89603937E-01  8.54720856E+00  9.99462818E-01  1.35859423E+00
 -2.49945927E-01  1.00000000E+00  9.73443141E-01 -1.95227748E+00  3.91589745E-01  8.62445015E+00  9.99055765E-01  1.37257099E+00
 -2.35560203E-01  1.00000000E+00  9.71245232E-01 -1.96450864E+00  3.93249628E-01  8.70435169E+00  1.00031597E+00  1.38672643E+00
 -2.21174479E-01  1.00000000E+00  9.69047323E-01 -1.97682858E+00  3.94722572E-01  8.78500080E+00  1.00158561E+00  1.40101473E+00
 -2.08421419E-01  1.00000000E+00  9.66463303E-01 -1.99169788E+00  3.95932143E-01  8.84536011E+00  1.00509833E+00  1.41124712E+00
 -1.95668358E-01  1.00000000E+00  9.63879283E-01 -2.00667071E+00  3.96357656E-01  8.90613638E+00  1.00863680E+00  1.42154992E+00
 -1.83439085E-01  1.00000000E+00  9.62776810E-01 -2.01208306E+00  3.96357161E-01  8.91769930E+00  1.01150590E+00  1.42311481E+00
 -1.71209813E-01  1.00000000E+00  9.61674337E-01 -2.01750771E+00  3.92856634E-01  8.92928052E+00  1.01438304E+00  1.42468155E+00
 -1.58980541E-01  1.00000000E+00  9.47820436E-01 -1.97725882E+00  3.81848591E-01  8.59796536E+00  1.01759120E+00  1.36446735E+00
 -1.46751268E-01  1.00000000E+00  9.33966534E-01 -1.93808508E+00  3.67768747E-01  8.27924850E+00  1.02092576E+00  1.30649809E+00
 -1.34521996E-01  1.00000000E+00  9.32314454E-01 -1.88792415E+00  3.50955896E-01  7.49512992E+00  1.05740552E+00  1.15879039E+00
 -1.22292724E-01  1.00000000E+00  9.30662373E-01 -1.84008933E+00  3.14132480E-01  6.79109405E+00  1.09493348E+00  1.02530890E+00
 -1.10063451E-01  1.00000000E+00  1.01193272E+00 -1.47702909E+00  2.20262727E-01  4.42791709E+00  1.15671144E+00  5.88817016E-01
 -9.78341789E-02  1.00000000E+00  1.09320307E+00 -1.21485088E+00  1.55701158E-01  2.90647187E+00  1.24221257E+00  2.99566676E-01
 -8.56049065E-02  1.00000000E+00  1.35899187E+00 -6.70865840E-01  7.09427302E-02  1.71039754E+00  1.10602208E+00  1.08787582E-01
 -7.33756342E-02  1.00000000E+00  1.62478068E+00 -3.26925699E-01  2.93592581E-02  1.01471322E+00  1.06490180E+00 -9.03394356E-03
 -6.11463618E-02  1.00000000E+00  1.98249466E+00 -1.13275681E-01  2.50592602E-02  6.45791100E-01  1.33874592E+00 -1.24731868E-01
 -4.89170895E-02  1.00000000E+00  2.34020863E+00  8.06708842E-02  1.04785745E-01  4.28055836E-01  1.75569330E+00 -2.38974743E-01
 -3.66878171E-02  1.00000000E+00  3.14000903E+00 -2.41014045E-01  2.64199821E-01  6.60159724E-01  1.23867681E+00 -1.04133075E-01
 -2.44585447E-02  1.00000000E+00  3.93980943E+00 -5.84982916E-01  3.29063578E-01  1.11747587E+00  9.99339770E-01  2.12644976E-02
 -1.22292724E-02  1.00000000E+00  1.99641328E+00  1.39919456E+00  1.34860803E+00  2.01458235E+00  2.23970949E+00 -4.05228837E-02
  0.00000000E+00  1.00000000E+00  5.30171327E-02  1.30414379E+01  9.10589636E+00  1.22829002E+01  1.45326464E+01 -4.04954323E-01
