# curve 5 (die wall), step =        1, time =   4.00000000E-01
# N1 = tau_xx - tau_yy = G ( c_xx - c_yy ),  G =  3.3333E-02  (polymer part only)
#              x               y        pressure            c_xy        gammadot            c_xx            c_yy              N1
 -3.00000000E+00  1.00000000E+00  2.33820934E+00  0.00000000E+00  3.99997176E-01  1.00000000E+00  1.00000000E+00  0.00000000E+00
 -2.97524677E+00  1.00000000E+00  2.32015690E+00  0.00000000E+00  3.99998569E-01  1.00000000E+00  1.00000000E+00  0.00000000E+00
 -2.95049355E+00  1.00000000E+00  2.30210445E+00  0.00000000E+00  3.99999479E-01  1.00000000E+00  1.00000000E+00  0.00000000E+00
 -2.92574032E+00  1.00000000E+00  2.28404872E+00  0.00000000E+00  3.99999996E-01  1.00000000E+00  1.00000000E+00  0.00000000E+00
 -2.90098710E+00  1.00000000E+00  2.26599298E+00  0.00000000E+00  4.00000121E-01  1.00000000E+00  1.00000000E+00  0.00000000E+00
 -2.87623387E+00  1.00000000E+00  2.24793767E+00  0.00000000E+00  4.00000110E-01  1.00000000E+00  1.00000000E+00  0.00000000E+00
 -2.85148064E+00  1.00000000E+00  2.22988235E+00  0.00000000E+00  4.00000094E-01  1.00000000E+00  1.00000000E+00  0.00000000E+00
 -2.82672742E+00  1.00000000E+00  2.21182699E+00  0.00000000E+00  4.00000065E-01  1.00000000E+00  1.00000000E+00  0.00000000E+00
 -2.80197419E+00  1.00000000E+00  2.19377163E+00  0.00000000E+00  4.00000031E-01  1.00000000E+00  1.00000000E+00  0.00000000E+00
 -2.77722097E+00  1.00000000E+00  2.17571628E+00  0.00000000E+00  3.99999989E-01  1.00000000E+00  1.00000000E+00  0.00000000E+00
 -2.75246774E+00  1.00000000E+00  2.15766093E+00  0.00000000E+00  3.99999947E-01  1.00000000E+00  1.00000000E+00  0.00000000E+00
 -2.72771451E+00  1.00000000E+00  2.13960558E+00  0.00000000E+00  3.99999895E-01  1.00000000E+00  1.00000000E+00  0.00000000E+00
 -2.70296129E+00  1.00000000E+00  2.12155024E+00  0.00000000E+00  3.99999841E-01  1.00000000E+00  1.00000000E+00  0.00000000E+00
 -2.67820806E+00  1.00000000E+00  2.10349488E+00  0.00000000E+00  3.99999775E-01  1.00000000E+00  1.00000000E+00  0.00000000E+00
 -2.65345484E+00  1.00000000E+00  2.08543953E+00  0.00000000E+00  3.99999706E-01  1.00000000E+00  1.00000000E+00  0.00000000E+00
 -2.62870161E+00  1.00000000E+00  2.06738418E+00  0.00000000E+00  3.99999621E-01  1.00000000E+00  1.00000000E+00  0.00000000E+00
 -2.60394839E+00  1.00000000E+00  2.04932882E+00  0.00000000E+00  3.99999531E-01  1.00000000E+00  1.00000000E+00  0.00000000E+00
 -2.57919516E+00  1.00000000E+00  2.03127347E+00  0.00000000E+00  3.99999423E-01  1.00000000E+00  1.00000000E+00  0.00000000E+00
 -2.55444193E+00  1.00000000E+00  2.01321812E+00  0.00000000E+00  3.99999309E-01  1.00000000E+00  1.00000000E+00  0.00000000E+00
 -2.52968871E+00  1.00000000E+00  1.99516277E+00  0.00000000E+00  3.99999167E-01  1.00000000E+00  1.00000000E+00  0.00000000E+00
 -2.50493548E+00  1.00000000E+00  1.97710741E+00  0.00000000E+00  3.99999014E-01  1.00000000E+00  1.00000000E+00  0.00000000E+00
 -2.48018226E+00  1.00000000E+00  1.95905206E+00  0.00000000E+00  3.99998840E-01  1.00000000E+00  1.00000000E+00  0.00000000E+00
 -2.45542903E+00  1.00000000E+00  1.94099671E+00  0.00000000E+00  3.99998651E-01  1.00000000E+00  1.00000000E+00  0.00000000E+00
 -2.43067580E+00  1.00000000E+00  1.92294136E+00  0.00000000E+00  3.99998421E-01  1.00000000E+00  1.00000000E+00  0.00000000E+00
 -2.40592258E+00  1.00000000E+00  1.90488602E+00  0.00000000E+00  3.99998180E-01  1.00000000E+00  1.00000000E+00  0.00000000E+00
 -2.38116935E+00  1.00000000E+00  1.88683068E+00  0.00000000E+00  3.99997889E-01  1.00000000E+00  1.00000000E+00  0.00000000E+00
 -2.35641613E+00  1.00000000E+00  1.86877535E+00  0.00000000E+00  3.99997580E-01  1.00000000E+00  1.00000000E+00  0.00000000E+00
 -2.33166290E+00  1.00000000E+00  1.85072004E+00  0.00000000E+00  3.99997207E-01  1.00000000E+00  1.00000000E+00  0.00000000E+00
 -2.30690967E+00  1.00000000E+00  1.83266473E+00  0.00000000E+00  3.99996811E-01  1.00000000E+00  1.00000000E+00  0.00000000E+00
 -2.28215645E+00  1.00000000E+00  1.81460944E+00  0.00000000E+00  3.99996342E-01  1.00000000E+00  1.00000000E+00  0.00000000E+00
 -2.25740322E+00  1.00000000E+00  1.79655416E+00  0.00000000E+00  3.99995845E-01  1.00000000E+00  1.00000000E+00  0.00000000E+00
 -2.23265000E+00  1.00000000E+00  1.77849891E+00  0.00000000E+00  3.99995254E-01  1.00000000E+00  1.00000000E+00  0.00000000E+00
 -2.20789677E+00  1.00000000E+00  1.76044367E+00  0.00000000E+00  3.99994611E-01  1.00000000E+00  1.00000000E+00  0.00000000E+00
 -2.18314354E+00  1.00000000E+00  1.74238848E+00  0.00000000E+00  3.99993890E-01  1.00000000E+00  1.00000000E+00  0.00000000E+00
 -2.15839032E+00  1.00000000E+00  1.72433330E+00  0.00000000E+00  3.99993117E-01  1.00000000E+00  1.00000000E+00  0.00000000E+00
 -2.13363709E+00  1.00000000E+00  1.70627823E+00  0.00000000E+00  3.99992195E-01  1.00000000E+00  1.00000000E+00  0.00000000E+00
 -2.10888387E+00  1.00000000E+00  1.68822316E+00  0.00000000E+00  3.99991233E-01  1.00000000E+00  1.00000000E+00  0.00000000E+00
 -2.08413064E+00  1.00000000E+00  1.67016821E+00  0.00000000E+00  3.99990091E-01  1.00000000E+00  1.00000000E+00  0.00000000E+00
 -2.05937741E+00  1.00000000E+00  1.65211326E+00  0.00000000E+00  3.99988902E-01  1.00000000E+00  1.00000000E+00  0.00000000E+00
 -2.03462419E+00  1.00000000E+00  1.63405853E+00  0.00000000E+00  3.99987482E-01  1.00000000E+00  1.00000000E+00  0.00000000E+00
 -2.00987096E+00  1.00000000E+00  1.61600380E+00  0.00000000E+00  3.99985991E-01  1.00000000E+00  1.00000000E+00  0.00000000E+00
 -1.98511774E+00  1.00000000E+00  1.59794928E+00  0.00000000E+00  3.99984274E-01  1.00000000E+00  1.00000000E+00  0.00000000E+00
 -1.96036451E+00  1.00000000E+00  1.57989476E+00  0.00000000E+00  3.99982458E-01  1.00000000E+00  1.00000000E+00  0.00000000E+00
 -1.93561128E+00  1.00000000E+00  1.56184060E+00  0.00000000E+00  3.99980365E-01  1.00000000E+00  1.00000000E+00  0.00000000E+00
 -1.91085806E+00  1.00000000E+00  1.54378644E+00  0.00000000E+00  3.99978061E-01  1.00000000E+00  1.00000000E+00  0.00000000E+00
 -1.88610483E+00  1.00000000E+00  1.52573272E+00  0.00000000E+00  3.99975523E-01  1.00000000E+00  1.00000000E+00  0.00000000E+00
 -1.86135161E+00  1.00000000E+00  1.50767900E+00  0.00000000E+00  3.99972736E-01  1.00000000E+00  1.00000000E+00  0.00000000E+00
 -1.83659838E+00  1.00000000E+00  1.48962579E+00  0.00000000E+00  3.99969659E-01  1.00000000E+00  1.00000000E+00  0.00000000E+00
 -1.81184516E+00  1.00000000E+00  1.47157258E+00  0.00000000E+00  3.99966469E-01  1.00000000E+00  1.00000000E+00  0.00000000E+00
 -1.78709193E+00  1.00000000E+00  1.45352032E+00  0.00000000E+00  3.99962778E-01  1.00000000E+00  1.00000000E+00  0.00000000E+00
 -1.76233870E+00  1.00000000E+00  1.43546806E+00  0.00000000E+00  3.99958696E-01  1.00000000E+00  1.00000000E+00  0.00000000E+00
 -1.73758548E+00  1.00000000E+00  1.41741678E+00  0.00000000E+00  3.99954243E-01  1.00000000E+00  1.00000000E+00  0.00000000E+00
 -1.71283225E+00  1.00000000E+00  1.39936549E+00  0.00000000E+00  3.99949578E-01  1.00000000E+00  1.00000000E+00  0.00000000E+00
 -1.68807903E+00  1.00000000E+00  1.38131539E+00  0.00000000E+00  3.99944563E-01  1.00000000E+00  1.00000000E+00  0.00000000E+00
 -1.66332580E+00  1.00000000E+00  1.36326529E+00  0.00000000E+00  3.99939120E-01  1.00000000E+00  1.00000000E+00  0.00000000E+00
 -1.63857257E+00  1.00000000E+00  1.34521698E+00  0.00000000E+00  3.99932917E-01  1.00000000E+00  1.00000000E+00  0.00000000E+00
 -1.61381935E+00  1.00000000E+00  1.32716868E+00  0.00000000E+00  3.99926393E-01  1.00000000E+00  1.00000000E+00  0.00000000E+00
 -1.58906612E+00  1.00000000E+00  1.30912233E+00  0.00000000E+00  3.99919406E-01  1.00000000E+00  1.00000000E+00  0.00000000E+00
 -1.56431290E+00  1.00000000E+00  1.29107597E+00  0.00000000E+00  3.99912020E-01  1.00000000E+00  1.00000000E+00  0.00000000E+00
 -1.53955967E+00  1.00000000E+00  1.27303239E+00  0.00000000E+00  3.99903776E-01  1.00000000E+00  1.00000000E+00  0.00000000E+00
 -1.51480644E+00  1.00000000E+00  1.25498881E+00  0.00000000E+00  3.99895509E-01  1.00000000E+00  1.00000000E+00  0.00000000E+00
 -1.49005322E+00  1.00000000E+00  1.23694847E+00  0.00000000E+00  3.99886333E-01  1.00000000E+00  1.00000000E+00  0.00000000E+00
 -1.46529999E+00  1.00000000E+00  1.21890813E+00  0.00000000E+00  3.99876749E-01  1.00000000E+00  1.00000000E+00  0.00000000E+00
 -1.44054677E+00  1.00000000E+00  1.20087273E+00  0.00000000E+00  3.99867042E-01  1.00000000E+00  1.00000000E+00  0.00000000E+00
 -1.41579354E+00  1.00000000E+00  1.18283734E+00  0.00000000E+00  3.99855715E-01  1.00000000E+00  1.00000000E+00  0.00000000E+00
 -1.39104031E+00  1.00000000E+00  1.16480642E+00  0.00000000E+00  3.99843892E-01  1.00000000E+00  1.00000000E+00  0.00000000E+00
 -1.36628709E+00  1.00000000E+00  1.14677550E+00  0.00000000E+00  3.99832788E-01  1.00000000E+00  1.00000000E+00  0.00000000E+00
 -1.34153386E+00  1.00000000E+00  1.12875189E+00  0.00000000E+00  3.99820918E-01  1.00000000E+00  1.00000000E+00  0.00000000E+00
 -1.31678064E+00  1.00000000E+00  1.11072828E+00  0.00000000E+00  3.99808895E-01  1.00000000E+00  1.00000000E+00  0.00000000E+00
 -1.29202741E+00  1.00000000E+00  1.09271232E+00  0.00000000E+00  3.99796770E-01  1.00000000E+00  1.00000000E+00  0.00000000E+00
 -1.26727418E+00  1.00000000E+00  1.07469637E+00  0.00000000E+00  3.99784267E-01  1.00000000E+00  1.00000000E+00  0.00000000E+00
 -1.24252096E+00  1.00000000E+00  1.05669230E+00  0.00000000E+00  3.99773746E-01  1.00000000E+00  1.00000000E+00  0.00000000E+00
 -1.21776773E+00  1.00000000E+00  1.03868824E+00  0.00000000E+00  3.99760275E-01  1.00000000E+00  1.00000000E+00  0.00000000E+00
 -1.19301451E+00  1.00000000E+00  1.02069407E+00  0.00000000E+00  3.99747602E-01  1.00000000E+00  1.00000000E+00  0.00000000E+00
 -1.16826128E+00  1.00000000E+00  1.00269990E+00  0.00000000E+00  3.99739071E-01  1.00000000E+00  1.00000000E+00  0.00000000E+00
 -1.14350806E+00  1.00000000E+00  9.84723638E-01  0.00000000E+00  3.99731873E-01  1.00000000E+00  1.00000000E+00  0.00000000E+00
 -1.11875483E+00  1.00000000E+00  9.66747373E-01  0.00000000E+00  3.99724760E-01  1.00000000E+00  1.00000000E+00  0.00000000E+00
 -1.09400160E+00  1.00000000E+00  9.48790273E-01  0.00000000E+00  3.99723171E-01  1.00000000E+00  1.00000000E+00  0.00000000E+00
 -1.06924838E+00  1.00000000E+00  9.30833174E-01  0.00000000E+00  3.99723230E-01  1.00000000E+00  1.00000000E+00  0.00000000E+00
 -1.04449515E+00  1.00000000E+00  9.12897220E-01  0.00000000E+00  3.99727984E-01  1.00000000E+00  1.00000000E+00  0.00000000E+00
 -1.01974193E+00  1.00000000E+00  8.94961267E-01  0.00000000E+00  3.99733024E-01  1.00000000E+00  1.00000000E+00  0.00000000E+00
 -9.94988700E-01  1.00000000E+00  8.77054089E-01  0.00000000E+00  3.99750141E-01  1.00000000E+00  1.00000000E+00  0.00000000E+00
 -9.70235474E-01  1.00000000E+00  8.59146912E-01  0.00000000E+00  3.99771341E-01  1.00000000E+00  1.00000000E+00  0.00000000E+00
 -9.45482248E-01  1.00000000E+00  8.41273458E-01  0.00000000E+00  3.99808228E-01  1.00000000E+00  1.00000000E+00  0.00000000E+00
 -9.20729022E-01  1.00000000E+00  8.23400005E-01  0.00000000E+00  3.99850951E-01  1.00000000E+00  1.00000000E+00  0.00000000E+00
 -8.95975796E-01  1.00000000E+00  8.05566167E-01  0.00000000E+00  3.99909065E-01  1.00000000E+00  1.00000000E+00  0.00000000E+00
 -8.71222570E-01  1.00000000E+00  7.87732329E-01  0.00000000E+00  3.99975036E-01  1.00000000E+00  1.00000000E+00  0.00000000E+00
 -8.46469344E-01  1.00000000E+00  7.69943300E-01  0.00000000E+00  4.00079617E-01  1.00000000E+00  1.00000000E+00  0.00000000E+00
 -8.21716118E-01  1.00000000E+00  7.52154271E-01  0.00000000E+00  4.00189075E-01  1.00000000E+00  1.00000000E+00  0.00000000E+00
 -7.97201467E-01  1.00000000E+00  7.34601971E-01  0.00000000E+00  4.00345526E-01  1.00000000E+00  1.00000000E+00  0.00000000E+00
 -7.72686817E-01  1.00000000E+00  7.17049671E-01  0.00000000E+00  4.00512957E-01  1.00000000E+00  1.00000000E+00  0.00000000E+00
 -7.49503432E-01  1.00000000E+00  7.00512445E-01  0.00000000E+00  4.00717934E-01  1.00000000E+00  1.00000000E+00  0.00000000E+00
 -7.26320047E-01  1.00000000E+00  6.83975218E-01  0.00000000E+00  4.00943229E-01  1.00000000E+00  1.00000000E+00  0.00000000E+00
 -7.04527831E-01  1.00000000E+00  6.68486008E-01  0.00000000E+00  4.01217025E-01  1.00000000E+00  1.00000000E+00  0.00000000E+00
 -6.82735615E-01  1.00000000E+00  6.52996799E-01  0.00000000E+00  4.01512613E-01  1.00000000E+00  1.00000000E+00  0.00000000E+00
 -6.62251087E-01  1.00000000E+00  6.38524686E-01  0.00000000E+00  4.01863124E-01  1.00000000E+00  1.00000000E+00  0.00000000E+00
 -6.41766559E-01  1.00000000E+00  6.24052573E-01  0.00000000E+00  4.02244306E-01  1.00000000E+00  1.00000000E+00  0.00000000E+00
 -6.22511254E-01  1.00000000E+00  6.10496821E-01  0.00000000E+00  4.02667407E-01  1.00000000E+00  1.00000000E+00  0.00000000E+00
 -6.03255949E-01  1.00000000E+00  5.96941070E-01  0.00000000E+00  4.03124158E-01  1.00000000E+00  1.00000000E+00  0.00000000E+00
 -5.85156097E-01  1.00000000E+00  5.84269261E-01  0.00000000E+00  4.03645301E-01  1.00000000E+00  1.00000000E+00  0.00000000E+00
 -5.67056245E-01  1.00000000E+00  5.71597452E-01  0.00000000E+00  4.04201089E-01  1.00000000E+00  1.00000000E+00  0.00000000E+00
 -5.50042515E-01  1.00000000E+00  5.59759470E-01  0.00000000E+00  4.04838617E-01  1.00000000E+00  1.00000000E+00  0.00000000E+00
 -5.33028786E-01  1.00000000E+00  5.47921488E-01  0.00000000E+00  4.05506823E-01  1.00000000E+00  1.00000000E+00  0.00000000E+00
 -5.17036006E-01  1.00000000E+00  5.36870049E-01  0.00000000E+00  4.06255300E-01  1.00000000E+00  1.00000000E+00  0.00000000E+00
 -5.01043227E-01  1.00000000E+00  5.25818609E-01  0.00000000E+00  4.07049117E-01  1.00000000E+00  1.00000000E+00  0.00000000E+00
 -4.86010125E-01  1.00000000E+00  5.15504178E-01  0.00000000E+00  4.07902182E-01  1.00000000E+00  1.00000000E+00  0.00000000E+00
 -4.70977023E-01  1.00000000E+00  5.05189746E-01  0.00000000E+00  4.08826593E-01  1.00000000E+00  1.00000000E+00  0.00000000E+00
 -4.56846016E-01  1.00000000E+00  4.95537747E-01  0.00000000E+00  4.09802481E-01  1.00000000E+00  1.00000000E+00  0.00000000E+00
 -4.42715008E-01  1.00000000E+00  4.85885748E-01  0.00000000E+00  4.10847451E-01  1.00000000E+00  1.00000000E+00  0.00000000E+00
 -4.29431964E-01  1.00000000E+00  4.76930234E-01  0.00000000E+00  4.12005751E-01  1.00000000E+00  1.00000000E+00  0.00000000E+00
 -4.16148920E-01  1.00000000E+00  4.67974719E-01  0.00000000E+00  4.13243462E-01  1.00000000E+00  1.00000000E+00  0.00000000E+00
 -4.03662954E-01  1.00000000E+00  4.59614101E-01  0.00000000E+00  4.14467663E-01  1.00000000E+00  1.00000000E+00  0.00000000E+00
 -3.91176988E-01  1.00000000E+00  4.51253483E-01  0.00000000E+00  4.15796222E-01  1.00000000E+00  1.00000000E+00  0.00000000E+00
 -3.79440270E-01  1.00000000E+00  4.43405546E-01  0.00000000E+00  4.17240472E-01  1.00000000E+00  1.00000000E+00  0.00000000E+00
 -3.67703552E-01  1.00000000E+00  4.35557610E-01  0.00000000E+00  4.18759028E-01  1.00000000E+00  1.00000000E+00  0.00000000E+00
 -3.56671122E-01  1.00000000E+00  4.28339346E-01  0.00000000E+00  4.20349204E-01  1.00000000E+00  1.00000000E+00  0.00000000E+00
 -3.45638692E-01  1.00000000E+00  4.21121083E-01  0.00000000E+00  4.22022558E-01  1.00000000E+00  1.00000000E+00  0.00000000E+00
 -3.35268287E-01  1.00000000E+00  4.14351174E-01  0.00000000E+00  4.23719092E-01  1.00000000E+00  1.00000000E+00  0.00000000E+00
 -3.24897882E-01  1.00000000E+00  4.07581265E-01  0.00000000E+00  4.25548206E-01  1.00000000E+00  1.00000000E+00  0.00000000E+00
 -3.15149775E-01  1.00000000E+00  4.01350385E-01  0.00000000E+00  4.27492612E-01  1.00000000E+00  1.00000000E+00  0.00000000E+00
 -3.05401669E-01  1.00000000E+00  3.95119505E-01  0.00000000E+00  4.29497244E-01  1.00000000E+00  1.00000000E+00  0.00000000E+00
 -2.96238520E-01  1.00000000E+00  3.89256273E-01  0.00000000E+00  4.31519973E-01  1.00000000E+00  1.00000000E+00  0.00000000E+00
 -2.87075371E-01  1.00000000E+00  3.83393040E-01  0.00000000E+00  4.33768285E-01  1.00000000E+00  1.00000000E+00  0.00000000E+00
 -2.78462077E-01  1.00000000E+00  3.77989008E-01  0.00000000E+00  4.36066466E-01  1.00000000E+00  1.00000000E+00  0.00000000E+00
 -2.69848783E-01  1.00000000E+00  3.72584976E-01  0.00000000E+00  4.38482871E-01  1.00000000E+00  1.00000000E+00  0.00000000E+00
 -2.61752348E-01  1.00000000E+00  3.67608602E-01  0.00000000E+00  4.40920380E-01  1.00000000E+00  1.00000000E+00  0.00000000E+00
 -2.53655913E-01  1.00000000E+00  3.62632227E-01  0.00000000E+00  4.43483424E-01  1.00000000E+00  1.00000000E+00  0.00000000E+00
 -2.46045323E-01  1.00000000E+00  3.58022706E-01  0.00000000E+00  4.46151164E-01  1.00000000E+00  1.00000000E+00  0.00000000E+00
 -2.38434732E-01  1.00000000E+00  3.53413184E-01  0.00000000E+00  4.48905652E-01  1.00000000E+00  1.00000000E+00  0.00000000E+00
 -2.31280830E-01  1.00000000E+00  3.49151080E-01  0.00000000E+00  4.51742390E-01  1.00000000E+00  1.00000000E+00  0.00000000E+00
 -2.24126928E-01  1.00000000E+00  3.44888975E-01  0.00000000E+00  4.54686823E-01  1.00000000E+00  1.00000000E+00  0.00000000E+00
 -2.17402314E-01  1.00000000E+00  3.40924168E-01  0.00000000E+00  4.57738030E-01  1.00000000E+00  1.00000000E+00  0.00000000E+00
 -2.10677699E-01  1.00000000E+00  3.36959361E-01  0.00000000E+00  4.60885363E-01  1.00000000E+00  1.00000000E+00  0.00000000E+00
 -2.04351753E-01  1.00000000E+00  3.33369606E-01  0.00000000E+00  4.64181465E-01  1.00000000E+00  1.00000000E+00  0.00000000E+00
 -1.98025807E-01  1.00000000E+00  3.29779851E-01  0.00000000E+00  4.67544898E-01  1.00000000E+00  1.00000000E+00  0.00000000E+00
 -1.91837501E-01  1.00000000E+00  3.26339522E-01  0.00000000E+00  4.71207877E-01  1.00000000E+00  1.00000000E+00  0.00000000E+00
 -1.85649194E-01  1.00000000E+00  3.22899192E-01  0.00000000E+00  4.74971610E-01  1.00000000E+00  1.00000000E+00  0.00000000E+00
 -1.79460888E-01  1.00000000E+00  3.19624680E-01  0.00000000E+00  4.79109585E-01  1.00000000E+00  1.00000000E+00  0.00000000E+00
 -1.73272582E-01  1.00000000E+00  3.16350167E-01  0.00000000E+00  4.83387264E-01  1.00000000E+00  1.00000000E+00  0.00000000E+00
 -1.67084275E-01  1.00000000E+00  3.13081140E-01  0.00000000E+00  4.88092266E-01  1.00000000E+00  1.00000000E+00  0.00000000E+00
 -1.60895969E-01  1.00000000E+00  3.09812113E-01  0.00000000E+00  4.92978918E-01  1.00000000E+00  1.00000000E+00  0.00000000E+00
 -1.54707662E-01  1.00000000E+00  3.06735903E-01  0.00000000E+00  4.98491698E-01  1.00000000E+00  1.00000000E+00  0.00000000E+00
 -1.48519356E-01  1.00000000E+00  3.03659692E-01  0.00000000E+00  5.04196108E-01  1.00000000E+00  1.00000000E+00  0.00000000E+00
 -1.42331049E-01  1.00000000E+00  3.00902518E-01  0.00000000E+00  5.10631610E-01  1.00000000E+00  1.00000000E+00  0.00000000E+00
 -1.36142743E-01  1.00000000E+00  2.98145344E-01  0.00000000E+00  5.17481708E-01  1.00000000E+00  1.00000000E+00  0.00000000E+00
 -1.29954436E-01  1.00000000E+00  2.95659746E-01  0.00000000E+00  5.24767050E-01  1.00000000E+00  1.00000000E+00  0.00000000E+00
 -1.23766130E-01  1.00000000E+00  2.93174148E-01  0.00000000E+00  5.32600348E-01  1.00000000E+00  1.00000000E+00  0.00000000E+00
 -1.17577823E-01  1.00000000E+00  2.90635631E-01  0.00000000E+00  5.41562966E-01  1.00000000E+00  1.00000000E+00  0.00000000E+00
 -1.11389517E-01  1.00000000E+00  2.88097114E-01  0.00000000E+00  5.51047258E-01  1.00000000E+00  1.00000000E+00  0.00000000E+00
 -1.05201210E-01  1.00000000E+00  2.86271019E-01  0.00000000E+00  5.62046145E-01  1.00000000E+00  1.00000000E+00  0.00000000E+00
 -9.90129037E-02  1.00000000E+00  2.84444923E-01  0.00000000E+00  5.73689242E-01  1.00000000E+00  1.00000000E+00  0.00000000E+00
 -9.28245972E-02  1.00000000E+00  2.83451191E-01  0.00000000E+00  5.87147697E-01  1.00000000E+00  1.00000000E+00  0.00000000E+00
 -8.66362908E-02  1.00000000E+00  2.82457459E-01  0.00000000E+00  6.01362114E-01  1.00000000E+00  1.00000000E+00  0.00000000E+00
 -8.04479843E-02  1.00000000E+00  2.81643451E-01  0.00000000E+00  6.18670074E-01  1.00000000E+00  1.00000000E+00  0.00000000E+00
 -7.42596778E-02  1.00000000E+00  2.80829443E-01  0.00000000E+00  6.37430093E-01  1.00000000E+00  1.00000000E+00  0.00000000E+00
 -6.80713713E-02  1.00000000E+00  2.81774920E-01  0.00000000E+00  6.59453729E-01  1.00000000E+00  1.00000000E+00  0.00000000E+00
 -6.18830648E-02  1.00000000E+00  2.82720397E-01  0.00000000E+00  6.84280368E-01  1.00000000E+00  1.00000000E+00  0.00000000E+00
 -5.56947583E-02  1.00000000E+00  2.85339962E-01  0.00000000E+00  7.14429870E-01  1.00000000E+00  1.00000000E+00  0.00000000E+00
 -4.95064519E-02  1.00000000E+00  2.87959528E-01  0.00000000E+00  7.51466987E-01  1.00000000E+00  1.00000000E+00  0.00000000E+00
 -4.33181454E-02  1.00000000E+00  3.01092669E-01  0.00000000E+00  7.96749382E-01  1.00000000E+00  1.00000000E+00  0.00000000E+00
 -3.71298389E-02  1.00000000E+00  3.14225811E-01  0.00000000E+00  8.51961211E-01  1.00000000E+00  1.00000000E+00  0.00000000E+00
 -3.09415324E-02  1.00000000E+00  2.92132878E-01  0.00000000E+00  9.33708559E-01  1.00000000E+00  1.00000000E+00  0.00000000E+00
 -2.47532259E-02  1.00000000E+00  2.70039945E-01  0.00000000E+00  1.01467789E+00  1.00000000E+00  1.00000000E+00  0.00000000E+00
 -1.85649194E-02  1.00000000E+00  5.66236652E-01  0.00000000E+00  1.15330355E+00  1.00000000E+00  1.00000000E+00  0.00000000E+00
 -1.23766130E-02  1.00000000E+00  8.62433359E-01  0.00000000E+00  1.49346005E+00  1.00000000E+00  1.00000000E+00  0.00000000E+00
 -6.18830648E-03  1.00000000E+00 -1.92894208E-01  0.00000000E+00  2.10813970E+00  1.00000000E+00  1.00000000E+00  0.00000000E+00
  0.00000000E+00  1.00000000E+00 -1.24822178E+00  0.00000000E+00  3.04393684E+00  1.00000000E+00  1.00000000E+00  0.00000000E+00
