# curve 5 (die wall), step =      400, time =   1.60000000E+02
# N1 = tau_xx - tau_yy = G ( c_xx - c_yy ),  G =  7.1429E-02  (polymer part only)
#              x               y        pressure            c_xy        gammadot            c_xx            c_yy              N1
 -3.00000000E+00  1.00000000E+00  2.53985103E+00 -2.01852114E+00  4.17728452E-01  1.01655922E+01  8.77320345E-01  6.63447987E-01
 -2.97524677E+00  1.00000000E+00  2.52234476E+00 -2.01846891E+00  4.17741766E-01  1.01651248E+01  8.77327708E-01  6.63414078E-01
 -2.95049355E+00  1.00000000E+00  2.50483850E+00 -2.01841669E+00  4.17751718E-01  1.01646574E+01  8.77335071E-01  6.63380170E-01
 -2.92574032E+00  1.00000000E+00  2.48735660E+00 -2.01859367E+00  4.17753555E-01  1.01654779E+01  8.77368668E-01  6.63436371E-01
 -2.90098710E+00  1.00000000E+00  2.46987470E+00 -2.01877066E+00  4.17740980E-01  1.01662983E+01  8.77402267E-01  6.63492577E-01
 -2.87623387E+00  1.00000000E+00  2.45244084E+00 -2.01906791E+00  4.17721944E-01  1.01687926E+01  8.77412468E-01  6.63670012E-01
 -2.85148064E+00  1.00000000E+00  2.43500698E+00 -2.01936521E+00  4.17692271E-01  1.01712875E+01  8.77422672E-01  6.63847490E-01
 -2.82672742E+00  1.00000000E+00  2.41749657E+00 -2.01873279E+00  4.17689611E-01  1.01687089E+01  8.77303106E-01  6.63671842E-01
 -2.80197419E+00  1.00000000E+00  2.39998615E+00 -2.01810055E+00  4.17708613E-01  1.01661309E+01  8.77183584E-01  6.63496238E-01
 -2.77722097E+00  1.00000000E+00  2.38246985E+00 -2.01827714E+00  4.17724859E-01  1.01654988E+01  8.77256494E-01  6.63445881E-01
 -2.75246774E+00  1.00000000E+00  2.36495354E+00 -2.01845371E+00  4.17737169E-01  1.01648668E+01  8.77329410E-01  6.63395530E-01
 -2.72771451E+00  1.00000000E+00  2.34754166E+00 -2.01863003E+00  4.17730658E-01  1.01653515E+01  8.77393883E-01  6.63425543E-01
 -2.70296129E+00  1.00000000E+00  2.33012978E+00 -2.01880636E+00  4.17704958E-01  1.01658362E+01  8.77458362E-01  6.63455557E-01
 -2.67820806E+00  1.00000000E+00  2.31261095E+00 -2.01852842E+00  4.17697217E-01  1.01653844E+01  8.77354156E-01  6.63430733E-01
 -2.65345484E+00  1.00000000E+00  2.29509212E+00 -2.01825050E+00  4.17712348E-01  1.01649327E+01  8.77249964E-01  6.63405911E-01
 -2.62870161E+00  1.00000000E+00  2.27762734E+00 -2.01839255E+00  4.17725186E-01  1.01646766E+01  8.77310537E-01  6.63383293E-01
 -2.60394839E+00  1.00000000E+00  2.26016256E+00 -2.01853460E+00  4.17727411E-01  1.01644206E+01  8.77371114E-01  6.63360677E-01
 -2.57919516E+00  1.00000000E+00  2.24269890E+00 -2.01858877E+00  4.17732703E-01  1.01647514E+01  8.77394937E-01  6.63382601E-01
 -2.55444193E+00  1.00000000E+00  2.22523524E+00 -2.01864294E+00  4.17718370E-01  1.01650821E+01  8.77418760E-01  6.63404526E-01
 -2.52968871E+00  1.00000000E+00  2.20777798E+00 -2.01889120E+00  4.17694557E-01  1.01667131E+01  8.77453508E-01  6.63518545E-01
 -2.50493548E+00  1.00000000E+00  2.19032071E+00 -2.01913950E+00  4.17663003E-01  1.01683444E+01  8.77488260E-01  6.63632583E-01
 -2.48018226E+00  1.00000000E+00  2.17278601E+00 -2.01858628E+00  4.17678711E-01  1.01662952E+01  8.77354604E-01  6.63495754E-01
 -2.45542903E+00  1.00000000E+00  2.15525130E+00 -2.01803319E+00  4.17710822E-01  1.01642463E+01  8.77220983E-01  6.63358953E-01
 -2.43067580E+00  1.00000000E+00  2.13777047E+00 -2.01820413E+00  4.17737472E-01  1.01641418E+01  8.77274437E-01  6.63347666E-01
 -2.40592258E+00  1.00000000E+00  2.12028963E+00 -2.01837508E+00  4.17756934E-01  1.01640372E+01  8.77327895E-01  6.63336379E-01
 -2.38116935E+00  1.00000000E+00  2.10286194E+00 -2.01856443E+00  4.17744627E-01  1.01644329E+01  8.77406891E-01  6.63359003E-01
 -2.35641613E+00  1.00000000E+00  2.08543425E+00 -2.01875380E+00  4.17714183E-01  1.01648287E+01  8.77485895E-01  6.63381628E-01
 -2.33166290E+00  1.00000000E+00  2.06793394E+00 -2.01856046E+00  4.17707112E-01  1.01651906E+01  8.77386236E-01  6.63414595E-01
 -2.30690967E+00  1.00000000E+00  2.05043363E+00 -2.01836713E+00  4.17716928E-01  1.01655525E+01  8.77286588E-01  6.63447564E-01
 -2.28215645E+00  1.00000000E+00  2.03292791E+00 -2.01836442E+00  4.17731995E-01  1.01653508E+01  8.77278639E-01  6.63433727E-01
 -2.25740322E+00  1.00000000E+00  2.01542218E+00 -2.01836171E+00  4.17745585E-01  1.01651491E+01  8.77270691E-01  6.63419890E-01
 -2.23265000E+00  1.00000000E+00  1.99799337E+00 -2.01887528E+00  4.17734274E-01  1.01668712E+01  8.77415335E-01  6.63532560E-01
 -2.20789677E+00  1.00000000E+00  1.98056456E+00 -2.01938895E+00  4.17691624E-01  1.01685935E+01  8.77560013E-01  6.63645249E-01
 -2.18314354E+00  1.00000000E+00  1.96305440E+00 -2.01886360E+00  4.17678859E-01  1.01664232E+01  8.77450830E-01  6.63498029E-01
 -2.15839032E+00  1.00000000E+00  1.94554424E+00 -2.01833836E+00  4.17689823E-01  1.01642534E+01  8.77341678E-01  6.63350841E-01
 -2.13363709E+00  1.00000000E+00  1.92807325E+00 -2.01829902E+00  4.17705492E-01  1.01640048E+01  8.77325639E-01  6.63334227E-01
 -2.10888387E+00  1.00000000E+00  1.91060225E+00 -2.01825968E+00  4.17725801E-01  1.01637562E+01  8.77309600E-01  6.63317613E-01
 -2.08413064E+00  1.00000000E+00  1.89309861E+00 -2.01834663E+00  4.17743733E-01  1.01637152E+01  8.77338120E-01  6.63312647E-01
 -2.05937741E+00  1.00000000E+00  1.87559497E+00 -2.01843359E+00  4.17744750E-01  1.01636742E+01  8.77366641E-01  6.63307681E-01
 -2.03462419E+00  1.00000000E+00  1.85814791E+00 -2.01841106E+00  4.17733234E-01  1.01641690E+01  8.77351291E-01  6.63344125E-01
 -2.00987096E+00  1.00000000E+00  1.84070085E+00 -2.01838852E+00  4.17722195E-01  1.01646639E+01  8.77335941E-01  6.63380572E-01
 -1.98511774E+00  1.00000000E+00  1.82317898E+00 -2.01837726E+00  4.17722655E-01  1.01643669E+01  8.77335214E-01  6.63359408E-01
 -1.96036451E+00  1.00000000E+00  1.80565711E+00 -2.01836600E+00  4.17722719E-01  1.01640699E+01  8.77334486E-01  6.63338245E-01
 -1.93561128E+00  1.00000000E+00  1.78825302E+00 -2.01878062E+00  4.17701891E-01  1.01654762E+01  8.77452540E-01  6.63430258E-01
 -1.91085806E+00  1.00000000E+00  1.77084894E+00 -2.01919530E+00  4.17664490E-01  1.01668826E+01  8.77570616E-01  6.63522285E-01
 -1.88610483E+00  1.00000000E+00  1.75328625E+00 -2.01860006E+00  4.17654414E-01  1.01659817E+01  8.77357658E-01  6.63473144E-01
 -1.86135161E+00  1.00000000E+00  1.73572355E+00 -2.01800490E+00  4.17669038E-01  1.01650809E+01  8.77144761E-01  6.63424011E-01
 -1.83659838E+00  1.00000000E+00  1.71825447E+00 -2.01835344E+00  4.17684964E-01  1.01641299E+01  8.77337288E-01  6.63342331E-01
 -1.81184516E+00  1.00000000E+00  1.70078539E+00 -2.01870195E+00  4.17677159E-01  1.01631791E+01  8.77529851E-01  6.63260663E-01
 -1.78709193E+00  1.00000000E+00  1.68338540E+00 -2.01890546E+00  4.17632153E-01  1.01656080E+01  8.77520970E-01  6.63434790E-01
 -1.76233870E+00  1.00000000E+00  1.66598541E+00 -2.01910898E+00  4.17575566E-01  1.01680375E+01  8.77512086E-01  6.63608961E-01
 -1.73758548E+00  1.00000000E+00  1.64840860E+00 -2.01871292E+00  4.17576151E-01  1.01666525E+01  8.77407705E-01  6.63517482E-01
 -1.71283225E+00  1.00000000E+00  1.63083180E+00 -2.01831693E+00  4.17581667E-01  1.01652676E+01  8.77303343E-01  6.63426017E-01
 -1.68807903E+00  1.00000000E+00  1.61332476E+00 -2.01831335E+00  4.17565605E-01  1.01638945E+01  8.77355336E-01  6.63324228E-01
 -1.66332580E+00  1.00000000E+00  1.59581772E+00 -2.01830976E+00  4.17551529E-01  1.01625217E+01  8.77407330E-01  6.63222454E-01
 -1.63857257E+00  1.00000000E+00  1.57838754E+00 -2.01830793E+00  4.17550562E-01  1.01624946E+01  8.77419525E-01  6.63219650E-01
 -1.61381935E+00  1.00000000E+00  1.56095737E+00 -2.01830609E+00  4.17526429E-01  1.01624676E+01  8.77431719E-01  6.63216846E-01
 -1.58906612E+00  1.00000000E+00  1.54339380E+00 -2.01797190E+00  4.17493730E-01  1.01605072E+01  8.77376346E-01  6.63080773E-01
 -1.56431290E+00  1.00000000E+00  1.52583024E+00 -2.01763776E+00  4.17477435E-01  1.01585472E+01  8.77320981E-01  6.62944726E-01
 -1.53955967E+00  1.00000000E+00  1.50841098E+00 -2.01768508E+00  4.17455689E-01  1.01572293E+01  8.77404261E-01  6.62844642E-01
 -1.51480644E+00  1.00000000E+00  1.49099172E+00 -2.01773238E+00  4.17426619E-01  1.01559116E+01  8.77487545E-01  6.62744573E-01
 -1.49005322E+00  1.00000000E+00  1.47352139E+00 -2.01781972E+00  4.17378371E-01  1.01554230E+01  8.77573930E-01  6.62703503E-01
 -1.46529999E+00  1.00000000E+00  1.45605106E+00 -2.01790705E+00  4.17296023E-01  1.01549344E+01  8.77660322E-01  6.62662435E-01
 -1.44054677E+00  1.00000000E+00  1.43858245E+00 -2.01810189E+00  4.17210694E-01  1.01559723E+01  8.77718986E-01  6.62732383E-01
 -1.41579354E+00  1.00000000E+00  1.42111384E+00 -2.01829674E+00  4.17100609E-01  1.01570104E+01  8.77777655E-01  6.62802338E-01
 -1.39104031E+00  1.00000000E+00  1.40360107E+00 -2.01737737E+00  4.17024953E-01  1.01519461E+01  8.77656027E-01  6.62449291E-01
 -1.36628709E+00  1.00000000E+00  1.38608830E+00 -2.01645842E+00  4.16984590E-01  1.01468843E+01  8.77534476E-01  6.62096419E-01
 -1.34153386E+00  1.00000000E+00  1.36859164E+00 -2.01637088E+00  4.16926174E-01  1.01441076E+01  8.77607242E-01  6.61892882E-01
 -1.31678064E+00  1.00000000E+00  1.35109498E+00 -2.01628332E+00  4.16859782E-01  1.01413317E+01  8.77680005E-01  6.61689406E-01
 -1.29202741E+00  1.00000000E+00  1.33369063E+00 -2.01620923E+00  4.16764298E-01  1.01397427E+01  8.77742567E-01  6.61571437E-01
 -1.26727418E+00  1.00000000E+00  1.31628629E+00 -2.01613515E+00  4.16644456E-01  1.01381539E+01  8.77805132E-01  6.61453486E-01
 -1.24252096E+00  1.00000000E+00  1.29888360E+00 -2.01616395E+00  4.16517777E-01  1.01363036E+01  8.77923111E-01  6.61312893E-01
 -1.21776773E+00  1.00000000E+00  1.28148092E+00 -2.01619273E+00  4.16368030E-01  1.01344537E+01  8.78041100E-01  6.61172328E-01
 -1.19301451E+00  1.00000000E+00  1.26401440E+00 -2.01519646E+00  4.16223929E-01  1.01278781E+01  8.77974164E-01  6.60707423E-01
 -1.16826128E+00  1.00000000E+00  1.24654789E+00 -2.01420075E+00  4.16102552E-01  1.01213068E+01  8.77907308E-01  6.60242818E-01
 -1.14350806E+00  1.00000000E+00  1.22917939E+00 -2.01395511E+00  4.15945532E-01  1.01176436E+01  8.77978647E-01  6.59976066E-01
 -1.11875483E+00  1.00000000E+00  1.21181089E+00 -2.01370950E+00  4.15783800E-01  1.01139818E+01  8.78049987E-01  6.59709414E-01
 -1.09400160E+00  1.00000000E+00  1.19444613E+00 -2.01319501E+00  4.15609412E-01  1.01084311E+01  8.78119207E-01  6.59307994E-01
 -1.06924838E+00  1.00000000E+00  1.17708137E+00 -2.01268069E+00  4.15429880E-01  1.01028836E+01  8.78188443E-01  6.58906797E-01
 -1.04449515E+00  1.00000000E+00  1.15980326E+00 -2.01213943E+00  4.15217525E-01  1.00962683E+01  8.78306262E-01  6.58425858E-01
 -1.01974193E+00  1.00000000E+00  1.14252515E+00 -2.01159836E+00  4.14987678E-01  1.00896575E+01  8.78424103E-01  6.57945241E-01
 -9.94988700E-01  1.00000000E+00  1.12531245E+00 -2.01082999E+00  4.14725924E-01  1.00829731E+01  8.78475388E-01  6.57464120E-01
 -9.70235474E-01  1.00000000E+00  1.10809976E+00 -2.01006201E+00  4.14471252E-01  1.00762932E+01  8.78526726E-01  6.56983317E-01
 -9.45482248E-01  1.00000000E+00  1.09088847E+00 -2.00928197E+00  4.14203160E-01  1.00683614E+01  8.78604867E-01  6.56411183E-01
 -9.20729022E-01  1.00000000E+00  1.07367718E+00 -2.00850232E+00  4.13933416E-01  1.00604361E+01  8.78683043E-01  6.55839507E-01
 -8.95975796E-01  1.00000000E+00  1.05666574E+00 -2.00765953E+00  4.13628285E-01  1.00504342E+01  8.78852341E-01  6.55112991E-01
 -8.71222570E-01  1.00000000E+00  1.03965430E+00 -2.00681722E+00  4.13314302E-01  1.00404426E+01  8.79021690E-01  6.54387210E-01
 -8.46469344E-01  1.00000000E+00  1.02274884E+00 -2.00607777E+00  4.12948422E-01  1.00323204E+01  8.79174969E-01  6.53796099E-01
 -8.21716118E-01  1.00000000E+00  1.00584337E+00 -2.00533873E+00  4.12560985E-01  1.00242049E+01  8.79328314E-01  6.53205469E-01
 -7.97201467E-01  1.00000000E+00  9.89190994E-01 -2.00435239E+00  4.12252597E-01  1.00144441E+01  8.79412451E-01  6.52502259E-01
 -7.72686817E-01  1.00000000E+00  9.72538614E-01 -2.00336670E+00  4.11935658E-01  1.00046930E+01  8.79496640E-01  6.51799742E-01
 -7.49503432E-01  1.00000000E+00  9.57048173E-01 -2.00264971E+00  4.11600794E-01  9.99569636E+00  8.79669613E-01  6.51144768E-01
 -7.26320047E-01  1.00000000E+00  9.41557731E-01 -2.00193307E+00  4.11262625E-01  9.98670814E+00  8.79842628E-01  6.50490394E-01
 -7.04527831E-01  1.00000000E+00  9.27224398E-01 -2.00100436E+00  4.10902521E-01  9.97744270E+00  8.79978659E-01  6.49818860E-01
 -6.82735615E-01  1.00000000E+00  9.12891065E-01 -2.00007625E+00  4.10564855E-01  9.96818609E+00  8.80114780E-01  6.49147951E-01
 -6.62251087E-01  1.00000000E+00  8.99476455E-01 -1.99890005E+00  4.10350571E-01  9.96071429E+00  8.79987448E-01  6.48623346E-01
 -6.41766559E-01  1.00000000E+00  8.86061845E-01 -1.99772462E+00  4.10151790E-01  9.95324810E+00  8.79860220E-01  6.48099134E-01
 -6.22511254E-01  1.00000000E+00  8.73818034E-01 -1.99702818E+00  4.09924210E-01  9.94618158E+00  8.79934843E-01  6.47589053E-01
 -6.03255949E-01  1.00000000E+00  8.61574223E-01 -1.99633206E+00  4.09719054E-01  9.93912023E+00  8.80009494E-01  6.47079338E-01
 -5.85156097E-01  1.00000000E+00  8.50294092E-01 -1.99580813E+00  4.09541118E-01  9.93321916E+00  8.80095234E-01  6.46651709E-01
 -5.67056245E-01  1.00000000E+00  8.39013961E-01 -1.99528439E+00  4.09391185E-01  9.92732172E+00  8.80180990E-01  6.46224338E-01
 -5.50042515E-01  1.00000000E+00  8.28587807E-01 -1.99493760E+00  4.09356820E-01  9.92559065E+00  8.80103038E-01  6.46106258E-01
 -5.33028786E-01  1.00000000E+00  8.18161653E-01 -1.99459087E+00  4.09308984E-01  9.92385989E+00  8.80025097E-01  6.45988200E-01
 -5.17036006E-01  1.00000000E+00  8.08792069E-01 -1.99541813E+00  4.09266969E-01  9.92520446E+00  8.80338590E-01  6.46061848E-01
 -5.01043227E-01  1.00000000E+00  7.99422485E-01 -1.99624559E+00  4.09210429E-01  9.92654936E+00  8.80652208E-01  6.46135511E-01
 -4.86010125E-01  1.00000000E+00  7.90690071E-01 -1.99565972E+00  4.09269172E-01  9.92735380E+00  8.80345585E-01  6.46214873E-01
 -4.70977023E-01  1.00000000E+00  7.81957656E-01 -1.99507385E+00  4.09450499E-01  9.92815854E+00  8.80039057E-01  6.46294249E-01
 -4.56846016E-01  1.00000000E+00  7.74193705E-01 -1.99620158E+00  4.09636355E-01  9.93523594E+00  8.80113132E-01  6.46794486E-01
 -4.42715008E-01  1.00000000E+00  7.66429754E-01 -1.99733001E+00  4.09886695E-01  9.94231839E+00  8.80187322E-01  6.47295076E-01
 -4.29431964E-01  1.00000000E+00  7.59383942E-01 -1.99822279E+00  4.10249635E-01  9.95247187E+00  8.80017151E-01  6.48032480E-01
 -4.16148920E-01  1.00000000E+00  7.52338129E-01 -1.99911613E+00  4.10644559E-01  9.96263611E+00  8.79847046E-01  6.48770647E-01
 -4.03662954E-01  1.00000000E+00  7.46012102E-01 -1.99983626E+00  4.11011161E-01  9.97467854E+00  8.79531014E-01  6.49653394E-01
 -3.91176988E-01  1.00000000E+00  7.39686075E-01 -2.00055669E+00  4.11531672E-01  9.98673646E+00  8.79215040E-01  6.50537244E-01
 -3.79440270E-01  1.00000000E+00  7.34045768E-01 -2.00284105E+00  4.12125565E-01  1.00038884E+01  8.79238752E-01  6.51760691E-01
 -3.67703552E-01  1.00000000E+00  7.28405461E-01 -2.00512859E+00  4.12769624E-01  1.00210701E+01  8.79262879E-01  6.52986231E-01
 -3.56671122E-01  1.00000000E+00  7.23548395E-01 -2.00719340E+00  4.13561243E-01  1.00424827E+01  8.78969192E-01  6.54536682E-01
 -3.45638692E-01  1.00000000E+00  7.18691329E-01 -2.00926116E+00  4.14329133E-01  1.00639425E+01  8.78675857E-01  6.56090473E-01
 -3.35268287E-01  1.00000000E+00  7.14358364E-01 -2.01148533E+00  4.15047812E-01  1.00879267E+01  8.78399680E-01  6.57823362E-01
 -3.24897882E-01  1.00000000E+00  7.10025398E-01 -2.01371273E+00  4.15953644E-01  1.01119701E+01  8.78123748E-01  6.59560453E-01
 -3.15149775E-01  1.00000000E+00  7.06320703E-01 -2.01648563E+00  4.16994631E-01  1.01402196E+01  8.77804135E-01  6.61601108E-01
 -3.05401669E-01  1.00000000E+00  7.02616008E-01 -2.01926366E+00  4.18076197E-01  1.01685504E+01  8.77485045E-01  6.63647524E-01
 -2.96238520E-01  1.00000000E+00  6.99424595E-01 -2.02202448E+00  4.19198105E-01  1.02043080E+01  8.76761427E-01  6.66253328E-01
 -2.87075371E-01  1.00000000E+00  6.96233181E-01 -2.02479057E+00  4.20545029E-01  1.02401971E+01  8.76038511E-01  6.68868470E-01
 -2.78462077E-01  1.00000000E+00  6.93772897E-01 -2.02862862E+00  4.21982671E-01  1.02776799E+01  8.75634680E-01  6.71574658E-01
 -2.69848783E-01  1.00000000E+00  6.91312612E-01 -2.03247650E+00  4.23452327E-01  1.03153033E+01  8.75232015E-01  6.74290804E-01
 -2.61752348E-01  1.00000000E+00  6.89342124E-01 -2.03746580E+00  4.24891417E-01  1.03599082E+01  8.75053067E-01  6.77489653E-01
 -2.53655913E-01  1.00000000E+00  6.87371637E-01 -2.04247069E+00  4.26435874E-01  1.04047097E+01  8.74875620E-01  6.80702432E-01
 -2.46045323E-01  1.00000000E+00  6.85922828E-01 -2.04570014E+00  4.28135041E-01  1.04512001E+01  8.73842716E-01  6.84096958E-01
 -2.38434732E-01  1.00000000E+00  6.84474019E-01 -2.04893648E+00  4.29889086E-01  1.04979090E+01  8.72810846E-01  6.87507010E-01
 -2.31280830E-01  1.00000000E+00  6.83454874E-01 -2.05345435E+00  4.31675647E-01  1.05481698E+01  8.72181874E-01  6.91141993E-01
 -2.24126928E-01  1.00000000E+00  6.82435729E-01 -2.05798549E+00  4.33564614E-01  1.05986792E+01  8.71554077E-01  6.94794651E-01
 -2.17402314E-01  1.00000000E+00  6.82008389E-01 -2.06484782E+00  4.35506991E-01  1.06570258E+01  8.71441389E-01  6.98970314E-01
 -2.10677699E-01  1.00000000E+00  6.81581049E-01 -2.07173876E+00  4.37490643E-01  1.07156982E+01  8.71331800E-01  7.03169029E-01
 -2.04351753E-01  1.00000000E+00  6.81624244E-01 -2.07718566E+00  4.39666562E-01  1.07782099E+01  8.70447121E-01  7.07697341E-01
 -1.98025807E-01  1.00000000E+00  6.81667440E-01 -2.08265203E+00  4.41880149E-01  1.08410987E+01  8.69564474E-01  7.12252446E-01
 -1.91837501E-01  1.00000000E+00  6.82151933E-01 -2.08928182E+00  4.44303597E-01  1.09097248E+01  8.68932450E-01  7.17199456E-01
 -1.85649194E-01  1.00000000E+00  6.82636427E-01 -2.09593936E+00  4.46801747E-01  1.09787969E+01  8.68302950E-01  7.22178143E-01
 -1.79460888E-01  1.00000000E+00  6.83613258E-01 -2.10090465E+00  4.49689094E-01  1.10575646E+01  8.66482443E-01  7.27934437E-01
 -1.73272582E-01  1.00000000E+00  6.84590090E-01 -2.10588511E+00  4.52692702E-01  1.11369281E+01  8.64664723E-01  7.33733099E-01
 -1.67084275E-01  1.00000000E+00  6.86453546E-01 -2.11652677E+00  4.55874317E-01  1.12302949E+01  8.64529029E-01  7.40411850E-01
 -1.60895969E-01  1.00000000E+00  6.88317002E-01 -2.12723526E+00  4.59129223E-01  1.13244559E+01  8.64400027E-01  7.47146847E-01
 -1.54707662E-01  1.00000000E+00  6.90817001E-01 -2.13503561E+00  4.62954200E-01  1.14306518E+01  8.62517427E-01  7.54866738E-01
 -1.48519356E-01  1.00000000E+00  6.93316999E-01 -2.14287429E+00  4.66845437E-01  1.15378862E+01  8.60639373E-01  7.62660489E-01
 -1.42331049E-01  1.00000000E+00  6.97148428E-01 -2.15548974E+00  4.71358465E-01  1.16604545E+01  8.59892354E-01  7.71468723E-01
 -1.36142743E-01  1.00000000E+00  7.00979857E-01 -2.16820107E+00  4.76006589E-01  1.17843499E+01  8.59155188E-01  7.80371053E-01
 -1.29954436E-01  1.00000000E+00  7.05782029E-01 -2.17895031E+00  4.80774072E-01  1.19270232E+01  8.57134366E-01  7.90706347E-01
 -1.23766130E-01  1.00000000E+00  7.10584201E-01 -2.18976733E+00  4.86068772E-01  1.20714924E+01  8.55118736E-01  8.01169546E-01
 -1.17577823E-01  1.00000000E+00  7.17044265E-01 -2.20578666E+00  4.92109889E-01  1.22445141E+01  8.53724050E-01  8.13627863E-01
 -1.11389517E-01  1.00000000E+00  7.23504328E-01 -2.22195823E+00  4.98422366E-01  1.24200763E+01  8.52342928E-01  8.26266667E-01
 -1.05201210E-01  1.00000000E+00  7.32611613E-01 -2.23903971E+00  5.06015147E-01  1.26274551E+01  8.49901315E-01  8.41253844E-01
 -9.90129037E-02  1.00000000E+00  7.41718897E-01 -2.25629554E+00  5.13756530E-01  1.28384023E+01  8.47476803E-01  8.56494678E-01
 -9.28245972E-02  1.00000000E+00  7.53350259E-01 -2.27163267E+00  5.22817806E-01  1.30775320E+01  8.43455799E-01  8.73862582E-01
 -8.66362908E-02  1.00000000E+00  7.64981621E-01 -2.28709766E+00  5.32001014E-01  1.33213149E+01  8.39449443E-01  8.91561818E-01
 -8.04479843E-02  1.00000000E+00  7.81477279E-01 -2.31359776E+00  5.42314033E-01  1.36105224E+01  8.37959276E-01  9.12325941E-01
 -7.42596778E-02  1.00000000E+00  7.97972937E-01 -2.34048421E+00  5.53423064E-01  1.39061388E+01  8.36498845E-01  9.33545712E-01
 -6.80713713E-02  1.00000000E+00  8.17884082E-01 -2.34578884E+00  5.67320880E-01  1.42489343E+01  8.25824570E-01  9.58793553E-01
 -6.18830648E-02  1.00000000E+00  8.37795227E-01 -2.35087814E+00  5.81516502E-01  1.46009981E+01  8.15202724E-01  9.84699673E-01
 -5.56947583E-02  1.00000000E+00  8.72531504E-01 -2.50374274E+00  5.97253950E-01  1.51134089E+01  8.46753880E-01  1.01904678E+00
 -4.95064519E-02  1.00000000E+00  9.07267782E-01 -2.66310908E+00  6.08206628E-01  1.56459393E+01  8.80539654E-01  1.05467140E+00
 -4.33181454E-02  1.00000000E+00  9.64925804E-01 -2.11952037E+00  6.11824041E-01  1.44303281E+01  7.60333306E-01  9.76428197E-01
 -3.71298389E-02  1.00000000E+00  1.02258383E+00 -1.62882283E+00  6.29077831E-01  1.33536628E+01  6.69002177E-01  9.06047185E-01
 -3.09415324E-02  1.00000000E+00  1.01693168E+00 -1.65688491E+00  5.88955522E-01  1.22227893E+01  7.11709629E-01  8.22219973E-01
 -2.47532259E-02  1.00000000E+00  1.01127953E+00 -1.67976549E+00  4.71143297E-01  1.11964470E+01  7.56102797E-01  7.45738872E-01
 -1.85649194E-02  1.00000000E+00  2.15419447E+00 -5.00030711E+00  3.21295758E-01  1.50618230E+01  2.08703048E+00  9.26770894E-01
 -1.23766130E-02  1.00000000E+00  3.29710940E+00 -1.09662332E+01  4.33250610E-01  2.34126902E+01  5.44947543E+00  1.28308677E+00
 -6.18830648E-03  1.00000000E+00  1.54017915E+00  2.24951655E+00  1.61724573E+00  1.22501092E+01  1.15039376E+00  7.92836819E-01
  0.00000000E+00  1.00000000E+00 -2.16751100E-01  3.54812884E+01  7.19398542E+00  5.27751791E+01  2.40653554E+01  2.05070170E+00
