# model=oldroyd  theta_MLE: lambda=4.83799, beta=0.529897, eta_0=0.845927
# delta(x) = y_clean(x) - y_model(x; theta_MLE)   (x from curve4_x.txt)
# columns: x  delta
5.000000000000000000e+00 -9.222740838641385608e-04
4.950333040000000295e+00 -9.221057705313118191e-04
4.900666089999999642e+00 -9.218544717255472420e-04
4.850999129999999937e+00 -9.215960142279211453e-04
4.801332180000000172e+00 -9.213565465200357352e-04
4.751665219999999579e+00 -9.211571169018828442e-04
4.701998269999999813e+00 -9.209878820031214275e-04
4.652331310000000109e+00 -9.208299390828234010e-04
4.602664360000000343e+00 -9.206935734762389245e-04
4.552997399999999750e+00 -9.205506046523481700e-04
4.503330449999999985e+00 -9.203786603411145961e-04
4.453663490000000280e+00 -9.201714509941005815e-04
4.403996539999999627e+00 -9.199037956220124101e-04
4.354329579999999922e+00 -9.195456078119335075e-04
4.304662630000000156e+00 -9.190844477289239478e-04
4.254995669999999564e+00 -9.184861824025336574e-04
4.205328709999999859e+00 -9.177139530514022425e-04
4.155661760000000093e+00 -9.167601847372974788e-04
4.105994800000000389e+00 -9.155636249096321677e-04
4.056327849999999735e+00 -9.140947331325310898e-04
4.006660890000000030e+00 -9.123280013525469911e-04
3.956993939999999821e+00 -9.101837130958134736e-04
3.907326980000000116e+00 -9.076420283180564041e-04
3.857660029999999907e+00 -9.046437778195137724e-04
3.807993070000000202e+00 -9.011027039964591978e-04
3.758326119999999992e+00 -8.969708560206957060e-04
3.708659159999999844e+00 -8.921808140751608107e-04
3.658992210000000078e+00 -8.866342178792674389e-04
3.609325249999999929e+00 -8.802568662884535655e-04
3.559658300000000164e+00 -8.729451185740533248e-04
3.509991340000000015e+00 -8.645950623673570590e-04
3.460324389999999806e+00 -8.551027419758661097e-04
3.410657430000000101e+00 -8.443299872678000639e-04
3.360990469999999952e+00 -8.321563059268122231e-04
3.311323520000000187e+00 -8.184563214326256997e-04
3.261656560000000038e+00 -8.030487946453224168e-04
3.211989609999999828e+00 -7.857947569127610166e-04
3.162322650000000124e+00 -7.665074943450367329e-04
3.112655699999999914e+00 -7.450200018672692437e-04
3.062988740000000210e+00 -7.211303254845979893e-04
3.013321790000000000e+00 -6.946608961728717446e-04
2.963654829999999851e+00 -6.654317833978407037e-04
2.913987880000000086e+00 -6.331491776603304089e-04
2.864320919999999937e+00 -5.976260629192431395e-04
2.814653970000000172e+00 -5.586765145846328551e-04
2.764987010000000023e+00 -5.160775212313950533e-04
2.715320059999999813e+00 -4.695225567152849777e-04
2.665653100000000109e+00 -4.188671078906303080e-04
2.615986139999999960e+00 -3.637871425441474571e-04
2.566319190000000194e+00 -3.042219281697011724e-04
2.516652230000000046e+00 -2.399356951303666108e-04
2.466985279999999836e+00 -1.708464594860625851e-04
2.417318320000000131e+00 -9.682615840533870255e-05
2.367651369999999922e+00 -1.758383578343014619e-05
2.317984410000000217e+00 6.704455831751943151e-05
2.268317460000000008e+00 1.568231994404367668e-04
2.218650499999999859e+00 2.516883450263129873e-04
2.168983550000000093e+00 3.516479630076840834e-04
2.119316589999999945e+00 4.566991919621177232e-04
2.069649640000000179e+00 5.664889963259422956e-04
2.019982680000000030e+00 6.805712089876791993e-04
1.970315730000000043e+00 7.986363533787343982e-04
1.920648769999999894e+00 9.197461287264729890e-04
1.870981809999999967e+00 1.044721875783638509e-03
1.821314859999999980e+00 1.171305058457416948e-03
1.771647900000000053e+00 1.299047489047078230e-03
1.721980950000000066e+00 1.427415103854023926e-03
1.672313989999999917e+00 1.554636332927072928e-03
1.622647039999999929e+00 1.680106703335626506e-03
1.572980080000000003e+00 1.802575397331418472e-03
1.523313130000000015e+00 1.918240718595365379e-03
1.473646170000000089e+00 2.027661091161814255e-03
1.423979220000000101e+00 2.129747744996413061e-03
1.374312259999999952e+00 2.219792704846623721e-03
1.324645309999999965e+00 2.301705292750311216e-03
1.274978350000000038e+00 2.367572019007280204e-03
1.225311400000000051e+00 2.415832395542993893e-03
1.175644439999999902e+00 2.450151082302509664e-03
1.125977479999999975e+00 2.466261496996802194e-03
1.076310529999999988e+00 2.458152831054549736e-03
1.026643570000000061e+00 2.420598723007927333e-03
9.769766189999999906e-01 2.367167385528112789e-03
9.273096640000000335e-01 2.276894697884834784e-03
8.776427079999999936e-01 2.163423219611049220e-03
8.279757530000000365e-01 2.023799571329920610e-03
7.786002389999999718e-01 1.853125446998005188e-03
7.317317880000000496e-01 1.667748067834651238e-03
6.876846269999999928e-01 1.461980230191173291e-03
6.462889219999999879e-01 1.250903517790558084e-03
6.073850619999999756e-01 1.036863239052498997e-03
5.708230460000000006e-01 8.287844516536857498e-04
5.364619149999999559e-01 6.195766403549463064e-04
5.041691750000000249e-01 3.992153649063912013e-04
4.738203240000000149e-01 2.015981659635457390e-04
4.452983460000000115e-01 1.626550856581587823e-05
4.184932690000000011e-01 -1.700503116919271918e-04
3.933017460000000076e-01 -3.565322220366873296e-04
3.696266380000000074e-01 -4.998342594639826331e-04
3.473766770000000226e-01 -6.317821288914782230e-04
3.264660690000000254e-01 -8.281011725335130080e-04
3.068141939999999845e-01 -9.064938640390707292e-04
2.883452770000000109e-01 -9.726286875320067082e-04
2.709881089999999770e-01 -1.113088063076084211e-03
2.546757709999999952e-01 -1.158692983784126440e-03
2.393453670000000033e-01 -1.168802349897690718e-03
2.249377889999999991e-01 -1.329778473189824339e-03
2.113974849999999961e-01 -1.323996106428859676e-03
1.986678209999999944e-01 -1.328344836712957999e-03
1.862510820000000122e-01 -1.379936975504536534e-03
1.738343440000000018e-01 -1.416585971201866911e-03
1.614176049999999918e-01 -1.433425704790103339e-03
1.490008660000000096e-01 -1.406662701299410401e-03
1.365841269999999996e-01 -1.388079685168186472e-03
1.241673880000000035e-01 -1.470470635501985868e-03
1.117506489999999936e-01 -1.441164452543830521e-03
9.933391060000000550e-02 -1.350247465834897298e-03
8.691717179999999821e-02 -1.256876894019098856e-03
7.450043300000000479e-02 -1.278593613345258007e-03
6.208369419999999750e-02 -1.105747211158192300e-03
4.966695530000000275e-02 -8.877221094023557413e-04
3.725021650000000240e-02 -7.843051205276285742e-04
2.483347769999999857e-02 -4.696032119630988433e-04
1.241673880000000035e-02 -2.024344098827679517e-04
0.000000000000000000e+00 0.000000000000000000e+00
