# curve 5 (die wall), step =      100, time =   4.00000000E+01
# N1 = tau_xx - tau_yy = G ( c_xx - c_yy ),  G =  4.5455E-02  (polymer part only)
#              x               y        pressure            c_xy        gammadot            c_xx            c_yy              N1
 -3.00000000E+00  1.00000000E+00  2.12292867E+00 -1.87923667E+00  4.24832483E-01  1.07615175E+01  7.07014542E-01  4.57022862E-01
 -2.97524677E+00  1.00000000E+00  2.10818103E+00 -1.87922873E+00  4.24842988E-01  1.07610956E+01  7.07032083E-01  4.57002886E-01
 -2.95049355E+00  1.00000000E+00  2.09343339E+00 -1.87922079E+00  4.24849179E-01  1.07606737E+01  7.07049625E-01  4.56982911E-01
 -2.92574032E+00  1.00000000E+00  2.07869388E+00 -1.87931071E+00  4.24847689E-01  1.07613854E+01  7.07055619E-01  4.57014991E-01
 -2.90098710E+00  1.00000000E+00  2.06395437E+00 -1.87940064E+00  4.24838763E-01  1.07620972E+01  7.07061614E-01  4.57047074E-01
 -2.87623387E+00  1.00000000E+00  2.04921023E+00 -1.87945247E+00  4.24829704E-01  1.07641022E+01  7.07007386E-01  4.57140673E-01
 -2.85148064E+00  1.00000000E+00  2.03446610E+00 -1.87950429E+00  4.24817632E-01  1.07661076E+01  7.06953159E-01  4.57234291E-01
 -2.82672742E+00  1.00000000E+00  2.01971476E+00 -1.87918332E+00  4.24823371E-01  1.07638604E+01  7.06937385E-01  4.57132865E-01
 -2.80197419E+00  1.00000000E+00  2.00496343E+00 -1.87886241E+00  4.24830215E-01  1.07616137E+01  7.06921620E-01  4.57031460E-01
 -2.77722097E+00  1.00000000E+00  1.99019876E+00 -1.87902237E+00  4.24842263E-01  1.07611931E+01  7.06975708E-01  4.57009880E-01
 -2.75246774E+00  1.00000000E+00  1.97543409E+00 -1.87918233E+00  4.24849481E-01  1.07607725E+01  7.07029800E-01  4.56988303E-01
 -2.72771451E+00  1.00000000E+00  1.96072215E+00 -1.87932681E+00  4.24841262E-01  1.07612135E+01  7.07072180E-01  4.57006423E-01
 -2.70296129E+00  1.00000000E+00  1.94601020E+00 -1.87947130E+00  4.24820776E-01  1.07616545E+01  7.07114564E-01  4.57024544E-01
 -2.67820806E+00  1.00000000E+00  1.93124823E+00 -1.87925750E+00  4.24816418E-01  1.07613229E+01  7.07043420E-01  4.57012705E-01
 -2.65345484E+00  1.00000000E+00  1.91648625E+00 -1.87904372E+00  4.24825228E-01  1.07609913E+01  7.06972284E-01  4.57000867E-01
 -2.62870161E+00  1.00000000E+00  1.90174373E+00 -1.87915753E+00  4.24834764E-01  1.07607787E+01  7.07014389E-01  4.56989288E-01
 -2.60394839E+00  1.00000000E+00  1.88700120E+00 -1.87927134E+00  4.24839499E-01  1.07605661E+01  7.07056496E-01  4.56977710E-01
 -2.57919516E+00  1.00000000E+00  1.87226737E+00 -1.87927962E+00  4.24839679E-01  1.07608121E+01  7.07062057E-01  4.56988640E-01
 -2.55444193E+00  1.00000000E+00  1.85753354E+00 -1.87928791E+00  4.24829229E-01  1.07610582E+01  7.07067618E-01  4.56999571E-01
 -2.52968871E+00  1.00000000E+00  1.84278724E+00 -1.87942839E+00  4.24817108E-01  1.07625374E+01  7.07068587E-01  4.57066763E-01
 -2.50493548E+00  1.00000000E+00  1.82804095E+00 -1.87956888E+00  4.24798337E-01  1.07640168E+01  7.07069557E-01  4.57133963E-01
 -2.48018226E+00  1.00000000E+00  1.81327729E+00 -1.87925081E+00  4.24810858E-01  1.07622791E+01  7.07020175E-01  4.57057224E-01
 -2.45542903E+00  1.00000000E+00  1.79851364E+00 -1.87893279E+00  4.24828506E-01  1.07605417E+01  7.06970802E-01  4.56980497E-01
 -2.43067580E+00  1.00000000E+00  1.78376889E+00 -1.87905780E+00  4.24845004E-01  1.07603624E+01  7.07009190E-01  4.56970602E-01
 -2.40592258E+00  1.00000000E+00  1.76902414E+00 -1.87918281E+00  4.24856232E-01  1.07601831E+01  7.07047580E-01  4.56960706E-01
 -2.38116935E+00  1.00000000E+00  1.75429792E+00 -1.87925264E+00  4.24846829E-01  1.07603895E+01  7.07076535E-01  4.56968773E-01
 -2.35641613E+00  1.00000000E+00  1.73957171E+00 -1.87932247E+00  4.24826148E-01  1.07605959E+01  7.07105490E-01  4.56976839E-01
 -2.33166290E+00  1.00000000E+00  1.72481752E+00 -1.87925500E+00  4.24822947E-01  1.07609744E+01  7.07063656E-01  4.56995945E-01
 -2.30690967E+00  1.00000000E+00  1.71006332E+00 -1.87918752E+00  4.24825658E-01  1.07613530E+01  7.07021824E-01  4.57015051E-01
 -2.28215645E+00  1.00000000E+00  1.69530917E+00 -1.87914599E+00  4.24832919E-01  1.07611855E+01  7.07003668E-01  4.57008263E-01
 -2.25740322E+00  1.00000000E+00  1.68055502E+00 -1.87910447E+00  4.24844645E-01  1.07610180E+01  7.06985514E-01  4.57001475E-01
 -2.23265000E+00  1.00000000E+00  1.66581829E+00 -1.87940051E+00  4.24839272E-01  1.07624390E+01  7.07046161E-01  4.57063309E-01
 -2.20789677E+00  1.00000000E+00  1.65108156E+00 -1.87969661E+00  4.24813691E-01  1.07638601E+01  7.07106819E-01  4.57125150E-01
 -2.18314354E+00  1.00000000E+00  1.63632836E+00 -1.87944492E+00  4.24808709E-01  1.07621546E+01  7.07083385E-01  4.57048691E-01
 -2.15839032E+00  1.00000000E+00  1.62157516E+00 -1.87919327E+00  4.24812076E-01  1.07604493E+01  7.07059957E-01  4.56972245E-01
 -2.13363709E+00  1.00000000E+00  1.60683748E+00 -1.87919053E+00  4.24820396E-01  1.07602689E+01  7.07059878E-01  4.56964047E-01
 -2.10888387E+00  1.00000000E+00  1.59209979E+00 -1.87918779E+00  4.24829008E-01  1.07600885E+01  7.07059800E-01  4.56955849E-01
 -2.08413064E+00  1.00000000E+00  1.57733846E+00 -1.87920775E+00  4.24834892E-01  1.07599234E+01  7.07068201E-01  4.56947963E-01
 -2.05937741E+00  1.00000000E+00  1.56257713E+00 -1.87922772E+00  4.24834368E-01  1.07597583E+01  7.07076602E-01  4.56940076E-01
 -2.03462419E+00  1.00000000E+00  1.54784314E+00 -1.87915617E+00  4.24827388E-01  1.07600660E+01  7.07050378E-01  4.56955256E-01
 -2.00987096E+00  1.00000000E+00  1.53310916E+00 -1.87908461E+00  4.24819691E-01  1.07603738E+01  7.07024154E-01  4.56970437E-01
 -1.98511774E+00  1.00000000E+00  1.51834333E+00 -1.87909632E+00  4.24821593E-01  1.07602090E+01  7.07028268E-01  4.56962759E-01
 -1.96036451E+00  1.00000000E+00  1.50357751E+00 -1.87910802E+00  4.24823955E-01  1.07600441E+01  7.07032382E-01  4.56955080E-01
 -1.93561128E+00  1.00000000E+00  1.48886245E+00 -1.87938704E+00  4.24810031E-01  1.07613803E+01  7.07088959E-01  4.57013241E-01
 -1.91085806E+00  1.00000000E+00  1.47414739E+00 -1.87966610E+00  4.24785362E-01  1.07627165E+01  7.07145545E-01  4.57071409E-01
 -1.88610483E+00  1.00000000E+00  1.45935715E+00 -1.87924925E+00  4.24778216E-01  1.07619052E+01  7.07021246E-01  4.57040181E-01
 -1.86135161E+00  1.00000000E+00  1.44456690E+00 -1.87883244E+00  4.24785545E-01  1.07610940E+01  7.06896975E-01  4.57008957E-01
 -1.83659838E+00  1.00000000E+00  1.42983530E+00 -1.87912885E+00  4.24795284E-01  1.07603377E+01  7.07035619E-01  4.56968278E-01
 -1.81184516E+00  1.00000000E+00  1.41510370E+00 -1.87942524E+00  4.24787609E-01  1.07595816E+01  7.07174287E-01  4.56927603E-01
 -1.78709193E+00  1.00000000E+00  1.40038276E+00 -1.87945749E+00  4.24751878E-01  1.07616575E+01  7.07122397E-01  4.57024325E-01
 -1.76233870E+00  1.00000000E+00  1.38566181E+00 -1.87948971E+00  4.24708717E-01  1.07637340E+01  7.07070505E-01  4.57121066E-01
 -1.73758548E+00  1.00000000E+00  1.37087287E+00 -1.87930166E+00  4.24706073E-01  1.07625936E+01  7.07043723E-01  4.57070449E-01
 -1.71283225E+00  1.00000000E+00  1.35608394E+00 -1.87911362E+00  4.24700897E-01  1.07614533E+01  7.07016944E-01  4.57019836E-01
 -1.68807903E+00  1.00000000E+00  1.34132502E+00 -1.87912300E+00  4.24689411E-01  1.07604792E+01  7.07050261E-01  4.56974045E-01
 -1.66332580E+00  1.00000000E+00  1.32656610E+00 -1.87913237E+00  4.24680061E-01  1.07595053E+01  7.07083579E-01  4.56928258E-01
 -1.63857257E+00  1.00000000E+00  1.31184584E+00 -1.87914312E+00  4.24665717E-01  1.07593827E+01  7.07101152E-01  4.56921889E-01
 -1.61381935E+00  1.00000000E+00  1.29712558E+00 -1.87915388E+00  4.24636137E-01  1.07592602E+01  7.07118724E-01  4.56915520E-01
 -1.58906612E+00  1.00000000E+00  1.28234003E+00 -1.87898162E+00  4.24608671E-01  1.07577280E+01  7.07110384E-01  4.56846255E-01
 -1.56431290E+00  1.00000000E+00  1.26755448E+00 -1.87880938E+00  4.24590463E-01  1.07561961E+01  7.07102045E-01  4.56777001E-01
 -1.53955967E+00  1.00000000E+00  1.25284381E+00 -1.87885973E+00  4.24561699E-01  1.07550912E+01  7.07166338E-01  4.56723857E-01
 -1.51480644E+00  1.00000000E+00  1.23813314E+00 -1.87891008E+00  4.24528880E-01  1.07539865E+01  7.07230635E-01  4.56670720E-01
 -1.49005322E+00  1.00000000E+00  1.22339488E+00 -1.87891538E+00  4.24483552E-01  1.07537155E+01  7.07264575E-01  4.56656859E-01
 -1.46529999E+00  1.00000000E+00  1.20865663E+00 -1.87892067E+00  4.24418539E-01  1.07534445E+01  7.07298518E-01  4.56642998E-01
 -1.44054677E+00  1.00000000E+00  1.19390574E+00 -1.87899953E+00  4.24351157E-01  1.07545768E+01  7.07304712E-01  4.56694185E-01
 -1.41579354E+00  1.00000000E+00  1.17915485E+00 -1.87907839E+00  4.24266920E-01  1.07557092E+01  7.07310906E-01  4.56745378E-01
 -1.39104031E+00  1.00000000E+00  1.16441469E+00 -1.87861141E+00  4.24207004E-01  1.07517948E+01  7.07308499E-01  4.56567559E-01
 -1.36628709E+00  1.00000000E+00  1.14967453E+00 -1.87814456E+00  4.24156358E-01  1.07478818E+01  7.07306110E-01  4.56389805E-01
 -1.34153386E+00  1.00000000E+00  1.13494031E+00 -1.87818722E+00  4.24092370E-01  1.07459424E+01  7.07386500E-01  4.56297997E-01
 -1.31678064E+00  1.00000000E+00  1.12020608E+00 -1.87822984E+00  4.24019303E-01  1.07440034E+01  7.07466892E-01  4.56206207E-01
 -1.29202741E+00  1.00000000E+00  1.10552315E+00 -1.87815294E+00  4.23922739E-01  1.07428775E+01  7.07498015E-01  4.56153615E-01
 -1.26727418E+00  1.00000000E+00  1.09084023E+00 -1.87807605E+00  4.23814661E-01  1.07417518E+01  7.07529140E-01  4.56101028E-01
 -1.24252096E+00  1.00000000E+00  1.07614509E+00 -1.87814211E+00  4.23703633E-01  1.07404886E+01  7.07619111E-01  4.56039521E-01
 -1.21776773E+00  1.00000000E+00  1.06144996E+00 -1.87820817E+00  4.23567834E-01  1.07392256E+01  7.07709089E-01  4.55978023E-01
 -1.19301451E+00  1.00000000E+00  1.04675814E+00 -1.87766880E+00  4.23439660E-01  1.07344361E+01  7.07729453E-01  4.55759391E-01
 -1.16826128E+00  1.00000000E+00  1.03206633E+00 -1.87712963E+00  4.23321815E-01  1.07296487E+01  7.07749844E-01  4.55540856E-01
 -1.14350806E+00  1.00000000E+00  1.01743069E+00 -1.87705743E+00  4.23171803E-01  1.07270765E+01  7.07832063E-01  4.55420200E-01
 -1.11875483E+00  1.00000000E+00  1.00279505E+00 -1.87698523E+00  4.23009555E-01  1.07245049E+01  7.07914286E-01  4.55299574E-01
 -1.09400160E+00  1.00000000E+00  9.88170701E-01 -1.87674141E+00  4.22847887E-01  1.07205172E+01  7.08002660E-01  4.55114295E-01
 -1.06924838E+00  1.00000000E+00  9.73546350E-01 -1.87649764E+00  4.22680025E-01  1.07165310E+01  7.08091046E-01  4.54929087E-01
 -1.04449515E+00  1.00000000E+00  9.58988286E-01 -1.87626126E+00  4.22480131E-01  1.07118064E+01  7.08219623E-01  4.54708489E-01
 -1.01974193E+00  1.00000000E+00  9.44430222E-01 -1.87602491E+00  4.22266295E-01  1.07070840E+01  7.08348221E-01  4.54487990E-01
 -9.94988700E-01  1.00000000E+00  9.29926010E-01 -1.87560316E+00  4.22027445E-01  1.07023424E+01  7.08426235E-01  4.54268914E-01
 -9.70235474E-01  1.00000000E+00  9.15421798E-01 -1.87518155E+00  4.21793350E-01  1.06976028E+01  7.08504279E-01  4.54049935E-01
 -9.45482248E-01  1.00000000E+00  9.00949760E-01 -1.87481662E+00  4.21548352E-01  1.06920125E+01  7.08619501E-01  4.53790592E-01
 -9.20729022E-01  1.00000000E+00  8.86477723E-01 -1.87445180E+00  4.21303550E-01  1.06864252E+01  7.08734746E-01  4.53531387E-01
 -8.95975796E-01  1.00000000E+00  8.72145258E-01 -1.87405365E+00  4.21022460E-01  1.06793527E+01  7.08913647E-01  4.53201775E-01
 -8.71222570E-01  1.00000000E+00  8.57812794E-01 -1.87365563E+00  4.20731565E-01  1.06722850E+01  7.09092592E-01  4.52872384E-01
 -8.46469344E-01  1.00000000E+00  8.43576031E-01 -1.87339413E+00  4.20407470E-01  1.06666448E+01  7.09278206E-01  4.52607573E-01
 -8.21716118E-01  1.00000000E+00  8.29339269E-01 -1.87313270E+00  4.20064760E-01  1.06610077E+01  7.09463868E-01  4.52342903E-01
 -7.97201467E-01  1.00000000E+00  8.15353129E-01 -1.87270814E+00  4.19782631E-01  1.06542257E+01  7.09613102E-01  4.52027847E-01
 -7.72686817E-01  1.00000000E+00  8.01366989E-01 -1.87228373E+00  4.19479662E-01  1.06474483E+01  7.09762371E-01  4.51712995E-01
 -7.49503432E-01  1.00000000E+00  7.88323051E-01 -1.87187530E+00  4.19179987E-01  1.06412239E+01  7.09899506E-01  4.51423836E-01
 -7.26320047E-01  1.00000000E+00  7.75279113E-01 -1.87146702E+00  4.18886308E-01  1.06350033E+01  7.10036675E-01  4.51134848E-01
 -7.04527831E-01  1.00000000E+00  7.63191158E-01 -1.87109936E+00  4.18576287E-01  1.06281207E+01  7.10238664E-01  4.50812821E-01
 -6.82735615E-01  1.00000000E+00  7.51103204E-01 -1.87073183E+00  4.18281862E-01  1.06212428E+01  7.10440714E-01  4.50491005E-01
 -6.62251087E-01  1.00000000E+00  7.39860074E-01 -1.86995032E+00  4.18094603E-01  1.06163571E+01  7.10365250E-01  4.50272359E-01
 -6.41766559E-01  1.00000000E+00  7.28616944E-01 -1.86916915E+00  4.17919050E-01  1.06114737E+01  7.10289841E-01  4.50053812E-01
 -6.22511254E-01  1.00000000E+00  7.18295219E-01 -1.86873397E+00  4.17723927E-01  1.06065434E+01  7.10357456E-01  4.49826635E-01
 -6.03255949E-01  1.00000000E+00  7.07973494E-01 -1.86829894E+00  4.17557296E-01  1.06016155E+01  7.10425094E-01  4.49599564E-01
 -5.85156097E-01  1.00000000E+00  6.98468546E-01 -1.86814196E+00  4.17414471E-01  1.05973677E+01  7.10559326E-01  4.49400381E-01
 -5.67056245E-01  1.00000000E+00  6.88963597E-01 -1.86798498E+00  4.17297664E-01  1.05931217E+01  7.10693574E-01  4.49201281E-01
 -5.50042515E-01  1.00000000E+00  6.80200114E-01 -1.86772404E+00  4.17293352E-01  1.05925963E+01  7.10608462E-01  4.49181266E-01
 -5.33028786E-01  1.00000000E+00  6.71436630E-01 -1.86746311E+00  4.17277820E-01  1.05920709E+01  7.10523362E-01  4.49161253E-01
 -5.17036006E-01  1.00000000E+00  6.63501311E-01 -1.86820555E+00  4.17284636E-01  1.05934174E+01  7.10751922E-01  4.49212066E-01
 -5.01043227E-01  1.00000000E+00  6.55565991E-01 -1.86894814E+00  4.17282412E-01  1.05947641E+01  7.10980571E-01  4.49262889E-01
 -4.86010125E-01  1.00000000E+00  6.48236162E-01 -1.86847142E+00  4.17380438E-01  1.05954521E+01  7.10764970E-01  4.49303961E-01
 -4.70977023E-01  1.00000000E+00  6.40906333E-01 -1.86799470E+00  4.17576892E-01  1.05961403E+01  7.10549427E-01  4.49345041E-01
 -4.56846016E-01  1.00000000E+00  6.34327359E-01 -1.86878589E+00  4.17776464E-01  1.06020258E+01  7.10541341E-01  4.49612930E-01
 -4.42715008E-01  1.00000000E+00  6.27748385E-01 -1.86957746E+00  4.18058001E-01  1.06079145E+01  7.10533329E-01  4.49880964E-01
 -4.29431964E-01  1.00000000E+00  6.21800265E-01 -1.87016014E+00  4.18466367E-01  1.06158324E+01  7.10378506E-01  4.50247904E-01
 -4.16148920E-01  1.00000000E+00  6.15852145E-01 -1.87074309E+00  4.18889412E-01  1.06237564E+01  7.10223741E-01  4.50615120E-01
 -4.03662954E-01  1.00000000E+00  6.10502210E-01 -1.87078064E+00  4.19261294E-01  1.06325832E+01  7.09835723E-01  4.51033975E-01
 -3.91176988E-01  1.00000000E+00  6.05152275E-01 -1.87081799E+00  4.19809108E-01  1.06414182E+01  7.09447830E-01  4.51453197E-01
 -3.79440270E-01  1.00000000E+00  6.00345493E-01 -1.87231836E+00  4.20428526E-01  1.06541444E+01  7.09385182E-01  4.52034508E-01
 -3.67703552E-01  1.00000000E+00  5.95538712E-01 -1.87382023E+00  4.21110063E-01  1.06668859E+01  7.09322787E-01  4.52616504E-01
 -3.56671122E-01  1.00000000E+00  5.91401879E-01 -1.87506868E+00  4.21944041E-01  1.06838921E+01  7.08965620E-01  4.53405750E-01
 -3.45638692E-01  1.00000000E+00  5.87265047E-01 -1.87631845E+00  4.22741457E-01  1.07009264E+01  7.08608776E-01  4.54196255E-01
 -3.35268287E-01  1.00000000E+00  5.83566595E-01 -1.87740302E+00  4.23467409E-01  1.07182316E+01  7.08230401E-01  4.55000055E-01
 -3.24897882E-01  1.00000000E+00  5.79868144E-01 -1.87848852E+00  4.24406546E-01  1.07355661E+01  7.07852255E-01  4.55805173E-01
 -3.15149775E-01  1.00000000E+00  5.76685353E-01 -1.87984640E+00  4.25485543E-01  1.07561295E+01  7.07408786E-01  4.56760032E-01
 -3.05401669E-01  1.00000000E+00  5.73502561E-01 -1.88120578E+00  4.26596943E-01  1.07767339E+01  7.06965689E-01  4.57716737E-01
 -2.96238520E-01  1.00000000E+00  5.70743345E-01 -1.88228205E+00  4.27726180E-01  1.08037933E+01  7.06089147E-01  4.58986552E-01
 -2.87075371E-01  1.00000000E+00  5.67984128E-01 -1.88335919E+00  4.29124791E-01  1.08309251E+01  7.05213498E-01  4.60259620E-01
 -2.78462077E-01  1.00000000E+00  5.65820989E-01 -1.88573150E+00  4.30630667E-01  1.08598691E+01  7.04713345E-01  4.61597987E-01
 -2.69848783E-01  1.00000000E+00  5.63657850E-01 -1.88810828E+00  4.32147123E-01  1.08888923E+01  7.04214122E-01  4.62939919E-01
 -2.61752348E-01  1.00000000E+00  5.61906314E-01 -1.89118201E+00  4.33597982E-01  1.09221587E+01  7.03827878E-01  4.64469584E-01
 -2.53655913E-01  1.00000000E+00  5.60154777E-01 -1.89426264E+00  4.35199244E-01  1.09555287E+01  7.03442722E-01  4.66003908E-01
 -2.46045323E-01  1.00000000E+00  5.58826939E-01 -1.89535275E+00  4.36967643E-01  1.09908485E+01  7.02241208E-01  4.67663970E-01
 -2.38434732E-01  1.00000000E+00  5.57499102E-01 -1.89644314E+00  4.38783059E-01  1.10262910E+01  7.01041149E-01  4.69329536E-01
 -2.31280830E-01  1.00000000E+00  5.56545072E-01 -1.89848898E+00  4.40617620E-01  1.10630940E+01  7.00158064E-01  4.71042543E-01
 -2.24126928E-01  1.00000000E+00  5.55591043E-01 -1.90053812E+00  4.42581126E-01  1.11000259E+01  6.99276091E-01  4.72761353E-01
 -2.17402314E-01  1.00000000E+00  5.55065244E-01 -1.90514827E+00  4.44592311E-01  1.11437365E+01  6.98947145E-01  4.74763151E-01
 -2.10677699E-01  1.00000000E+00  5.54539445E-01 -1.90977296E+00  4.46664782E-01  1.11876211E+01  6.98620552E-01  4.76772751E-01
 -2.04351753E-01  1.00000000E+00  5.54439930E-01 -1.91273875E+00  4.48955251E-01  1.12361500E+01  6.97510399E-01  4.79029075E-01
 -1.98025807E-01  1.00000000E+00  5.54340416E-01 -1.91571184E+00  4.51277445E-01  1.12848984E+01  6.96402465E-01  4.81295269E-01
 -1.91837501E-01  1.00000000E+00  5.54581679E-01 -1.91963944E+00  4.53819598E-01  1.13369804E+01  6.95540824E-01  4.83701798E-01
 -1.85649194E-01  1.00000000E+00  5.54822942E-01 -1.92357887E+00  4.56439465E-01  1.13893099E+01  6.94681417E-01  4.86119476E-01
 -1.79460888E-01  1.00000000E+00  5.55487834E-01 -1.92488768E+00  4.59467232E-01  1.14503109E+01  6.92505981E-01  4.88991132E-01
 -1.73272582E-01  1.00000000E+00  5.56152726E-01 -1.92619424E+00  4.62624674E-01  1.15116666E+01  6.90335058E-01  4.91878707E-01
 -1.67084275E-01  1.00000000E+00  5.57451555E-01 -1.93328946E+00  4.65971920E-01  1.15820926E+01  6.89811170E-01  4.95103702E-01
 -1.60895969E-01  1.00000000E+00  5.58750384E-01 -1.94041880E+00  4.69445875E-01  1.16529546E+01  6.89292484E-01  4.98348280E-01
 -1.54707662E-01  1.00000000E+00  5.60561442E-01 -1.94376072E+00  4.73567964E-01  1.17361771E+01  6.86934318E-01  5.02238310E-01
 -1.48519356E-01  1.00000000E+00  5.62372500E-01 -1.94711006E+00  4.77769664E-01  1.18200303E+01  6.84582698E-01  5.06156709E-01
 -1.42331049E-01  1.00000000E+00  5.65259897E-01 -1.95537157E+00  4.82660498E-01  1.19169681E+01  6.83378070E-01  5.10617727E-01
 -1.36142743E-01  1.00000000E+00  5.68147293E-01 -1.96368240E+00  4.87713038E-01  1.20147166E+01  6.82181889E-01  5.15115215E-01
 -1.29954436E-01  1.00000000E+00  5.71833403E-01 -1.96856630E+00  4.92895347E-01  1.21238055E+01  6.79519180E-01  5.20194832E-01
 -1.23766130E-01  1.00000000E+00  5.75519514E-01 -1.97346559E+00  4.98707246E-01  1.22339389E+01  6.76864931E-01  5.25321543E-01
 -1.17577823E-01  1.00000000E+00  5.80373154E-01 -1.98297241E+00  5.05424395E-01  1.23704423E+01  6.74642240E-01  5.31627275E-01
 -1.11389517E-01  1.00000000E+00  5.85226795E-01 -1.99254704E+00  5.12508413E-01  1.25085139E+01  6.72433385E-01  5.38003659E-01
 -1.05201210E-01  1.00000000E+00  5.92176642E-01 -2.00290580E+00  5.21120262E-01  1.26786371E+01  6.69223669E-01  5.45882428E-01
 -9.90129037E-02  1.00000000E+00  5.99126490E-01 -2.01334681E+00  5.29984714E-01  1.28511568E+01  6.66035497E-01  5.53869151E-01
 -9.28245972E-02  1.00000000E+00  6.08203543E-01 -2.01847163E+00  5.40453866E-01  1.30466371E+01  6.60468194E-01  5.63007676E-01
 -8.66362908E-02  1.00000000E+00  6.17280596E-01 -2.02358810E+00  5.51227645E-01  1.32453024E+01  6.54931966E-01  5.72289563E-01
 -8.04479843E-02  1.00000000E+00  6.29522591E-01 -2.04378626E+00  5.64038046E-01  1.34917584E+01  6.52627797E-01  5.83596846E-01
 -7.42596778E-02  1.00000000E+00  6.41764586E-01 -2.06425759E+00  5.77829778E-01  1.37428774E+01  6.50363911E-01  5.95114250E-01
 -6.80713713E-02  1.00000000E+00  6.58699592E-01 -2.05136428E+00  5.95168966E-01  1.40553913E+01  6.35953714E-01  6.09974434E-01
 -6.18830648E-02  1.00000000E+00  6.75634599E-01 -2.03796334E+00  6.14285215E-01  1.43762502E+01  6.21731416E-01  6.25205400E-01
 -5.56947583E-02  1.00000000E+00  6.97159667E-01 -2.20926210E+00  6.37609461E-01  1.49458103E+01  6.52438395E-01  6.49698725E-01
 -4.95064519E-02  1.00000000E+00  7.18684735E-01 -2.38879622E+00  6.57572972E-01  1.55417251E+01  6.86137905E-01  6.75253961E-01
 -4.33181454E-02  1.00000000E+00  7.91019449E-01 -1.85977331E+00  6.82440772E-01  1.49453499E+01  5.62580990E-01  6.53762222E-01
 -3.71298389E-02  1.00000000E+00  8.63354164E-01 -1.36097929E+00  7.29787028E-01  1.44487164E+01  4.70165287E-01  6.35388686E-01
 -3.09415324E-02  1.00000000E+00  7.64751508E-01 -1.13981158E+00  7.61200751E-01  1.38873441E+01  4.42594913E-01  6.11124961E-01
 -2.47532259E-02  1.00000000E+00  6.66148853E-01 -9.29848743E-01  7.34702661E-01  1.33597649E+01  4.20663912E-01  5.88140953E-01
 -1.85649194E-02  1.00000000E+00  1.53289964E+00 -5.32858586E+00  6.81890878E-01  2.06778818E+01  1.63981573E+00  8.65366638E-01
 -1.23766130E-02  1.00000000E+00  2.39965042E+00 -1.48537248E+01  7.74738773E-01  3.84012440E+01  5.91197060E+00  1.47678515E+00
 -6.18830648E-03  1.00000000E+00  9.65990580E-01  2.16642168E+00  1.93185584E+00  1.65348906E+01  6.82562391E-01  7.20560374E-01
  0.00000000E+00  1.00000000E+00 -4.67669266E-01  3.10592220E+01  6.62513832E+00  5.12044038E+01  1.89724500E+01  1.46508881E+00
