# model=oldroyd  theta_MLE: lambda=4.61666, beta=0.561283, eta_0=0.845596
# delta(x) = y_clean(x) - y_model(x; theta_MLE)   (x from curve4_x.txt)
# columns: x  delta
5.000000000000000000e+00 -2.051811949104864752e-03
4.950333040000000295e+00 -2.052098673974489529e-03
4.900666089999999642e+00 -2.052147421803374172e-03
4.850999129999999937e+00 -2.051820481633326310e-03
4.801332180000000172e+00 -2.051170863222040452e-03
4.751665219999999579e+00 -2.050261445172507635e-03
4.701998269999999813e+00 -2.049120183582608945e-03
4.652331310000000109e+00 -2.047774547990321992e-03
4.602664360000000343e+00 -2.046222761795446488e-03
4.552997399999999750e+00 -2.044440813367298659e-03
4.503330449999999985e+00 -2.042412552992756147e-03
4.453663490000000280e+00 -2.040117889211767732e-03
4.403996539999999627e+00 -2.037514834023257393e-03
4.354329579999999922e+00 -2.034537451532258956e-03
4.304662630000000156e+00 -2.031170773564960896e-03
4.254995669999999564e+00 -2.027313126016672129e-03
4.205328709999999859e+00 -2.022934396169517868e-03
4.155661760000000093e+00 -2.017951794371253271e-03
4.105994800000000389e+00 -2.012249857018755250e-03
4.056327849999999735e+00 -2.005754205350207542e-03
4.006660890000000030e+00 -1.998380205924021880e-03
3.956993939999999821e+00 -1.989961773233295261e-03
3.907326980000000116e+00 -1.980422231422807045e-03
3.857660029999999907e+00 -1.969589415050654324e-03
3.807993070000000202e+00 -1.957321591410821071e-03
3.758326119999999992e+00 -1.943443433468861059e-03
3.708659159999999844e+00 -1.927766505727790403e-03
3.658992210000000078e+00 -1.910126888617469376e-03
3.609325249999999929e+00 -1.890324832697798385e-03
3.559658300000000164e+00 -1.868130328006145646e-03
3.509991340000000015e+00 -1.843328227221885385e-03
3.460324389999999806e+00 -1.815566553447611753e-03
3.410657430000000101e+00 -1.784626311538195509e-03
3.360990469999999952e+00 -1.750243672223872338e-03
3.311323520000000187e+00 -1.712079180055559036e-03
3.261656560000000038e+00 -1.669807681973667357e-03
3.211989609999999828e+00 -1.623112303857698890e-03
3.162322650000000124e+00 -1.571504999390516133e-03
3.112655699999999914e+00 -1.514859856543093741e-03
3.062988740000000210e+00 -1.452699730011719481e-03
3.013321790000000000e+00 -1.384663061873236956e-03
2.963654829999999851e+00 -1.310429808462743040e-03
2.913987880000000086e+00 -1.229316932898738557e-03
2.864320919999999937e+00 -1.141149222400050789e-03
2.814653970000000172e+00 -1.045526758429726755e-03
2.764987010000000023e+00 -9.420790859200334211e-04
2.715320059999999813e+00 -8.302835187901091984e-04
2.665653100000000109e+00 -7.098806997711815114e-04
2.615986139999999960e+00 -5.803102515642422077e-04
2.566319190000000194e+00 -4.419410560210224048e-04
2.516652230000000046e+00 -2.943577259395535606e-04
2.466985279999999836e+00 -1.375732809782981292e-04
2.417318320000000131e+00 2.846986876248180920e-05
2.367651369999999922e+00 2.044355799517560968e-04
2.317984410000000217e+00 3.903400398443945818e-04
2.268317460000000008e+00 5.853146490475413799e-04
2.218650499999999859e+00 7.888278656902336650e-04
2.168983550000000093e+00 1.000909152955253845e-03
2.119316589999999945e+00 1.221321554133236731e-03
2.069649640000000179e+00 1.448895187812659913e-03
2.019982680000000030e+00 1.682261076288771307e-03
1.970315730000000043e+00 1.920741093132338762e-03
1.920648769999999894e+00 2.162222489010989790e-03
1.870981809999999967e+00 2.408821130965632662e-03
1.821314859999999980e+00 2.654666495500723755e-03
1.771647900000000053e+00 2.899359111895760677e-03
1.721980950000000066e+00 3.141717042575598029e-03
1.672313989999999917e+00 3.377793355528790897e-03
1.622647039999999929e+00 3.607086889099164750e-03
1.572980080000000003e+00 3.826334342118098419e-03
1.523313130000000015e+00 4.029212592493003342e-03
1.473646170000000089e+00 4.216294752081184427e-03
1.423979220000000101e+00 4.387212576898225080e-03
1.374312259999999952e+00 4.531921938722982546e-03
1.324645309999999965e+00 4.658302428131921857e-03
1.274978350000000038e+00 4.753463459007178926e-03
1.225311400000000051e+00 4.812735315959715265e-03
1.175644439999999902e+00 4.843127458612483949e-03
1.125977479999999975e+00 4.838234910731431526e-03
1.076310529999999988e+00 4.789004299662780184e-03
1.026643570000000061e+00 4.688484759586941664e-03
9.769766189999999906e-01 4.556981978373730868e-03
9.273096640000000335e-01 4.365048913510749529e-03
8.776427079999999936e-01 4.125877982794845522e-03
8.279757530000000365e-01 3.839598570130053901e-03
7.786002389999999718e-01 3.502178821130241815e-03
7.317317880000000496e-01 3.134232892038735230e-03
6.876846269999999928e-01 2.749273992445733228e-03
6.462889219999999879e-01 2.346735910509822887e-03
6.073850619999999756e-01 1.943310342008119918e-03
5.708230460000000006e-01 1.554614162177614389e-03
5.364619149999999559e-01 1.173006811480137301e-03
5.041691750000000249e-01 7.670126220982176335e-04
4.738203240000000149e-01 4.000006675950462665e-04
4.452983460000000115e-01 5.765431808613108444e-05
4.184932690000000011e-01 -2.864521783210172146e-04
3.933017460000000076e-01 -6.255919202420301417e-04
3.696266380000000074e-01 -8.966708572735182514e-04
3.473766770000000226e-01 -1.149364206776581909e-03
3.264660690000000254e-01 -1.495521083063611201e-03
3.068141939999999845e-01 -1.655069061225367122e-03
2.883452770000000109e-01 -1.800427110088431704e-03
2.709881089999999770e-01 -2.055754315128277554e-03
2.546757709999999952e-01 -2.169167404125316168e-03
2.393453670000000033e-01 -2.235409910232855069e-03
2.249377889999999991e-01 -2.499384117746528133e-03
2.113974849999999961e-01 -2.528005243892961218e-03
1.986678209999999944e-01 -2.577381744667928132e-03
1.862510820000000122e-01 -2.686260957066366473e-03
1.738343440000000018e-01 -2.764139397673170961e-03
1.614176049999999918e-01 -2.810577087790422368e-03
1.490008660000000096e-01 -2.803407203626706590e-03
1.365841269999999996e-01 -2.805830530500541542e-03
1.241673880000000035e-01 -2.918055918407436167e-03
1.117506489999999936e-01 -2.863551234747463425e-03
9.933391060000000550e-02 -2.744219785119961230e-03
8.691717179999999821e-02 -2.613407654185717632e-03
7.450043300000000479e-02 -2.615749798341893140e-03
6.208369419999999750e-02 -2.323561653575501040e-03
4.966695530000000275e-02 -1.971575113399071100e-03
3.725021650000000240e-02 -1.743274697516117300e-03
2.483347769999999857e-02 -1.188448598130609213e-03
1.241673880000000035e-02 -6.379059499592720783e-04
0.000000000000000000e+00 0.000000000000000000e+00
