# curve 5 (die wall), step =      200, time =   4.00000000E+01
# N1 = tau_xx - tau_yy = G ( c_xx - c_yy ),  G =  4.0000E-01  (polymer part only)
#              x               y        pressure            c_xy        gammadot            c_xx            c_yy              N1
 -3.00000000E+00  1.00000000E+00  2.59672139E+00 -2.00009908E-01  3.99989216E-01  1.07992644E+00  1.00002546E+00  3.19603910E-02
 -2.95108291E+00  1.00000000E+00  2.55759928E+00 -2.00012332E-01  3.99993883E-01  1.07992959E+00  1.00002460E+00  3.19619959E-02
 -2.90216582E+00  1.00000000E+00  2.51847716E+00 -2.00014757E-01  3.99998441E-01  1.07993275E+00  1.00002375E+00  3.19636007E-02
 -2.85324873E+00  1.00000000E+00  2.47933856E+00 -2.00017098E-01  3.99998362E-01  1.07991281E+00  1.00003049E+00  3.19529287E-02
 -2.80433164E+00  1.00000000E+00  2.44019996E+00 -2.00019440E-01  3.99996823E-01  1.07989287E+00  1.00003723E+00  3.19422569E-02
 -2.75541455E+00  1.00000000E+00  2.40106624E+00 -2.00014087E-01  3.99999180E-01  1.07992671E+00  1.00002566E+00  3.19604216E-02
 -2.70649746E+00  1.00000000E+00  2.36193253E+00 -2.00008734E-01  3.99998883E-01  1.07996055E+00  1.00001408E+00  3.19785867E-02
 -2.65758037E+00  1.00000000E+00  2.32279969E+00 -2.00010651E-01  3.99999045E-01  1.07994807E+00  1.00001843E+00  3.19718596E-02
 -2.60866328E+00  1.00000000E+00  2.28366684E+00 -2.00012568E-01  3.99998663E-01  1.07993560E+00  1.00002277E+00  3.19651325E-02
 -2.55974619E+00  1.00000000E+00  2.24453242E+00 -2.00009811E-01  3.99999517E-01  1.07995270E+00  1.00001694E+00  3.19743011E-02
 -2.51082911E+00  1.00000000E+00  2.20539800E+00 -2.00007053E-01  4.00002099E-01  1.07996979E+00  1.00001112E+00  3.19834698E-02
 -2.46191202E+00  1.00000000E+00  2.16626415E+00 -2.00009410E-01  3.99998592E-01  1.07995199E+00  1.00001695E+00  3.19740157E-02
 -2.41299493E+00  1.00000000E+00  2.12713030E+00 -2.00011768E-01  3.99996052E-01  1.07993419E+00  1.00002278E+00  3.19645617E-02
 -2.36407784E+00  1.00000000E+00  2.08799580E+00 -2.00007992E-01  3.99998122E-01  1.07995435E+00  1.00001566E+00  3.19754745E-02
 -2.31516075E+00  1.00000000E+00  2.04886130E+00 -2.00004216E-01  3.99998915E-01  1.07997451E+00  1.00000854E+00  3.19863875E-02
 -2.26624366E+00  1.00000000E+00  2.00972805E+00 -2.00008320E-01  3.99997718E-01  1.07995317E+00  1.00001623E+00  3.19747727E-02
 -2.21732657E+00  1.00000000E+00  1.97059480E+00 -2.00012424E-01  3.99997538E-01  1.07993183E+00  1.00002393E+00  3.19631581E-02
 -2.16840948E+00  1.00000000E+00  1.93146190E+00 -2.00012647E-01  3.99994249E-01  1.07992326E+00  1.00002654E+00  3.19586908E-02
 -2.11949239E+00  1.00000000E+00  1.89232901E+00 -2.00012870E-01  3.99990040E-01  1.07991470E+00  1.00002914E+00  3.19542236E-02
 -2.07057530E+00  1.00000000E+00  1.85319641E+00 -2.00011651E-01  3.99990501E-01  1.07991611E+00  1.00002875E+00  3.19549423E-02
 -2.02165821E+00  1.00000000E+00  1.81406381E+00 -2.00010432E-01  3.99989755E-01  1.07991752E+00  1.00002837E+00  3.19556610E-02
 -1.97274112E+00  1.00000000E+00  1.77493123E+00 -2.00010739E-01  3.99983191E-01  1.07989927E+00  1.00003380E+00  3.19461890E-02
 -1.92382403E+00  1.00000000E+00  1.73579865E+00 -2.00011047E-01  3.99976201E-01  1.07988103E+00  1.00003923E+00  3.19367171E-02
 -1.87490694E+00  1.00000000E+00  1.69666795E+00 -2.00002611E-01  3.99972199E-01  1.07990989E+00  1.00002830E+00  3.19526344E-02
 -1.82598985E+00  1.00000000E+00  1.65753724E+00 -1.99994175E-01  3.99966519E-01  1.07993875E+00  1.00001737E+00  3.19685521E-02
 -1.77707276E+00  1.00000000E+00  1.61841201E+00 -1.99994519E-01  3.99960942E-01  1.07991491E+00  1.00002504E+00  3.19559505E-02
 -1.72815567E+00  1.00000000E+00  1.57928677E+00 -1.99994863E-01  3.99952242E-01  1.07989107E+00  1.00003270E+00  3.19433491E-02
 -1.67923858E+00  1.00000000E+00  1.54016129E+00 -1.99986213E-01  3.99940217E-01  1.07990021E+00  1.00002765E+00  3.19490232E-02
 -1.63032150E+00  1.00000000E+00  1.50103582E+00 -1.99977563E-01  3.99930523E-01  1.07990935E+00  1.00002260E+00  3.19546974E-02
 -1.58140441E+00  1.00000000E+00  1.46192438E+00 -1.99972765E-01  3.99913348E-01  1.07989047E+00  1.00002754E+00  3.19451700E-02
 -1.53248732E+00  1.00000000E+00  1.42281294E+00 -1.99967967E-01  3.99897589E-01  1.07987159E+00  1.00003248E+00  3.19356427E-02
 -1.48357023E+00  1.00000000E+00  1.38371410E+00 -1.99957168E-01  3.99879730E-01  1.07986598E+00  1.00003210E+00  3.19335510E-02
 -1.43465314E+00  1.00000000E+00  1.34461526E+00 -1.99946369E-01  3.99856462E-01  1.07986038E+00  1.00003173E+00  3.19314593E-02
 -1.38573605E+00  1.00000000E+00  1.30553135E+00 -1.99930277E-01  3.99832088E-01  1.07986910E+00  1.00002513E+00  3.19375849E-02
 -1.33681896E+00  1.00000000E+00  1.26644744E+00 -1.99914185E-01  3.99811062E-01  1.07987782E+00  1.00001854E+00  3.19437106E-02
 -1.28790187E+00  1.00000000E+00  1.22740077E+00 -1.99904609E-01  3.99784866E-01  1.07986125E+00  1.00002060E+00  3.19362607E-02
 -1.23898478E+00  1.00000000E+00  1.18835411E+00 -1.99895034E-01  3.99758562E-01  1.07984468E+00  1.00002265E+00  3.19288109E-02
 -1.19006769E+00  1.00000000E+00  1.14935797E+00 -1.99883907E-01  3.99737182E-01  1.07982912E+00  1.00002804E+00  3.19204329E-02
 -1.14115060E+00  1.00000000E+00  1.11036183E+00 -1.99872780E-01  3.99713540E-01  1.07981356E+00  1.00003343E+00  3.19120550E-02
 -1.09223351E+00  1.00000000E+00  1.07144442E+00 -1.99874518E-01  3.99709406E-01  1.07980335E+00  1.00003571E+00  3.19070548E-02
 -1.04331642E+00  1.00000000E+00  1.03252701E+00 -1.99876257E-01  3.99708260E-01  1.07979314E+00  1.00003800E+00  3.19020548E-02
 -9.94399333E-01  1.00000000E+00  9.93706994E-01 -1.99885690E-01  3.99734693E-01  1.07983052E+00  1.00002734E+00  3.19212718E-02
 -9.45482243E-01  1.00000000E+00  9.54886975E-01 -1.99895124E-01  3.99774987E-01  1.07986790E+00  1.00001668E+00  3.19404893E-02
 -8.96565154E-01  1.00000000E+00  9.16242432E-01 -1.99963680E-01  3.99892097E-01  1.07990516E+00  1.00002621E+00  3.19515777E-02
 -8.47648064E-01  1.00000000E+00  8.77597889E-01 -2.00032239E-01  4.00039092E-01  1.07994242E+00  1.00003575E+00  3.19626665E-02
 -7.99501858E-01  1.00000000E+00  8.39809929E-01 -2.00175476E-01  4.00285365E-01  1.08005202E+00  1.00004824E+00  3.20015117E-02
 -7.51355652E-01  1.00000000E+00  8.02021969E-01 -2.00318726E-01  4.00612082E-01  1.08016165E+00  1.00006075E+00  3.20403603E-02
 -7.08111109E-01  1.00000000E+00  7.68338905E-01 -2.00574697E-01  4.01043463E-01  1.08039229E+00  1.00004463E+00  3.21390610E-02
 -6.64866566E-01  1.00000000E+00  7.34655841E-01 -2.00830707E-01  4.01657792E-01  1.08062302E+00  1.00002858E+00  3.22377762E-02
 -6.26599939E-01  1.00000000E+00  7.05156458E-01 -2.01273356E-01  4.02455150E-01  1.08093609E+00  1.00006706E+00  3.23476123E-02
 -5.88333313E-01  1.00000000E+00  6.75657075E-01 -2.01716115E-01  4.03360816E-01  1.08124941E+00  1.00010572E+00  3.24574748E-02
 -5.54471587E-01  1.00000000E+00  6.49917341E-01 -2.02321706E-01  4.04541196E-01  1.08182713E+00  1.00002477E+00  3.27209434E-02
 -5.20609860E-01  1.00000000E+00  6.24177607E-01 -2.02927511E-01  4.05857817E-01  1.08240544E+00  9.99944188E-01  3.29844992E-02
 -4.90645977E-01  1.00000000E+00  6.01607625E-01 -2.03802279E-01  4.07434429E-01  1.08301438E+00  1.00005036E+00  3.31856073E-02
 -4.60682095E-01  1.00000000E+00  5.79037643E-01 -2.04677491E-01  4.09177249E-01  1.08362428E+00  1.00015724E+00  3.33868151E-02
 -4.34167380E-01  1.00000000E+00  5.59626815E-01 -2.05770426E-01  4.11364283E-01  1.08464484E+00  1.00003592E+00  3.38435673E-02
 -4.07652666E-01  1.00000000E+00  5.40215987E-01 -2.06864057E-01  4.13744718E-01  1.08566725E+00  9.99915769E-01  3.43005925E-02
 -3.84190072E-01  1.00000000E+00  5.23138375E-01 -2.08229905E-01  4.16302591E-01  1.08672486E+00  9.99997331E-01  3.46910098E-02
 -3.60727478E-01  1.00000000E+00  5.06060763E-01 -2.09596853E-01  4.19112252E-01  1.08778493E+00  1.00008061E+00  3.50817306E-02
 -3.39965684E-01  1.00000000E+00  4.91434462E-01 -2.11282670E-01  4.22482870E-01  1.08928405E+00  1.00000188E+00  3.57128663E-02
 -3.19203889E-01  1.00000000E+00  4.76808160E-01 -2.12970178E-01  4.26043779E-01  1.09078735E+00  9.99925846E-01  3.63446019E-02
 -3.00831998E-01  1.00000000E+00  4.64224687E-01 -2.15064904E-01  4.29976907E-01  1.09248215E+00  1.00002447E+00  3.69830707E-02
 -2.82460107E-01  1.00000000E+00  4.51641214E-01 -2.17162276E-01  4.34213481E-01  1.09418292E+00  1.00012713E+00  3.76223159E-02
 -2.66203017E-01  1.00000000E+00  4.40911473E-01 -2.19545424E-01  4.38933671E-01  1.09640729E+00  9.99997076E-01  3.85640853E-02
 -2.49945927E-01  1.00000000E+00  4.30181731E-01 -2.21932089E-01  4.43927254E-01  1.09864031E+00  9.99872379E-01  3.95071713E-02
 -2.35560203E-01  1.00000000E+00  4.21025902E-01 -2.24704830E-01  4.49265463E-01  1.10106294E+00  9.99935391E-01  4.04510182E-02
 -2.21174479E-01  1.00000000E+00  4.11870073E-01 -2.27482406E-01  4.55013963E-01  1.10349656E+00  1.00000545E+00  4.13964444E-02
 -2.08421419E-01  1.00000000E+00  4.04189515E-01 -2.30827913E-01  4.61333591E-01  1.10651526E+00  1.00004959E+00  4.25862700E-02
 -1.95668358E-01  1.00000000E+00  3.96508957E-01 -2.34180578E-01  4.68058584E-01  1.10955031E+00  1.00010397E+00  4.37785350E-02
 -1.83439085E-01  1.00000000E+00  3.89910728E-01 -2.38037008E-01  4.75842483E-01  1.11343582E+00  9.99891571E-01  4.54177002E-02
 -1.71209813E-01  1.00000000E+00  3.83312500E-01 -2.41903330E-01  4.84038410E-01  1.11734519E+00  9.99693043E-01  4.70608579E-02
 -1.58980541E-01  1.00000000E+00  3.77128602E-01 -2.47202833E-01  4.94102860E-01  1.12225505E+00  9.99958439E-01  4.89186446E-02
 -1.46751268E-01  1.00000000E+00  3.70944704E-01 -2.52521332E-01  5.04836791E-01  1.12720615E+00  1.00024900E+00  5.07828594E-02
 -1.34521996E-01  1.00000000E+00  3.66304353E-01 -2.59385089E-01  5.18724833E-01  1.13495091E+00  9.99672673E-01  5.41112932E-02
 -1.22292724E-01  1.00000000E+00  3.61664003E-01 -2.66282975E-01  5.33222195E-01  1.14277888E+00  9.99140293E-01  5.74554338E-02
 -1.10063451E-01  1.00000000E+00  3.57065126E-01 -2.77282766E-01  5.53816201E-01  1.15241668E+00  1.00098431E+00  6.05729470E-02
 -9.78341789E-02  1.00000000E+00  3.52466249E-01 -2.88368057E-01  5.74954068E-01  1.16221901E+00  1.00293322E+00  6.37143141E-02
 -8.56049065E-02  1.00000000E+00  3.61602129E-01 -3.02292605E-01  6.04342712E-01  1.18690611E+00  9.96936671E-01  7.59877739E-02
 -7.33756342E-02  1.00000000E+00  3.70738009E-01 -3.16403348E-01  6.39204644E-01  1.21220039E+00  9.91172676E-01  8.84110856E-02
 -6.11463618E-02  1.00000000E+00  3.21973468E-01 -3.42059298E-01  7.02470098E-01  1.23292917E+00  9.99792220E-01  9.32547821E-02
 -4.89170895E-02  1.00000000E+00  2.73208928E-01 -3.68199437E-01  7.48004900E-01  1.25445084E+00  1.00897059E+00  9.81920969E-02
 -3.66878171E-02  1.00000000E+00  5.76460585E-01 -4.78787761E-01  8.44205667E-01  1.39357716E+00  1.02996017E+00  1.45446795E-01
 -2.44585447E-02  1.00000000E+00  8.79712243E-01 -6.00503279E-01  1.07302150E+00  1.55391725E+00  1.06039030E+00  1.97410780E-01
 -1.22292724E-02  1.00000000E+00 -3.19842152E-01 -3.25506052E-01  1.75981145E+00  2.15819996E+00  7.21529373E-01  5.74668235E-01
  0.00000000E+00  1.00000000E+00 -1.51939655E+00 -5.54258969E-03  3.02646165E+00  3.18888920E+00  5.13124515E-01  1.07030588E+00
