# curve 5 (die wall), step =        1, time =   4.00000000E-01
# N1 = tau_xx - tau_yy = G ( c_xx - c_yy ),  G =  6.0000E-02  (polymer part only)
#              x               y        pressure            c_xy        gammadot            c_xx            c_yy              N1
 -3.00000000E+00  1.00000000E+00  1.85226507E+00  0.00000000E+00  3.99997371E-01  1.00000000E+00  1.00000000E+00  0.00000000E+00
 -2.97524677E+00  1.00000000E+00  1.83796548E+00  0.00000000E+00  3.99998629E-01  1.00000000E+00  1.00000000E+00  0.00000000E+00
 -2.95049355E+00  1.00000000E+00  1.82366590E+00  0.00000000E+00  3.99999446E-01  1.00000000E+00  1.00000000E+00  0.00000000E+00
 -2.92574032E+00  1.00000000E+00  1.80936365E+00  0.00000000E+00  3.99999957E-01  1.00000000E+00  1.00000000E+00  0.00000000E+00
 -2.90098710E+00  1.00000000E+00  1.79506141E+00  0.00000000E+00  4.00000118E-01  1.00000000E+00  1.00000000E+00  0.00000000E+00
 -2.87623387E+00  1.00000000E+00  1.78075955E+00  0.00000000E+00  4.00000113E-01  1.00000000E+00  1.00000000E+00  0.00000000E+00
 -2.85148064E+00  1.00000000E+00  1.76645768E+00  0.00000000E+00  4.00000095E-01  1.00000000E+00  1.00000000E+00  0.00000000E+00
 -2.82672742E+00  1.00000000E+00  1.75215576E+00  0.00000000E+00  4.00000067E-01  1.00000000E+00  1.00000000E+00  0.00000000E+00
 -2.80197419E+00  1.00000000E+00  1.73785384E+00  0.00000000E+00  4.00000031E-01  1.00000000E+00  1.00000000E+00  0.00000000E+00
 -2.77722097E+00  1.00000000E+00  1.72355193E+00  0.00000000E+00  3.99999990E-01  1.00000000E+00  1.00000000E+00  0.00000000E+00
 -2.75246774E+00  1.00000000E+00  1.70925003E+00  0.00000000E+00  3.99999947E-01  1.00000000E+00  1.00000000E+00  0.00000000E+00
 -2.72771451E+00  1.00000000E+00  1.69494812E+00  0.00000000E+00  3.99999896E-01  1.00000000E+00  1.00000000E+00  0.00000000E+00
 -2.70296129E+00  1.00000000E+00  1.68064621E+00  0.00000000E+00  3.99999841E-01  1.00000000E+00  1.00000000E+00  0.00000000E+00
 -2.67820806E+00  1.00000000E+00  1.66634430E+00  0.00000000E+00  3.99999775E-01  1.00000000E+00  1.00000000E+00  0.00000000E+00
 -2.65345484E+00  1.00000000E+00  1.65204239E+00  0.00000000E+00  3.99999706E-01  1.00000000E+00  1.00000000E+00  0.00000000E+00
 -2.62870161E+00  1.00000000E+00  1.63774048E+00  0.00000000E+00  3.99999622E-01  1.00000000E+00  1.00000000E+00  0.00000000E+00
 -2.60394839E+00  1.00000000E+00  1.62343857E+00  0.00000000E+00  3.99999531E-01  1.00000000E+00  1.00000000E+00  0.00000000E+00
 -2.57919516E+00  1.00000000E+00  1.60913666E+00  0.00000000E+00  3.99999424E-01  1.00000000E+00  1.00000000E+00  0.00000000E+00
 -2.55444193E+00  1.00000000E+00  1.59483476E+00  0.00000000E+00  3.99999309E-01  1.00000000E+00  1.00000000E+00  0.00000000E+00
 -2.52968871E+00  1.00000000E+00  1.58053284E+00  0.00000000E+00  3.99999168E-01  1.00000000E+00  1.00000000E+00  0.00000000E+00
 -2.50493548E+00  1.00000000E+00  1.56623093E+00  0.00000000E+00  3.99999015E-01  1.00000000E+00  1.00000000E+00  0.00000000E+00
 -2.48018226E+00  1.00000000E+00  1.55192902E+00  0.00000000E+00  3.99998841E-01  1.00000000E+00  1.00000000E+00  0.00000000E+00
 -2.45542903E+00  1.00000000E+00  1.53762711E+00  0.00000000E+00  3.99998652E-01  1.00000000E+00  1.00000000E+00  0.00000000E+00
 -2.43067580E+00  1.00000000E+00  1.52332520E+00  0.00000000E+00  3.99998423E-01  1.00000000E+00  1.00000000E+00  0.00000000E+00
 -2.40592258E+00  1.00000000E+00  1.50902330E+00  0.00000000E+00  3.99998183E-01  1.00000000E+00  1.00000000E+00  0.00000000E+00
 -2.38116935E+00  1.00000000E+00  1.49472141E+00  0.00000000E+00  3.99997892E-01  1.00000000E+00  1.00000000E+00  0.00000000E+00
 -2.35641613E+00  1.00000000E+00  1.48041951E+00  0.00000000E+00  3.99997583E-01  1.00000000E+00  1.00000000E+00  0.00000000E+00
 -2.33166290E+00  1.00000000E+00  1.46611763E+00  0.00000000E+00  3.99997211E-01  1.00000000E+00  1.00000000E+00  0.00000000E+00
 -2.30690967E+00  1.00000000E+00  1.45181575E+00  0.00000000E+00  3.99996814E-01  1.00000000E+00  1.00000000E+00  0.00000000E+00
 -2.28215645E+00  1.00000000E+00  1.43751390E+00  0.00000000E+00  3.99996346E-01  1.00000000E+00  1.00000000E+00  0.00000000E+00
 -2.25740322E+00  1.00000000E+00  1.42321204E+00  0.00000000E+00  3.99995849E-01  1.00000000E+00  1.00000000E+00  0.00000000E+00
 -2.23265000E+00  1.00000000E+00  1.40891022E+00  0.00000000E+00  3.99995258E-01  1.00000000E+00  1.00000000E+00  0.00000000E+00
 -2.20789677E+00  1.00000000E+00  1.39460839E+00  0.00000000E+00  3.99994617E-01  1.00000000E+00  1.00000000E+00  0.00000000E+00
 -2.18314354E+00  1.00000000E+00  1.38030661E+00  0.00000000E+00  3.99993896E-01  1.00000000E+00  1.00000000E+00  0.00000000E+00
 -2.15839032E+00  1.00000000E+00  1.36600483E+00  0.00000000E+00  3.99993124E-01  1.00000000E+00  1.00000000E+00  0.00000000E+00
 -2.13363709E+00  1.00000000E+00  1.35170315E+00  0.00000000E+00  3.99992205E-01  1.00000000E+00  1.00000000E+00  0.00000000E+00
 -2.10888387E+00  1.00000000E+00  1.33740147E+00  0.00000000E+00  3.99991245E-01  1.00000000E+00  1.00000000E+00  0.00000000E+00
 -2.08413064E+00  1.00000000E+00  1.32309988E+00  0.00000000E+00  3.99990102E-01  1.00000000E+00  1.00000000E+00  0.00000000E+00
 -2.05937741E+00  1.00000000E+00  1.30879829E+00  0.00000000E+00  3.99988913E-01  1.00000000E+00  1.00000000E+00  0.00000000E+00
 -2.03462419E+00  1.00000000E+00  1.29449687E+00  0.00000000E+00  3.99987493E-01  1.00000000E+00  1.00000000E+00  0.00000000E+00
 -2.00987096E+00  1.00000000E+00  1.28019545E+00  0.00000000E+00  3.99986000E-01  1.00000000E+00  1.00000000E+00  0.00000000E+00
 -1.98511774E+00  1.00000000E+00  1.26589420E+00  0.00000000E+00  3.99984286E-01  1.00000000E+00  1.00000000E+00  0.00000000E+00
 -1.96036451E+00  1.00000000E+00  1.25159295E+00  0.00000000E+00  3.99982472E-01  1.00000000E+00  1.00000000E+00  0.00000000E+00
 -1.93561128E+00  1.00000000E+00  1.23729197E+00  0.00000000E+00  3.99980378E-01  1.00000000E+00  1.00000000E+00  0.00000000E+00
 -1.91085806E+00  1.00000000E+00  1.22299100E+00  0.00000000E+00  3.99978076E-01  1.00000000E+00  1.00000000E+00  0.00000000E+00
 -1.88610483E+00  1.00000000E+00  1.20869038E+00  0.00000000E+00  3.99975531E-01  1.00000000E+00  1.00000000E+00  0.00000000E+00
 -1.86135161E+00  1.00000000E+00  1.19438975E+00  0.00000000E+00  3.99972762E-01  1.00000000E+00  1.00000000E+00  0.00000000E+00
 -1.83659838E+00  1.00000000E+00  1.18008955E+00  0.00000000E+00  3.99969687E-01  1.00000000E+00  1.00000000E+00  0.00000000E+00
 -1.81184516E+00  1.00000000E+00  1.16578934E+00  0.00000000E+00  3.99966498E-01  1.00000000E+00  1.00000000E+00  0.00000000E+00
 -1.78709193E+00  1.00000000E+00  1.15148987E+00  0.00000000E+00  3.99962793E-01  1.00000000E+00  1.00000000E+00  0.00000000E+00
 -1.76233870E+00  1.00000000E+00  1.13719040E+00  0.00000000E+00  3.99958717E-01  1.00000000E+00  1.00000000E+00  0.00000000E+00
 -1.73758548E+00  1.00000000E+00  1.12289172E+00  0.00000000E+00  3.99954241E-01  1.00000000E+00  1.00000000E+00  0.00000000E+00
 -1.71283225E+00  1.00000000E+00  1.10859304E+00  0.00000000E+00  3.99949589E-01  1.00000000E+00  1.00000000E+00  0.00000000E+00
 -1.68807903E+00  1.00000000E+00  1.09429527E+00  0.00000000E+00  3.99944600E-01  1.00000000E+00  1.00000000E+00  0.00000000E+00
 -1.66332580E+00  1.00000000E+00  1.07999749E+00  0.00000000E+00  3.99939179E-01  1.00000000E+00  1.00000000E+00  0.00000000E+00
 -1.63857257E+00  1.00000000E+00  1.06570118E+00  0.00000000E+00  3.99932966E-01  1.00000000E+00  1.00000000E+00  0.00000000E+00
 -1.61381935E+00  1.00000000E+00  1.05140488E+00  0.00000000E+00  3.99926433E-01  1.00000000E+00  1.00000000E+00  0.00000000E+00
 -1.58906612E+00  1.00000000E+00  1.03711006E+00  0.00000000E+00  3.99919478E-01  1.00000000E+00  1.00000000E+00  0.00000000E+00
 -1.56431290E+00  1.00000000E+00  1.02281524E+00  0.00000000E+00  3.99912114E-01  1.00000000E+00  1.00000000E+00  0.00000000E+00
 -1.53955967E+00  1.00000000E+00  1.00852266E+00  0.00000000E+00  3.99903862E-01  1.00000000E+00  1.00000000E+00  0.00000000E+00
 -1.51480644E+00  1.00000000E+00  9.94230082E-01  0.00000000E+00  3.99895598E-01  1.00000000E+00  1.00000000E+00  0.00000000E+00
 -1.49005322E+00  1.00000000E+00  9.79940061E-01  0.00000000E+00  3.99886402E-01  1.00000000E+00  1.00000000E+00  0.00000000E+00
 -1.46529999E+00  1.00000000E+00  9.65650039E-01  0.00000000E+00  3.99876816E-01  1.00000000E+00  1.00000000E+00  0.00000000E+00
 -1.44054677E+00  1.00000000E+00  9.51363856E-01  0.00000000E+00  3.99867103E-01  1.00000000E+00  1.00000000E+00  0.00000000E+00
 -1.41579354E+00  1.00000000E+00  9.37077673E-01  0.00000000E+00  3.99855836E-01  1.00000000E+00  1.00000000E+00  0.00000000E+00
 -1.39104031E+00  1.00000000E+00  9.22795142E-01  0.00000000E+00  3.99844033E-01  1.00000000E+00  1.00000000E+00  0.00000000E+00
 -1.36628709E+00  1.00000000E+00  9.08512611E-01  0.00000000E+00  3.99832871E-01  1.00000000E+00  1.00000000E+00  0.00000000E+00
 -1.34153386E+00  1.00000000E+00  8.94235828E-01  0.00000000E+00  3.99821028E-01  1.00000000E+00  1.00000000E+00  0.00000000E+00
 -1.31678064E+00  1.00000000E+00  8.79959044E-01  0.00000000E+00  3.99809040E-01  1.00000000E+00  1.00000000E+00  0.00000000E+00
 -1.29202741E+00  1.00000000E+00  8.65688275E-01  0.00000000E+00  3.99796836E-01  1.00000000E+00  1.00000000E+00  0.00000000E+00
 -1.26727418E+00  1.00000000E+00  8.51417506E-01  0.00000000E+00  3.99784350E-01  1.00000000E+00  1.00000000E+00  0.00000000E+00
 -1.24252096E+00  1.00000000E+00  8.37156078E-01  0.00000000E+00  3.99773843E-01  1.00000000E+00  1.00000000E+00  0.00000000E+00
 -1.21776773E+00  1.00000000E+00  8.22894651E-01  0.00000000E+00  3.99760423E-01  1.00000000E+00  1.00000000E+00  0.00000000E+00
 -1.19301451E+00  1.00000000E+00  8.08641304E-01  0.00000000E+00  3.99747858E-01  1.00000000E+00  1.00000000E+00  0.00000000E+00
 -1.16826128E+00  1.00000000E+00  7.94387957E-01  0.00000000E+00  3.99739177E-01  1.00000000E+00  1.00000000E+00  0.00000000E+00
 -1.14350806E+00  1.00000000E+00  7.80148420E-01  0.00000000E+00  3.99731862E-01  1.00000000E+00  1.00000000E+00  0.00000000E+00
 -1.11875483E+00  1.00000000E+00  7.65908884E-01  0.00000000E+00  3.99724759E-01  1.00000000E+00  1.00000000E+00  0.00000000E+00
 -1.09400160E+00  1.00000000E+00  7.51684951E-01  0.00000000E+00  3.99723337E-01  1.00000000E+00  1.00000000E+00  0.00000000E+00
 -1.06924838E+00  1.00000000E+00  7.37461018E-01  0.00000000E+00  3.99723482E-01  1.00000000E+00  1.00000000E+00  0.00000000E+00
 -1.04449515E+00  1.00000000E+00  7.23253705E-01  0.00000000E+00  3.99728104E-01  1.00000000E+00  1.00000000E+00  0.00000000E+00
 -1.01974193E+00  1.00000000E+00  7.09046391E-01  0.00000000E+00  3.99732914E-01  1.00000000E+00  1.00000000E+00  0.00000000E+00
 -9.94988700E-01  1.00000000E+00  6.94861230E-01  0.00000000E+00  3.99749842E-01  1.00000000E+00  1.00000000E+00  0.00000000E+00
 -9.70235474E-01  1.00000000E+00  6.80676068E-01  0.00000000E+00  3.99771167E-01  1.00000000E+00  1.00000000E+00  0.00000000E+00
 -9.45482248E-01  1.00000000E+00  6.66518638E-01  0.00000000E+00  3.99808526E-01  1.00000000E+00  1.00000000E+00  0.00000000E+00
 -9.20729022E-01  1.00000000E+00  6.52361208E-01  0.00000000E+00  3.99851458E-01  1.00000000E+00  1.00000000E+00  0.00000000E+00
 -8.95975796E-01  1.00000000E+00  6.38235074E-01  0.00000000E+00  3.99908571E-01  1.00000000E+00  1.00000000E+00  0.00000000E+00
 -8.71222570E-01  1.00000000E+00  6.24108941E-01  0.00000000E+00  3.99973769E-01  1.00000000E+00  1.00000000E+00  0.00000000E+00
 -8.46469344E-01  1.00000000E+00  6.10015984E-01  0.00000000E+00  4.00077992E-01  1.00000000E+00  1.00000000E+00  0.00000000E+00
 -8.21716118E-01  1.00000000E+00  5.95923028E-01  0.00000000E+00  4.00187664E-01  1.00000000E+00  1.00000000E+00  0.00000000E+00
 -7.97201467E-01  1.00000000E+00  5.82020182E-01  0.00000000E+00  4.00343998E-01  1.00000000E+00  1.00000000E+00  0.00000000E+00
 -7.72686817E-01  1.00000000E+00  5.68117337E-01  0.00000000E+00  4.00511059E-01  1.00000000E+00  1.00000000E+00  0.00000000E+00
 -7.49503432E-01  1.00000000E+00  5.55018691E-01  0.00000000E+00  4.00716550E-01  1.00000000E+00  1.00000000E+00  0.00000000E+00
 -7.26320047E-01  1.00000000E+00  5.41920045E-01  0.00000000E+00  4.00942245E-01  1.00000000E+00  1.00000000E+00  0.00000000E+00
 -7.04527831E-01  1.00000000E+00  5.29646800E-01  0.00000000E+00  4.01215148E-01  1.00000000E+00  1.00000000E+00  0.00000000E+00
 -6.82735615E-01  1.00000000E+00  5.17373555E-01  0.00000000E+00  4.01510327E-01  1.00000000E+00  1.00000000E+00  0.00000000E+00
 -6.62251087E-01  1.00000000E+00  5.05915143E-01  0.00000000E+00  4.01860796E-01  1.00000000E+00  1.00000000E+00  0.00000000E+00
 -6.41766559E-01  1.00000000E+00  4.94456731E-01  0.00000000E+00  4.02242381E-01  1.00000000E+00  1.00000000E+00  0.00000000E+00
 -6.22511254E-01  1.00000000E+00  4.83716685E-01  0.00000000E+00  4.02664864E-01  1.00000000E+00  1.00000000E+00  0.00000000E+00
 -6.03255949E-01  1.00000000E+00  4.72976640E-01  0.00000000E+00  4.03120323E-01  1.00000000E+00  1.00000000E+00  0.00000000E+00
 -5.85156097E-01  1.00000000E+00  4.62937475E-01  0.00000000E+00  4.03639245E-01  1.00000000E+00  1.00000000E+00  0.00000000E+00
 -5.67056245E-01  1.00000000E+00  4.52898310E-01  0.00000000E+00  4.04194347E-01  1.00000000E+00  1.00000000E+00  0.00000000E+00
 -5.50042515E-01  1.00000000E+00  4.43521660E-01  0.00000000E+00  4.04831702E-01  1.00000000E+00  1.00000000E+00  0.00000000E+00
 -5.33028786E-01  1.00000000E+00  4.34145009E-01  0.00000000E+00  4.05499871E-01  1.00000000E+00  1.00000000E+00  0.00000000E+00
 -5.17036006E-01  1.00000000E+00  4.25389219E-01  0.00000000E+00  4.06247277E-01  1.00000000E+00  1.00000000E+00  0.00000000E+00
 -5.01043227E-01  1.00000000E+00  4.16633428E-01  0.00000000E+00  4.07039710E-01  1.00000000E+00  1.00000000E+00  0.00000000E+00
 -4.86010125E-01  1.00000000E+00  4.08464865E-01  0.00000000E+00  4.07896557E-01  1.00000000E+00  1.00000000E+00  0.00000000E+00
 -4.70977023E-01  1.00000000E+00  4.00296303E-01  0.00000000E+00  4.08816928E-01  1.00000000E+00  1.00000000E+00  0.00000000E+00
 -4.56846016E-01  1.00000000E+00  3.92647662E-01  0.00000000E+00  4.09790099E-01  1.00000000E+00  1.00000000E+00  0.00000000E+00
 -4.42715008E-01  1.00000000E+00  3.84999021E-01  0.00000000E+00  4.10831886E-01  1.00000000E+00  1.00000000E+00  0.00000000E+00
 -4.29431964E-01  1.00000000E+00  3.77905390E-01  0.00000000E+00  4.11992100E-01  1.00000000E+00  1.00000000E+00  0.00000000E+00
 -4.16148920E-01  1.00000000E+00  3.70811759E-01  0.00000000E+00  4.13225646E-01  1.00000000E+00  1.00000000E+00  0.00000000E+00
 -4.03662954E-01  1.00000000E+00  3.64191179E-01  0.00000000E+00  4.14450960E-01  1.00000000E+00  1.00000000E+00  0.00000000E+00
 -3.91176988E-01  1.00000000E+00  3.57570599E-01  0.00000000E+00  4.15776741E-01  1.00000000E+00  1.00000000E+00  0.00000000E+00
 -3.79440270E-01  1.00000000E+00  3.51346859E-01  0.00000000E+00  4.17217511E-01  1.00000000E+00  1.00000000E+00  0.00000000E+00
 -3.67703552E-01  1.00000000E+00  3.45123120E-01  0.00000000E+00  4.18733818E-01  1.00000000E+00  1.00000000E+00  0.00000000E+00
 -3.56671122E-01  1.00000000E+00  3.39410479E-01  0.00000000E+00  4.20318506E-01  1.00000000E+00  1.00000000E+00  0.00000000E+00
 -3.45638692E-01  1.00000000E+00  3.33697838E-01  0.00000000E+00  4.21985623E-01  1.00000000E+00  1.00000000E+00  0.00000000E+00
 -3.35268287E-01  1.00000000E+00  3.28332214E-01  0.00000000E+00  4.23683309E-01  1.00000000E+00  1.00000000E+00  0.00000000E+00
 -3.24897882E-01  1.00000000E+00  3.22966590E-01  0.00000000E+00  4.25507669E-01  1.00000000E+00  1.00000000E+00  0.00000000E+00
 -3.15149775E-01  1.00000000E+00  3.18025732E-01  0.00000000E+00  4.27450093E-01  1.00000000E+00  1.00000000E+00  0.00000000E+00
 -3.05401669E-01  1.00000000E+00  3.13084875E-01  0.00000000E+00  4.29451150E-01  1.00000000E+00  1.00000000E+00  0.00000000E+00
 -2.96238520E-01  1.00000000E+00  3.08445985E-01  0.00000000E+00  4.31484061E-01  1.00000000E+00  1.00000000E+00  0.00000000E+00
 -2.87075371E-01  1.00000000E+00  3.03807096E-01  0.00000000E+00  4.33730691E-01  1.00000000E+00  1.00000000E+00  0.00000000E+00
 -2.78462077E-01  1.00000000E+00  2.99523360E-01  0.00000000E+00  4.36022540E-01  1.00000000E+00  1.00000000E+00  0.00000000E+00
 -2.69848783E-01  1.00000000E+00  2.95239625E-01  0.00000000E+00  4.38424163E-01  1.00000000E+00  1.00000000E+00  0.00000000E+00
 -2.61752348E-01  1.00000000E+00  2.91297781E-01  0.00000000E+00  4.40857876E-01  1.00000000E+00  1.00000000E+00  0.00000000E+00
 -2.53655913E-01  1.00000000E+00  2.87355938E-01  0.00000000E+00  4.43415084E-01  1.00000000E+00  1.00000000E+00  0.00000000E+00
 -2.46045323E-01  1.00000000E+00  2.83704685E-01  0.00000000E+00  4.46076999E-01  1.00000000E+00  1.00000000E+00  0.00000000E+00
 -2.38434732E-01  1.00000000E+00  2.80053431E-01  0.00000000E+00  4.48822342E-01  1.00000000E+00  1.00000000E+00  0.00000000E+00
 -2.31280830E-01  1.00000000E+00  2.76677453E-01  0.00000000E+00  4.51652660E-01  1.00000000E+00  1.00000000E+00  0.00000000E+00
 -2.24126928E-01  1.00000000E+00  2.73301474E-01  0.00000000E+00  4.54594696E-01  1.00000000E+00  1.00000000E+00  0.00000000E+00
 -2.17402314E-01  1.00000000E+00  2.70152568E-01  0.00000000E+00  4.57636316E-01  1.00000000E+00  1.00000000E+00  0.00000000E+00
 -2.10677699E-01  1.00000000E+00  2.67003661E-01  0.00000000E+00  4.60775435E-01  1.00000000E+00  1.00000000E+00  0.00000000E+00
 -2.04351753E-01  1.00000000E+00  2.64165081E-01  0.00000000E+00  4.64063187E-01  1.00000000E+00  1.00000000E+00  0.00000000E+00
 -1.98025807E-01  1.00000000E+00  2.61326502E-01  0.00000000E+00  4.67419200E-01  1.00000000E+00  1.00000000E+00  0.00000000E+00
 -1.91837501E-01  1.00000000E+00  2.58587912E-01  0.00000000E+00  4.71074259E-01  1.00000000E+00  1.00000000E+00  0.00000000E+00
 -1.85649194E-01  1.00000000E+00  2.55849323E-01  0.00000000E+00  4.74831851E-01  1.00000000E+00  1.00000000E+00  0.00000000E+00
 -1.79460888E-01  1.00000000E+00  2.53271977E-01  0.00000000E+00  4.78965534E-01  1.00000000E+00  1.00000000E+00  0.00000000E+00
 -1.73272582E-01  1.00000000E+00  2.50694630E-01  0.00000000E+00  4.83239013E-01  1.00000000E+00  1.00000000E+00  0.00000000E+00
 -1.67084275E-01  1.00000000E+00  2.48091189E-01  0.00000000E+00  4.87929292E-01  1.00000000E+00  1.00000000E+00  0.00000000E+00
 -1.60895969E-01  1.00000000E+00  2.45487749E-01  0.00000000E+00  4.92801138E-01  1.00000000E+00  1.00000000E+00  0.00000000E+00
 -1.54707662E-01  1.00000000E+00  2.43044524E-01  0.00000000E+00  4.98295773E-01  1.00000000E+00  1.00000000E+00  0.00000000E+00
 -1.48519356E-01  1.00000000E+00  2.40601300E-01  0.00000000E+00  5.03988048E-01  1.00000000E+00  1.00000000E+00  0.00000000E+00
 -1.42331049E-01  1.00000000E+00  2.38405172E-01  0.00000000E+00  5.10421783E-01  1.00000000E+00  1.00000000E+00  0.00000000E+00
 -1.36142743E-01  1.00000000E+00  2.36209043E-01  0.00000000E+00  5.17240703E-01  1.00000000E+00  1.00000000E+00  0.00000000E+00
 -1.29954436E-01  1.00000000E+00  2.34268546E-01  0.00000000E+00  5.24513195E-01  1.00000000E+00  1.00000000E+00  0.00000000E+00
 -1.23766130E-01  1.00000000E+00  2.32328049E-01  0.00000000E+00  5.32327122E-01  1.00000000E+00  1.00000000E+00  0.00000000E+00
 -1.17577823E-01  1.00000000E+00  2.30270466E-01  0.00000000E+00  5.41246813E-01  1.00000000E+00  1.00000000E+00  0.00000000E+00
 -1.11389517E-01  1.00000000E+00  2.28212883E-01  0.00000000E+00  5.50695384E-01  1.00000000E+00  1.00000000E+00  0.00000000E+00
 -1.05201210E-01  1.00000000E+00  2.26745223E-01  0.00000000E+00  5.61647701E-01  1.00000000E+00  1.00000000E+00  0.00000000E+00
 -9.90129037E-02  1.00000000E+00  2.25277563E-01  0.00000000E+00  5.73266502E-01  1.00000000E+00  1.00000000E+00  0.00000000E+00
 -9.28245972E-02  1.00000000E+00  2.24534132E-01  0.00000000E+00  5.86687503E-01  1.00000000E+00  1.00000000E+00  0.00000000E+00
 -8.66362908E-02  1.00000000E+00  2.23790701E-01  0.00000000E+00  6.00849724E-01  1.00000000E+00  1.00000000E+00  0.00000000E+00
 -8.04479843E-02  1.00000000E+00  2.23020282E-01  0.00000000E+00  6.18136252E-01  1.00000000E+00  1.00000000E+00  0.00000000E+00
 -7.42596778E-02  1.00000000E+00  2.22249864E-01  0.00000000E+00  6.36867781E-01  1.00000000E+00  1.00000000E+00  0.00000000E+00
 -6.80713713E-02  1.00000000E+00  2.23073449E-01  0.00000000E+00  6.58732121E-01  1.00000000E+00  1.00000000E+00  0.00000000E+00
 -6.18830648E-02  1.00000000E+00  2.23897034E-01  0.00000000E+00  6.83411184E-01  1.00000000E+00  1.00000000E+00  0.00000000E+00
 -5.56947583E-02  1.00000000E+00  2.25756568E-01  0.00000000E+00  7.13469897E-01  1.00000000E+00  1.00000000E+00  0.00000000E+00
 -4.95064519E-02  1.00000000E+00  2.27616102E-01  0.00000000E+00  7.50055830E-01  1.00000000E+00  1.00000000E+00  0.00000000E+00
 -4.33181454E-02  1.00000000E+00  2.39345138E-01  0.00000000E+00  7.95050274E-01  1.00000000E+00  1.00000000E+00  0.00000000E+00
 -3.71298389E-02  1.00000000E+00  2.51074175E-01  0.00000000E+00  8.50281416E-01  1.00000000E+00  1.00000000E+00  0.00000000E+00
 -3.09415324E-02  1.00000000E+00  2.26611711E-01  0.00000000E+00  9.31145128E-01  1.00000000E+00  1.00000000E+00  0.00000000E+00
 -2.47532259E-02  1.00000000E+00  2.02149248E-01  0.00000000E+00  1.01364378E+00  1.00000000E+00  1.00000000E+00  0.00000000E+00
 -1.85649194E-02  1.00000000E+00  4.53916466E-01  0.00000000E+00  1.16062269E+00  1.00000000E+00  1.00000000E+00  0.00000000E+00
 -1.23766130E-02  1.00000000E+00  7.05683683E-01  0.00000000E+00  1.47897917E+00  1.00000000E+00  1.00000000E+00  0.00000000E+00
 -6.18830648E-03  1.00000000E+00 -1.23116887E-01  0.00000000E+00  2.06993864E+00  1.00000000E+00  1.00000000E+00  0.00000000E+00
  0.00000000E+00  1.00000000E+00 -9.51917458E-01  0.00000000E+00  2.99105612E+00  1.00000000E+00  1.00000000E+00  0.00000000E+00
