# curve 5 (die wall), step =      100, time =   4.00000000E+01
# N1 = tau_xx - tau_yy = G ( c_xx - c_yy ),  G =  9.0909E-03  (polymer part only)
#              x               y        pressure            c_xy        gammadot            c_xx            c_yy              N1
 -3.00000000E+00  1.00000000E+00  2.48398146E+00 -1.71520851E+00  4.03162276E-01  9.20852605E+00  6.93988664E-01  7.74048853E-02
 -2.97524677E+00  1.00000000E+00  2.46524825E+00 -1.71515639E+00  4.03164278E-01  9.20816602E+00  6.93990362E-01  7.74015969E-02
 -2.95049355E+00  1.00000000E+00  2.44651504E+00 -1.71510426E+00  4.03165618E-01  9.20780601E+00  6.93992062E-01  7.73983086E-02
 -2.92574032E+00  1.00000000E+00  2.42777987E+00 -1.71515250E+00  4.03166041E-01  9.20827115E+00  6.93988401E-01  7.74025704E-02
 -2.90098710E+00  1.00000000E+00  2.40904470E+00 -1.71520074E+00  4.03165481E-01  9.20873631E+00  6.93984741E-01  7.74068325E-02
 -2.87623387E+00  1.00000000E+00  2.39030916E+00 -1.71529371E+00  4.03164737E-01  9.20993831E+00  6.93965563E-01  7.74179341E-02
 -2.85148064E+00  1.00000000E+00  2.37157362E+00 -1.71538668E+00  4.03163721E-01  9.21114048E+00  6.93946387E-01  7.74290372E-02
 -2.82672742E+00  1.00000000E+00  2.35283780E+00 -1.71523246E+00  4.03163682E-01  9.20984320E+00  6.93955637E-01  7.74171597E-02
 -2.80197419E+00  1.00000000E+00  2.33410198E+00 -1.71507827E+00  4.03163732E-01  9.20854611E+00  6.93964890E-01  7.74052839E-02
 -2.77722097E+00  1.00000000E+00  2.31536426E+00 -1.71510749E+00  4.03164742E-01  9.20823641E+00  6.93980188E-01  7.74023293E-02
 -2.75246774E+00  1.00000000E+00  2.29662654E+00 -1.71513671E+00  4.03165635E-01  9.20792673E+00  6.93995486E-01  7.73993749E-02
 -2.72771451E+00  1.00000000E+00  2.27789386E+00 -1.71515185E+00  4.03165163E-01  9.20820216E+00  6.93992957E-01  7.74019019E-02
 -2.70296129E+00  1.00000000E+00  2.25916118E+00 -1.71516700E+00  4.03163291E-01  9.20847761E+00  6.93990429E-01  7.74044289E-02
 -2.67820806E+00  1.00000000E+00  2.24042460E+00 -1.71516925E+00  4.03162885E-01  9.20836009E+00  6.93990025E-01  7.74033642E-02
 -2.65345484E+00  1.00000000E+00  2.22168803E+00 -1.71517151E+00  4.03163553E-01  9.20824257E+00  6.93989620E-01  7.74022995E-02
 -2.62870161E+00  1.00000000E+00  2.20295334E+00 -1.71518087E+00  4.03164432E-01  9.20811946E+00  6.93996146E-01  7.74011211E-02
 -2.60394839E+00  1.00000000E+00  2.18421866E+00 -1.71519024E+00  4.03165072E-01  9.20799636E+00  6.94002672E-01  7.73999426E-02
 -2.57919516E+00  1.00000000E+00  2.16548378E+00 -1.71515945E+00  4.03164924E-01  9.20809405E+00  6.93994728E-01  7.74009029E-02
 -2.55444193E+00  1.00000000E+00  2.14674889E+00 -1.71512865E+00  4.03163903E-01  9.20819175E+00  6.93986784E-01  7.74018633E-02
 -2.52968871E+00  1.00000000E+00  2.12801234E+00 -1.71520605E+00  4.03162960E-01  9.20911522E+00  6.93976921E-01  7.74103481E-02
 -2.50493548E+00  1.00000000E+00  2.10927580E+00 -1.71528345E+00  4.03161170E-01  9.21003878E+00  6.93967059E-01  7.74188339E-02
 -2.48018226E+00  1.00000000E+00  2.09053965E+00 -1.71517977E+00  4.03161603E-01  9.20898332E+00  6.93975269E-01  7.74091641E-02
 -2.45542903E+00  1.00000000E+00  2.07180350E+00 -1.71507610E+00  4.03162715E-01  9.20792798E+00  6.93983480E-01  7.73994954E-02
 -2.43067580E+00  1.00000000E+00  2.05306851E+00 -1.71509484E+00  4.03164061E-01  9.20775836E+00  6.93992214E-01  7.73978741E-02
 -2.40592258E+00  1.00000000E+00  2.03433351E+00 -1.71511357E+00  4.03165168E-01  9.20758875E+00  6.94000948E-01  7.73962527E-02
 -2.38116935E+00  1.00000000E+00  2.01559936E+00 -1.71509957E+00  4.03164237E-01  9.20770100E+00  6.93997074E-01  7.73973084E-02
 -2.35641613E+00  1.00000000E+00  1.99686521E+00 -1.71508556E+00  4.03161956E-01  9.20781325E+00  6.93993200E-01  7.73983641E-02
 -2.33166290E+00  1.00000000E+00  1.97812911E+00 -1.71511808E+00  4.03161186E-01  9.20805308E+00  6.93991194E-01  7.74005626E-02
 -2.30690967E+00  1.00000000E+00  1.95939300E+00 -1.71515061E+00  4.03160606E-01  9.20829292E+00  6.93989187E-01  7.74027612E-02
 -2.28215645E+00  1.00000000E+00  1.94065736E+00 -1.71515785E+00  4.03160492E-01  9.20818209E+00  6.93991485E-01  7.74017328E-02
 -2.25740322E+00  1.00000000E+00  1.92192171E+00 -1.71516508E+00  4.03161063E-01  9.20807127E+00  6.93993784E-01  7.74007045E-02
 -2.23265000E+00  1.00000000E+00  1.90318640E+00 -1.71522695E+00  4.03160161E-01  9.20890496E+00  6.93985083E-01  7.74083625E-02
 -2.20789677E+00  1.00000000E+00  1.88445108E+00 -1.71528881E+00  4.03157414E-01  9.20973872E+00  6.93976383E-01  7.74160213E-02
 -2.18314354E+00  1.00000000E+00  1.86571470E+00 -1.71518871E+00  4.03156336E-01  9.20868251E+00  6.93987758E-01  7.74063159E-02
 -2.15839032E+00  1.00000000E+00  1.84697831E+00 -1.71508862E+00  4.03155786E-01  9.20762642E+00  6.93999133E-01  7.73966117E-02
 -2.13363709E+00  1.00000000E+00  1.82824498E+00 -1.71510325E+00  4.03155535E-01  9.20757827E+00  6.94002752E-01  7.73961411E-02
 -2.10888387E+00  1.00000000E+00  1.80951165E+00 -1.71511788E+00  4.03155275E-01  9.20753012E+00  6.94006371E-01  7.73956704E-02
 -2.08413064E+00  1.00000000E+00  1.79077500E+00 -1.71512224E+00  4.03154650E-01  9.20743713E+00  6.94009786E-01  7.73947941E-02
 -2.05937741E+00  1.00000000E+00  1.77203835E+00 -1.71512660E+00  4.03153421E-01  9.20734415E+00  6.94013200E-01  7.73939177E-02
 -2.03462419E+00  1.00000000E+00  1.75330472E+00 -1.71510773E+00  4.03151043E-01  9.20751087E+00  6.94004634E-01  7.73955112E-02
 -2.00987096E+00  1.00000000E+00  1.73457109E+00 -1.71508886E+00  4.03148297E-01  9.20767759E+00  6.93996069E-01  7.73971047E-02
 -1.98511774E+00  1.00000000E+00  1.71583468E+00 -1.71509979E+00  4.03146590E-01  9.20757440E+00  6.94001501E-01  7.73961172E-02
 -1.96036451E+00  1.00000000E+00  1.69709827E+00 -1.71511073E+00  4.03145003E-01  9.20747121E+00  6.94006933E-01  7.73951298E-02
 -1.93561128E+00  1.00000000E+00  1.67836626E+00 -1.71516527E+00  4.03141829E-01  9.20819953E+00  6.94000232E-01  7.74018118E-02
 -1.91085806E+00  1.00000000E+00  1.65963426E+00 -1.71521982E+00  4.03137867E-01  9.20892790E+00  6.93993531E-01  7.74084943E-02
 -1.88610483E+00  1.00000000E+00  1.64089679E+00 -1.71518895E+00  4.03134879E-01  9.20854602E+00  6.93992364E-01  7.74050332E-02
 -1.86135161E+00  1.00000000E+00  1.62215932E+00 -1.71515809E+00  4.03132502E-01  9.20816415E+00  6.93991197E-01  7.74015723E-02
 -1.83659838E+00  1.00000000E+00  1.60342796E+00 -1.71512536E+00  4.03130306E-01  9.20770183E+00  6.94005795E-01  7.73972367E-02
 -1.81184516E+00  1.00000000E+00  1.58469660E+00 -1.71509263E+00  4.03127123E-01  9.20723953E+00  6.94020394E-01  7.73929012E-02
 -1.78709193E+00  1.00000000E+00  1.56596586E+00 -1.71517309E+00  4.03120148E-01  9.20856668E+00  6.93997202E-01  7.74051771E-02
 -1.76233870E+00  1.00000000E+00  1.54723512E+00 -1.71525356E+00  4.03111570E-01  9.20989403E+00  6.93974009E-01  7.74174547E-02
 -1.73758548E+00  1.00000000E+00  1.52849956E+00 -1.71520948E+00  4.03107209E-01  9.20925127E+00  6.93984199E-01  7.74115188E-02
 -1.71283225E+00  1.00000000E+00  1.50976401E+00 -1.71516541E+00  4.03102273E-01  9.20860855E+00  6.93994388E-01  7.74055833E-02
 -1.68807903E+00  1.00000000E+00  1.49103376E+00 -1.71517447E+00  4.03096643E-01  9.20821246E+00  6.94009657E-01  7.74018437E-02
 -1.66332580E+00  1.00000000E+00  1.47230352E+00 -1.71518354E+00  4.03090403E-01  9.20781640E+00  6.94024925E-01  7.73981043E-02
 -1.63857257E+00  1.00000000E+00  1.45357832E+00 -1.71515564E+00  4.03082415E-01  9.20782116E+00  6.94020942E-01  7.73981838E-02
 -1.61381935E+00  1.00000000E+00  1.43485311E+00 -1.71512774E+00  4.03073232E-01  9.20782593E+00  6.94016960E-01  7.73982634E-02
 -1.58906612E+00  1.00000000E+00  1.41612276E+00 -1.71508678E+00  4.03064057E-01  9.20706212E+00  6.94031555E-01  7.73911869E-02
 -1.56431290E+00  1.00000000E+00  1.39739242E+00 -1.71504582E+00  4.03055168E-01  9.20629837E+00  6.94046150E-01  7.73841111E-02
 -1.53955967E+00  1.00000000E+00  1.37867360E+00 -1.71501117E+00  4.03044898E-01  9.20580966E+00  6.94057575E-01  7.73795644E-02
 -1.51480644E+00  1.00000000E+00  1.35995477E+00 -1.71497651E+00  4.03034338E-01  9.20532097E+00  6.94069001E-01  7.73750179E-02
 -1.49005322E+00  1.00000000E+00  1.34123508E+00 -1.71495748E+00  4.03021375E-01  9.20546733E+00  6.94065791E-01  7.73763776E-02
 -1.46529999E+00  1.00000000E+00  1.32251539E+00 -1.71493844E+00  4.03006232E-01  9.20561370E+00  6.94062582E-01  7.73777375E-02
 -1.44054677E+00  1.00000000E+00  1.30379937E+00 -1.71503061E+00  4.02990603E-01  9.20676542E+00  6.94052498E-01  7.73882993E-02
 -1.41579354E+00  1.00000000E+00  1.28508336E+00 -1.71512279E+00  4.02971681E-01  9.20791729E+00  6.94042414E-01  7.73988625E-02
 -1.39104031E+00  1.00000000E+00  1.26637478E+00 -1.71494285E+00  4.02955162E-01  9.20612883E+00  6.94061701E-01  7.73824284E-02
 -1.36628709E+00  1.00000000E+00  1.24766620E+00 -1.71476293E+00  4.02940126E-01  9.20434073E+00  6.94080992E-01  7.73659976E-02
 -1.34153386E+00  1.00000000E+00  1.22896548E+00 -1.71478781E+00  4.02922984E-01  9.20382958E+00  6.94104107E-01  7.73611407E-02
 -1.31678064E+00  1.00000000E+00  1.21026475E+00 -1.71481270E+00  4.02904328E-01  9.20331848E+00  6.94127223E-01  7.73562841E-02
 -1.29202741E+00  1.00000000E+00  1.19157720E+00 -1.71483302E+00  4.02883416E-01  9.20350266E+00  6.94129312E-01  7.73579395E-02
 -1.26727418E+00  1.00000000E+00  1.17288965E+00 -1.71485334E+00  4.02861334E-01  9.20368685E+00  6.94131401E-01  7.73595950E-02
 -1.24252096E+00  1.00000000E+00  1.15421141E+00 -1.71490401E+00  4.02840935E-01  9.20390295E+00  6.94143478E-01  7.73614497E-02
 -1.21776773E+00  1.00000000E+00  1.13553318E+00 -1.71495469E+00  4.02813772E-01  9.20411905E+00  6.94155555E-01  7.73633045E-02
 -1.19301451E+00  1.00000000E+00  1.11686679E+00 -1.71478087E+00  4.02790038E-01  9.20261795E+00  6.94167740E-01  7.73495473E-02
 -1.16826128E+00  1.00000000E+00  1.09820039E+00 -1.71460707E+00  4.02771240E-01  9.20111709E+00  6.94179930E-01  7.73357924E-02
 -1.14350806E+00  1.00000000E+00  1.07955821E+00 -1.71467077E+00  4.02748841E-01  9.20110219E+00  6.94198954E-01  7.73354840E-02
 -1.11875483E+00  1.00000000E+00  1.06091603E+00 -1.71473448E+00  4.02724422E-01  9.20108729E+00  6.94217979E-01  7.73351756E-02
 -1.09400160E+00  1.00000000E+00  1.04229507E+00 -1.71467908E+00  4.02708004E-01  9.20050279E+00  6.94222754E-01  7.73298185E-02
 -1.06924838E+00  1.00000000E+00  1.02367411E+00 -1.71462369E+00  4.02691165E-01  9.19991833E+00  6.94227529E-01  7.73244618E-02
 -1.04449515E+00  1.00000000E+00  1.00508154E+00 -1.71458478E+00  4.02672624E-01  9.19934398E+00  6.94243550E-01  7.73190948E-02
 -1.01974193E+00  1.00000000E+00  9.86488979E-01 -1.71454587E+00  4.02653751E-01  9.19876968E+00  6.94259572E-01  7.73137282E-02
 -9.94988700E-01  1.00000000E+00  9.67931125E-01 -1.71456115E+00  4.02645549E-01  9.19886816E+00  6.94266253E-01  7.73145628E-02
 -9.70235474E-01  1.00000000E+00  9.49373272E-01 -1.71457644E+00  4.02642427E-01  9.19896664E+00  6.94272935E-01  7.73153973E-02
 -9.45482248E-01  1.00000000E+00  9.30854754E-01 -1.71449772E+00  4.02650178E-01  9.19882049E+00  6.94242812E-01  7.73143426E-02
 -9.20729022E-01  1.00000000E+00  9.12336235E-01 -1.71441901E+00  4.02662980E-01  9.19867435E+00  6.94212690E-01  7.73132878E-02
 -8.95975796E-01  1.00000000E+00  8.93872934E-01 -1.71442188E+00  4.02685824E-01  9.19868085E+00  6.94216928E-01  7.73133084E-02
 -8.71222570E-01  1.00000000E+00  8.75409632E-01 -1.71442475E+00  4.02714069E-01  9.19868735E+00  6.94221167E-01  7.73133290E-02
 -8.46469344E-01  1.00000000E+00  8.57003346E-01 -1.71465861E+00  4.02775608E-01  9.20059420E+00  6.94216703E-01  7.73307045E-02
 -8.21716118E-01  1.00000000E+00  8.38597060E-01 -1.71489252E+00  4.02837732E-01  9.20250145E+00  6.94212245E-01  7.73480837E-02
 -7.97201467E-01  1.00000000E+00  8.20451922E-01 -1.71509796E+00  4.02949447E-01  9.20454785E+00  6.94172844E-01  7.73670455E-02
 -7.72686817E-01  1.00000000E+00  8.02306785E-01 -1.71530345E+00  4.03062606E-01  9.20659471E+00  6.94133452E-01  7.73860114E-02
 -7.49503432E-01  1.00000000E+00  7.85225916E-01 -1.71521008E+00  4.03213477E-01  9.20916905E+00  6.93955839E-01  7.74110292E-02
 -7.26320047E-01  1.00000000E+00  7.68145046E-01 -1.71511668E+00  4.03386563E-01  9.21174424E+00  6.93778257E-01  7.74360544E-02
 -7.04527831E-01  1.00000000E+00  7.52172369E-01 -1.71573266E+00  4.03597697E-01  9.21560005E+00  6.93812884E-01  7.74707924E-02
 -6.82735615E-01  1.00000000E+00  7.36199692E-01 -1.71634887E+00  4.03826820E-01  9.21945747E+00  6.93847556E-01  7.75055447E-02
 -6.62251087E-01  1.00000000E+00  7.21286899E-01 -1.71625567E+00  4.04121127E-01  9.22452770E+00  6.93525636E-01  7.75545642E-02
 -6.41766559E-01  1.00000000E+00  7.06374105E-01 -1.71616239E+00  4.04443901E-01  9.22960116E+00  6.93203819E-01  7.76036122E-02
 -6.22511254E-01  1.00000000E+00  6.92438933E-01 -1.71639152E+00  4.04798400E-01  9.23565289E+00  6.92967101E-01  7.76607799E-02
 -6.03255949E-01  1.00000000E+00  6.78503762E-01 -1.71662070E+00  4.05189639E-01  9.24170890E+00  6.92730450E-01  7.77179859E-02
 -5.85156097E-01  1.00000000E+00  6.65504214E-01 -1.71768161E+00  4.05640260E-01  9.25030677E+00  6.92675237E-01  7.77966503E-02
 -5.67056245E-01  1.00000000E+00  6.52504667E-01 -1.71874334E+00  4.06121280E-01  9.25891271E+00  6.92620175E-01  7.78753867E-02
 -5.50042515E-01  1.00000000E+00  6.40381809E-01 -1.71909540E+00  4.06692247E-01  9.26937234E+00  6.92185437E-01  7.79744264E-02
 -5.33028786E-01  1.00000000E+00  6.28258952E-01 -1.71944758E+00  4.07287200E-01  9.27984474E+00  6.91750925E-01  7.80735801E-02
 -5.17036006E-01  1.00000000E+00  6.16979920E-01 -1.72044926E+00  4.07950168E-01  9.29258290E+00  6.91465433E-01  7.81919770E-02
 -5.01043227E-01  1.00000000E+00  6.05700888E-01 -1.72145187E+00  4.08658390E-01  9.30533915E+00  6.91180166E-01  7.83105362E-02
 -4.86010125E-01  1.00000000E+00  5.95198192E-01 -1.72257363E+00  4.09433394E-01  9.31969152E+00  6.90837020E-01  7.84441318E-02
 -4.70977023E-01  1.00000000E+00  5.84695497E-01 -1.72369658E+00  4.10275175E-01  9.33406677E+00  6.90494199E-01  7.85779325E-02
 -4.56846016E-01  1.00000000E+00  5.74907594E-01 -1.72501128E+00  4.11171770E-01  9.35168818E+00  6.90065215E-01  7.87420269E-02
 -4.42715008E-01  1.00000000E+00  5.65119691E-01 -1.72632762E+00  4.12139142E-01  9.36934409E+00  6.89636684E-01  7.89064310E-02
 -4.29431964E-01  1.00000000E+00  5.56074820E-01 -1.72753611E+00  4.13215351E-01  9.38848359E+00  6.89062012E-01  7.90856507E-02
 -4.16148920E-01  1.00000000E+00  5.47029949E-01 -1.72874614E+00  4.14355254E-01  9.40766403E+00  6.88487965E-01  7.92652369E-02
 -4.03662954E-01  1.00000000E+00  5.38616160E-01 -1.73007031E+00  4.15492949E-01  9.42933098E+00  6.87875081E-01  7.94677809E-02
 -3.91176988E-01  1.00000000E+00  5.30202372E-01 -1.73139620E+00  4.16752778E-01  9.45105029E+00  6.87262831E-01  7.96707951E-02
 -3.79440270E-01  1.00000000E+00  5.22355844E-01 -1.73360201E+00  4.18113442E-01  9.47656856E+00  6.86761993E-01  7.99073324E-02
 -3.67703552E-01  1.00000000E+00  5.14509317E-01 -1.73581213E+00  4.19545125E-01  9.50215758E+00  6.86262131E-01  8.01445041E-02
 -3.56671122E-01  1.00000000E+00  5.07342499E-01 -1.73777091E+00  4.21066586E-01  9.53033063E+00  6.85519528E-01  8.04073736E-02
 -3.45638692E-01  1.00000000E+00  5.00175681E-01 -1.73973349E+00  4.22642879E-01  9.55859057E+00  6.84778147E-01  8.06710220E-02
 -3.35268287E-01  1.00000000E+00  4.93479957E-01 -1.74207004E+00  4.24246934E-01  9.58924045E+00  6.84105850E-01  8.09557691E-02
 -3.24897882E-01  1.00000000E+00  4.86784232E-01 -1.74441155E+00  4.25997133E-01  9.61999202E+00  6.83434761E-01  8.12414296E-02
 -3.15149775E-01  1.00000000E+00  4.80673135E-01 -1.74635561E+00  4.27860657E-01  9.65128929E+00  6.82562161E-01  8.15338830E-02
 -3.05401669E-01  1.00000000E+00  4.74562037E-01 -1.74830343E+00  4.29776537E-01  9.68269313E+00  6.81690955E-01  8.18272925E-02
 -2.96238520E-01  1.00000000E+00  4.68852039E-01 -1.75037439E+00  4.31725138E-01  9.72110519E+00  6.80516322E-01  8.21871715E-02
 -2.87075371E-01  1.00000000E+00  4.63142040E-01 -1.75244971E+00  4.33912210E-01  9.75967792E+00  6.79343828E-01  8.25484918E-02
 -2.78462077E-01  1.00000000E+00  4.57966275E-01 -1.75528451E+00  4.36148060E-01  9.79937602E+00  6.78368547E-01  8.29182498E-02
 -2.69848783E-01  1.00000000E+00  4.52790511E-01 -1.75812701E+00  4.38485608E-01  9.83924157E+00  6.77395588E-01  8.32895089E-02
 -2.61752348E-01  1.00000000E+00  4.48050389E-01 -1.76182859E+00  4.40850384E-01  9.88382158E+00  6.76573104E-01  8.37022589E-02
 -2.53655913E-01  1.00000000E+00  4.43310267E-01 -1.76554199E+00  4.43347738E-01  9.92860917E+00  6.75753142E-01  8.41168730E-02
 -2.46045323E-01  1.00000000E+00  4.38997647E-01 -1.76779588E+00  4.45956503E-01  9.97444714E+00  6.74328071E-01  8.45465370E-02
 -2.38434732E-01  1.00000000E+00  4.34685027E-01 -1.77005477E+00  4.48644279E-01  1.00205090E+01  6.72905940E-01  8.49782093E-02
 -2.31280830E-01  1.00000000E+00  4.30738750E-01 -1.77259750E+00  4.51426554E-01  1.00683787E+01  6.71543074E-01  8.54257781E-02
 -2.24126928E-01  1.00000000E+00  4.26792474E-01 -1.77514634E+00  4.54318509E-01  1.01164892E+01  6.70183031E-01  8.58755108E-02
 -2.17402314E-01  1.00000000E+00  4.23198408E-01 -1.78038130E+00  4.57316350E-01  1.01724262E+01  6.69385449E-01  8.63912793E-02
 -2.10677699E-01  1.00000000E+00  4.19604343E-01 -1.78563829E+00  4.60408710E-01  1.02286782E+01  6.68592164E-01  8.69098732E-02
 -2.04351753E-01  1.00000000E+00  4.16418664E-01 -1.78912595E+00  4.63662671E-01  1.02875160E+01  6.67048590E-01  8.74587948E-02
 -1.98025807E-01  1.00000000E+00  4.13232985E-01 -1.79262524E+00  4.66984022E-01  1.03467077E+01  6.65509393E-01  8.80108936E-02
 -1.91837501E-01  1.00000000E+00  4.10259075E-01 -1.79728809E+00  4.70608970E-01  1.04093986E+01  6.64256024E-01  8.85922049E-02
 -1.85649194E-01  1.00000000E+00  4.07285164E-01 -1.80196995E+00  4.74333737E-01  1.04724813E+01  6.63007251E-01  8.91770367E-02
 -1.79460888E-01  1.00000000E+00  4.04536649E-01 -1.80339799E+00  4.78462350E-01  1.05419598E+01  6.60324660E-01  8.98330472E-02
 -1.73272582E-01  1.00000000E+00  4.01788135E-01 -1.80482367E+00  4.82729309E-01  1.06119402E+01  6.57649753E-01  9.04935494E-02
 -1.67084275E-01  1.00000000E+00  3.99170895E-01 -1.81245937E+00  4.87425833E-01  1.06964197E+01  6.56532992E-01  9.12716971E-02
 -1.60895969E-01  1.00000000E+00  3.96553656E-01 -1.82014082E+00  4.92302531E-01  1.07815842E+01  6.55424721E-01  9.20559953E-02
 -1.54707662E-01  1.00000000E+00  3.94224421E-01 -1.82378370E+00  4.97839872E-01  1.08750739E+01  6.52546042E-01  9.29320716E-02
 -1.48519356E-01  1.00000000E+00  3.91895186E-01 -1.82743732E+00  5.03552441E-01  1.09694258E+01  6.49678139E-01  9.38158876E-02
 -1.42331049E-01  1.00000000E+00  3.90054700E-01 -1.83451791E+00  5.10043076E-01  1.10763033E+01  6.47406247E-01  9.48081547E-02
 -1.36142743E-01  1.00000000E+00  3.88214214E-01 -1.84164318E+00  5.16905294E-01  1.11842580E+01  6.45147258E-01  9.58100980E-02
 -1.29954436E-01  1.00000000E+00  3.86757337E-01 -1.84752495E+00  5.24263624E-01  1.13096189E+01  6.41962405E-01  9.69786950E-02
 -1.23766130E-01  1.00000000E+00  3.85300460E-01 -1.85343473E+00  5.32190296E-01  1.14364586E+01  6.38792165E-01  9.81606037E-02
 -1.17577823E-01  1.00000000E+00  3.84092504E-01 -1.86261239E+00  5.41332499E-01  1.15901851E+01  6.35559821E-01  9.95875027E-02
 -1.11389517E-01  1.00000000E+00  3.82884549E-01 -1.87186265E+00  5.50958419E-01  1.17460566E+01  6.32349695E-01  1.01033699E-01
 -1.05201210E-01  1.00000000E+00  3.82724046E-01 -1.88191339E+00  5.62222180E-01  1.19317641E+01  6.28206197E-01  1.02759617E-01
 -9.90129037E-02  1.00000000E+00  3.82563542E-01 -1.89205223E+00  5.74049002E-01  1.21205294E+01  6.24095663E-01  1.04513034E-01
 -9.28245972E-02  1.00000000E+00  3.83521735E-01 -1.89600123E+00  5.87910877E-01  1.23340569E+01  6.17311224E-01  1.06515870E-01
 -8.66362908E-02  1.00000000E+00  3.84479929E-01 -1.89991817E+00  6.02500809E-01  1.25516470E+01  6.10576763E-01  1.08555184E-01
 -8.04479843E-02  1.00000000E+00  3.86376701E-01 -1.91783509E+00  6.20358730E-01  1.28292782E+01  6.06129884E-01  1.11119530E-01
 -7.42596778E-02  1.00000000E+00  3.88273473E-01 -1.93600801E+00  6.39655203E-01  1.31132212E+01  6.01742759E-01  1.13740713E-01
 -6.80713713E-02  1.00000000E+00  3.92804619E-01 -1.93052535E+00  6.62805696E-01  1.34474754E+01  5.88922667E-01  1.16895934E-01
 -6.18830648E-02  1.00000000E+00  3.97335765E-01 -1.92466020E+00  6.88707836E-01  1.37913192E+01  5.76264657E-01  1.20136860E-01
 -5.56947583E-02  1.00000000E+00  4.03531661E-01 -1.97798972E+00  7.20911071E-01  1.43296834E+01  5.74149168E-01  1.25050312E-01
 -4.95064519E-02  1.00000000E+00  4.09727558E-01 -2.03311166E+00  7.58161478E-01  1.48891359E+01  5.72329380E-01  1.30152787E-01
 -4.33181454E-02  1.00000000E+00  4.41810237E-01 -2.05833508E+00  8.05144328E-01  1.57720919E+01  5.53654914E-01  1.38349427E-01
 -3.71298389E-02  1.00000000E+00  4.73892916E-01 -2.08374441E+00  8.64146316E-01  1.67102053E+01  5.35468488E-01  1.47043062E-01
 -3.09415324E-02  1.00000000E+00  4.21017169E-01 -1.67902991E+00  9.54583936E-01  1.58660372E+01  4.67650717E-01  1.39985331E-01
 -2.47532259E-02  1.00000000E+00  3.68141423E-01 -1.29971501E+00  1.03484249E+00  1.51014515E+01  4.16166070E-01  1.33502595E-01
 -1.85649194E-02  1.00000000E+00  8.75162746E-01 -3.03569150E+00  1.18163074E+00  2.34553026E+01  6.11591539E-01  2.07670101E-01
 -1.23766130E-02  1.00000000E+00  1.38218407E+00 -5.92384415E+00  1.56535624E+00  3.68850145E+01  1.10662438E+00  3.25258092E-01
 -6.18830648E-03  1.00000000E+00 -2.62202616E-01  3.28107147E+00  2.50551919E+00  2.77660111E+01  5.95246737E-01  2.47006949E-01
  0.00000000E+00  1.00000000E+00 -1.90658930E+00  1.58893940E+01  4.65860432E+00  4.03980854E+01  6.39316288E+00  3.09135659E-01
