# model=oldroyd  theta_MLE: lambda=7.43532, beta=0.537112, eta_0=0.845802
# delta(x) = y_clean(x) - y_model(x; theta_MLE)   (x from curve4_x.txt)
# columns: x  delta
5.000000000000000000e+00 -9.297296816361821925e-04
4.950333040000000295e+00 -9.294721203947364785e-04
4.900666089999999642e+00 -9.288127015059099989e-04
4.850999129999999937e+00 -9.279876534051823000e-04
4.801332180000000172e+00 -9.270510209467008877e-04
4.751665219999999579e+00 -9.260480132675663612e-04
4.701998269999999813e+00 -9.249590283233466437e-04
4.652331310000000109e+00 -9.237881416044313454e-04
4.602664360000000343e+00 -9.225061083135699391e-04
4.552997399999999750e+00 -9.210965716244245982e-04
4.503330449999999985e+00 -9.195175709577618761e-04
4.453663490000000280e+00 -9.177258898613871452e-04
4.403996539999999627e+00 -9.156930426041931526e-04
4.354329579999999922e+00 -9.133818151800809915e-04
4.304662630000000156e+00 -9.107239952530488125e-04
4.254995669999999564e+00 -9.076925042885708450e-04
4.205328709999999859e+00 -9.042299012480548015e-04
4.155661760000000093e+00 -9.002765972578874454e-04
4.105994800000000389e+00 -8.957793131543212439e-04
4.056327849999999735e+00 -8.906845779246275185e-04
4.006660890000000030e+00 -8.849106297379449870e-04
3.956993939999999821e+00 -8.784029720674269015e-04
3.907326980000000116e+00 -8.710839212457965886e-04
3.857660029999999907e+00 -8.628790774827255206e-04
3.807993070000000202e+00 -8.536962644878354212e-04
3.758326119999999992e+00 -8.434451695227274115e-04
3.708659159999999844e+00 -8.320478530692287933e-04
3.658992210000000078e+00 -8.194022840006809361e-04
3.609325249999999929e+00 -8.053874912652414508e-04
3.559658300000000164e+00 -7.899149295538254734e-04
3.509991340000000015e+00 -7.728759711880250904e-04
3.460324389999999806e+00 -7.541255519791789652e-04
3.410657430000000101e+00 -7.335574619722340373e-04
3.360990469999999952e+00 -7.110404178514162510e-04
3.311323520000000187e+00 -6.864560341990344483e-04
3.261656560000000038e+00 -6.596550419815105926e-04
3.211989609999999828e+00 -6.304916337829258310e-04
3.162322650000000124e+00 -5.988237109577632111e-04
3.112655699999999914e+00 -5.645417832786936430e-04
3.062988740000000210e+00 -5.274987640533357336e-04
3.013321790000000000e+00 -4.875617386670416664e-04
2.963654829999999851e+00 -4.446249137344260305e-04
2.913987880000000086e+00 -3.985230892906699296e-04
2.864320919999999937e+00 -3.491635646923896275e-04
2.814653970000000172e+00 -2.964394785058832582e-04
2.764987010000000023e+00 -2.403026052504309007e-04
2.715320059999999813e+00 -1.806005276874245169e-04
2.665653100000000109e+00 -1.172895224474945763e-04
2.615986139999999960e+00 -5.026078384284815570e-05
2.566319190000000194e+00 2.033837113679659581e-05
2.516652230000000046e+00 9.447805062579028856e-05
2.466985279999999836e+00 1.720669450955281121e-04
2.417318320000000131e+00 2.529405137114970614e-04
2.367651369999999922e+00 3.372493587368019519e-04
2.317984410000000217e+00 4.248289322066334250e-04
2.268317460000000008e+00 5.152570726720817618e-04
2.218650499999999859e+00 6.081887563496035654e-04
2.168983550000000093e+00 7.033380124492616403e-04
2.119316589999999945e+00 8.005721990773650987e-04
2.069649640000000179e+00 8.992414664505954391e-04
2.019982680000000030e+00 9.987639087458699549e-04
1.970315730000000043e+00 1.098601329484250044e-03
1.920648769999999894e+00 1.197841544875233311e-03
1.870981809999999967e+00 1.297194656920019895e-03
1.821314859999999980e+00 1.394523636605748962e-03
1.771647900000000053e+00 1.489215262288512420e-03
1.721980950000000066e+00 1.580957856366804748e-03
1.672313989999999917e+00 1.668153733017208040e-03
1.622647039999999929e+00 1.750363451470393628e-03
1.572980080000000003e+00 1.826545034007809321e-03
1.523313130000000015e+00 1.893578471588552858e-03
1.473646170000000089e+00 1.952327468537573552e-03
1.423979220000000101e+00 2.002540705935862420e-03
1.374312259999999952e+00 2.039454553699471262e-03
1.324645309999999965e+00 2.068532333092676367e-03
1.274978350000000038e+00 2.082894622688069575e-03
1.225311400000000051e+00 2.080239959064700273e-03
1.175644439999999902e+00 2.066770223045244492e-03
1.125977479999999975e+00 2.038832122293277038e-03
1.076310529999999988e+00 1.993073066410167016e-03
1.026643570000000061e+00 1.920525791158311790e-03
9.769766189999999906e-01 1.838735017199333299e-03
9.273096640000000335e-01 1.726072603478678857e-03
8.776427079999999936e-01 1.596357005414494878e-03
8.279757530000000365e-01 1.453375855762439883e-03
7.786002389999999718e-01 1.286164789966459665e-03
7.317317880000000496e-01 1.120444560047895166e-03
6.876846269999999928e-01 9.310538975559889963e-04
6.462889219999999879e-01 7.482829290648140841e-04
6.073850619999999756e-01 5.642788011726018738e-04
5.708230460000000006e-01 3.827829830111983966e-04
5.364619149999999559e-01 2.025814125539149302e-04
5.041691750000000249e-01 2.139541340540063175e-05
4.738203240000000149e-01 -1.413679294282044197e-04
4.452983460000000115e-01 -2.953112644268340858e-04
4.184932690000000011e-01 -4.461432865523473623e-04
3.933017460000000076e-01 -5.943892848367937631e-04
3.696266380000000074e-01 -7.195473031338384118e-04
3.473766770000000226e-01 -8.258852138374184193e-04
3.264660690000000254e-01 -9.649140796879063231e-04
3.068141939999999845e-01 -1.050900631112350325e-03
2.883452770000000109e-01 -1.110445957534844652e-03
2.709881089999999770e-01 -1.205116578725684562e-03
2.546757709999999952e-01 -1.253297734908898065e-03
2.393453670000000033e-01 -1.256313792486363212e-03
2.249377889999999991e-01 -1.350696802463469126e-03
2.113974849999999961e-01 -1.358588236518354364e-03
1.986678209999999944e-01 -1.344263989053073871e-03
1.862510820000000122e-01 -1.363872468688853701e-03
1.738343440000000018e-01 -1.373125321035173485e-03
1.614176049999999918e-01 -1.375003955551790114e-03
1.490008660000000096e-01 -1.338853974234943678e-03
1.365841269999999996e-01 -1.285219527519032567e-03
1.241673880000000035e-01 -1.313219868373405319e-03
1.117506489999999936e-01 -1.278731530965027119e-03
9.933391060000000550e-02 -1.191593692994930009e-03
8.691717179999999821e-02 -1.082658216550624886e-03
7.450043300000000479e-02 -1.053419616414918991e-03
6.208369419999999750e-02 -9.107099002303442603e-04
4.966695530000000275e-02 -7.217489886530703558e-04
3.725021650000000240e-02 -6.276340435436011944e-04
2.483347769999999857e-02 -3.972023495322218878e-04
1.241673880000000035e-02 -2.491679928113832432e-04
0.000000000000000000e+00 0.000000000000000000e+00
