# curve 5 (die wall), step =      100, time =   4.00000000E+01
# N1 = tau_xx - tau_yy = G ( c_xx - c_yy ),  G =  1.0000E-01  (polymer part only)
#              x               y        pressure            c_xy        gammadot            c_xx            c_yy              N1
 -3.00000000E+00  1.00000000E+00  1.80303594E+00 -1.22200176E+00  4.48278164E-01  5.06572965E+00  6.81080408E-01  4.38464924E-01
 -2.97524677E+00  1.00000000E+00  1.79032791E+00 -1.22195149E+00  4.48296130E-01  5.06542049E+00  6.81089428E-01  4.38433106E-01
 -2.95049355E+00  1.00000000E+00  1.77761989E+00 -1.22190123E+00  4.48308518E-01  5.06511134E+00  6.81098450E-01  4.38401289E-01
 -2.92574032E+00  1.00000000E+00  1.76492566E+00 -1.22199698E+00  4.48302931E-01  5.06540592E+00  6.81119280E-01  4.38428664E-01
 -2.90098710E+00  1.00000000E+00  1.75223144E+00 -1.22209274E+00  4.48279568E-01  5.06570053E+00  6.81140112E-01  4.38456041E-01
 -2.87623387E+00  1.00000000E+00  1.73951770E+00 -1.22218144E+00  4.48258547E-01  5.06665972E+00  6.81094143E-01  4.38556558E-01
 -2.85148064E+00  1.00000000E+00  1.72680396E+00 -1.22227014E+00  4.48225773E-01  5.06761911E+00  6.81048179E-01  4.38657093E-01
 -2.82672742E+00  1.00000000E+00  1.71408483E+00 -1.22201574E+00  4.48255496E-01  5.06659371E+00  6.81024580E-01  4.38556913E-01
 -2.80197419E+00  1.00000000E+00  1.70136571E+00 -1.22176139E+00  4.48278571E-01  5.06556851E+00  6.81000996E-01  4.38456751E-01
 -2.77722097E+00  1.00000000E+00  1.68864859E+00 -1.22189685E+00  4.48295505E-01  5.06555205E+00  6.81054823E-01  4.38449722E-01
 -2.75246774E+00  1.00000000E+00  1.67593148E+00 -1.22203230E+00  4.48305345E-01  5.06553560E+00  6.81108657E-01  4.38442694E-01
 -2.72771451E+00  1.00000000E+00  1.66325212E+00 -1.22203687E+00  4.48296536E-01  5.06552696E+00  6.81123424E-01  4.38440354E-01
 -2.70296129E+00  1.00000000E+00  1.65057276E+00 -1.22204145E+00  4.48272952E-01  5.06551833E+00  6.81138192E-01  4.38438014E-01
 -2.67820806E+00  1.00000000E+00  1.63785112E+00 -1.22198583E+00  4.48265562E-01  5.06549488E+00  6.81104368E-01  4.38439052E-01
 -2.65345484E+00  1.00000000E+00  1.62512947E+00 -1.22193021E+00  4.48272705E-01  5.06547144E+00  6.81070545E-01  4.38440090E-01
 -2.62870161E+00  1.00000000E+00  1.61242189E+00 -1.22197973E+00  4.48280524E-01  5.06541579E+00  6.81097052E-01  4.38431873E-01
 -2.60394839E+00  1.00000000E+00  1.59971430E+00 -1.22202925E+00  4.48284021E-01  5.06536013E+00  6.81123559E-01  4.38423657E-01
 -2.57919516E+00  1.00000000E+00  1.58702254E+00 -1.22200346E+00  4.48284576E-01  5.06529363E+00  6.81127140E-01  4.38416649E-01
 -2.55444193E+00  1.00000000E+00  1.57433078E+00 -1.22197767E+00  4.48273619E-01  5.06522714E+00  6.81130720E-01  4.38409642E-01
 -2.52968871E+00  1.00000000E+00  1.56161572E+00 -1.22208588E+00  4.48256220E-01  5.06586487E+00  6.81126201E-01  4.38473867E-01
 -2.50493548E+00  1.00000000E+00  1.54890067E+00 -1.22219411E+00  4.48226652E-01  5.06650268E+00  6.81121685E-01  4.38538100E-01
 -2.48018226E+00  1.00000000E+00  1.53617135E+00 -1.22199205E+00  4.48259281E-01  5.06581647E+00  6.81083673E-01  4.38473280E-01
 -2.45542903E+00  1.00000000E+00  1.52344203E+00 -1.22179003E+00  4.48289485E-01  5.06513036E+00  6.81045670E-01  4.38408469E-01
 -2.43067580E+00  1.00000000E+00  1.51074304E+00 -1.22187576E+00  4.48308138E-01  5.06515286E+00  6.81077990E-01  4.38407487E-01
 -2.40592258E+00  1.00000000E+00  1.49804406E+00 -1.22196150E+00  4.48321608E-01  5.06517536E+00  6.81110312E-01  4.38406505E-01
 -2.38116935E+00  1.00000000E+00  1.48535275E+00 -1.22194849E+00  4.48312925E-01  5.06507559E+00  6.81124763E-01  4.38395083E-01
 -2.35641613E+00  1.00000000E+00  1.47266145E+00 -1.22193548E+00  4.48288044E-01  5.06497582E+00  6.81139215E-01  4.38383661E-01
 -2.33166290E+00  1.00000000E+00  1.45994289E+00 -1.22194287E+00  4.48279839E-01  5.06520498E+00  6.81116937E-01  4.38408804E-01
 -2.30690967E+00  1.00000000E+00  1.44722434E+00 -1.22195026E+00  4.48274945E-01  5.06543414E+00  6.81094660E-01  4.38433948E-01
 -2.28215645E+00  1.00000000E+00  1.43451479E+00 -1.22196881E+00  4.48278407E-01  5.06547372E+00  6.81092107E-01  4.38438161E-01
 -2.25740322E+00  1.00000000E+00  1.42180525E+00 -1.22198737E+00  4.48287797E-01  5.06551329E+00  6.81089553E-01  4.38442374E-01
 -2.23265000E+00  1.00000000E+00  1.40909764E+00 -1.22211019E+00  4.48276605E-01  5.06601217E+00  6.81112857E-01  4.38489932E-01
 -2.20789677E+00  1.00000000E+00  1.39639003E+00 -1.22223303E+00  4.48240823E-01  5.06651110E+00  6.81136164E-01  4.38537494E-01
 -2.18314354E+00  1.00000000E+00  1.38367210E+00 -1.22204741E+00  4.48250590E-01  5.06573144E+00  6.81116575E-01  4.38461486E-01
 -2.15839032E+00  1.00000000E+00  1.37095418E+00 -1.22186182E+00  4.48265078E-01  5.06495189E+00  6.81096993E-01  4.38385490E-01
 -2.13363709E+00  1.00000000E+00  1.35826073E+00 -1.22189240E+00  4.48278498E-01  5.06496584E+00  6.81106115E-01  4.38385973E-01
 -2.10888387E+00  1.00000000E+00  1.34556727E+00 -1.22192299E+00  4.48289963E-01  5.06497979E+00  6.81115236E-01  4.38386456E-01
 -2.08413064E+00  1.00000000E+00  1.33284312E+00 -1.22193101E+00  4.48294462E-01  5.06492312E+00  6.81123454E-01  4.38379966E-01
 -2.05937741E+00  1.00000000E+00  1.32011897E+00 -1.22193903E+00  4.48291493E-01  5.06486644E+00  6.81131672E-01  4.38373477E-01
 -2.03462419E+00  1.00000000E+00  1.30742139E+00 -1.22190583E+00  4.48281207E-01  5.06491454E+00  6.81118397E-01  4.38379614E-01
 -2.00987096E+00  1.00000000E+00  1.29472381E+00 -1.22187262E+00  4.48265509E-01  5.06496263E+00  6.81105122E-01  4.38385751E-01
 -1.98511774E+00  1.00000000E+00  1.28200157E+00 -1.22190233E+00  4.48261626E-01  5.06494054E+00  6.81115155E-01  4.38382538E-01
 -1.96036451E+00  1.00000000E+00  1.26927933E+00 -1.22193203E+00  4.48260033E-01  5.06491844E+00  6.81125187E-01  4.38379326E-01
 -1.93561128E+00  1.00000000E+00  1.25659473E+00 -1.22204943E+00  4.48239309E-01  5.06534956E+00  6.81150939E-01  4.38419863E-01
 -1.91085806E+00  1.00000000E+00  1.24391014E+00 -1.22216684E+00  4.48203340E-01  5.06578072E+00  6.81176694E-01  4.38460403E-01
 -1.88610483E+00  1.00000000E+00  1.23116025E+00 -1.22201089E+00  4.48191224E-01  5.06556953E+00  6.81111047E-01  4.38445848E-01
 -1.86135161E+00  1.00000000E+00  1.21841035E+00 -1.22185496E+00  4.48187567E-01  5.06535835E+00  6.81045408E-01  4.38431294E-01
 -1.83659838E+00  1.00000000E+00  1.20572181E+00 -1.22193047E+00  4.48204845E-01  5.06489234E+00  6.81133000E-01  4.38375934E-01
 -1.81184516E+00  1.00000000E+00  1.19303327E+00 -1.22200599E+00  4.48201272E-01  5.06442639E+00  6.81220601E-01  4.38320578E-01
 -1.78709193E+00  1.00000000E+00  1.18034972E+00 -1.22207315E+00  4.48149410E-01  5.06520684E+00  6.81191104E-01  4.38401574E-01
 -1.76233870E+00  1.00000000E+00  1.16766616E+00 -1.22214032E+00  4.48082738E-01  5.06598742E+00  6.81161609E-01  4.38482581E-01
 -1.73758548E+00  1.00000000E+00  1.15491172E+00 -1.22202558E+00  4.48082906E-01  5.06554244E+00  6.81141492E-01  4.38440095E-01
 -1.71283225E+00  1.00000000E+00  1.14215728E+00 -1.22191085E+00  4.48074650E-01  5.06509749E+00  6.81121376E-01  4.38397612E-01
 -1.68807903E+00  1.00000000E+00  1.12944137E+00 -1.22195456E+00  4.48057060E-01  5.06480225E+00  6.81163169E-01  4.38363908E-01
 -1.66332580E+00  1.00000000E+00  1.11672546E+00 -1.22199827E+00  4.48045901E-01  5.06450702E+00  6.81204963E-01  4.38330206E-01
 -1.63857257E+00  1.00000000E+00  1.10404265E+00 -1.22192827E+00  4.48034085E-01  5.06429895E+00  6.81202291E-01  4.38309666E-01
 -1.61381935E+00  1.00000000E+00  1.09135983E+00 -1.22185828E+00  4.47999207E-01  5.06409088E+00  6.81199622E-01  4.38289126E-01
 -1.58906612E+00  1.00000000E+00  1.07861858E+00 -1.22179122E+00  4.47961418E-01  5.06350034E+00  6.81213955E-01  4.38228639E-01
 -1.56431290E+00  1.00000000E+00  1.06587734E+00 -1.22172417E+00  4.47939225E-01  5.06290987E+00  6.81228289E-01  4.38168158E-01
 -1.53955967E+00  1.00000000E+00  1.05320960E+00 -1.22168497E+00  4.47905047E-01  5.06229820E+00  6.81273315E-01  4.38102488E-01
 -1.51480644E+00  1.00000000E+00  1.04054186E+00 -1.22164577E+00  4.47864670E-01  5.06168660E+00  6.81318346E-01  4.38036826E-01
 -1.49005322E+00  1.00000000E+00  1.02785292E+00 -1.22165155E+00  4.47810048E-01  5.06133629E+00  6.81367956E-01  4.37996833E-01
 -1.46529999E+00  1.00000000E+00  1.01516398E+00 -1.22165733E+00  4.47728261E-01  5.06098600E+00  6.81417569E-01  4.37956843E-01
 -1.44054677E+00  1.00000000E+00  1.00244627E+00 -1.22173404E+00  4.47640046E-01  5.06141377E+00  6.81425590E-01  4.37998818E-01
 -1.41579354E+00  1.00000000E+00  9.89728555E-01 -1.22181076E+00  4.47525379E-01  5.06184157E+00  6.81433612E-01  4.38040796E-01
 -1.39104031E+00  1.00000000E+00  9.77032007E-01 -1.22147594E+00  4.47474560E-01  5.06010054E+00  6.81440037E-01  4.37866051E-01
 -1.36628709E+00  1.00000000E+00  9.64335458E-01 -1.22114121E+00  4.47427964E-01  5.05836012E+00  6.81446492E-01  4.37691362E-01
 -1.34153386E+00  1.00000000E+00  9.51653914E-01 -1.22120062E+00  4.47351336E-01  5.05765781E+00  6.81534992E-01  4.37612282E-01
 -1.31678064E+00  1.00000000E+00  9.38972370E-01 -1.22126003E+00  4.47260046E-01  5.05695563E+00  6.81623500E-01  4.37533213E-01
 -1.29202741E+00  1.00000000E+00  9.26333463E-01 -1.22119215E+00  4.47140597E-01  5.05634851E+00  6.81661382E-01  4.37468713E-01
 -1.26727418E+00  1.00000000E+00  9.13694556E-01 -1.22112428E+00  4.47007338E-01  5.05574147E+00  6.81699269E-01  4.37404220E-01
 -1.24252096E+00  1.00000000E+00  9.01042187E-01 -1.22116109E+00  4.46876777E-01  5.05518165E+00  6.81778605E-01  4.37340305E-01
 -1.21776773E+00  1.00000000E+00  8.88389818E-01 -1.22119789E+00  4.46716703E-01  5.05462191E+00  6.81857948E-01  4.37276396E-01
 -1.19301451E+00  1.00000000E+00  8.75741883E-01 -1.22081310E+00  4.46588317E-01  5.05244962E+00  6.81890450E-01  4.37055917E-01
 -1.16826128E+00  1.00000000E+00  8.63093948E-01 -1.22042844E+00  4.46469570E-01  5.05027826E+00  6.81922997E-01  4.36835526E-01
 -1.14350806E+00  1.00000000E+00  8.50505793E-01 -1.22043709E+00  4.46304614E-01  5.04934796E+00  6.82018035E-01  4.36732992E-01
 -1.11875483E+00  1.00000000E+00  8.37917637E-01 -1.22044574E+00  4.46119125E-01  5.04841785E+00  6.82113083E-01  4.36630477E-01
 -1.09400160E+00  1.00000000E+00  8.25334788E-01 -1.22027873E+00  4.45942866E-01  5.04680985E+00  6.82192776E-01  4.36461708E-01
 -1.06924838E+00  1.00000000E+00  8.12751940E-01 -1.22011177E+00  4.45767633E-01  5.04520238E+00  6.82272490E-01  4.36292989E-01
 -1.04449515E+00  1.00000000E+00  8.00237466E-01 -1.21994087E+00  4.45563214E-01  5.04320380E+00  6.82395866E-01  4.36080793E-01
 -1.01974193E+00  1.00000000E+00  7.87722992E-01 -1.21977004E+00  4.45341817E-01  5.04120604E+00  6.82519278E-01  4.35868676E-01
 -9.94988700E-01  1.00000000E+00  7.75253397E-01 -1.21953003E+00  4.45094779E-01  5.03924513E+00  6.82611334E-01  4.35663380E-01
 -9.70235474E-01  1.00000000E+00  7.62783802E-01 -1.21929010E+00  4.44853896E-01  5.03728501E+00  6.82703426E-01  4.35458158E-01
 -9.45482248E-01  1.00000000E+00  7.50341856E-01 -1.21909513E+00  4.44610597E-01  5.03523612E+00  6.82812218E-01  4.35242390E-01
 -9.20729022E-01  1.00000000E+00  7.37899909E-01 -1.21890023E+00  4.44371203E-01  5.03318810E+00  6.82921041E-01  4.35026706E-01
 -8.95975796E-01  1.00000000E+00  7.25594052E-01 -1.21861549E+00  4.44098495E-01  5.03034336E+00  6.83078518E-01  4.34726485E-01
 -8.71222570E-01  1.00000000E+00  7.13288194E-01 -1.21833089E+00  4.43816081E-01  5.02750029E+00  6.83236067E-01  4.34426423E-01
 -8.46469344E-01  1.00000000E+00  7.01053476E-01 -1.21824358E+00  4.43506893E-01  5.02549212E+00  6.83413227E-01  4.34207890E-01
 -8.21716118E-01  1.00000000E+00  6.88818758E-01 -1.21815630E+00  4.43179605E-01  5.02348483E+00  6.83590437E-01  4.33989439E-01
 -7.97201467E-01  1.00000000E+00  6.76813133E-01 -1.21796668E+00  4.42938873E-01  5.02135062E+00  6.83712381E-01  4.33763824E-01
 -7.72686817E-01  1.00000000E+00  6.64807508E-01 -1.21777711E+00  4.42679589E-01  5.01921736E+00  6.83834361E-01  4.33538300E-01
 -7.49503432E-01  1.00000000E+00  6.53597897E-01 -1.21754741E+00  4.42434999E-01  5.01729384E+00  6.83922468E-01  4.33337137E-01
 -7.26320047E-01  1.00000000E+00  6.42388285E-01 -1.21731778E+00  4.42202067E-01  5.01537107E+00  6.84010607E-01  4.33136047E-01
 -7.04527831E-01  1.00000000E+00  6.32003743E-01 -1.21720315E+00  4.41961536E-01  5.01341559E+00  6.84169851E-01  4.32924574E-01
 -6.82735615E-01  1.00000000E+00  6.21619200E-01 -1.21708857E+00  4.41752235E-01  5.01146093E+00  6.84329141E-01  4.32713178E-01
 -6.62251087E-01  1.00000000E+00  6.11954939E-01 -1.21678626E+00  4.41677849E-01  5.01070443E+00  6.84242420E-01  4.32646201E-01
 -6.41766559E-01  1.00000000E+00  6.02290677E-01 -1.21648400E+00  4.41618201E-01  5.00994807E+00  6.84155721E-01  4.32579235E-01
 -6.22511254E-01  1.00000000E+00  5.93418646E-01 -1.21635066E+00  4.41535352E-01  5.00912838E+00  6.84177886E-01  4.32495049E-01
 -6.03255949E-01  1.00000000E+00  5.84546615E-01 -1.21621734E+00  4.41485823E-01  5.00830882E+00  6.84200057E-01  4.32410877E-01
 -5.85156097E-01  1.00000000E+00  5.76378927E-01 -1.21627955E+00  4.41466311E-01  5.00794113E+00  6.84267476E-01  4.32367365E-01
 -5.67056245E-01  1.00000000E+00  5.68211238E-01 -1.21634175E+00  4.41486621E-01  5.00757347E+00  6.84334900E-01  4.32323857E-01
 -5.50042515E-01  1.00000000E+00  5.60656764E-01 -1.21635079E+00  4.41646787E-01  5.00899583E+00  6.84181191E-01  4.32481464E-01
 -5.33028786E-01  1.00000000E+00  5.53102290E-01 -1.21635983E+00  4.41794845E-01  5.01041865E+00  6.84027515E-01  4.32639113E-01
 -5.17036006E-01  1.00000000E+00  5.46251749E-01 -1.21684912E+00  4.41976745E-01  5.01247391E+00  6.84079976E-01  4.32839394E-01
 -5.01043227E-01  1.00000000E+00  5.39401208E-01 -1.21733860E+00  4.42164559E-01  5.01453002E+00  6.84132488E-01  4.33039753E-01
 -4.86010125E-01  1.00000000E+00  5.33069648E-01 -1.21739396E+00  4.42464641E-01  5.01689018E+00  6.83899983E-01  4.33299019E-01
 -4.70977023E-01  1.00000000E+00  5.26738088E-01 -1.21744935E+00  4.42875202E-01  5.01925158E+00  6.83667557E-01  4.33558402E-01
 -4.56846016E-01  1.00000000E+00  5.21049142E-01 -1.21794546E+00  4.43273093E-01  5.02352738E+00  6.83464227E-01  4.34006316E-01
 -4.42715008E-01  1.00000000E+00  5.15360196E-01 -1.21844192E+00  4.43788521E-01  5.02780693E+00  6.83261057E-01  4.34454587E-01
 -4.29431964E-01  1.00000000E+00  5.10175773E-01 -1.21912524E+00  4.44474137E-01  5.03366193E+00  6.82998675E-01  4.35066325E-01
 -4.16148920E-01  1.00000000E+00  5.04991349E-01 -1.21980923E+00  4.45182532E-01  5.03952393E+00  6.82736567E-01  4.35678737E-01
 -4.03662954E-01  1.00000000E+00  5.00332889E-01 -1.22008669E+00  4.45794233E-01  5.04523140E+00  6.82284194E-01  4.36294721E-01
 -3.91176988E-01  1.00000000E+00  4.95674430E-01 -1.22036443E+00  4.46608308E-01  5.05094591E+00  6.81832148E-01  4.36911377E-01
 -3.79440270E-01  1.00000000E+00  4.91462996E-01 -1.22142862E+00  4.47502098E-01  5.05867461E+00  6.81549700E-01  4.37712491E-01
 -3.67703552E-01  1.00000000E+00  4.87251562E-01 -1.22249420E+00  4.48493175E-01  5.06641529E+00  6.81267778E-01  4.38514751E-01
 -3.56671122E-01  1.00000000E+00  4.83599570E-01 -1.22340457E+00  4.49667232E-01  5.07602580E+00  6.80718288E-01  4.39530751E-01
 -3.45638692E-01  1.00000000E+00  4.79947578E-01 -1.22431641E+00  4.50807648E-01  5.08565532E+00  6.80169600E-01  4.40548572E-01
 -3.35268287E-01  1.00000000E+00  4.76669190E-01 -1.22518893E+00  4.51804132E-01  5.09496041E+00  6.79661288E-01  4.41529912E-01
 -3.24897882E-01  1.00000000E+00  4.73390801E-01 -1.22606277E+00  4.53060456E-01  5.10428327E+00  6.79153653E-01  4.42512962E-01
 -3.15149775E-01  1.00000000E+00  4.70520652E-01 -1.22732819E+00  4.54492726E-01  5.11616807E+00  6.78575432E-01  4.43759264E-01
 -3.05401669E-01  1.00000000E+00  4.67650502E-01 -1.22859608E+00  4.55971653E-01  5.12808148E+00  6.77998314E-01  4.45008317E-01
 -2.96238520E-01  1.00000000E+00  4.65153884E-01 -1.22944029E+00  4.57442839E-01  5.14194359E+00  6.76988406E-01  4.46495518E-01
 -2.87075371E-01  1.00000000E+00  4.62657266E-01 -1.23028651E+00  4.59230111E-01  5.15584592E+00  6.75980338E-01  4.47986559E-01
 -2.78462077E-01  1.00000000E+00  4.60637251E-01 -1.23198630E+00  4.61153368E-01  5.17095418E+00  6.75269446E-01  4.49568474E-01
 -2.69848783E-01  1.00000000E+00  4.58617235E-01 -1.23369033E+00  4.63096447E-01  5.18610796E+00  6.74560445E-01  4.51154752E-01
 -2.61752348E-01  1.00000000E+00  4.56972647E-01 -1.23557377E+00  4.64912312E-01  5.20224557E+00  6.73885006E-01  4.52836056E-01
 -2.53655913E-01  1.00000000E+00  4.55328059E-01 -1.23746213E+00  4.66920236E-01  5.21843469E+00  6.73211502E-01  4.54522318E-01
 -2.46045323E-01  1.00000000E+00  4.53974864E-01 -1.23846243E+00  4.69136208E-01  5.23592227E+00  6.71950146E-01  4.56397212E-01
 -2.38434732E-01  1.00000000E+00  4.52621668E-01 -1.23946565E+00  4.71388802E-01  5.25347296E+00  6.70691586E-01  4.58278137E-01
 -2.31280830E-01  1.00000000E+00  4.51629740E-01 -1.24113290E+00  4.73623829E-01  5.27171165E+00  6.69720064E-01  4.60199159E-01
 -2.24126928E-01  1.00000000E+00  4.50637812E-01 -1.24280494E+00  4.76000026E-01  5.29001644E+00  6.68751033E-01  4.62126541E-01
 -2.17402314E-01  1.00000000E+00  4.49987002E-01 -1.24540005E+00  4.78386821E-01  5.31051023E+00  6.68003674E-01  4.64250656E-01
 -2.10677699E-01  1.00000000E+00  4.49336193E-01 -1.24800368E+00  4.80870319E-01  5.33108489E+00  6.67259470E-01  4.66382542E-01
 -2.04351753E-01  1.00000000E+00  4.49009914E-01 -1.24982723E+00  4.83639584E-01  5.35374551E+00  6.65935313E-01  4.68781020E-01
 -1.98025807E-01  1.00000000E+00  4.48683634E-01 -1.25165727E+00  4.86441424E-01  5.37650750E+00  6.64615179E-01  4.71189232E-01
 -1.91837501E-01  1.00000000E+00  4.48626938E-01 -1.25414063E+00  4.89470093E-01  5.40117651E+00  6.63473120E-01  4.73770339E-01
 -1.85649194E-01  1.00000000E+00  4.48570242E-01 -1.25663340E+00  4.92601843E-01  5.42596271E+00  6.62335249E-01  4.76362746E-01
 -1.79460888E-01  1.00000000E+00  4.48806004E-01 -1.25802464E+00  4.96225724E-01  5.45485582E+00  6.60256478E-01  4.79459934E-01
 -1.73272582E-01  1.00000000E+00  4.49041766E-01 -1.25942226E+00  4.99970100E-01  5.48391580E+00  6.58184895E-01  4.82573090E-01
 -1.67084275E-01  1.00000000E+00  4.49876339E-01 -1.26342316E+00  5.03846546E-01  5.51581425E+00  6.57130776E-01  4.85868347E-01
 -1.60895969E-01  1.00000000E+00  4.50710912E-01 -1.26744368E+00  5.07894966E-01  5.54790153E+00  6.56083493E-01  4.89181803E-01
 -1.54707662E-01  1.00000000E+00  4.51805406E-01 -1.26963289E+00  5.12724642E-01  5.58591356E+00  6.53613904E-01  4.93229966E-01
 -1.48519356E-01  1.00000000E+00  4.52899901E-01 -1.27183461E+00  5.17641784E-01  5.62420495E+00  6.51155446E-01  4.97304950E-01
 -1.42331049E-01  1.00000000E+00  4.54907086E-01 -1.27715052E+00  5.23307528E-01  5.66937532E+00  6.49585649E-01  5.01978967E-01
 -1.36142743E-01  1.00000000E+00  4.56914270E-01 -1.28250225E+00  5.29145100E-01  5.71491610E+00  6.48028778E-01  5.06688732E-01
 -1.29954436E-01  1.00000000E+00  4.59502513E-01 -1.28556343E+00  5.35028854E-01  5.76237488E+00  6.45305313E-01  5.11706957E-01
 -1.23766130E-01  1.00000000E+00  4.62090755E-01 -1.28864483E+00  5.41606954E-01  5.81025303E+00  6.42596485E-01  5.16765654E-01
 -1.17577823E-01  1.00000000E+00  4.65611193E-01 -1.29405598E+00  5.49040350E-01  5.87010050E+00  6.39920590E-01  5.23017991E-01
 -1.11389517E-01  1.00000000E+00  4.69131631E-01 -1.29951274E+00  5.57008498E-01  5.93058829E+00  6.37266019E-01  5.29332227E-01
 -1.05201210E-01  1.00000000E+00  4.74156729E-01 -1.30562773E+00  5.66812257E-01  6.00596003E+00  6.33682534E-01  5.37227750E-01
 -9.90129037E-02  1.00000000E+00  4.79181827E-01 -1.31180592E+00  5.76880839E-01  6.08233309E+00  6.30132492E-01  5.45220060E-01
 -9.28245972E-02  1.00000000E+00  4.85825999E-01 -1.31511525E+00  5.88793694E-01  6.16742380E+00  6.24718158E-01  5.54270564E-01
 -8.66362908E-02  1.00000000E+00  4.92470171E-01 -1.31846019E+00  6.00931789E-01  6.25380966E+00  6.19351489E-01  5.63445817E-01
 -8.04479843E-02  1.00000000E+00  5.01318801E-01 -1.33153833E+00  6.15089430E-01  6.36168575E+00  6.16731094E-01  5.74495465E-01
 -7.42596778E-02  1.00000000E+00  5.10167431E-01 -1.34480641E+00  6.30246640E-01  6.47144885E+00  6.14168142E-01  5.85728071E-01
 -6.80713713E-02  1.00000000E+00  5.23583153E-01 -1.33935199E+00  6.49429764E-01  6.60664503E+00  6.01871196E-01  6.00477384E-01
 -6.18830648E-02  1.00000000E+00  5.36998875E-01 -1.33380969E+00  6.70545701E-01  6.74524988E+00  5.89761794E-01  6.15548809E-01
 -5.56947583E-02  1.00000000E+00  5.49917724E-01 -1.40891830E+00  6.96118601E-01  6.96725874E+00  6.04400449E-01  6.36285829E-01
 -4.95064519E-02  1.00000000E+00  5.62836573E-01 -1.48671209E+00  7.18851361E-01  7.19743648E+00  6.20155119E-01  6.57728136E-01
 -4.33181454E-02  1.00000000E+00  6.25968608E-01 -1.32430448E+00  7.43656366E-01  7.13184534E+00  5.62796995E-01  6.56904834E-01
 -3.71298389E-02  1.00000000E+00  6.89100643E-01 -1.16570051E+00  7.85882940E-01  7.08139342E+00  5.11998299E-01  6.56939512E-01
 -3.09415324E-02  1.00000000E+00  5.97083631E-01 -1.08601996E+00  8.16739602E-01  6.99797430E+00  4.90883580E-01  6.50709072E-01
 -2.47532259E-02  1.00000000E+00  5.05066620E-01 -1.00783771E+00  8.03591648E-01  6.91848958E+00  4.71271888E-01  6.44721769E-01
 -1.85649194E-02  1.00000000E+00  1.15755328E+00 -2.24559306E+00  8.08857823E-01  9.08563793E+00  8.21805197E-01  8.26383273E-01
 -1.23766130E-02  1.00000000E+00  1.81003993E+00 -4.07390539E+00  9.48624318E-01  1.25212314E+01  1.53452383E+00  1.09867075E+00
 -6.18830648E-03  1.00000000E+00  8.24607709E-01  1.08375640E+00  2.14345867E+00  9.14810080E+00  4.24299234E-01  8.72380156E-01
  0.00000000E+00  1.00000000E+00 -1.60824515E-01  9.52477092E+00  6.05671150E+00  1.95033094E+01  4.79513045E+00  1.47081790E+00
