# curve 5 (die wall), step =      200, time =   8.00000000E+01
# N1 = tau_xx - tau_yy = G ( c_xx - c_yy ),  G =  2.7273E-02  (polymer part only)
#              x               y        pressure            c_xy        gammadot            c_xx            c_yy              N1
 -3.00000000E+00  1.00000000E+00  2.16869737E+00 -1.34589524E+00  4.10561528E-01  6.57679195E+00  6.06832415E-01  1.62817078E-01
 -2.97524677E+00  1.00000000E+00  2.15265445E+00 -1.34585722E+00  4.10564597E-01  6.57652938E+00  6.06837039E-01  1.62809791E-01
 -2.95049355E+00  1.00000000E+00  2.13661153E+00 -1.34581920E+00  4.10566600E-01  6.57626682E+00  6.06841664E-01  1.62802504E-01
 -2.92574032E+00  1.00000000E+00  2.12056799E+00 -1.34585626E+00  4.10566570E-01  6.57656978E+00  6.06836948E-01  1.62810895E-01
 -2.90098710E+00  1.00000000E+00  2.10452446E+00 -1.34589332E+00  4.10564591E-01  6.57687275E+00  6.06832233E-01  1.62819287E-01
 -2.87623387E+00  1.00000000E+00  2.08847687E+00 -1.34595078E+00  4.10562602E-01  6.57767387E+00  6.06804051E-01  1.62841904E-01
 -2.85148064E+00  1.00000000E+00  2.07242928E+00 -1.34600824E+00  4.10559997E-01  6.57847508E+00  6.06775871E-01  1.62864524E-01
 -2.82672742E+00  1.00000000E+00  2.05638452E+00 -1.34589130E+00  4.10561324E-01  6.57758352E+00  6.06790435E-01  1.62839811E-01
 -2.80197419E+00  1.00000000E+00  2.04033976E+00 -1.34577438E+00  4.10561960E-01  6.57669208E+00  6.06805002E-01  1.62815102E-01
 -2.77722097E+00  1.00000000E+00  2.02429079E+00 -1.34581758E+00  4.10564697E-01  6.57656824E+00  6.06823727E-01  1.62811214E-01
 -2.75246774E+00  1.00000000E+00  2.00824183E+00 -1.34586077E+00  4.10566541E-01  6.57644441E+00  6.06842452E-01  1.62807326E-01
 -2.72771451E+00  1.00000000E+00  1.99220210E+00 -1.34586833E+00  4.10564880E-01  6.57656305E+00  6.06841919E-01  1.62810576E-01
 -2.70296129E+00  1.00000000E+00  1.97616237E+00 -1.34587589E+00  4.10560416E-01  6.57668170E+00  6.06841386E-01  1.62813827E-01
 -2.67820806E+00  1.00000000E+00  1.96011512E+00 -1.34586820E+00  4.10559622E-01  6.57663894E+00  6.06836510E-01  1.62812794E-01
 -2.65345484E+00  1.00000000E+00  1.94406788E+00 -1.34586051E+00  4.10561185E-01  6.57659619E+00  6.06831634E-01  1.62811760E-01
 -2.62870161E+00  1.00000000E+00  1.92802385E+00 -1.34587769E+00  4.10563280E-01  6.57653189E+00  6.06841307E-01  1.62809743E-01
 -2.60394839E+00  1.00000000E+00  1.91197982E+00 -1.34589487E+00  4.10564780E-01  6.57646760E+00  6.06850980E-01  1.62807726E-01
 -2.57919516E+00  1.00000000E+00  1.89593649E+00 -1.34586574E+00  4.10564312E-01  6.57648131E+00  6.06843451E-01  1.62808305E-01
 -2.55444193E+00  1.00000000E+00  1.87989317E+00 -1.34583660E+00  4.10562110E-01  6.57649502E+00  6.06835921E-01  1.62808885E-01
 -2.52968871E+00  1.00000000E+00  1.86384473E+00 -1.34589684E+00  4.10560050E-01  6.57708744E+00  6.06823614E-01  1.62825377E-01
 -2.50493548E+00  1.00000000E+00  1.84779630E+00 -1.34595707E+00  4.10556091E-01  6.57767992E+00  6.06811307E-01  1.62841871E-01
 -2.48018226E+00  1.00000000E+00  1.83175053E+00 -1.34587209E+00  4.10558557E-01  6.57700682E+00  6.06819302E-01  1.62823296E-01
 -2.45542903E+00  1.00000000E+00  1.81570475E+00 -1.34578712E+00  4.10561739E-01  6.57633380E+00  6.06827298E-01  1.62804723E-01
 -2.43067580E+00  1.00000000E+00  1.79966081E+00 -1.34581350E+00  4.10565050E-01  6.57626235E+00  6.06839013E-01  1.62802455E-01
 -2.40592258E+00  1.00000000E+00  1.78361686E+00 -1.34583987E+00  4.10567439E-01  6.57619090E+00  6.06850729E-01  1.62800186E-01
 -2.38116935E+00  1.00000000E+00  1.76757408E+00 -1.34582390E+00  4.10565092E-01  6.57620132E+00  6.06848520E-01  1.62800531E-01
 -2.35641613E+00  1.00000000E+00  1.75153130E+00 -1.34580793E+00  4.10560006E-01  6.57621174E+00  6.06846312E-01  1.62800875E-01
 -2.33166290E+00  1.00000000E+00  1.73548444E+00 -1.34583120E+00  4.10558765E-01  6.57639336E+00  6.06841626E-01  1.62805956E-01
 -2.30690967E+00  1.00000000E+00  1.71943758E+00 -1.34585447E+00  4.10557833E-01  6.57657500E+00  6.06836942E-01  1.62811038E-01
 -2.28215645E+00  1.00000000E+00  1.70339245E+00 -1.34585978E+00  4.10558193E-01  6.57654348E+00  6.06837341E-01  1.62810168E-01
 -2.25740322E+00  1.00000000E+00  1.68734732E+00 -1.34586508E+00  4.10560176E-01  6.57651197E+00  6.06837740E-01  1.62809297E-01
 -2.23265000E+00  1.00000000E+00  1.67130088E+00 -1.34591403E+00  4.10558547E-01  6.57701310E+00  6.06829743E-01  1.62823182E-01
 -2.20789677E+00  1.00000000E+00  1.65525444E+00 -1.34596298E+00  4.10552866E-01  6.57751426E+00  6.06821747E-01  1.62837069E-01
 -2.18314354E+00  1.00000000E+00  1.63920864E+00 -1.34588790E+00  4.10552052E-01  6.57682565E+00  6.06835587E-01  1.62817911E-01
 -2.15839032E+00  1.00000000E+00  1.62316283E+00 -1.34581282E+00  4.10552021E-01  6.57613710E+00  6.06849429E-01  1.62798755E-01
 -2.13363709E+00  1.00000000E+00  1.60712146E+00 -1.34582611E+00  4.10552829E-01  6.57612075E+00  6.06853581E-01  1.62798196E-01
 -2.10888387E+00  1.00000000E+00  1.59108008E+00 -1.34583940E+00  4.10553353E-01  6.57610441E+00  6.06857734E-01  1.62797636E-01
 -2.08413064E+00  1.00000000E+00  1.57503192E+00 -1.34584275E+00  4.10552873E-01  6.57604710E+00  6.06861676E-01  1.62795966E-01
 -2.05937741E+00  1.00000000E+00  1.55898376E+00 -1.34584610E+00  4.10551201E-01  6.57598979E+00  6.06865618E-01  1.62794296E-01
 -2.03462419E+00  1.00000000E+00  1.54294100E+00 -1.34582258E+00  4.10547493E-01  6.57606058E+00  6.06855563E-01  1.62796500E-01
 -2.00987096E+00  1.00000000E+00  1.52689825E+00 -1.34579906E+00  4.10543145E-01  6.57613137E+00  6.06845509E-01  1.62798705E-01
 -1.98511774E+00  1.00000000E+00  1.51085071E+00 -1.34581443E+00  4.10541379E-01  6.57609367E+00  6.06851359E-01  1.62797517E-01
 -1.96036451E+00  1.00000000E+00  1.49480317E+00 -1.34582979E+00  4.10539955E-01  6.57605597E+00  6.06857209E-01  1.62796330E-01
 -1.93561128E+00  1.00000000E+00  1.47876260E+00 -1.34587454E+00  4.10535138E-01  6.57649891E+00  6.06850675E-01  1.62808588E-01
 -1.91085806E+00  1.00000000E+00  1.46272202E+00 -1.34591928E+00  4.10528698E-01  6.57694187E+00  6.06844142E-01  1.62820847E-01
 -1.88610483E+00  1.00000000E+00  1.44667080E+00 -1.34587876E+00  4.10524985E-01  6.57672987E+00  6.06836573E-01  1.62815272E-01
 -1.86135161E+00  1.00000000E+00  1.43061958E+00 -1.34583825E+00  4.10522813E-01  6.57651787E+00  6.06829004E-01  1.62809696E-01
 -1.83659838E+00  1.00000000E+00  1.41458079E+00 -1.34583749E+00  4.10521698E-01  6.57617192E+00  6.06855358E-01  1.62799543E-01
 -1.81184516E+00  1.00000000E+00  1.39854200E+00 -1.34583673E+00  4.10517707E-01  6.57582600E+00  6.06881713E-01  1.62789390E-01
 -1.78709193E+00  1.00000000E+00  1.38250134E+00 -1.34587685E+00  4.10505552E-01  6.57663495E+00  6.06850363E-01  1.62812307E-01
 -1.76233870E+00  1.00000000E+00  1.36646069E+00 -1.34591698E+00  4.10490838E-01  6.57744401E+00  6.06819016E-01  1.62835227E-01
 -1.73758548E+00  1.00000000E+00  1.35041108E+00 -1.34588790E+00  4.10486461E-01  6.57704570E+00  6.06830530E-01  1.62824050E-01
 -1.71283225E+00  1.00000000E+00  1.33436148E+00 -1.34585882E+00  4.10480413E-01  6.57664741E+00  6.06842044E-01  1.62812874E-01
 -1.68807903E+00  1.00000000E+00  1.31832033E+00 -1.34587501E+00  4.10473313E-01  6.57641126E+00  6.06860136E-01  1.62805940E-01
 -1.66332580E+00  1.00000000E+00  1.30227918E+00 -1.34589121E+00  4.10465998E-01  6.57617513E+00  6.06878228E-01  1.62799006E-01
 -1.63857257E+00  1.00000000E+00  1.28624599E+00 -1.34585878E+00  4.10455282E-01  6.57609444E+00  6.06875941E-01  1.62796868E-01
 -1.61381935E+00  1.00000000E+00  1.27021280E+00 -1.34582636E+00  4.10441530E-01  6.57601376E+00  6.06873653E-01  1.62794730E-01
 -1.58906612E+00  1.00000000E+00  1.25416775E+00 -1.34580129E+00  4.10428769E-01  6.57552666E+00  6.06891396E-01  1.62780962E-01
 -1.56431290E+00  1.00000000E+00  1.23812269E+00 -1.34577622E+00  4.10417401E-01  6.57503961E+00  6.06909138E-01  1.62767195E-01
 -1.53955967E+00  1.00000000E+00  1.22209733E+00 -1.34575412E+00  4.10402706E-01  6.57466479E+00  6.06926707E-01  1.62756493E-01
 -1.51480644E+00  1.00000000E+00  1.20607198E+00 -1.34573203E+00  4.10387371E-01  6.57428998E+00  6.06944276E-01  1.62745792E-01
 -1.49005322E+00  1.00000000E+00  1.19004105E+00 -1.34571318E+00  4.10368142E-01  6.57427129E+00  6.06944830E-01  1.62745267E-01
 -1.46529999E+00  1.00000000E+00  1.17401012E+00 -1.34569433E+00  4.10344531E-01  6.57425260E+00  6.06945383E-01  1.62744742E-01
 -1.44054677E+00  1.00000000E+00  1.15797876E+00 -1.34575345E+00  4.10320105E-01  6.57491109E+00  6.06931773E-01  1.62763072E-01
 -1.41579354E+00  1.00000000E+00  1.14194740E+00 -1.34581258E+00  4.10290489E-01  6.57556965E+00  6.06918164E-01  1.62781404E-01
 -1.39104031E+00  1.00000000E+00  1.12592933E+00 -1.34567365E+00  4.10266924E-01  6.57431445E+00  6.06946257E-01  1.62746405E-01
 -1.36628709E+00  1.00000000E+00  1.10991126E+00 -1.34553474E+00  4.10244666E-01  6.57305950E+00  6.06974356E-01  1.62711413E-01
 -1.34153386E+00  1.00000000E+00  1.09389900E+00 -1.34556775E+00  4.10218409E-01  6.57270000E+00  6.07005958E-01  1.62700747E-01
 -1.31678064E+00  1.00000000E+00  1.07788675E+00 -1.34560075E+00  4.10188969E-01  6.57234053E+00  6.07037561E-01  1.62690081E-01
 -1.29202741E+00  1.00000000E+00  1.06189171E+00 -1.34559443E+00  4.10153803E-01  6.57229191E+00  6.07042272E-01  1.62688626E-01
 -1.26727418E+00  1.00000000E+00  1.04589668E+00 -1.34558810E+00  4.10116591E-01  6.57224329E+00  6.07046983E-01  1.62687172E-01
 -1.24252096E+00  1.00000000E+00  1.02990540E+00 -1.34562662E+00  4.10080829E-01  6.57223170E+00  6.07066595E-01  1.62686321E-01
 -1.21776773E+00  1.00000000E+00  1.01391411E+00 -1.34566515E+00  4.10034808E-01  6.57222012E+00  6.07086209E-01  1.62685470E-01
 -1.19301451E+00  1.00000000E+00  9.97938152E-01 -1.34551642E+00  4.09993430E-01  6.57101193E+00  6.07110663E-01  1.62651853E-01
 -1.16826128E+00  1.00000000E+00  9.81962188E-01 -1.34536773E+00  4.09957295E-01  6.56980396E+00  6.07135124E-01  1.62618241E-01
 -1.14350806E+00  1.00000000E+00  9.66012535E-01 -1.34540964E+00  4.09912740E-01  6.56962053E+00  6.07162569E-01  1.62612490E-01
 -1.11875483E+00  1.00000000E+00  9.50062882E-01 -1.34545156E+00  4.09863864E-01  6.56943711E+00  6.07190014E-01  1.62606739E-01
 -1.09400160E+00  1.00000000E+00  9.34132871E-01 -1.34540193E+00  4.09823424E-01  6.56881393E+00  6.07211709E-01  1.62589152E-01
 -1.06924838E+00  1.00000000E+00  9.18202861E-01 -1.34535231E+00  4.09781430E-01  6.56819082E+00  6.07233404E-01  1.62571566E-01
 -1.04449515E+00  1.00000000E+00  9.02306916E-01 -1.34530621E+00  4.09732518E-01  6.56747093E+00  6.07267008E-01  1.62551016E-01
 -1.01974193E+00  1.00000000E+00  8.86410971E-01 -1.34526011E+00  4.09681192E-01  6.56675112E+00  6.07300614E-01  1.62530468E-01
 -9.94988700E-01  1.00000000E+00  8.70549865E-01 -1.34522854E+00  4.09635496E-01  6.56637703E+00  6.07318964E-01  1.62519765E-01
 -9.70235474E-01  1.00000000E+00  8.54688758E-01 -1.34519698E+00  4.09595026E-01  6.56600296E+00  6.07337316E-01  1.62509063E-01
 -9.45482248E-01  1.00000000E+00  8.38868117E-01 -1.34512817E+00  4.09563128E-01  6.56552418E+00  6.07338518E-01  1.62495973E-01
 -9.20729022E-01  1.00000000E+00  8.23047476E-01 -1.34505936E+00  4.09535489E-01  6.56504543E+00  6.07339722E-01  1.62482883E-01
 -8.95975796E-01  1.00000000E+00  8.07292134E-01 -1.34501523E+00  4.09509114E-01  6.56443162E+00  6.07368346E-01  1.62465362E-01
 -8.71222570E-01  1.00000000E+00  7.91536791E-01 -1.34497110E+00  4.09486094E-01  6.56381787E+00  6.07396973E-01  1.62447843E-01
 -8.46469344E-01  1.00000000E+00  7.75841227E-01 -1.34508492E+00  4.09488555E-01  6.56433035E+00  6.07413187E-01  1.62461377E-01
 -8.21716118E-01  1.00000000E+00  7.60145663E-01 -1.34519875E+00  4.09488562E-01  6.56484286E+00  6.07429403E-01  1.62474912E-01
 -7.97201467E-01  1.00000000E+00  7.44693555E-01 -1.34527477E+00  4.09540630E-01  6.56541339E+00  6.07415486E-01  1.62490852E-01
 -7.72686817E-01  1.00000000E+00  7.29241447E-01 -1.34535079E+00  4.09588835E-01  6.56598398E+00  6.07401572E-01  1.62506793E-01
 -7.49503432E-01  1.00000000E+00  7.14716364E-01 -1.34524100E+00  4.09672577E-01  6.56688811E+00  6.07288155E-01  1.62534544E-01
 -7.26320047E-01  1.00000000E+00  7.00191280E-01 -1.34513121E+00  4.09777152E-01  6.56779242E+00  6.07174755E-01  1.62562300E-01
 -7.04527831E-01  1.00000000E+00  6.86632747E-01 -1.34545379E+00  4.09910896E-01  6.56927550E+00  6.07207742E-01  1.62601848E-01
 -6.82735615E-01  1.00000000E+00  6.73074214E-01 -1.34577643E+00  4.10062152E-01  6.57075891E+00  6.07240748E-01  1.62641405E-01
 -6.62251087E-01  1.00000000E+00  6.60437351E-01 -1.34562701E+00  4.10288224E-01  6.57319482E+00  6.06991485E-01  1.62714636E-01
 -6.41766559E-01  1.00000000E+00  6.47800488E-01 -1.34547756E+00  4.10540012E-01  6.57563185E+00  6.06742301E-01  1.62787897E-01
 -6.22511254E-01  1.00000000E+00  6.36024700E-01 -1.34554361E+00  4.10814856E-01  6.57849660E+00  6.06561783E-01  1.62870950E-01
 -6.03255949E-01  1.00000000E+00  6.24248913E-01 -1.34560968E+00  4.11126050E-01  6.58136273E+00  6.06381314E-01  1.62954039E-01
 -5.85156097E-01  1.00000000E+00  6.13294600E-01 -1.34616555E+00  4.11490961E-01  6.58553859E+00  6.06310474E-01  1.63069858E-01
 -5.67056245E-01  1.00000000E+00  6.02340287E-01 -1.34672173E+00  4.11885748E-01  6.58971712E+00  6.06239719E-01  1.63185747E-01
 -5.50042515E-01  1.00000000E+00  5.92149867E-01 -1.34683775E+00  4.12378953E-01  6.59531625E+00  6.05874979E-01  1.63348398E-01
 -5.33028786E-01  1.00000000E+00  5.81959448E-01 -1.34695383E+00  4.12890989E-01  6.60092064E+00  6.05510440E-01  1.63511187E-01
 -5.17036006E-01  1.00000000E+00  5.72519919E-01 -1.34753663E+00  4.13465578E-01  6.60773617E+00  6.05270440E-01  1.63703611E-01
 -5.01043227E-01  1.00000000E+00  5.63080390E-01 -1.34811990E+00  4.14077433E-01  6.61455898E+00  6.05030628E-01  1.63896228E-01
 -4.86010125E-01  1.00000000E+00  5.54320468E-01 -1.34865723E+00  4.14766962E-01  6.62228944E+00  6.04690097E-01  1.64116346E-01
 -4.70977023E-01  1.00000000E+00  5.45560546E-01 -1.34919506E+00  4.15521207E-01  6.63002937E+00  6.04349850E-01  1.64336714E-01
 -4.56846016E-01  1.00000000E+00  5.37437466E-01 -1.34990281E+00  4.16324481E-01  6.63977262E+00  6.03944049E-01  1.64613507E-01
 -4.42715008E-01  1.00000000E+00  5.29314386E-01 -1.35061138E+00  4.17203626E-01  6.64953085E+00  6.03538670E-01  1.64890696E-01
 -4.29431964E-01  1.00000000E+00  5.21850360E-01 -1.35130066E+00  4.18201651E-01  6.66051368E+00  6.03029710E-01  1.65204108E-01
 -4.16148920E-01  1.00000000E+00  5.14386335E-01 -1.35199083E+00  4.19249444E-01  6.67151565E+00  6.02521326E-01  1.65518027E-01
 -4.03662954E-01  1.00000000E+00  5.07480095E-01 -1.35260730E+00  4.20289991E-01  6.68360709E+00  6.01922647E-01  1.65864121E-01
 -3.91176988E-01  1.00000000E+00  5.00573856E-01 -1.35322457E+00  4.21465272E-01  6.69572192E+00  6.01324643E-01  1.66210835E-01
 -3.79440270E-01  1.00000000E+00  4.94173443E-01 -1.35450345E+00  4.22735999E-01  6.71017277E+00  6.00824499E-01  1.66618589E-01
 -3.67703552E-01  1.00000000E+00  4.87773030E-01 -1.35578455E+00  4.24077184E-01  6.72465581E+00  6.00325251E-01  1.67027197E-01
 -3.56671122E-01  1.00000000E+00  4.81996242E-01 -1.35683776E+00  4.25522804E-01  6.74096903E+00  5.99597371E-01  1.67491954E-01
 -3.45638692E-01  1.00000000E+00  4.76219453E-01 -1.35789295E+00  4.27005460E-01  6.75732390E+00  5.98870713E-01  1.67957814E-01
 -3.35268287E-01  1.00000000E+00  4.70843304E-01 -1.35913534E+00  4.28503751E-01  6.77464678E+00  5.98180691E-01  1.68449075E-01
 -3.24897882E-01  1.00000000E+00  4.65467156E-01 -1.36038016E+00  4.30161978E-01  6.79201610E+00  5.97491890E-01  1.68941569E-01
 -3.15149775E-01  1.00000000E+00  4.60613340E-01 -1.36149748E+00  4.31943514E-01  6.81053411E+00  5.96662773E-01  1.69469218E-01
 -3.05401669E-01  1.00000000E+00  4.55759524E-01 -1.36261708E+00  4.33773120E-01  6.82910545E+00  5.95835148E-01  1.69998281E-01
 -2.96238520E-01  1.00000000E+00  4.51273697E-01 -1.36364576E+00  4.35641394E-01  6.85157651E+00  5.94696873E-01  1.70642172E-01
 -2.87075371E-01  1.00000000E+00  4.46787869E-01 -1.36467685E+00  4.37756437E-01  6.87412678E+00  5.93560979E-01  1.71288158E-01
 -2.78462077E-01  1.00000000E+00  4.42806118E-01 -1.36633851E+00  4.39928470E-01  6.89752141E+00  5.92615234E-01  1.71951987E-01
 -2.69848783E-01  1.00000000E+00  4.38824366E-01 -1.36800459E+00  4.42179220E-01  6.92099921E+00  5.91671840E-01  1.72618019E-01
 -2.61752348E-01  1.00000000E+00  4.35216112E-01 -1.37012458E+00  4.44447037E-01  6.94680826E+00  5.90794340E-01  1.73345834E-01
 -2.53655913E-01  1.00000000E+00  4.31607859E-01 -1.37225077E+00  4.46855736E-01  6.97271694E+00  5.89919365E-01  1.74076297E-01
 -2.46045323E-01  1.00000000E+00  4.28397246E-01 -1.37329922E+00  4.49390608E-01  6.99961626E+00  5.88531073E-01  1.74847778E-01
 -2.38434732E-01  1.00000000E+00  4.25186633E-01 -1.37435039E+00  4.51998942E-01  7.02662742E+00  5.87146130E-01  1.75622217E-01
 -2.31280830E-01  1.00000000E+00  4.22299924E-01 -1.37573786E+00  4.54694639E-01  7.05474727E+00  5.85849833E-01  1.76424476E-01
 -2.24126928E-01  1.00000000E+00  4.19413214E-01 -1.37712917E+00  4.57508278E-01  7.08298702E+00  5.84556768E-01  1.77229916E-01
 -2.17402314E-01  1.00000000E+00  4.16858192E-01 -1.38022772E+00  4.60415073E-01  7.11572336E+00  5.83635146E-01  1.78147860E-01
 -2.10677699E-01  1.00000000E+00  4.14303169E-01 -1.38333791E+00  4.63413110E-01  7.14861464E+00  5.82717545E-01  1.79069921E-01
 -2.04351753E-01  1.00000000E+00  4.12128516E-01 -1.38518959E+00  4.66592014E-01  7.18321075E+00  5.81197755E-01  1.80054900E-01
 -1.98025807E-01  1.00000000E+00  4.09953862E-01 -1.38704773E+00  4.69834943E-01  7.21798425E+00  5.79682765E-01  1.81044586E-01
 -1.91837501E-01  1.00000000E+00  4.07990388E-01 -1.38974027E+00  4.73374915E-01  7.25505251E+00  5.78377276E-01  1.82091143E-01
 -1.85649194E-01  1.00000000E+00  4.06026914E-01 -1.39244336E+00  4.77015181E-01  7.29231885E+00  5.77076654E-01  1.83142969E-01
 -1.79460888E-01  1.00000000E+00  4.04324245E-01 -1.39294952E+00  4.81081013E-01  7.33393186E+00  5.74645808E-01  1.84344165E-01
 -1.73272582E-01  1.00000000E+00  4.02621576E-01 -1.39345628E+00  4.85287547E-01  7.37580831E+00  5.72223615E-01  1.85552310E-01
 -1.67084275E-01  1.00000000E+00  4.01137859E-01 -1.39803111E+00  4.89885332E-01  7.42535287E+00  5.70931975E-01  1.86938752E-01
 -1.60895969E-01  1.00000000E+00  3.99654142E-01 -1.40263072E+00  4.94658008E-01  7.47523806E+00  5.69648503E-01  1.88334261E-01
 -1.54707662E-01  1.00000000E+00  3.98475018E-01 -1.40436911E+00  5.00116534E-01  7.53090464E+00  5.66919193E-01  1.89926876E-01
 -1.48519356E-01  1.00000000E+00  3.97295894E-01 -1.40611494E+00  5.05741606E-01  7.58701969E+00  5.64202407E-01  1.91531380E-01
 -1.42331049E-01  1.00000000E+00  3.96699998E-01 -1.41062568E+00  5.12168068E-01  7.65185653E+00  5.62018878E-01  1.93359209E-01
 -1.36142743E-01  1.00000000E+00  3.96104102E-01 -1.41516583E+00  5.18916445E-01  7.71726931E+00  5.59849204E-01  1.95202366E-01
 -1.29954436E-01  1.00000000E+00  3.95945961E-01 -1.41815288E+00  5.26133961E-01  7.79077149E+00  5.56748365E-01  1.97291540E-01
 -1.23766130E-01  1.00000000E+00  3.95787820E-01 -1.42115692E+00  5.33949328E-01  7.86502157E+00  5.53665234E-01  1.99400627E-01
 -1.17577823E-01  1.00000000E+00  3.96026157E-01 -1.42649108E+00  5.42965986E-01  7.95637363E+00  5.50469955E-01  2.01979191E-01
 -1.11389517E-01  1.00000000E+00  3.96264493E-01 -1.43186935E+00  5.52467236E-01  8.04883719E+00  5.47299683E-01  2.04587386E-01
 -1.05201210E-01  1.00000000E+00  3.97684733E-01 -1.43756214E+00  5.63651445E-01  8.15975888E+00  5.43260485E-01  2.07722683E-01
 -9.90129037E-02  1.00000000E+00  3.99104973E-01 -1.44330873E+00  5.75359725E-01  8.27229011E+00  5.39257987E-01  2.10900876E-01
 -9.28245972E-02  1.00000000E+00  4.01790179E-01 -1.44468316E+00  5.89142696E-01  8.39950316E+00  5.33089068E-01  2.14538566E-01
 -8.66362908E-02  1.00000000E+00  4.04475384E-01 -1.44605206E+00  6.03608757E-01  8.52886940E+00  5.26977816E-01  2.18233407E-01
 -8.04479843E-02  1.00000000E+00  4.08292942E-01 -1.45782246E+00  6.21325813E-01  8.69522608E+00  5.22740204E-01  2.22885979E-01
 -7.42596778E-02  1.00000000E+00  4.12110500E-01 -1.46976587E+00  6.40419135E-01  8.86492661E+00  5.18567671E-01  2.27627971E-01
 -6.80713713E-02  1.00000000E+00  4.19252776E-01 -1.46244569E+00  6.63475431E-01  9.06707216E+00  5.06663478E-01  2.33465691E-01
 -6.18830648E-02  1.00000000E+00  4.26395052E-01 -1.45491519E+00  6.89355294E-01  9.27462052E+00  4.94950459E-01  2.39445547E-01
 -5.56947583E-02  1.00000000E+00  4.33867981E-01 -1.50514556E+00  7.21693853E-01  9.60487839E+00  4.96247615E-01  2.48417203E-01
 -4.95064519E-02  1.00000000E+00  4.41340911E-01 -1.55708106E+00  7.57390258E-01  9.94689083E+00  4.97941680E-01  2.57698613E-01
 -4.33181454E-02  1.00000000E+00  4.85672158E-01 -1.51658987E+00  8.02727190E-01  1.03754062E+01  4.68813266E-01  2.70179807E-01
 -3.71298389E-02  1.00000000E+00  5.30003406E-01 -1.47421298E+00  8.63282682E-01  1.08279387E+01  4.40850471E-01  2.83284223E-01
 -3.09415324E-02  1.00000000E+00  4.55018740E-01 -1.20721066E+00  9.52810188E-01  1.03972691E+01  3.89692432E-01  2.72933909E-01
 -2.47532259E-02  1.00000000E+00  3.80034075E-01 -9.54019549E-01  1.03053261E+00  1.00087030E+01  3.49568507E-01  2.63430941E-01
 -1.85649194E-02  1.00000000E+00  9.22022885E-01 -2.30826494E+00  1.17708081E+00  1.48376767E+01  5.46910493E-01  3.89748169E-01
 -1.23766130E-02  1.00000000E+00  1.46401170E+00 -4.47534045E+00  1.50577080E+00  2.24770540E+01  1.02454997E+00  5.85068291E-01
 -6.18830648E-03  1.00000000E+00  4.50012523E-02  1.85214090E+00  2.49896321E+00  1.62719161E+01  3.95873423E-01  4.32982981E-01
  0.00000000E+00  1.00000000E+00 -1.37400919E+00  1.05342251E+01  5.02804114E+00  2.51627216E+01  4.53019889E+00  5.62705164E-01
