# curve 5 (die wall), step =      337, time =   6.74000000E+01
# N1 = tau_xx - tau_yy = G ( c_xx - c_yy ),  G =  2.0000E+00  (polymer part only)
#              x               y        pressure            c_xy        gammadot            c_xx            c_yy              N1
 -3.00000000E+00  1.00000000E+00  2.60485360E+00 -1.20000293E-01  3.99989625E-01  1.02877087E+00  1.00000991E+00  5.75219164E-02
 -2.95108291E+00  1.00000000E+00  2.56573376E+00 -1.20001565E-01  3.99994431E-01  1.02877307E+00  1.00000918E+00  5.75277971E-02
 -2.90216582E+00  1.00000000E+00  2.52661392E+00 -1.20002837E-01  3.99998823E-01  1.02877528E+00  1.00000844E+00  5.75336779E-02
 -2.85324873E+00  1.00000000E+00  2.48747332E+00 -1.20003245E-01  3.99997544E-01  1.02876604E+00  1.00001142E+00  5.75092419E-02
 -2.80433164E+00  1.00000000E+00  2.44833272E+00 -1.20003653E-01  3.99995279E-01  1.02875680E+00  1.00001439E+00  5.74848061E-02
 -2.75541455E+00  1.00000000E+00  2.40919933E+00 -1.20002702E-01  3.99998923E-01  1.02877099E+00  1.00000974E+00  5.75225012E-02
 -2.70649746E+00  1.00000000E+00  2.37006594E+00 -1.20001750E-01  3.99998418E-01  1.02878519E+00  1.00000509E+00  5.75601966E-02
 -2.65758037E+00  1.00000000E+00  2.33093332E+00 -1.20002124E-01  3.99998614E-01  1.02877994E+00  1.00000684E+00  5.75461887E-02
 -2.60866328E+00  1.00000000E+00  2.29180071E+00 -1.20002497E-01  3.99998273E-01  1.02877468E+00  1.00000859E+00  5.75321809E-02
 -2.55974619E+00  1.00000000E+00  2.25266565E+00 -1.20001976E-01  3.99999593E-01  1.02878157E+00  1.00000639E+00  5.75503635E-02
 -2.51082911E+00  1.00000000E+00  2.21353059E+00 -1.20001456E-01  4.00003153E-01  1.02878846E+00  1.00000419E+00  5.75685461E-02
 -2.46191202E+00  1.00000000E+00  2.17439714E+00 -1.20001751E-01  3.99998267E-01  1.02878116E+00  1.00000639E+00  5.75495430E-02
 -2.41299493E+00  1.00000000E+00  2.13526368E+00 -1.20002045E-01  3.99995280E-01  1.02877386E+00  1.00000859E+00  5.75305400E-02
 -2.36407784E+00  1.00000000E+00  2.09612891E+00 -1.20001289E-01  3.99998349E-01  1.02878185E+00  1.00000590E+00  5.75519105E-02
 -2.31516075E+00  1.00000000E+00  2.05699414E+00 -1.20000532E-01  3.99999274E-01  1.02878984E+00  1.00000320E+00  5.75732810E-02
 -2.26624366E+00  1.00000000E+00  2.01786071E+00 -1.20001269E-01  3.99998090E-01  1.02878177E+00  1.00000603E+00  5.75514926E-02
 -2.21732657E+00  1.00000000E+00  1.97872729E+00 -1.20002006E-01  3.99998474E-01  1.02877371E+00  1.00000886E+00  5.75297043E-02
 -2.16840948E+00  1.00000000E+00  1.93959479E+00 -1.20001824E-01  3.99994664E-01  1.02876999E+00  1.00000998E+00  5.75200215E-02
 -2.11949239E+00  1.00000000E+00  1.90046230E+00 -1.20001642E-01  3.99989892E-01  1.02876628E+00  1.00001111E+00  5.75103387E-02
 -2.07057530E+00  1.00000000E+00  1.86132978E+00 -1.20000746E-01  3.99991466E-01  1.02876736E+00  1.00001092E+00  5.75128826E-02
 -2.02165821E+00  1.00000000E+00  1.82219727E+00 -1.19999849E-01  3.99990922E-01  1.02876844E+00  1.00001073E+00  5.75154265E-02
 -1.97274112E+00  1.00000000E+00  1.78306414E+00 -1.19998968E-01  3.99982880E-01  1.02876064E+00  1.00001289E+00  5.74955163E-02
 -1.92382403E+00  1.00000000E+00  1.74393101E+00 -1.19998087E-01  3.99975011E-01  1.02875285E+00  1.00001505E+00  5.74756063E-02
 -1.87490694E+00  1.00000000E+00  1.70480053E+00 -1.19995330E-01  3.99971611E-01  1.02876457E+00  1.00001081E+00  5.75075209E-02
 -1.82598985E+00  1.00000000E+00  1.66567004E+00 -1.19992572E-01  3.99965786E-01  1.02877629E+00  1.00000657E+00  5.75394357E-02
 -1.77707276E+00  1.00000000E+00  1.62654505E+00 -1.19991063E-01  3.99960809E-01  1.02876730E+00  1.00000945E+00  5.75157094E-02
 -1.72815567E+00  1.00000000E+00  1.58742006E+00 -1.19989553E-01  3.99952271E-01  1.02875832E+00  1.00001233E+00  5.74919832E-02
 -1.67923858E+00  1.00000000E+00  1.54829292E+00 -1.19985416E-01  3.99940109E-01  1.02876216E+00  1.00001036E+00  5.75036084E-02
 -1.63032150E+00  1.00000000E+00  1.50916578E+00 -1.19981278E-01  3.99931246E-01  1.02876601E+00  1.00000839E+00  5.75152337E-02
 -1.58140441E+00  1.00000000E+00  1.47005511E+00 -1.19977466E-01  3.99912647E-01  1.02875780E+00  1.00001068E+00  5.74942574E-02
 -1.53248732E+00  1.00000000E+00  1.43094443E+00 -1.19973654E-01  3.99896412E-01  1.02874960E+00  1.00001296E+00  5.74732812E-02
 -1.48357023E+00  1.00000000E+00  1.39184676E+00 -1.19967312E-01  3.99878371E-01  1.02874782E+00  1.00001293E+00  5.74697820E-02
 -1.43465314E+00  1.00000000E+00  1.35274908E+00 -1.19960970E-01  3.99854981E-01  1.02874604E+00  1.00001290E+00  5.74662827E-02
 -1.38573605E+00  1.00000000E+00  1.31366134E+00 -1.19952507E-01  3.99830735E-01  1.02875003E+00  1.00001023E+00  5.74796078E-02
 -1.33681896E+00  1.00000000E+00  1.27457359E+00 -1.19944043E-01  3.99809864E-01  1.02875402E+00  1.00000756E+00  5.74929329E-02
 -1.28790187E+00  1.00000000E+00  1.23552741E+00 -1.19937766E-01  3.99782590E-01  1.02874736E+00  1.00000827E+00  5.74781621E-02
 -1.23898478E+00  1.00000000E+00  1.19648124E+00 -1.19931488E-01  3.99756177E-01  1.02874069E+00  1.00000899E+00  5.74633913E-02
 -1.19006769E+00  1.00000000E+00  1.15748486E+00 -1.19924219E-01  3.99735090E-01  1.02873453E+00  1.00001190E+00  5.74452581E-02
 -1.14115060E+00  1.00000000E+00  1.11848849E+00 -1.19916949E-01  3.99711355E-01  1.02872838E+00  1.00001482E+00  5.74271249E-02
 -1.09223351E+00  1.00000000E+00  1.07957107E+00 -1.19917238E-01  3.99705777E-01  1.02872367E+00  1.00001584E+00  5.74156557E-02
 -1.04331642E+00  1.00000000E+00  1.04065364E+00 -1.19917527E-01  3.99704200E-01  1.02871895E+00  1.00001686E+00  5.74041865E-02
 -9.94399333E-01  1.00000000E+00  1.00183564E+00 -1.19924824E-01  3.99730404E-01  1.02873413E+00  1.00001210E+00  5.74440611E-02
 -9.45482243E-01  1.00000000E+00  9.63017637E-01 -1.19932120E-01  3.99770473E-01  1.02874931E+00  1.00000734E+00  5.74839361E-02
 -8.96565154E-01  1.00000000E+00  9.24377460E-01 -1.19972045E-01  3.99886126E-01  1.02876153E+00  1.00001201E+00  5.74990438E-02
 -8.47648064E-01  1.00000000E+00  8.85737283E-01 -1.20011970E-01  4.00034811E-01  1.02877376E+00  1.00001668E+00  5.75141517E-02
 -7.99501858E-01  1.00000000E+00  8.47957629E-01 -1.20098508E-01  4.00277470E-01  1.02880981E+00  1.00002531E+00  5.75690038E-02
 -7.51355652E-01  1.00000000E+00  8.10177974E-01 -1.20185049E-01  4.00611109E-01  1.02884587E+00  1.00003394E+00  5.76238577E-02
 -7.08111109E-01  1.00000000E+00  7.76516252E-01 -1.20339510E-01  4.01038109E-01  1.02893161E+00  1.00002542E+00  5.78123677E-02
 -6.64866566E-01  1.00000000E+00  7.42854530E-01 -1.20493979E-01  4.01654431E-01  1.02901738E+00  1.00001694E+00  5.80008878E-02
 -6.26599939E-01  1.00000000E+00  7.13373783E-01 -1.20757789E-01  4.02447887E-01  1.02912276E+00  1.00003917E+00  5.81671793E-02
 -5.88333313E-01  1.00000000E+00  6.83893036E-01 -1.21021623E-01  4.03356356E-01  1.02922822E+00  1.00006148E+00  5.83334861E-02
 -5.54471587E-01  1.00000000E+00  6.58196278E-01 -1.21393558E-01  4.04541461E-01  1.02945063E+00  1.00001963E+00  5.88620117E-02
 -5.20609860E-01  1.00000000E+00  6.32499521E-01 -1.21765541E-01  4.05862158E-01  1.02967321E+00  9.99977912E-01  5.93906023E-02
 -4.90645977E-01  1.00000000E+00  6.09970340E-01 -1.22279392E-01  4.07429019E-01  1.02987209E+00  1.00003469E+00  5.96747980E-02
 -4.60682095E-01  1.00000000E+00  5.87441159E-01 -1.22793340E-01  4.09179794E-01  1.03007125E+00  1.00009173E+00  5.99590468E-02
 -4.34167380E-01  1.00000000E+00  5.68104580E-01 -1.23468163E-01  4.11377198E-01  1.03046323E+00  1.00003022E+00  6.08660292E-02
 -4.07652666E-01  1.00000000E+00  5.48768000E-01 -1.24143150E-01  4.13766062E-01  1.03085577E+00  9.99969161E-01  6.17732160E-02
 -3.84190072E-01  1.00000000E+00  5.31762708E-01 -1.24951380E-01  4.16317991E-01  1.03121984E+00  1.00001068E+00  6.24183299E-02
 -3.60727478E-01  1.00000000E+00  5.14757416E-01 -1.25759851E-01  4.19139012E-01  1.03158464E+00  1.00005282E+00  6.30636292E-02
 -3.39965684E-01  1.00000000E+00  5.00234770E-01 -1.26784010E-01  4.22518865E-01  1.03214521E+00  1.00000883E+00  6.42727545E-02
 -3.19203889E-01  1.00000000E+00  4.85712124E-01 -1.27808557E-01  4.26085547E-01  1.03270703E+00  9.99965873E-01  6.54823102E-02
 -3.00831998E-01  1.00000000E+00  4.73254151E-01 -1.29057476E-01  4.30012822E-01  1.03329694E+00  1.00001975E+00  6.65543625E-02
 -2.82460107E-01  1.00000000E+00  4.60796177E-01 -1.30306986E-01  4.34266491E-01  1.03388860E+00  1.00007515E+00  6.76269013E-02
 -2.66203017E-01  1.00000000E+00  4.50187945E-01 -1.31758833E-01  4.39007963E-01  1.03471418E+00  1.00001322E+00  6.94019273E-02
 -2.49945927E-01  1.00000000E+00  4.39579712E-01 -1.33211495E-01  4.44009825E-01  1.03554231E+00  9.99953362E-01  7.11778886E-02
 -2.35560203E-01  1.00000000E+00  4.30618131E-01 -1.34863474E-01  4.49339126E-01  1.03640598E+00  9.99977343E-01  7.28572739E-02
 -2.21174479E-01  1.00000000E+00  4.21656549E-01 -1.36516528E-01  4.55106149E-01  1.03727282E+00  1.00000397E+00  7.45376998E-02
 -2.08421419E-01  1.00000000E+00  4.14123224E-01 -1.38528501E-01  4.61442481E-01  1.03835394E+00  1.00003381E+00  7.66402641E-02
 -1.95668358E-01  1.00000000E+00  4.06589899E-01 -1.40542113E-01  4.68186756E-01  1.03943979E+00  1.00006756E+00  7.87444584E-02
 -1.83439085E-01  1.00000000E+00  4.00244277E-01 -1.42898119E-01  4.75997445E-01  1.04088847E+00  9.99958584E-01  8.18597733E-02
 -1.71209813E-01  1.00000000E+00  3.93898654E-01 -1.45256436E-01  4.84219530E-01  1.04234401E+00  9.99855034E-01  8.49779611E-02
 -1.58980541E-01  1.00000000E+00  3.87929231E-01 -1.48414896E-01  4.94298357E-01  1.04404162E+00  1.00001352E+00  8.80561945E-02
 -1.46751268E-01  1.00000000E+00  3.81959808E-01 -1.51577638E-01  5.05073178E-01  1.04575078E+00  1.00018156E+00  9.11384396E-02
 -1.34521996E-01  1.00000000E+00  3.78057295E-01 -1.55746934E-01  5.18966091E-01  1.04870728E+00  9.99825274E-01  9.77640067E-02
 -1.22292724E-01  1.00000000E+00  3.74154782E-01 -1.59924178E-01  5.33524271E-01  1.05168683E+00  9.99486127E-01  1.04401397E-01
 -1.10063451E-01  1.00000000E+00  3.68827873E-01 -1.66497592E-01  5.54157071E-01  1.05472159E+00  1.00063292E+00  1.08177345E-01
 -9.78341789E-02  1.00000000E+00  3.63500965E-01 -1.73090909E-01  5.75306245E-01  1.05780333E+00  1.00182090E+00  1.11964868E-01
 -8.56049065E-02  1.00000000E+00  3.77095000E-01 -1.81729768E-01  6.04654731E-01  1.06795463E+00  9.98320817E-01  1.39267632E-01
 -7.33756342E-02  1.00000000E+00  3.90689034E-01 -1.90412188E-01  6.39394861E-01  1.07825776E+00  9.94910578E-01  1.66694367E-01
 -6.11463618E-02  1.00000000E+00  3.35317235E-01 -2.05944917E-01  7.01176964E-01  1.08363603E+00  1.00051035E+00  1.66251361E-01
 -4.89170895E-02  1.00000000E+00  2.79945435E-01 -2.21598318E-01  7.48297234E-01  1.08925576E+00  1.00634838E+00  1.65814770E-01
 -3.66878171E-02  1.00000000E+00  6.01373506E-01 -2.84201911E-01  8.45396559E-01  1.13738997E+00  1.01601889E+00  2.42742159E-01
 -2.44585447E-02  1.00000000E+00  9.22801578E-01 -3.49384139E-01  1.07008096E+00  1.19061148E+00  1.02923496E+00  3.22753051E-01
 -1.22292724E-02  1.00000000E+00 -1.58813959E-01 -2.60226096E-01  1.79065433E+00  1.55545388E+00  8.06372509E-01  1.49816275E+00
  0.00000000E+00  1.00000000E+00 -1.24042950E+00 -1.66145598E-01  2.98694766E+00  2.05891532E+00  6.33170758E-01  2.85148912E+00
