# curve 5 (die wall), step =      200, time =   8.00000000E+01
# N1 = tau_xx - tau_yy = G ( c_xx - c_yy ),  G =  6.3636E-02  (polymer part only)
#              x               y        pressure            c_xy        gammadot            c_xx            c_yy              N1
 -3.00000000E+00  1.00000000E+00  1.82603648E+00 -1.77531679E+00  4.47448264E-01  1.00246340E+01  6.74172533E-01  5.95029368E-01
 -2.97524677E+00  1.00000000E+00  1.81379211E+00 -1.77534425E+00  4.47471001E-01  1.00241829E+01  6.74204503E-01  5.94998626E-01
 -2.95049355E+00  1.00000000E+00  1.80154774E+00 -1.77537171E+00  4.47485247E-01  1.00237318E+01  6.74236473E-01  5.94967886E-01
 -2.92574032E+00  1.00000000E+00  1.78932167E+00 -1.77549932E+00  4.47480405E-01  1.00244397E+01  6.74255695E-01  5.95011708E-01
 -2.90098710E+00  1.00000000E+00  1.77709560E+00 -1.77562694E+00  4.47458193E-01  1.00251476E+01  6.74274919E-01  5.95055533E-01
 -2.87623387E+00  1.00000000E+00  1.76486004E+00 -1.77564344E+00  4.47436996E-01  1.00274367E+01  6.74189944E-01  5.95206611E-01
 -2.85148064E+00  1.00000000E+00  1.75262449E+00 -1.77565993E+00  4.47406563E-01  1.00297264E+01  6.74104973E-01  5.95357725E-01
 -2.82672742E+00  1.00000000E+00  1.74036783E+00 -1.77523925E+00  4.47432328E-01  1.00272518E+01  6.74067288E-01  5.95202653E-01
 -2.80197419E+00  1.00000000E+00  1.72811116E+00 -1.77481867E+00  4.47455423E-01  1.00247779E+01  6.74029623E-01  5.95047618E-01
 -2.77722097E+00  1.00000000E+00  1.71584829E+00 -1.77511803E+00  4.47477015E-01  1.00244920E+01  6.74127321E-01  5.95023207E-01
 -2.75246774E+00  1.00000000E+00  1.70358542E+00 -1.77541738E+00  4.47487193E-01  1.00242062E+01  6.74225036E-01  5.94998800E-01
 -2.72771451E+00  1.00000000E+00  1.69140185E+00 -1.77555273E+00  4.47469277E-01  1.00244873E+01  6.74274569E-01  5.95013536E-01
 -2.70296129E+00  1.00000000E+00  1.67921827E+00 -1.77568810E+00  4.47432775E-01  1.00247684E+01  6.74324106E-01  5.95028273E-01
 -2.67820806E+00  1.00000000E+00  1.66694920E+00 -1.77539335E+00  4.47424290E-01  1.00244506E+01  6.74222799E-01  5.95014499E-01
 -2.65345484E+00  1.00000000E+00  1.65468013E+00 -1.77509862E+00  4.47438873E-01  1.00241329E+01  6.74121509E-01  5.95000727E-01
 -2.62870161E+00  1.00000000E+00  1.64244320E+00 -1.77527627E+00  4.47453248E-01  1.00239428E+01  6.74186180E-01  5.94984515E-01
 -2.60394839E+00  1.00000000E+00  1.63020627E+00 -1.77545391E+00  4.47458604E-01  1.00237528E+01  6.74250859E-01  5.94968304E-01
 -2.57919516E+00  1.00000000E+00  1.61799189E+00 -1.77547875E+00  4.47459702E-01  1.00238890E+01  6.74267509E-01  5.94975913E-01
 -2.55444193E+00  1.00000000E+00  1.60577751E+00 -1.77550358E+00  4.47442105E-01  1.00240252E+01  6.74284160E-01  5.94983521E-01
 -2.52968871E+00  1.00000000E+00  1.59353820E+00 -1.77563172E+00  4.47418601E-01  1.00255911E+01  6.74273340E-01  5.95083854E-01
 -2.50493548E+00  1.00000000E+00  1.58129889E+00 -1.77575987E+00  4.47383816E-01  1.00271571E+01  6.74262520E-01  5.95184203E-01
 -2.48018226E+00  1.00000000E+00  1.56901796E+00 -1.77535425E+00  4.47420872E-01  1.00253859E+01  6.74184712E-01  5.95076437E-01
 -2.45542903E+00  1.00000000E+00  1.55673703E+00 -1.77494871E+00  4.47460400E-01  1.00236149E+01  6.74106923E-01  5.94968691E-01
 -2.43067580E+00  1.00000000E+00  1.54450292E+00 -1.77517358E+00  4.47489763E-01  1.00235979E+01  6.74173658E-01  5.94963360E-01
 -2.40592258E+00  1.00000000E+00  1.53226881E+00 -1.77539846E+00  4.47507871E-01  1.00235809E+01  6.74240402E-01  5.94958030E-01
 -2.38116935E+00  1.00000000E+00  1.52006367E+00 -1.77547232E+00  4.47489799E-01  1.00236647E+01  6.74279106E-01  5.94960901E-01
 -2.35641613E+00  1.00000000E+00  1.50785854E+00 -1.77554618E+00  4.47454223E-01  1.00237485E+01  6.74317813E-01  5.94963772E-01
 -2.33166290E+00  1.00000000E+00  1.49559884E+00 -1.77540895E+00  4.47450430E-01  1.00242259E+01  6.74244415E-01  5.94998821E-01
 -2.30690967E+00  1.00000000E+00  1.48333914E+00 -1.77527171E+00  4.47457630E-01  1.00247033E+01  6.74171023E-01  5.95033873E-01
 -2.28215645E+00  1.00000000E+00  1.47108583E+00 -1.77527194E+00  4.47472213E-01  1.00246480E+01  6.74161292E-01  5.95030974E-01
 -2.25740322E+00  1.00000000E+00  1.45883252E+00 -1.77527217E+00  4.47491542E-01  1.00245927E+01  6.74151562E-01  5.95028075E-01
 -2.23265000E+00  1.00000000E+00  1.44661069E+00 -1.77564900E+00  4.47477980E-01  1.00260662E+01  6.74238360E-01  5.95116318E-01
 -2.20789677E+00  1.00000000E+00  1.43438887E+00 -1.77602589E+00  4.47428290E-01  1.00275399E+01  6.74325176E-01  5.95204575E-01
 -2.18314354E+00  1.00000000E+00  1.42213491E+00 -1.77565770E+00  4.47426248E-01  1.00256514E+01  6.74270843E-01  5.95087854E-01
 -2.15839032E+00  1.00000000E+00  1.40988095E+00 -1.77528958E+00  4.47440883E-01  1.00237632E+01  6.74216525E-01  5.94971154E-01
 -2.13363709E+00  1.00000000E+00  1.39764943E+00 -1.77531403E+00  4.47463591E-01  1.00236819E+01  6.74221183E-01  5.94965680E-01
 -2.10888387E+00  1.00000000E+00  1.38541791E+00 -1.77533849E+00  4.47484402E-01  1.00236005E+01  6.74225840E-01  5.94960206E-01
 -2.08413064E+00  1.00000000E+00  1.37315153E+00 -1.77537566E+00  4.47498425E-01  1.00235108E+01  6.74238010E-01  5.94953723E-01
 -2.05937741E+00  1.00000000E+00  1.36088515E+00 -1.77541283E+00  4.47500388E-01  1.00234211E+01  6.74250180E-01  5.94947241E-01
 -2.03462419E+00  1.00000000E+00  1.34866123E+00 -1.77532376E+00  4.47492696E-01  1.00237817E+01  6.74214598E-01  5.94972452E-01
 -2.00987096E+00  1.00000000E+00  1.33643732E+00 -1.77523468E+00  4.47482197E-01  1.00241423E+01  6.74179017E-01  5.94997665E-01
 -1.98511774E+00  1.00000000E+00  1.32416158E+00 -1.77526671E+00  4.47485837E-01  1.00239817E+01  6.74189735E-01  5.94986764E-01
 -1.96036451E+00  1.00000000E+00  1.31188585E+00 -1.77529875E+00  4.47489213E-01  1.00238211E+01  6.74200452E-01  5.94975862E-01
 -1.93561128E+00  1.00000000E+00  1.29969798E+00 -1.77566315E+00  4.47461631E-01  1.00251569E+01  6.74286448E-01  5.95055394E-01
 -1.91085806E+00  1.00000000E+00  1.28751011E+00 -1.77602762E+00  4.47413084E-01  1.00264929E+01  6.74372462E-01  5.95134936E-01
 -1.88610483E+00  1.00000000E+00  1.27518908E+00 -1.77543157E+00  4.47401559E-01  1.00256797E+01  6.74183549E-01  5.95095212E-01
 -1.86135161E+00  1.00000000E+00  1.26286806E+00 -1.77483561E+00  4.47414493E-01  1.00248668E+01  6.73994699E-01  5.95055495E-01
 -1.83659838E+00  1.00000000E+00  1.25064647E+00 -1.77530069E+00  4.47439490E-01  1.00239707E+01  6.74203697E-01  5.94985174E-01
 -1.81184516E+00  1.00000000E+00  1.23842488E+00 -1.77576575E+00  4.47429478E-01  1.00230749E+01  6.74412751E-01  5.94914867E-01
 -1.78709193E+00  1.00000000E+00  1.22622562E+00 -1.77576821E+00  4.47365087E-01  1.00252041E+01  6.74343667E-01  5.95054755E-01
 -1.76233870E+00  1.00000000E+00  1.21402636E+00 -1.77577064E+00  4.47287761E-01  1.00273338E+01  6.74274583E-01  5.95194676E-01
 -1.73758548E+00  1.00000000E+00  1.20170265E+00 -1.77546803E+00  4.47287920E-01  1.00260748E+01  6.74213814E-01  5.95118427E-01
 -1.71283225E+00  1.00000000E+00  1.18937894E+00 -1.77516547E+00  4.47281325E-01  1.00248160E+01  6.74153055E-01  5.95042189E-01
 -1.68807903E+00  1.00000000E+00  1.17710518E+00 -1.77522528E+00  4.47261669E-01  1.00236978E+01  6.74213531E-01  5.94967181E-01
 -1.66332580E+00  1.00000000E+00  1.16483143E+00 -1.77528507E+00  4.47248837E-01  1.00225797E+01  6.74274011E-01  5.94892182E-01
 -1.63857257E+00  1.00000000E+00  1.15261916E+00 -1.77527851E+00  4.47232360E-01  1.00223077E+01  6.74293703E-01  5.94873620E-01
 -1.61381935E+00  1.00000000E+00  1.14040689E+00 -1.77527195E+00  4.47183950E-01  1.00220358E+01  6.74313396E-01  5.94855059E-01
 -1.58906612E+00  1.00000000E+00  1.12809158E+00 -1.77505805E+00  4.47132151E-01  1.00202259E+01  6.74306007E-01  5.94740358E-01
 -1.56431290E+00  1.00000000E+00  1.11577626E+00 -1.77484418E+00  4.47099212E-01  1.00184164E+01  6.74298620E-01  5.94625677E-01
 -1.53955967E+00  1.00000000E+00  1.10357654E+00 -1.77494107E+00  4.47046818E-01  1.00168957E+01  6.74403458E-01  5.94522234E-01
 -1.51480644E+00  1.00000000E+00  1.09137683E+00 -1.77503794E+00  4.46984549E-01  1.00153753E+01  6.74508306E-01  5.94418808E-01
 -1.49005322E+00  1.00000000E+00  1.07913885E+00 -1.77507951E+00  4.46899561E-01  1.00144692E+01  6.74587294E-01  5.94356118E-01
 -1.46529999E+00  1.00000000E+00  1.06690087E+00 -1.77512107E+00  4.46776964E-01  1.00135631E+01  6.74666290E-01  5.94293434E-01
 -1.44054677E+00  1.00000000E+00  1.05462947E+00 -1.77514756E+00  4.46645870E-01  1.00141245E+01  6.74680096E-01  5.94328278E-01
 -1.41579354E+00  1.00000000E+00  1.04235808E+00 -1.77517404E+00  4.46482203E-01  1.00146859E+01  6.74693902E-01  5.94363124E-01
 -1.39104031E+00  1.00000000E+00  1.03009106E+00 -1.77450392E+00  4.46377484E-01  1.00096837E+01  6.74678232E-01  5.94045801E-01
 -1.36628709E+00  1.00000000E+00  1.01782405E+00 -1.77383410E+00  4.46288166E-01  1.00046840E+01  6.74662606E-01  5.93728635E-01
 -1.34153386E+00  1.00000000E+00  1.00557063E+00 -1.77394153E+00  4.46164466E-01  1.00019295E+01  6.74810499E-01  5.93543939E-01
 -1.31678064E+00  1.00000000E+00  9.93317201E-01 -1.77404890E+00  4.46021303E-01  9.99917597E+00  6.74958408E-01  5.93359299E-01
 -1.29202741E+00  1.00000000E+00  9.81137065E-01 -1.77388394E+00  4.45831716E-01  9.99686632E+00  6.75020702E-01  5.93208357E-01
 -1.26727418E+00  1.00000000E+00  9.68956929E-01 -1.77371901E+00  4.45620394E-01  9.99455722E+00  6.75083006E-01  5.93057450E-01
 -1.24252096E+00  1.00000000E+00  9.56752722E-01 -1.77375712E+00  4.45402513E-01  9.99196892E+00  6.75232224E-01  5.92883245E-01
 -1.21776773E+00  1.00000000E+00  9.44548515E-01 -1.77379522E+00  4.45142081E-01  9.98938140E+00  6.75381466E-01  5.92709086E-01
 -1.19301451E+00  1.00000000E+00  9.32333067E-01 -1.77300569E+00  4.44900648E-01  9.98253232E+00  6.75421084E-01  5.92270715E-01
 -1.16826128E+00  1.00000000E+00  9.20117620E-01 -1.77221659E+00  4.44675590E-01  9.97568799E+00  6.75460775E-01  5.91832641E-01
 -1.14350806E+00  1.00000000E+00  9.07982374E-01 -1.77205449E+00  4.44381366E-01  9.97120606E+00  6.75610693E-01  5.91537887E-01
 -1.11875483E+00  1.00000000E+00  8.95847128E-01 -1.77189240E+00  4.44059894E-01  9.96672629E+00  6.75760634E-01  5.91243269E-01
 -1.09400160E+00  1.00000000E+00  8.83710898E-01 -1.77153647E+00  4.43731875E-01  9.96042406E+00  6.75932478E-01  5.90831282E-01
 -1.06924838E+00  1.00000000E+00  8.71574668E-01 -1.77118065E+00  4.43395478E-01  9.95412602E+00  6.76104369E-01  5.90419560E-01
 -1.04449515E+00  1.00000000E+00  8.59531484E-01 -1.77080390E+00  4.42999036E-01  9.94645481E+00  6.76337401E-01  5.89916562E-01
 -1.01974193E+00  1.00000000E+00  8.47488300E-01 -1.77042730E+00  4.42574144E-01  9.93878986E+00  6.76570509E-01  5.89413958E-01
 -9.94988700E-01  1.00000000E+00  8.35509189E-01 -1.76969766E+00  4.42085052E-01  9.93036380E+00  6.76730523E-01  5.88867572E-01
 -9.70235474E-01  1.00000000E+00  8.23530077E-01 -1.76896848E+00  4.41600642E-01  9.92194507E+00  6.76890646E-01  5.88321645E-01
 -9.45482248E-01  1.00000000E+00  8.11566224E-01 -1.76845584E+00  4.41082429E-01  9.91262971E+00  6.77151024E-01  5.87712280E-01
 -9.20729022E-01  1.00000000E+00  7.99602371E-01 -1.76794345E+00  4.40561271E-01  9.90332356E+00  6.77411505E-01  5.87103494E-01
 -8.95975796E-01  1.00000000E+00  7.87834764E-01 -1.76724697E+00  4.39964496E-01  9.89124844E+00  6.77743348E-01  5.86313960E-01
 -8.71222570E-01  1.00000000E+00  7.76067158E-01 -1.76655095E+00  4.39342862E-01  9.87918878E+00  6.78075371E-01  5.85525399E-01
 -8.46469344E-01  1.00000000E+00  7.64410374E-01 -1.76593708E+00  4.38618883E-01  9.86780162E+00  6.78437410E-01  5.84777723E-01
 -8.21716118E-01  1.00000000E+00  7.52753589E-01 -1.76532363E+00  4.37863895E-01  9.85642828E+00  6.78799669E-01  5.84030912E-01
 -7.97201467E-01  1.00000000E+00  7.41303396E-01 -1.76447525E+00  4.37195707E-01  9.84349168E+00  6.79117899E-01  5.83187423E-01
 -7.72686817E-01  1.00000000E+00  7.29853202E-01 -1.76362753E+00  4.36488195E-01  9.83057280E+00  6.79436329E-01  5.82345048E-01
 -7.49503432E-01  1.00000000E+00  7.19286980E-01 -1.76307102E+00  4.35748040E-01  9.81808499E+00  6.79852181E-01  5.81523906E-01
 -7.26320047E-01  1.00000000E+00  7.08720757E-01 -1.76251481E+00  4.34997698E-01  9.80561406E+00  6.80268261E-01  5.80703824E-01
 -7.04527831E-01  1.00000000E+00  6.98988995E-01 -1.76140925E+00  4.34188583E-01  9.79109189E+00  6.80608131E-01  5.79758058E-01
 -6.82735615E-01  1.00000000E+00  6.89257233E-01 -1.76030484E+00  4.33410042E-01  9.77659195E+00  6.80948329E-01  5.78813685E-01
 -6.62251087E-01  1.00000000E+00  6.80201019E-01 -1.75911630E+00  4.32791338E-01  9.76479067E+00  6.81079497E-01  5.78054348E-01
 -6.41766559E-01  1.00000000E+00  6.71144805E-01 -1.75792886E+00  4.32170497E-01  9.75300389E+00  6.81210846E-01  5.77295921E-01
 -6.22511254E-01  1.00000000E+00  6.62970716E-01 -1.75705864E+00  4.31481481E-01  9.74020117E+00  6.81527195E-01  5.76461071E-01
 -6.03255949E-01  1.00000000E+00  6.54796626E-01 -1.75618914E+00  4.30815303E-01  9.72741595E+00  6.81843755E-01  5.75627322E-01
 -5.85156097E-01  1.00000000E+00  6.47338505E-01 -1.75513888E+00  4.30143613E-01  9.71379573E+00  6.82127907E-01  5.74742498E-01
 -5.67056245E-01  1.00000000E+00  6.39880384E-01 -1.75408960E+00  4.29509844E-01  9.70019522E+00  6.82412286E-01  5.73858914E-01
 -5.50042515E-01  1.00000000E+00  6.33051418E-01 -1.75346200E+00  4.29010356E-01  9.69112025E+00  6.82622415E-01  5.73268044E-01
 -5.33028786E-01  1.00000000E+00  6.26222451E-01 -1.75283475E+00  4.28461588E-01  9.68205411E+00  6.82832636E-01  5.72677730E-01
 -5.17036006E-01  1.00000000E+00  6.20205238E-01 -1.75333082E+00  4.27897432E-01  9.67392544E+00  6.83466499E-01  5.72120114E-01
 -5.01043227E-01  1.00000000E+00  6.14188024E-01 -1.75382646E+00  4.27277885E-01  9.66580519E+00  6.84100771E-01  5.71563008E-01
 -4.86010125E-01  1.00000000E+00  6.08601035E-01 -1.75220888E+00  4.26774228E-01  9.65562557E+00  6.84002716E-01  5.70921455E-01
 -4.70977023E-01  1.00000000E+00  6.03014046E-01 -1.75059287E+00  4.26446902E-01  9.64545666E+00  6.83904954E-01  5.70280563E-01
 -4.56846016E-01  1.00000000E+00  5.98218804E-01 -1.75072013E+00  4.26035356E-01  9.64074388E+00  6.84161164E-01  5.69964354E-01
 -4.42715008E-01  1.00000000E+00  5.93423563E-01 -1.75084724E+00  4.25747661E-01  9.63603380E+00  6.84417424E-01  5.69648315E-01
 -4.29431964E-01  1.00000000E+00  5.89099607E-01 -1.75100547E+00  4.25630000E-01  9.63404460E+00  6.84615137E-01  5.69509148E-01
 -4.16148920E-01  1.00000000E+00  5.84775651E-01 -1.75116370E+00  4.25501012E-01  9.63205592E+00  6.84812895E-01  5.69370011E-01
 -4.03662954E-01  1.00000000E+00  5.81051860E-01 -1.75007927E+00  4.25198138E-01  9.62836095E+00  6.84594811E-01  5.69148755E-01
 -3.91176988E-01  1.00000000E+00  5.77328069E-01 -1.74899532E+00  4.25144233E-01  9.62466752E+00  6.84376887E-01  5.68927586E-01
 -3.79440270E-01  1.00000000E+00  5.74057598E-01 -1.74950027E+00  4.25159554E-01  9.62470607E+00  6.84539362E-01  5.68919700E-01
 -3.67703552E-01  1.00000000E+00  5.70787127E-01 -1.75000525E+00  4.25260698E-01  9.62474476E+00  6.84701885E-01  5.68911819E-01
 -3.56671122E-01  1.00000000E+00  5.68104169E-01 -1.75055036E+00  4.25567833E-01  9.62928057E+00  6.84658188E-01  5.69203242E-01
 -3.45638692E-01  1.00000000E+00  5.65421211E-01 -1.75109568E+00  4.25763163E-01  9.63381853E+00  6.84614538E-01  5.69494799E-01
 -3.35268287E-01  1.00000000E+00  5.63236408E-01 -1.75102435E+00  4.25711327E-01  9.63624451E+00  6.84488525E-01  5.69657199E-01
 -3.24897882E-01  1.00000000E+00  5.61051604E-01 -1.75095297E+00  4.25961681E-01  9.63867121E+00  6.84362522E-01  5.69819644E-01
 -3.15149775E-01  1.00000000E+00  5.59250963E-01 -1.75182700E+00  4.26374625E-01  9.64605639E+00  6.84356325E-01  5.70290004E-01
 -3.05401669E-01  1.00000000E+00  5.57450322E-01 -1.75270157E+00  4.26797757E-01  9.65344728E+00  6.84350194E-01  5.70760724E-01
 -2.96238520E-01  1.00000000E+00  5.56062439E-01 -1.75225116E+00  4.27160485E-01  9.66396385E+00  6.83615244E-01  5.71476730E-01
 -2.87075371E-01  1.00000000E+00  5.54674556E-01 -1.75180015E+00  4.27870293E-01  9.67449415E+00  6.82880832E-01  5.72193575E-01
 -2.78462077E-01  1.00000000E+00  5.53774491E-01 -1.75321868E+00  4.28796607E-01  9.68803838E+00  6.82699969E-01  5.73066990E-01
 -2.69848783E-01  1.00000000E+00  5.52874427E-01 -1.75463881E+00  4.29685622E-01  9.70160184E+00  6.82519436E-01  5.73941608E-01
 -2.61752348E-01  1.00000000E+00  5.52473419E-01 -1.75628047E+00  4.30330135E-01  9.71644618E+00  6.82393614E-01  5.74894254E-01
 -2.53655913E-01  1.00000000E+00  5.52072411E-01 -1.75792415E+00  4.31162649E-01  9.73131350E+00  6.82268135E-01  5.75848342E-01
 -2.46045323E-01  1.00000000E+00  5.51938132E-01 -1.75790143E+00  4.32218625E-01  9.74896812E+00  6.81366906E-01  5.77029168E-01
 -2.38434732E-01  1.00000000E+00  5.51803854E-01 -1.75787794E+00  4.33272805E-01  9.76665882E+00  6.80466465E-01  5.78212241E-01
 -2.31280830E-01  1.00000000E+00  5.52144527E-01 -1.75896113E+00  4.34208362E-01  9.78415064E+00  6.80025261E-01  5.79353433E-01
 -2.24126928E-01  1.00000000E+00  5.52485201E-01 -1.76004539E+00  4.35296155E-01  9.80167526E+00  6.79584387E-01  5.80496692E-01
 -2.17402314E-01  1.00000000E+00  5.53198439E-01 -1.76275248E+00  4.36346348E-01  9.82215445E+00  6.79552263E-01  5.81801957E-01
 -2.10677699E-01  1.00000000E+00  5.53911677E-01 -1.76546449E+00  4.37450883E-01  9.84267655E+00  6.79521034E-01  5.83109896E-01
 -2.04351753E-01  1.00000000E+00  5.54995518E-01 -1.76694984E+00  4.38828549E-01  9.86826423E+00  6.78780445E-01  5.84785332E-01
 -1.98025807E-01  1.00000000E+00  5.56079360E-01 -1.76843741E+00  4.40197494E-01  9.89392174E+00  6.78040804E-01  5.86465150E-01
 -1.91837501E-01  1.00000000E+00  5.57553288E-01 -1.77057204E+00  4.41665442E-01  9.92077685E+00  6.77558320E-01  5.88204816E-01
 -1.85649194E-01  1.00000000E+00  5.59027216E-01 -1.77271050E+00  4.43174652E-01  9.94770713E+00  6.77076577E-01  5.89949217E-01
 -1.79460888E-01  1.00000000E+00  5.60934630E-01 -1.77328979E+00  4.45038834E-01  9.98287477E+00  6.75561574E-01  5.92283567E-01
 -1.73272582E-01  1.00000000E+00  5.62842045E-01 -1.77386804E+00  4.47010265E-01  1.00181790E+01  6.74048936E-01  5.94626458E-01
 -1.67084275E-01  1.00000000E+00  5.65575947E-01 -1.77795717E+00  4.48871920E-01  1.00523459E+01  6.73904537E-01  5.96809902E-01
 -1.60895969E-01  1.00000000E+00  5.68309848E-01 -1.78205796E+00  4.50860438E-01  1.00866300E+01  6.73762088E-01  5.99000684E-01
 -1.54707662E-01  1.00000000E+00  5.71564078E-01 -1.78381697E+00  4.53441374E-01  1.01335948E+01  6.72118821E-01  6.02093926E-01
 -1.48519356E-01  1.00000000E+00  5.74818307E-01 -1.78557867E+00  4.55983482E-01  1.01807937E+01  6.70478917E-01  6.05201850E-01
 -1.42331049E-01  1.00000000E+00  5.79261331E-01 -1.79263679E+00  4.58953411E-01  1.02356076E+01  6.70503503E-01  6.08688440E-01
 -1.36142743E-01  1.00000000E+00  5.83704356E-01 -1.79972763E+00  4.61918988E-01  1.02907174E+01  6.70533351E-01  6.12193533E-01
 -1.29954436E-01  1.00000000E+00  5.89119722E-01 -1.80088977E+00  4.64399469E-01  1.03423762E+01  6.68582302E-01  6.15605067E-01
 -1.23766130E-01  1.00000000E+00  5.94535089E-01 -1.80205043E+00  4.67576999E-01  1.03943174E+01  6.66635055E-01  6.19034331E-01
 -1.17577823E-01  1.00000000E+00  6.01450797E-01 -1.80790672E+00  4.71041434E-01  1.04596383E+01  6.65717511E-01  6.23249503E-01
 -1.11389517E-01  1.00000000E+00  6.08366506E-01 -1.81379025E+00  4.74795740E-01  1.05253782E+01  6.64805030E-01  6.27491018E-01
 -1.05201210E-01  1.00000000E+00  6.17362292E-01 -1.82060406E+00  4.79852682E-01  1.06141441E+01  6.63153696E-01  6.33244843E-01
 -9.90129037E-02  1.00000000E+00  6.26358078E-01 -1.82745729E+00  4.84800957E-01  1.07036807E+01  6.61511305E-01  6.39047142E-01
 -9.28245972E-02  1.00000000E+00  6.37768076E-01 -1.83161543E+00  4.90294568E-01  1.07969417E+01  6.58813866E-01  6.45153590E-01
 -8.66362908E-02  1.00000000E+00  6.49178074E-01 -1.83578826E+00  4.95369951E-01  1.08910633E+01  6.56126298E-01  6.51314170E-01
 -8.04479843E-02  1.00000000E+00  6.65024514E-01 -1.84594913E+00  5.00153204E-01  1.09802354E+01  6.56078936E-01  6.56991775E-01
 -7.42596778E-02  1.00000000E+00  6.80870954E-01 -1.85617798E+00  5.05501303E-01  1.10701427E+01  6.56040346E-01  6.62715605E-01
 -6.80713713E-02  1.00000000E+00  6.99141167E-01 -1.84859419E+00  5.12976757E-01  1.11878024E+01  6.48357652E-01  6.70691938E-01
 -6.18830648E-02  1.00000000E+00  7.17411380E-01 -1.84090804E+00  5.18971920E-01  1.13070087E+01  6.40732717E-01  6.78763018E-01
 -5.56947583E-02  1.00000000E+00  7.49154776E-01 -1.98732874E+00  5.23365895E-01  1.14575924E+01  6.83820649E-01  6.85603658E-01
 -4.95064519E-02  1.00000000E+00  7.80898172E-01 -2.13748577E+00  5.19399407E-01  1.16172788E+01  7.30306198E-01  6.92807347E-01
 -4.33181454E-02  1.00000000E+00  8.41046350E-01 -1.78980351E+00  4.86482518E-01  1.03780592E+01  6.72193233E-01  6.17646017E-01
 -3.71298389E-02  1.00000000E+00  9.01194528E-01 -1.48159817E+00  4.57185923E-01  9.28039508E+00  6.28242112E-01  5.50591553E-01
 -3.09415324E-02  1.00000000E+00  9.37001409E-01 -1.45176806E+00  3.82149028E-01  8.11554042E+00  6.85355694E-01  4.72829937E-01
 -2.47532259E-02  1.00000000E+00  9.72808291E-01 -1.42414974E+00  2.65354697E-01  7.10579255E+00  7.47389622E-01  4.04625641E-01
 -1.85649194E-02  1.00000000E+00  1.75512017E+00 -2.89554022E+00  2.20764330E-01  7.81365647E+00  1.48670239E+00  4.02624350E-01
 -1.23766130E-02  1.00000000E+00  2.53743205E+00 -4.93603205E+00  3.44921641E-01  9.58426238E+00  2.87423715E+00  4.27001606E-01
 -6.18830648E-03  1.00000000E+00  1.27122421E+00  1.63548785E+00  1.41955220E+00  5.96180912E+00  1.13092901E+00  3.07419644E-01
  0.00000000E+00  1.00000000E+00  5.01636409E-03  2.23060997E+01  7.74587965E+00  2.98877697E+01  1.68215957E+01  8.31483798E-01
