# curve 5 (die wall), step =      200, time =   8.00000000E+01
# N1 = tau_xx - tau_yy = G ( c_xx - c_yy ),  G =  1.0000E-01  (polymer part only)
#              x               y        pressure            c_xy        gammadot            c_xx            c_yy              N1
 -3.00000000E+00  1.00000000E+00  2.29454142E+00 -2.41493702E+00  4.60257091E-01  1.49820397E+01  8.23968073E-01  1.41580716E+00
 -2.97524677E+00  1.00000000E+00  2.28021728E+00 -2.41504404E+00  4.60352218E-01  1.49825296E+01  8.23981753E-01  1.41585478E+00
 -2.95049355E+00  1.00000000E+00  2.26589314E+00 -2.41515106E+00  4.60441575E-01  1.49830195E+01  8.23995433E-01  1.41590240E+00
 -2.92574032E+00  1.00000000E+00  2.25160350E+00 -2.41548915E+00  4.60485936E-01  1.49843472E+01  8.24073447E-01  1.41602738E+00
 -2.90098710E+00  1.00000000E+00  2.23731385E+00 -2.41582727E+00  4.60470322E-01  1.49856751E+01  8.24151472E-01  1.41615236E+00
 -2.87623387E+00  1.00000000E+00  2.22342262E+00 -2.41668955E+00  4.60385467E-01  1.49899988E+01  8.24324138E-01  1.41656746E+00
 -2.85148064E+00  1.00000000E+00  2.20953140E+00 -2.41755210E+00  4.60219400E-01  1.49943237E+01  8.24496863E-01  1.41698269E+00
 -2.82672742E+00  1.00000000E+00  2.19509397E+00 -2.41582961E+00  4.60232677E-01  1.49905275E+01  8.24057150E-01  1.41664704E+00
 -2.80197419E+00  1.00000000E+00  2.18065654E+00 -2.41410775E+00  4.60354344E-01  1.49867328E+01  8.23617755E-01  1.41631150E+00
 -2.77722097E+00  1.00000000E+00  2.16637286E+00 -2.41505583E+00  4.60372593E-01  1.49864707E+01  8.23892842E-01  1.41625779E+00
 -2.75246774E+00  1.00000000E+00  2.15208918E+00 -2.41600390E+00  4.60389952E-01  1.49862090E+01  8.24168041E-01  1.41620409E+00
 -2.72771451E+00  1.00000000E+00  2.13800376E+00 -2.41600900E+00  4.60401194E-01  1.49867833E+01  8.24176106E-01  1.41626072E+00
 -2.70296129E+00  1.00000000E+00  2.12391834E+00 -2.41601409E+00  4.60373908E-01  1.49873577E+01  8.24184172E-01  1.41631735E+00
 -2.67820806E+00  1.00000000E+00  2.10958468E+00 -2.41566969E+00  4.60349508E-01  1.49871536E+01  8.24059547E-01  1.41630940E+00
 -2.65345484E+00  1.00000000E+00  2.09525102E+00 -2.41532531E+00  4.60382928E-01  1.49869495E+01  8.23934941E-01  1.41630146E+00
 -2.62870161E+00  1.00000000E+00  2.08105317E+00 -2.41558668E+00  4.60409870E-01  1.49867794E+01  8.24014735E-01  1.41627647E+00
 -2.60394839E+00  1.00000000E+00  2.06685531E+00 -2.41584805E+00  4.60417420E-01  1.49866094E+01  8.24094538E-01  1.41625148E+00
 -2.57919516E+00  1.00000000E+00  2.05261408E+00 -2.41620384E+00  4.60503296E-01  1.49876133E+01  8.24195719E-01  1.41634176E+00
 -2.55444193E+00  1.00000000E+00  2.03837284E+00 -2.41655966E+00  4.60515648E-01  1.49886174E+01  8.24296914E-01  1.41643205E+00
 -2.52968871E+00  1.00000000E+00  2.02427401E+00 -2.41667268E+00  4.60450690E-01  1.49918858E+01  8.24255091E-01  1.41676307E+00
 -2.50493548E+00  1.00000000E+00  2.01017518E+00 -2.41678568E+00  4.60372302E-01  1.49951550E+01  8.24213264E-01  1.41709417E+00
 -2.48018226E+00  1.00000000E+00  1.99564417E+00 -2.41564117E+00  4.60493224E-01  1.49928715E+01  8.23889261E-01  1.41689822E+00
 -2.45542903E+00  1.00000000E+00  1.98111317E+00 -2.41449694E+00  4.60642525E-01  1.49905886E+01  8.23565409E-01  1.41670232E+00
 -2.43067580E+00  1.00000000E+00  1.96690738E+00 -2.41547059E+00  4.60721502E-01  1.49922899E+01  8.23789826E-01  1.41685001E+00
 -2.40592258E+00  1.00000000E+00  1.95270159E+00 -2.41644439E+00  4.60774647E-01  1.49939915E+01  8.24014344E-01  1.41699772E+00
 -2.38116935E+00  1.00000000E+00  1.93862078E+00 -2.41690824E+00  4.60760061E-01  1.49952847E+01  8.24160141E-01  1.41711245E+00
 -2.35641613E+00  1.00000000E+00  1.92453997E+00 -2.41737215E+00  4.60717427E-01  1.49965779E+01  8.24305965E-01  1.41722720E+00
 -2.33166290E+00  1.00000000E+00  1.91014084E+00 -2.41643643E+00  4.60721092E-01  1.49979510E+01  8.23955963E-01  1.41739951E+00
 -2.30690967E+00  1.00000000E+00  1.89574172E+00 -2.41550068E+00  4.60776043E-01  1.49993247E+01  8.23606098E-01  1.41757186E+00
 -2.28215645E+00  1.00000000E+00  1.88143040E+00 -2.41619005E+00  4.60828524E-01  1.49999572E+01  8.23786308E-01  1.41761709E+00
 -2.25740322E+00  1.00000000E+00  1.86711909E+00 -2.41687947E+00  4.60840602E-01  1.50005898E+01  8.23966571E-01  1.41766233E+00
 -2.23265000E+00  1.00000000E+00  1.85307200E+00 -2.41764494E+00  4.60793439E-01  1.50036209E+01  8.24155312E-01  1.41794656E+00
 -2.20789677E+00  1.00000000E+00  1.83902492E+00 -2.41841062E+00  4.60687530E-01  1.50066525E+01  8.24344110E-01  1.41823084E+00
 -2.18314354E+00  1.00000000E+00  1.82460498E+00 -2.41705962E+00  4.60728732E-01  1.50040839E+01  8.23971710E-01  1.41801122E+00
 -2.15839032E+00  1.00000000E+00  1.81018505E+00 -2.41570899E+00  4.60840047E-01  1.50015161E+01  8.23599518E-01  1.41779166E+00
 -2.13363709E+00  1.00000000E+00  1.79586337E+00 -2.41588856E+00  4.60931959E-01  1.50024402E+01  8.23602267E-01  1.41788380E+00
 -2.10888387E+00  1.00000000E+00  1.78154169E+00 -2.41606813E+00  4.61029844E-01  1.50033644E+01  8.23605020E-01  1.41797594E+00
 -2.08413064E+00  1.00000000E+00  1.76726336E+00 -2.41672352E+00  4.61099482E-01  1.50046471E+01  8.23762462E-01  1.41808846E+00
 -2.05937741E+00  1.00000000E+00  1.75298502E+00 -2.41737900E+00  4.61103422E-01  1.50059300E+01  8.23919950E-01  1.41820100E+00
 -2.03462419E+00  1.00000000E+00  1.73874259E+00 -2.41726369E+00  4.61074825E-01  1.50056171E+01  8.23926082E-01  1.41816910E+00
 -2.00987096E+00  1.00000000E+00  1.72450016E+00 -2.41714838E+00  4.61038372E-01  1.50053042E+01  8.23932217E-01  1.41813720E+00
 -1.98511774E+00  1.00000000E+00  1.71012905E+00 -2.41747412E+00  4.60964109E-01  1.50041210E+01  8.24073521E-01  1.41800474E+00
 -1.96036451E+00  1.00000000E+00  1.69575794E+00 -2.41779985E+00  4.60867727E-01  1.50029379E+01  8.24214844E-01  1.41787231E+00
 -1.93561128E+00  1.00000000E+00  1.68165991E+00 -2.41828565E+00  4.60746109E-01  1.50028506E+01  8.24421115E-01  1.41784295E+00
 -1.91085806E+00  1.00000000E+00  1.66756188E+00 -2.41877149E+00  4.60596657E-01  1.50027633E+01  8.24627431E-01  1.41781359E+00
 -1.88610483E+00  1.00000000E+00  1.65308000E+00 -2.41712064E+00  4.60502993E-01  1.50006098E+01  8.24135748E-01  1.41764741E+00
 -1.86135161E+00  1.00000000E+00  1.63859812E+00 -2.41547023E+00  4.60483282E-01  1.49984572E+01  8.23644399E-01  1.41748128E+00
 -1.83659838E+00  1.00000000E+00  1.62413578E+00 -2.41617000E+00  4.60483491E-01  1.49934026E+01  8.24043901E-01  1.41693587E+00
 -1.81184516E+00  1.00000000E+00  1.60967345E+00 -2.41686946E+00  4.60435711E-01  1.49883504E+01  8.24443532E-01  1.41639069E+00
 -1.78709193E+00  1.00000000E+00  1.59568319E+00 -2.41740399E+00  4.60272416E-01  1.49907630E+01  8.24586551E-01  1.41661765E+00
 -1.76233870E+00  1.00000000E+00  1.58169294E+00 -2.41793862E+00  4.60053340E-01  1.49931761E+01  8.24729598E-01  1.41684465E+00
 -1.73758548E+00  1.00000000E+00  1.56703253E+00 -2.41607888E+00  4.59943683E-01  1.49872475E+01  8.24306438E-01  1.41629410E+00
 -1.71283225E+00  1.00000000E+00  1.55237213E+00 -2.41422008E+00  4.59875808E-01  1.49813216E+01  8.23883612E-01  1.41574380E+00
 -1.68807903E+00  1.00000000E+00  1.53789787E+00 -2.41435429E+00  4.59701386E-01  1.49741262E+01  8.24159044E-01  1.41499672E+00
 -1.66332580E+00  1.00000000E+00  1.52342361E+00 -2.41448828E+00  4.59536182E-01  1.49669349E+01  8.24434511E-01  1.41425004E+00
 -1.63857257E+00  1.00000000E+00  1.50912858E+00 -2.41369032E+00  4.59443346E-01  1.49603566E+01  8.24397103E-01  1.41359595E+00
 -1.61381935E+00  1.00000000E+00  1.49483356E+00 -2.41289266E+00  4.59261953E-01  1.49537812E+01  8.24359730E-01  1.41294214E+00
 -1.58906612E+00  1.00000000E+00  1.48023844E+00 -2.41223862E+00  4.58952335E-01  1.49432923E+01  8.24474298E-01  1.41188180E+00
 -1.56431290E+00  1.00000000E+00  1.46564332E+00 -2.41158476E+00  4.58674104E-01  1.49328110E+01  8.24588869E-01  1.41082221E+00
 -1.53955967E+00  1.00000000E+00  1.45150274E+00 -2.41168058E+00  4.58337014E-01  1.49212547E+01  8.25007644E-01  1.40962471E+00
 -1.51480644E+00  1.00000000E+00  1.43736217E+00 -2.41177594E+00  4.57950219E-01  1.49097085E+01  8.25426504E-01  1.40842820E+00
 -1.49005322E+00  1.00000000E+00  1.42306855E+00 -2.41161751E+00  4.57434959E-01  1.48945034E+01  8.25943617E-01  1.40685598E+00
 -1.46529999E+00  1.00000000E+00  1.40877493E+00 -2.41145872E+00  4.56843174E-01  1.48793153E+01  8.26460900E-01  1.40528544E+00
 -1.44054677E+00  1.00000000E+00  1.39450441E+00 -2.41096843E+00  4.56219166E-01  1.48675556E+01  8.26801354E-01  1.40407542E+00
 -1.41579354E+00  1.00000000E+00  1.38023389E+00 -2.41047831E+00  4.55498774E-01  1.48558057E+01  8.27141945E-01  1.40286637E+00
 -1.39104031E+00  1.00000000E+00  1.36560508E+00 -2.40610822E+00  4.54832582E-01  1.48269905E+01  8.26647064E-01  1.40003434E+00
 -1.36628709E+00  1.00000000E+00  1.35097628E+00 -2.40174617E+00  4.54392105E-01  1.47982312E+01  8.26153399E-01  1.39720778E+00
 -1.34153386E+00  1.00000000E+00  1.33649531E+00 -2.40092332E+00  4.53822348E-01  1.47744134E+01  8.26640255E-01  1.39477732E+00
 -1.31678064E+00  1.00000000E+00  1.32201434E+00 -2.40010013E+00  4.53197781E-01  1.47506367E+01  8.27127133E-01  1.39235095E+00
 -1.29202741E+00  1.00000000E+00  1.30782481E+00 -2.39870949E+00  4.52395178E-01  1.47271209E+01  8.27512815E-01  1.38996081E+00
 -1.26727418E+00  1.00000000E+00  1.29363528E+00 -2.39731986E+00  4.51527398E-01  1.47036442E+01  8.27898657E-01  1.38757455E+00
 -1.24252096E+00  1.00000000E+00  1.27942052E+00 -2.39653402E+00  4.50684262E-01  1.46778963E+01  8.28570378E-01  1.38493259E+00
 -1.21776773E+00  1.00000000E+00  1.26520577E+00 -2.39574792E+00  4.49710753E-01  1.46521968E+01  8.29242352E-01  1.38229544E+00
 -1.19301451E+00  1.00000000E+00  1.25087852E+00 -2.39068239E+00  4.48440416E-01  1.46073228E+01  8.29091863E-01  1.37782309E+00
 -1.16826128E+00  1.00000000E+00  1.23655127E+00 -2.38562938E+00  4.47499037E-01  1.45625871E+01  8.28942661E-01  1.37336445E+00
 -1.14350806E+00  1.00000000E+00  1.22239263E+00 -2.38258803E+00  4.46439329E-01  1.45258969E+01  8.29191455E-01  1.36967054E+00
 -1.11875483E+00  1.00000000E+00  1.20823399E+00 -2.37955156E+00  4.45337961E-01  1.44893012E+01  8.29440610E-01  1.36598606E+00
 -1.09400160E+00  1.00000000E+00  1.19395257E+00 -2.37706204E+00  4.44223311E-01  1.44469485E+01  8.30066715E-01  1.36168818E+00
 -1.06924838E+00  1.00000000E+00  1.17967116E+00 -2.37457537E+00  4.43055780E-01  1.44047249E+01  8.30693068E-01  1.35740318E+00
 -1.04449515E+00  1.00000000E+00  1.16594022E+00 -2.37182188E+00  4.41633844E-01  1.43533951E+01  8.31553518E-01  1.35218416E+00
 -1.01974193E+00  1.00000000E+00  1.15220928E+00 -2.36907148E+00  4.40133241E-01  1.43022571E+01  8.32414339E-01  1.34698428E+00
 -9.94988700E-01  1.00000000E+00  1.13855357E+00 -2.36413282E+00  4.38396534E-01  1.42443511E+01  8.32882969E-01  1.34114681E+00
 -9.70235474E-01  1.00000000E+00  1.12489786E+00 -2.35920756E+00  4.36698794E-01  1.41866846E+01  8.33352937E-01  1.33533316E+00
 -9.45482248E-01  1.00000000E+00  1.11104763E+00 -2.35494465E+00  4.34963721E-01  1.41271835E+01  8.34037174E-01  1.32931463E+00
 -9.20729022E-01  1.00000000E+00  1.09719740E+00 -2.35069142E+00  4.33190013E-01  1.40679402E+01  8.34722189E-01  1.32332180E+00
 -8.95975796E-01  1.00000000E+00  1.08406783E+00 -2.34590872E+00  4.31190102E-01  1.39922219E+01  8.35780527E-01  1.31564413E+00
 -8.71222570E-01  1.00000000E+00  1.07093825E+00 -2.34113724E+00  4.29210648E-01  1.39169278E+01  8.36839711E-01  1.30800881E+00
 -8.46469344E-01  1.00000000E+00  1.05801931E+00 -2.33467290E+00  4.26847598E-01  1.38461994E+01  8.37354689E-01  1.30088447E+00
 -8.21716118E-01  1.00000000E+00  1.04510037E+00 -2.32823180E+00  4.24494907E-01  1.37758372E+01  8.37872215E-01  1.29379650E+00
 -7.97201467E-01  1.00000000E+00  1.03183557E+00 -2.32228112E+00  4.22663997E-01  1.36995021E+01  8.38579664E-01  1.28609224E+00
 -7.72686817E-01  1.00000000E+00  1.01857077E+00 -2.31634948E+00  4.20749277E-01  1.36236024E+01  8.39288363E-01  1.27843141E+00
 -7.49503432E-01  1.00000000E+00  1.00745531E+00 -2.31344712E+00  4.18486609E-01  1.35501426E+01  8.41047649E-01  1.27090950E+00
 -7.26320047E-01  1.00000000E+00  9.96339858E-01 -2.31054517E+00  4.16139132E-01  1.34771055E+01  8.42808337E-01  1.26342972E+00
 -7.04527831E-01  1.00000000E+00  9.86132082E-01 -2.30215101E+00  4.13629401E-01  1.33970364E+01  8.43054210E-01  1.25539822E+00
 -6.82735615E-01  1.00000000E+00  9.75924306E-01 -2.29379494E+00  4.11337303E-01  1.33174488E+01  8.43304340E-01  1.24741445E+00
 -6.62251087E-01  1.00000000E+00  9.65600738E-01 -2.28759903E+00  4.09621528E-01  1.32458408E+01  8.43773340E-01  1.24020675E+00
 -6.41766559E-01  1.00000000E+00  9.55277171E-01 -2.28142403E+00  4.07830800E-01  1.31746274E+01  8.44243677E-01  1.23303837E+00
 -6.22511254E-01  1.00000000E+00  9.47121992E-01 -2.27642569E+00  4.05672860E-01  1.30989856E+01  8.45406274E-01  1.22535793E+00
 -6.03255949E-01  1.00000000E+00  9.38966814E-01 -2.27144080E+00  4.03498372E-01  1.30237961E+01  8.46570171E-01  1.21772259E+00
 -5.85156097E-01  1.00000000E+00  9.31315715E-01 -2.26292072E+00  4.01301239E-01  1.29415169E+01  8.46732035E-01  1.20947848E+00
 -5.67056245E-01  1.00000000E+00  9.23664616E-01 -2.25444011E+00  3.99282129E-01  1.28597651E+01  8.46897459E-01  1.20128677E+00
 -5.50042515E-01  1.00000000E+00  9.16621821E-01 -2.25044824E+00  3.97527311E-01  1.27926062E+01  8.48092851E-01  1.19445133E+00
 -5.33028786E-01  1.00000000E+00  9.09579025E-01 -2.24646412E+00  3.95555805E-01  1.27258153E+01  8.49289071E-01  1.18765262E+00
 -5.17036006E-01  1.00000000E+00  9.04582235E-01 -2.24572295E+00  3.93313683E-01  1.26643673E+01  8.51706978E-01  1.18126603E+00
 -5.01043227E-01  1.00000000E+00  8.99585444E-01 -2.24497512E+00  3.90916584E-01  1.26032475E+01  8.54128514E-01  1.17491190E+00
 -4.86010125E-01  1.00000000E+00  8.93537455E-01 -2.23339861E+00  3.88622134E-01  1.25247677E+01  8.53074569E-01  1.16716931E+00
 -4.70977023E-01  1.00000000E+00  8.87489465E-01 -2.22188649E+00  3.87257287E-01  1.24467766E+01  8.52029704E-01  1.15947469E+00
 -4.56846016E-01  1.00000000E+00  8.83634679E-01 -2.21887256E+00  3.85202227E-01  1.23815939E+01  8.53530414E-01  1.15280635E+00
 -4.42715008E-01  1.00000000E+00  8.79779894E-01 -2.21586054E+00  3.83412662E-01  1.23167750E+01  8.55031876E-01  1.14617431E+00
 -4.29431964E-01  1.00000000E+00  8.75851792E-01 -2.21257277E+00  3.81986008E-01  1.22761501E+01  8.55693470E-01  1.14204567E+00
 -4.16148920E-01  1.00000000E+00  8.71923691E-01 -2.20929202E+00  3.80617799E-01  1.22356635E+01  8.56356203E-01  1.13793073E+00
 -4.03662954E-01  1.00000000E+00  8.68855578E-01 -2.20053535E+00  3.78377456E-01  1.21586325E+01  8.56390685E-01  1.13022419E+00
 -3.91176988E-01  1.00000000E+00  8.65787465E-01 -2.19182119E+00  3.76626283E-01  1.20820922E+01  8.56429674E-01  1.12256625E+00
 -3.79440270E-01  1.00000000E+00  8.63240476E-01 -2.18694643E+00  3.75060376E-01  1.20240683E+01  8.56957051E-01  1.11671113E+00
 -3.67703552E-01  1.00000000E+00  8.60693487E-01 -2.18208522E+00  3.73592904E-01  1.19663319E+01  8.57485154E-01  1.11088468E+00
 -3.56671122E-01  1.00000000E+00  8.58433584E-01 -2.17943376E+00  3.72403369E-01  1.19114189E+01  8.58844615E-01  1.10525743E+00
 -3.45638692E-01  1.00000000E+00  8.56173681E-01 -2.17678469E+00  3.70945053E-01  1.18567743E+01  8.60204982E-01  1.09965693E+00
 -3.35268287E-01  1.00000000E+00  8.55799425E-01 -2.17116020E+00  3.68101331E-01  1.17780466E+01  8.61592873E-01  1.09164537E+00
 -3.24897882E-01  1.00000000E+00  8.55425169E-01 -2.16555512E+00  3.65849392E-01  1.16998638E+01  8.62983182E-01  1.08368806E+00
 -3.15149775E-01  1.00000000E+00  8.55179930E-01 -2.16275250E+00  3.63699500E-01  1.16401653E+01  8.64878685E-01  1.07752866E+00
 -3.05401669E-01  1.00000000E+00  8.54934691E-01 -2.15995487E+00  3.61583219E-01  1.15807917E+01  8.66777423E-01  1.07140143E+00
 -2.96238520E-01  1.00000000E+00  8.54537037E-01 -2.14678477E+00  3.58664840E-01  1.14881960E+01  8.65879753E-01  1.06223163E+00
 -2.87075371E-01  1.00000000E+00  8.54139384E-01 -2.13370495E+00  3.56452925E-01  1.13963426E+01  8.64994124E-01  1.05313485E+00
 -2.78462077E-01  1.00000000E+00  8.53432799E-01 -2.12864388E+00  3.55364077E-01  1.13418013E+01  8.65400421E-01  1.04764008E+00
 -2.69848783E-01  1.00000000E+00  8.52726215E-01 -2.12359803E+00  3.54392231E-01  1.12875282E+01  8.65807695E-01  1.04217205E+00
 -2.61752348E-01  1.00000000E+00  8.54124788E-01 -2.11617404E+00  3.51703531E-01  1.11927362E+01  8.67301362E-01  1.03254348E+00
 -2.53655913E-01  1.00000000E+00  8.55523360E-01 -2.10878472E+00  3.49233470E-01  1.10987713E+01  8.68798553E-01  1.02299727E+00
 -2.46045323E-01  1.00000000E+00  8.56268810E-01 -2.10297997E+00  3.46887317E-01  1.10097895E+01  8.70721539E-01  1.01390679E+00
 -2.38434732E-01  1.00000000E+00  8.57014261E-01 -2.09719568E+00  3.44138548E-01  1.09215582E+01  8.72647609E-01  1.00489106E+00
 -2.31280830E-01  1.00000000E+00  8.60135569E-01 -2.08755480E+00  3.40295640E-01  1.08045654E+01  8.74654133E-01  9.92991128E-01
 -2.24126928E-01  1.00000000E+00  8.63256877E-01 -2.07797615E+00  3.36717049E-01  1.06888723E+01  8.76668834E-01  9.81220351E-01
 -2.17402314E-01  1.00000000E+00  8.65246691E-01 -2.06060468E+00  3.32609308E-01  1.05299972E+01  8.77496606E-01  9.65250060E-01
 -2.10677699E-01  1.00000000E+00  8.67236505E-01 -2.04341938E+00  3.28626590E-01  1.03735293E+01  8.78343119E-01  9.49518615E-01
 -2.04351753E-01  1.00000000E+00  8.69806463E-01 -2.03202915E+00  3.24818212E-01  1.02207116E+01  8.81489207E-01  9.33922241E-01
 -1.98025807E-01  1.00000000E+00  8.72376420E-01 -2.02072584E+00  3.20471839E-01  1.00702514E+01  8.84646647E-01  9.18560473E-01
 -1.91837501E-01  1.00000000E+00  8.76704792E-01 -2.00732352E+00  3.14720345E-01  9.88003072E+00  8.89702006E-01  8.99032872E-01
 -1.85649194E-01  1.00000000E+00  8.81033163E-01 -1.99405541E+00  3.08588727E-01  9.69359090E+00  8.94787579E-01  8.79880332E-01
 -1.79460888E-01  1.00000000E+00  8.86269610E-01 -1.97686935E+00  3.01662679E-01  9.49027344E+00  8.99427649E-01  8.59084579E-01
 -1.73272582E-01  1.00000000E+00  8.91506057E-01 -1.95990655E+00  2.94218600E-01  9.29140015E+00  9.04107256E-01  8.38729289E-01
 -1.67084275E-01  1.00000000E+00  8.96297626E-01 -1.91168888E+00  2.84283584E-01  8.92844561E+00  9.04250958E-01  8.02419465E-01
 -1.60895969E-01  1.00000000E+00  9.01089195E-01 -1.86494251E+00  2.75913950E-01  8.57985007E+00  9.04576959E-01  7.67527311E-01
 -1.54707662E-01  1.00000000E+00  9.10106431E-01 -1.83776984E+00  2.67104640E-01  8.24068126E+00  9.14084814E-01  7.32659645E-01
 -1.48519356E-01  1.00000000E+00  9.19123667E-01 -1.81120143E+00  2.56745264E-01  7.91562379E+00  9.23706031E-01  6.99191776E-01
 -1.42331049E-01  1.00000000E+00  9.31813919E-01 -1.78324469E+00  2.42595187E-01  7.52704219E+00  9.41492488E-01  6.58554970E-01
 -1.36142743E-01  1.00000000E+00  9.44504171E-01 -1.75616642E+00  2.28602473E-01  7.15876266E+00  9.59676312E-01  6.19908635E-01
 -1.29954436E-01  1.00000000E+00  9.59687076E-01 -1.64750772E+00  2.10981734E-01  6.49089972E+00  9.58133282E-01  5.53276644E-01
 -1.23766130E-01  1.00000000E+00  9.74869981E-01 -1.54706621E+00  1.95123805E-01  5.88595912E+00  9.57880000E-01  4.92807912E-01
 -1.17577823E-01  1.00000000E+00  9.97582802E-01 -1.42198504E+00  1.75747619E-01  5.07568369E+00  9.70381169E-01  4.10530252E-01
 -1.11389517E-01  1.00000000E+00  1.02029562E+00 -1.31048189E+00  1.54482517E-01  4.37892787E+00  9.85458727E-01  3.39346915E-01
 -1.05201210E-01  1.00000000E+00  1.05947589E+00 -1.19036835E+00  1.31982285E-01  3.64036793E+00  1.01706164E+00  2.62330628E-01
 -9.90129037E-02  1.00000000E+00  1.09865615E+00 -1.08655678E+00  1.09495148E-01  3.02912761E+00  1.05353204E+00  1.97559557E-01
 -9.28245972E-02  1.00000000E+00  1.16630413E+00 -8.87329187E-01  7.82209665E-02  2.33070058E+00  1.06406617E+00  1.26663441E-01
 -8.66362908E-02  1.00000000E+00  1.23395210E+00 -7.26589990E-01  5.27714872E-02  1.79252663E+00  1.08945980E+00  7.03066833E-02
 -8.04479843E-02  1.00000000E+00  1.31296164E+00 -4.32300489E-01  4.32081081E-02  1.23834131E+00  1.08714272E+00  1.51198594E-02
 -7.42596778E-02  1.00000000E+00  1.39197119E+00 -2.08522438E-01  2.42656600E-02  8.66319372E-01  1.13903520E+00 -2.72715829E-02
 -6.80713713E-02  1.00000000E+00  1.51502332E+00  4.71261042E-02  2.11214462E-02  6.96921401E-01  1.20144008E+00 -5.04518682E-02
 -6.18830648E-02  1.00000000E+00  1.63807546E+00  2.82227150E-01  5.87422370E-02  6.10922120E-01  1.34051962E+00 -7.29597503E-02
 -5.56947583E-02  1.00000000E+00  1.82735182E+00  6.41963211E-01  6.72178412E-02  9.81452787E-01  1.37188351E+00 -3.90430726E-02
 -4.95064519E-02  1.00000000E+00  2.01662818E+00  1.15565032E+00  1.10387735E-01  1.62316154E+00  1.55025599E+00  7.29055580E-03
 -4.33181454E-02  1.00000000E+00  2.19968421E+00  1.22223369E+00  1.20987874E-01  1.87744621E+00  1.45620786E+00  4.21238355E-02
 -3.71298389E-02  1.00000000E+00  2.38274025E+00  1.29943858E+00  1.19407789E-01  2.17413986E+00  1.37568185E+00  7.98458016E-02
 -3.09415324E-02  1.00000000E+00  2.48481531E+00  1.03911546E+00  1.35940399E-01  1.76482442E+00  1.33970175E+00  4.25122665E-02
 -2.47532259E-02  1.00000000E+00  2.58689037E+00  8.13230401E-01  1.55922129E-01  1.43557260E+00  1.34326739E+00  9.23052112E-03
 -1.85649194E-02  1.00000000E+00  3.77536685E+00  1.75637940E+00  5.22677298E-01  4.41347571E+00  1.28581840E+00  3.12765731E-01
 -1.23766130E-02  1.00000000E+00  4.96384334E+00  4.20805150E+00  7.87949104E-01  1.35440394E+01  1.69833803E+00  1.18457014E+00
 -6.18830648E-03  1.00000000E+00  2.25718732E+00  6.90765577E+00  3.94877971E-01  7.00796338E+00  7.78003725E+00 -7.72073872E-02
  0.00000000E+00  1.00000000E+00 -4.49468690E-01  2.11565038E+01  1.98924662E+00  1.08405087E+01  4.20965212E+01 -3.12560125E+00
