# curve 5 (die wall), step =      400, time =   1.60000000E+02
# N1 = tau_xx - tau_yy = G ( c_xx - c_yy ),  G =  1.0000E-01  (polymer part only)
#              x               y        pressure            c_xy        gammadot            c_xx            c_yy              N1
 -3.00000000E+00  1.00000000E+00  2.29454870E+00 -2.41494726E+00  4.60258770E-01  1.49823699E+01  8.23963119E-01  1.41584068E+00
 -2.97524677E+00  1.00000000E+00  2.28022499E+00 -2.41505483E+00  4.60354036E-01  1.49828649E+01  8.23976764E-01  1.41588881E+00
 -2.95049355E+00  1.00000000E+00  2.26590127E+00 -2.41516240E+00  4.60443501E-01  1.49833599E+01  8.23990409E-01  1.41593695E+00
 -2.92574032E+00  1.00000000E+00  2.25161113E+00 -2.41549729E+00  4.60488025E-01  1.49846862E+01  8.24067509E-01  1.41606187E+00
 -2.90098710E+00  1.00000000E+00  2.23732099E+00 -2.41583222E+00  4.60472643E-01  1.49860127E+01  8.24144619E-01  1.41618681E+00
 -2.87623387E+00  1.00000000E+00  2.22343037E+00 -2.41669883E+00  4.60387793E-01  1.49903400E+01  8.24318584E-01  1.41660215E+00
 -2.85148064E+00  1.00000000E+00  2.20953976E+00 -2.41756571E+00  4.60221540E-01  1.49946687E+01  8.24492609E-01  1.41701761E+00
 -2.82672742E+00  1.00000000E+00  2.19510244E+00 -2.41584148E+00  4.60234653E-01  1.49908724E+01  8.24052377E-01  1.41668200E+00
 -2.80197419E+00  1.00000000E+00  2.18066512E+00 -2.41411787E+00  4.60356295E-01  1.49870775E+01  8.23612463E-01  1.41634650E+00
 -2.77722097E+00  1.00000000E+00  2.16638128E+00 -2.41506510E+00  4.60374556E-01  1.49868151E+01  8.23887304E-01  1.41629278E+00
 -2.75246774E+00  1.00000000E+00  2.15209744E+00 -2.41601233E+00  4.60391966E-01  1.49865530E+01  8.24162256E-01  1.41623907E+00
 -2.72771451E+00  1.00000000E+00  2.13801190E+00 -2.41601853E+00  4.60403356E-01  1.49871333E+01  8.24170521E-01  1.41629628E+00
 -2.70296129E+00  1.00000000E+00  2.12392635E+00 -2.41602473E+00  4.60376113E-01  1.49877136E+01  8.24178787E-01  1.41635348E+00
 -2.67820806E+00  1.00000000E+00  2.10959283E+00 -2.41568065E+00  4.60351690E-01  1.49875169E+01  8.24054111E-01  1.41634627E+00
 -2.65345484E+00  1.00000000E+00  2.09525930E+00 -2.41533658E+00  4.60385116E-01  1.49873201E+01  8.23929453E-01  1.41633907E+00
 -2.62870161E+00  1.00000000E+00  2.08106119E+00 -2.41559757E+00  4.60412172E-01  1.49871571E+01  8.24008946E-01  1.41631481E+00
 -2.60394839E+00  1.00000000E+00  2.06686309E+00 -2.41585856E+00  4.60419877E-01  1.49869941E+01  8.24088447E-01  1.41629056E+00
 -2.57919516E+00  1.00000000E+00  2.05262154E+00 -2.41621596E+00  4.60506000E-01  1.49880106E+01  8.24189755E-01  1.41638209E+00
 -2.55444193E+00  1.00000000E+00  2.03838000E+00 -2.41657341E+00  4.60518483E-01  1.49890273E+01  8.24291078E-01  1.41647362E+00
 -2.52968871E+00  1.00000000E+00  2.02428119E+00 -2.41668747E+00  4.60453559E-01  1.49923001E+01  8.24249465E-01  1.41680507E+00
 -2.50493548E+00  1.00000000E+00  2.01018239E+00 -2.41680152E+00  4.60375200E-01  1.49955737E+01  8.24207848E-01  1.41713658E+00
 -2.48018226E+00  1.00000000E+00  1.99565128E+00 -2.41565699E+00  4.60496117E-01  1.49932999E+01  8.23883607E-01  1.41694163E+00
 -2.45542903E+00  1.00000000E+00  1.98112016E+00 -2.41451275E+00  4.60645516E-01  1.49910267E+01  8.23559518E-01  1.41674672E+00
 -2.43067580E+00  1.00000000E+00  1.96691388E+00 -2.41548723E+00  4.60724589E-01  1.49927325E+01  8.23783991E-01  1.41689485E+00
 -2.40592258E+00  1.00000000E+00  1.95270760E+00 -2.41646185E+00  4.60777846E-01  1.49944388E+01  8.24008565E-01  1.41704302E+00
 -2.38116935E+00  1.00000000E+00  1.93862672E+00 -2.41692752E+00  4.60763350E-01  1.49957397E+01  8.24154564E-01  1.41715851E+00
 -2.35641613E+00  1.00000000E+00  1.92454585E+00 -2.41739324E+00  4.60720808E-01  1.49970408E+01  8.24300590E-01  1.41727402E+00
 -2.33166290E+00  1.00000000E+00  1.91014665E+00 -2.41645679E+00  4.60724552E-01  1.49984158E+01  8.23950215E-01  1.41744655E+00
 -2.30690967E+00  1.00000000E+00  1.89574745E+00 -2.41552029E+00  4.60779659E-01  1.49997913E+01  8.23599976E-01  1.41761913E+00
 -2.28215645E+00  1.00000000E+00  1.88143591E+00 -2.41621046E+00  4.60832255E-01  1.50004220E+01  8.23780395E-01  1.41766417E+00
 -2.25740322E+00  1.00000000E+00  1.86712437E+00 -2.41690067E+00  4.60844439E-01  1.50010530E+01  8.23960868E-01  1.41770921E+00
 -2.23265000E+00  1.00000000E+00  1.85307733E+00 -2.41766746E+00  4.60797271E-01  1.50040868E+01  8.24149903E-01  1.41799369E+00
 -2.20789677E+00  1.00000000E+00  1.83903030E+00 -2.41843445E+00  4.60691336E-01  1.50071213E+01  8.24338995E-01  1.41827823E+00
 -2.18314354E+00  1.00000000E+00  1.82461009E+00 -2.41708181E+00  4.60732422E-01  1.50045391E+01  8.23966240E-01  1.41805728E+00
 -2.15839032E+00  1.00000000E+00  1.81018987E+00 -2.41572955E+00  4.60843746E-01  1.50019576E+01  8.23593693E-01  1.41783639E+00
 -2.13363709E+00  1.00000000E+00  1.79586796E+00 -2.41591026E+00  4.60935762E-01  1.50028727E+01  8.23596822E-01  1.41792759E+00
 -2.10888387E+00  1.00000000E+00  1.78154605E+00 -2.41609098E+00  4.61033648E-01  1.50037879E+01  8.23599956E-01  1.41801879E+00
 -2.08413064E+00  1.00000000E+00  1.76726788E+00 -2.41674786E+00  4.61103147E-01  1.50050600E+01  8.23758004E-01  1.41813020E+00
 -2.05937741E+00  1.00000000E+00  1.75298972E+00 -2.41740482E+00  4.61106891E-01  1.50063324E+01  8.23916098E-01  1.41824163E+00
 -2.03462419E+00  1.00000000E+00  1.73874774E+00 -2.41728830E+00  4.61077799E-01  1.50060051E+01  8.23922345E-01  1.41820827E+00
 -2.00987096E+00  1.00000000E+00  1.72450577E+00 -2.41717179E+00  4.61040975E-01  1.50056778E+01  8.23928594E-01  1.41817492E+00
 -1.98511774E+00  1.00000000E+00  1.71013381E+00 -2.41749455E+00  4.60966880E-01  1.50044789E+01  8.24069120E-01  1.41804098E+00
 -1.96036451E+00  1.00000000E+00  1.69576185E+00 -2.41781728E+00  4.60870773E-01  1.50032803E+01  8.24209664E-01  1.41790706E+00
 -1.93561128E+00  1.00000000E+00  1.68166436E+00 -2.41830567E+00  4.60749003E-01  1.50031953E+01  8.24416769E-01  1.41787786E+00
 -1.91085806E+00  1.00000000E+00  1.66756686E+00 -2.41879411E+00  4.60599274E-01  1.50031105E+01  8.24623921E-01  1.41784866E+00
 -1.88610483E+00  1.00000000E+00  1.65308359E+00 -2.41714088E+00  4.60505755E-01  1.50009438E+01  8.24131588E-01  1.41768122E+00
 -1.86135161E+00  1.00000000E+00  1.63860033E+00 -2.41548812E+00  4.60486145E-01  1.49987780E+01  8.23639589E-01  1.41751384E+00
 -1.83659838E+00  1.00000000E+00  1.62413863E+00 -2.41619538E+00  4.60486331E-01  1.49937157E+01  8.24041374E-01  1.41696743E+00
 -1.81184516E+00  1.00000000E+00  1.60967694E+00 -2.41690234E+00  4.60438217E-01  1.49886559E+01  8.24443292E-01  1.41642126E+00
 -1.78709193E+00  1.00000000E+00  1.59568744E+00 -2.41743525E+00  4.60274308E-01  1.49910643E+01  8.24586127E-01  1.41664781E+00
 -1.76233870E+00  1.00000000E+00  1.58169795E+00 -2.41796827E+00  4.60054724E-01  1.49934731E+01  8.24728990E-01  1.41687441E+00
 -1.73758548E+00  1.00000000E+00  1.56703646E+00 -2.41610162E+00  4.59944672E-01  1.49875047E+01  8.24304464E-01  1.41632003E+00
 -1.71283225E+00  1.00000000E+00  1.55237497E+00 -2.41423592E+00  4.59876852E-01  1.49815391E+01  8.23880274E-01  1.41576588E+00
 -1.68807903E+00  1.00000000E+00  1.53790027E+00 -2.41437377E+00  4.59702610E-01  1.49743242E+01  8.24157063E-01  1.41501672E+00
 -1.66332580E+00  1.00000000E+00  1.52342557E+00 -2.41451139E+00  4.59537380E-01  1.49671134E+01  8.24433889E-01  1.41426795E+00
 -1.63857257E+00  1.00000000E+00  1.50913180E+00 -2.41371456E+00  4.59443863E-01  1.49605092E+01  8.24397571E-01  1.41361116E+00
 -1.61381935E+00  1.00000000E+00  1.49483802E+00 -2.41291804E+00  4.59261713E-01  1.49539079E+01  8.24361288E-01  1.41295466E+00
 -1.58906612E+00  1.00000000E+00  1.48024187E+00 -2.41225832E+00  4.58951846E-01  1.49433764E+01  8.24474987E-01  1.41189015E+00
 -1.56431290E+00  1.00000000E+00  1.46564573E+00 -2.41159879E+00  4.58673413E-01  1.49328527E+01  8.24588688E-01  1.41082640E+00
 -1.53955967E+00  1.00000000E+00  1.45150624E+00 -2.41169379E+00  4.58335504E-01  1.49212454E+01  8.25008604E-01  1.40962368E+00
 -1.51480644E+00  1.00000000E+00  1.43736675E+00 -2.41178832E+00  4.57947977E-01  1.49096482E+01  8.25428603E-01  1.40842196E+00
 -1.49005322E+00  1.00000000E+00  1.42307358E+00 -2.41162547E+00  4.57431959E-01  1.48943971E+01  8.25945665E-01  1.40684514E+00
 -1.46529999E+00  1.00000000E+00  1.40878041E+00 -2.41146226E+00  4.56839481E-01  1.48791631E+01  8.26462896E-01  1.40527002E+00
 -1.44054677E+00  1.00000000E+00  1.39450884E+00 -2.41097019E+00  4.56215166E-01  1.48673899E+01  8.26803277E-01  1.40405866E+00
 -1.41579354E+00  1.00000000E+00  1.38023727E+00 -2.41047830E+00  4.55494405E-01  1.48556264E+01  8.27143796E-01  1.40284826E+00
 -1.39104031E+00  1.00000000E+00  1.36560899E+00 -2.40611113E+00  4.54827701E-01  1.48267621E+01  8.26650977E-01  1.40001112E+00
 -1.36628709E+00  1.00000000E+00  1.35098070E+00 -2.40175201E+00  4.54386450E-01  1.47979539E+01  8.26159369E-01  1.39717945E+00
 -1.34153386E+00  1.00000000E+00  1.33650013E+00 -2.40092593E+00  4.53816011E-01  1.47741036E+01  8.26646266E-01  1.39474573E+00
 -1.31678064E+00  1.00000000E+00  1.32201956E+00 -2.40009952E+00  4.53190505E-01  1.47502943E+01  8.27133184E-01  1.39231611E+00
 -1.29202741E+00  1.00000000E+00  1.30782994E+00 -2.39869782E+00  4.52386969E-01  1.47267253E+01  8.27516878E-01  1.38992084E+00
 -1.26727418E+00  1.00000000E+00  1.29364032E+00 -2.39729716E+00  4.51518989E-01  1.47031954E+01  8.27900731E-01  1.38752947E+00
 -1.24252096E+00  1.00000000E+00  1.27942581E+00 -2.39651444E+00  4.50675630E-01  1.46774121E+01  8.28574618E-01  1.38488375E+00
 -1.21776773E+00  1.00000000E+00  1.26521129E+00 -2.39573147E+00  4.49701530E-01  1.46516772E+01  8.29248760E-01  1.38224285E+00
 -1.19301451E+00  1.00000000E+00  1.25088497E+00 -2.39066277E+00  4.48430173E-01  1.46067635E+01  8.29098671E-01  1.37776648E+00
 -1.16826128E+00  1.00000000E+00  1.23655865E+00 -2.38560661E+00  4.47487948E-01  1.45619883E+01  8.28949872E-01  1.37330384E+00
 -1.14350806E+00  1.00000000E+00  1.22240055E+00 -2.38256570E+00  4.46427334E-01  1.45252545E+01  8.29200498E-01  1.36960540E+00
 -1.11875483E+00  1.00000000E+00  1.20824245E+00 -2.37952967E+00  4.45324965E-01  1.44886155E+01  8.29451486E-01  1.36591640E+00
 -1.09400160E+00  1.00000000E+00  1.19396360E+00 -2.37703515E+00  4.44209510E-01  1.44462351E+01  8.30077455E-01  1.36161576E+00
 -1.06924838E+00  1.00000000E+00  1.17968475E+00 -2.37454348E+00  4.43041044E-01  1.44039840E+01  8.30703674E-01  1.35732804E+00
 -1.04449515E+00  1.00000000E+00  1.16595438E+00 -2.37176846E+00  4.41618325E-01  1.43526003E+01  8.31559932E-01  1.35210404E+00
 -1.01974193E+00  1.00000000E+00  1.15222401E+00 -2.36899662E+00  4.40117624E-01  1.43014087E+01  8.32416565E-01  1.34689922E+00
 -9.94988700E-01  1.00000000E+00  1.13856781E+00 -2.36405552E+00  4.38381377E-01  1.42434736E+01  8.32885615E-01  1.34105880E+00
 -9.70235474E-01  1.00000000E+00  1.12491160E+00 -2.35912782E+00  4.36683737E-01  1.41857782E+01  8.33356006E-01  1.33524222E+00
 -9.45482248E-01  1.00000000E+00  1.11106335E+00 -2.35486512E+00  4.34948662E-01  1.41263017E+01  8.34040557E-01  1.32922611E+00
 -9.20729022E-01  1.00000000E+00  1.09721510E+00 -2.35061210E+00  4.33174807E-01  1.40670827E+01  8.34725890E-01  1.32323568E+00
 -8.95975796E-01  1.00000000E+00  1.08408506E+00 -2.34581217E+00  4.31176008E-01  1.39914274E+01  8.35778452E-01  1.31556490E+00
 -8.71222570E-01  1.00000000E+00  1.07095502E+00 -2.34102360E+00  4.29197656E-01  1.39161955E+01  8.36831873E-01  1.30793637E+00
 -8.46469344E-01  1.00000000E+00  1.05803341E+00 -2.33457109E+00  4.26836027E-01  1.38454766E+01  8.37350522E-01  1.30081261E+00
 -8.21716118E-01  1.00000000E+00  1.04511181E+00 -2.32814175E+00  4.24484351E-01  1.37751239E+01  8.37871711E-01  1.29372522E+00
 -7.97201467E-01  1.00000000E+00  1.03185361E+00 -2.32220455E+00  4.22652160E-01  1.36988960E+01  8.38582377E-01  1.28603136E+00
 -7.72686817E-01  1.00000000E+00  1.01859541E+00 -2.31628630E+00  4.20735815E-01  1.36231023E+01  8.39294299E-01  1.27838080E+00
 -7.49503432E-01  1.00000000E+00  1.00747854E+00 -2.31334873E+00  4.18474000E-01  1.35497274E+01  8.41040964E-01  1.27086865E+00
 -7.26320047E-01  1.00000000E+00  9.96361677E-01 -2.31041184E+00  4.16128664E-01  1.34767741E+01  8.42789030E-01  1.26339850E+00
 -7.04527831E-01  1.00000000E+00  9.86147480E-01 -2.30202688E+00  4.13623099E-01  1.33967966E+01  8.43034910E-01  1.25537617E+00
 -6.82735615E-01  1.00000000E+00  9.75933283E-01 -2.29367993E+00  4.11334171E-01  1.33172997E+01  8.43285040E-01  1.24740146E+00
 -6.62251087E-01  1.00000000E+00  9.65616770E-01 -2.28750775E+00  4.09618173E-01  1.32458574E+01  8.43759240E-01  1.24020982E+00
 -6.41766559E-01  1.00000000E+00  9.55300258E-01 -2.28135635E+00  4.07826913E-01  1.31748080E+01  8.44234778E-01  1.23305732E+00
 -6.22511254E-01  1.00000000E+00  9.47141498E-01 -2.27634164E+00  4.05671045E-01  1.30993390E+01  8.45388019E-01  1.22539510E+00
 -6.03255949E-01  1.00000000E+00  9.38982737E-01 -2.27134054E+00  4.03499483E-01  1.30243201E+01  8.46542578E-01  1.21777775E+00
 -5.85156097E-01  1.00000000E+00  9.31329300E-01 -2.26283877E+00  4.01306021E-01  1.29422447E+01  8.46705420E-01  1.20955393E+00
 -5.67056245E-01  1.00000000E+00  9.23675862E-01 -2.25437631E+00  3.99289868E-01  1.28606941E+01  8.46871819E-01  1.20138222E+00
 -5.50042515E-01  1.00000000E+00  9.16634548E-01 -2.25039155E+00  3.97536092E-01  1.27936855E+01  8.48065852E-01  1.19456197E+00
 -5.33028786E-01  1.00000000E+00  9.09593235E-01 -2.24641453E+00  3.95565966E-01  1.27270433E+01  8.49260720E-01  1.18777826E+00
 -5.17036006E-01  1.00000000E+00  9.04589174E-01 -2.24566296E+00  3.93327157E-01  1.26656816E+01  8.51670819E-01  1.18140107E+00
 -5.01043227E-01  1.00000000E+00  8.99585112E-01 -2.24490482E+00  3.90933835E-01  1.26046470E+01  8.54084523E-01  1.17505625E+00
 -4.86010125E-01  1.00000000E+00  8.93542278E-01 -2.23338018E+00  3.88641177E-01  1.25263753E+01  8.53043653E-01  1.16733317E+00
 -4.70977023E-01  1.00000000E+00  8.87499443E-01 -2.22191942E+00  3.87274972E-01  1.24485898E+01  8.52011776E-01  1.15965780E+00
 -4.56846016E-01  1.00000000E+00  8.83641438E-01 -2.21888212E+00  3.85218759E-01  1.23834682E+01  8.53502571E-01  1.15299656E+00
 -4.42715008E-01  1.00000000E+00  8.79783433E-01 -2.21584691E+00  3.83430628E-01  1.23187094E+01  8.54994118E-01  1.14637153E+00
 -4.29431964E-01  1.00000000E+00  8.75857898E-01 -2.21258043E+00  3.82005345E-01  1.22781419E+01  8.55661446E-01  1.14224805E+00
 -4.16148920E-01  1.00000000E+00  8.71932364E-01 -2.20932088E+00  3.80638008E-01  1.22377122E+01  8.56329909E-01  1.13813823E+00
 -4.03662954E-01  1.00000000E+00  8.68861892E-01 -2.20054658E+00  3.78397714E-01  1.21607040E+01  8.56357259E-01  1.13043467E+00
 -3.91176988E-01  1.00000000E+00  8.65791420E-01 -2.19181491E+00  3.76648561E-01  1.20841859E+01  8.56389145E-01  1.12277967E+00
 -3.79440270E-01  1.00000000E+00  8.63239617E-01 -2.18692986E+00  3.75085744E-01  1.20262136E+01  8.56909414E-01  1.11693042E+00
 -3.67703552E-01  1.00000000E+00  8.60687814E-01 -2.18205839E+00  3.73621356E-01  1.19685283E+01  8.57430411E-01  1.11110978E+00
 -3.56671122E-01  1.00000000E+00  8.58423431E-01 -2.17942664E+00  3.72434815E-01  1.19136931E+01  8.58792540E-01  1.10549006E+00
 -3.45638692E-01  1.00000000E+00  8.56159048E-01 -2.17679719E+00  3.70979186E-01  1.18591258E+01  8.60155571E-01  1.09989702E+00
 -3.35268287E-01  1.00000000E+00  8.55782989E-01 -2.17121097E+00  3.68136666E-01  1.17805151E+01  8.61551772E-01  1.09189633E+00
 -3.24897882E-01  1.00000000E+00  8.55406930E-01 -2.16564385E+00  3.65884425E-01  1.17024478E+01  8.62950377E-01  1.08394974E+00
 -3.15149775E-01  1.00000000E+00  8.55164239E-01 -2.16287487E+00  3.63733316E-01  1.16428245E+01  8.64855242E-01  1.07779693E+00
 -3.05401669E-01  1.00000000E+00  8.54921549E-01 -2.16011070E+00  3.61616319E-01  1.15835254E+01  8.66763355E-01  1.07167621E+00
 -2.96238520E-01  1.00000000E+00  8.54526501E-01 -2.14688436E+00  3.58692724E-01  1.14907748E+01  8.65852881E-01  1.06249219E+00
 -2.87075371E-01  1.00000000E+00  8.54131453E-01 -2.13374896E+00  3.56479600E-01  1.13987687E+01  8.64954585E-01  1.05338141E+00
 -2.78462077E-01  1.00000000E+00  8.53415901E-01 -2.12865751E+00  3.55394130E-01  1.13442254E+01  8.65347050E-01  1.04788783E+00
 -2.69848783E-01  1.00000000E+00  8.52700350E-01 -2.12358144E+00  3.54428985E-01  1.12899502E+01  8.65740505E-01  1.04242097E+00
 -2.61752348E-01  1.00000000E+00  8.54095699E-01 -2.11616928E+00  3.51743338E-01  1.11950666E+01  8.67239309E-01  1.03278273E+00
 -2.53655913E-01  1.00000000E+00  8.55491048E-01 -2.10879165E+00  3.49274896E-01  1.11010116E+01  8.68741612E-01  1.02322700E+00
 -2.46045323E-01  1.00000000E+00  8.56233383E-01 -2.10300548E+00  3.46930481E-01  1.10120340E+01  8.70668952E-01  1.01413650E+00
 -2.38434732E-01  1.00000000E+00  8.56975718E-01 -2.09723959E+00  3.44182589E-01  1.09238068E+01  8.72599358E-01  1.00512074E+00
 -2.31280830E-01  1.00000000E+00  8.60098215E-01 -2.08761508E+00  3.40339775E-01  1.08068639E+01  8.74609390E-01  9.93225451E-01
 -2.24126928E-01  1.00000000E+00  8.63220712E-01 -2.07805261E+00  3.36760793E-01  1.06912195E+01  8.76627588E-01  9.81459187E-01
 -2.17402314E-01  1.00000000E+00  8.65208037E-01 -2.06067078E+00  3.32653340E-01  1.05323431E+01  8.77453195E-01  9.65488987E-01
 -2.10677699E-01  1.00000000E+00  8.67195361E-01 -2.04347533E+00  3.28670587E-01  1.03758732E+01  8.78297603E-01  9.49757563E-01
 -2.04351753E-01  1.00000000E+00  8.69763731E-01 -2.03207371E+00  3.24861326E-01  1.02230271E+01  8.81441870E-01  9.34158525E-01
 -1.98025807E-01  1.00000000E+00  8.72332101E-01 -2.02075925E+00  3.20514733E-01  1.00725386E+01  8.84597534E-01  9.18794104E-01
 -1.91837501E-01  1.00000000E+00  8.76653641E-01 -2.00733778E+00  3.14764229E-01  9.88222481E+00  8.89647486E-01  8.99257732E-01
 -1.85649194E-01  1.00000000E+00  8.80975180E-01 -1.99405088E+00  3.08633956E-01  9.69569437E+00  8.94727656E-01  8.80096671E-01
 -1.79460888E-01  1.00000000E+00  8.86209349E-01 -1.97688282E+00  3.01707251E-01  9.49237783E+00  8.99374486E-01  8.59300334E-01
 -1.73272582E-01  1.00000000E+00  8.91443517E-01 -1.95993762E+00  2.94262626E-01  9.29350464E+00  9.04060862E-01  8.38944378E-01
 -1.67084275E-01  1.00000000E+00  8.96229954E-01 -1.91170311E+00  2.84330922E-01  8.93060079E+00  9.04197706E-01  8.02640309E-01
 -1.60895969E-01  1.00000000E+00  9.01016392E-01 -1.86494053E+00  2.75962559E-01  8.58204793E+00  9.04517184E-01  7.67753075E-01
 -1.54707662E-01  1.00000000E+00  9.10022398E-01 -1.83778562E+00  2.67149956E-01  8.24284062E+00  9.14036058E-01  7.32880456E-01
 -1.48519356E-01  1.00000000E+00  9.19028405E-01 -1.81123442E+00  2.56786638E-01  7.91774437E+00  9.23668500E-01  6.99407587E-01
 -1.42331049E-01  1.00000000E+00  9.31708707E-01 -1.78339644E+00  2.42633632E-01  7.52898235E+00  9.41513339E-01  6.58746902E-01
 -1.36142743E-01  1.00000000E+00  9.44389009E-01 -1.75643126E+00  2.28631876E-01  7.16054167E+00  9.59755962E-01  6.20078570E-01
 -1.29954436E-01  1.00000000E+00  9.59583065E-01 -1.64781575E+00  2.10988276E-01  6.49233099E+00  9.58282158E-01  5.53404883E-01
 -1.23766130E-01  1.00000000E+00  9.74777120E-01 -1.54741430E+00  1.95106525E-01  5.88709564E+00  9.58097952E-01  4.92899768E-01
 -1.17577823E-01  1.00000000E+00  9.97510522E-01 -1.42204745E+00  1.75691096E-01  5.07501747E+00  9.70598696E-01  4.10441878E-01
 -1.11389517E-01  1.00000000E+00  1.02024392E+00 -1.31031573E+00  1.54410362E-01  4.37694334E+00  9.85683773E-01  3.39125957E-01
 -1.05201210E-01  1.00000000E+00  1.05946245E+00 -1.18992525E+00  1.31910386E-01  3.63700166E+00  1.01726491E+00  2.61973674E-01
 -9.90129037E-02  1.00000000E+00  1.09868097E+00 -1.08590735E+00  1.09433242E-01  3.02491635E+00  1.05372150E+00  1.97119484E-01
 -9.28245972E-02  1.00000000E+00  1.16644644E+00 -8.86373696E-01  7.81472210E-02  2.32586062E+00  1.06419466E+00  1.26166596E-01
 -8.66362908E-02  1.00000000E+00  1.23421191E+00 -7.25472517E-01  5.27100499E-02  1.78757070E+00  1.08957227E+00  6.97998436E-02
 -8.04479843E-02  1.00000000E+00  1.31326099E+00 -4.31513353E-01  4.32069739E-02  1.23501335E+00  1.08726362E+00  1.47749737E-02
 -7.42596778E-02  1.00000000E+00  1.39231006E+00 -2.07933459E-01  2.42834004E-02  8.64101702E-01  1.13916226E+00 -2.75060556E-02
 -6.80713713E-02  1.00000000E+00  1.51533625E+00  4.81813085E-02  2.11576674E-02  6.95578606E-01  1.20204897E+00 -5.06470365E-02
 -6.18830648E-02  1.00000000E+00  1.63836245E+00  2.83996535E-01  5.88442109E-02  6.10522952E-01  1.34208256E+00 -7.31559607E-02
 -5.56947583E-02  1.00000000E+00  1.82732288E+00  6.42364931E-01  6.73552444E-02  9.79475116E-01  1.37253839E+00 -3.93063270E-02
 -4.95064519E-02  1.00000000E+00  2.01628332E+00  1.15310114E+00  1.10492872E-01  1.61710079E+00  1.54896060E+00  6.81401853E-03
 -4.33181454E-02  1.00000000E+00  2.19969781E+00  1.21986698E+00  1.21128961E-01  1.87330483E+00  1.45394720E+00  4.19357628E-02
 -3.71298389E-02  1.00000000E+00  2.38311230E+00  1.29743708E+00  1.19539494E-01  2.17278842E+00  1.37265493E+00  8.00133483E-02
 -3.09415324E-02  1.00000000E+00  2.48502379E+00  1.03776447E+00  1.35953559E-01  1.76479096E+00  1.33768848E+00  4.27102477E-02
 -2.47532259E-02  1.00000000E+00  2.58693528E+00  8.12207446E-01  1.55858950E-01  1.43646520E+00  1.34238385E+00  9.40813488E-03
 -1.85649194E-02  1.00000000E+00  3.77512340E+00  1.75589053E+00  5.22510743E-01  4.41582983E+00  1.28524808E+00  3.13058175E-01
 -1.23766130E-02  1.00000000E+00  4.96331153E+00  4.20907303E+00  7.87775565E-01  1.35487648E+01  1.69856079E+00  1.18502040E+00
 -6.18830648E-03  1.00000000E+00  2.25694679E+00  6.90856560E+00  3.94802076E-01  7.00988885E+00  7.77990098E+00 -7.70012124E-02
  0.00000000E+00  1.00000000E+00 -4.49417947E-01  2.11550692E+01  1.98950376E+00  1.08414863E+01  4.20870987E+01 -3.12456124E+00
