# model=oldroyd  theta_MLE: lambda=5.51738, beta=0.08, eta_0=0.845628
# delta(x) = y_clean(x) - y_model(x; theta_MLE)   (x from curve4_x.txt)
# columns: x  delta
5.000000000000000000e+00 -2.781881864012625272e-03
4.950333040000000295e+00 -2.781409062649231601e-03
4.900666089999999642e+00 -2.780242451889236577e-03
4.850999129999999937e+00 -2.778904710640128783e-03
4.801332180000000172e+00 -2.777602025349379389e-03
4.751665219999999579e+00 -2.776380562756086690e-03
4.701998269999999813e+00 -2.775269591649420775e-03
4.652331310000000109e+00 -2.774242768971202366e-03
4.602664360000000343e+00 -2.773281574708574837e-03
4.552997399999999750e+00 -2.772338825110409744e-03
4.503330449999999985e+00 -2.771349641517373286e-03
4.453663490000000280e+00 -2.770245587987218983e-03
4.403996539999999627e+00 -2.768959706512585939e-03
4.354329579999999922e+00 -2.767408410657035134e-03
4.304662630000000156e+00 -2.765511058887559770e-03
4.254995669999999564e+00 -2.763214861926988064e-03
4.205328709999999859e+00 -2.760400782121585905e-03
4.155661760000000093e+00 -2.756959388194646365e-03
4.105994800000000389e+00 -2.752829011784196922e-03
4.056327849999999735e+00 -2.747870781798722462e-03
4.006660890000000030e+00 -2.741981465620213498e-03
3.956993939999999821e+00 -2.735037730128508926e-03
3.907326980000000116e+00 -2.726888114399583785e-03
3.857660029999999907e+00 -2.717417696636470481e-03
3.807993070000000202e+00 -2.706462669518350239e-03
3.758326119999999992e+00 -2.693830902760652179e-03
3.708659159999999844e+00 -2.679391395921326691e-03
3.658992210000000078e+00 -2.662944327783911547e-03
3.609325249999999929e+00 -2.644263925682288630e-03
3.559658300000000164e+00 -2.623140091078779434e-03
3.509991340000000015e+00 -2.599306251472865981e-03
3.460324389999999806e+00 -2.572557010102949349e-03
3.410657430000000101e+00 -2.542520934990966097e-03
3.360990469999999952e+00 -2.508989338486200538e-03
3.311323520000000187e+00 -2.471716731310413806e-03
3.261656560000000038e+00 -2.430246019549331393e-03
3.211989609999999828e+00 -2.384349034517674326e-03
3.162322650000000124e+00 -2.333539612369373017e-03
3.112655699999999914e+00 -2.277503107095180113e-03
3.062988740000000210e+00 -2.215800329728123685e-03
3.013321790000000000e+00 -2.147999440152092987e-03
2.963654829999999851e+00 -2.073911037406617197e-03
2.913987880000000086e+00 -1.992859839837324287e-03
2.864320919999999937e+00 -1.904289669228509396e-03
2.814653970000000172e+00 -1.808033135108910727e-03
2.764987010000000023e+00 -1.703735700791186858e-03
2.715320059999999813e+00 -1.590546643380763570e-03
2.665653100000000109e+00 -1.468391541781910448e-03
2.615986139999999960e+00 -1.336079299942616316e-03
2.566319190000000194e+00 -1.193563374613404449e-03
2.516652230000000046e+00 -1.040695650234679803e-03
2.466985279999999836e+00 -8.771109666152465678e-04
2.417318320000000131e+00 -7.033731102858986617e-04
2.367651369999999922e+00 -5.181212981406613238e-04
2.317984410000000217e+00 -3.203108406117927132e-04
2.268317460000000008e+00 -1.105283856550620669e-04
2.218650499999999859e+00 1.103725182378667569e-04
2.168983550000000093e+00 3.423297522948676175e-04
2.119316589999999945e+00 5.867621909800835311e-04
2.069649640000000179e+00 8.424532174609034030e-04
2.019982680000000030e+00 1.108695195970232916e-03
1.970315730000000043e+00 1.385415438050152659e-03
1.920648769999999894e+00 1.668321637073200137e-03
1.870981809999999967e+00 1.964798747502882748e-03
1.821314859999999980e+00 2.268399942305654449e-03
1.771647900000000053e+00 2.575323226537085120e-03
1.721980950000000066e+00 2.889573244605703195e-03
1.672313989999999917e+00 3.207918586390690052e-03
1.622647039999999929e+00 3.528218689742956826e-03
1.572980080000000003e+00 3.853317452554794187e-03
1.523313130000000015e+00 4.169531888740918291e-03
1.473646170000000089e+00 4.476705668628566670e-03
1.423979220000000101e+00 4.783240285552992077e-03
1.374312259999999952e+00 5.064264311444244271e-03
1.324645309999999965e+00 5.349698246363887577e-03
1.274978350000000038e+00 5.610190477432164258e-03
1.225311400000000051e+00 5.831147973905270732e-03
1.175644439999999902e+00 6.048004454607625036e-03
1.125977479999999975e+00 6.244339148137711959e-03
1.076310529999999988e+00 6.418852500677640904e-03
1.026643570000000061e+00 6.504221993696157611e-03
9.769766189999999906e-01 6.579453163185089437e-03
9.273096640000000335e-01 6.575620222346589827e-03
8.776427079999999936e-01 6.525837647287202614e-03
8.279757530000000365e-01 6.457343107714841324e-03
7.786002389999999718e-01 6.275049885850814135e-03
7.317317880000000496e-01 6.106106782543863076e-03
6.876846269999999928e-01 5.799559437311474497e-03
6.462889219999999879e-01 5.522463106442110359e-03
6.073850619999999756e-01 5.216473205108984601e-03
5.708230460000000006e-01 4.857358635373731914e-03
5.364619149999999559e-01 4.456496588432390382e-03
5.041691750000000249e-01 4.026624097431819038e-03
4.738203240000000149e-01 3.636774870211079147e-03
4.452983460000000115e-01 3.246400334118604292e-03
4.184932690000000011e-01 2.887654761057456554e-03
3.933017460000000076e-01 2.470841634267584297e-03
3.696266380000000074e-01 2.065162231074335608e-03
3.473766770000000226e-01 1.699320892654343496e-03
3.264660690000000254e-01 1.361755737166570057e-03
3.068141939999999845e-01 1.023792834244030558e-03
2.883452770000000109e-01 6.995028964167371299e-04
2.709881089999999770e-01 3.838469440409220113e-04
2.546757709999999952e-01 1.034719769437142389e-04
2.393453670000000033e-01 -1.364890446200472951e-04
2.249377889999999991e-01 -4.198362611267381084e-04
2.113974849999999961e-01 -6.323537312000748756e-04
1.986678209999999944e-01 -8.128887535656659225e-04
1.862510820000000122e-01 -1.004887759374240019e-03
1.738343440000000018e-01 -1.180475922109902598e-03
1.614176049999999918e-01 -1.347486115451657085e-03
1.490008660000000096e-01 -1.483333415950971457e-03
1.365841269999999996e-01 -1.555760953690921156e-03
1.241673880000000035e-01 -1.689216073345267688e-03
1.117506489999999936e-01 -1.793157401489109404e-03
9.933391060000000550e-02 -1.835916347694421802e-03
8.691717179999999821e-02 -1.820832457715138020e-03
7.450043300000000479e-02 -1.867685333458712904e-03
6.208369419999999750e-02 -1.821975961436628211e-03
4.966695530000000275e-02 -1.687038190294032347e-03
3.725021650000000240e-02 -1.567944932859388629e-03
2.483347769999999857e-02 -1.389632438703269912e-03
1.241673880000000035e-02 -1.080502870291821793e-03
0.000000000000000000e+00 0.000000000000000000e+00
