# curve 5 (die wall), step =      600, time =   2.40000000E+02
# N1 = tau_xx - tau_yy = G ( c_xx - c_yy ),  G =  1.0000E+00  (polymer part only)
#              x               y        pressure            c_xy        gammadot            c_xx            c_yy              N1
 -3.00000000E+00  1.00000000E+00  2.59807367E+00 -1.98512911E-01  4.00588786E-01  1.07588970E+00  9.96854839E-01  7.90348560E-02
 -2.97524677E+00  1.00000000E+00  2.57833060E+00 -1.98511342E-01  4.00590718E-01  1.07589731E+00  9.96851275E-01  7.90460362E-02
 -2.95049355E+00  1.00000000E+00  2.55858753E+00 -1.98509773E-01  4.00591754E-01  1.07590493E+00  9.96847710E-01  7.90572165E-02
 -2.92574032E+00  1.00000000E+00  2.53884323E+00 -1.98511284E-01  4.00592591E-01  1.07590129E+00  9.96849572E-01  7.90517163E-02
 -2.90098710E+00  1.00000000E+00  2.51909893E+00 -1.98512795E-01  4.00592843E-01  1.07589765E+00  9.96851433E-01  7.90462162E-02
 -2.87623387E+00  1.00000000E+00  2.49935959E+00 -1.98515398E-01  4.00592525E-01  1.07588732E+00  9.96856308E-01  7.90310077E-02
 -2.85148064E+00  1.00000000E+00  2.47962025E+00 -1.98518001E-01  4.00591435E-01  1.07587698E+00  9.96861183E-01  7.90157993E-02
 -2.82672742E+00  1.00000000E+00  2.45987277E+00 -1.98514559E-01  4.00591129E-01  1.07588839E+00  9.96855745E-01  7.90326414E-02
 -2.80197419E+00  1.00000000E+00  2.44012529E+00 -1.98511117E-01  4.00592377E-01  1.07589979E+00  9.96850308E-01  7.90494836E-02
 -2.77722097E+00  1.00000000E+00  2.42038260E+00 -1.98512315E-01  4.00590928E-01  1.07589597E+00  9.96851970E-01  7.90439970E-02
 -2.75246774E+00  1.00000000E+00  2.40063992E+00 -1.98513513E-01  4.00590782E-01  1.07589214E+00  9.96853632E-01  7.90385105E-02
 -2.72771451E+00  1.00000000E+00  2.38089640E+00 -1.98512795E-01  4.00592153E-01  1.07589527E+00  9.96852337E-01  7.90429354E-02
 -2.70296129E+00  1.00000000E+00  2.36115288E+00 -1.98512078E-01  4.00592778E-01  1.07589840E+00  9.96851041E-01  7.90473603E-02
 -2.67820806E+00  1.00000000E+00  2.34140918E+00 -1.98513102E-01  4.00591834E-01  1.07589469E+00  9.96852750E-01  7.90419371E-02
 -2.65345484E+00  1.00000000E+00  2.32166548E+00 -1.98514126E-01  4.00591526E-01  1.07589097E+00  9.96854458E-01  7.90365139E-02
 -2.62870161E+00  1.00000000E+00  2.30192284E+00 -1.98513547E-01  4.00591091E-01  1.07589217E+00  9.96853874E-01  7.90382963E-02
 -2.60394839E+00  1.00000000E+00  2.28218021E+00 -1.98512969E-01  4.00590497E-01  1.07589337E+00  9.96853291E-01  7.90400787E-02
 -2.57919516E+00  1.00000000E+00  2.26243535E+00 -1.98512145E-01  4.00591413E-01  1.07589680E+00  9.96851752E-01  7.90450493E-02
 -2.55444193E+00  1.00000000E+00  2.24269049E+00 -1.98511321E-01  4.00591816E-01  1.07590023E+00  9.96850213E-01  7.90500198E-02
 -2.52968871E+00  1.00000000E+00  2.22294880E+00 -1.98513171E-01  4.00591195E-01  1.07589265E+00  9.96853664E-01  7.90389821E-02
 -2.50493548E+00  1.00000000E+00  2.20320711E+00 -1.98515021E-01  4.00590362E-01  1.07588506E+00  9.96857115E-01  7.90279444E-02
 -2.48018226E+00  1.00000000E+00  2.18346159E+00 -1.98512469E-01  4.00590251E-01  1.07589337E+00  9.96853204E-01  7.90401678E-02
 -2.45542903E+00  1.00000000E+00  2.16371607E+00 -1.98509917E-01  4.00590912E-01  1.07590168E+00  9.96849293E-01  7.90523912E-02
 -2.43067580E+00  1.00000000E+00  2.14397267E+00 -1.98510467E-01  4.00589890E-01  1.07589982E+00  9.96850029E-01  7.90497892E-02
 -2.40592258E+00  1.00000000E+00  2.12422927E+00 -1.98511017E-01  4.00589706E-01  1.07589795E+00  9.96850766E-01  7.90471872E-02
 -2.38116935E+00  1.00000000E+00  2.10448577E+00 -1.98510492E-01  4.00590633E-01  1.07590012E+00  9.96849937E-01  7.90501841E-02
 -2.35641613E+00  1.00000000E+00  2.08474227E+00 -1.98509966E-01  4.00590978E-01  1.07590229E+00  9.96849108E-01  7.90531810E-02
 -2.33166290E+00  1.00000000E+00  2.06499924E+00 -1.98510520E-01  4.00589961E-01  1.07589879E+00  9.96850532E-01  7.90482541E-02
 -2.30690967E+00  1.00000000E+00  2.04525620E+00 -1.98511074E-01  4.00589400E-01  1.07589528E+00  9.96851956E-01  7.90433273E-02
 -2.28215645E+00  1.00000000E+00  2.02551256E+00 -1.98511418E-01  4.00588545E-01  1.07589306E+00  9.96852941E-01  7.90401178E-02
 -2.25740322E+00  1.00000000E+00  2.00576892E+00 -1.98511762E-01  4.00587264E-01  1.07589084E+00  9.96853927E-01  7.90369084E-02
 -2.23265000E+00  1.00000000E+00  1.98602677E+00 -1.98512097E-01  4.00586872E-01  1.07588770E+00  9.96855262E-01  7.90324335E-02
 -2.20789677E+00  1.00000000E+00  1.96628463E+00 -1.98512433E-01  4.00585938E-01  1.07588455E+00  9.96856596E-01  7.90279586E-02
 -2.18314354E+00  1.00000000E+00  1.94653895E+00 -1.98509876E-01  4.00585139E-01  1.07589167E+00  9.96853173E-01  7.90384924E-02
 -2.15839032E+00  1.00000000E+00  1.92679327E+00 -1.98507318E-01  4.00585014E-01  1.07589878E+00  9.96849750E-01  7.90490262E-02
 -2.13363709E+00  1.00000000E+00  1.90705062E+00 -1.98507283E-01  4.00583268E-01  1.07589716E+00  9.96850218E-01  7.90469433E-02
 -2.10888387E+00  1.00000000E+00  1.88730796E+00 -1.98507249E-01  4.00582563E-01  1.07589555E+00  9.96850686E-01  7.90448604E-02
 -2.08413064E+00  1.00000000E+00  1.86756444E+00 -1.98506741E-01  4.00582252E-01  1.07589656E+00  9.96850194E-01  7.90463669E-02
 -2.05937741E+00  1.00000000E+00  1.84782092E+00 -1.98506232E-01  4.00581189E-01  1.07589758E+00  9.96849703E-01  7.90478735E-02
 -2.03462419E+00  1.00000000E+00  1.82807813E+00 -1.98505372E-01  4.00580118E-01  1.07589665E+00  9.96849920E-01  7.90467272E-02
 -2.00987096E+00  1.00000000E+00  1.80833534E+00 -1.98504512E-01  4.00578868E-01  1.07589572E+00  9.96850138E-01  7.90455809E-02
 -1.98511774E+00  1.00000000E+00  1.78859288E+00 -1.98504394E-01  4.00576199E-01  1.07589214E+00  9.96851511E-01  7.90406309E-02
 -1.96036451E+00  1.00000000E+00  1.76885042E+00 -1.98504275E-01  4.00573608E-01  1.07588856E+00  9.96852884E-01  7.90356809E-02
 -1.93561128E+00  1.00000000E+00  1.74910892E+00 -1.98503689E-01  4.00571804E-01  1.07588549E+00  9.96853935E-01  7.90315558E-02
 -1.91085806E+00  1.00000000E+00  1.72936743E+00 -1.98503103E-01  4.00569298E-01  1.07588242E+00  9.96854985E-01  7.90274307E-02
 -1.88610483E+00  1.00000000E+00  1.70962618E+00 -1.98502035E-01  4.00565871E-01  1.07587931E+00  9.96855996E-01  7.90233178E-02
 -1.86135161E+00  1.00000000E+00  1.68988493E+00 -1.98500967E-01  4.00562141E-01  1.07587621E+00  9.96857007E-01  7.90192049E-02
 -1.83659838E+00  1.00000000E+00  1.67014087E+00 -1.98497610E-01  4.00558827E-01  1.07588152E+00  9.96853882E-01  7.90276343E-02
 -1.81184516E+00  1.00000000E+00  1.65039682E+00 -1.98494253E-01  4.00555994E-01  1.07588682E+00  9.96850757E-01  7.90360637E-02
 -1.78709193E+00  1.00000000E+00  1.63065926E+00 -1.98494642E-01  4.00552937E-01  1.07587766E+00  9.96854630E-01  7.90230291E-02
 -1.76233870E+00  1.00000000E+00  1.61092170E+00 -1.98495030E-01  4.00548887E-01  1.07586850E+00  9.96858502E-01  7.90099946E-02
 -1.73758548E+00  1.00000000E+00  1.59118101E+00 -1.98491867E-01  4.00543674E-01  1.07586872E+00  9.96857458E-01  7.90112673E-02
 -1.71283225E+00  1.00000000E+00  1.57144031E+00 -1.98488703E-01  4.00538947E-01  1.07586895E+00  9.96856413E-01  7.90125400E-02
 -1.68807903E+00  1.00000000E+00  1.55170209E+00 -1.98487106E-01  4.00532293E-01  1.07586229E+00  9.96858598E-01  7.90036916E-02
 -1.66332580E+00  1.00000000E+00  1.53196387E+00 -1.98485508E-01  4.00524904E-01  1.07585563E+00  9.96860783E-01  7.89948433E-02
 -1.63857257E+00  1.00000000E+00  1.51222755E+00 -1.98480344E-01  4.00519961E-01  1.07586013E+00  9.96857628E-01  7.90025059E-02
 -1.61381935E+00  1.00000000E+00  1.49249122E+00 -1.98475180E-01  4.00514671E-01  1.07586464E+00  9.96854472E-01  7.90101686E-02
 -1.58906612E+00  1.00000000E+00  1.47275642E+00 -1.98472445E-01  4.00505596E-01  1.07585783E+00  9.96856361E-01  7.90014731E-02
 -1.56431290E+00  1.00000000E+00  1.45302163E+00 -1.98469711E-01  4.00496530E-01  1.07585103E+00  9.96858249E-01  7.89927777E-02
 -1.53955967E+00  1.00000000E+00  1.43329013E+00 -1.98463902E-01  4.00489246E-01  1.07585463E+00  9.96855266E-01  7.89993657E-02
 -1.51480644E+00  1.00000000E+00  1.41355863E+00 -1.98458093E-01  4.00481184E-01  1.07585824E+00  9.96852284E-01  7.90059537E-02
 -1.49005322E+00  1.00000000E+00  1.39383143E+00 -1.98453556E-01  4.00471297E-01  1.07585305E+00  9.96853157E-01  7.89998976E-02
 -1.46529999E+00  1.00000000E+00  1.37410423E+00 -1.98449018E-01  4.00461231E-01  1.07584787E+00  9.96854029E-01  7.89938416E-02
 -1.44054677E+00  1.00000000E+00  1.35438449E+00 -1.98445931E-01  4.00450160E-01  1.07583397E+00  9.96858954E-01  7.89750127E-02
 -1.41579354E+00  1.00000000E+00  1.33466475E+00 -1.98442844E-01  4.00436418E-01  1.07582006E+00  9.96863879E-01  7.89561840E-02
 -1.39104031E+00  1.00000000E+00  1.31494413E+00 -1.98433082E-01  4.00424030E-01  1.07582798E+00  9.96857920E-01  7.89700576E-02
 -1.36628709E+00  1.00000000E+00  1.29522350E+00 -1.98423320E-01  4.00413704E-01  1.07583589E+00  9.96851962E-01  7.89839314E-02
 -1.34153386E+00  1.00000000E+00  1.27551539E+00 -1.98418471E-01  4.00400083E-01  1.07582735E+00  9.96853914E-01  7.89734330E-02
 -1.31678064E+00  1.00000000E+00  1.25580727E+00 -1.98413622E-01  4.00386672E-01  1.07581880E+00  9.96855867E-01  7.89629347E-02
 -1.29202741E+00  1.00000000E+00  1.23610730E+00 -1.98407196E-01  4.00373495E-01  1.07581221E+00  9.96856982E-01  7.89552268E-02
 -1.26727418E+00  1.00000000E+00  1.21640732E+00 -1.98400770E-01  4.00359337E-01  1.07580562E+00  9.96858098E-01  7.89475190E-02
 -1.24252096E+00  1.00000000E+00  1.19672214E+00 -1.98396445E-01  4.00346420E-01  1.07579250E+00  9.96862528E-01  7.89299687E-02
 -1.21776773E+00  1.00000000E+00  1.17703697E+00 -1.98392121E-01  4.00329527E-01  1.07577938E+00  9.96866958E-01  7.89124185E-02
 -1.19301451E+00  1.00000000E+00  1.15735769E+00 -1.98381711E-01  4.00316501E-01  1.07578886E+00  9.96859945E-01  7.89289106E-02
 -1.16826128E+00  1.00000000E+00  1.13767840E+00 -1.98371302E-01  4.00307773E-01  1.07579833E+00  9.96852932E-01  7.89454029E-02
 -1.14350806E+00  1.00000000E+00  1.11802408E+00 -1.98369006E-01  4.00297093E-01  1.07578671E+00  9.96857433E-01  7.89292737E-02
 -1.11875483E+00  1.00000000E+00  1.09836977E+00 -1.98366710E-01  4.00287306E-01  1.07577508E+00  9.96861935E-01  7.89131447E-02
 -1.09400160E+00  1.00000000E+00  1.07873653E+00 -1.98366152E-01  4.00283453E-01  1.07577233E+00  9.96862724E-01  7.89096080E-02
 -1.06924838E+00  1.00000000E+00  1.05910329E+00 -1.98365595E-01  4.00280378E-01  1.07576958E+00  9.96863513E-01  7.89060714E-02
 -1.04449515E+00  1.00000000E+00  1.03949281E+00 -1.98364414E-01  4.00280667E-01  1.07577438E+00  9.96861481E-01  7.89128956E-02
 -1.01974193E+00  1.00000000E+00  1.01988233E+00 -1.98363233E-01  4.00281774E-01  1.07577917E+00  9.96859448E-01  7.89197200E-02
 -9.94988700E-01  1.00000000E+00  1.00030702E+00 -1.98371876E-01  4.00296008E-01  1.07578339E+00  9.96861088E-01  7.89223020E-02
 -9.70235474E-01  1.00000000E+00  9.80731704E-01 -1.98380520E-01  4.00316602E-01  1.07578761E+00  9.96862729E-01  7.89248841E-02
 -9.45482248E-01  1.00000000E+00  9.61193388E-01 -1.98398642E-01  4.00349237E-01  1.07580195E+00  9.96860978E-01  7.89409698E-02
 -9.20729022E-01  1.00000000E+00  9.41655072E-01 -1.98416765E-01  4.00386913E-01  1.07581628E+00  9.96859228E-01  7.89570556E-02
 -8.95975796E-01  1.00000000E+00  9.22165586E-01 -1.98440744E-01  4.00441089E-01  1.07584301E+00  9.96855055E-01  7.89879578E-02
 -8.71222570E-01  1.00000000E+00  9.02676100E-01 -1.98464724E-01  4.00503166E-01  1.07586974E+00  9.96850882E-01  7.90188606E-02
 -8.46469344E-01  1.00000000E+00  8.83238645E-01 -1.98518157E-01  4.00603189E-01  1.07590314E+00  9.96854261E-01  7.90488815E-02
 -8.21716118E-01  1.00000000E+00  8.63801190E-01 -1.98571591E-01  4.00707694E-01  1.07593655E+00  9.96857643E-01  7.90789032E-02
 -7.97201467E-01  1.00000000E+00  8.44629445E-01 -1.98648821E-01  4.00861389E-01  1.07599137E+00  9.96856919E-01  7.91344480E-02
 -7.72686817E-01  1.00000000E+00  8.25457701E-01 -1.98726054E-01  4.01021942E-01  1.07604620E+00  9.96856201E-01  7.91899947E-02
 -7.49503432E-01  1.00000000E+00  8.07399104E-01 -1.98828237E-01  4.01221416E-01  1.07613095E+00  9.96848376E-01  7.92825718E-02
 -7.26320047E-01  1.00000000E+00  7.89340507E-01 -1.98930427E-01  4.01442970E-01  1.07621572E+00  9.96840562E-01  7.93751536E-02
 -7.04527831E-01  1.00000000E+00  7.72439775E-01 -1.99069128E-01  4.01708031E-01  1.07631208E+00  9.96847105E-01  7.94649756E-02
 -6.82735615E-01  1.00000000E+00  7.55539044E-01 -1.99207839E-01  4.01997404E-01  1.07640847E+00  9.96853665E-01  7.95548037E-02
 -6.62251087E-01  1.00000000E+00  7.39746289E-01 -1.99383798E-01  4.02349071E-01  1.07655170E+00  9.96839051E-01  7.97126485E-02
 -6.41766559E-01  1.00000000E+00  7.23953534E-01 -1.99559771E-01  4.02731394E-01  1.07669497E+00  9.96824466E-01  7.98705065E-02
 -6.22511254E-01  1.00000000E+00  7.09179944E-01 -1.99767475E-01  4.03147513E-01  1.07686395E+00  9.96813463E-01  8.00504844E-02
 -6.03255949E-01  1.00000000E+00  6.94406353E-01 -1.99975202E-01  4.03601725E-01  1.07703298E+00  9.96802501E-01  8.02304810E-02
 -5.85156097E-01  1.00000000E+00  6.80609909E-01 -2.00237435E-01  4.04120371E-01  1.07722937E+00  9.96800134E-01  8.04292366E-02
 -5.67056245E-01  1.00000000E+00  6.66813465E-01 -2.00499704E-01  4.04676202E-01  1.07742585E+00  9.96797832E-01  8.06280175E-02
 -5.50042515E-01  1.00000000E+00  6.53929258E-01 -2.00815145E-01  4.05318809E-01  1.07768392E+00  9.96775077E-01  8.09088441E-02
 -5.33028786E-01  1.00000000E+00  6.41045050E-01 -2.01130637E-01  4.05987939E-01  1.07794213E+00  9.96752419E-01  8.11897137E-02
 -5.17036006E-01  1.00000000E+00  6.29041886E-01 -2.01510642E-01  4.06727182E-01  1.07822927E+00  9.96749434E-01  8.14798348E-02
 -5.01043227E-01  1.00000000E+00  6.17038722E-01 -2.01890721E-01  4.07522157E-01  1.07851660E+00  9.96746585E-01  8.17700102E-02
 -4.86010125E-01  1.00000000E+00  6.05840280E-01 -2.02323718E-01  4.08376057E-01  1.07885570E+00  9.96732416E-01  8.21232881E-02
 -4.70977023E-01  1.00000000E+00  5.94641838E-01 -2.02756813E-01  4.09304755E-01  1.07919507E+00  9.96718425E-01  8.24766411E-02
 -4.56846016E-01  1.00000000E+00  5.84194951E-01 -2.03238194E-01  4.10285917E-01  1.07958309E+00  9.96693750E-01  8.28893373E-02
 -4.42715008E-01  1.00000000E+00  5.73748065E-01 -2.03719696E-01  4.11344696E-01  1.07997143E+00  9.96669297E-01  8.33021312E-02
 -4.29431964E-01  1.00000000E+00  5.64057951E-01 -2.04325440E-01  4.12504408E-01  1.08043673E+00  9.96662156E-01  8.37745697E-02
 -4.16148920E-01  1.00000000E+00  5.54367838E-01 -2.04931375E-01  4.13742077E-01  1.08090251E+00  9.96655361E-01  8.42471502E-02
 -4.03662954E-01  1.00000000E+00  5.45348489E-01 -2.05544904E-01  4.14973429E-01  1.08139572E+00  9.96630344E-01  8.47653715E-02
 -3.91176988E-01  1.00000000E+00  5.36329140E-01 -2.06158632E-01  4.16324912E-01  1.08188944E+00  9.96605685E-01  8.52837513E-02
 -3.79440270E-01  1.00000000E+00  5.27893261E-01 -2.06886141E-01  4.17781196E-01  1.08247017E+00  9.96581442E-01  8.58887288E-02
 -3.67703552E-01  1.00000000E+00  5.19457382E-01 -2.07613928E-01  4.19316049E-01  1.08305163E+00  9.96557701E-01  8.64939260E-02
 -3.56671122E-01  1.00000000E+00  5.11713186E-01 -2.08413815E-01  4.20934877E-01  1.08370615E+00  9.96520862E-01  8.71852871E-02
 -3.45638692E-01  1.00000000E+00  5.03968989E-01 -2.09214043E-01  4.22634896E-01  1.08436156E+00  9.96484633E-01  8.78769262E-02
 -3.35268287E-01  1.00000000E+00  4.96735059E-01 -2.10075984E-01  4.24345253E-01  1.08505308E+00  9.96464036E-01  8.85890453E-02
 -3.24897882E-01  1.00000000E+00  4.89501129E-01 -2.10938324E-01  4.26199447E-01  1.08574562E+00  9.96444141E-01  8.93014767E-02
 -3.15149775E-01  1.00000000E+00  4.82863469E-01 -2.11937105E-01  4.28165874E-01  1.08652445E+00  9.96444998E-01  9.00794487E-02
 -3.05401669E-01  1.00000000E+00  4.76225810E-01 -2.12936422E-01  4.30198484E-01  1.08730461E+00  9.96446789E-01  9.08578179E-02
 -2.96238520E-01  1.00000000E+00  4.70006478E-01 -2.13963552E-01  4.32256370E-01  1.08820521E+00  9.96368575E-01  9.18366304E-02
 -2.87075371E-01  1.00000000E+00  4.63787147E-01 -2.14991265E-01  4.34538365E-01  1.08910734E+00  9.96291376E-01  9.28159655E-02
 -2.78462077E-01  1.00000000E+00  4.58097091E-01 -2.16166278E-01  4.36882257E-01  1.09009772E+00  9.96239110E-01  9.38586150E-02
 -2.69848783E-01  1.00000000E+00  4.52407034E-01 -2.17342049E-01  4.39358137E-01  1.09109005E+00  9.96188153E-01  9.49018993E-02
 -2.61752348E-01  1.00000000E+00  4.47201572E-01 -2.18586010E-01  4.41841595E-01  1.09210427E+00  9.96179345E-01  9.59249299E-02
 -2.53655913E-01  1.00000000E+00  4.41996110E-01 -2.19830831E-01  4.44465283E-01  1.09312062E+00  9.96171983E-01  9.69486324E-02
 -2.46045323E-01  1.00000000E+00  4.37191683E-01 -2.21156310E-01  4.47204088E-01  1.09427732E+00  9.96100101E-01  9.81772207E-02
 -2.38434732E-01  1.00000000E+00  4.32387256E-01 -2.22482777E-01  4.50020976E-01  1.09543656E+00  9.96029888E-01  9.94066714E-02
 -2.31280830E-01  1.00000000E+00  4.28011480E-01 -2.23914668E-01  4.52926742E-01  1.09666811E+00  9.95986641E-01  1.00681473E-01
 -2.24126928E-01  1.00000000E+00  4.23635704E-01 -2.25347726E-01  4.55942723E-01  1.09790258E+00  9.95945320E-01  1.01957258E-01
 -2.17402314E-01  1.00000000E+00  4.19589103E-01 -2.26888479E-01  4.59067903E-01  1.09924525E+00  9.95897548E-01  1.03347699E-01
 -2.10677699E-01  1.00000000E+00  4.15542502E-01 -2.28430598E-01  4.62294056E-01  1.10059131E+00  9.95852004E-01  1.04739307E-01
 -2.04351753E-01  1.00000000E+00  4.11919759E-01 -2.30074217E-01  4.65685557E-01  1.10207770E+00  9.95768744E-01  1.06308955E-01
 -1.98025807E-01  1.00000000E+00  4.08297017E-01 -2.31719414E-01  4.69152410E-01  1.10356806E+00  9.95688034E-01  1.07880025E-01
 -1.91837501E-01  1.00000000E+00  4.04879206E-01 -2.33583703E-01  4.72919384E-01  1.10519985E+00  9.95664080E-01  1.09535771E-01
 -1.85649194E-01  1.00000000E+00  4.01461396E-01 -2.35450036E-01  4.76792011E-01  1.10683660E+00  9.95643354E-01  1.11193243E-01
 -1.79460888E-01  1.00000000E+00  3.98243355E-01 -2.37515722E-01  4.81082786E-01  1.10881894E+00  9.95489576E-01  1.13329366E-01
 -1.73272582E-01  1.00000000E+00  3.95025314E-01 -2.39583987E-01  4.85503492E-01  1.11080785E+00  9.95339849E-01  1.15467998E-01
 -1.67084275E-01  1.00000000E+00  3.91927541E-01 -2.41990676E-01  4.90359597E-01  1.11300688E+00  9.95296700E-01  1.17710180E-01
 -1.60895969E-01  1.00000000E+00  3.88829767E-01 -2.44400890E-01  4.95423090E-01  1.11521439E+00  9.95258910E-01  1.19955485E-01
 -1.54707662E-01  1.00000000E+00  3.85985965E-01 -2.47130207E-01  5.01154095E-01  1.11791638E+00  9.95064968E-01  1.22851407E-01
 -1.48519356E-01  1.00000000E+00  3.83142163E-01 -2.49864171E-01  5.07086261E-01  1.12063003E+00  9.94878051E-01  1.25751979E-01
 -1.42331049E-01  1.00000000E+00  3.80741390E-01 -2.53251927E-01  5.13761581E-01  1.12384346E+00  9.94826387E-01  1.29017070E-01
 -1.36142743E-01  1.00000000E+00  3.78340617E-01 -2.56646908E-01  5.20870025E-01  1.12707405E+00  9.94785257E-01  1.32288795E-01
 -1.29954436E-01  1.00000000E+00  3.76313762E-01 -2.60364443E-01  5.28503814E-01  1.13084906E+00  9.94611505E-01  1.36237557E-01
 -1.23766130E-01  1.00000000E+00  3.74286906E-01 -2.64091004E-01  5.36683391E-01  1.13464595E+00  9.94450536E-01  1.40195412E-01
 -1.17577823E-01  1.00000000E+00  3.72499278E-01 -2.68681439E-01  5.46048892E-01  1.13946503E+00  9.94213103E-01  1.45251930E-01
 -1.11389517E-01  1.00000000E+00  3.70711649E-01 -2.73285989E-01  5.55941674E-01  1.14431830E+00  9.93995104E-01  1.50323199E-01
 -1.05201210E-01  1.00000000E+00  3.69800191E-01 -2.78968680E-01  5.67505290E-01  1.15046087E+00  9.93710254E-01  1.56750611E-01
 -9.90129037E-02  1.00000000E+00  3.68888733E-01 -2.84673556E-01  5.79708053E-01  1.15665684E+00  9.93454983E-01  1.63201856E-01
 -9.28245972E-02  1.00000000E+00  3.69004048E-01 -2.91351698E-01  5.94021730E-01  1.16450995E+00  9.92853431E-01  1.71656524E-01
 -8.66362908E-02  1.00000000E+00  3.69119362E-01 -2.98061990E-01  6.09109134E-01  1.17244292E+00  9.92293240E-01  1.80149681E-01
 -8.04479843E-02  1.00000000E+00  3.70108816E-01 -3.07347987E-01  6.27440719E-01  1.18306711E+00  9.92171590E-01  1.90895518E-01
 -7.42596778E-02  1.00000000E+00  3.71098269E-01 -3.16697905E-01  6.47151269E-01  1.19383835E+00  9.92126062E-01  2.01712283E-01
 -6.80713713E-02  1.00000000E+00  3.75024320E-01 -3.27202195E-01  6.70790123E-01  1.20861637E+00  9.90388227E-01  2.18228142E-01
 -6.18830648E-02  1.00000000E+00  3.78950370E-01 -3.37796224E-01  6.97477784E-01  1.22363213E+00  9.88755511E-01  2.34876618E-01
 -5.56947583E-02  1.00000000E+00  3.82147726E-01 -3.55123385E-01  7.30245024E-01  1.24541215E+00  9.89037203E-01  2.56374949E-01
 -4.95064519E-02  1.00000000E+00  3.85345082E-01 -3.72692540E-01  7.68312650E-01  1.26773532E+00  9.89571499E-01  2.78163825E-01
 -4.33181454E-02  1.00000000E+00  4.23509793E-01 -3.96833837E-01  8.16780645E-01  1.30966521E+00  9.84997970E-01  3.24667243E-01
 -3.71298389E-02  1.00000000E+00  4.61674504E-01 -4.21548479E-01  8.77922839E-01  1.35318424E+00  9.80964609E-01  3.72219631E-01
 -3.09415324E-02  1.00000000E+00  3.89778307E-01 -4.51028382E-01  9.66156557E-01  1.39302396E+00  9.84131784E-01  4.08892180E-01
 -2.47532259E-02  1.00000000E+00  3.17882111E-01 -4.81235164E-01  1.04825338E+00  1.43440645E+00  9.87951718E-01  4.46454730E-01
 -1.85649194E-02  1.00000000E+00  8.05674590E-01 -5.96557058E-01  1.21363048E+00  1.69375418E+00  9.72053059E-01  7.21701123E-01
 -1.23766130E-02  1.00000000E+00  1.29346707E+00 -7.28120027E-01  1.55564657E+00  2.00175692E+00  9.66650252E-01  1.03510666E+00
 -6.18830648E-03  1.00000000E+00  1.01529153E-02 -3.85146541E-01  2.48205130E+00  2.65818676E+00  6.43650905E-01  2.01453586E+00
  0.00000000E+00  1.00000000E+00 -1.27316124E+00  1.51321869E-02  4.15302524E+00  3.78811731E+00  4.58887408E-01  3.32922990E+00
