# model=oldroyd  theta_MLE: lambda=0.285374, beta=0.354462, eta_0=0.845514
# delta(x) = y_clean(x) - y_model(x; theta_MLE)   (x from curve4_x.txt)
# columns: x  delta
5.000000000000000000e+00 5.427492402398925719e-06
4.950333040000000295e+00 5.396645200939076403e-06
4.900666089999999642e+00 5.382212365345750982e-06
4.850999129999999937e+00 5.378606654060646974e-06
4.801332180000000172e+00 5.380265877930057172e-06
4.751665219999999579e+00 5.380983855607368582e-06
4.701998269999999813e+00 5.385346361297393969e-06
4.652331310000000109e+00 5.397416520169784349e-06
4.602664360000000343e+00 5.409293274194482137e-06
4.552997399999999750e+00 5.433330300341765451e-06
4.503330449999999985e+00 5.453720509418502616e-06
4.453663490000000280e+00 5.480804491364565934e-06
4.403996539999999627e+00 5.503808183648928321e-06
4.354329579999999922e+00 5.533137494850848270e-06
4.304662630000000156e+00 5.568273520273336885e-06
4.254995669999999564e+00 5.603097149364799634e-06
4.205328709999999859e+00 5.643861271442673910e-06
4.155661760000000093e+00 5.688117399316183764e-06
4.105994800000000389e+00 5.731799661123915257e-06
4.056327849999999735e+00 5.781666940318785919e-06
4.006660890000000030e+00 5.828962413412241972e-06
3.956993939999999821e+00 5.870301970078983800e-06
3.907326980000000116e+00 5.925064766820753448e-06
3.857660029999999907e+00 5.971266298088195867e-06
3.807993070000000202e+00 6.025092114336771942e-06
3.758326119999999992e+00 6.069600413383113846e-06
3.708659159999999844e+00 6.118061449900125126e-06
3.658992210000000078e+00 6.165728269280634777e-06
3.609325249999999929e+00 6.204078054627970573e-06
3.559658300000000164e+00 6.245198510335114861e-06
3.509991340000000015e+00 6.280326861451968057e-06
3.460324389999999806e+00 6.305809760354108562e-06
3.410657430000000101e+00 6.325630161008177765e-06
3.360990469999999952e+00 6.340588774245148329e-06
3.311323520000000187e+00 6.351990573749688451e-06
3.261656560000000038e+00 6.344709434502604495e-06
3.211989609999999828e+00 6.335053180706040621e-06
3.162322650000000124e+00 6.317695088409180926e-06
3.112655699999999914e+00 6.268058362790540627e-06
3.062988740000000210e+00 6.216145590487442973e-06
3.013321790000000000e+00 6.148612075262960275e-06
2.963654829999999851e+00 6.060568633392549032e-06
2.913987880000000086e+00 5.949551461492674775e-06
2.864320919999999937e+00 5.827070628461328283e-06
2.814653970000000172e+00 5.690481525100210547e-06
2.764987010000000023e+00 5.517162545487508396e-06
2.715320059999999813e+00 5.331368295280469738e-06
2.665653100000000109e+00 5.114545220896715705e-06
2.615986139999999960e+00 4.878699987331813759e-06
2.566319190000000194e+00 4.597349404722450572e-06
2.516652230000000046e+00 4.305403171089849934e-06
2.466985279999999836e+00 3.980915522783234906e-06
2.417318320000000131e+00 3.620387845293393525e-06
2.367651369999999922e+00 3.243671533592618061e-06
2.317984410000000217e+00 2.841458921709616448e-06
2.268317460000000008e+00 2.404964281499388790e-06
2.218650499999999859e+00 1.941887242784545720e-06
2.168983550000000093e+00 1.448420959615503989e-06
2.119316589999999945e+00 9.424993057116637374e-07
2.069649640000000179e+00 3.998575255348413293e-07
2.019982680000000030e+00 -1.726772433929824047e-07
1.970315730000000043e+00 -7.450743597647857541e-07
1.920648769999999894e+00 -1.343601407688410632e-06
1.870981809999999967e+00 -1.965265703285368204e-06
1.821314859999999980e+00 -2.594907375641497538e-06
1.771647900000000053e+00 -3.231733737285580332e-06
1.721980950000000066e+00 -3.859109889425837991e-06
1.672313989999999917e+00 -4.532264702650223853e-06
1.622647039999999929e+00 -5.193466183550654591e-06
1.572980080000000003e+00 -5.864483405337850286e-06
1.523313130000000015e+00 -6.499755093036796438e-06
1.473646170000000089e+00 -7.123125663088814008e-06
1.423979220000000101e+00 -7.718129720890587464e-06
1.374312259999999952e+00 -8.392043955751660178e-06
1.324645309999999965e+00 -8.991729418816873931e-06
1.274978350000000038e+00 -9.604494241477468108e-06
1.225311400000000051e+00 -1.024732819598916933e-05
1.175644439999999902e+00 -1.089459240843915211e-05
1.125977479999999975e+00 -1.166379097150560540e-05
1.076310529999999988e+00 -1.237348394123038986e-05
1.026643570000000061e+00 -1.343470103187804909e-05
9.769766189999999906e-01 -1.418717486623144453e-05
9.273096640000000335e-01 -1.581018015817114986e-05
8.776427079999999936e-01 -1.727555816333214977e-05
8.279757530000000365e-01 -1.865883133178591891e-05
7.786002389999999718e-01 -2.057954885148483015e-05
7.317317880000000496e-01 -2.225842337799655013e-05
6.876846269999999928e-01 -2.494872747371701394e-05
6.462889219999999879e-01 -2.708841363374681066e-05
6.073850619999999756e-01 -2.953218773926735707e-05
5.708230460000000006e-01 -3.203067869672615586e-05
5.364619149999999559e-01 -3.438204528705135488e-05
5.041691750000000249e-01 -3.567313101004998543e-05
4.738203240000000149e-01 -3.748303523765095235e-05
4.452983460000000115e-01 -3.925656838998925480e-05
4.184932690000000011e-01 -3.972659323259186692e-05
3.933017460000000076e-01 -3.989007602589467183e-05
3.696266380000000074e-01 -3.994257533679324013e-05
3.473766770000000226e-01 -3.955860476012595939e-05
3.264660690000000254e-01 -3.764251789473149756e-05
3.068141939999999845e-01 -3.543065410327450593e-05
2.883452770000000109e-01 -3.329405944318963861e-05
2.709881089999999770e-01 -3.031164805489261482e-05
2.546757709999999952e-01 -2.592026931225177577e-05
2.393453670000000033e-01 -2.219536847958281101e-05
2.249377889999999991e-01 -1.689707696206355081e-05
2.113974849999999961e-01 -1.037864435615709624e-05
1.986678209999999944e-01 -4.635312867318219787e-06
1.862510820000000122e-01 2.228728057662721085e-06
1.738343440000000018e-01 9.884079432254111452e-06
1.614176049999999918e-01 1.914053977425389519e-05
1.490008660000000096e-01 2.995251929882591924e-05
1.365841269999999996e-01 4.110704379600704783e-05
1.241673880000000035e-01 5.447130950297918162e-05
1.117506489999999936e-01 6.834373931408066483e-05
9.933391060000000550e-02 8.447218649410004332e-05
8.691717179999999821e-02 9.927695251099599716e-05
7.450043300000000479e-02 1.182199494342839330e-04
6.208369419999999750e-02 1.363401648577511338e-04
4.966695530000000275e-02 1.488999538215018958e-04
3.725021650000000240e-02 1.619174805460588118e-04
2.483347769999999857e-02 1.604863899868913535e-04
1.241673880000000035e-02 8.889347669871483504e-05
0.000000000000000000e+00 0.000000000000000000e+00
