# curve 5 (die wall), step =      200, time =   4.00000000E+01
# N1 = tau_xx - tau_yy = G ( c_xx - c_yy ),  G =  1.2857E-01  (polymer part only)
#              x               y        pressure            c_xy        gammadot            c_xx            c_yy              N1
 -3.00000000E+00  1.00000000E+00  3.17130769E+00 -2.79298132E+00  4.00234999E-01  1.63615568E+01  9.99587655E-01  1.97511032E+00
 -2.95108291E+00  1.00000000E+00  3.13263387E+00 -2.79395908E+00  4.00379615E-01  1.63721277E+01  9.99607194E-01  1.97646693E+00
 -2.90216582E+00  1.00000000E+00  3.09396006E+00 -2.79493724E+00  4.00578727E-01  1.63827056E+01  9.99626740E-01  1.97782443E+00
 -2.85324873E+00  1.00000000E+00  3.05389397E+00 -2.79179032E+00  4.00379382E-01  1.63706805E+01  9.98937580E-01  1.97636695E+00
 -2.80433164E+00  1.00000000E+00  3.01382788E+00 -2.78864613E+00  4.00394808E-01  1.63586647E+01  9.98249212E-01  1.97491057E+00
 -2.75541455E+00  1.00000000E+00  2.97515474E+00 -2.79152219E+00  4.00826232E-01  1.63621729E+01  9.99019684E-01  1.97526256E+00
 -2.70649746E+00  1.00000000E+00  2.93648161E+00 -2.79439918E+00  4.00800855E-01  1.63656836E+01  9.99790997E-01  1.97561476E+00
 -2.65758037E+00  1.00000000E+00  2.89773546E+00 -2.79605533E+00  4.00861210E-01  1.63720804E+01  1.00021106E+00  1.97638320E+00
 -2.60866328E+00  1.00000000E+00  2.85898931E+00 -2.79771228E+00  4.00672551E-01  1.63784799E+01  1.00063136E+00  1.97715195E+00
 -2.55974619E+00  1.00000000E+00  2.82019784E+00 -2.79713519E+00  4.00531921E-01  1.63819141E+01  1.00039824E+00  1.97762347E+00
 -2.51082911E+00  1.00000000E+00  2.78140637E+00 -2.79655786E+00  4.00780650E-01  1.63853495E+01  1.00016517E+00  1.97809513E+00
 -2.46191202E+00  1.00000000E+00  2.74165830E+00 -2.79594050E+00  4.00625889E-01  1.63806521E+01  1.00003996E+00  1.97750728E+00
 -2.41299493E+00  1.00000000E+00  2.70191024E+00 -2.79532328E+00  4.00486400E-01  1.63759561E+01  9.99914771E-01  1.97691960E+00
 -2.36407784E+00  1.00000000E+00  2.66339134E+00 -2.79594752E+00  4.00415348E-01  1.63756217E+01  1.00023481E+00  1.97683546E+00
 -2.31516075E+00  1.00000000E+00  2.62487244E+00 -2.79657183E+00  4.00338116E-01  1.63752875E+01  1.00055494E+00  1.97675133E+00
 -2.26624366E+00  1.00000000E+00  2.58551305E+00 -2.79552256E+00  4.00341853E-01  1.63807607E+01  9.99990034E-01  1.97752766E+00
 -2.21732657E+00  1.00000000E+00  2.54615366E+00 -2.79447291E+00  4.00518563E-01  1.63862369E+01  9.99425360E-01  1.97830434E+00
 -2.16840948E+00  1.00000000E+00  2.50684572E+00 -2.79660981E+00  4.00538387E-01  1.63850342E+01  1.00011715E+00  1.97806076E+00
 -2.11949239E+00  1.00000000E+00  2.46753779E+00 -2.79874662E+00  4.00429604E-01  1.63838333E+01  1.00080948E+00  1.97781735E+00
 -2.07057530E+00  1.00000000E+00  2.42888144E+00 -2.79809597E+00  4.00511869E-01  1.63903105E+01  1.00055625E+00  1.97868269E+00
 -2.02165821E+00  1.00000000E+00  2.39022509E+00 -2.79744462E+00  4.00470597E-01  1.63967913E+01  1.00030308E+00  1.97954848E+00
 -1.97274112E+00  1.00000000E+00  2.35005404E+00 -2.79588995E+00  4.00249561E-01  1.63851581E+01  1.00003391E+00  1.97808740E+00
 -1.92382403E+00  1.00000000E+00  2.30988298E+00 -2.79433619E+00  4.00090339E-01  1.63735332E+01  9.99764846E-01  1.97662737E+00
 -1.87490694E+00  1.00000000E+00  2.27107315E+00 -2.79622592E+00  3.99868298E-01  1.63569967E+01  1.00102525E+00  1.97433919E+00
 -1.82598985E+00  1.00000000E+00  2.23226333E+00 -2.79811309E+00  3.99451663E-01  1.63404832E+01  1.00228666E+00  1.97205384E+00
 -1.77707276E+00  1.00000000E+00  2.19319018E+00 -2.79796048E+00  3.99101173E-01  1.63339857E+01  1.00259618E+00  1.97117865E+00
 -1.72815567E+00  1.00000000E+00  2.15411703E+00 -2.79780793E+00  3.98731416E-01  1.63274910E+01  1.00290579E+00  1.97030381E+00
 -1.67923858E+00  1.00000000E+00  2.11500225E+00 -2.79192067E+00  3.97767393E-01  1.62953525E+01  1.00200291E+00  1.96628780E+00
 -1.63032150E+00  1.00000000E+00  2.07588746E+00 -2.78604509E+00  3.97422723E-01  1.62632774E+01  1.00110224E+00  1.96227966E+00
 -1.58140441E+00  1.00000000E+00  2.03581769E+00 -2.78356089E+00  3.96786418E-01  1.62175839E+01  1.00189124E+00  1.95630334E+00
 -1.53248732E+00  1.00000000E+00  1.99574792E+00 -2.78107863E+00  3.96115344E-01  1.61720257E+01  1.00268041E+00  1.95034439E+00
 -1.48357023E+00  1.00000000E+00  1.95599724E+00 -2.77317404E+00  3.95219085E-01  1.61240283E+01  1.00123940E+00  1.94435858E+00
 -1.43465314E+00  1.00000000E+00  1.91624655E+00 -2.76529203E+00  3.95083449E-01  1.60761734E+01  9.99802004E-01  1.93839061E+00
 -1.38573605E+00  1.00000000E+00  1.87710696E+00 -2.75821078E+00  3.93520640E-01  1.59808539E+01  1.00079912E+00  1.92600704E+00
 -1.33681896E+00  1.00000000E+00  1.83796736E+00 -2.75115153E+00  3.92156976E-01  1.58861191E+01  1.00179736E+00  1.91369851E+00
 -1.28790187E+00  1.00000000E+00  1.79907094E+00 -2.74423414E+00  3.90602907E-01  1.57903140E+01  1.00272028E+00  1.90126205E+00
 -1.23898478E+00  1.00000000E+00  1.76017451E+00 -2.73733622E+00  3.88942538E-01  1.56951085E+01  1.00364338E+00  1.88890266E+00
 -1.19006769E+00  1.00000000E+00  1.72220796E+00 -2.72172533E+00  3.86452716E-01  1.55842120E+01  1.00212761E+00  1.87483942E+00
 -1.14115060E+00  1.00000000E+00  1.68424141E+00 -2.70621124E+00  3.84362564E-01  1.54740999E+01  1.00062406E+00  1.86087547E+00
 -1.09223351E+00  1.00000000E+00  1.64318619E+00 -2.69477941E+00  3.83277948E-01  1.53400767E+01  1.00109431E+00  1.84358345E+00
 -1.04331642E+00  1.00000000E+00  1.60213097E+00 -2.68340290E+00  3.81723596E-01  1.52072474E+01  1.00156513E+00  1.82644487E+00
 -9.94399333E-01  1.00000000E+00  1.56679712E+00 -2.67307592E+00  3.78701595E-01  1.50335373E+01  1.00415856E+00  1.80377726E+00
 -9.45482243E-01  1.00000000E+00  1.53146327E+00 -2.66278311E+00  3.75809541E-01  1.48619145E+01  1.00675101E+00  1.78137816E+00
 -8.96565154E-01  1.00000000E+00  1.49387732E+00 -2.63820665E+00  3.72161622E-01  1.46874203E+01  1.00453232E+00  1.75922845E+00
 -8.47648064E-01  1.00000000E+00  1.45629136E+00 -2.61387995E+00  3.69898079E-01  1.45149788E+01  1.00234493E+00  1.73733864E+00
 -7.99501858E-01  1.00000000E+00  1.42270848E+00 -2.59665249E+00  3.66082132E-01  1.43083581E+01  1.00353458E+00  1.71062017E+00
 -7.51355652E-01  1.00000000E+00  1.38912559E+00 -2.57955552E+00  3.63352404E-01  1.41047748E+01  1.00472500E+00  1.68429211E+00
 -7.08111109E-01  1.00000000E+00  1.35856394E+00 -2.55355932E+00  3.60941065E-01  1.39012592E+01  1.00242553E+00  1.65842148E+00
 -6.64866566E-01  1.00000000E+00  1.32800228E+00 -2.52785965E+00  3.59084500E-01  1.37007023E+01  1.00015286E+00  1.63292778E+00
 -6.26599939E-01  1.00000000E+00  1.30276643E+00 -2.51385629E+00  3.57610200E-01  1.35564237E+01  1.00035912E+00  1.61435116E+00
 -5.88333313E-01  1.00000000E+00  1.27753058E+00 -2.49994498E+00  3.55680561E-01  1.34137019E+01  1.00056850E+00  1.59597430E+00
 -5.54471587E-01  1.00000000E+00  1.25796101E+00 -2.48832319E+00  3.54234273E-01  1.33092661E+01  1.00031855E+00  1.58257898E+00
 -5.20609860E-01  1.00000000E+00  1.23839145E+00 -2.47676601E+00  3.52635174E-01  1.32056566E+01  1.00007300E+00  1.56928932E+00
 -4.90645977E-01  1.00000000E+00  1.22233406E+00 -2.46894228E+00  3.50817706E-01  1.31001536E+01  1.00130226E+00  1.55556660E+00
 -4.60682095E-01  1.00000000E+00  1.20627667E+00 -2.46114567E+00  3.49328001E-01  1.29955309E+01  1.00253124E+00  1.54195710E+00
 -4.34167380E-01  1.00000000E+00  1.19369922E+00 -2.45246117E+00  3.48408115E-01  1.29275808E+01  1.00209572E+00  1.53327665E+00
 -4.07652666E-01  1.00000000E+00  1.18112176E+00 -2.44381259E+00  3.46866768E-01  1.28599890E+01  1.00166383E+00  1.52464181E+00
 -3.84190072E-01  1.00000000E+00  1.17010000E+00 -2.43232095E+00  3.44815087E-01  1.27584017E+01  1.00175399E+00  1.51156900E+00
 -3.60727478E-01  1.00000000E+00  1.15907823E+00 -2.42089608E+00  3.43342409E-01  1.26576296E+01  1.00185021E+00  1.49860021E+00
 -3.39965684E-01  1.00000000E+00  1.15211018E+00 -2.41599167E+00  3.41908437E-01  1.25629071E+01  1.00447673E+00  1.48608390E+00
 -3.19203889E-01  1.00000000E+00  1.14514213E+00 -2.41109744E+00  3.39285300E-01  1.24689408E+01  1.00710699E+00  1.47366435E+00
 -3.00831998E-01  1.00000000E+00  1.13988956E+00 -2.39534872E+00  3.34528700E-01  1.22808100E+01  1.01023654E+00  1.44907373E+00
 -2.82460107E-01  1.00000000E+00  1.13463700E+00 -2.37974330E+00  3.30117746E-01  1.20956228E+01  1.01338381E+00  1.42485930E+00
 -2.66203017E-01  1.00000000E+00  1.13034956E+00 -2.36341755E+00  3.25866667E-01  1.18686617E+01  1.01863678E+00  1.39500320E+00
 -2.49945927E-01  1.00000000E+00  1.12606213E+00 -2.34725225E+00  3.18910639E-01  1.16461689E+01  1.02391806E+00  1.36571797E+00
 -2.35560203E-01  1.00000000E+00  1.12468316E+00 -2.27688340E+00  3.06899903E-01  1.11234474E+01  1.02186121E+00  1.29877537E+00
 -2.21174479E-01  1.00000000E+00  1.12330419E+00 -2.20903785E+00  2.97688709E-01  1.06244037E+01  1.02010458E+00  1.23483846E+00
 -2.08421419E-01  1.00000000E+00  1.12029210E+00 -2.16495296E+00  2.88521621E-01  1.00712502E+01  1.03266538E+00  1.16210377E+00
 -1.95668358E-01  1.00000000E+00  1.11728000E+00 -2.12210891E+00  2.75814665E-01  9.54829149E+00  1.04538929E+00  1.09323028E+00
 -1.83439085E-01  1.00000000E+00  1.12644700E+00 -2.05028689E+00  2.59003835E-01  8.80837865E+00  1.06434527E+00  9.95661434E-01
 -1.71209813E-01  1.00000000E+00  1.13561400E+00 -1.98221276E+00  2.34566083E-01  8.12809219E+00  1.08401569E+00  9.05666979E-01
 -1.58980541E-01  1.00000000E+00  1.14463769E+00 -1.63929791E+00  1.93509464E-01  6.32249213E+00  1.06019769E+00  6.76580714E-01
 -1.46751268E-01  1.00000000E+00  1.15366138E+00 -1.36238518E+00  1.62773023E-01  4.91845502E+00  1.04900788E+00  4.97500347E-01
 -1.34521996E-01  1.00000000E+00  1.25228029E+00 -1.10018113E+00  1.15219644E-01  3.66077029E+00  1.06247067E+00  3.34067094E-01
 -1.22292724E-01  1.00000000E+00  1.35089919E+00 -8.95059645E-01  7.04036862E-02  2.72466071E+00  1.09145796E+00  2.09983211E-01
 -1.10063451E-01  1.00000000E+00  1.47597148E+00 -4.49202403E-01  4.32955665E-02  1.36172850E+00  1.19054807E+00  2.20089125E-02
 -9.78341789E-02  1.00000000E+00  1.60104377E+00 -1.80990840E-01  2.25805989E-02  6.83036099E-01  1.40556735E+00 -9.28968752E-02
 -8.56049065E-02  1.00000000E+00  2.02546828E+00  5.95795344E-01  1.03183912E-01  1.03529597E+00  1.39238900E+00 -4.59119611E-02
 -7.33756342E-02  1.00000000E+00  2.44989279E+00  1.84478790E+00  2.08629734E-01  2.22151853E+00  2.10505870E+00  1.49734064E-02
 -6.11463618E-02  1.00000000E+00  2.75628841E+00  1.38051652E+00  2.36179838E-01  2.11630698E+00  1.51866030E+00  7.68402874E-02
 -4.89170895E-02  1.00000000E+00  3.06268402E+00  9.96786056E-01  2.75422474E-01  2.13778262E+00  1.09347316E+00  1.34268358E-01
 -3.66878171E-02  1.00000000E+00  3.94278866E+00  1.33902212E+00  3.58670814E-01  3.18786822E+00  1.18960942E+00  2.56918989E-01
 -2.44585447E-02  1.00000000E+00  4.82289330E+00  1.81598961E+00  5.29620674E-01  4.75533836E+00  1.31893494E+00  4.41823297E-01
 -1.22292724E-02  1.00000000E+00  2.36827811E+00  4.18797360E+00  8.25657873E-01  3.74049244E+00  6.22155016E+00 -3.18993136E-01
  0.00000000E+00  1.00000000E+00 -8.63370791E-02  1.30903402E+01  7.05717952E+00  6.17377602E+00  2.95453157E+01 -3.00491224E+00
