# curve 5 (die wall), step =      100, time =   4.00000000E+01
# N1 = tau_xx - tau_yy = G ( c_xx - c_yy ),  G =  4.2857E-02  (polymer part only)
#              x               y        pressure            c_xy        gammadot            c_xx            c_yy              N1
 -3.00000000E+00  1.00000000E+00  2.20176469E+00 -1.03408443E+00  4.11713748E-01  3.97862522E+00  6.40574902E-01  1.43059299E-01
 -2.97524677E+00  1.00000000E+00  2.18530578E+00 -1.03404490E+00  4.11716963E-01  3.97846134E+00  6.40577266E-01  1.43052175E-01
 -2.95049355E+00  1.00000000E+00  2.16884686E+00 -1.03400538E+00  4.11719173E-01  3.97829747E+00  6.40579631E-01  1.43045050E-01
 -2.92574032E+00  1.00000000E+00  2.15238686E+00 -1.03403889E+00  4.11718847E-01  3.97845821E+00  6.40576748E-01  1.43052062E-01
 -2.90098710E+00  1.00000000E+00  2.13592686E+00 -1.03407240E+00  4.11716313E-01  3.97861895E+00  6.40573866E-01  1.43059075E-01
 -2.87623387E+00  1.00000000E+00  2.11946114E+00 -1.03413613E+00  4.11713994E-01  3.97904851E+00  6.40552808E-01  1.43078387E-01
 -2.85148064E+00  1.00000000E+00  2.10299542E+00 -1.03419987E+00  4.11710788E-01  3.97947812E+00  6.40531752E-01  1.43097701E-01
 -2.82672742E+00  1.00000000E+00  2.08653444E+00 -1.03410097E+00  4.11713322E-01  3.97899759E+00  6.40543266E-01  1.43076614E-01
 -2.80197419E+00  1.00000000E+00  2.07007346E+00 -1.03400207E+00  4.11714672E-01  3.97851712E+00  6.40554784E-01  1.43055529E-01
 -2.77722097E+00  1.00000000E+00  2.05360930E+00 -1.03403507E+00  4.11717212E-01  3.97849377E+00  6.40569874E-01  1.43053881E-01
 -2.75246774E+00  1.00000000E+00  2.03714514E+00 -1.03406807E+00  4.11718921E-01  3.97847041E+00  6.40584964E-01  1.43052233E-01
 -2.72771451E+00  1.00000000E+00  2.02068714E+00 -1.03405795E+00  4.11717558E-01  3.97848889E+00  6.40581224E-01  1.43053186E-01
 -2.70296129E+00  1.00000000E+00  2.00422913E+00 -1.03404783E+00  4.11713800E-01  3.97850737E+00  6.40577483E-01  1.43054138E-01
 -2.67820806E+00  1.00000000E+00  1.98776602E+00 -1.03405810E+00  4.11712942E-01  3.97851837E+00  6.40577809E-01  1.43054595E-01
 -2.65345484E+00  1.00000000E+00  1.97130290E+00 -1.03406838E+00  4.11713926E-01  3.97852936E+00  6.40578136E-01  1.43055052E-01
 -2.62870161E+00  1.00000000E+00  1.95484180E+00 -1.03407242E+00  4.11715536E-01  3.97849852E+00  6.40583488E-01  1.43053502E-01
 -2.60394839E+00  1.00000000E+00  1.93838070E+00 -1.03407647E+00  4.11716913E-01  3.97846769E+00  6.40588840E-01  1.43051951E-01
 -2.57919516E+00  1.00000000E+00  1.92192062E+00 -1.03405272E+00  4.11716551E-01  3.97844382E+00  6.40583053E-01  1.43051176E-01
 -2.55444193E+00  1.00000000E+00  1.90546053E+00 -1.03402897E+00  4.11714777E-01  3.97841996E+00  6.40577267E-01  1.43050401E-01
 -2.52968871E+00  1.00000000E+00  1.88899480E+00 -1.03408584E+00  4.11712826E-01  3.97873120E+00  6.40568074E-01  1.43064134E-01
 -2.50493548E+00  1.00000000E+00  1.87252907E+00 -1.03414271E+00  4.11708925E-01  3.97904246E+00  6.40558883E-01  1.43077868E-01
 -2.48018226E+00  1.00000000E+00  1.85606755E+00 -1.03407125E+00  4.11711825E-01  3.97869491E+00  6.40565111E-01  1.43062706E-01
 -2.45542903E+00  1.00000000E+00  1.83960603E+00 -1.03399979E+00  4.11714868E-01  3.97834739E+00  6.40571342E-01  1.43047545E-01
 -2.43067580E+00  1.00000000E+00  1.82314574E+00 -1.03401457E+00  4.11717495E-01  3.97832169E+00  6.40580013E-01  1.43046072E-01
 -2.40592258E+00  1.00000000E+00  1.80668544E+00 -1.03402935E+00  4.11719549E-01  3.97829599E+00  6.40588683E-01  1.43044599E-01
 -2.38116935E+00  1.00000000E+00  1.79022505E+00 -1.03401154E+00  4.11717752E-01  3.97826901E+00  6.40586302E-01  1.43043544E-01
 -2.35641613E+00  1.00000000E+00  1.77376466E+00 -1.03399374E+00  4.11713373E-01  3.97824202E+00  6.40583922E-01  1.43042490E-01
 -2.33166290E+00  1.00000000E+00  1.75730137E+00 -1.03402190E+00  4.11711933E-01  3.97835871E+00  6.40581920E-01  1.43047577E-01
 -2.30690967E+00  1.00000000E+00  1.74083808E+00 -1.03405007E+00  4.11710372E-01  3.97847540E+00  6.40579919E-01  1.43052664E-01
 -2.28215645E+00  1.00000000E+00  1.72437671E+00 -1.03405943E+00  4.11710229E-01  3.97848155E+00  6.40581426E-01  1.43052862E-01
 -2.25740322E+00  1.00000000E+00  1.70791533E+00 -1.03406878E+00  4.11711590E-01  3.97848770E+00  6.40582934E-01  1.43053061E-01
 -2.23265000E+00  1.00000000E+00  1.69145110E+00 -1.03409983E+00  4.11709911E-01  3.97871894E+00  6.40573414E-01  1.43063380E-01
 -2.20789677E+00  1.00000000E+00  1.67498687E+00 -1.03413088E+00  4.11704920E-01  3.97895020E+00  6.40563894E-01  1.43073699E-01
 -2.18314354E+00  1.00000000E+00  1.65852536E+00 -1.03406912E+00  4.11705234E-01  3.97859532E+00  6.40575902E-01  1.43057975E-01
 -2.15839032E+00  1.00000000E+00  1.64206385E+00 -1.03400736E+00  4.11705646E-01  3.97824047E+00  6.40587912E-01  1.43042252E-01
 -2.13363709E+00  1.00000000E+00  1.62560589E+00 -1.03401679E+00  4.11706180E-01  3.97824157E+00  6.40591390E-01  1.43042150E-01
 -2.10888387E+00  1.00000000E+00  1.60914793E+00 -1.03402622E+00  4.11706453E-01  3.97824267E+00  6.40594867E-01  1.43042049E-01
 -2.08413064E+00  1.00000000E+00  1.59268362E+00 -1.03402544E+00  4.11705706E-01  3.97821230E+00  6.40597859E-01  1.43040619E-01
 -2.05937741E+00  1.00000000E+00  1.57621931E+00 -1.03402466E+00  4.11704033E-01  3.97818193E+00  6.40600850E-01  1.43039189E-01
 -2.03462419E+00  1.00000000E+00  1.55975920E+00 -1.03401130E+00  4.11700592E-01  3.97820149E+00  6.40594066E-01  1.43040318E-01
 -2.00987096E+00  1.00000000E+00  1.54329910E+00 -1.03399794E+00  4.11696208E-01  3.97822105E+00  6.40587281E-01  1.43041447E-01
 -1.98511774E+00  1.00000000E+00  1.52683619E+00 -1.03401602E+00  4.11694133E-01  3.97822452E+00  6.40593701E-01  1.43041321E-01
 -1.96036451E+00  1.00000000E+00  1.51037327E+00 -1.03403409E+00  4.11692453E-01  3.97822799E+00  6.40600121E-01  1.43041194E-01
 -1.93561128E+00  1.00000000E+00  1.49391459E+00 -1.03406171E+00  4.11687853E-01  3.97843144E+00  6.40591848E-01  1.43050268E-01
 -1.91085806E+00  1.00000000E+00  1.47745590E+00 -1.03408933E+00  4.11681860E-01  3.97863491E+00  6.40583576E-01  1.43059343E-01
 -1.88610483E+00  1.00000000E+00  1.46098986E+00 -1.03407826E+00  4.11678347E-01  3.97856194E+00  6.40583367E-01  1.43056224E-01
 -1.86135161E+00  1.00000000E+00  1.44452382E+00 -1.03406720E+00  4.11675224E-01  3.97848896E+00  6.40583157E-01  1.43053106E-01
 -1.83659838E+00  1.00000000E+00  1.42806852E+00 -1.03403818E+00  4.11674273E-01  3.97827188E+00  6.40598767E-01  1.43043133E-01
 -1.81184516E+00  1.00000000E+00  1.41161322E+00 -1.03400916E+00  4.11671206E-01  3.97805480E+00  6.40614378E-01  1.43033161E-01
 -1.78709193E+00  1.00000000E+00  1.39515449E+00 -1.03406090E+00  4.11659909E-01  3.97845996E+00  6.40593130E-01  1.43051435E-01
 -1.76233870E+00  1.00000000E+00  1.37869575E+00 -1.03411263E+00  4.11645708E-01  3.97886515E+00  6.40571883E-01  1.43069711E-01
 -1.73758548E+00  1.00000000E+00  1.36223205E+00 -1.03409381E+00  4.11641771E-01  3.97868400E+00  6.40582630E-01  1.43061487E-01
 -1.71283225E+00  1.00000000E+00  1.34576835E+00 -1.03407498E+00  4.11635932E-01  3.97850287E+00  6.40593377E-01  1.43053264E-01
 -1.68807903E+00  1.00000000E+00  1.32931128E+00 -1.03408581E+00  4.11629251E-01  3.97840708E+00  6.40608365E-01  1.43048516E-01
 -1.66332580E+00  1.00000000E+00  1.31285421E+00 -1.03409664E+00  4.11622643E-01  3.97831129E+00  6.40623352E-01  1.43043769E-01
 -1.63857257E+00  1.00000000E+00  1.29640380E+00 -1.03405650E+00  4.11613077E-01  3.97822102E+00  6.40618919E-01  1.43040090E-01
 -1.61381935E+00  1.00000000E+00  1.27995339E+00 -1.03401637E+00  4.11600862E-01  3.97813075E+00  6.40614486E-01  1.43036411E-01
 -1.58906612E+00  1.00000000E+00  1.26349426E+00 -1.03400904E+00  4.11589424E-01  3.97791651E+00  6.40633830E-01  1.43026400E-01
 -1.56431290E+00  1.00000000E+00  1.24703514E+00 -1.03400171E+00  4.11579305E-01  3.97770227E+00  6.40653175E-01  1.43016390E-01
 -1.53955967E+00  1.00000000E+00  1.23059279E+00 -1.03396784E+00  4.11566254E-01  3.97749201E+00  6.40664298E-01  1.43006902E-01
 -1.51480644E+00  1.00000000E+00  1.21415043E+00 -1.03393397E+00  4.11552774E-01  3.97728175E+00  6.40675422E-01  1.42997414E-01
 -1.49005322E+00  1.00000000E+00  1.19770400E+00 -1.03392512E+00  4.11536018E-01  3.97724846E+00  6.40678982E-01  1.42995835E-01
 -1.46529999E+00  1.00000000E+00  1.18125757E+00 -1.03391627E+00  4.11515442E-01  3.97721516E+00  6.40682543E-01  1.42994255E-01
 -1.44054677E+00  1.00000000E+00  1.16480985E+00 -1.03397833E+00  4.11494009E-01  3.97756306E+00  6.40673456E-01  1.43009555E-01
 -1.41579354E+00  1.00000000E+00  1.14836213E+00 -1.03404040E+00  4.11467717E-01  3.97791100E+00  6.40664371E-01  1.43024855E-01
 -1.39104031E+00  1.00000000E+00  1.13192941E+00 -1.03392336E+00  4.11448737E-01  3.97726293E+00  6.40687267E-01  1.42996100E-01
 -1.36628709E+00  1.00000000E+00  1.11549668E+00 -1.03380633E+00  4.11430661E-01  3.97661496E+00  6.40710170E-01  1.42967348E-01
 -1.34153386E+00  1.00000000E+00  1.09906938E+00 -1.03382996E+00  4.11408452E-01  3.97647641E+00  6.40736292E-01  1.42960291E-01
 -1.31678064E+00  1.00000000E+00  1.08264208E+00 -1.03385359E+00  4.11383246E-01  3.97633786E+00  6.40762415E-01  1.42953233E-01
 -1.29202741E+00  1.00000000E+00  1.06622948E+00 -1.03384779E+00  4.11353539E-01  3.97630595E+00  6.40766752E-01  1.42951680E-01
 -1.26727418E+00  1.00000000E+00  1.04981688E+00 -1.03384198E+00  4.11322326E-01  3.97627403E+00  6.40771089E-01  1.42950126E-01
 -1.24252096E+00  1.00000000E+00  1.03340885E+00 -1.03387787E+00  4.11293610E-01  3.97629993E+00  6.40787409E-01  1.42950537E-01
 -1.21776773E+00  1.00000000E+00  1.01700081E+00 -1.03391376E+00  4.11255918E-01  3.97632583E+00  6.40803731E-01  1.42950947E-01
 -1.19301451E+00  1.00000000E+00  1.00060905E+00 -1.03379640E+00  4.11224162E-01  3.97571636E+00  6.40823526E-01  1.42923979E-01
 -1.16826128E+00  1.00000000E+00  9.84217289E-01 -1.03367906E+00  4.11197515E-01  3.97510699E+00  6.40843329E-01  1.42897014E-01
 -1.14350806E+00  1.00000000E+00  9.67849777E-01 -1.03371945E+00  4.11163938E-01  3.97508784E+00  6.40865281E-01  1.42895252E-01
 -1.11875483E+00  1.00000000E+00  9.51482265E-01 -1.03375985E+00  4.11126482E-01  3.97506868E+00  6.40887235E-01  1.42893491E-01
 -1.09400160E+00  1.00000000E+00  9.35133801E-01 -1.03372834E+00  4.11098927E-01  3.97481632E+00  6.40902449E-01  1.42882023E-01
 -1.06924838E+00  1.00000000E+00  9.18785337E-01 -1.03369684E+00  4.11071015E-01  3.97456398E+00  6.40917664E-01  1.42870556E-01
 -1.04449515E+00  1.00000000E+00  9.02469701E-01 -1.03365980E+00  4.11038957E-01  3.97425349E+00  6.40940779E-01  1.42856259E-01
 -1.01974193E+00  1.00000000E+00  8.86154065E-01 -1.03362276E+00  4.11005483E-01  3.97394304E+00  6.40963897E-01  1.42841963E-01
 -9.94988700E-01  1.00000000E+00  8.69870740E-01 -1.03361458E+00  4.10980609E-01  3.97384688E+00  6.40975180E-01  1.42837359E-01
 -9.70235474E-01  1.00000000E+00  8.53587414E-01 -1.03360639E+00  4.10961189E-01  3.97375073E+00  6.40986463E-01  1.42832754E-01
 -9.45482248E-01  1.00000000E+00  8.37343671E-01 -1.03357870E+00  4.10953615E-01  3.97367388E+00  6.40978409E-01  1.42829806E-01
 -9.20729022E-01  1.00000000E+00  8.21099927E-01 -1.03355101E+00  4.10951111E-01  3.97359702E+00  6.40970356E-01  1.42826857E-01
 -8.95975796E-01  1.00000000E+00  8.04916934E-01 -1.03351981E+00  4.10954326E-01  3.97342630E+00  6.40979353E-01  1.42819155E-01
 -8.71222570E-01  1.00000000E+00  7.88733941E-01 -1.03348860E+00  4.10962532E-01  3.97325559E+00  6.40988350E-01  1.42811453E-01
 -8.46469344E-01  1.00000000E+00  7.72605709E-01 -1.03359334E+00  4.11001890E-01  3.97375657E+00  6.40979848E-01  1.42833288E-01
 -8.21716118E-01  1.00000000E+00  7.56477476E-01 -1.03369809E+00  4.11040596E-01  3.97425762E+00  6.40971351E-01  1.42855126E-01
 -7.97201467E-01  1.00000000E+00  7.40592187E-01 -1.03378088E+00  4.11134813E-01  3.97487377E+00  6.40929648E-01  1.42883320E-01
 -7.72686817E-01  1.00000000E+00  7.24706898E-01 -1.03386369E+00  4.11228431E-01  3.97549003E+00  6.40887952E-01  1.42911518E-01
 -7.49503432E-01  1.00000000E+00  7.09765262E-01 -1.03385270E+00  4.11360496E-01  3.97634966E+00  6.40764416E-01  1.42953653E-01
 -7.26320047E-01  1.00000000E+00  6.94823626E-01 -1.03384171E+00  4.11514745E-01  3.97720951E+00  6.40640902E-01  1.42995798E-01
 -7.04527831E-01  1.00000000E+00  6.80866186E-01 -1.03411336E+00  4.11703258E-01  3.97845168E+00  6.40622852E-01  1.43049807E-01
 -6.82735615E-01  1.00000000E+00  6.66908746E-01 -1.03438508E+00  4.11911703E-01  3.97969424E+00  6.40604831E-01  1.43103832E-01
 -6.62251087E-01  1.00000000E+00  6.53889540E-01 -1.03438499E+00  4.12195527E-01  3.98151490E+00  6.40351562E-01  1.43192715E-01
 -6.41766559E-01  1.00000000E+00  6.40870334E-01 -1.03438492E+00  4.12507487E-01  3.98333652E+00  6.40098393E-01  1.43281634E-01
 -6.22511254E-01  1.00000000E+00  6.28725497E-01 -1.03453117E+00  4.12846157E-01  3.98545097E+00  6.39891612E-01  1.43381115E-01
 -6.03255949E-01  1.00000000E+00  6.16580659E-01 -1.03467749E+00  4.13222323E-01  3.98756662E+00  6.39684921E-01  1.43480644E-01
 -5.85156097E-01  1.00000000E+00  6.05268788E-01 -1.03511790E+00  4.13656834E-01  3.99039992E+00  6.39539064E-01  1.43608322E-01
 -5.67056245E-01  1.00000000E+00  5.93956917E-01 -1.03555858E+00  4.14124343E-01  3.99323524E+00  6.39393347E-01  1.43736081E-01
 -5.50042515E-01  1.00000000E+00  5.83419948E-01 -1.03577414E+00  4.14691480E-01  3.99693843E+00  6.39004866E-01  1.43911438E-01
 -5.33028786E-01  1.00000000E+00  5.72882979E-01 -1.03598992E+00  4.15280498E-01  4.00064532E+00  6.38616681E-01  1.44086942E-01
 -5.17036006E-01  1.00000000E+00  5.63105308E-01 -1.03650745E+00  4.15936338E-01  4.00507776E+00  6.38306174E-01  1.44290211E-01
 -5.01043227E-01  1.00000000E+00  5.53327637E-01 -1.03702549E+00  4.16635027E-01  4.00951525E+00  6.37995998E-01  1.44493682E-01
 -4.86010125E-01  1.00000000E+00  5.44240953E-01 -1.03755315E+00  4.17409582E-01  4.01455186E+00  6.37597711E-01  1.44726606E-01
 -4.70977023E-01  1.00000000E+00  5.35154270E-01 -1.03808145E+00  4.18252410E-01  4.01959503E+00  6.37199891E-01  1.44959792E-01
 -4.56846016E-01  1.00000000E+00  5.26708240E-01 -1.03866782E+00  4.19145797E-01  4.02561063E+00  6.36711981E-01  1.45238513E-01
 -4.42715008E-01  1.00000000E+00  5.18262210E-01 -1.03925503E+00  4.20117779E-01  4.03163562E+00  6.36224720E-01  1.45517610E-01
 -4.29431964E-01  1.00000000E+00  5.10481086E-01 -1.03997044E+00  4.21210224E-01  4.03872661E+00  6.35659837E-01  1.45845719E-01
 -4.16148920E-01  1.00000000E+00  5.02699962E-01 -1.04068705E+00  4.22360129E-01  4.04583057E+00  6.35095859E-01  1.46174345E-01
 -4.03662954E-01  1.00000000E+00  4.95484201E-01 -1.04131749E+00  4.23500857E-01  4.05332752E+00  6.34443232E-01  1.46523612E-01
 -3.91176988E-01  1.00000000E+00  4.88268439E-01 -1.04194909E+00  4.24774956E-01  4.06083912E+00  6.33791628E-01  1.46873464E-01
 -3.79440270E-01  1.00000000E+00  4.81560302E-01 -1.04299305E+00  4.26150086E-01  4.06975646E+00  6.33169807E-01  1.47282285E-01
 -3.67703552E-01  1.00000000E+00  4.74852165E-01 -1.04403911E+00  4.27600144E-01  4.07869394E+00  6.32549343E-01  1.47691911E-01
 -3.56671122E-01  1.00000000E+00  4.68766388E-01 -1.04496692E+00  4.29151918E-01  4.08865710E+00  6.31732125E-01  1.48153927E-01
 -3.45638692E-01  1.00000000E+00  4.62680610E-01 -1.04589692E+00  4.30752565E-01  4.09864570E+00  6.30916676E-01  1.48616958E-01
 -3.35268287E-01  1.00000000E+00  4.57005032E-01 -1.04699712E+00  4.32367289E-01  4.10920966E+00  6.30131958E-01  1.49103330E-01
 -3.24897882E-01  1.00000000E+00  4.51329453E-01 -1.04809997E+00  4.34140669E-01  4.11980185E+00  6.29349095E-01  1.49590832E-01
 -3.15149775E-01  1.00000000E+00  4.46179670E-01 -1.04926004E+00  4.36038211E-01  4.13148607E+00  6.28456294E-01  1.50129848E-01
 -3.05401669E-01  1.00000000E+00  4.41029886E-01 -1.05042321E+00  4.37986583E-01  4.14320478E+00  6.27565777E-01  1.50670243E-01
 -2.96238520E-01  1.00000000E+00  4.36244406E-01 -1.05139394E+00  4.39971660E-01  4.15666116E+00  6.26352182E-01  1.51298956E-01
 -2.87075371E-01  1.00000000E+00  4.31458925E-01 -1.05236796E+00  4.42206126E-01  4.17016403E+00  6.25141854E-01  1.51929522E-01
 -2.78462077E-01  1.00000000E+00  4.27169653E-01 -1.05380528E+00  4.44498510E-01  4.18440277E+00  6.24076222E-01  1.52585424E-01
 -2.69848783E-01  1.00000000E+00  4.22880381E-01 -1.05524724E+00  4.46883213E-01  4.19869200E+00  6.23013962E-01  1.53243344E-01
 -2.61752348E-01  1.00000000E+00  4.18976148E-01 -1.05693816E+00  4.49282251E-01  4.21406778E+00  6.21976061E-01  1.53946788E-01
 -2.53655913E-01  1.00000000E+00  4.15071915E-01 -1.05863476E+00  4.51824346E-01  4.22950166E+00  6.20941792E-01  1.54652566E-01
 -2.46045323E-01  1.00000000E+00  4.11553148E-01 -1.05976422E+00  4.54493065E-01  4.24570450E+00  6.19510652E-01  1.55408308E-01
 -2.38434732E-01  1.00000000E+00  4.08034382E-01 -1.06089820E+00  4.57238185E-01  4.26197345E+00  6.18084047E-01  1.56166689E-01
 -2.31280830E-01  1.00000000E+00  4.04850619E-01 -1.06232583E+00  4.60072155E-01  4.27912555E+00  6.16722375E-01  1.56960136E-01
 -2.24126928E-01  1.00000000E+00  4.01666856E-01 -1.06375906E+00  4.63022249E-01  4.29635028E+00  6.15365360E-01  1.57756497E-01
 -2.17402314E-01  1.00000000E+00  3.98804279E-01 -1.06605751E+00  4.66067421E-01  4.31573516E+00  6.14191028E-01  1.58637605E-01
 -2.10677699E-01  1.00000000E+00  3.95941703E-01 -1.06836535E+00  4.69209790E-01  4.33520965E+00  6.13022179E-01  1.59522320E-01
 -2.04351753E-01  1.00000000E+00  3.93452402E-01 -1.06995694E+00  4.72535651E-01  4.35558983E+00  6.11389912E-01  1.60465711E-01
 -1.98025807E-01  1.00000000E+00  3.90963101E-01 -1.07155592E+00  4.75929995E-01  4.37607116E+00  6.09764126E-01  1.61413159E-01
 -1.91837501E-01  1.00000000E+00  3.88676290E-01 -1.07382762E+00  4.79627661E-01  4.39832248E+00  6.08294135E-01  1.62429786E-01
 -1.85649194E-01  1.00000000E+00  3.86389479E-01 -1.07610995E+00  4.83427768E-01  4.42069094E+00  6.06831114E-01  1.63451135E-01
 -1.79460888E-01  1.00000000E+00  3.84331892E-01 -1.07714978E+00  4.87662116E-01  4.44568955E+00  6.04445916E-01  1.64624727E-01
 -1.73272582E-01  1.00000000E+00  3.82274305E-01 -1.07819693E+00  4.92037183E-01  4.47084269E+00  6.02071395E-01  1.65804484E-01
 -1.67084275E-01  1.00000000E+00  3.80404677E-01 -1.08161828E+00  4.96818516E-01  4.50013901E+00  6.00438064E-01  1.67130040E-01
 -1.60895969E-01  1.00000000E+00  3.78535049E-01 -1.08505978E+00  5.01784301E-01  4.52963189E+00  5.98815908E-01  1.68463542E-01
 -1.54707662E-01  1.00000000E+00  3.76926831E-01 -1.08691663E+00  5.07449013E-01  4.56260865E+00  5.96035716E-01  1.69995983E-01
 -1.48519356E-01  1.00000000E+00  3.75318613E-01 -1.08878793E+00  5.13291012E-01  4.59584350E+00  5.93271750E-01  1.71538789E-01
 -1.42331049E-01  1.00000000E+00  3.74243128E-01 -1.09258725E+00  5.19941243E-01  4.63492980E+00  5.90834757E-01  1.73318359E-01
 -1.36142743E-01  1.00000000E+00  3.73167644E-01 -1.09641626E+00  5.26936035E-01  4.67436053E+00  5.88417077E-01  1.75111862E-01
 -1.29954436E-01  1.00000000E+00  3.72481515E-01 -1.09923603E+00  5.34423814E-01  4.71777943E+00  5.85171359E-01  1.77111774E-01
 -1.23766130E-01  1.00000000E+00  3.71795387E-01 -1.10208157E+00  5.42507468E-01  4.76162757E+00  5.81949863E-01  1.79129045E-01
 -1.17577823E-01  1.00000000E+00  3.71423908E-01 -1.10649794E+00  5.51809217E-01  4.81575881E+00  5.78436779E-01  1.81599516E-01
 -1.11389517E-01  1.00000000E+00  3.71052429E-01 -1.11096115E+00  5.61613526E-01  4.87053441E+00  5.74958171E-01  1.84096124E-01
 -1.05201210E-01  1.00000000E+00  3.71729355E-01 -1.11569993E+00  5.73132237E-01  4.93577534E+00  5.70622725E-01  1.87077969E-01
 -9.90129037E-02  1.00000000E+00  3.72406280E-01 -1.12049884E+00  5.85208515E-01  5.00193726E+00  5.66335970E-01  1.90097198E-01
 -9.28245972E-02  1.00000000E+00  3.74232020E-01 -1.12286950E+00  5.99399349E-01  5.07702169E+00  5.60214177E-01  1.93577465E-01
 -8.66362908E-02  1.00000000E+00  3.76057760E-01 -1.12528273E+00  6.14302849E-01  5.15334289E+00  5.54163185E-01  1.97107702E-01
 -8.04479843E-02  1.00000000E+00  3.78821857E-01 -1.13461819E+00  6.32527323E-01  5.25290353E+00  5.49238084E-01  2.01585662E-01
 -7.42596778E-02  1.00000000E+00  3.81585954E-01 -1.14411427E+00  6.52157584E-01  5.35444905E+00  5.44403457E-01  2.06144811E-01
 -6.80713713E-02  1.00000000E+00  3.87324277E-01 -1.14223944E+00  6.75773023E-01  5.47368182E+00  5.33364862E-01  2.11727869E-01
 -6.18830648E-02  1.00000000E+00  3.93062600E-01 -1.14036874E+00  7.02251629E-01  5.59599743E+00  5.22520414E-01  2.17434729E-01
 -5.56947583E-02  1.00000000E+00  3.99147678E-01 -1.16829648E+00  7.35240993E-01  5.78141902E+00  5.19198494E-01  2.25523737E-01
 -4.95064519E-02  1.00000000E+00  4.05232756E-01 -1.19705488E+00  7.72332234E-01  5.97298375E+00  5.16164224E-01  2.33863694E-01
 -4.33181454E-02  1.00000000E+00  4.43939179E-01 -1.18978824E+00  8.19175831E-01  6.24593278E+00  4.93679210E-01  2.46525153E-01
 -3.71298389E-02  1.00000000E+00  4.82645602E-01 -1.18233416E+00  8.80322810E-01  6.53354782E+00  4.71992863E-01  2.59780927E-01
 -3.09415324E-02  1.00000000E+00  4.14153845E-01 -1.06371212E+00  9.71309103E-01  6.42786843E+00  4.38339536E-01  2.56694096E-01
 -2.47532259E-02  1.00000000E+00  3.45662088E-01 -9.48137510E-01  1.05125034E+00  6.33153904E+00  4.08321206E-01  2.53852193E-01
 -1.85649194E-02  1.00000000E+00  8.50966392E-01 -1.57255192E+00  1.20371040E+00  8.57745708E+00  4.95104956E-01  3.46386520E-01
 -1.23766130E-02  1.00000000E+00  1.35627070E+00 -2.43708457E+00  1.55139748E+00  1.16987415E+01  6.67185172E-01  4.72780983E-01
 -6.18830648E-03  1.00000000E+00 -4.27667728E-02  8.77400784E-01  2.52469855E+00  9.70496614E+00  2.72482198E-01  4.04249312E-01
  0.00000000E+00  1.00000000E+00 -1.44180424E+00  5.19852303E+00  4.86115499E+00  1.41196516E+01  2.04736169E+00  5.17383854E-01
