# model=oldroyd  theta_MLE: lambda=1.52801, beta=0.287305, eta_0=0.846391
# delta(x) = y_clean(x) - y_model(x; theta_MLE)   (x from curve4_x.txt)
# columns: x  delta
5.000000000000000000e+00 -1.126413145650317915e-03
4.950333040000000295e+00 -1.126542284126674787e-03
4.900666089999999642e+00 -1.126621294124108275e-03
4.850999129999999937e+00 -1.126652051893106687e-03
4.801332180000000172e+00 -1.126634334881027044e-03
4.751665219999999579e+00 -1.126568884201262222e-03
4.701998269999999813e+00 -1.126466448316598701e-03
4.652331310000000109e+00 -1.126330704506850466e-03
4.602664360000000343e+00 -1.126154684977676013e-03
4.552997399999999750e+00 -1.125943389574945996e-03
4.503330449999999985e+00 -1.125692212624596067e-03
4.453663490000000280e+00 -1.125394130861101516e-03
4.403996539999999627e+00 -1.125053786831697877e-03
4.354329579999999922e+00 -1.124656950777680464e-03
4.304662630000000156e+00 -1.124194222190233461e-03
4.254995669999999564e+00 -1.123679418348899617e-03
4.205328709999999859e+00 -1.123085725003747370e-03
4.155661760000000093e+00 -1.122403580145814317e-03
4.105994800000000389e+00 -1.121619079936797547e-03
4.056327849999999735e+00 -1.120710892221543631e-03
4.006660890000000030e+00 -1.119669814729551405e-03
3.956993939999999821e+00 -1.118474306284866771e-03
3.907326980000000116e+00 -1.117101283071519902e-03
3.857660029999999907e+00 -1.115516585683540285e-03
3.807993070000000202e+00 -1.113702885010336985e-03
3.758326119999999992e+00 -1.111609106482225329e-03
3.708659159999999844e+00 -1.109194810498870254e-03
3.658992210000000078e+00 -1.106428143311743995e-03
3.609325249999999929e+00 -1.103259590118588207e-03
3.559658300000000164e+00 -1.099623202910571251e-03
3.509991340000000015e+00 -1.095465742306123147e-03
3.460324389999999806e+00 -1.090712025332507551e-03
3.410657430000000101e+00 -1.085292068008447686e-03
3.360990469999999952e+00 -1.079103561379968212e-03
3.311323520000000187e+00 -1.072076559703205589e-03
3.261656560000000038e+00 -1.064088201791157928e-03
3.211989609999999828e+00 -1.055034398137477680e-03
3.162322650000000124e+00 -1.044790272717532886e-03
3.112655699999999914e+00 -1.033218417274550660e-03
3.062988740000000210e+00 -1.020180344359467028e-03
3.013321790000000000e+00 -1.005509901650158966e-03
2.963654829999999851e+00 -9.890447159202064853e-04
2.913987880000000086e+00 -9.705860607531757722e-04
2.864320919999999937e+00 -9.499738954727998674e-04
2.814653970000000172e+00 -9.269668342357650914e-04
2.764987010000000023e+00 -9.013763768930260767e-04
2.715320059999999813e+00 -8.729297508842659425e-04
2.665653100000000109e+00 -8.414218144869867189e-04
2.615986139999999960e+00 -8.065412041620145800e-04
2.566319190000000194e+00 -7.680840767290142423e-04
2.516652230000000046e+00 -7.257814872996259936e-04
2.466985279999999836e+00 -6.793416014492237309e-04
2.417318320000000131e+00 -6.285601172244525969e-04
2.367651369999999922e+00 -5.730550505735898525e-04
2.317984410000000217e+00 -5.125900873030886373e-04
2.268317460000000008e+00 -4.469677452765274950e-04
2.218650499999999859e+00 -3.758543286953575091e-04
2.168983550000000093e+00 -2.990963118436607004e-04
2.119316589999999945e+00 -2.165154966555782323e-04
2.069649640000000179e+00 -1.278438699081618779e-04
2.019982680000000030e+00 -3.308383308975315629e-05
1.970315730000000043e+00 6.801301290315642234e-05
1.920648769999999894e+00 1.752675643991175036e-04
1.870981809999999967e+00 2.888122278914551089e-04
1.821314859999999980e+00 4.083874415401478331e-04
1.771647900000000053e+00 5.338602264268743625e-04
1.721980950000000066e+00 6.651441201259711278e-04
1.672313989999999917e+00 8.015723218810499873e-04
1.622647039999999929e+00 9.426063720465727158e-04
1.572980080000000003e+00 1.087919335859499625e-03
1.523313130000000015e+00 1.236078682631536196e-03
1.473646170000000089e+00 1.386836838930927129e-03
1.423979220000000101e+00 1.538984101824292239e-03
1.374312259999999952e+00 1.691250600472704591e-03
1.324645309999999965e+00 1.842487671670278715e-03
1.274978350000000038e+00 1.990453638121669755e-03
1.225311400000000051e+00 2.134786904909979910e-03
1.175644439999999902e+00 2.273244990159462020e-03
1.125977479999999975e+00 2.403790140837580580e-03
1.076310529999999988e+00 2.523339736689056423e-03
1.026643570000000061e+00 2.629947099159535284e-03
9.769766189999999906e-01 2.723143848490261476e-03
9.273096640000000335e-01 2.797595339148806204e-03
8.776427079999999936e-01 2.852592423712163594e-03
8.279757530000000365e-01 2.885864145357741606e-03
7.786002389999999718e-01 2.892274974564568168e-03
7.317317880000000496e-01 2.872299240090914196e-03
6.876846269999999928e-01 2.825108829001443667e-03
6.462889219999999879e-01 2.758660050073080683e-03
6.073850619999999756e-01 2.666517752690111820e-03
5.708230460000000006e-01 2.562003039982441166e-03
5.364619149999999559e-01 2.438507738133699476e-03
5.041691750000000249e-01 2.305067516328973554e-03
4.738203240000000149e-01 2.158983662174707163e-03
4.452983460000000115e-01 2.005331726528503111e-03
4.184932690000000011e-01 1.843934045953288248e-03
3.933017460000000076e-01 1.671894935741713439e-03
3.696266380000000074e-01 1.502565156085822196e-03
3.473766770000000226e-01 1.331009663304794088e-03
3.264660690000000254e-01 1.152587512374125822e-03
3.068141939999999845e-01 9.843534520448393721e-04
2.883452770000000109e-01 8.232857677012983544e-04
2.709881089999999770e-01 6.509067418074554467e-04
2.546757709999999952e-01 4.995151721007839996e-04
2.393453670000000033e-01 3.527835488537078845e-04
2.249377889999999991e-01 1.793183465135239629e-04
2.113974849999999961e-01 5.702835787024795877e-05
1.986678209999999944e-01 -7.283649372835654390e-05
1.862510820000000122e-01 -2.133009869178525975e-04
1.738343440000000018e-01 -3.428076913576383333e-04
1.614176049999999918e-01 -4.649193658683437036e-04
1.490008660000000096e-01 -5.804463424179395759e-04
1.365841269999999996e-01 -6.850578163071219251e-04
1.241673880000000035e-01 -8.256396140635668957e-04
1.117506489999999936e-01 -8.868093256018116932e-04
9.933391060000000550e-02 -9.624064552622435542e-04
8.691717179999999821e-02 -1.000438541259862646e-03
7.450043300000000479e-02 -1.119871999109012251e-03
6.208369419999999750e-02 -1.040832080715370367e-03
4.966695530000000275e-02 -9.851495753099293040e-04
3.725021650000000240e-02 -9.545902351755231052e-04
2.483347769999999857e-02 -7.649245861234277299e-04
1.241673880000000035e-02 -4.442901616419359101e-04
0.000000000000000000e+00 0.000000000000000000e+00
