# curve 5 (die wall), step =      400, time =   1.60000000E+02
# N1 = tau_xx - tau_yy = G ( c_xx - c_yy ),  G =  4.2857E-02  (polymer part only)
#              x               y        pressure            c_xy        gammadot            c_xx            c_yy              N1
 -3.00000000E+00  1.00000000E+00  2.26221900E+00 -1.19067090E+00  4.11877543E-01  4.75843599E+00  6.98310413E-01  1.74005382E-01
 -2.97524677E+00  1.00000000E+00  2.24542119E+00 -1.19062357E+00  4.11881168E-01  4.75822420E+00  6.98311880E-01  1.73996242E-01
 -2.95049355E+00  1.00000000E+00  2.22862338E+00 -1.19057625E+00  4.11883688E-01  4.75801242E+00  6.98313347E-01  1.73987103E-01
 -2.92574032E+00  1.00000000E+00  2.21182592E+00 -1.19062226E+00  4.11883236E-01  4.75823790E+00  6.98313486E-01  1.73996761E-01
 -2.90098710E+00  1.00000000E+00  2.19502847E+00 -1.19066828E+00  4.11880020E-01  4.75846339E+00  6.98313625E-01  1.74006418E-01
 -2.87623387E+00  1.00000000E+00  2.17822600E+00 -1.19075446E+00  4.11877015E-01  4.75907270E+00  6.98295081E-01  1.74033326E-01
 -2.85148064E+00  1.00000000E+00  2.16142354E+00 -1.19084064E+00  4.11872725E-01  4.75968208E+00  6.98276539E-01  1.74060237E-01
 -2.82672742E+00  1.00000000E+00  2.14462348E+00 -1.19070579E+00  4.11875348E-01  4.75901295E+00  6.98280997E-01  1.74031369E-01
 -2.80197419E+00  1.00000000E+00  2.12782343E+00 -1.19057096E+00  4.11877225E-01  4.75834391E+00  6.98285460E-01  1.74002505E-01
 -2.77722097E+00  1.00000000E+00  2.11101978E+00 -1.19060675E+00  4.11880595E-01  4.75827569E+00  6.98301947E-01  1.73998875E-01
 -2.75246774E+00  1.00000000E+00  2.09421613E+00 -1.19064255E+00  4.11883032E-01  4.75820748E+00  6.98318434E-01  1.73995245E-01
 -2.72771451E+00  1.00000000E+00  2.07742253E+00 -1.19064165E+00  4.11881442E-01  4.75826255E+00  6.98318580E-01  1.73997599E-01
 -2.70296129E+00  1.00000000E+00  2.06062892E+00 -1.19064075E+00  4.11876435E-01  4.75831763E+00  6.98318725E-01  1.73999953E-01
 -2.67820806E+00  1.00000000E+00  2.04382682E+00 -1.19064081E+00  4.11875248E-01  4.75830359E+00  6.98314304E-01  1.73999541E-01
 -2.65345484E+00  1.00000000E+00  2.02702472E+00 -1.19064086E+00  4.11876865E-01  4.75828955E+00  6.98309882E-01  1.73999129E-01
 -2.62870161E+00  1.00000000E+00  2.01022610E+00 -1.19064905E+00  4.11879153E-01  4.75824384E+00  6.98317303E-01  1.73996852E-01
 -2.60394839E+00  1.00000000E+00  1.99342748E+00 -1.19065724E+00  4.11880851E-01  4.75819813E+00  6.98324724E-01  1.73994575E-01
 -2.57919516E+00  1.00000000E+00  1.97663003E+00 -1.19063308E+00  4.11880544E-01  4.75819126E+00  6.98319330E-01  1.73994511E-01
 -2.55444193E+00  1.00000000E+00  1.95983258E+00 -1.19060893E+00  4.11878076E-01  4.75818439E+00  6.98313935E-01  1.73994448E-01
 -2.52968871E+00  1.00000000E+00  1.94302921E+00 -1.19068720E+00  4.11875269E-01  4.75862477E+00  6.98309588E-01  1.74013508E-01
 -2.50493548E+00  1.00000000E+00  1.92622584E+00 -1.19076548E+00  4.11869909E-01  4.75906519E+00  6.98305243E-01  1.74032569E-01
 -2.48018226E+00  1.00000000E+00  1.90942470E+00 -1.19066366E+00  4.11873442E-01  4.75856925E+00  6.98303585E-01  1.74011386E-01
 -2.45542903E+00  1.00000000E+00  1.89262356E+00 -1.19056185E+00  4.11877732E-01  4.75807337E+00  6.98301930E-01  1.73990204E-01
 -2.43067580E+00  1.00000000E+00  1.87582552E+00 -1.19058021E+00  4.11881591E-01  4.75802838E+00  6.98311692E-01  1.73987858E-01
 -2.40592258E+00  1.00000000E+00  1.85902749E+00 -1.19059857E+00  4.11884712E-01  4.75798339E+00  6.98321455E-01  1.73985512E-01
 -2.38116935E+00  1.00000000E+00  1.84223056E+00 -1.19058401E+00  4.11882564E-01  4.75796999E+00  6.98321494E-01  1.73984936E-01
 -2.35641613E+00  1.00000000E+00  1.82543364E+00 -1.19056944E+00  4.11876839E-01  4.75795659E+00  6.98321534E-01  1.73984360E-01
 -2.33166290E+00  1.00000000E+00  1.80863210E+00 -1.19059935E+00  4.11875019E-01  4.75810390E+00  6.98318472E-01  1.73990804E-01
 -2.30690967E+00  1.00000000E+00  1.79183056E+00 -1.19062926E+00  4.11873507E-01  4.75825122E+00  6.98315410E-01  1.73997249E-01
 -2.28215645E+00  1.00000000E+00  1.77503071E+00 -1.19063586E+00  4.11873786E-01  4.75824308E+00  6.98315098E-01  1.73996914E-01
 -2.25740322E+00  1.00000000E+00  1.75823086E+00 -1.19064245E+00  4.11875876E-01  4.75823495E+00  6.98314786E-01  1.73996578E-01
 -2.23265000E+00  1.00000000E+00  1.74142980E+00 -1.19069821E+00  4.11873923E-01  4.75858979E+00  6.98312540E-01  1.74011882E-01
 -2.20789677E+00  1.00000000E+00  1.72462874E+00 -1.19075397E+00  4.11867225E-01  4.75894466E+00  6.98310294E-01  1.74027187E-01
 -2.18314354E+00  1.00000000E+00  1.70782765E+00 -1.19066380E+00  4.11867347E-01  4.75843339E+00  6.98316094E-01  1.74005027E-01
 -2.15839032E+00  1.00000000E+00  1.69102655E+00 -1.19057364E+00  4.11868179E-01  4.75792217E+00  6.98321896E-01  1.73982869E-01
 -2.13363709E+00  1.00000000E+00  1.67423192E+00 -1.19058363E+00  4.11869314E-01  4.75791443E+00  6.98325327E-01  1.73982390E-01
 -2.10888387E+00  1.00000000E+00  1.65743730E+00 -1.19059362E+00  4.11870342E-01  4.75790668E+00  6.98328758E-01  1.73981911E-01
 -2.08413064E+00  1.00000000E+00  1.64063377E+00 -1.19059319E+00  4.11870193E-01  4.75786340E+00  6.98332053E-01  1.73979915E-01
 -2.05937741E+00  1.00000000E+00  1.62383024E+00 -1.19059277E+00  4.11868590E-01  4.75782013E+00  6.98335348E-01  1.73977919E-01
 -2.03462419E+00  1.00000000E+00  1.60703340E+00 -1.19057861E+00  4.11864619E-01  4.75786576E+00  6.98328164E-01  1.73980182E-01
 -2.00987096E+00  1.00000000E+00  1.59023656E+00 -1.19056446E+00  4.11859575E-01  4.75791138E+00  6.98320981E-01  1.73982446E-01
 -1.98511774E+00  1.00000000E+00  1.57343433E+00 -1.19058154E+00  4.11857586E-01  4.75789655E+00  6.98326963E-01  1.73981554E-01
 -1.96036451E+00  1.00000000E+00  1.55663210E+00 -1.19059863E+00  4.11856138E-01  4.75788171E+00  6.98332945E-01  1.73980661E-01
 -1.93561128E+00  1.00000000E+00  1.53983785E+00 -1.19064761E+00  4.11850871E-01  4.75819327E+00  6.98330889E-01  1.73994102E-01
 -1.91085806E+00  1.00000000E+00  1.52304361E+00 -1.19069659E+00  4.11843481E-01  4.75850485E+00  6.98328834E-01  1.74007544E-01
 -1.88610483E+00  1.00000000E+00  1.50623645E+00 -1.19066402E+00  4.11839762E-01  4.75837188E+00  6.98319941E-01  1.74002226E-01
 -1.86135161E+00  1.00000000E+00  1.48942930E+00 -1.19063144E+00  4.11837288E-01  4.75823890E+00  6.98311049E-01  1.73996908E-01
 -1.83659838E+00  1.00000000E+00  1.47263697E+00 -1.19060763E+00  4.11837302E-01  4.75795886E+00  6.98332828E-01  1.73983973E-01
 -1.81184516E+00  1.00000000E+00  1.45584464E+00 -1.19058382E+00  4.11834237E-01  4.75767883E+00  6.98354608E-01  1.73971038E-01
 -1.78709193E+00  1.00000000E+00  1.43905037E+00 -1.19065644E+00  4.11820859E-01  4.75826719E+00  6.98336563E-01  1.73997027E-01
 -1.76233870E+00  1.00000000E+00  1.42225611E+00 -1.19072906E+00  4.11803820E-01  4.75885562E+00  6.98318518E-01  1.74023019E-01
 -1.73758548E+00  1.00000000E+00  1.40545083E+00 -1.19069273E+00  4.11800182E-01  4.75857881E+00  6.98324623E-01  1.74010894E-01
 -1.71283225E+00  1.00000000E+00  1.38864555E+00 -1.19065639E+00  4.11794733E-01  4.75830201E+00  6.98330727E-01  1.73998769E-01
 -1.68807903E+00  1.00000000E+00  1.37184978E+00 -1.19066467E+00  4.11787804E-01  4.75813975E+00  6.98346769E-01  1.73991128E-01
 -1.66332580E+00  1.00000000E+00  1.35505400E+00 -1.19067294E+00  4.11781030E-01  4.75797750E+00  6.98362810E-01  1.73983487E-01
 -1.63857257E+00  1.00000000E+00  1.33826764E+00 -1.19063181E+00  4.11771387E-01  4.75788920E+00  6.98359117E-01  1.73979861E-01
 -1.61381935E+00  1.00000000E+00  1.32148129E+00 -1.19059067E+00  4.11758092E-01  4.75780090E+00  6.98355424E-01  1.73976234E-01
 -1.58906612E+00  1.00000000E+00  1.30468063E+00 -1.19056397E+00  4.11745660E-01  4.75746168E+00  6.98370476E-01  1.73961052E-01
 -1.56431290E+00  1.00000000E+00  1.28787998E+00 -1.19053728E+00  4.11735339E-01  4.75712249E+00  6.98385528E-01  1.73945870E-01
 -1.53955967E+00  1.00000000E+00  1.27110211E+00 -1.19049832E+00  4.11721644E-01  4.75683428E+00  6.98398591E-01  1.73932958E-01
 -1.51480644E+00  1.00000000E+00  1.25432425E+00 -1.19045935E+00  4.11707290E-01  4.75654609E+00  6.98411654E-01  1.73920047E-01
 -1.49005322E+00  1.00000000E+00  1.23753994E+00 -1.19045183E+00  4.11688850E-01  4.75651453E+00  6.98418141E-01  1.73918417E-01
 -1.46529999E+00  1.00000000E+00  1.22075563E+00 -1.19044430E+00  4.11665131E-01  4.75648297E+00  6.98424629E-01  1.73916786E-01
 -1.44054677E+00  1.00000000E+00  1.20396959E+00 -1.19052884E+00  4.11640542E-01  4.75697486E+00  6.98421766E-01  1.73937990E-01
 -1.41579354E+00  1.00000000E+00  1.18718355E+00 -1.19061338E+00  4.11609911E-01  4.75746681E+00  6.98418906E-01  1.73959196E-01
 -1.39104031E+00  1.00000000E+00  1.17041172E+00 -1.19044926E+00  4.11588716E-01  4.75653852E+00  6.98434150E-01  1.73918759E-01
 -1.36628709E+00  1.00000000E+00  1.15363988E+00 -1.19028517E+00  4.11569226E-01  4.75561041E+00  6.98449402E-01  1.73878329E-01
 -1.34153386E+00  1.00000000E+00  1.13687440E+00 -1.19030549E+00  4.11544803E-01  4.75536521E+00  6.98478286E-01  1.73866583E-01
 -1.31678064E+00  1.00000000E+00  1.12010892E+00 -1.19032581E+00  4.11517015E-01  4.75512004E+00  6.98507171E-01  1.73854837E-01
 -1.29202741E+00  1.00000000E+00  1.10336161E+00 -1.19031978E+00  4.11483462E-01  4.75507331E+00  6.98514395E-01  1.73852525E-01
 -1.26727418E+00  1.00000000E+00  1.08661431E+00 -1.19031376E+00  4.11447448E-01  4.75502658E+00  6.98521620E-01  1.73850213E-01
 -1.24252096E+00  1.00000000E+00  1.06987049E+00 -1.19035649E+00  4.11413564E-01  4.75503403E+00  6.98544450E-01  1.73849553E-01
 -1.21776773E+00  1.00000000E+00  1.05312668E+00 -1.19039923E+00  4.11369707E-01  4.75504147E+00  6.98567280E-01  1.73848894E-01
 -1.19301451E+00  1.00000000E+00  1.03639713E+00 -1.19023510E+00  4.11332311E-01  4.75414780E+00  6.98582488E-01  1.73809942E-01
 -1.16826128E+00  1.00000000E+00  1.01966757E+00 -1.19007099E+00  4.11300207E-01  4.75325430E+00  6.98597705E-01  1.73770997E-01
 -1.14350806E+00  1.00000000E+00  1.00296686E+00 -1.19011164E+00  4.11259481E-01  4.75316199E+00  6.98625166E-01  1.73765864E-01
 -1.11875483E+00  1.00000000E+00  9.86266156E-01 -1.19015230E+00  4.11214525E-01  4.75306969E+00  6.98652627E-01  1.73760731E-01
 -1.09400160E+00  1.00000000E+00  9.69584136E-01 -1.19009911E+00  4.11178623E-01  4.75264054E+00  6.98669877E-01  1.73741600E-01
 -1.06924838E+00  1.00000000E+00  9.52902115E-01 -1.19004594E+00  4.11142090E-01  4.75221142E+00  6.98687129E-01  1.73722470E-01
 -1.04449515E+00  1.00000000E+00  9.36256048E-01 -1.18998958E+00  4.11099855E-01  4.75170792E+00  6.98715730E-01  1.73699665E-01
 -1.01974193E+00  1.00000000E+00  9.19609980E-01 -1.18993322E+00  4.11055376E-01  4.75120448E+00  6.98744334E-01  1.73676864E-01
 -9.94988700E-01  1.00000000E+00  9.02999114E-01 -1.18990810E+00  4.11017303E-01  4.75097756E+00  6.98761391E-01  1.73666407E-01
 -9.70235474E-01  1.00000000E+00  8.86388249E-01 -1.18988298E+00  4.10984455E-01  4.75075065E+00  6.98778449E-01  1.73655951E-01
 -9.45482248E-01  1.00000000E+00  8.69817032E-01 -1.18983100E+00  4.10961919E-01  4.75049006E+00  6.98774821E-01  1.73644939E-01
 -9.20729022E-01  1.00000000E+00  8.53245815E-01 -1.18977903E+00  4.10944185E-01  4.75022949E+00  6.98771193E-01  1.73633927E-01
 -8.95975796E-01  1.00000000E+00  8.36743251E-01 -1.18972732E+00  4.10929789E-01  4.74985276E+00  6.98790592E-01  1.73616950E-01
 -8.71222570E-01  1.00000000E+00  8.20240688E-01 -1.18967562E+00  4.10919356E-01  4.74947605E+00  6.98809994E-01  1.73599974E-01
 -8.46469344E-01  1.00000000E+00  8.03797550E-01 -1.18979363E+00  4.10935866E-01  4.74997771E+00  6.98820498E-01  1.73621023E-01
 -8.21716118E-01  1.00000000E+00  7.87354411E-01 -1.18991166E+00  4.10949953E-01  4.75047942E+00  6.98831005E-01  1.73642075E-01
 -7.97201467E-01  1.00000000E+00  7.71163246E-01 -1.18999639E+00  4.11019226E-01  4.75106485E+00  6.98804323E-01  1.73668308E-01
 -7.72686817E-01  1.00000000E+00  7.54972081E-01 -1.19008113E+00  4.11086948E-01  4.75165036E+00  6.98777646E-01  1.73694545E-01
 -7.49503432E-01  1.00000000E+00  7.39748555E-01 -1.19006210E+00  4.11191071E-01  4.75254632E+00  6.98665209E-01  1.73737762E-01
 -7.26320047E-01  1.00000000E+00  7.24525030E-01 -1.19004309E+00  4.11316381E-01  4.75344248E+00  6.98552787E-01  1.73780987E-01
 -7.04527831E-01  1.00000000E+00  7.10313881E-01 -1.19035881E+00  4.11473096E-01  4.75485207E+00  6.98564967E-01  1.73840876E-01
 -6.82735615E-01  1.00000000E+00  6.96102732E-01 -1.19067463E+00  4.11648594E-01  4.75626208E+00  6.98577173E-01  1.73900782E-01
 -6.62251087E-01  1.00000000E+00  6.82848636E-01 -1.19067506E+00  4.11900657E-01  4.75837147E+00  6.98329524E-01  1.74001798E-01
 -6.41766559E-01  1.00000000E+00  6.69594540E-01 -1.19067552E+00  4.12179769E-01  4.76048195E+00  6.98081955E-01  1.74102857E-01
 -6.22511254E-01  1.00000000E+00  6.57243418E-01 -1.19086045E+00  4.12483285E-01  4.76299956E+00  6.97896150E-01  1.74218718E-01
 -6.03255949E-01  1.00000000E+00  6.44892296E-01 -1.19104547E+00  4.12823431E-01  4.76551859E+00  6.97710411E-01  1.74334636E-01
 -5.85156097E-01  1.00000000E+00  6.33398408E-01 -1.19159245E+00  4.13219679E-01  4.76899190E+00  6.97605727E-01  1.74487979E-01
 -5.67056245E-01  1.00000000E+00  6.21904519E-01 -1.19213976E+00  4.13647257E-01  4.77246776E+00  6.97501160E-01  1.74641426E-01
 -5.50042515E-01  1.00000000E+00  6.11204135E-01 -1.19243332E+00  4.14175089E-01  4.77705051E+00  6.97132227E-01  1.74853641E-01
 -5.33028786E-01  1.00000000E+00  6.00503752E-01 -1.19272714E+00  4.14722953E-01  4.78163798E+00  6.96763536E-01  1.75066048E-01
 -5.17036006E-01  1.00000000E+00  5.90589742E-01 -1.19341214E+00  4.15334778E-01  4.78723557E+00  6.96504538E-01  1.75317044E-01
 -5.01043227E-01  1.00000000E+00  5.80675732E-01 -1.19409782E+00  4.15986131E-01  4.79283988E+00  6.96245815E-01  1.75568317E-01
 -4.86010125E-01  1.00000000E+00  5.71467943E-01 -1.19476877E+00  4.16715682E-01  4.79916600E+00  6.95880550E-01  1.75855091E-01
 -4.70977023E-01  1.00000000E+00  5.62260153E-01 -1.19544047E+00  4.17513278E-01  4.80550078E+00  6.95515680E-01  1.76142219E-01
 -4.56846016E-01  1.00000000E+00  5.53718621E-01 -1.19624725E+00  4.18360274E-01  4.81323065E+00  6.95078192E-01  1.76492248E-01
 -4.42715008E-01  1.00000000E+00  5.45177088E-01 -1.19705513E+00  4.19284896E-01  4.82097342E+00  6.94641259E-01  1.76842807E-01
 -4.29431964E-01  1.00000000E+00  5.37318987E-01 -1.19799119E+00  4.20328663E-01  4.82997338E+00  6.94119157E-01  1.77250895E-01
 -4.16148920E-01  1.00000000E+00  5.29460886E-01 -1.19892875E+00  4.21426938E-01  4.83899078E+00  6.93597840E-01  1.77659697E-01
 -4.03662954E-01  1.00000000E+00  5.22185165E-01 -1.19979268E+00  4.22516860E-01  4.84868339E+00  6.92985701E-01  1.78101330E-01
 -3.91176988E-01  1.00000000E+00  5.14909444E-01 -1.20065808E+00  4.23741178E-01  4.85839640E+00  6.92374432E-01  1.78543799E-01
 -3.79440270E-01  1.00000000E+00  5.08163161E-01 -1.20205441E+00  4.25063530E-01  4.86992322E+00  6.91825818E-01  1.79061317E-01
 -3.67703552E-01  1.00000000E+00  5.01416878E-01 -1.20345355E+00  4.26458478E-01  4.88147809E+00  6.91278416E-01  1.79579986E-01
 -3.56671122E-01  1.00000000E+00  4.95314329E-01 -1.20471733E+00  4.27958812E-01  4.89436796E+00  6.90512769E-01  1.80165222E-01
 -3.45638692E-01  1.00000000E+00  4.89211779E-01 -1.20598396E+00  4.29502547E-01  4.90729329E+00  6.89748688E-01  1.80751911E-01
 -3.35268287E-01  1.00000000E+00  4.83530270E-01 -1.20746802E+00  4.31058253E-01  4.92108084E+00  6.89031074E-01  1.81373561E-01
 -3.24897882E-01  1.00000000E+00  4.77848761E-01 -1.20895558E+00  4.32773717E-01  4.93490847E+00  6.88315091E-01  1.81996859E-01
 -3.15149775E-01  1.00000000E+00  4.72712088E-01 -1.21051394E+00  4.34613687E-01  4.95007547E+00  6.87481692E-01  1.82682591E-01
 -3.05401669E-01  1.00000000E+00  4.67575414E-01 -1.21207634E+00  4.36503827E-01  4.96529085E+00  6.86650323E-01  1.83370308E-01
 -2.96238520E-01  1.00000000E+00  4.62817312E-01 -1.21347246E+00  4.38430757E-01  4.98291747E+00  6.85480426E-01  1.84175873E-01
 -2.87075371E-01  1.00000000E+00  4.58059211E-01 -1.21487282E+00  4.40606365E-01  5.00061027E+00  6.84313422E-01  1.84984150E-01
 -2.78462077E-01  1.00000000E+00  4.53824216E-01 -1.21681767E+00  4.42841538E-01  5.01916214E+00  6.83316075E-01  1.85821974E-01
 -2.69848783E-01  1.00000000E+00  4.49589222E-01 -1.21876867E+00  4.45164415E-01  5.03778527E+00  6.82321796E-01  1.86662720E-01
 -2.61752348E-01  1.00000000E+00  4.45748195E-01 -1.22108419E+00  4.47499387E-01  5.05809285E+00  6.81385037E-01  1.87573192E-01
 -2.53655913E-01  1.00000000E+00  4.41907169E-01 -1.22340754E+00  4.49975269E-01  5.07848465E+00  6.80451582E-01  1.88487132E-01
 -2.46045323E-01  1.00000000E+00  4.38470104E-01 -1.22500945E+00  4.52580322E-01  5.09973639E+00  6.79049533E-01  1.89458008E-01
 -2.38434732E-01  1.00000000E+00  4.35033039E-01 -1.22661710E+00  4.55260875E-01  5.12108237E+00  6.77651543E-01  1.90432750E-01
 -2.31280830E-01  1.00000000E+00  4.31941557E-01 -1.22861786E+00  4.58028243E-01  5.14365816E+00  6.76353878E-01  1.91455898E-01
 -2.24126928E-01  1.00000000E+00  4.28850075E-01 -1.23062600E+00  4.60910137E-01  5.16633820E+00  6.75060352E-01  1.92483336E-01
 -2.17402314E-01  1.00000000E+00  4.26103004E-01 -1.23374714E+00  4.63885535E-01  5.19198319E+00  6.74013702E-01  1.93627264E-01
 -2.10677699E-01  1.00000000E+00  4.23355934E-01 -1.23688137E+00  4.66953946E-01  5.21775833E+00  6.72972198E-01  1.94776549E-01
 -2.04351753E-01  1.00000000E+00  4.20994632E-01 -1.23915137E+00  4.70208420E-01  5.24468879E+00  6.71396833E-01  1.95998227E-01
 -1.98025807E-01  1.00000000E+00  4.18633330E-01 -1.24143123E+00  4.73529514E-01  5.27176522E+00  6.69827335E-01  1.97225909E-01
 -1.91837501E-01  1.00000000E+00  4.16495851E-01 -1.24453516E+00  4.77149064E-01  5.30121670E+00  6.68457642E-01  1.98546817E-01
 -1.85649194E-01  1.00000000E+00  4.14358372E-01 -1.24765357E+00  4.80868998E-01  5.33083808E+00  6.67094346E-01  1.99874732E-01
 -1.79460888E-01  1.00000000E+00  4.12468755E-01 -1.24930184E+00  4.85023542E-01  5.36383855E+00  6.64690783E-01  2.01392047E-01
 -1.73272582E-01  1.00000000E+00  4.10579138E-01 -1.25095895E+00  4.89318117E-01  5.39706038E+00  6.62296873E-01  2.02918436E-01
 -1.67084275E-01  1.00000000E+00  4.08929984E-01 -1.25562635E+00  4.94007277E-01  5.43607906E+00  6.60842688E-01  2.04652987E-01
 -1.60895969E-01  1.00000000E+00  4.07280831E-01 -1.26032211E+00  4.98873259E-01  5.47538596E+00  6.59399069E-01  2.06399438E-01
 -1.54707662E-01  1.00000000E+00  4.05918339E-01 -1.26310636E+00  5.04435841E-01  5.51913938E+00  6.56632651E-01  2.08393145E-01
 -1.48519356E-01  1.00000000E+00  4.04555848E-01 -1.26590912E+00  5.10169341E-01  5.56326586E+00  6.53880934E-01  2.10402211E-01
 -1.42331049E-01  1.00000000E+00  4.03795334E-01 -1.27112441E+00  5.16705725E-01  5.61502921E+00  6.51581122E-01  2.12719204E-01
 -1.36142743E-01  1.00000000E+00  4.03034821E-01 -1.27638021E+00  5.23573805E-01  5.66728995E+00  6.49299325E-01  2.15056741E-01
 -1.29954436E-01  1.00000000E+00  4.02699762E-01 -1.28053096E+00  5.30922137E-01  5.72537519E+00  6.46115391E-01  2.17682563E-01
 -1.23766130E-01  1.00000000E+00  4.02364704E-01 -1.28471580E+00  5.38864549E-01  5.78408990E+00  6.42953171E-01  2.20334431E-01
 -1.17577823E-01  1.00000000E+00  4.02441649E-01 -1.29097215E+00  5.48014972E-01  5.85635476E+00  6.39569275E-01  2.23576521E-01
 -1.11389517E-01  1.00000000E+00  4.02518594E-01 -1.29729238E+00  5.57655127E-01  5.92956030E+00  6.36217124E-01  2.26857565E-01
 -1.05201210E-01  1.00000000E+00  4.03770500E-01 -1.30407877E+00  5.68998836E-01  6.01662749E+00  6.31958766E-01  2.30771517E-01
 -9.90129037E-02  1.00000000E+00  4.05022407E-01 -1.31094608E+00  5.80872141E-01  6.10503433E+00  6.27745477E-01  2.34740951E-01
 -9.28245972E-02  1.00000000E+00  4.07532137E-01 -1.31494767E+00  5.94855747E-01  6.20542602E+00  6.21466093E-01  2.39312568E-01
 -8.66362908E-02  1.00000000E+00  4.10041867E-01 -1.31899945E+00  6.09535547E-01  6.30761078E+00  6.15251544E-01  2.43958253E-01
 -8.04479843E-02  1.00000000E+00  4.13704324E-01 -1.33196636E+00  6.27476171E-01  6.44083104E+00  6.10658893E-01  2.49864520E-01
 -7.42596778E-02  1.00000000E+00  4.17366780E-01 -1.34515738E+00  6.46773648E-01  6.57694360E+00  6.06151599E-01  2.55891086E-01
 -6.80713713E-02  1.00000000E+00  4.24370040E-01 -1.34398822E+00  6.70083483E-01  6.73728179E+00  5.94183881E-01  2.63275625E-01
 -6.18830648E-02  1.00000000E+00  4.31373300E-01 -1.34278180E+00  6.96240211E-01  6.90210223E+00  5.82405833E-01  2.70844131E-01
 -5.56947583E-02  1.00000000E+00  4.38604189E-01 -1.38496846E+00  7.28864767E-01  7.15552765E+00  5.81993889E-01  2.81722876E-01
 -4.95064519E-02  1.00000000E+00  4.45835078E-01 -1.42857195E+00  7.64955770E-01  7.41823880E+00  5.81960527E-01  2.92983355E-01
 -4.33181454E-02  1.00000000E+00  4.90680589E-01 -1.40448957E+00  8.10889106E-01  7.75792052E+00  5.52640160E-01  3.08797730E-01
 -3.71298389E-02  1.00000000E+00  5.35526099E-01 -1.37937528E+00  8.72192408E-01  8.11730068E+00  5.24375798E-01  3.25411066E-01
 -3.09415324E-02  1.00000000E+00  4.57618673E-01 -1.22875100E+00  9.61847120E-01  7.96934071E+00  4.84820976E-01  3.20765131E-01
 -2.47532259E-02  1.00000000E+00  3.79711247E-01 -1.08229315E+00  1.03843618E+00  7.83423734E+00  4.49982237E-01  3.16468076E-01
 -1.85649194E-02  1.00000000E+00  9.29336004E-01 -1.97616331E+00  1.18478366E+00  1.09801687E+01  5.88806308E-01  4.45344104E-01
 -1.23766130E-02  1.00000000E+00  1.47896076E+00 -3.27868937E+00  1.51689456E+00  1.55466026E+01  8.70535912E-01  6.28974288E-01
 -6.18830648E-03  1.00000000E+00  4.64347728E-02  1.21717563E+00  2.50757068E+00  1.24451438E+01  3.44605139E-01  5.18594514E-01
  0.00000000E+00  1.00000000E+00 -1.38609122E+00  7.21339347E+00  4.96727392E+00  1.86250578E+01  2.94567959E+00  6.71973352E-01
