# curve 5 (die wall), step =      200, time =   8.00000000E+01
# N1 = tau_xx - tau_yy = G ( c_xx - c_yy ),  G =  4.2857E-02  (polymer part only)
#              x               y        pressure            c_xy        gammadot            c_xx            c_yy              N1
 -3.00000000E+00  1.00000000E+00  2.26221900E+00 -1.19067091E+00  4.11877543E-01  4.75843597E+00  6.98310417E-01  1.74005381E-01
 -2.97524677E+00  1.00000000E+00  2.24542119E+00 -1.19062358E+00  4.11881168E-01  4.75822418E+00  6.98311884E-01  1.73996241E-01
 -2.95049355E+00  1.00000000E+00  2.22862338E+00 -1.19057625E+00  4.11883687E-01  4.75801239E+00  6.98313351E-01  1.73987102E-01
 -2.92574032E+00  1.00000000E+00  2.21182592E+00 -1.19062227E+00  4.11883235E-01  4.75823788E+00  6.98313490E-01  1.73996759E-01
 -2.90098710E+00  1.00000000E+00  2.19502847E+00 -1.19066829E+00  4.11880019E-01  4.75846337E+00  6.98313629E-01  1.74006417E-01
 -2.87623387E+00  1.00000000E+00  2.17822600E+00 -1.19075447E+00  4.11877015E-01  4.75907267E+00  6.98295085E-01  1.74033325E-01
 -2.85148064E+00  1.00000000E+00  2.16142354E+00 -1.19084065E+00  4.11872725E-01  4.75968206E+00  6.98276543E-01  1.74060236E-01
 -2.82672742E+00  1.00000000E+00  2.14462348E+00 -1.19070580E+00  4.11875348E-01  4.75901293E+00  6.98281001E-01  1.74031368E-01
 -2.80197419E+00  1.00000000E+00  2.12782342E+00 -1.19057097E+00  4.11877225E-01  4.75834389E+00  6.98285464E-01  1.74002504E-01
 -2.77722097E+00  1.00000000E+00  2.11101978E+00 -1.19060676E+00  4.11880594E-01  4.75827567E+00  6.98301951E-01  1.73998874E-01
 -2.75246774E+00  1.00000000E+00  2.09421613E+00 -1.19064255E+00  4.11883031E-01  4.75820745E+00  6.98318438E-01  1.73995244E-01
 -2.72771451E+00  1.00000000E+00  2.07742252E+00 -1.19064166E+00  4.11881441E-01  4.75826253E+00  6.98318584E-01  1.73997598E-01
 -2.70296129E+00  1.00000000E+00  2.06062892E+00 -1.19064076E+00  4.11876434E-01  4.75831761E+00  6.98318729E-01  1.73999952E-01
 -2.67820806E+00  1.00000000E+00  2.04382682E+00 -1.19064081E+00  4.11875247E-01  4.75830357E+00  6.98314307E-01  1.73999540E-01
 -2.65345484E+00  1.00000000E+00  2.02702472E+00 -1.19064086E+00  4.11876865E-01  4.75828953E+00  6.98309886E-01  1.73999128E-01
 -2.62870161E+00  1.00000000E+00  2.01022610E+00 -1.19064905E+00  4.11879152E-01  4.75824382E+00  6.98317307E-01  1.73996851E-01
 -2.60394839E+00  1.00000000E+00  1.99342748E+00 -1.19065725E+00  4.11880851E-01  4.75819811E+00  6.98324728E-01  1.73994573E-01
 -2.57919516E+00  1.00000000E+00  1.97663003E+00 -1.19063309E+00  4.11880544E-01  4.75819124E+00  6.98319333E-01  1.73994510E-01
 -2.55444193E+00  1.00000000E+00  1.95983258E+00 -1.19060893E+00  4.11878075E-01  4.75818437E+00  6.98313939E-01  1.73994447E-01
 -2.52968871E+00  1.00000000E+00  1.94302921E+00 -1.19068720E+00  4.11875269E-01  4.75862475E+00  6.98309592E-01  1.74013507E-01
 -2.50493548E+00  1.00000000E+00  1.92622584E+00 -1.19076548E+00  4.11869909E-01  4.75906516E+00  6.98305247E-01  1.74032568E-01
 -2.48018226E+00  1.00000000E+00  1.90942470E+00 -1.19066366E+00  4.11873441E-01  4.75856923E+00  6.98303589E-01  1.74011385E-01
 -2.45542903E+00  1.00000000E+00  1.89262356E+00 -1.19056185E+00  4.11877731E-01  4.75807334E+00  6.98301934E-01  1.73990203E-01
 -2.43067580E+00  1.00000000E+00  1.87582552E+00 -1.19058021E+00  4.11881590E-01  4.75802836E+00  6.98311696E-01  1.73987857E-01
 -2.40592258E+00  1.00000000E+00  1.85902748E+00 -1.19059858E+00  4.11884712E-01  4.75798337E+00  6.98321459E-01  1.73985510E-01
 -2.38116935E+00  1.00000000E+00  1.84223056E+00 -1.19058401E+00  4.11882563E-01  4.75796997E+00  6.98321498E-01  1.73984935E-01
 -2.35641613E+00  1.00000000E+00  1.82543363E+00 -1.19056945E+00  4.11876838E-01  4.75795657E+00  6.98321538E-01  1.73984359E-01
 -2.33166290E+00  1.00000000E+00  1.80863210E+00 -1.19059936E+00  4.11875018E-01  4.75810388E+00  6.98318476E-01  1.73990803E-01
 -2.30690967E+00  1.00000000E+00  1.79183056E+00 -1.19062927E+00  4.11873506E-01  4.75825120E+00  6.98315413E-01  1.73997248E-01
 -2.28215645E+00  1.00000000E+00  1.77503071E+00 -1.19063586E+00  4.11873785E-01  4.75824306E+00  6.98315102E-01  1.73996913E-01
 -2.25740322E+00  1.00000000E+00  1.75823085E+00 -1.19064246E+00  4.11875875E-01  4.75823493E+00  6.98314790E-01  1.73996577E-01
 -2.23265000E+00  1.00000000E+00  1.74142980E+00 -1.19069822E+00  4.11873922E-01  4.75858977E+00  6.98312544E-01  1.74011881E-01
 -2.20789677E+00  1.00000000E+00  1.72462874E+00 -1.19075398E+00  4.11867224E-01  4.75894464E+00  6.98310298E-01  1.74027186E-01
 -2.18314354E+00  1.00000000E+00  1.70782765E+00 -1.19066381E+00  4.11867347E-01  4.75843336E+00  6.98316098E-01  1.74005026E-01
 -2.15839032E+00  1.00000000E+00  1.69102655E+00 -1.19057365E+00  4.11868178E-01  4.75792215E+00  6.98321900E-01  1.73982868E-01
 -2.13363709E+00  1.00000000E+00  1.67423192E+00 -1.19058364E+00  4.11869313E-01  4.75791440E+00  6.98325331E-01  1.73982389E-01
 -2.10888387E+00  1.00000000E+00  1.65743729E+00 -1.19059362E+00  4.11870341E-01  4.75790666E+00  6.98328762E-01  1.73981910E-01
 -2.08413064E+00  1.00000000E+00  1.64063377E+00 -1.19059320E+00  4.11870192E-01  4.75786338E+00  6.98332057E-01  1.73979914E-01
 -2.05937741E+00  1.00000000E+00  1.62383024E+00 -1.19059278E+00  4.11868589E-01  4.75782011E+00  6.98335352E-01  1.73977918E-01
 -2.03462419E+00  1.00000000E+00  1.60703340E+00 -1.19057862E+00  4.11864618E-01  4.75786573E+00  6.98328168E-01  1.73980181E-01
 -2.00987096E+00  1.00000000E+00  1.59023656E+00 -1.19056446E+00  4.11859574E-01  4.75791136E+00  6.98320985E-01  1.73982445E-01
 -1.98511774E+00  1.00000000E+00  1.57343433E+00 -1.19058155E+00  4.11857585E-01  4.75789653E+00  6.98326967E-01  1.73981553E-01
 -1.96036451E+00  1.00000000E+00  1.55663209E+00 -1.19059863E+00  4.11856137E-01  4.75788169E+00  6.98332949E-01  1.73980660E-01
 -1.93561128E+00  1.00000000E+00  1.53983785E+00 -1.19064761E+00  4.11850870E-01  4.75819325E+00  6.98330893E-01  1.73994101E-01
 -1.91085806E+00  1.00000000E+00  1.52304361E+00 -1.19069660E+00  4.11843481E-01  4.75850483E+00  6.98328838E-01  1.74007543E-01
 -1.88610483E+00  1.00000000E+00  1.50623645E+00 -1.19066402E+00  4.11839761E-01  4.75837185E+00  6.98319945E-01  1.74002225E-01
 -1.86135161E+00  1.00000000E+00  1.48942929E+00 -1.19063145E+00  4.11837287E-01  4.75823888E+00  6.98311053E-01  1.73996907E-01
 -1.83659838E+00  1.00000000E+00  1.47263697E+00 -1.19060764E+00  4.11837301E-01  4.75795884E+00  6.98332832E-01  1.73983972E-01
 -1.81184516E+00  1.00000000E+00  1.45584464E+00 -1.19058383E+00  4.11834236E-01  4.75767881E+00  6.98354612E-01  1.73971037E-01
 -1.78709193E+00  1.00000000E+00  1.43905037E+00 -1.19065645E+00  4.11820858E-01  4.75826717E+00  6.98336566E-01  1.73997026E-01
 -1.76233870E+00  1.00000000E+00  1.42225611E+00 -1.19072907E+00  4.11803819E-01  4.75885560E+00  6.98318522E-01  1.74023018E-01
 -1.73758548E+00  1.00000000E+00  1.40545083E+00 -1.19069273E+00  4.11800181E-01  4.75857879E+00  6.98324627E-01  1.74010893E-01
 -1.71283225E+00  1.00000000E+00  1.38864555E+00 -1.19065640E+00  4.11794732E-01  4.75830199E+00  6.98330731E-01  1.73998768E-01
 -1.68807903E+00  1.00000000E+00  1.37184978E+00 -1.19066467E+00  4.11787803E-01  4.75813973E+00  6.98346773E-01  1.73991127E-01
 -1.66332580E+00  1.00000000E+00  1.35505400E+00 -1.19067295E+00  4.11781029E-01  4.75797748E+00  6.98362814E-01  1.73983486E-01
 -1.63857257E+00  1.00000000E+00  1.33826764E+00 -1.19063181E+00  4.11771386E-01  4.75788918E+00  6.98359121E-01  1.73979860E-01
 -1.61381935E+00  1.00000000E+00  1.32148128E+00 -1.19059068E+00  4.11758091E-01  4.75780087E+00  6.98355428E-01  1.73976233E-01
 -1.58906612E+00  1.00000000E+00  1.30468063E+00 -1.19056398E+00  4.11745659E-01  4.75746166E+00  6.98370480E-01  1.73961050E-01
 -1.56431290E+00  1.00000000E+00  1.28787997E+00 -1.19053729E+00  4.11735339E-01  4.75712246E+00  6.98385532E-01  1.73945869E-01
 -1.53955967E+00  1.00000000E+00  1.27110211E+00 -1.19049832E+00  4.11721643E-01  4.75683426E+00  6.98398595E-01  1.73932957E-01
 -1.51480644E+00  1.00000000E+00  1.25432425E+00 -1.19045936E+00  4.11707289E-01  4.75654606E+00  6.98411658E-01  1.73920046E-01
 -1.49005322E+00  1.00000000E+00  1.23753994E+00 -1.19045183E+00  4.11688849E-01  4.75651450E+00  6.98418145E-01  1.73918415E-01
 -1.46529999E+00  1.00000000E+00  1.22075563E+00 -1.19044430E+00  4.11665130E-01  4.75648295E+00  6.98424633E-01  1.73916785E-01
 -1.44054677E+00  1.00000000E+00  1.20396959E+00 -1.19052884E+00  4.11640542E-01  4.75697484E+00  6.98421770E-01  1.73937989E-01
 -1.41579354E+00  1.00000000E+00  1.18718355E+00 -1.19061339E+00  4.11609910E-01  4.75746679E+00  6.98418910E-01  1.73959195E-01
 -1.39104031E+00  1.00000000E+00  1.17041171E+00 -1.19044927E+00  4.11588715E-01  4.75653850E+00  6.98434154E-01  1.73918758E-01
 -1.36628709E+00  1.00000000E+00  1.15363988E+00 -1.19028518E+00  4.11569225E-01  4.75561039E+00  6.98449406E-01  1.73878328E-01
 -1.34153386E+00  1.00000000E+00  1.13687440E+00 -1.19030550E+00  4.11544802E-01  4.75536519E+00  6.98478290E-01  1.73866582E-01
 -1.31678064E+00  1.00000000E+00  1.12010892E+00 -1.19032582E+00  4.11517014E-01  4.75512002E+00  6.98507175E-01  1.73854836E-01
 -1.29202741E+00  1.00000000E+00  1.10336161E+00 -1.19031979E+00  4.11483462E-01  4.75507329E+00  6.98514399E-01  1.73852524E-01
 -1.26727418E+00  1.00000000E+00  1.08661430E+00 -1.19031376E+00  4.11447448E-01  4.75502656E+00  6.98521624E-01  1.73850212E-01
 -1.24252096E+00  1.00000000E+00  1.06987049E+00 -1.19035650E+00  4.11413563E-01  4.75503401E+00  6.98544454E-01  1.73849552E-01
 -1.21776773E+00  1.00000000E+00  1.05312668E+00 -1.19039923E+00  4.11369706E-01  4.75504145E+00  6.98567284E-01  1.73848893E-01
 -1.19301451E+00  1.00000000E+00  1.03639712E+00 -1.19023510E+00  4.11332311E-01  4.75414778E+00  6.98582492E-01  1.73809941E-01
 -1.16826128E+00  1.00000000E+00  1.01966757E+00 -1.19007100E+00  4.11300206E-01  4.75325428E+00  6.98597709E-01  1.73770996E-01
 -1.14350806E+00  1.00000000E+00  1.00296686E+00 -1.19011165E+00  4.11259480E-01  4.75316197E+00  6.98625170E-01  1.73765863E-01
 -1.11875483E+00  1.00000000E+00  9.86266154E-01 -1.19015230E+00  4.11214524E-01  4.75306967E+00  6.98652631E-01  1.73760730E-01
 -1.09400160E+00  1.00000000E+00  9.69584134E-01 -1.19009912E+00  4.11178623E-01  4.75264052E+00  6.98669881E-01  1.73741599E-01
 -1.06924838E+00  1.00000000E+00  9.52902114E-01 -1.19004594E+00  4.11142089E-01  4.75221140E+00  6.98687133E-01  1.73722469E-01
 -1.04449515E+00  1.00000000E+00  9.36256046E-01 -1.18998958E+00  4.11099854E-01  4.75170790E+00  6.98715734E-01  1.73699664E-01
 -1.01974193E+00  1.00000000E+00  9.19609978E-01 -1.18993322E+00  4.11055375E-01  4.75120446E+00  6.98744338E-01  1.73676862E-01
 -9.94988700E-01  1.00000000E+00  9.02999113E-01 -1.18990810E+00  4.11017302E-01  4.75097754E+00  6.98761395E-01  1.73666406E-01
 -9.70235474E-01  1.00000000E+00  8.86388247E-01 -1.18988298E+00  4.10984454E-01  4.75075063E+00  6.98778453E-01  1.73655950E-01
 -9.45482248E-01  1.00000000E+00  8.69817030E-01 -1.18983101E+00  4.10961918E-01  4.75049004E+00  6.98774825E-01  1.73644938E-01
 -9.20729022E-01  1.00000000E+00  8.53245814E-01 -1.18977903E+00  4.10944184E-01  4.75022947E+00  6.98771197E-01  1.73633926E-01
 -8.95975796E-01  1.00000000E+00  8.36743250E-01 -1.18972733E+00  4.10929788E-01  4.74985273E+00  6.98790596E-01  1.73616949E-01
 -8.71222570E-01  1.00000000E+00  8.20240686E-01 -1.18967562E+00  4.10919355E-01  4.74947603E+00  6.98809998E-01  1.73599973E-01
 -8.46469344E-01  1.00000000E+00  8.03797548E-01 -1.18979364E+00  4.10935865E-01  4.74997769E+00  6.98820502E-01  1.73621022E-01
 -8.21716118E-01  1.00000000E+00  7.87354410E-01 -1.18991167E+00  4.10949952E-01  4.75047940E+00  6.98831009E-01  1.73642074E-01
 -7.97201467E-01  1.00000000E+00  7.71163245E-01 -1.18999640E+00  4.11019225E-01  4.75106483E+00  6.98804327E-01  1.73668307E-01
 -7.72686817E-01  1.00000000E+00  7.54972079E-01 -1.19008113E+00  4.11086947E-01  4.75165034E+00  6.98777650E-01  1.73694544E-01
 -7.49503432E-01  1.00000000E+00  7.39748554E-01 -1.19006211E+00  4.11191070E-01  4.75254630E+00  6.98665213E-01  1.73737761E-01
 -7.26320047E-01  1.00000000E+00  7.24525029E-01 -1.19004309E+00  4.11316381E-01  4.75344246E+00  6.98552791E-01  1.73780986E-01
 -7.04527831E-01  1.00000000E+00  7.10313880E-01 -1.19035882E+00  4.11473096E-01  4.75485206E+00  6.98564971E-01  1.73840875E-01
 -6.82735615E-01  1.00000000E+00  6.96102731E-01 -1.19067463E+00  4.11648593E-01  4.75626206E+00  6.98577177E-01  1.73900781E-01
 -6.62251087E-01  1.00000000E+00  6.82848635E-01 -1.19067507E+00  4.11900656E-01  4.75837146E+00  6.98329527E-01  1.74001797E-01
 -6.41766559E-01  1.00000000E+00  6.69594539E-01 -1.19067553E+00  4.12179768E-01  4.76048193E+00  6.98081958E-01  1.74102856E-01
 -6.22511254E-01  1.00000000E+00  6.57243417E-01 -1.19086046E+00  4.12483285E-01  4.76299954E+00  6.97896154E-01  1.74218717E-01
 -6.03255949E-01  1.00000000E+00  6.44892295E-01 -1.19104548E+00  4.12823431E-01  4.76551857E+00  6.97710415E-01  1.74334635E-01
 -5.85156097E-01  1.00000000E+00  6.33398406E-01 -1.19159245E+00  4.13219678E-01  4.76899188E+00  6.97605730E-01  1.74487978E-01
 -5.67056245E-01  1.00000000E+00  6.21904518E-01 -1.19213977E+00  4.13647256E-01  4.77246774E+00  6.97501164E-01  1.74641425E-01
 -5.50042515E-01  1.00000000E+00  6.11204134E-01 -1.19243333E+00  4.14175089E-01  4.77705049E+00  6.97132230E-01  1.74853640E-01
 -5.33028786E-01  1.00000000E+00  6.00503750E-01 -1.19272715E+00  4.14722953E-01  4.78163797E+00  6.96763539E-01  1.75066047E-01
 -5.17036006E-01  1.00000000E+00  5.90589741E-01 -1.19341215E+00  4.15334778E-01  4.78723555E+00  6.96504541E-01  1.75317043E-01
 -5.01043227E-01  1.00000000E+00  5.80675731E-01 -1.19409783E+00  4.15986131E-01  4.79283987E+00  6.96245818E-01  1.75568316E-01
 -4.86010125E-01  1.00000000E+00  5.71467941E-01 -1.19476877E+00  4.16715682E-01  4.79916599E+00  6.95880553E-01  1.75855090E-01
 -4.70977023E-01  1.00000000E+00  5.62260152E-01 -1.19544048E+00  4.17513277E-01  4.80550077E+00  6.95515683E-01  1.76142218E-01
 -4.56846016E-01  1.00000000E+00  5.53718620E-01 -1.19624726E+00  4.18360274E-01  4.81323064E+00  6.95078196E-01  1.76492248E-01
 -4.42715008E-01  1.00000000E+00  5.45177087E-01 -1.19705514E+00  4.19284895E-01  4.82097341E+00  6.94641262E-01  1.76842806E-01
 -4.29431964E-01  1.00000000E+00  5.37318986E-01 -1.19799120E+00  4.20328662E-01  4.82997337E+00  6.94119160E-01  1.77250895E-01
 -4.16148920E-01  1.00000000E+00  5.29460885E-01 -1.19892876E+00  4.21426937E-01  4.83899077E+00  6.93597843E-01  1.77659697E-01
 -4.03662954E-01  1.00000000E+00  5.22185163E-01 -1.19979269E+00  4.22516860E-01  4.84868339E+00  6.92985703E-01  1.78101329E-01
 -3.91176988E-01  1.00000000E+00  5.14909442E-01 -1.20065809E+00  4.23741177E-01  4.85839640E+00  6.92374434E-01  1.78543798E-01
 -3.79440270E-01  1.00000000E+00  5.08163159E-01 -1.20205442E+00  4.25063529E-01  4.86992322E+00  6.91825820E-01  1.79061317E-01
 -3.67703552E-01  1.00000000E+00  5.01416877E-01 -1.20345356E+00  4.26458478E-01  4.88147809E+00  6.91278419E-01  1.79579986E-01
 -3.56671122E-01  1.00000000E+00  4.95314327E-01 -1.20471734E+00  4.27958812E-01  4.89436796E+00  6.90512771E-01  1.80165222E-01
 -3.45638692E-01  1.00000000E+00  4.89211778E-01 -1.20598397E+00  4.29502547E-01  4.90729329E+00  6.89748690E-01  1.80751911E-01
 -3.35268287E-01  1.00000000E+00  4.83530269E-01 -1.20746803E+00  4.31058253E-01  4.92108084E+00  6.89031076E-01  1.81373561E-01
 -3.24897882E-01  1.00000000E+00  4.77848760E-01 -1.20895559E+00  4.32773717E-01  4.93490848E+00  6.88315093E-01  1.81996859E-01
 -3.15149775E-01  1.00000000E+00  4.72712086E-01 -1.21051394E+00  4.34613687E-01  4.95007548E+00  6.87481693E-01  1.82682591E-01
 -3.05401669E-01  1.00000000E+00  4.67575413E-01 -1.21207635E+00  4.36503827E-01  4.96529086E+00  6.86650324E-01  1.83370309E-01
 -2.96238520E-01  1.00000000E+00  4.62817311E-01 -1.21347246E+00  4.38430757E-01  4.98291748E+00  6.85480427E-01  1.84175874E-01
 -2.87075371E-01  1.00000000E+00  4.58059209E-01 -1.21487283E+00  4.40606365E-01  5.00061027E+00  6.84313424E-01  1.84984151E-01
 -2.78462077E-01  1.00000000E+00  4.53824215E-01 -1.21681768E+00  4.42841538E-01  5.01916215E+00  6.83316077E-01  1.85821975E-01
 -2.69848783E-01  1.00000000E+00  4.49589221E-01 -1.21876868E+00  4.45164415E-01  5.03778528E+00  6.82321797E-01  1.86662721E-01
 -2.61752348E-01  1.00000000E+00  4.45748194E-01 -1.22108420E+00  4.47499387E-01  5.05809286E+00  6.81385038E-01  1.87573192E-01
 -2.53655913E-01  1.00000000E+00  4.41907168E-01 -1.22340754E+00  4.49975269E-01  5.07848466E+00  6.80451582E-01  1.88487132E-01
 -2.46045323E-01  1.00000000E+00  4.38470102E-01 -1.22500945E+00  4.52580322E-01  5.09973640E+00  6.79049534E-01  1.89458008E-01
 -2.38434732E-01  1.00000000E+00  4.35033037E-01 -1.22661710E+00  4.55260876E-01  5.12108238E+00  6.77651543E-01  1.90432750E-01
 -2.31280830E-01  1.00000000E+00  4.31941555E-01 -1.22861786E+00  4.58028243E-01  5.14365818E+00  6.76353878E-01  1.91455899E-01
 -2.24126928E-01  1.00000000E+00  4.28850073E-01 -1.23062600E+00  4.60910137E-01  5.16633822E+00  6.75060353E-01  1.92483337E-01
 -2.17402314E-01  1.00000000E+00  4.26103003E-01 -1.23374714E+00  4.63885535E-01  5.19198320E+00  6.74013702E-01  1.93627264E-01
 -2.10677699E-01  1.00000000E+00  4.23355933E-01 -1.23688137E+00  4.66953947E-01  5.21775834E+00  6.72972197E-01  1.94776549E-01
 -2.04351753E-01  1.00000000E+00  4.20994631E-01 -1.23915137E+00  4.70208420E-01  5.24468881E+00  6.71396832E-01  1.95998228E-01
 -1.98025807E-01  1.00000000E+00  4.18633329E-01 -1.24143123E+00  4.73529514E-01  5.27176523E+00  6.69827334E-01  1.97225910E-01
 -1.91837501E-01  1.00000000E+00  4.16495850E-01 -1.24453516E+00  4.77149064E-01  5.30121671E+00  6.68457641E-01  1.98546817E-01
 -1.85649194E-01  1.00000000E+00  4.14358371E-01 -1.24765358E+00  4.80868998E-01  5.33083810E+00  6.67094346E-01  1.99874732E-01
 -1.79460888E-01  1.00000000E+00  4.12468754E-01 -1.24930184E+00  4.85023542E-01  5.36383856E+00  6.64690782E-01  2.01392048E-01
 -1.73272582E-01  1.00000000E+00  4.10579137E-01 -1.25095895E+00  4.89318117E-01  5.39706039E+00  6.62296872E-01  2.02918437E-01
 -1.67084275E-01  1.00000000E+00  4.08929983E-01 -1.25562635E+00  4.94007277E-01  5.43607907E+00  6.60842688E-01  2.04652988E-01
 -1.60895969E-01  1.00000000E+00  4.07280829E-01 -1.26032211E+00  4.98873259E-01  5.47538597E+00  6.59399069E-01  2.06399439E-01
 -1.54707662E-01  1.00000000E+00  4.05918338E-01 -1.26310636E+00  5.04435841E-01  5.51913939E+00  6.56632650E-01  2.08393146E-01
 -1.48519356E-01  1.00000000E+00  4.04555847E-01 -1.26590912E+00  5.10169341E-01  5.56326586E+00  6.53880933E-01  2.10402211E-01
 -1.42331049E-01  1.00000000E+00  4.03795333E-01 -1.27112441E+00  5.16705725E-01  5.61502922E+00  6.51581121E-01  2.12719204E-01
 -1.36142743E-01  1.00000000E+00  4.03034819E-01 -1.27638021E+00  5.23573805E-01  5.66728996E+00  6.49299324E-01  2.15056741E-01
 -1.29954436E-01  1.00000000E+00  4.02699761E-01 -1.28053096E+00  5.30922137E-01  5.72537520E+00  6.46115390E-01  2.17682563E-01
 -1.23766130E-01  1.00000000E+00  4.02364702E-01 -1.28471579E+00  5.38864549E-01  5.78408991E+00  6.42953169E-01  2.20334432E-01
 -1.17577823E-01  1.00000000E+00  4.02441647E-01 -1.29097215E+00  5.48014972E-01  5.85635476E+00  6.39569274E-01  2.23576521E-01
 -1.11389517E-01  1.00000000E+00  4.02518592E-01 -1.29729238E+00  5.57655127E-01  5.92956031E+00  6.36217123E-01  2.26857565E-01
 -1.05201210E-01  1.00000000E+00  4.03770499E-01 -1.30407877E+00  5.68998836E-01  6.01662750E+00  6.31958765E-01  2.30771517E-01
 -9.90129037E-02  1.00000000E+00  4.05022405E-01 -1.31094607E+00  5.80872142E-01  6.10503434E+00  6.27745476E-01  2.34740951E-01
 -9.28245972E-02  1.00000000E+00  4.07532135E-01 -1.31494767E+00  5.94855747E-01  6.20542602E+00  6.21466092E-01  2.39312568E-01
 -8.66362908E-02  1.00000000E+00  4.10041866E-01 -1.31899945E+00  6.09535547E-01  6.30761078E+00  6.15251543E-01  2.43958253E-01
 -8.04479843E-02  1.00000000E+00  4.13704322E-01 -1.33196635E+00  6.27476171E-01  6.44083104E+00  6.10658892E-01  2.49864521E-01
 -7.42596778E-02  1.00000000E+00  4.17366778E-01 -1.34515738E+00  6.46773648E-01  6.57694360E+00  6.06151599E-01  2.55891086E-01
 -6.80713713E-02  1.00000000E+00  4.24370038E-01 -1.34398821E+00  6.70083483E-01  6.73728179E+00  5.94183880E-01  2.63275625E-01
 -6.18830648E-02  1.00000000E+00  4.31373298E-01 -1.34278179E+00  6.96240211E-01  6.90210223E+00  5.82405832E-01  2.70844131E-01
 -5.56947583E-02  1.00000000E+00  4.38604187E-01 -1.38496846E+00  7.28864768E-01  7.15552765E+00  5.81993888E-01  2.81722876E-01
 -4.95064519E-02  1.00000000E+00  4.45835076E-01 -1.42857195E+00  7.64955771E-01  7.41823880E+00  5.81960526E-01  2.92983354E-01
 -4.33181454E-02  1.00000000E+00  4.90680586E-01 -1.40448957E+00  8.10889107E-01  7.75792052E+00  5.52640159E-01  3.08797730E-01
 -3.71298389E-02  1.00000000E+00  5.35526097E-01 -1.37937528E+00  8.72192409E-01  8.11730068E+00  5.24375798E-01  3.25411066E-01
 -3.09415324E-02  1.00000000E+00  4.57618671E-01 -1.22875100E+00  9.61847121E-01  7.96934071E+00  4.84820976E-01  3.20765131E-01
 -2.47532259E-02  1.00000000E+00  3.79711245E-01 -1.08229315E+00  1.03843618E+00  7.83423734E+00  4.49982238E-01  3.16468076E-01
 -1.85649194E-02  1.00000000E+00  9.29336001E-01 -1.97616331E+00  1.18478366E+00  1.09801687E+01  5.88806306E-01  4.45344104E-01
 -1.23766130E-02  1.00000000E+00  1.47896076E+00 -3.27868935E+00  1.51689456E+00  1.55466026E+01  8.70535906E-01  6.28974287E-01
 -6.18830648E-03  1.00000000E+00  4.64347697E-02  1.21717563E+00  2.50757068E+00  1.24451438E+01  3.44605138E-01  5.18594515E-01
  0.00000000E+00  1.00000000E+00 -1.38609122E+00  7.21339345E+00  4.96727391E+00  1.86250578E+01  2.94567957E+00  6.71973354E-01
