# curve 5 (die wall), step =      100, time =   4.00000000E+01
# N1 = tau_xx - tau_yy = G ( c_xx - c_yy ),  G =  4.2857E-02  (polymer part only)
#              x               y        pressure            c_xy        gammadot            c_xx            c_yy              N1
 -3.00000000E+00  1.00000000E+00  2.40942130E+00 -1.57211708E+00  4.11459766E-01  6.99119405E+00  7.98799480E-01  2.65388339E-01
 -2.97524677E+00  1.00000000E+00  2.39182454E+00 -1.57205620E+00  4.11464571E-01  6.99085495E+00  7.98800726E-01  2.65373752E-01
 -2.95049355E+00  1.00000000E+00  2.37422778E+00 -1.57199533E+00  4.11467853E-01  6.99051586E+00  7.98801972E-01  2.65359167E-01
 -2.92574032E+00  1.00000000E+00  2.35663565E+00 -1.57207862E+00  4.11467433E-01  6.99096409E+00  7.98809790E-01  2.65378041E-01
 -2.90098710E+00  1.00000000E+00  2.33904352E+00 -1.57216191E+00  4.11462723E-01  6.99141234E+00  7.98817608E-01  2.65396917E-01
 -2.87623387E+00  1.00000000E+00  2.32145145E+00 -1.57231561E+00  4.11457659E-01  6.99265437E+00  7.98805500E-01  2.65450666E-01
 -2.85148064E+00  1.00000000E+00  2.30385939E+00 -1.57246932E+00  4.11450045E-01  6.99389663E+00  7.98793395E-01  2.65504425E-01
 -2.82672742E+00  1.00000000E+00  2.28626052E+00 -1.57221699E+00  4.11451484E-01  6.99258657E+00  7.98775342E-01  2.65449053E-01
 -2.80197419E+00  1.00000000E+00  2.26866165E+00 -1.57196471E+00  4.11454830E-01  6.99127675E+00  7.98757299E-01  2.65393691E-01
 -2.77722097E+00  1.00000000E+00  2.25105668E+00 -1.57200600E+00  4.11460618E-01  6.99099865E+00  7.98779090E-01  2.65380838E-01
 -2.75246774E+00  1.00000000E+00  2.23345171E+00 -1.57204728E+00  4.11465423E-01  6.99072056E+00  7.98800881E-01  2.65367986E-01
 -2.72771451E+00  1.00000000E+00  2.21587236E+00 -1.57209440E+00  4.11463302E-01  6.99094305E+00  7.98817250E-01  2.65376820E-01
 -2.70296129E+00  1.00000000E+00  2.19829300E+00 -1.57214152E+00  4.11454262E-01  6.99116554E+00  7.98833619E-01  2.65385654E-01
 -2.67820806E+00  1.00000000E+00  2.18069076E+00 -1.57208614E+00  4.11451991E-01  6.99102059E+00  7.98808533E-01  2.65380517E-01
 -2.65345484E+00  1.00000000E+00  2.16308851E+00 -1.57203076E+00  4.11456034E-01  6.99087565E+00  7.98783448E-01  2.65375380E-01
 -2.62870161E+00  1.00000000E+00  2.14549690E+00 -1.57205909E+00  4.11460677E-01  6.99076342E+00  7.98800056E-01  2.65369858E-01
 -2.60394839E+00  1.00000000E+00  2.12790528E+00 -1.57208743E+00  4.11463303E-01  6.99065120E+00  7.98816663E-01  2.65364337E-01
 -2.57919516E+00  1.00000000E+00  2.11031482E+00 -1.57207350E+00  4.11463471E-01  6.99075438E+00  7.98814649E-01  2.65368846E-01
 -2.55444193E+00  1.00000000E+00  2.09272436E+00 -1.57205957E+00  4.11458569E-01  6.99085757E+00  7.98812636E-01  2.65373354E-01
 -2.52968871E+00  1.00000000E+00  2.07512811E+00 -1.57220497E+00  4.11452620E-01  6.99175110E+00  7.98822568E-01  2.65411223E-01
 -2.50493548E+00  1.00000000E+00  2.05753186E+00 -1.57235038E+00  4.11442466E-01  6.99264474E+00  7.98832502E-01  2.65449096E-01
 -2.48018226E+00  1.00000000E+00  2.03992898E+00 -1.57213938E+00  4.11447190E-01  6.99160965E+00  7.98803650E-01  2.65405972E-01
 -2.45542903E+00  1.00000000E+00  2.02232610E+00 -1.57192842E+00  4.11455528E-01  6.99057472E+00  7.98774804E-01  2.65362854E-01
 -2.43067580E+00  1.00000000E+00  2.00473276E+00 -1.57196192E+00  4.11463573E-01  6.99044845E+00  7.98789507E-01  2.65356812E-01
 -2.40592258E+00  1.00000000E+00  1.98713942E+00 -1.57199542E+00  4.11470273E-01  6.99032219E+00  7.98804210E-01  2.65350771E-01
 -2.38116935E+00  1.00000000E+00  1.96955365E+00 -1.57201211E+00  4.11467018E-01  6.99041528E+00  7.98816922E-01  2.65354215E-01
 -2.35641613E+00  1.00000000E+00  1.95196789E+00 -1.57202881E+00  4.11456931E-01  6.99050838E+00  7.98829634E-01  2.65357660E-01
 -2.33166290E+00  1.00000000E+00  1.93436975E+00 -1.57204430E+00  4.11453882E-01  6.99073619E+00  7.98816716E-01  2.65367978E-01
 -2.30690967E+00  1.00000000E+00  1.91677160E+00 -1.57205980E+00  4.11453261E-01  6.99096401E+00  7.98803798E-01  2.65378295E-01
 -2.28215645E+00  1.00000000E+00  1.89917356E+00 -1.57204856E+00  4.11455451E-01  6.99087345E+00  7.98796136E-01  2.65374742E-01
 -2.25740322E+00  1.00000000E+00  1.88157552E+00 -1.57203733E+00  4.11460119E-01  6.99078289E+00  7.98788473E-01  2.65371189E-01
 -2.23265000E+00  1.00000000E+00  1.86398532E+00 -1.57219583E+00  4.11457421E-01  6.99161175E+00  7.98815170E-01  2.65405568E-01
 -2.20789677E+00  1.00000000E+00  1.84639511E+00 -1.57235436E+00  4.11444987E-01  6.99244071E+00  7.98841869E-01  2.65439951E-01
 -2.18314354E+00  1.00000000E+00  1.82879345E+00 -1.57216532E+00  4.11443263E-01  6.99137725E+00  7.98826736E-01  2.65395022E-01
 -2.15839032E+00  1.00000000E+00  1.81119179E+00 -1.57197631E+00  4.11445161E-01  6.99031394E+00  7.98811608E-01  2.65350100E-01
 -2.13363709E+00  1.00000000E+00  1.79360526E+00 -1.57198016E+00  4.11448174E-01  6.99024260E+00  7.98812843E-01  2.65346990E-01
 -2.10888387E+00  1.00000000E+00  1.77601873E+00 -1.57198401E+00  4.11451890E-01  6.99017126E+00  7.98814078E-01  2.65343879E-01
 -2.08413064E+00  1.00000000E+00  1.75841588E+00 -1.57198904E+00  4.11454309E-01  6.99008143E+00  7.98819561E-01  2.65339794E-01
 -2.05937741E+00  1.00000000E+00  1.74081304E+00 -1.57199406E+00  4.11453227E-01  6.98999159E+00  7.98825044E-01  2.65335709E-01
 -2.03462419E+00  1.00000000E+00  1.72322611E+00 -1.57198091E+00  4.11447693E-01  6.99016541E+00  7.98816490E-01  2.65343525E-01
 -2.00987096E+00  1.00000000E+00  1.70563919E+00 -1.57196775E+00  4.11440896E-01  6.99033922E+00  7.98807935E-01  2.65351341E-01
 -1.98511774E+00  1.00000000E+00  1.68803608E+00 -1.57197377E+00  4.11439405E-01  6.99023647E+00  7.98810796E-01  2.65346814E-01
 -1.96036451E+00  1.00000000E+00  1.67043296E+00 -1.57197979E+00  4.11438899E-01  6.99013371E+00  7.98813657E-01  2.65342288E-01
 -1.93561128E+00  1.00000000E+00  1.65285368E+00 -1.57211562E+00  4.11431618E-01  6.99085850E+00  7.98835813E-01  2.65372401E-01
 -1.91085806E+00  1.00000000E+00  1.63527439E+00 -1.57225145E+00  4.11419571E-01  6.99158336E+00  7.98857970E-01  2.65402517E-01
 -1.88610483E+00  1.00000000E+00  1.61766006E+00 -1.57211474E+00  4.11415091E-01  6.99119334E+00  7.98811624E-01  2.65387788E-01
 -1.86135161E+00  1.00000000E+00  1.60004573E+00 -1.57197804E+00  4.11415741E-01  6.99080334E+00  7.98765281E-01  2.65373060E-01
 -1.83659838E+00  1.00000000E+00  1.58246125E+00 -1.57200483E+00  4.11418890E-01  6.99033686E+00  7.98816447E-01  2.65350875E-01
 -1.81184516E+00  1.00000000E+00  1.56487677E+00 -1.57203161E+00  4.11415541E-01  6.98987042E+00  7.98867615E-01  2.65328692E-01
 -1.78709193E+00  1.00000000E+00  1.54729752E+00 -1.57216609E+00  4.11396269E-01  6.99112836E+00  7.98855738E-01  2.65383112E-01
 -1.76233870E+00  1.00000000E+00  1.52971828E+00 -1.57230058E+00  4.11371107E-01  6.99238652E+00  7.98843860E-01  2.65437543E-01
 -1.73758548E+00  1.00000000E+00  1.51210419E+00 -1.57219271E+00  4.11368242E-01  6.99174803E+00  7.98831339E-01  2.65410715E-01
 -1.71283225E+00  1.00000000E+00  1.49449011E+00 -1.57208485E+00  4.11364738E-01  6.99110959E+00  7.98818819E-01  2.65383890E-01
 -1.68807903E+00  1.00000000E+00  1.47689578E+00 -1.57207943E+00  4.11357302E-01  6.99065432E+00  7.98838442E-01  2.65363537E-01
 -1.66332580E+00  1.00000000E+00  1.45930146E+00 -1.57207400E+00  4.11350237E-01  6.99019908E+00  7.98858065E-01  2.65343186E-01
 -1.63857257E+00  1.00000000E+00  1.44172749E+00 -1.57204616E+00  4.11341547E-01  6.99016456E+00  7.98859414E-01  2.65341649E-01
 -1.61381935E+00  1.00000000E+00  1.42415351E+00 -1.57201833E+00  4.11325882E-01  6.99013004E+00  7.98860764E-01  2.65340112E-01
 -1.58906612E+00  1.00000000E+00  1.40654454E+00 -1.57191408E+00  4.11310878E-01  6.98931819E+00  7.98858632E-01  2.65305409E-01
 -1.56431290E+00  1.00000000E+00  1.38893558E+00 -1.57180983E+00  4.11300625E-01  6.98850643E+00  7.98856500E-01  2.65270711E-01
 -1.53955967E+00  1.00000000E+00  1.37137069E+00 -1.57176886E+00  4.11286295E-01  6.98795132E+00  7.98879173E-01  2.65245949E-01
 -1.51480644E+00  1.00000000E+00  1.35380581E+00 -1.57172790E+00  4.11270560E-01  6.98739626E+00  7.98901848E-01  2.65221189E-01
 -1.49005322E+00  1.00000000E+00  1.33622634E+00 -1.57173575E+00  4.11248079E-01  6.98740792E+00  7.98919111E-01  2.65220949E-01
 -1.46529999E+00  1.00000000E+00  1.31864686E+00 -1.57174360E+00  4.11215405E-01  6.98741957E+00  7.98936375E-01  2.65220708E-01
 -1.44054677E+00  1.00000000E+00  1.30106502E+00 -1.57189453E+00  4.11182112E-01  6.98839913E+00  7.98950106E-01  2.65262101E-01
 -1.41579354E+00  1.00000000E+00  1.28348317E+00 -1.57204549E+00  4.11139229E-01  6.98937882E+00  7.98963839E-01  2.65303499E-01
 -1.39104031E+00  1.00000000E+00  1.26591008E+00 -1.57171937E+00  4.11110994E-01  6.98742212E+00  7.98952810E-01  2.65220113E-01
 -1.36628709E+00  1.00000000E+00  1.24833700E+00 -1.57139334E+00  4.11088587E-01  6.98546597E+00  7.98941795E-01  2.65136750E-01
 -1.34153386E+00  1.00000000E+00  1.23077233E+00 -1.57139164E+00  4.11059775E-01  6.98474378E+00  7.98976779E-01  2.65104300E-01
 -1.31678064E+00  1.00000000E+00  1.21320766E+00 -1.57138994E+00  4.11027109E-01  6.98402167E+00  7.99011764E-01  2.65071853E-01
 -1.29202741E+00  1.00000000E+00  1.19567351E+00 -1.57138517E+00  4.10985271E-01  6.98389544E+00  7.99026712E-01  2.65065802E-01
 -1.26727418E+00  1.00000000E+00  1.17813937E+00 -1.57138040E+00  4.10937514E-01  6.98376921E+00  7.99041661E-01  2.65059752E-01
 -1.24252096E+00  1.00000000E+00  1.16060614E+00 -1.57144452E+00  4.10890322E-01  6.98366220E+00  7.99083746E-01  2.65053362E-01
 -1.21776773E+00  1.00000000E+00  1.14307291E+00 -1.57150865E+00  4.10830625E-01  6.98355519E+00  7.99125832E-01  2.65046973E-01
 -1.19301451E+00  1.00000000E+00  1.12554471E+00 -1.57118086E+00  4.10778292E-01  6.98156638E+00  7.99123364E-01  2.64961844E-01
 -1.16826128E+00  1.00000000E+00  1.10801651E+00 -1.57085316E+00  4.10732636E-01  6.97957813E+00  7.99120912E-01  2.64876738E-01
 -1.14350806E+00  1.00000000E+00  1.09052980E+00 -1.57087400E+00  4.10674486E-01  6.97908364E+00  7.99158833E-01  2.64853920E-01
 -1.11875483E+00  1.00000000E+00  1.07304310E+00 -1.57089484E+00  4.10612150E-01  6.97858919E+00  7.99196755E-01  2.64831104E-01
 -1.09400160E+00  1.00000000E+00  1.05557414E+00 -1.57075991E+00  4.10555543E-01  6.97739421E+00  7.99218284E-01  2.64778968E-01
 -1.06924838E+00  1.00000000E+00  1.03810518E+00 -1.57062500E+00  4.10497570E-01  6.97619944E+00  7.99239817E-01  2.64726841E-01
 -1.04449515E+00  1.00000000E+00  1.02068047E+00 -1.57049829E+00  4.10429982E-01  6.97486233E+00  7.99282794E-01  2.64667694E-01
 -1.01974193E+00  1.00000000E+00  1.00325577E+00 -1.57037160E+00  4.10357631E-01  6.97352549E+00  7.99325776E-01  2.64608559E-01
 -9.94988700E-01  1.00000000E+00  9.85873730E-01 -1.57026366E+00  4.10285842E-01  6.97263917E+00  7.99351545E-01  2.64569470E-01
 -9.70235474E-01  1.00000000E+00  9.68491695E-01 -1.57015572E+00  4.10218923E-01  6.97175296E+00  7.99377316E-01  2.64530385E-01
 -9.45482248E-01  1.00000000E+00  9.51146142E-01 -1.56999526E+00  4.10158285E-01  6.97055425E+00  7.99382518E-01  2.64478788E-01
 -9.20729022E-01  1.00000000E+00  9.33800588E-01 -1.56983482E+00  4.10101842E-01  6.96935574E+00  7.99387723E-01  2.64427201E-01
 -8.95975796E-01  1.00000000E+00  9.16547478E-01 -1.56969487E+00  4.10042552E-01  6.96794364E+00  7.99434001E-01  2.64364699E-01
 -8.71222570E-01  1.00000000E+00  8.99294368E-01 -1.56955493E+00  4.09984328E-01  6.96653184E+00  7.99480285E-01  2.64302209E-01
 -8.46469344E-01  1.00000000E+00  8.82111048E-01 -1.56965755E+00  4.09941493E-01  6.96662566E+00  7.99532823E-01  2.64303979E-01
 -8.21716118E-01  1.00000000E+00  8.64927728E-01 -1.56976017E+00  4.09891422E-01  6.96671949E+00  7.99585364E-01  2.64305748E-01
 -7.97201467E-01  1.00000000E+00  8.48016459E-01 -1.56978040E+00  4.09896258E-01  6.96665004E+00  7.99589795E-01  2.64302582E-01
 -7.72686817E-01  1.00000000E+00  8.31105190E-01 -1.56980062E+00  4.09898126E-01  6.96658058E+00  7.99594226E-01  2.64299415E-01
 -7.49503432E-01  1.00000000E+00  8.15222736E-01 -1.56970908E+00  4.09930097E-01  6.96703071E+00  7.99513606E-01  2.64322161E-01
 -7.26320047E-01  1.00000000E+00  7.99340281E-01 -1.56961753E+00  4.09980103E-01  6.96748088E+00  7.99432992E-01  2.64344909E-01
 -7.04527831E-01  1.00000000E+00  7.84539613E-01 -1.56996348E+00  4.10053702E-01  6.96880357E+00  7.99505816E-01  2.64398475E-01
 -6.82735615E-01  1.00000000E+00  7.69738944E-01 -1.57030949E+00  4.10143160E-01  6.97012652E+00  7.99578659E-01  2.64452051E-01
 -6.62251087E-01  1.00000000E+00  7.55936501E-01 -1.57023052E+00  4.10312173E-01  6.97245927E+00  7.99345354E-01  2.64562025E-01
 -6.41766559E-01  1.00000000E+00  7.42134057E-01 -1.57015153E+00  4.10505857E-01  6.97479296E+00  7.99112102E-01  2.64672037E-01
 -6.22511254E-01  1.00000000E+00  7.29309116E-01 -1.57036590E+00  4.10717802E-01  6.97788737E+00  7.98977148E-01  2.64810438E-01
 -6.03255949E-01  1.00000000E+00  7.16484174E-01 -1.57058032E+00  4.10963745E-01  6.98098324E+00  7.98842220E-01  2.64948901E-01
 -5.85156097E-01  1.00000000E+00  7.04576121E-01 -1.57132427E+00  4.11259967E-01  6.98576129E+00  7.98828954E-01  2.65154243E-01
 -5.67056245E-01  1.00000000E+00  6.92668068E-01 -1.57206865E+00  4.11583026E-01  6.99054262E+00  7.98815771E-01  2.65359722E-01
 -5.50042515E-01  1.00000000E+00  6.81598011E-01 -1.57249820E+00  4.12007121E-01  6.99717564E+00  7.98499783E-01  2.65657537E-01
 -5.33028786E-01  1.00000000E+00  6.70527953E-01 -1.57292801E+00  4.12446480E-01  7.00381537E+00  7.98183933E-01  2.65955633E-01
 -5.17036006E-01  1.00000000E+00  6.60316469E-01 -1.57401393E+00  4.12941352E-01  7.01239741E+00  7.98059318E-01  2.66328775E-01
 -5.01043227E-01  1.00000000E+00  6.50104985E-01 -1.57510089E+00  4.13466035E-01  7.02099016E+00  7.97934889E-01  2.66702369E-01
 -4.86010125E-01  1.00000000E+00  6.40631637E-01 -1.57603092E+00  4.14076246E-01  7.03057459E+00  7.97635309E-01  2.67125969E-01
 -4.70977023E-01  1.00000000E+00  6.31158290E-01 -1.57696187E+00  4.14753992E-01  7.04017261E+00  7.97335972E-01  2.67550142E-01
 -4.56846016E-01  1.00000000E+00  6.22420662E-01 -1.57833341E+00  4.15479333E-01  7.05270026E+00  7.97036398E-01  2.68099880E-01
 -4.42715008E-01  1.00000000E+00  6.13683035E-01 -1.57970677E+00  4.16277277E-01  7.06525085E+00  7.96737215E-01  2.68650584E-01
 -4.29431964E-01  1.00000000E+00  6.05673441E-01 -1.58112492E+00  4.17189953E-01  7.07938388E+00  7.96315269E-01  2.69274369E-01
 -4.16148920E-01  1.00000000E+00  5.97663846E-01 -1.58254515E+00  4.18150525E-01  7.09354618E+00  7.95893865E-01  2.69899385E-01
 -4.03662954E-01  1.00000000E+00  5.90281376E-01 -1.58397698E+00  4.19107027E-01  7.10961807E+00  7.95383474E-01  2.70610054E-01
 -3.91176988E-01  1.00000000E+00  5.82898905E-01 -1.58541098E+00  4.20198006E-01  7.12572801E+00  7.94873643E-01  2.71322330E-01
 -3.79440270E-01  1.00000000E+00  5.76100720E-01 -1.58771505E+00  4.21379253E-01  7.14484678E+00  7.94516744E-01  2.72157001E-01
 -3.67703552E-01  1.00000000E+00  5.69302535E-01 -1.59002390E+00  4.22625938E-01  7.16401792E+00  7.94160814E-01  2.72993876E-01
 -3.56671122E-01  1.00000000E+00  5.63207122E-01 -1.59214291E+00  4.23985126E-01  7.18548591E+00  7.93536366E-01  2.73940695E-01
 -3.45638692E-01  1.00000000E+00  5.57111708E-01 -1.59426652E+00  4.25373337E-01  7.20702054E+00  7.92913075E-01  2.74890320E-01
 -3.35268287E-01  1.00000000E+00  5.51460557E-01 -1.59672220E+00  4.26773201E-01  7.23052865E+00  7.92357613E-01  2.75921616E-01
 -3.24897882E-01  1.00000000E+00  5.45809405E-01 -1.59918367E+00  4.28332877E-01  7.25411589E+00  7.91803329E-01  2.76956253E-01
 -3.15149775E-01  1.00000000E+00  5.40752475E-01 -1.60172033E+00  4.30017586E-01  7.27954599E+00  7.91112965E-01  2.78075701E-01
 -3.05401669E-01  1.00000000E+00  5.35695545E-01 -1.60426340E+00  4.31752874E-01  7.30506832E+00  7.90424108E-01  2.79199038E-01
 -2.96238520E-01  1.00000000E+00  5.31057072E-01 -1.60680776E+00  4.33528010E-01  7.33552749E+00  7.89389742E-01  2.80548761E-01
 -2.87075371E-01  1.00000000E+00  5.26418598E-01 -1.60935918E+00  4.35544406E-01  7.36611972E+00  7.88357469E-01  2.81904096E-01
 -2.78462077E-01  1.00000000E+00  5.22375602E-01 -1.61262761E+00  4.37620923E-01  7.39769274E+00  7.87546133E-01  2.83291997E-01
 -2.69848783E-01  1.00000000E+00  5.18332607E-01 -1.61590643E+00  4.39772547E-01  7.42940523E+00  7.86737246E-01  2.84685771E-01
 -2.61752348E-01  1.00000000E+00  5.14703785E-01 -1.61993625E+00  4.41937538E-01  7.46516779E+00  7.86070859E-01  2.86247012E-01
 -2.53655913E-01  1.00000000E+00  5.11074963E-01 -1.62398064E+00  4.44232976E-01  7.50110674E+00  7.85407218E-01  2.87815694E-01
 -2.46045323E-01  1.00000000E+00  5.07905417E-01 -1.62682025E+00  4.46661422E-01  7.53803176E+00  7.84096548E-01  2.89454366E-01
 -2.38434732E-01  1.00000000E+00  5.04735871E-01 -1.62966881E+00  4.49163903E-01  7.57514803E+00  7.82788836E-01  2.91101108E-01
 -2.31280830E-01  1.00000000E+00  5.01930402E-01 -1.63319100E+00  4.51750398E-01  7.61461997E+00  7.81667064E-01  2.92840839E-01
 -2.24126928E-01  1.00000000E+00  4.99124934E-01 -1.63672565E+00  4.54447241E-01  7.65430601E+00  7.80548310E-01  2.94589616E-01
 -2.17402314E-01  1.00000000E+00  4.96734329E-01 -1.64213324E+00  4.57235039E-01  7.69972865E+00  7.79850415E-01  2.96566210E-01
 -2.10677699E-01  1.00000000E+00  4.94343724E-01 -1.64756576E+00  4.60102913E-01  7.74542596E+00  7.79157212E-01  2.98554375E-01
 -2.04351753E-01  1.00000000E+00  4.92373513E-01 -1.65172134E+00  4.63158041E-01  7.79309166E+00  7.77768830E-01  3.00656693E-01
 -1.98025807E-01  1.00000000E+00  4.90403301E-01 -1.65589437E+00  4.66274465E-01  7.84106279E+00  7.76384962E-01  3.02771907E-01
 -1.91837501E-01  1.00000000E+00  4.88711618E-01 -1.66123844E+00  4.69678523E-01  7.89321920E+00  7.75280392E-01  3.05054520E-01
 -1.85649194E-01  1.00000000E+00  4.87019934E-01 -1.66660846E+00  4.73178437E-01  7.94573252E+00  7.74181046E-01  3.07352206E-01
 -1.79460888E-01  1.00000000E+00  4.85634632E-01 -1.66991116E+00  4.77110020E-01  8.00402433E+00  7.71789781E-01  3.09952909E-01
 -1.73272582E-01  1.00000000E+00  4.84249329E-01 -1.67322644E+00  4.81180342E-01  8.06277336E+00  7.69405625E-01  3.12572903E-01
 -1.67084275E-01  1.00000000E+00  4.83248164E-01 -1.68139520E+00  4.85618037E-01  8.13305397E+00  7.68447188E-01  3.15626005E-01
 -1.60895969E-01  1.00000000E+00  4.82246998E-01 -1.68961901E+00  4.90206672E-01  8.20395846E+00  7.67498508E-01  3.18705427E-01
 -1.54707662E-01  1.00000000E+00  4.81613823E-01 -1.69500325E+00  4.95476228E-01  8.28224368E+00  7.64851991E-01  3.22173929E-01
 -1.48519356E-01  1.00000000E+00  4.80980648E-01 -1.70041807E+00  5.00899162E-01  8.36131670E+00  7.62216404E-01  3.25675727E-01
 -1.42331049E-01  1.00000000E+00  4.81138965E-01 -1.70947903E+00  5.07113555E-01  8.45296389E+00  7.60316810E-01  3.29684875E-01
 -1.36142743E-01  1.00000000E+00  4.81297282E-01 -1.71861294E+00  5.13624384E-01  8.54564335E+00  7.58432533E-01  3.33737606E-01
 -1.29954436E-01  1.00000000E+00  4.81992141E-01 -1.72653230E+00  5.20582092E-01  8.65173646E+00  7.55494795E-01  3.38410357E-01
 -1.23766130E-01  1.00000000E+00  4.82687000E-01 -1.73451127E+00  5.28122277E-01  8.75920856E+00  7.52572620E-01  3.43141540E-01
 -1.17577823E-01  1.00000000E+00  4.84061986E-01 -1.74598027E+00  5.36842716E-01  8.89033971E+00  7.49642124E-01  3.48887039E-01
 -1.11389517E-01  1.00000000E+00  4.85436971E-01 -1.75756727E+00  5.46013432E-01  9.02350070E+00  7.46737050E-01  3.54718442E-01
 -1.05201210E-01  1.00000000E+00  4.88380041E-01 -1.77012222E+00  5.56830925E-01  9.18113728E+00  7.42834394E-01  3.61641552E-01
 -9.90129037E-02  1.00000000E+00  4.91323111E-01 -1.78282233E+00  5.68106075E-01  9.34163407E+00  7.38967814E-01  3.68685697E-01
 -9.28245972E-02  1.00000000E+00  4.95836484E-01 -1.79152689E+00  5.81461878E-01  9.52485757E+00  7.32546403E-01  3.76813336E-01
 -8.66362908E-02  1.00000000E+00  5.00349857E-01 -1.80029985E+00  5.95461745E-01  9.71192069E+00  7.26172568E-01  3.85103491E-01
 -8.04479843E-02  1.00000000E+00  5.06661641E-01 -1.82341309E+00  6.12537310E-01  9.95419098E+00  7.22619564E-01  3.95638775E-01
 -7.42596778E-02  1.00000000E+00  5.12973424E-01 -1.84694994E+00  6.30844276E-01  1.02026392E+01  7.19140944E-01  4.06435641E-01
 -6.80713713E-02  1.00000000E+00  5.23603797E-01 -1.84707242E+00  6.53168319E-01  1.04992335E+01  7.05012269E-01  4.19752339E-01
 -6.18830648E-02  1.00000000E+00  5.34234171E-01 -1.84695511E+00  6.78266465E-01  1.08055278E+01  6.91055114E-01  4.33477399E-01
 -5.56947583E-02  1.00000000E+00  5.45199542E-01 -1.94436112E+00  7.09598747E-01  1.12946300E+01  7.02471684E-01  4.53949643E-01
 -4.95064519E-02  1.00000000E+00  5.56164913E-01 -2.04623235E+00  7.42317446E-01  1.18060730E+01  7.14943969E-01  4.75334103E-01
 -4.33181454E-02  1.00000000E+00  6.18725202E-01 -1.90712687E+00  7.85341368E-01  1.22353306E+01  6.53637833E-01  4.96358263E-01
 -3.71298389E-02  1.00000000E+00  6.81285490E-01 -1.76320188E+00  8.47783155E-01  1.26989963E+01  5.96789616E-01  5.18666003E-01
 -3.09415324E-02  1.00000000E+00  5.72137229E-01 -1.52999531E+00  9.32111830E-01  1.24016523E+01  5.48141362E-01  5.08007612E-01
 -2.47532259E-02  1.00000000E+00  4.62988968E-01 -1.30448831E+00  9.95927816E-01  1.21278632E+01  5.06760653E-01  4.98047251E-01
 -1.85649194E-02  1.00000000E+00  1.16161993E+00 -3.29446522E+00  1.11622456E+00  1.86097247E+01  8.63513935E-01  7.60551891E-01
 -1.23766130E-02  1.00000000E+00  1.86025090E+00 -6.66108784E+00  1.39024008E+00  2.93444670E+01  1.72068139E+00  1.18387653E+00
 -6.18830648E-03  1.00000000E+00  3.24881801E-01  2.37882809E+00  2.41874270E+00  2.08128516E+01  5.69418492E-01  8.67575703E-01
  0.00000000E+00  1.00000000E+00 -1.21048730E+00  1.52313917E+01  5.28223975E+00  3.46076943E+01  6.88455301E+00  1.18813463E+00
