# model=oldroyd  theta_MLE: lambda=3.81806, beta=0.764854, eta_0=0.845959
# delta(x) = y_clean(x) - y_model(x; theta_MLE)   (x from curve4_x.txt)
# columns: x  delta
5.000000000000000000e+00 -5.417398480387358717e-04
4.950333040000000295e+00 -5.416992512947693683e-04
4.900666089999999642e+00 -5.416230308870062515e-04
4.850999129999999937e+00 -5.415410409868037789e-04
4.801332180000000172e+00 -5.414381051467298533e-04
4.751665219999999579e+00 -5.413402968157399187e-04
4.701998269999999813e+00 -5.412316718251819481e-04
4.652331310000000109e+00 -5.411243746091809470e-04
4.602664360000000343e+00 -5.409844245991557443e-04
4.552997399999999750e+00 -5.408338877079810203e-04
4.503330449999999985e+00 -5.406596953985154386e-04
4.453663490000000280e+00 -5.404408713693964472e-04
4.403996539999999627e+00 -5.401819779824457157e-04
4.354329579999999922e+00 -5.398511168173136809e-04
4.304662630000000156e+00 -5.394557323286086614e-04
4.254995669999999564e+00 -5.389772225738997946e-04
4.205328709999999859e+00 -5.384022092740359255e-04
4.155661760000000093e+00 -5.377048485153412827e-04
4.105994800000000389e+00 -5.368752887766614634e-04
4.056327849999999735e+00 -5.358844395138007144e-04
4.006660890000000030e+00 -5.347137055768946823e-04
3.956993939999999821e+00 -5.333321325402540225e-04
3.907326980000000116e+00 -5.317193280545140510e-04
3.857660029999999907e+00 -5.298337693189214548e-04
3.807993070000000202e+00 -5.276549142123609926e-04
3.758326119999999992e+00 -5.251102120218398284e-04
3.708659159999999844e+00 -5.221869937137579853e-04
3.658992210000000078e+00 -5.188333666414912670e-04
3.609325249999999929e+00 -5.149882532038407845e-04
3.559658300000000164e+00 -5.106034664472680618e-04
3.509991340000000015e+00 -5.056143669011081698e-04
3.460324389999999806e+00 -4.999407748482731506e-04
3.410657430000000101e+00 -4.935141928663622224e-04
3.360990469999999952e+00 -4.862678871091485888e-04
3.311323520000000187e+00 -4.781122775880941589e-04
3.261656560000000038e+00 -4.689463592555398463e-04
3.211989609999999828e+00 -4.586819100702577146e-04
3.162322650000000124e+00 -4.472091413476597666e-04
3.112655699999999914e+00 -4.344226698254072261e-04
3.062988740000000210e+00 -4.202151498122752571e-04
3.013321790000000000e+00 -4.044639668601135440e-04
2.963654829999999851e+00 -3.870569796311507105e-04
2.913987880000000086e+00 -3.678185420743496081e-04
2.864320919999999937e+00 -3.466580391524587412e-04
2.814653970000000172e+00 -3.234187677736422017e-04
2.764987010000000023e+00 -2.980067936162456022e-04
2.715320059999999813e+00 -2.702241354632928250e-04
2.665653100000000109e+00 -2.399630288254517296e-04
2.615986139999999960e+00 -2.070606734814184335e-04
2.566319190000000194e+00 -1.714982888685323559e-04
2.516652230000000046e+00 -1.330961427759014271e-04
2.466985279999999836e+00 -9.180783414985960178e-05
2.417318320000000131e+00 -4.758737141385971370e-05
2.367651369999999922e+00 -2.263268963353937124e-07
2.317984410000000217e+00 5.030605270794907824e-05
2.268317460000000008e+00 1.038800330070976941e-04
2.218650499999999859e+00 1.605167972746901484e-04
2.168983550000000093e+00 2.201530212506686013e-04
2.119316589999999945e+00 2.827124823967519518e-04
2.069649640000000179e+00 3.480766091412679231e-04
2.019982680000000030e+00 4.158472733768459051e-04
1.970315730000000043e+00 4.859506558829718159e-04
1.920648769999999894e+00 5.577640217773183196e-04
1.870981809999999967e+00 6.314745682849398634e-04
1.821314859999999980e+00 7.059532358741904545e-04
1.771647900000000053e+00 7.809059821379804589e-04
1.721980950000000066e+00 8.558608072839479775e-04
1.672313989999999917e+00 9.296753238394739327e-04
1.622647039999999929e+00 1.001876479071572845e-03
1.572980080000000003e+00 1.071670422889914320e-03
1.523313130000000015e+00 1.137369079968308938e-03
1.473646170000000089e+00 1.198462769923747118e-03
1.423979220000000101e+00 1.254363677422487555e-03
1.374312259999999952e+00 1.302840252490167217e-03
1.324645309999999965e+00 1.344349440013159480e-03
1.274978350000000038e+00 1.376079178199596242e-03
1.225311400000000051e+00 1.397149118631979547e-03
1.175644439999999902e+00 1.407252866270747305e-03
1.125977479999999975e+00 1.404946457526090597e-03
1.076310529999999988e+00 1.388612647887699225e-03
1.026643570000000061e+00 1.356262187055756741e-03
9.769766189999999906e-01 1.310553950992776606e-03
9.273096640000000335e-01 1.247535171708946677e-03
8.776427079999999936e-01 1.166372222782152690e-03
8.279757530000000365e-01 1.068687212675056841e-03
7.786002389999999718e-01 9.549699282729307015e-04
7.317317880000000496e-01 8.310142839318412911e-04
6.876846269999999928e-01 7.069037006006695378e-04
6.462889219999999879e-01 5.737167184787228535e-04
6.073850619999999756e-01 4.416489460303818504e-04
5.708230460000000006e-01 3.186881596040080922e-04
5.364619149999999559e-01 2.060852963838843976e-04
5.041691750000000249e-01 6.910753986844042629e-05
4.738203240000000149e-01 -3.454306008343621670e-05
4.452983460000000115e-01 -1.335893858074310714e-04
4.184932690000000011e-01 -2.332425469457888312e-04
3.933017460000000076e-01 -3.409121479329701998e-04
3.696266380000000074e-01 -3.934458021825903984e-04
3.473766770000000226e-01 -4.557026599170121983e-04
3.264660690000000254e-01 -5.770891748964057655e-04
3.068141939999999845e-01 -5.705683255428084522e-04
2.883452770000000109e-01 -5.813344261378361466e-04
2.709881089999999770e-01 -6.799954939127328402e-04
2.546757709999999952e-01 -6.630172115047461290e-04
2.393453670000000033e-01 -6.504081905578384948e-04
2.249377889999999991e-01 -7.635714893228229272e-04
2.113974849999999961e-01 -7.042895690931860742e-04
1.986678209999999944e-01 -6.989264841092968084e-04
1.862510820000000122e-01 -7.229318341981372242e-04
1.738343440000000018e-01 -7.237049891652969080e-04
1.614176049999999918e-01 -6.996029667474257252e-04
1.490008660000000096e-01 -6.630566106238244828e-04
1.365841269999999996e-01 -6.252919914215837593e-04
1.241673880000000035e-01 -6.627294831438312883e-04
1.117506489999999936e-01 -5.731389564298527972e-04
9.933391060000000550e-02 -4.974471818264269984e-04
8.691717179999999821e-02 -4.142439787733209755e-04
7.450043300000000479e-02 -4.489773644100747418e-04
6.208369419999999750e-02 -2.369881213228897110e-04
4.966695530000000275e-02 -1.535641740482152073e-04
3.725021650000000240e-02 -1.428475109441773583e-04
2.483347769999999857e-02 3.084713602841127056e-05
1.241673880000000035e-02 1.546988153997563842e-04
0.000000000000000000e+00 0.000000000000000000e+00
