# curve 5 (die wall), step =      200, time =   8.00000000E+01
# N1 = tau_xx - tau_yy = G ( c_xx - c_yy ),  G =  9.0909E-03  (polymer part only)
#              x               y        pressure            c_xy        gammadot            c_xx            c_yy              N1
 -3.00000000E+00  1.00000000E+00  2.44669727E+00 -1.33985858E+00  4.02843532E-01  6.48990394E+00  6.10680169E-01  5.34474888E-02
 -2.97524677E+00  1.00000000E+00  2.42814787E+00 -1.33981837E+00  4.02845344E-01  6.48965942E+00  6.10682759E-01  5.34452423E-02
 -2.95049355E+00  1.00000000E+00  2.40959846E+00 -1.33977817E+00  4.02846559E-01  6.48941491E+00  6.10685349E-01  5.34429960E-02
 -2.92574032E+00  1.00000000E+00  2.39104642E+00 -1.33980967E+00  4.02846942E-01  6.48969262E+00  6.10679521E-01  5.34455736E-02
 -2.90098710E+00  1.00000000E+00  2.37249439E+00 -1.33984116E+00  4.02846555E-01  6.48997034E+00  6.10673694E-01  5.34481513E-02
 -2.87623387E+00  1.00000000E+00  2.35394145E+00 -1.33990203E+00  4.02846055E-01  6.49068666E+00  6.10651683E-01  5.34548634E-02
 -2.85148064E+00  1.00000000E+00  2.33538852E+00 -1.33996291E+00  4.02845402E-01  6.49140306E+00  6.10629674E-01  5.34615762E-02
 -2.82672742E+00  1.00000000E+00  2.31683646E+00 -1.33986402E+00  4.02845606E-01  6.49061740E+00  6.10644987E-01  5.34542947E-02
 -2.80197419E+00  1.00000000E+00  2.29828439E+00 -1.33976514E+00  4.02845639E-01  6.48983185E+00  6.10660302E-01  5.34470141E-02
 -2.77722097E+00  1.00000000E+00  2.27973104E+00 -1.33979503E+00  4.02846309E-01  6.48970676E+00  6.10674846E-01  5.34457447E-02
 -2.75246774E+00  1.00000000E+00  2.26117768E+00 -1.33982493E+00  4.02846813E-01  6.48958168E+00  6.10689391E-01  5.34444754E-02
 -2.72771451E+00  1.00000000E+00  2.24262693E+00 -1.33981925E+00  4.02846405E-01  6.48969707E+00  6.10682742E-01  5.34455848E-02
 -2.70296129E+00  1.00000000E+00  2.22407618E+00 -1.33981358E+00  4.02845221E-01  6.48981246E+00  6.10676093E-01  5.34466942E-02
 -2.67820806E+00  1.00000000E+00  2.20552345E+00 -1.33982788E+00  4.02844983E-01  6.48977911E+00  6.10680139E-01  5.34463543E-02
 -2.65345484E+00  1.00000000E+00  2.18697072E+00 -1.33984219E+00  4.02845302E-01  6.48974576E+00  6.10684185E-01  5.34460143E-02
 -2.62870161E+00  1.00000000E+00  2.16841895E+00 -1.33984616E+00  4.02845790E-01  6.48968057E+00  6.10688994E-01  5.34453779E-02
 -2.60394839E+00  1.00000000E+00  2.14986718E+00 -1.33985014E+00  4.02846192E-01  6.48961537E+00  6.10693803E-01  5.34447415E-02
 -2.57919516E+00  1.00000000E+00  2.13131536E+00 -1.33982317E+00  4.02845993E-01  6.48963090E+00  6.10686299E-01  5.34449509E-02
 -2.55444193E+00  1.00000000E+00  2.11276355E+00 -1.33979620E+00  4.02845339E-01  6.48964643E+00  6.10678795E-01  5.34451603E-02
 -2.52968871E+00  1.00000000E+00  2.09421025E+00 -1.33984632E+00  4.02844762E-01  6.49018531E+00  6.10664911E-01  5.34501855E-02
 -2.50493548E+00  1.00000000E+00  2.07565694E+00 -1.33989644E+00  4.02843658E-01  6.49072425E+00  6.10651027E-01  5.34552111E-02
 -2.48018226E+00  1.00000000E+00  2.05710477E+00 -1.33983443E+00  4.02843990E-01  6.49011406E+00  6.10665290E-01  5.34495343E-02
 -2.45542903E+00  1.00000000E+00  2.03855259E+00 -1.33977242E+00  4.02844580E-01  6.48950394E+00  6.10679555E-01  5.34438580E-02
 -2.43067580E+00  1.00000000E+00  2.02000079E+00 -1.33978602E+00  4.02845269E-01  6.48942350E+00  6.10687401E-01  5.34430554E-02
 -2.40592258E+00  1.00000000E+00  2.00144898E+00 -1.33979962E+00  4.02845778E-01  6.48934306E+00  6.10695247E-01  5.34422528E-02
 -2.38116935E+00  1.00000000E+00  1.98289734E+00 -1.33977907E+00  4.02845017E-01  6.48936508E+00  6.10689480E-01  5.34425055E-02
 -2.35641613E+00  1.00000000E+00  1.96434570E+00 -1.33975852E+00  4.02843474E-01  6.48938711E+00  6.10683713E-01  5.34427582E-02
 -2.33166290E+00  1.00000000E+00  1.94579306E+00 -1.33978704E+00  4.02842891E-01  6.48955373E+00  6.10682192E-01  5.34442867E-02
 -2.30690967E+00  1.00000000E+00  1.92724042E+00 -1.33981555E+00  4.02842278E-01  6.48972035E+00  6.10680672E-01  5.34458152E-02
 -2.28215645E+00  1.00000000E+00  1.90868832E+00 -1.33982805E+00  4.02841979E-01  6.48968604E+00  6.10684879E-01  5.34454651E-02
 -2.25740322E+00  1.00000000E+00  1.89013621E+00 -1.33984055E+00  4.02842127E-01  6.48965173E+00  6.10689087E-01  5.34451149E-02
 -2.23265000E+00  1.00000000E+00  1.87158363E+00 -1.33986670E+00  4.02841286E-01  6.49010485E+00  6.10673748E-01  5.34493737E-02
 -2.20789677E+00  1.00000000E+00  1.85303104E+00 -1.33989286E+00  4.02839401E-01  6.49055801E+00  6.10658409E-01  5.34536328E-02
 -2.18314354E+00  1.00000000E+00  1.83447875E+00 -1.33983417E+00  4.02838628E-01  6.48994051E+00  6.10675010E-01  5.34478682E-02
 -2.15839032E+00  1.00000000E+00  1.81592647E+00 -1.33977548E+00  4.02838032E-01  6.48932307E+00  6.10691613E-01  5.34421042E-02
 -2.13363709E+00  1.00000000E+00  1.79737571E+00 -1.33978772E+00  4.02837533E-01  6.48931221E+00  6.10695244E-01  5.34419724E-02
 -2.10888387E+00  1.00000000E+00  1.77882495E+00 -1.33979995E+00  4.02836925E-01  6.48930134E+00  6.10698875E-01  5.34418406E-02
 -2.08413064E+00  1.00000000E+00  1.76027223E+00 -1.33980191E+00  4.02835989E-01  6.48924968E+00  6.10702091E-01  5.34413417E-02
 -2.05937741E+00  1.00000000E+00  1.74171952E+00 -1.33980387E+00  4.02834717E-01  6.48919802E+00  6.10705307E-01  5.34408428E-02
 -2.03462419E+00  1.00000000E+00  1.72316844E+00 -1.33978718E+00  4.02832650E-01  6.48927211E+00  6.10697149E-01  5.34415905E-02
 -2.00987096E+00  1.00000000E+00  1.70461737E+00 -1.33977048E+00  4.02830286E-01  6.48934620E+00  6.10688991E-01  5.34423382E-02
 -1.98511774E+00  1.00000000E+00  1.68606511E+00 -1.33978618E+00  4.02828578E-01  6.48931306E+00  6.10695165E-01  5.34419809E-02
 -1.96036451E+00  1.00000000E+00  1.66751285E+00 -1.33980188E+00  4.02826876E-01  6.48927993E+00  6.10701340E-01  5.34416236E-02
 -1.93561128E+00  1.00000000E+00  1.64896281E+00 -1.33982661E+00  4.02824001E-01  6.48967370E+00  6.10688874E-01  5.34453166E-02
 -1.91085806E+00  1.00000000E+00  1.63041278E+00 -1.33985135E+00  4.02820707E-01  6.49006750E+00  6.10676409E-01  5.34490099E-02
 -1.88610483E+00  1.00000000E+00  1.61186023E+00 -1.33984818E+00  4.02817898E-01  6.48988861E+00  6.10682698E-01  5.34473265E-02
 -1.86135161E+00  1.00000000E+00  1.59330768E+00 -1.33984502E+00  4.02815115E-01  6.48970973E+00  6.10688986E-01  5.34456431E-02
 -1.83659838E+00  1.00000000E+00  1.57475904E+00 -1.33980858E+00  4.02812515E-01  6.48940038E+00  6.10698348E-01  5.34427458E-02
 -1.81184516E+00  1.00000000E+00  1.55621041E+00 -1.33977213E+00  4.02809411E-01  6.48909105E+00  6.10707711E-01  5.34398485E-02
 -1.78709193E+00  1.00000000E+00  1.53766169E+00 -1.33982315E+00  4.02803483E-01  6.48984816E+00  6.10682306E-01  5.34469623E-02
 -1.76233870E+00  1.00000000E+00  1.51911297E+00 -1.33987417E+00  4.02796383E-01  6.49060537E+00  6.10656903E-01  5.34540770E-02
 -1.73758548E+00  1.00000000E+00  1.50056270E+00 -1.33985649E+00  4.02792050E-01  6.49025907E+00  6.10670407E-01  5.34508060E-02
 -1.71283225E+00  1.00000000E+00  1.48201243E+00 -1.33983881E+00  4.02787053E-01  6.48991278E+00  6.10683912E-01  5.34475351E-02
 -1.68807903E+00  1.00000000E+00  1.46346570E+00 -1.33985197E+00  4.02781650E-01  6.48972169E+00  6.10698361E-01  5.34456666E-02
 -1.66332580E+00  1.00000000E+00  1.44491897E+00 -1.33986513E+00  4.02775610E-01  6.48953061E+00  6.10712810E-01  5.34437982E-02
 -1.63857257E+00  1.00000000E+00  1.42637574E+00 -1.33983118E+00  4.02767840E-01  6.48948088E+00  6.10707161E-01  5.34433975E-02
 -1.61381935E+00  1.00000000E+00  1.40783252E+00 -1.33979724E+00  4.02759450E-01  6.48943116E+00  6.10701512E-01  5.34429968E-02
 -1.58906612E+00  1.00000000E+00  1.38928734E+00 -1.33978634E+00  4.02750997E-01  6.48902362E+00  6.10720554E-01  5.34391188E-02
 -1.56431290E+00  1.00000000E+00  1.37074217E+00 -1.33977543E+00  4.02742445E-01  6.48861612E+00  6.10739597E-01  5.34352411E-02
 -1.53955967E+00  1.00000000E+00  1.35220498E+00 -1.33974731E+00  4.02732709E-01  6.48832087E+00  6.10749265E-01  5.34324691E-02
 -1.51480644E+00  1.00000000E+00  1.33366780E+00 -1.33971919E+00  4.02722751E-01  6.48802564E+00  6.10758933E-01  5.34296973E-02
 -1.49005322E+00  1.00000000E+00  1.31513131E+00 -1.33970260E+00  4.02710871E-01  6.48807705E+00  6.10754403E-01  5.34302059E-02
 -1.46529999E+00  1.00000000E+00  1.29659482E+00 -1.33968601E+00  4.02697598E-01  6.48812846E+00  6.10749873E-01  5.34307145E-02
 -1.44054677E+00  1.00000000E+00  1.27806209E+00 -1.33974697E+00  4.02683809E-01  6.48880064E+00  6.10734169E-01  5.34369679E-02
 -1.41579354E+00  1.00000000E+00  1.25952936E+00 -1.33980793E+00  4.02667361E-01  6.48947289E+00  6.10718465E-01  5.34432221E-02
 -1.39104031E+00  1.00000000E+00  1.24100418E+00 -1.33969753E+00  4.02652604E-01  6.48843856E+00  6.10744041E-01  5.34335866E-02
 -1.36628709E+00  1.00000000E+00  1.22247901E+00 -1.33958713E+00  4.02638853E-01  6.48740440E+00  6.10769620E-01  5.34239526E-02
 -1.34153386E+00  1.00000000E+00  1.20396126E+00 -1.33961452E+00  4.02623266E-01  6.48717778E+00  6.10790435E-01  5.34217031E-02
 -1.31678064E+00  1.00000000E+00  1.18544352E+00 -1.33964190E+00  4.02606307E-01  6.48695116E+00  6.10811250E-01  5.34194538E-02
 -1.29202741E+00  1.00000000E+00  1.16693666E+00 -1.33964953E+00  4.02587769E-01  6.48704980E+00  6.10810462E-01  5.34203576E-02
 -1.26727418E+00  1.00000000E+00  1.14842979E+00 -1.33965717E+00  4.02568619E-01  6.48714843E+00  6.10809673E-01  5.34212614E-02
 -1.24252096E+00  1.00000000E+00  1.12993303E+00 -1.33969259E+00  4.02551444E-01  6.48729992E+00  6.10815664E-01  5.34225841E-02
 -1.21776773E+00  1.00000000E+00  1.11143627E+00 -1.33972802E+00  4.02528202E-01  6.48745141E+00  6.10821654E-01  5.34239069E-02
 -1.19301451E+00  1.00000000E+00  1.09295190E+00 -1.33962069E+00  4.02508323E-01  6.48659231E+00  6.10838935E-01  5.34159397E-02
 -1.16826128E+00  1.00000000E+00  1.07446754E+00 -1.33951337E+00  4.02493281E-01  6.48573331E+00  6.10856220E-01  5.34079736E-02
 -1.14350806E+00  1.00000000E+00  1.05600480E+00 -1.33956602E+00  4.02475567E-01  6.48580892E+00  6.10869695E-01  5.34085384E-02
 -1.11875483E+00  1.00000000E+00  1.03754207E+00 -1.33961868E+00  4.02455981E-01  6.48588453E+00  6.10883171E-01  5.34091033E-02
 -1.09400160E+00  1.00000000E+00  1.01910021E+00 -1.33958953E+00  4.02444870E-01  6.48561196E+00  6.10888082E-01  5.34065807E-02
 -1.06924838E+00  1.00000000E+00  1.00065836E+00 -1.33956038E+00  4.02433646E-01  6.48533940E+00  6.10892993E-01  5.34040582E-02
 -1.04449515E+00  1.00000000E+00  9.82242842E-01 -1.33953746E+00  4.02421758E-01  6.48505733E+00  6.10904762E-01  5.34013870E-02
 -1.01974193E+00  1.00000000E+00  9.63827322E-01 -1.33951454E+00  4.02410039E-01  6.48477528E+00  6.10916532E-01  5.33987159E-02
 -9.94988700E-01  1.00000000E+00  9.45444406E-01 -1.33953124E+00  4.02410257E-01  6.48490890E+00  6.10917313E-01  5.33999235E-02
 -9.70235474E-01  1.00000000E+00  9.27061490E-01 -1.33954793E+00  4.02415718E-01  6.48504251E+00  6.10918094E-01  5.34011311E-02
 -9.45482248E-01  1.00000000E+00  9.08717123E-01 -1.33950758E+00  4.02433052E-01  6.48511704E+00  6.10890742E-01  5.34020573E-02
 -9.20729022E-01  1.00000000E+00  8.90372756E-01 -1.33946723E+00  4.02455587E-01  6.48519157E+00  6.10863390E-01  5.34029835E-02
 -8.95975796E-01  1.00000000E+00  8.72078371E-01 -1.33947010E+00  4.02489846E-01  6.48531682E+00  6.10857966E-01  5.34041714E-02
 -8.71222570E-01  1.00000000E+00  8.53783986E-01 -1.33947298E+00  4.02530134E-01  6.48544207E+00  6.10852543E-01  5.34053593E-02
 -8.46469344E-01  1.00000000E+00  8.35543057E-01 -1.33963259E+00  4.02605995E-01  6.48674507E+00  6.10828039E-01  5.34174276E-02
 -8.21716118E-01  1.00000000E+00  8.17302128E-01 -1.33979222E+00  4.02683619E-01  6.48804835E+00  6.10803543E-01  5.34294982E-02
 -7.97201467E-01  1.00000000E+00  7.99315499E-01 -1.33993401E+00  4.02811282E-01  6.48953021E+00  6.10749423E-01  5.34434617E-02
 -7.72686817E-01  1.00000000E+00  7.81328871E-01 -1.34007584E+00  4.02941306E-01  6.49101241E+00  6.10695314E-01  5.34574282E-02
 -7.49503432E-01  1.00000000E+00  7.64392635E-01 -1.34000446E+00  4.03110077E-01  6.49283497E+00  6.10528064E-01  5.34755173E-02
 -7.26320047E-01  1.00000000E+00  7.47456398E-01 -1.33993307E+00  4.03301621E-01  6.49465814E+00  6.10360849E-01  5.34936118E-02
 -7.04527831E-01  1.00000000E+00  7.31611708E-01 -1.34036257E+00  4.03533043E-01  6.49727922E+00  6.10352909E-01  5.35175119E-02
 -6.82735615E-01  1.00000000E+00  7.15767018E-01 -1.34079223E+00  4.03783295E-01  6.49990135E+00  6.10345008E-01  5.35414213E-02
 -6.62251087E-01  1.00000000E+00  7.00970232E-01 -1.34071190E+00  4.04097935E-01  6.50335834E+00  6.10046443E-01  5.35755627E-02
 -6.41766559E-01  1.00000000E+00  6.86173446E-01 -1.34063155E+00  4.04441861E-01  6.50681749E+00  6.09747996E-01  5.36097227E-02
 -6.22511254E-01  1.00000000E+00  6.72337542E-01 -1.34077037E+00  4.04818931E-01  6.51085524E+00  6.09508586E-01  5.36486059E-02
 -6.03255949E-01  1.00000000E+00  6.58501637E-01 -1.34090926E+00  4.05233150E-01  6.51489572E+00  6.09269269E-01  5.36875132E-02
 -5.85156097E-01  1.00000000E+00  6.45586179E-01 -1.34160040E+00  4.05708159E-01  6.52045611E+00  6.09151356E-01  5.37391342E-02
 -5.67056245E-01  1.00000000E+00  6.32670720E-01 -1.34229204E+00  4.06214963E-01  6.52602131E+00  6.09033591E-01  5.37907974E-02
 -5.50042515E-01  1.00000000E+00  6.20620329E-01 -1.34247644E+00  4.06811087E-01  6.53279121E+00  6.08606576E-01  5.38562240E-02
 -5.33028786E-01  1.00000000E+00  6.08569939E-01 -1.34266098E+00  4.07432392E-01  6.53956882E+00  6.08179845E-01  5.39217180E-02
 -5.17036006E-01  1.00000000E+00  5.97346822E-01 -1.34327607E+00  4.08123302E-01  6.54768327E+00  6.07851415E-01  5.39984714E-02
 -5.01043227E-01  1.00000000E+00  5.86123704E-01 -1.34389174E+00  4.08861751E-01  6.55580823E+00  6.07523271E-01  5.40753178E-02
 -4.86010125E-01  1.00000000E+00  5.75666417E-01 -1.34460762E+00  4.09665190E-01  6.56501776E+00  6.07144544E-01  5.41624838E-02
 -4.70977023E-01  1.00000000E+00  5.65209130E-01 -1.34532431E+00  4.10536355E-01  6.57424078E+00  6.06766216E-01  5.42497688E-02
 -4.56846016E-01  1.00000000E+00  5.55451826E-01 -1.34608268E+00  4.11462452E-01  6.58525836E+00  6.06285103E-01  5.43543024E-02
 -4.42715008E-01  1.00000000E+00  5.45694521E-01 -1.34684204E+00  4.12460056E-01  6.59629534E+00  6.05804542E-01  5.44590072E-02
 -4.29431964E-01  1.00000000E+00  5.36666721E-01 -1.34760837E+00  4.13566852E-01  6.60863416E+00  6.05217725E-01  5.45765131E-02
 -4.16148920E-01  1.00000000E+00  5.27638921E-01 -1.34837582E+00  4.14739809E-01  6.62099735E+00  6.04631665E-01  5.46942335E-02
 -4.03662954E-01  1.00000000E+00  5.19232110E-01 -1.34914138E+00  4.15909827E-01  6.63449006E+00  6.03988513E-01  5.48227413E-02
 -3.91176988E-01  1.00000000E+00  5.10825298E-01 -1.34990808E+00  4.17200790E-01  6.64801196E+00  6.03346190E-01  5.49515070E-02
 -3.79440270E-01  1.00000000E+00  5.02972093E-01 -1.35124942E+00  4.18594263E-01  6.66398600E+00  6.02756726E-01  5.51020843E-02
 -3.67703552E-01  1.00000000E+00  4.95118888E-01 -1.35259333E+00  4.20060745E-01  6.67999980E+00  6.02168376E-01  5.52530130E-02
 -3.56671122E-01  1.00000000E+00  4.87928299E-01 -1.35375316E+00  4.21614750E-01  6.69764801E+00  6.01380343E-01  5.54206152E-02
 -3.45638692E-01  1.00000000E+00  4.80737710E-01 -1.35491537E+00  4.23228277E-01  6.71534526E+00  6.00593759E-01  5.55886500E-02
 -3.35268287E-01  1.00000000E+00  4.74014909E-01 -1.35631196E+00  4.24869122E-01  6.73425476E+00  5.99847381E-01  5.57673398E-02
 -3.24897882E-01  1.00000000E+00  4.67292107E-01 -1.35771157E+00  4.26655440E-01  6.75321987E+00  5.99102478E-01  5.59465217E-02
 -3.15149775E-01  1.00000000E+00  4.61140013E-01 -1.35893643E+00  4.28554262E-01  6.77303929E+00  5.98215252E-01  5.61347639E-02
 -3.05401669E-01  1.00000000E+00  4.54987918E-01 -1.36016400E+00  4.30504876E-01  6.79292007E+00  5.97329764E-01  5.63235482E-02
 -2.96238520E-01  1.00000000E+00  4.49227456E-01 -1.36128516E+00  4.32487510E-01  6.81665358E+00  5.96135391E-01  5.65501653E-02
 -2.87075371E-01  1.00000000E+00  4.43466993E-01 -1.36240914E+00  4.34708887E-01  6.84047582E+00  5.94943665E-01  5.67775650E-02
 -2.78462077E-01  1.00000000E+00  4.38219554E-01 -1.36411682E+00  4.36978826E-01  6.86526336E+00  5.93911132E-01  5.70122930E-02
 -2.69848783E-01  1.00000000E+00  4.32972115E-01 -1.36582932E+00  4.39355088E-01  6.89014494E+00  5.92881289E-01  5.72478514E-02
 -2.61752348E-01  1.00000000E+00  4.28159210E-01 -1.36802317E+00  4.41757613E-01  6.91737128E+00  5.91929933E-01  5.75040123E-02
 -2.53655913E-01  1.00000000E+00  4.23346305E-01 -1.37022378E+00  4.44294141E-01  6.94470916E+00  5.90981425E-01  5.77611612E-02
 -2.46045323E-01  1.00000000E+00  4.18942395E-01 -1.37146313E+00  4.46941146E-01  6.97293566E+00  5.89571801E-01  5.80305806E-02
 -2.38434732E-01  1.00000000E+00  4.14538485E-01 -1.37270599E+00  4.49667897E-01  7.00128518E+00  5.88165791E-01  5.83010854E-02
 -2.31280830E-01  1.00000000E+00  4.10498923E-01 -1.37416110E+00  4.52488973E-01  7.03078370E+00  5.86797153E-01  5.85816958E-02
 -2.24126928E-01  1.00000000E+00  4.06459362E-01 -1.37562047E+00  4.55419542E-01  7.06041466E+00  5.85432109E-01  5.88634777E-02
 -2.17402314E-01  1.00000000E+00  4.02755584E-01 -1.37880158E+00  4.58455595E-01  7.09464453E+00  5.84439558E-01  5.91836816E-02
 -2.10677699E-01  1.00000000E+00  3.99051807E-01 -1.38199519E+00  4.61588657E-01  7.12904459E+00  5.83451417E-01  5.95053925E-02
 -2.04351753E-01  1.00000000E+00  3.95743724E-01 -1.38391895E+00  4.64882375E-01  7.16489585E+00  5.81872559E-01  5.98456663E-02
 -1.98025807E-01  1.00000000E+00  3.92435641E-01 -1.38584969E+00  4.68245429E-01  7.20093814E+00  5.80298876E-01  6.01876297E-02
 -1.91837501E-01  1.00000000E+00  3.89327589E-01 -1.38867330E+00  4.71912882E-01  7.23935475E+00  5.78949435E-01  6.05491392E-02
 -1.85649194E-01  1.00000000E+00  3.86219537E-01 -1.39150846E+00  4.75680431E-01  7.27798447E+00  5.77605274E-01  6.09125381E-02
 -1.79460888E-01  1.00000000E+00  3.83315792E-01 -1.39204208E+00  4.79851288E-01  7.32061052E+00  5.75115928E-01  6.13226781E-02
 -1.73272582E-01  1.00000000E+00  3.80412046E-01 -1.39257641E+00  4.84160432E-01  7.36351345E+00  5.72635662E-01  6.17352526E-02
 -1.67084275E-01  1.00000000E+00  3.77607741E-01 -1.39721411E+00  4.88902851E-01  7.41475113E+00  5.71258640E-01  6.22135681E-02
 -1.60895969E-01  1.00000000E+00  3.74803436E-01 -1.40187771E+00  4.93830243E-01  7.46635421E+00  5.69890372E-01  6.26951258E-02
 -1.54707662E-01  1.00000000E+00  3.72259957E-01 -1.40373057E+00  4.99418943E-01  7.52323807E+00  5.67127586E-01  6.32373680E-02
 -1.48519356E-01  1.00000000E+00  3.69716479E-01 -1.40559171E+00  5.05187698E-01  7.58059008E+00  5.64377772E-01  6.37837482E-02
 -1.42331049E-01  1.00000000E+00  3.67612498E-01 -1.40996314E+00  5.11730242E-01  7.64672299E+00  5.62054391E-01  6.44060782E-02
 -1.36142743E-01  1.00000000E+00  3.65508517E-01 -1.41436336E+00  5.18652024E-01  7.71345741E+00  5.59745676E-01  6.50337430E-02
 -1.29954436E-01  1.00000000E+00  3.63755595E-01 -1.41749757E+00  5.26076588E-01  7.78868265E+00  5.56601236E-01  6.57461947E-02
 -1.23766130E-01  1.00000000E+00  3.62002672E-01 -1.42065025E+00  5.34068076E-01  7.86469076E+00  5.53475222E-01  6.64655958E-02
 -1.17577823E-01  1.00000000E+00  3.60430992E-01 -1.42600918E+00  5.43271968E-01  7.95780216E+00  5.50190916E-01  6.73419204E-02
 -1.11389517E-01  1.00000000E+00  3.58859311E-01 -1.43141309E+00  5.52964364E-01  8.05206916E+00  5.46932673E-01  6.82285135E-02
 -1.05201210E-01  1.00000000E+00  3.58231679E-01 -1.43715987E+00  5.64297501E-01  8.16459974E+00  5.42828407E-01  6.92888303E-02
 -9.90129037E-02  1.00000000E+00  3.57604047E-01 -1.44296165E+00  5.76211923E-01  8.27878647E+00  5.38761941E-01  7.03638594E-02
 -9.28245972E-02  1.00000000E+00  3.57999616E-01 -1.44437325E+00  5.90152830E-01  8.40719754E+00  5.32555834E-01  7.15876519E-02
 -8.66362908E-02  1.00000000E+00  3.58395185E-01 -1.44577945E+00  6.04831159E-01  8.53779997E+00  5.26408187E-01  7.28308344E-02
 -8.04479843E-02  1.00000000E+00  3.59587250E-01 -1.45673873E+00  6.22785905E-01  8.70648314E+00  5.21778919E-01  7.44064020E-02
 -7.42596778E-02  1.00000000E+00  3.60779314E-01 -1.46785669E+00  6.42197630E-01  8.87861625E+00  5.17217161E-01  7.60127190E-02
 -6.80713713E-02  1.00000000E+00  3.64302295E-01 -1.46306759E+00  6.65428428E-01  9.07919776E+00  5.06265984E-01  7.79357434E-02
 -6.18830648E-02  1.00000000E+00  3.67825276E-01 -1.45811777E+00  6.91403396E-01  9.28498616E+00  4.95479532E-01  7.99046057E-02
 -5.56947583E-02  1.00000000E+00  3.73138032E-01 -1.48631462E+00  7.23635982E-01  9.60390920E+00  4.90447848E-01  8.28496487E-02
 -4.95064519E-02  1.00000000E+00  3.78450788E-01 -1.51531252E+00  7.61348481E-01  9.93392489E+00  4.85630539E-01  8.58935850E-02
 -4.33181454E-02  1.00000000E+00  4.05369816E-01 -1.54432282E+00  8.08720391E-01  1.04886326E+01  4.72225696E-01  9.10582449E-02
 -3.71298389E-02  1.00000000E+00  4.32288844E-01 -1.57443099E+00  8.67401099E-01  1.10754677E+01  4.59353883E-01  9.65101252E-02
 -3.09415324E-02  1.00000000E+00  3.87230967E-01 -1.32914549E+00  9.58145919E-01  1.06173503E+01  4.11994396E-01  9.27759629E-02
 -2.47532259E-02  1.00000000E+00  3.42173089E-01 -1.09653237E+00  1.03927810E+00  1.01969655E+01  3.73540514E-01  8.93038632E-02
 -1.85649194E-02  1.00000000E+00  8.13880562E-01 -2.09347324E+00  1.18592239E+00  1.49301112E+01  4.80644473E-01  1.31358788E-01
 -1.23766130E-02  1.00000000E+00  1.28558804E+00 -3.61095885E+00  1.57824935E+00  2.20169718E+01  7.28197851E-01  1.93534309E-01
 -6.18830648E-03  1.00000000E+00 -3.27400383E-01  1.90030101E+00  2.50307275E+00  1.73802497E+01  3.80737091E-01  1.54541024E-01
  0.00000000E+00  1.00000000E+00 -1.94038880E+00  9.22326605E+00  4.56566413E+00  2.45596310E+01  3.58667134E+00  1.90663269E-01
