# curve 5 (die wall), step =      223, time =   8.92000000E+01
# N1 = tau_xx - tau_yy = G ( c_xx - c_yy ),  G =  9.0909E-03  (polymer part only)
#              x               y        pressure            c_xy        gammadot            c_xx            c_yy              N1
 -3.00000000E+00  1.00000000E+00  2.44669729E+00 -1.33985955E+00  4.02843529E-01  6.48990811E+00  6.10680172E-01  5.34475267E-02
 -2.97524677E+00  1.00000000E+00  2.42814788E+00 -1.33981935E+00  4.02845340E-01  6.48966359E+00  6.10682762E-01  5.34452803E-02
 -2.95049355E+00  1.00000000E+00  2.40959848E+00 -1.33977915E+00  4.02846556E-01  6.48941909E+00  6.10685353E-01  5.34430340E-02
 -2.92574032E+00  1.00000000E+00  2.39104644E+00 -1.33981065E+00  4.02846939E-01  6.48969682E+00  6.10679523E-01  5.34456118E-02
 -2.90098710E+00  1.00000000E+00  2.37249441E+00 -1.33984214E+00  4.02846551E-01  6.48997457E+00  6.10673694E-01  5.34481898E-02
 -2.87623387E+00  1.00000000E+00  2.35394147E+00 -1.33990299E+00  4.02846052E-01  6.49069094E+00  6.10651674E-01  5.34549024E-02
 -2.85148064E+00  1.00000000E+00  2.33538853E+00 -1.33996384E+00  4.02845399E-01  6.49140739E+00  6.10629655E-01  5.34616157E-02
 -2.82672742E+00  1.00000000E+00  2.31683647E+00 -1.33986495E+00  4.02845602E-01  6.49062171E+00  6.10644971E-01  5.34543340E-02
 -2.80197419E+00  1.00000000E+00  2.29828441E+00 -1.33976608E+00  4.02845635E-01  6.48983613E+00  6.10660290E-01  5.34470531E-02
 -2.77722097E+00  1.00000000E+00  2.27973105E+00 -1.33979598E+00  4.02846306E-01  6.48971101E+00  6.10674837E-01  5.34457834E-02
 -2.75246774E+00  1.00000000E+00  2.26117769E+00 -1.33982588E+00  4.02846810E-01  6.48958590E+00  6.10689384E-01  5.34445138E-02
 -2.72771451E+00  1.00000000E+00  2.24262695E+00 -1.33982021E+00  4.02846402E-01  6.48970132E+00  6.10682736E-01  5.34456235E-02
 -2.70296129E+00  1.00000000E+00  2.22407620E+00 -1.33981454E+00  4.02845218E-01  6.48981673E+00  6.10676087E-01  5.34467332E-02
 -2.67820806E+00  1.00000000E+00  2.20552347E+00 -1.33982884E+00  4.02844979E-01  6.48978335E+00  6.10680134E-01  5.34463929E-02
 -2.65345484E+00  1.00000000E+00  2.18697074E+00 -1.33984314E+00  4.02845299E-01  6.48974997E+00  6.10684182E-01  5.34460526E-02
 -2.62870161E+00  1.00000000E+00  2.16841897E+00 -1.33984713E+00  4.02845787E-01  6.48968475E+00  6.10688993E-01  5.34454160E-02
 -2.60394839E+00  1.00000000E+00  2.14986720E+00 -1.33985111E+00  4.02846189E-01  6.48961953E+00  6.10693805E-01  5.34447793E-02
 -2.57919516E+00  1.00000000E+00  2.13131538E+00 -1.33982414E+00  4.02845990E-01  6.48963510E+00  6.10686299E-01  5.34449891E-02
 -2.55444193E+00  1.00000000E+00  2.11276356E+00 -1.33979717E+00  4.02845335E-01  6.48965067E+00  6.10678794E-01  5.34451989E-02
 -2.52968871E+00  1.00000000E+00  2.09421026E+00 -1.33984730E+00  4.02844758E-01  6.49018965E+00  6.10664906E-01  5.34502249E-02
 -2.50493548E+00  1.00000000E+00  2.07565696E+00 -1.33989742E+00  4.02843654E-01  6.49072868E+00  6.10651019E-01  5.34552514E-02
 -2.48018226E+00  1.00000000E+00  2.05710478E+00 -1.33983541E+00  4.02843987E-01  6.49011843E+00  6.10665285E-01  5.34495741E-02
 -2.45542903E+00  1.00000000E+00  2.03855260E+00 -1.33977340E+00  4.02844576E-01  6.48950824E+00  6.10679551E-01  5.34438972E-02
 -2.43067580E+00  1.00000000E+00  2.02000080E+00 -1.33978700E+00  4.02845265E-01  6.48942777E+00  6.10687400E-01  5.34430942E-02
 -2.40592258E+00  1.00000000E+00  2.00144899E+00 -1.33980060E+00  4.02845775E-01  6.48934729E+00  6.10695248E-01  5.34422913E-02
 -2.38116935E+00  1.00000000E+00  1.98289735E+00 -1.33978005E+00  4.02845014E-01  6.48936932E+00  6.10689480E-01  5.34425440E-02
 -2.35641613E+00  1.00000000E+00  1.96434571E+00 -1.33975950E+00  4.02843470E-01  6.48939136E+00  6.10683713E-01  5.34427968E-02
 -2.33166290E+00  1.00000000E+00  1.94579307E+00 -1.33978801E+00  4.02842888E-01  6.48955797E+00  6.10682191E-01  5.34443253E-02
 -2.30690967E+00  1.00000000E+00  1.92724043E+00 -1.33981652E+00  4.02842274E-01  6.48972459E+00  6.10680670E-01  5.34458538E-02
 -2.28215645E+00  1.00000000E+00  1.90868833E+00 -1.33982902E+00  4.02841976E-01  6.48969025E+00  6.10684878E-01  5.34455034E-02
 -2.25740322E+00  1.00000000E+00  1.89013622E+00 -1.33984151E+00  4.02842123E-01  6.48965591E+00  6.10689087E-01  5.34451530E-02
 -2.23265000E+00  1.00000000E+00  1.87158364E+00 -1.33986767E+00  4.02841283E-01  6.49010910E+00  6.10673743E-01  5.34494123E-02
 -2.20789677E+00  1.00000000E+00  1.85303105E+00 -1.33989382E+00  4.02839397E-01  6.49056232E+00  6.10658400E-01  5.34536720E-02
 -2.18314354E+00  1.00000000E+00  1.83447876E+00 -1.33983514E+00  4.02838625E-01  6.48994479E+00  6.10675006E-01  5.34479071E-02
 -2.15839032E+00  1.00000000E+00  1.81592648E+00 -1.33977646E+00  4.02838028E-01  6.48932731E+00  6.10691614E-01  5.34421427E-02
 -2.13363709E+00  1.00000000E+00  1.79737572E+00 -1.33978870E+00  4.02837529E-01  6.48931643E+00  6.10695246E-01  5.34420107E-02
 -2.10888387E+00  1.00000000E+00  1.77882496E+00 -1.33980093E+00  4.02836922E-01  6.48930554E+00  6.10698878E-01  5.34418787E-02
 -2.08413064E+00  1.00000000E+00  1.76027224E+00 -1.33980289E+00  4.02835985E-01  6.48925386E+00  6.10702096E-01  5.34413797E-02
 -2.05937741E+00  1.00000000E+00  1.74171952E+00 -1.33980486E+00  4.02834714E-01  6.48920219E+00  6.10705314E-01  5.34408807E-02
 -2.03462419E+00  1.00000000E+00  1.72316845E+00 -1.33978815E+00  4.02832647E-01  6.48927628E+00  6.10697152E-01  5.34416285E-02
 -2.00987096E+00  1.00000000E+00  1.70461738E+00 -1.33977144E+00  4.02830283E-01  6.48935038E+00  6.10688990E-01  5.34423763E-02
 -1.98511774E+00  1.00000000E+00  1.68606512E+00 -1.33978715E+00  4.02828575E-01  6.48931725E+00  6.10695165E-01  5.34420190E-02
 -1.96036451E+00  1.00000000E+00  1.66751285E+00 -1.33980285E+00  4.02826873E-01  6.48928412E+00  6.10701341E-01  5.34416617E-02
 -1.93561128E+00  1.00000000E+00  1.64896282E+00 -1.33982759E+00  4.02823997E-01  6.48967796E+00  6.10688873E-01  5.34453554E-02
 -1.91085806E+00  1.00000000E+00  1.63041279E+00 -1.33985233E+00  4.02820704E-01  6.49007183E+00  6.10676405E-01  5.34490493E-02
 -1.88610483E+00  1.00000000E+00  1.61186024E+00 -1.33984916E+00  4.02817895E-01  6.48989288E+00  6.10682694E-01  5.34473653E-02
 -1.86135161E+00  1.00000000E+00  1.59330769E+00 -1.33984598E+00  4.02815112E-01  6.48971394E+00  6.10688983E-01  5.34456814E-02
 -1.83659838E+00  1.00000000E+00  1.57475905E+00 -1.33980955E+00  4.02812512E-01  6.48940460E+00  6.10698347E-01  5.34427841E-02
 -1.81184516E+00  1.00000000E+00  1.55621041E+00 -1.33977311E+00  4.02809408E-01  6.48909527E+00  6.10707712E-01  5.34398869E-02
 -1.78709193E+00  1.00000000E+00  1.53766169E+00 -1.33982412E+00  4.02803480E-01  6.48985251E+00  6.10682300E-01  5.34470019E-02
 -1.76233870E+00  1.00000000E+00  1.51911298E+00 -1.33987514E+00  4.02796380E-01  6.49060985E+00  6.10656888E-01  5.34541178E-02
 -1.73758548E+00  1.00000000E+00  1.50056271E+00 -1.33985746E+00  4.02792046E-01  6.49026351E+00  6.10670394E-01  5.34508465E-02
 -1.71283225E+00  1.00000000E+00  1.48201243E+00 -1.33983978E+00  4.02787049E-01  6.48991719E+00  6.10683900E-01  5.34475754E-02
 -1.68807903E+00  1.00000000E+00  1.46346570E+00 -1.33985294E+00  4.02781647E-01  6.48972606E+00  6.10698351E-01  5.34457065E-02
 -1.66332580E+00  1.00000000E+00  1.44491897E+00 -1.33986610E+00  4.02775607E-01  6.48953493E+00  6.10712803E-01  5.34438376E-02
 -1.63857257E+00  1.00000000E+00  1.42637575E+00 -1.33983215E+00  4.02767837E-01  6.48948520E+00  6.10707153E-01  5.34434368E-02
 -1.61381935E+00  1.00000000E+00  1.40783252E+00 -1.33979821E+00  4.02759446E-01  6.48943547E+00  6.10701504E-01  5.34430361E-02
 -1.58906612E+00  1.00000000E+00  1.38928735E+00 -1.33978731E+00  4.02750994E-01  6.48902790E+00  6.10720550E-01  5.34391577E-02
 -1.56431290E+00  1.00000000E+00  1.37074217E+00 -1.33977640E+00  4.02742442E-01  6.48862035E+00  6.10739597E-01  5.34352795E-02
 -1.53955967E+00  1.00000000E+00  1.35220499E+00 -1.33974829E+00  4.02732706E-01  6.48832508E+00  6.10749266E-01  5.34325074E-02
 -1.51480644E+00  1.00000000E+00  1.33366780E+00 -1.33972017E+00  4.02722748E-01  6.48802982E+00  6.10758936E-01  5.34297353E-02
 -1.49005322E+00  1.00000000E+00  1.31513131E+00 -1.33970358E+00  4.02710868E-01  6.48808129E+00  6.10754403E-01  5.34302445E-02
 -1.46529999E+00  1.00000000E+00  1.29659483E+00 -1.33968698E+00  4.02697595E-01  6.48813277E+00  6.10749869E-01  5.34307536E-02
 -1.44054677E+00  1.00000000E+00  1.27806209E+00 -1.33974795E+00  4.02683806E-01  6.48880507E+00  6.10734158E-01  5.34370083E-02
 -1.41579354E+00  1.00000000E+00  1.25952936E+00 -1.33980891E+00  4.02667357E-01  6.48947745E+00  6.10718447E-01  5.34432636E-02
 -1.39104031E+00  1.00000000E+00  1.24100418E+00 -1.33969850E+00  4.02652600E-01  6.48844306E+00  6.10744025E-01  5.34336276E-02
 -1.36628709E+00  1.00000000E+00  1.22247901E+00 -1.33958811E+00  4.02638849E-01  6.48740884E+00  6.10769607E-01  5.34239930E-02
 -1.34153386E+00  1.00000000E+00  1.20396127E+00 -1.33961549E+00  4.02623263E-01  6.48718217E+00  6.10790425E-01  5.34217431E-02
 -1.31678064E+00  1.00000000E+00  1.18544352E+00 -1.33964288E+00  4.02606304E-01  6.48695551E+00  6.10811243E-01  5.34194933E-02
 -1.29202741E+00  1.00000000E+00  1.16693666E+00 -1.33965051E+00  4.02587766E-01  6.48705414E+00  6.10810455E-01  5.34203971E-02
 -1.26727418E+00  1.00000000E+00  1.14842980E+00 -1.33965815E+00  4.02568615E-01  6.48715277E+00  6.10809668E-01  5.34213010E-02
 -1.24252096E+00  1.00000000E+00  1.12993303E+00 -1.33969357E+00  4.02551441E-01  6.48730429E+00  6.10815655E-01  5.34226239E-02
 -1.21776773E+00  1.00000000E+00  1.11143627E+00 -1.33972899E+00  4.02528199E-01  6.48745581E+00  6.10821643E-01  5.34239470E-02
 -1.19301451E+00  1.00000000E+00  1.09295190E+00 -1.33962166E+00  4.02508319E-01  6.48659667E+00  6.10838927E-01  5.34159795E-02
 -1.16826128E+00  1.00000000E+00  1.07446754E+00 -1.33951435E+00  4.02493278E-01  6.48573766E+00  6.10856214E-01  5.34080131E-02
 -1.14350806E+00  1.00000000E+00  1.05600480E+00 -1.33956700E+00  4.02475563E-01  6.48581325E+00  6.10869690E-01  5.34085778E-02
 -1.11875483E+00  1.00000000E+00  1.03754207E+00 -1.33961965E+00  4.02455978E-01  6.48588884E+00  6.10883166E-01  5.34091425E-02
 -1.09400160E+00  1.00000000E+00  1.01910021E+00 -1.33959051E+00  4.02444867E-01  6.48561624E+00  6.10888079E-01  5.34066196E-02
 -1.06924838E+00  1.00000000E+00  1.00065836E+00 -1.33956136E+00  4.02433643E-01  6.48534365E+00  6.10892992E-01  5.34040969E-02
 -1.04449515E+00  1.00000000E+00  9.82242841E-01 -1.33953845E+00  4.02421755E-01  6.48506158E+00  6.10904764E-01  5.34014256E-02
 -1.01974193E+00  1.00000000E+00  9.63827321E-01 -1.33951553E+00  4.02410036E-01  6.48477952E+00  6.10916535E-01  5.33987544E-02
 -9.94988700E-01  1.00000000E+00  9.45444405E-01 -1.33953222E+00  4.02410254E-01  6.48491315E+00  6.10917314E-01  5.33999622E-02
 -9.70235474E-01  1.00000000E+00  9.27061488E-01 -1.33954891E+00  4.02415716E-01  6.48504679E+00  6.10918093E-01  5.34011700E-02
 -9.45482248E-01  1.00000000E+00  9.08717121E-01 -1.33950856E+00  4.02433049E-01  6.48512130E+00  6.10890742E-01  5.34020960E-02
 -9.20729022E-01  1.00000000E+00  8.90372754E-01 -1.33946821E+00  4.02455584E-01  6.48519582E+00  6.10863391E-01  5.34030220E-02
 -8.95975796E-01  1.00000000E+00  8.72078369E-01 -1.33947109E+00  4.02489844E-01  6.48532107E+00  6.10857968E-01  5.34042100E-02
 -8.71222570E-01  1.00000000E+00  8.53783984E-01 -1.33947397E+00  4.02530132E-01  6.48544633E+00  6.10852545E-01  5.34053980E-02
 -8.46469344E-01  1.00000000E+00  8.35543054E-01 -1.33963358E+00  4.02605993E-01  6.48674941E+00  6.10828037E-01  5.34174670E-02
 -8.21716118E-01  1.00000000E+00  8.17302124E-01 -1.33979321E+00  4.02683617E-01  6.48805276E+00  6.10803537E-01  5.34295383E-02
 -7.97201467E-01  1.00000000E+00  7.99315496E-01 -1.33993500E+00  4.02811281E-01  6.48953461E+00  6.10749416E-01  5.34435018E-02
 -7.72686817E-01  1.00000000E+00  7.81328867E-01 -1.34007683E+00  4.02941304E-01  6.49101682E+00  6.10695307E-01  5.34574683E-02
 -7.49503432E-01  1.00000000E+00  7.64392630E-01 -1.34000545E+00  4.03110075E-01  6.49283936E+00  6.10528057E-01  5.34755573E-02
 -7.26320047E-01  1.00000000E+00  7.47456394E-01 -1.33993405E+00  4.03301621E-01  6.49466252E+00  6.10360842E-01  5.34936516E-02
 -7.04527831E-01  1.00000000E+00  7.31611703E-01 -1.34036354E+00  4.03533043E-01  6.49728358E+00  6.10352898E-01  5.35175517E-02
 -6.82735615E-01  1.00000000E+00  7.15767012E-01 -1.34079318E+00  4.03783294E-01  6.49990570E+00  6.10344994E-01  5.35414610E-02
 -6.62251087E-01  1.00000000E+00  7.00970226E-01 -1.34071285E+00  4.04097935E-01  6.50336268E+00  6.10046430E-01  5.35756023E-02
 -6.41766559E-01  1.00000000E+00  6.86173440E-01 -1.34063250E+00  4.04441862E-01  6.50682183E+00  6.09747982E-01  5.36097622E-02
 -6.22511254E-01  1.00000000E+00  6.72337535E-01 -1.34077131E+00  4.04818932E-01  6.51085957E+00  6.09508571E-01  5.36486454E-02
 -6.03255949E-01  1.00000000E+00  6.58501631E-01 -1.34091019E+00  4.05233151E-01  6.51490004E+00  6.09269252E-01  5.36875526E-02
 -5.85156097E-01  1.00000000E+00  6.45586172E-01 -1.34160132E+00  4.05708160E-01  6.52046042E+00  6.09151338E-01  5.37391735E-02
 -5.67056245E-01  1.00000000E+00  6.32670713E-01 -1.34229295E+00  4.06214964E-01  6.52602560E+00  6.09033570E-01  5.37908366E-02
 -5.50042515E-01  1.00000000E+00  6.20620322E-01 -1.34247734E+00  4.06811089E-01  6.53279550E+00  6.08606552E-01  5.38562631E-02
 -5.33028786E-01  1.00000000E+00  6.08569930E-01 -1.34266186E+00  4.07432394E-01  6.53957310E+00  6.08179818E-01  5.39217571E-02
 -5.17036006E-01  1.00000000E+00  5.97346813E-01 -1.34327694E+00  4.08123304E-01  6.54768758E+00  6.07851384E-01  5.39985108E-02
 -5.01043227E-01  1.00000000E+00  5.86123695E-01 -1.34389260E+00  4.08861754E-01  6.55581256E+00  6.07523235E-01  5.40753575E-02
 -4.86010125E-01  1.00000000E+00  5.75666408E-01 -1.34460846E+00  4.09665193E-01  6.56502207E+00  6.07144504E-01  5.41625234E-02
 -4.70977023E-01  1.00000000E+00  5.65209120E-01 -1.34532513E+00  4.10536359E-01  6.57424506E+00  6.06766172E-01  5.42498081E-02
 -4.56846016E-01  1.00000000E+00  5.55451816E-01 -1.34608348E+00  4.11462455E-01  6.58526262E+00  6.06285055E-01  5.43543415E-02
 -4.42715008E-01  1.00000000E+00  5.45694511E-01 -1.34684281E+00  4.12460060E-01  6.59629956E+00  6.05804490E-01  5.44590461E-02
 -4.29431964E-01  1.00000000E+00  5.36666710E-01 -1.34760913E+00  4.13566856E-01  6.60863836E+00  6.05217671E-01  5.45765517E-02
 -4.16148920E-01  1.00000000E+00  5.27638910E-01 -1.34837657E+00  4.14739813E-01  6.62100154E+00  6.04631608E-01  5.46942721E-02
 -4.03662954E-01  1.00000000E+00  5.19232098E-01 -1.34914209E+00  4.15909831E-01  6.63449420E+00  6.03988451E-01  5.48227795E-02
 -3.91176988E-01  1.00000000E+00  5.10825286E-01 -1.34990876E+00  4.17200795E-01  6.64801606E+00  6.03346123E-01  5.49515449E-02
 -3.79440270E-01  1.00000000E+00  5.02972081E-01 -1.35125007E+00  4.18594268E-01  6.66399005E+00  6.02756654E-01  5.51021218E-02
 -3.67703552E-01  1.00000000E+00  4.95118875E-01 -1.35259395E+00  4.20060751E-01  6.68000381E+00  6.02168298E-01  5.52530501E-02
 -3.56671122E-01  1.00000000E+00  4.87928286E-01 -1.35375375E+00  4.21614756E-01  6.69765196E+00  6.01380260E-01  5.54206518E-02
 -3.45638692E-01  1.00000000E+00  4.80737696E-01 -1.35491593E+00  4.23228283E-01  6.71534916E+00  6.00593671E-01  5.55886862E-02
 -3.35268287E-01  1.00000000E+00  4.74014895E-01 -1.35631247E+00  4.24869128E-01  6.73425857E+00  5.99847288E-01  5.57673753E-02
 -3.24897882E-01  1.00000000E+00  4.67292093E-01 -1.35771204E+00  4.26655446E-01  6.75322358E+00  5.99102379E-01  5.59465564E-02
 -3.15149775E-01  1.00000000E+00  4.61139998E-01 -1.35893688E+00  4.28554269E-01  6.77304297E+00  5.98215149E-01  5.61347984E-02
 -3.05401669E-01  1.00000000E+00  4.54987904E-01 -1.36016443E+00  4.30504883E-01  6.79292372E+00  5.97329658E-01  5.63235824E-02
 -2.96238520E-01  1.00000000E+00  4.49227441E-01 -1.36128555E+00  4.32487517E-01  6.81665711E+00  5.96135281E-01  5.65501985E-02
 -2.87075371E-01  1.00000000E+00  4.43466978E-01 -1.36240947E+00  4.34708894E-01  6.84047923E+00  5.94943549E-01  5.67775971E-02
 -2.78462077E-01  1.00000000E+00  4.38219538E-01 -1.36411712E+00  4.36978834E-01  6.86526669E+00  5.93911012E-01  5.70123243E-02
 -2.69848783E-01  1.00000000E+00  4.32972099E-01 -1.36582959E+00  4.39355096E-01  6.89014818E+00  5.92881165E-01  5.72478820E-02
 -2.61752348E-01  1.00000000E+00  4.28159194E-01 -1.36802339E+00  4.41757622E-01  6.91737438E+00  5.91929806E-01  5.75040416E-02
 -2.53655913E-01  1.00000000E+00  4.23346289E-01 -1.37022395E+00  4.44294150E-01  6.94471212E+00  5.90981295E-01  5.77611893E-02
 -2.46045323E-01  1.00000000E+00  4.18942379E-01 -1.37146325E+00  4.46941155E-01  6.97293847E+00  5.89571668E-01  5.80306073E-02
 -2.38434732E-01  1.00000000E+00  4.14538468E-01 -1.37270607E+00  4.49667906E-01  7.00128784E+00  5.88165655E-01  5.83011108E-02
 -2.31280830E-01  1.00000000E+00  4.10498906E-01 -1.37416114E+00  4.52488982E-01  7.03078620E+00  5.86797016E-01  5.85817198E-02
 -2.24126928E-01  1.00000000E+00  4.06459345E-01 -1.37562046E+00  4.55419552E-01  7.06041700E+00  5.85431970E-01  5.88635002E-02
 -2.17402314E-01  1.00000000E+00  4.02755567E-01 -1.37880154E+00  4.58455604E-01  7.09464670E+00  5.84439420E-01  5.91837026E-02
 -2.10677699E-01  1.00000000E+00  3.99051790E-01 -1.38199512E+00  4.61588666E-01  7.12904659E+00  5.83451280E-01  5.95054119E-02
 -2.04351753E-01  1.00000000E+00  3.95743707E-01 -1.38391884E+00  4.64882384E-01  7.16489766E+00  5.81872422E-01  5.98456840E-02
 -1.98025807E-01  1.00000000E+00  3.92435624E-01 -1.38584954E+00  4.68245438E-01  7.20093977E+00  5.80298741E-01  6.01876458E-02
 -1.91837501E-01  1.00000000E+00  3.89327572E-01 -1.38867313E+00  4.71912891E-01  7.23935628E+00  5.78949301E-01  6.05491544E-02
 -1.85649194E-01  1.00000000E+00  3.86219520E-01 -1.39150827E+00  4.75680441E-01  7.27798591E+00  5.77605141E-01  6.09125524E-02
 -1.79460888E-01  1.00000000E+00  3.83315774E-01 -1.39204186E+00  4.79851298E-01  7.32061180E+00  5.75115796E-01  6.13226909E-02
 -1.73272582E-01  1.00000000E+00  3.80412028E-01 -1.39257616E+00  4.84160441E-01  7.36351457E+00  5.72635531E-01  6.17352640E-02
 -1.67084275E-01  1.00000000E+00  3.77607723E-01 -1.39721383E+00  4.88902860E-01  7.41475205E+00  5.71258515E-01  6.22135776E-02
 -1.60895969E-01  1.00000000E+00  3.74803418E-01 -1.40187741E+00  4.93830252E-01  7.46635493E+00  5.69890253E-01  6.26951334E-02
 -1.54707662E-01  1.00000000E+00  3.72259940E-01 -1.40373025E+00  4.99418952E-01  7.52323860E+00  5.67127471E-01  6.32373739E-02
 -1.48519356E-01  1.00000000E+00  3.69716461E-01 -1.40559137E+00  5.05187707E-01  7.58059042E+00  5.64377661E-01  6.37837524E-02
 -1.42331049E-01  1.00000000E+00  3.67612480E-01 -1.40996279E+00  5.11730251E-01  7.64672335E+00  5.62054280E-01  6.44060824E-02
 -1.36142743E-01  1.00000000E+00  3.65508499E-01 -1.41436301E+00  5.18652032E-01  7.71345778E+00  5.59745565E-01  6.50337474E-02
 -1.29954436E-01  1.00000000E+00  3.63755577E-01 -1.41749720E+00  5.26076597E-01  7.78868276E+00  5.56601134E-01  6.57461966E-02
 -1.23766130E-01  1.00000000E+00  3.62002655E-01 -1.42064986E+00  5.34068084E-01  7.86469061E+00  5.53475128E-01  6.64655953E-02
 -1.17577823E-01  1.00000000E+00  3.60430974E-01 -1.42600880E+00  5.43271976E-01  7.95780185E+00  5.50190832E-01  6.73419183E-02
 -1.11389517E-01  1.00000000E+00  3.58859293E-01 -1.43141271E+00  5.52964371E-01  8.05206869E+00  5.46932598E-01  6.82285099E-02
 -1.05201210E-01  1.00000000E+00  3.58231662E-01 -1.43715949E+00  5.64297509E-01  8.16459916E+00  5.42828338E-01  6.92888256E-02
 -9.90129037E-02  1.00000000E+00  3.57604030E-01 -1.44296128E+00  5.76211930E-01  8.27878579E+00  5.38761879E-01  7.03638537E-02
 -9.28245972E-02  1.00000000E+00  3.57999598E-01 -1.44437288E+00  5.90152836E-01  8.40719666E+00  5.32555782E-01  7.15876443E-02
 -8.66362908E-02  1.00000000E+00  3.58395167E-01 -1.44577908E+00  6.04831165E-01  8.53779888E+00  5.26408144E-01  7.28308249E-02
 -8.04479843E-02  1.00000000E+00  3.59587232E-01 -1.45673837E+00  6.22785911E-01  8.70648200E+00  5.21778883E-01  7.44063920E-02
 -7.42596778E-02  1.00000000E+00  3.60779297E-01 -1.46785635E+00  6.42197636E-01  8.87861506E+00  5.17217131E-01  7.60127084E-02
 -6.80713713E-02  1.00000000E+00  3.64302278E-01 -1.46306728E+00  6.65428434E-01  9.07919644E+00  5.06265965E-01  7.79357316E-02
 -6.18830648E-02  1.00000000E+00  3.67825258E-01 -1.45811747E+00  6.91403402E-01  9.28498469E+00  4.95479522E-01  7.99045925E-02
 -5.56947583E-02  1.00000000E+00  3.73138014E-01 -1.48631434E+00  7.23635987E-01  9.60390777E+00  4.90447841E-01  8.28496357E-02
 -4.95064519E-02  1.00000000E+00  3.78450770E-01 -1.51531227E+00  7.61348487E-01  9.93392349E+00  4.85630536E-01  8.58935723E-02
 -4.33181454E-02  1.00000000E+00  4.05369796E-01 -1.54432261E+00  8.08720397E-01  1.04886311E+01  4.72225702E-01  9.10582312E-02
 -3.71298389E-02  1.00000000E+00  4.32288823E-01 -1.57443082E+00  8.67401105E-01  1.10754661E+01  4.59353900E-01  9.65101106E-02
 -3.09415324E-02  1.00000000E+00  3.87230945E-01 -1.32914540E+00  9.58145926E-01  1.06173489E+01  4.11994426E-01  9.27759496E-02
 -2.47532259E-02  1.00000000E+00  3.42173068E-01 -1.09653235E+00  1.03927811E+00  1.01969642E+01  3.73540552E-01  8.93038512E-02
 -1.85649194E-02  1.00000000E+00  8.13880529E-01 -2.09347309E+00  1.18592240E+00  1.49301097E+01  4.80644476E-01  1.31358774E-01
 -1.23766130E-02  1.00000000E+00  1.28558799E+00 -3.61095851E+00  1.57824936E+00  2.20169701E+01  7.28197797E-01  1.93534293E-01
 -6.18830648E-03  1.00000000E+00 -3.27400414E-01  1.90030082E+00  2.50307274E+00  1.73802492E+01  3.80737061E-01  1.54541019E-01
  0.00000000E+00  1.00000000E+00 -1.94038882E+00  9.22326518E+00  4.56566400E+00  2.45596300E+01  3.58667083E+00  1.90663265E-01
