# curve 5 (die wall), step =      100, time =   4.00000000E+01
# N1 = tau_xx - tau_yy = G ( c_xx - c_yy ),  G =  9.0909E-03  (polymer part only)
#              x               y        pressure            c_xy        gammadot            c_xx            c_yy              N1
 -3.00000000E+00  1.00000000E+00  2.44660724E+00 -1.33857032E+00  4.02831388E-01  6.48207073E+00  6.10826870E-01  5.33749442E-02
 -2.97524677E+00  1.00000000E+00  2.42805886E+00 -1.33852887E+00  4.02833188E-01  6.48182648E+00  6.10829033E-01  5.33727040E-02
 -2.95049355E+00  1.00000000E+00  2.40951047E+00 -1.33848742E+00  4.02834403E-01  6.48158223E+00  6.10831195E-01  5.33704639E-02
 -2.92574032E+00  1.00000000E+00  2.39095947E+00 -1.33852008E+00  4.02834781E-01  6.48185265E+00  6.10826127E-01  5.33729684E-02
 -2.90098710E+00  1.00000000E+00  2.37240846E+00 -1.33855273E+00  4.02834382E-01  6.48212309E+00  6.10821060E-01  5.33754730E-02
 -2.87623387E+00  1.00000000E+00  2.35385663E+00 -1.33862106E+00  4.02833869E-01  6.48282784E+00  6.10801952E-01  5.33820535E-02
 -2.85148064E+00  1.00000000E+00  2.33530481E+00 -1.33868939E+00  4.02833173E-01  6.48353267E+00  6.10782846E-01  5.33886348E-02
 -2.82672742E+00  1.00000000E+00  2.31675372E+00 -1.33858663E+00  4.02833372E-01  6.48275638E+00  6.10796413E-01  5.33814543E-02
 -2.80197419E+00  1.00000000E+00  2.29820263E+00 -1.33848389E+00  4.02833443E-01  6.48198019E+00  6.10809984E-01  5.33742746E-02
 -2.77722097E+00  1.00000000E+00  2.27965036E+00 -1.33851137E+00  4.02834118E-01  6.48186278E+00  6.10823457E-01  5.33730848E-02
 -2.75246774E+00  1.00000000E+00  2.26109809E+00 -1.33853886E+00  4.02834631E-01  6.48174539E+00  6.10836930E-01  5.33718951E-02
 -2.72771451E+00  1.00000000E+00  2.24254835E+00 -1.33853308E+00  4.02834256E-01  6.48185544E+00  6.10830485E-01  5.33729541E-02
 -2.70296129E+00  1.00000000E+00  2.22399860E+00 -1.33852729E+00  4.02833123E-01  6.48196550E+00  6.10824041E-01  5.33740132E-02
 -2.67820806E+00  1.00000000E+00  2.20544692E+00 -1.33854109E+00  4.02832892E-01  6.48193988E+00  6.10827599E-01  5.33737480E-02
 -2.65345484E+00  1.00000000E+00  2.18689523E+00 -1.33855490E+00  4.02833204E-01  6.48191426E+00  6.10831158E-01  5.33734828E-02
 -2.62870161E+00  1.00000000E+00  2.16834449E+00 -1.33855754E+00  4.02833670E-01  6.48185310E+00  6.10835314E-01  5.33728890E-02
 -2.60394839E+00  1.00000000E+00  2.14979376E+00 -1.33856018E+00  4.02834049E-01  6.48179194E+00  6.10839470E-01  5.33722952E-02
 -2.57919516E+00  1.00000000E+00  2.13124298E+00 -1.33853399E+00  4.02833848E-01  6.48179804E+00  6.10832664E-01  5.33724125E-02
 -2.55444193E+00  1.00000000E+00  2.11269220E+00 -1.33850780E+00  4.02833210E-01  6.48180414E+00  6.10825858E-01  5.33725299E-02
 -2.52968871E+00  1.00000000E+00  2.09413997E+00 -1.33856044E+00  4.02832633E-01  6.48232175E+00  6.10813902E-01  5.33773441E-02
 -2.50493548E+00  1.00000000E+00  2.07558773E+00 -1.33861308E+00  4.02831551E-01  6.48283939E+00  6.10801947E-01  5.33821586E-02
 -2.48018226E+00  1.00000000E+00  2.05703657E+00 -1.33854872E+00  4.02831900E-01  6.48224751E+00  6.10814581E-01  5.33766630E-02
 -2.45542903E+00  1.00000000E+00  2.03848540E+00 -1.33848437E+00  4.02832492E-01  6.48165568E+00  6.10827216E-01  5.33711679E-02
 -2.43067580E+00  1.00000000E+00  2.01993464E+00 -1.33849631E+00  4.02833162E-01  6.48158332E+00  6.10834130E-01  5.33704472E-02
 -2.40592258E+00  1.00000000E+00  2.00138388E+00 -1.33850825E+00  4.02833660E-01  6.48151097E+00  6.10841044E-01  5.33697266E-02
 -2.38116935E+00  1.00000000E+00  1.98283328E+00 -1.33848869E+00  4.02832907E-01  6.48152888E+00  6.10835689E-01  5.33699381E-02
 -2.35641613E+00  1.00000000E+00  1.96428268E+00 -1.33846913E+00  4.02831382E-01  6.48154679E+00  6.10830333E-01  5.33701496E-02
 -2.33166290E+00  1.00000000E+00  1.94573109E+00 -1.33849850E+00  4.02830783E-01  6.48171173E+00  6.10829178E-01  5.33716596E-02
 -2.30690967E+00  1.00000000E+00  1.92717949E+00 -1.33852787E+00  4.02830155E-01  6.48187668E+00  6.10828023E-01  5.33731696E-02
 -2.28215645E+00  1.00000000E+00  1.90862841E+00 -1.33853995E+00  4.02829846E-01  6.48184795E+00  6.10831878E-01  5.33728734E-02
 -2.25740322E+00  1.00000000E+00  1.89007733E+00 -1.33855203E+00  4.02829957E-01  6.48181922E+00  6.10835733E-01  5.33725772E-02
 -2.23265000E+00  1.00000000E+00  1.87152582E+00 -1.33858130E+00  4.02829100E-01  6.48225697E+00  6.10822099E-01  5.33766806E-02
 -2.20789677E+00  1.00000000E+00  1.85297431E+00 -1.33861058E+00  4.02827234E-01  6.48269474E+00  6.10808465E-01  5.33807843E-02
 -2.18314354E+00  1.00000000E+00  1.83442301E+00 -1.33854792E+00  4.02826490E-01  6.48208803E+00  6.10823307E-01  5.33751339E-02
 -2.15839032E+00  1.00000000E+00  1.81587171E+00 -1.33848527E+00  4.02825922E-01  6.48148139E+00  6.10838150E-01  5.33694840E-02
 -2.13363709E+00  1.00000000E+00  1.79732199E+00 -1.33849694E+00  4.02825427E-01  6.48147577E+00  6.10841369E-01  5.33694037E-02
 -2.10888387E+00  1.00000000E+00  1.77877227E+00 -1.33850861E+00  4.02824824E-01  6.48147016E+00  6.10844589E-01  5.33693234E-02
 -2.08413064E+00  1.00000000E+00  1.76022060E+00 -1.33850943E+00  4.02823888E-01  6.48142232E+00  6.10847250E-01  5.33688643E-02
 -2.05937741E+00  1.00000000E+00  1.74166893E+00 -1.33851024E+00  4.02822614E-01  6.48137448E+00  6.10849912E-01  5.33684052E-02
 -2.03462419E+00  1.00000000E+00  1.72311890E+00 -1.33849658E+00  4.02820540E-01  6.48144543E+00  6.10842772E-01  5.33691151E-02
 -2.00987096E+00  1.00000000E+00  1.70456887E+00 -1.33848291E+00  4.02818166E-01  6.48151638E+00  6.10835631E-01  5.33698250E-02
 -1.98511774E+00  1.00000000E+00  1.68601765E+00 -1.33849737E+00  4.02816440E-01  6.48148212E+00  6.10841523E-01  5.33694599E-02
 -1.96036451E+00  1.00000000E+00  1.66746643E+00 -1.33851184E+00  4.02814722E-01  6.48144785E+00  6.10847414E-01  5.33690949E-02
 -1.93561128E+00  1.00000000E+00  1.64891742E+00 -1.33853852E+00  4.02811852E-01  6.48182367E+00  6.10836519E-01  5.33726105E-02
 -1.91085806E+00  1.00000000E+00  1.63036841E+00 -1.33856520E+00  4.02808578E-01  6.48219952E+00  6.10825624E-01  5.33761263E-02
 -1.88610483E+00  1.00000000E+00  1.61181695E+00 -1.33856252E+00  4.02805771E-01  6.48203542E+00  6.10831389E-01  5.33745821E-02
 -1.86135161E+00  1.00000000E+00  1.59326549E+00 -1.33855984E+00  4.02802945E-01  6.48187132E+00  6.10837154E-01  5.33730378E-02
 -1.83659838E+00  1.00000000E+00  1.57471785E+00 -1.33852102E+00  4.02800312E-01  6.48156311E+00  6.10845593E-01  5.33701592E-02
 -1.81184516E+00  1.00000000E+00  1.55617021E+00 -1.33848221E+00  4.02797207E-01  6.48125492E+00  6.10854034E-01  5.33672808E-02
 -1.78709193E+00  1.00000000E+00  1.53762255E+00 -1.33853859E+00  4.02791298E-01  6.48198326E+00  6.10831840E-01  5.33741038E-02
 -1.76233870E+00  1.00000000E+00  1.51907488E+00 -1.33859497E+00  4.02784226E-01  6.48271168E+00  6.10809647E-01  5.33809276E-02
 -1.73758548E+00  1.00000000E+00  1.50052567E+00 -1.33857553E+00  4.02779880E-01  6.48237252E+00  6.10822285E-01  5.33777294E-02
 -1.71283225E+00  1.00000000E+00  1.48197645E+00 -1.33855608E+00  4.02774886E-01  6.48203338E+00  6.10834924E-01  5.33745315E-02
 -1.68807903E+00  1.00000000E+00  1.46343076E+00 -1.33856804E+00  4.02769478E-01  6.48185332E+00  6.10848491E-01  5.33727711E-02
 -1.66332580E+00  1.00000000E+00  1.44488507E+00 -1.33857999E+00  4.02763417E-01  6.48167326E+00  6.10862059E-01  5.33710109E-02
 -1.63857257E+00  1.00000000E+00  1.42634286E+00 -1.33854654E+00  4.02755650E-01  6.48162292E+00  6.10856517E-01  5.33706036E-02
 -1.61381935E+00  1.00000000E+00  1.40780065E+00 -1.33851309E+00  4.02747282E-01  6.48157258E+00  6.10850976E-01  5.33701964E-02
 -1.58906612E+00  1.00000000E+00  1.38925654E+00 -1.33849927E+00  4.02738819E-01  6.48117520E+00  6.10868600E-01  5.33664236E-02
 -1.56431290E+00  1.00000000E+00  1.37071243E+00 -1.33848545E+00  4.02730253E-01  6.48077785E+00  6.10886224E-01  5.33626511E-02
 -1.53955967E+00  1.00000000E+00  1.35217625E+00 -1.33845588E+00  4.02720521E-01  6.48048657E+00  6.10895225E-01  5.33599213E-02
 -1.51480644E+00  1.00000000E+00  1.33364006E+00 -1.33842632E+00  4.02710557E-01  6.48019530E+00  6.10904226E-01  5.33571916E-02
 -1.49005322E+00  1.00000000E+00  1.31510466E+00 -1.33841193E+00  4.02698656E-01  6.48023247E+00  6.10901115E-01  5.33575578E-02
 -1.46529999E+00  1.00000000E+00  1.29656925E+00 -1.33839755E+00  4.02685380E-01  6.48026964E+00  6.10898005E-01  5.33579240E-02
 -1.44054677E+00  1.00000000E+00  1.27803761E+00 -1.33846314E+00  4.02671582E-01  6.48091172E+00  6.10885378E-01  5.33638758E-02
 -1.41579354E+00  1.00000000E+00  1.25950596E+00 -1.33852873E+00  4.02655145E-01  6.48155386E+00  6.10872752E-01  5.33698282E-02
 -1.39104031E+00  1.00000000E+00  1.24098179E+00 -1.33841538E+00  4.02640413E-01  6.48053938E+00  6.10896422E-01  5.33603905E-02
 -1.36628709E+00  1.00000000E+00  1.22245763E+00 -1.33830205E+00  4.02626689E-01  6.47952507E+00  6.10920097E-01  5.33509543E-02
 -1.34153386E+00  1.00000000E+00  1.20394096E+00 -1.33832717E+00  4.02611105E-01  6.47931038E+00  6.10939684E-01  5.33488245E-02
 -1.31678064E+00  1.00000000E+00  1.18542429E+00 -1.33835229E+00  4.02594148E-01  6.47909571E+00  6.10959272E-01  5.33466949E-02
 -1.29202741E+00  1.00000000E+00  1.16691844E+00 -1.33836068E+00  4.02575619E-01  6.47919039E+00  6.10958925E-01  5.33475588E-02
 -1.26727418E+00  1.00000000E+00  1.14841258E+00 -1.33836906E+00  4.02556469E-01  6.47928507E+00  6.10958578E-01  5.33484227E-02
 -1.24252096E+00  1.00000000E+00  1.12991692E+00 -1.33840656E+00  4.02539281E-01  6.47942830E+00  6.10965599E-01  5.33496610E-02
 -1.21776773E+00  1.00000000E+00  1.11142126E+00 -1.33844406E+00  4.02516042E-01  6.47957154E+00  6.10972620E-01  5.33508993E-02
 -1.19301451E+00  1.00000000E+00  1.09293793E+00 -1.33833369E+00  4.02496191E-01  6.47871983E+00  6.10988561E-01  5.33430116E-02
 -1.16826128E+00  1.00000000E+00  1.07445460E+00 -1.33822333E+00  4.02481181E-01  6.47786824E+00  6.11004505E-01  5.33351249E-02
 -1.14350806E+00  1.00000000E+00  1.05599291E+00 -1.33827641E+00  4.02463491E-01  6.47794572E+00  6.11018094E-01  5.33357057E-02
 -1.11875483E+00  1.00000000E+00  1.03753122E+00 -1.33832949E+00  4.02443930E-01  6.47802320E+00  6.11031683E-01  5.33362865E-02
 -1.09400160E+00  1.00000000E+00  1.01909044E+00 -1.33829896E+00  4.02432834E-01  6.47775758E+00  6.11035829E-01  5.33338341E-02
 -1.06924838E+00  1.00000000E+00  1.00064965E+00 -1.33826844E+00  4.02421630E-01  6.47749197E+00  6.11039975E-01  5.33313818E-02
 -1.04449515E+00  1.00000000E+00  9.82235170E-01 -1.33824419E+00  4.02409775E-01  6.47721139E+00  6.11051224E-01  5.33287288E-02
 -1.01974193E+00  1.00000000E+00  9.63820692E-01 -1.33821994E+00  4.02398095E-01  6.47693082E+00  6.11062472E-01  5.33260759E-02
 -9.94988700E-01  1.00000000E+00  9.45438851E-01 -1.33823907E+00  4.02398354E-01  6.47706124E+00  6.11064122E-01  5.33272466E-02
 -9.70235474E-01  1.00000000E+00  9.27057010E-01 -1.33825821E+00  4.02403862E-01  6.47719167E+00  6.11065771E-01  5.33284173E-02
 -9.45482248E-01  1.00000000E+00  9.08713712E-01 -1.33821726E+00  4.02421239E-01  6.47727237E+00  6.11037905E-01  5.33294042E-02
 -9.20729022E-01  1.00000000E+00  8.90370413E-01 -1.33817631E+00  4.02443813E-01  6.47735307E+00  6.11010039E-01  5.33303912E-02
 -8.95975796E-01  1.00000000E+00  8.72077086E-01 -1.33817970E+00  4.02478150E-01  6.47748095E+00  6.11004496E-01  5.33316041E-02
 -8.71222570E-01  1.00000000E+00  8.53783758E-01 -1.33818309E+00  4.02518529E-01  6.47760883E+00  6.10998954E-01  5.33328171E-02
 -8.46469344E-01  1.00000000E+00  8.35543870E-01 -1.33834712E+00  4.02594491E-01  6.47890083E+00  6.10976268E-01  5.33447687E-02
 -8.21716118E-01  1.00000000E+00  8.17303982E-01 -1.33851118E+00  4.02672226E-01  6.48019308E+00  6.10953590E-01  5.33567227E-02
 -7.97201467E-01  1.00000000E+00  7.99318413E-01 -1.33865566E+00  4.02799992E-01  6.48168262E+00  6.10899685E-01  5.33707539E-02
 -7.72686817E-01  1.00000000E+00  7.81332843E-01 -1.33880018E+00  4.02930123E-01  6.48317250E+00  6.10845791E-01  5.33847883E-02
 -7.49503432E-01  1.00000000E+00  7.64397559E-01 -1.33873207E+00  4.03099016E-01  6.48500707E+00  6.10678642E-01  5.34029857E-02
 -7.26320047E-01  1.00000000E+00  7.47462274E-01 -1.33866394E+00  4.03290676E-01  6.48684227E+00  6.10511529E-01  5.34211885E-02
 -7.04527831E-01  1.00000000E+00  7.31618482E-01 -1.33910089E+00  4.03522230E-01  6.48947491E+00  6.10504765E-01  5.34451831E-02
 -6.82735615E-01  1.00000000E+00  7.15774689E-01 -1.33953799E+00  4.03772619E-01  6.49210862E+00  6.10498041E-01  5.34691871E-02
 -6.62251087E-01  1.00000000E+00  7.00978750E-01 -1.33946277E+00  4.04087401E-01  6.49557855E+00  6.10199773E-01  5.35034434E-02
 -6.41766559E-01  1.00000000E+00  6.86182810E-01 -1.33938753E+00  4.04431484E-01  6.49905065E+00  6.09901622E-01  5.35377184E-02
 -6.22511254E-01  1.00000000E+00  6.72347640E-01 -1.33953459E+00  4.04808735E-01  6.50310526E+00  6.09663165E-01  5.35767463E-02
 -6.03255949E-01  1.00000000E+00  6.58512470E-01 -1.33968171E+00  4.05223140E-01  6.50716261E+00  6.09424801E-01  5.36157983E-02
 -5.85156097E-01  1.00000000E+00  6.45597714E-01 -1.34038591E+00  4.05698332E-01  6.51274902E+00  6.09308497E-01  5.36676411E-02
 -5.67056245E-01  1.00000000E+00  6.32682959E-01 -1.34109063E+00  4.06205318E-01  6.51834027E+00  6.09192345E-01  5.37195266E-02
 -5.50042515E-01  1.00000000E+00  6.20633219E-01 -1.34128743E+00  4.06801628E-01  6.52513315E+00  6.08766847E-01  5.37851482E-02
 -5.33028786E-01  1.00000000E+00  6.08583479E-01 -1.34148439E+00  4.07423120E-01  6.53193378E+00  6.08341637E-01  5.38508377E-02
 -5.17036006E-01  1.00000000E+00  5.97360914E-01 -1.34211334E+00  4.08114250E-01  6.54006467E+00  6.08015518E-01  5.39277195E-02
 -5.01043227E-01  1.00000000E+00  5.86138349E-01 -1.34274290E+00  4.08852931E-01  6.54820611E+00  6.07689690E-01  5.40046947E-02
 -4.86010125E-01  1.00000000E+00  5.75681625E-01 -1.34347853E+00  4.09656596E-01  6.55745776E+00  6.07313181E-01  5.40922234E-02
 -4.70977023E-01  1.00000000E+00  5.65224900E-01 -1.34421500E+00  4.10527952E-01  6.56672301E+00  6.06937079E-01  5.41798721E-02
 -4.56846016E-01  1.00000000E+00  5.55468013E-01 -1.34499549E+00  4.11454255E-01  6.57778781E+00  6.06458347E-01  5.42848133E-02
 -4.42715008E-01  1.00000000E+00  5.45711126E-01 -1.34577700E+00  4.12452074E-01  6.58887217E+00  6.05980176E-01  5.43899272E-02
 -4.29431964E-01  1.00000000E+00  5.36683753E-01 -1.34655658E+00  4.13559128E-01  6.60123560E+00  6.05394817E-01  5.45076435E-02
 -4.16148920E-01  1.00000000E+00  5.27656380E-01 -1.34733730E+00  4.14732340E-01  6.61362352E+00  6.04810221E-01  5.46255754E-02
 -4.03662954E-01  1.00000000E+00  5.19249958E-01 -1.34813329E+00  4.15902589E-01  6.62718277E+00  6.04170400E-01  5.47546579E-02
 -3.91176988E-01  1.00000000E+00  5.10843536E-01 -1.34893048E+00  4.17193782E-01  6.64077149E+00  6.03531425E-01  5.48840006E-02
 -3.79440270E-01  1.00000000E+00  5.02990634E-01 -1.35030320E+00  4.18587492E-01  6.65681431E+00  6.02945302E-01  5.50351728E-02
 -3.67703552E-01  1.00000000E+00  4.95137732E-01 -1.35167859E+00  4.20054200E-01  6.67289723E+00  6.02360316E-01  5.51866992E-02
 -3.56671122E-01  1.00000000E+00  4.87947542E-01 -1.35286717E+00  4.21608408E-01  6.69061002E+00  6.01575105E-01  5.53548629E-02
 -3.45638692E-01  1.00000000E+00  4.80757351E-01 -1.35405821E+00  4.23222105E-01  6.70837221E+00  6.00791364E-01  5.55234622E-02
 -3.35268287E-01  1.00000000E+00  4.74034716E-01 -1.35549258E+00  4.24863194E-01  6.72737954E+00  6.00048287E-01  5.57030114E-02
 -3.24897882E-01  1.00000000E+00  4.67312082E-01 -1.35693010E+00  4.26649747E-01  6.74644302E+00  5.99306717E-01  5.58830573E-02
 -3.15149775E-01  1.00000000E+00  4.61160215E-01 -1.35818007E+00  4.28548843E-01  6.76632219E+00  5.98421687E-01  5.60718228E-02
 -3.05401669E-01  1.00000000E+00  4.55008348E-01 -1.35943283E+00  4.30499784E-01  6.78626309E+00  5.97538415E-01  5.62611334E-02
 -2.96238520E-01  1.00000000E+00  4.49248063E-01 -1.36059773E+00  4.32482729E-01  6.81011570E+00  5.96347337E-01  5.64888033E-02
 -2.87075371E-01  1.00000000E+00  4.43487779E-01 -1.36176560E+00  4.34704405E-01  6.83405787E+00  5.95158944E-01  5.67172630E-02
 -2.78462077E-01  1.00000000E+00  4.38240645E-01 -1.36350804E+00  4.36974585E-01  6.85893920E+00  5.94128822E-01  5.69528217E-02
 -2.69848783E-01  1.00000000E+00  4.32993512E-01 -1.36525546E+00  4.39351008E-01  6.88391528E+00  5.93101429E-01  5.71892168E-02
 -2.61752348E-01  1.00000000E+00  4.28180639E-01 -1.36749286E+00  4.41753816E-01  6.91127907E+00  5.92152357E-01  5.74466065E-02
 -2.53655913E-01  1.00000000E+00  4.23367766E-01 -1.36973724E+00  4.44290611E-01  6.93875551E+00  5.91206191E-01  5.77049938E-02
 -2.46045323E-01  1.00000000E+00  4.18964159E-01 -1.37102004E+00  4.46937846E-01  6.96712169E+00  5.89798682E-01  5.79756637E-02
 -2.38434732E-01  1.00000000E+00  4.14560552E-01 -1.37230655E+00  4.49664814E-01  6.99561204E+00  5.88394833E-01  5.82474292E-02
 -2.31280830E-01  1.00000000E+00  4.10521011E-01 -1.37380493E+00  4.52486154E-01  7.02526161E+00  5.87027642E-01  5.85293997E-02
 -2.24126928E-01  1.00000000E+00  4.06481471E-01 -1.37530778E+00  4.55417015E-01  7.05504494E+00  5.85664097E-01  5.88125531E-02
 -2.17402314E-01  1.00000000E+00  4.02777777E-01 -1.37853209E+00  4.58453418E-01  7.08944747E+00  5.84671747E-01  5.91343247E-02
 -2.10677699E-01  1.00000000E+00  3.99074083E-01 -1.38176918E+00  4.61586877E-01  7.12402194E+00  5.83683893E-01  5.94576186E-02
 -2.04351753E-01  1.00000000E+00  3.95766213E-01 -1.38373620E+00  4.64880892E-01  7.16004785E+00  5.82104977E-01  5.97994807E-02
 -1.98025807E-01  1.00000000E+00  3.92458342E-01 -1.38571047E+00  4.68244208E-01  7.19626662E+00  5.80531308E-01  6.01430483E-02
 -1.91837501E-01  1.00000000E+00  3.89350274E-01 -1.38856768E+00  4.71912049E-01  7.23482758E+00  5.79181073E-01  6.05058774E-02
 -1.85649194E-01  1.00000000E+00  3.86242205E-01 -1.39143668E+00  4.75680061E-01  7.27360331E+00  5.77836187E-01  6.08706102E-02
 -1.79460888E-01  1.00000000E+00  3.83338742E-01 -1.39201264E+00  4.79851331E-01  7.31640949E+00  5.75346189E-01  6.12823937E-02
 -1.73272582E-01  1.00000000E+00  3.80435279E-01 -1.39258956E+00  4.84160880E-01  7.35949475E+00  5.72865332E-01  6.16966311E-02
 -1.67084275E-01  1.00000000E+00  3.77630988E-01 -1.39727132E+00  4.88903857E-01  7.41098276E+00  5.71484651E-01  6.21772556E-02
 -1.60895969E-01  1.00000000E+00  3.74826697E-01 -1.40197943E+00  4.93831772E-01  7.46283986E+00  5.70112862E-01  6.26611546E-02
 -1.54707662E-01  1.00000000E+00  3.72283519E-01 -1.40387613E+00  4.99420921E-01  7.51996333E+00  5.67346616E-01  6.32056065E-02
 -1.48519356E-01  1.00000000E+00  3.69740341E-01 -1.40578146E+00  5.05190072E-01  7.57755881E+00  5.64593458E-01  6.37542305E-02
 -1.42331049E-01  1.00000000E+00  3.67636487E-01 -1.41017409E+00  5.11733312E-01  7.64381067E+00  5.62267070E-01  6.43776691E-02
 -1.36142743E-01  1.00000000E+00  3.65532633E-01 -1.41459575E+00  5.18655893E-01  7.71066636E+00  5.59955435E-01  6.50064630E-02
 -1.29954436E-01  1.00000000E+00  3.63780031E-01 -1.41778069E+00  5.26081184E-01  7.78625724E+00  5.56803414E-01  6.57223075E-02
 -1.23766130E-01  1.00000000E+00  3.62027429E-01 -1.42098466E+00  5.34073404E-01  7.86263856E+00  5.53670017E-01  6.64451686E-02
 -1.17577823E-01  1.00000000E+00  3.60456042E-01 -1.42637419E+00  5.43278222E-01  7.95607197E+00  5.50375290E-01  6.73245152E-02
 -1.11389517E-01  1.00000000E+00  3.58884655E-01 -1.43180917E+00  5.52971651E-01  8.05066922E+00  5.47106837E-01  6.82142034E-02
 -1.05201210E-01  1.00000000E+00  3.58257491E-01 -1.43757797E+00  5.64305677E-01  8.16347866E+00  5.42992398E-01  6.92771479E-02
 -9.90129037E-02  1.00000000E+00  3.57630326E-01 -1.44340218E+00  5.76221047E-01  8.27795277E+00  5.38915970E-01  7.03548800E-02
 -9.28245972E-02  1.00000000E+00  3.58026918E-01 -1.44484454E+00  5.90163053E-01  8.40675109E+00  5.32697396E-01  7.15823063E-02
 -8.66362908E-02  1.00000000E+00  3.58423509E-01 -1.44628184E+00  6.04842329E-01  8.53775381E+00  5.26537571E-01  7.28292385E-02
 -8.04479843E-02  1.00000000E+00  3.59616083E-01 -1.45723747E+00  6.22798410E-01  8.70668765E+00  5.21894287E-01  7.44072124E-02
 -7.42596778E-02  1.00000000E+00  3.60808657E-01 -1.46835180E+00  6.42211771E-01  8.87908220E+00  5.17318698E-01  7.60160318E-02
 -6.80713713E-02  1.00000000E+00  3.64333803E-01 -1.46356677E+00  6.65444191E-01  9.08006233E+00  5.06350255E-01  7.79428370E-02
 -6.18830648E-02  1.00000000E+00  3.67858949E-01 -1.45862052E+00  6.91420603E-01  9.28626964E+00  4.95546987E-01  7.99156605E-02
 -5.56947583E-02  1.00000000E+00  3.73173263E-01 -1.48678349E+00  7.23655469E-01  9.60534846E+00  4.90501147E-01  8.28622483E-02
 -4.95064519E-02  1.00000000E+00  3.78487577E-01 -1.51574630E+00  7.61370106E-01  9.93553032E+00  4.85669540E-01  8.59078253E-02
 -4.33181454E-02  1.00000000E+00  4.05412865E-01 -1.54470495E+00  8.08744663E-01  1.04905984E+01  4.72242130E-01  9.10759659E-02
 -3.71298389E-02  1.00000000E+00  4.32338153E-01 -1.57475808E+00  8.67428633E-01  1.10778347E+01  4.59347848E-01  9.65316985E-02
 -3.09415324E-02  1.00000000E+00  3.87279611E-01 -1.32929490E+00  9.58178870E-01  1.06194773E+01  4.11950805E-01  9.27956951E-02
 -2.47532259E-02  1.00000000E+00  3.42221069E-01 -1.09651771E+00  1.03931458E+00  1.01988962E+01  3.73470760E-01  8.93220495E-02
 -1.85649194E-02  1.00000000E+00  8.13987145E-01 -2.09390651E+00  1.18596717E+00  1.49332818E+01  4.80670191E-01  1.31387379E-01
 -1.23766130E-02  1.00000000E+00  1.28575322E+00 -3.61217278E+00  1.57831350E+00  2.20223459E+01  7.28425251E-01  1.93581097E-01
 -6.18830648E-03  1.00000000E+00 -3.27367715E-01  1.90070823E+00  2.50325409E+00  1.73819638E+01  3.80792352E-01  1.54556104E-01
  0.00000000E+00  1.00000000E+00 -1.94048865E+00  9.22570129E+00  4.56626175E+00  2.45628156E+01  3.58803448E+00  1.90679828E-01
