# model=oldroyd  theta_MLE: lambda=3.05161, beta=0.9, eta_0=0.843848
# delta(x) = y_clean(x) - y_model(x; theta_MLE)   (x from curve4_x.txt)
# columns: x  delta
5.000000000000000000e+00 1.178921777466257481e-03
4.950333040000000295e+00 1.157362932129535338e-03
4.900666089999999642e+00 1.130597073595085433e-03
4.850999129999999937e+00 1.100521336782955828e-03
4.801332180000000172e+00 1.069072541555637912e-03
4.751665219999999579e+00 1.037613881242682723e-03
4.701998269999999813e+00 1.006797886714094759e-03
4.652331310000000109e+00 9.767955528090510597e-04
4.602664360000000343e+00 9.477324718050184060e-04
4.552997399999999750e+00 9.198062109989635360e-04
4.503330449999999985e+00 8.933056525499694089e-04
4.453663490000000280e+00 8.684131356719859696e-04
4.403996539999999627e+00 8.452218851893178453e-04
4.354329579999999922e+00 8.237312704542087971e-04
4.304662630000000156e+00 8.038902647373724619e-04
4.254995669999999564e+00 7.856778922168405899e-04
4.205328709999999859e+00 7.690238368578405925e-04
4.155661760000000093e+00 7.538625410183907860e-04
4.105994800000000389e+00 7.401021891446646350e-04
4.056327849999999735e+00 7.276264795108566830e-04
4.006660890000000030e+00 7.163616685019746910e-04
3.956993939999999821e+00 7.061809962056742052e-04
3.907326980000000116e+00 6.969846929951728498e-04
3.857660029999999907e+00 6.886659308835696436e-04
3.807993070000000202e+00 6.811160844992780738e-04
3.758326119999999992e+00 6.742417417715529382e-04
3.708659159999999844e+00 6.679373864217907908e-04
3.658992210000000078e+00 6.621148560772560643e-04
3.609325249999999929e+00 6.566778986325516598e-04
3.559658300000000164e+00 6.515393216781628638e-04
3.509991340000000015e+00 6.466212043387820074e-04
3.460324389999999806e+00 6.418423836958009332e-04
3.410657430000000101e+00 6.371229200425876371e-04
3.360990469999999952e+00 6.323904272564906393e-04
3.311323520000000187e+00 6.275694167445777794e-04
3.261656560000000038e+00 6.225941686555103161e-04
3.211989609999999828e+00 6.173949058689842673e-04
3.162322650000000124e+00 6.118907524546024490e-04
3.112655699999999914e+00 6.060199244253272610e-04
3.062988740000000210e+00 5.996921083581963074e-04
3.013321790000000000e+00 5.928433427042634207e-04
2.963654829999999851e+00 5.853894709706430888e-04
2.913987880000000086e+00 5.772672897457198360e-04
2.864320919999999937e+00 5.683735281361013136e-04
2.814653970000000172e+00 5.586084243056621546e-04
2.764987010000000023e+00 5.478973495072203548e-04
2.715320059999999813e+00 5.361271568968817292e-04
2.665653100000000109e+00 5.231748115845924474e-04
2.615986139999999960e+00 5.089672103819609106e-04
2.566319190000000194e+00 4.933273299392304523e-04
2.516652230000000046e+00 4.761301172937493220e-04
2.466985279999999836e+00 4.572365716686288550e-04
2.417318320000000131e+00 4.364763589013165301e-04
2.367651369999999922e+00 4.137380143991453707e-04
2.317984410000000217e+00 3.888560050571143734e-04
2.268317460000000008e+00 3.616171534059908765e-04
2.218650499999999859e+00 3.318495632842477505e-04
2.168983550000000093e+00 2.993716127124290693e-04
2.119316589999999945e+00 2.639819966094858472e-04
2.069649640000000179e+00 2.255134076087905726e-04
2.019982680000000030e+00 1.836948706803731568e-04
1.970315730000000043e+00 1.383996641461937571e-04
1.920648769999999894e+00 8.932813331385958122e-05
1.870981809999999967e+00 3.648515981957700660e-05
1.821314859999999980e+00 -2.050488428073649061e-05
1.771647900000000053e+00 -8.173736190308922289e-05
1.721980950000000066e+00 -1.472956286094895262e-04
1.672313989999999917e+00 -2.174200865094899626e-04
1.622647039999999929e+00 -2.921377642730593749e-04
1.572980080000000003e+00 -3.714814711561764682e-04
1.523313130000000015e+00 -4.555605085025948853e-04
1.473646170000000089e+00 -5.443744324604704588e-04
1.423979220000000101e+00 -6.375093228976336235e-04
1.374312259999999952e+00 -7.352030313765300917e-04
1.324645309999999965e+00 -8.368261903626272868e-04
1.274978350000000038e+00 -9.422835209540458834e-04
1.225311400000000051e+00 -1.051296084177533174e-03
1.175644439999999902e+00 -1.163101252956710852e-03
1.125977479999999975e+00 -1.277023685661182739e-03
1.076310529999999988e+00 -1.392224200271741097e-03
1.026643570000000061e+00 -1.508151622911402256e-03
9.769766189999999906e-01 -1.623285592088352658e-03
9.273096640000000335e-01 -1.736385792329375732e-03
8.776427079999999936e-01 -1.847478018011106116e-03
8.279757530000000365e-01 -1.953276058266339987e-03
7.786002389999999718e-01 -2.051969581622348215e-03
7.317317880000000496e-01 -2.137718760658824380e-03
6.876846269999999928e-01 -2.207320541837587413e-03
6.462889219999999879e-01 -2.266139286135615549e-03
6.073850619999999756e-01 -2.310289251706842961e-03
5.708230460000000006e-01 -2.338087199839522512e-03
5.364619149999999559e-01 -2.352836741737363013e-03
5.041691750000000249e-01 -2.367767329459535830e-03
4.738203240000000149e-01 -2.359869357904997855e-03
4.452983460000000115e-01 -2.343600035563664363e-03
4.184932690000000011e-01 -2.320308005965054932e-03
3.933017460000000076e-01 -2.298662718617006107e-03
3.696266380000000074e-01 -2.249450948157205588e-03
3.473766770000000226e-01 -2.202400484183408835e-03
3.264660690000000254e-01 -2.171501524472985167e-03
3.068141939999999845e-01 -2.094668976084790302e-03
2.883452770000000109e-01 -2.025076063990827180e-03
2.709881089999999770e-01 -1.987670119193651885e-03
2.546757709999999952e-01 -1.904059429652438240e-03
2.393453670000000033e-01 -1.827194987640945456e-03
2.249377889999999991e-01 -1.792830958009528075e-03
2.113974849999999961e-01 -1.696045058765971447e-03
1.986678209999999944e-01 -1.625732095609011552e-03
1.862510820000000122e-01 -1.562553886839568307e-03
1.738343440000000018e-01 -1.486332462634853968e-03
1.614176049999999918e-01 -1.397294692654149628e-03
1.490008660000000096e-01 -1.307872967759582394e-03
1.365841269999999996e-01 -1.204697302019663852e-03
1.241673880000000035e-01 -1.135798155098344253e-03
1.117506489999999936e-01 -1.007358412303149819e-03
9.933391060000000550e-02 -9.045321149421248208e-04
8.691717179999999821e-02 -7.707220879988874174e-04
7.450043300000000479e-02 -7.035698618478303246e-04
6.208369419999999750e-02 -4.997626443692393394e-04
4.966695530000000275e-02 -4.058518760035045858e-04
3.725021650000000240e-02 -2.768257005079099997e-04
2.483347769999999857e-02 -1.220483149217965746e-04
1.241673880000000035e-02 5.894198421296792390e-05
0.000000000000000000e+00 0.000000000000000000e+00
