# curve 5 (die wall), step =     1000, time =   2.00000000E+02
# N1 = tau_xx - tau_yy = G ( c_xx - c_yy ),  G =  4.4444E-02  (polymer part only)
#              x               y        pressure            c_xy        gammadot            c_xx            c_yy              N1
 -3.00000000E+00  1.00000000E+00  2.98538053E+00 -3.60340931E+00  4.00203511E-01  2.69671359E+01  9.99909983E-01  1.15409893E+00
 -2.95108291E+00  1.00000000E+00  2.94607986E+00 -3.60480289E+00  4.00166032E-01  2.69767767E+01  1.00013783E+00  1.15451728E+00
 -2.90216582E+00  1.00000000E+00  2.90677919E+00 -3.60619698E+00  4.00154407E-01  2.69864209E+01  1.00036575E+00  1.15493578E+00
 -2.85324873E+00  1.00000000E+00  2.86717163E+00 -3.60167387E+00  3.99994944E-01  2.69644362E+01  9.99595872E-01  1.15399290E+00
 -2.80433164E+00  1.00000000E+00  2.82756407E+00 -3.59715513E+00  3.99952359E-01  2.69424701E+01  9.98827007E-01  1.15305080E+00
 -2.75541455E+00  1.00000000E+00  2.78851094E+00 -3.59821418E+00  4.00163012E-01  2.69378988E+01  9.99122005E-01  1.15283452E+00
 -2.70649746E+00  1.00000000E+00  2.74945781E+00 -3.59927289E+00  4.00201131E-01  2.69333289E+01  9.99417090E-01  1.15261830E+00
 -2.65758037E+00  1.00000000E+00  2.71031467E+00 -3.60157472E+00  4.00258629E-01  2.69449490E+01  9.99827160E-01  1.15311652E+00
 -2.60866328E+00  1.00000000E+00  2.67117153E+00 -3.60387774E+00  4.00167450E-01  2.69565742E+01  1.00023749E+00  1.15361497E+00
 -2.55974619E+00  1.00000000E+00  2.63232497E+00 -3.60474910E+00  4.00093120E-01  2.69671274E+01  1.00039256E+00  1.15407711E+00
 -2.51082911E+00  1.00000000E+00  2.59347840E+00 -3.60562063E+00  4.00137606E-01  2.69776848E+01  1.00054765E+00  1.15453943E+00
 -2.46191202E+00  1.00000000E+00  2.55386141E+00 -3.60236207E+00  4.00028135E-01  2.69642872E+01  9.99870123E-01  1.15397409E+00
 -2.41299493E+00  1.00000000E+00  2.51424441E+00 -3.59910565E+00  4.00011935E-01  2.69508968E+01  9.99193197E-01  1.15340905E+00
 -2.36407784E+00  1.00000000E+00  2.47544064E+00 -3.60198850E+00  4.00029805E-01  2.69537301E+01  9.99977152E-01  1.15350013E+00
 -2.31516075E+00  1.00000000E+00  2.43663687E+00 -3.60487213E+00  3.99949163E-01  2.69565651E+01  1.00076173E+00  1.15359126E+00
 -2.26624366E+00  1.00000000E+00  2.39746890E+00 -3.60328746E+00  3.99895192E-01  2.69679865E+01  1.00015196E+00  1.15412598E+00
 -2.21732657E+00  1.00000000E+00  2.35830094E+00 -3.60170165E+00  3.99937114E-01  2.69794148E+01  9.99542437E-01  1.15466100E+00
 -2.16840948E+00  1.00000000E+00  2.31884721E+00 -3.60183344E+00  3.99934339E-01  2.69696905E+01  9.99681229E-01  1.15422264E+00
 -2.11949239E+00  1.00000000E+00  2.27939348E+00 -3.60196488E+00  3.99915244E-01  2.69599702E+01  9.99820010E-01  1.15378445E+00
 -2.07057530E+00  1.00000000E+00  2.24083375E+00 -3.60511494E+00  3.99994980E-01  2.69843672E+01  1.00031513E+00  1.15484676E+00
 -2.02165821E+00  1.00000000E+00  2.20227403E+00 -3.60826777E+00  3.99941545E-01  2.70087863E+01  1.00081061E+00  1.15591003E+00
 -1.97274112E+00  1.00000000E+00  2.16253423E+00 -3.60310796E+00  3.99820468E-01  2.69911327E+01  9.99676288E-01  1.15517584E+00
 -1.92382403E+00  1.00000000E+00  2.12279443E+00 -3.59795294E+00  3.99845061E-01  2.69734925E+01  9.98543557E-01  1.15444217E+00
 -1.87490694E+00  1.00000000E+00  2.08372254E+00 -3.60119753E+00  3.99966869E-01  2.69631345E+01  9.99579335E-01  1.15393579E+00
 -1.82598985E+00  1.00000000E+00  2.04465064E+00 -3.60444051E+00  3.99954301E-01  2.69527852E+01  1.00061603E+00  1.15342974E+00
 -1.77707276E+00  1.00000000E+00  2.00573361E+00 -3.60744877E+00  3.99985217E-01  2.69755727E+01  1.00106303E+00  1.15442265E+00
 -1.72815567E+00  1.00000000E+00  1.96681658E+00 -3.61045953E+00  3.99827727E-01  2.69983795E+01  1.00151036E+00  1.15541641E+00
 -1.67923858E+00  1.00000000E+00  1.92768943E+00 -3.60980916E+00  3.99591333E-01  2.69959648E+01  1.00144662E+00  1.15531192E+00
 -1.63032150E+00  1.00000000E+00  1.88856228E+00 -3.60915884E+00  3.99573313E-01  2.69935503E+01  1.00138291E+00  1.15520744E+00
 -1.58140441E+00  1.00000000E+00  1.84934340E+00 -3.60737211E+00  3.99310135E-01  2.69660928E+01  1.00152861E+00  1.15398063E+00
 -1.53248732E+00  1.00000000E+00  1.81012451E+00 -3.60558643E+00  3.99177356E-01  2.69386637E+01  1.00167436E+00  1.15275508E+00
 -1.48357023E+00  1.00000000E+00  1.77076717E+00 -3.59775808E+00  3.99146961E-01  2.69186383E+01  9.99696830E-01  1.15195295E+00
 -1.43465314E+00  1.00000000E+00  1.73140983E+00 -3.58993958E+00  3.99360324E-01  2.68986338E+01  9.97723519E-01  1.15115157E+00
 -1.38573605E+00  1.00000000E+00  1.69211988E+00 -3.59022178E+00  3.99266051E-01  2.68660358E+01  9.98566720E-01  1.14966529E+00
 -1.33681896E+00  1.00000000E+00  1.65282993E+00 -3.59050190E+00  3.99073397E-01  2.68334814E+01  9.99410173E-01  1.14818094E+00
 -1.28790187E+00  1.00000000E+00  1.61340541E+00 -3.59030843E+00  3.98736344E-01  2.67994360E+01  9.99963753E-01  1.14664321E+00
 -1.23898478E+00  1.00000000E+00  1.57398089E+00 -3.59011270E+00  3.98372324E-01  2.67654376E+01  1.00051724E+00  1.14510757E+00
 -1.19006769E+00  1.00000000E+00  1.53556959E+00 -3.59194213E+00  3.97889936E-01  2.67470750E+01  1.00147859E+00  1.14424873E+00
 -1.14115060E+00  1.00000000E+00  1.49715830E+00 -3.59376977E+00  3.97281939E-01  2.67287288E+01  1.00244051E+00  1.14339059E+00
 -1.09223351E+00  1.00000000E+00  1.45750346E+00 -3.58446072E+00  3.96650453E-01  2.66564281E+01  1.00138587E+00  1.14022410E+00
 -1.04331642E+00  1.00000000E+00  1.41784862E+00 -3.57517597E+00  3.96093442E-01  2.65843228E+01  1.00033428E+00  1.13706616E+00
 -9.94399333E-01  1.00000000E+00  1.37932633E+00 -3.57470935E+00  3.95362272E-01  2.64978484E+01  1.00187586E+00  1.13315433E+00
 -9.45482243E-01  1.00000000E+00  1.34080404E+00 -3.57422894E+00  3.94462037E-01  2.64116798E+01  1.00341711E+00  1.12925612E+00
 -8.96565154E-01  1.00000000E+00  1.30247436E+00 -3.56775812E+00  3.93344282E-01  2.63220255E+01  1.00368154E+00  1.12525973E+00
 -8.47648064E-01  1.00000000E+00  1.26414467E+00 -3.56130102E+00  3.92212612E-01  2.62326807E+01  1.00394660E+00  1.12127707E+00
 -7.99501858E-01  1.00000000E+00  1.22750074E+00 -3.55317509E+00  3.90441096E-01  2.60814183E+01  1.00483912E+00  1.11451463E+00
 -7.51355652E-01  1.00000000E+00  1.19085681E+00 -3.54506381E+00  3.89132299E-01  2.59310558E+01  1.00573039E+00  1.10779224E+00
 -7.08111109E-01  1.00000000E+00  1.15847653E+00 -3.52441316E+00  3.87252913E-01  2.57233108E+01  1.00411833E+00  1.09863078E+00
 -6.64866566E-01  1.00000000E+00  1.12609625E+00 -3.50389451E+00  3.86061981E-01  2.55172379E+01  1.00251562E+00  1.08954321E+00
 -6.26599939E-01  1.00000000E+00  1.09855323E+00 -3.49275310E+00  3.84973513E-01  2.53513373E+01  1.00268691E+00  1.08216224E+00
 -5.88333313E-01  1.00000000E+00  1.07101021E+00 -3.48164688E+00  3.83852412E-01  2.51865394E+01  1.00285721E+00  1.07483032E+00
 -5.54471587E-01  1.00000000E+00  1.04822931E+00 -3.47224359E+00  3.83024056E-01  2.50742371E+01  1.00248801E+00  1.06985551E+00
 -5.20609860E-01  1.00000000E+00  1.02544840E+00 -3.46286835E+00  3.82021622E-01  2.49624416E+01  1.00211973E+00  1.06490319E+00
 -4.90645977E-01  1.00000000E+00  1.00664763E+00 -3.45247262E+00  3.80723230E-01  2.48078532E+01  1.00222102E+00  1.05802809E+00
 -4.60682095E-01  1.00000000E+00  9.87846860E-01 -3.44210703E+00  3.79996751E-01  2.46542443E+01  1.00232113E+00  1.05119658E+00
 -4.34167380E-01  1.00000000E+00  9.73054929E-01 -3.43208779E+00  3.79975859E-01  2.45942159E+01  1.00056351E+00  1.04860677E+00
 -4.07652666E-01  1.00000000E+00  9.58262999E-01 -3.42209521E+00  3.79703897E-01  2.45343347E+01  9.98810687E-01  1.04602329E+00
 -3.84190072E-01  1.00000000E+00  9.46303091E-01 -3.41304534E+00  3.79363849E-01  2.44432825E+01  9.97862507E-01  1.04201867E+00
 -3.60727478E-01  1.00000000E+00  9.34343184E-01 -3.40402114E+00  3.79559251E-01  2.43525702E+01  9.96915993E-01  1.03802907E+00
 -3.39965684E-01  1.00000000E+00  9.26284559E-01 -3.40680914E+00  3.80177029E-01  2.43574428E+01  9.97234918E-01  1.03823146E+00
 -3.19203889E-01  1.00000000E+00  9.18225934E-01 -3.40959739E+00  3.80634413E-01  2.43623177E+01  9.97554459E-01  1.03843392E+00
 -3.00831998E-01  1.00000000E+00  9.13689149E-01 -3.42248850E+00  3.80875730E-01  2.44176854E+01  1.00020340E+00  1.04077698E+00
 -2.82460107E-01  1.00000000E+00  9.09152363E-01 -3.43541656E+00  3.80989798E-01  2.44731862E+01  1.00286212E+00  1.04312552E+00
 -2.66203017E-01  1.00000000E+00  9.06030906E-01 -3.43040497E+00  3.81764739E-01  2.45557988E+01  9.99515327E-01  1.04694593E+00
 -2.49945927E-01  1.00000000E+00  9.02909449E-01 -3.42536004E+00  3.82758448E-01  2.46387496E+01  9.96173992E-01  1.05078114E+00
 -2.35560203E-01  1.00000000E+00  9.03490739E-01 -3.44944351E+00  3.83618011E-01  2.47650648E+01  1.00041993E+00  1.05620644E+00
 -2.21174479E-01  1.00000000E+00  9.04072029E-01 -3.47366897E+00  3.84324124E-01  2.48920411E+01  1.00469574E+00  1.06165979E+00
 -2.08421419E-01  1.00000000E+00  9.06753021E-01 -3.48861373E+00  3.85323093E-01  2.50360390E+01  1.00594651E+00  1.06800411E+00
 -1.95668358E-01  1.00000000E+00  9.09434014E-01 -3.50362889E+00  3.86243228E-01  2.51808732E+01  1.00720274E+00  1.07438535E+00
 -1.83439085E-01  1.00000000E+00  9.14889985E-01 -3.51151614E+00  3.87386693E-01  2.53527450E+01  1.00596116E+00  1.08207928E+00
 -1.71209813E-01  1.00000000E+00  9.20345957E-01 -3.51940649E+00  3.88124181E-01  2.55258392E+01  1.00471620E+00  1.08982769E+00
 -1.58980541E-01  1.00000000E+00  9.28448341E-01 -3.53888247E+00  3.88131841E-01  2.55815096E+01  1.00984220E+00  1.09207411E+00
 -1.46751268E-01  1.00000000E+00  9.36550726E-01 -3.55842805E+00  3.87827623E-01  2.56373345E+01  1.01499596E+00  1.09432616E+00
 -1.34521996E-01  1.00000000E+00  9.55553128E-01 -3.59128551E+00  3.87187808E-01  2.56830148E+01  1.02383754E+00  1.09596343E+00
 -1.22292724E-01  1.00000000E+00  9.74555530E-01 -3.62426474E+00  3.82526783E-01  2.57289409E+01  1.03276041E+00  1.09760802E+00
 -1.10063451E-01  1.00000000E+00  9.96709173E-01 -3.68565995E+00  3.70453255E-01  2.48740085E+01  1.07359082E+00  1.05779634E+00
 -9.78341789E-02  1.00000000E+00  1.01886282E+00 -3.74368622E+00  3.55600598E-01  2.40543509E+01  1.11526280E+00  1.01951503E+00
 -8.56049065E-02  1.00000000E+00  1.08989254E+00 -3.47152237E+00  3.41206282E-01  2.23216313E+01  1.07972923E+00  9.44084535E-01
 -7.33756342E-02  1.00000000E+00  1.16092227E+00 -3.21872891E+00  3.07017489E-01  2.07137672E+01  1.04729803E+00  8.74065295E-01
 -6.11463618E-02  1.00000000E+00  1.34678816E+00 -2.77979485E+00  2.27672781E-01  1.16895313E+01  1.29794494E+00  4.61848281E-01
 -4.89170895E-02  1.00000000E+00  1.53265405E+00 -2.42534306E+00  1.49783541E-01  6.79548075E+00  1.58534276E+00  2.31561689E-01
 -3.66878171E-02  1.00000000E+00  2.60065195E+00 -4.07721166E+00  1.89380040E-01  8.59290314E+00  2.44160922E+00  2.73390841E-01
 -2.44585447E-02  1.00000000E+00  3.66864986E+00 -6.33636896E+00  3.08476315E-01  1.14272125E+01  3.85314579E+00  3.36625187E-01
 -1.22292724E-02  1.00000000E+00  1.51889549E+00  1.93530066E+00  1.31122643E+00  5.56079211E+00  2.43527603E+00  1.38911826E-01
  0.00000000E+00  1.00000000E+00 -6.30858867E-01  4.41189670E+01  6.83979218E+00  4.24972673E+01  4.63844351E+01 -1.72763013E-01
