# curve 5 (die wall), step =      200, time =   4.00000000E+01
# N1 = tau_xx - tau_yy = G ( c_xx - c_yy ),  G =  4.4444E-02  (polymer part only)
#              x               y        pressure            c_xy        gammadot            c_xx            c_yy              N1
 -3.00000000E+00  1.00000000E+00  2.95305801E+00 -3.56054283E+00  4.00186494E-01  2.52873074E+01  9.99907505E-01  1.07944000E+00
 -2.95108291E+00  1.00000000E+00  2.91390122E+00 -3.56160158E+00  4.00161887E-01  2.52956606E+01  1.00005934E+00  1.07980450E+00
 -2.90216582E+00  1.00000000E+00  2.87474443E+00 -3.56266066E+00  4.00165547E-01  2.53040165E+01  1.00021122E+00  1.08016912E+00
 -2.85324873E+00  1.00000000E+00  2.83536090E+00 -3.55907101E+00  4.00021268E-01  2.52849398E+01  9.99611719E-01  1.07934791E+00
 -2.80433164E+00  1.00000000E+00  2.79597737E+00 -3.55548442E+00  3.99977920E-01  2.52658777E+01  9.99012847E-01  1.07852733E+00
 -2.75541455E+00  1.00000000E+00  2.75713346E+00 -3.55680133E+00  4.00169470E-01  2.52637477E+01  9.99365668E-01  1.07841698E+00
 -2.70649746E+00  1.00000000E+00  2.71828955E+00 -3.55811806E+00  4.00185494E-01  2.52616185E+01  9.99718624E-01  1.07830666E+00
 -2.65758037E+00  1.00000000E+00  2.67933431E+00 -3.55986139E+00  4.00224176E-01  2.52714609E+01  1.00003131E+00  1.07873020E+00
 -2.60866328E+00  1.00000000E+00  2.64037906E+00 -3.56160548E+00  4.00136910E-01  2.52813071E+01  1.00034414E+00  1.07915391E+00
 -2.55974619E+00  1.00000000E+00  2.60168392E+00 -3.56201803E+00  4.00051480E-01  2.52886045E+01  1.00041703E+00  1.07947500E+00
 -2.51082911E+00  1.00000000E+00  2.56298877E+00 -3.56243057E+00  4.00097454E-01  2.52959040E+01  1.00048991E+00  1.07979618E+00
 -2.46191202E+00  1.00000000E+00  2.52356887E+00 -3.55936650E+00  4.00006935E-01  2.52822741E+01  9.99847621E-01  1.07921895E+00
 -2.41299493E+00  1.00000000E+00  2.48414897E+00 -3.55630452E+00  4.00004844E-01  2.52686519E+01  9.99205864E-01  1.07864205E+00
 -2.36407784E+00  1.00000000E+00  2.44551530E+00 -3.55921562E+00  4.00028918E-01  2.52717793E+01  1.00001757E+00  1.07874497E+00
 -2.31516075E+00  1.00000000E+00  2.40688162E+00 -3.56212758E+00  3.99946170E-01  2.52749085E+01  1.00082993E+00  1.07884794E+00
 -2.26624366E+00  1.00000000E+00  2.36790265E+00 -3.56088530E+00  3.99886979E-01  2.52859298E+01  1.00027251E+00  1.07936255E+00
 -2.21732657E+00  1.00000000E+00  2.32892368E+00 -3.55964206E+00  3.99916923E-01  2.52969577E+01  9.99715267E-01  1.07987744E+00
 -2.16840948E+00  1.00000000E+00  2.28967599E+00 -3.55955714E+00  3.99910099E-01  2.52878001E+01  9.99813794E-01  1.07946606E+00
 -2.11949239E+00  1.00000000E+00  2.25042831E+00 -3.55947200E+00  3.99891697E-01  2.52786461E+01  9.99912302E-01  1.07905483E+00
 -2.07057530E+00  1.00000000E+00  2.21199832E+00 -3.56240572E+00  3.99964878E-01  2.53010079E+01  1.00037157E+00  1.08002828E+00
 -2.02165821E+00  1.00000000E+00  2.17356833E+00 -3.56534191E+00  3.99912953E-01  2.53233894E+01  1.00083116E+00  1.08100259E+00
 -1.97274112E+00  1.00000000E+00  2.13405009E+00 -3.56067524E+00  3.99798529E-01  2.53069064E+01  9.99781097E-01  1.08031668E+00
 -1.92382403E+00  1.00000000E+00  2.09453186E+00 -3.55601276E+00  3.99821603E-01  2.52904355E+01  9.98732390E-01  1.07963125E+00
 -1.87490694E+00  1.00000000E+00  2.05566098E+00 -3.55890147E+00  3.99935550E-01  2.52812245E+01  9.99720444E-01  1.07917796E+00
 -1.82598985E+00  1.00000000E+00  2.01679011E+00 -3.56178889E+00  3.99918929E-01  2.52720209E+01  1.00070929E+00  1.07872496E+00
 -1.77707276E+00  1.00000000E+00  1.97804491E+00 -3.56431951E+00  3.99943291E-01  2.52926160E+01  1.00105747E+00  1.07962482E+00
 -1.72815567E+00  1.00000000E+00  1.93929972E+00 -3.56685199E+00  3.99797953E-01  2.53132278E+01  1.00140585E+00  1.08052542E+00
 -1.67923858E+00  1.00000000E+00  1.90032821E+00 -3.56575380E+00  3.99580284E-01  2.53093387E+01  1.00123805E+00  1.08036003E+00
 -1.63032150E+00  1.00000000E+00  1.86135669E+00 -3.56465579E+00  3.99577284E-01  2.53054502E+01  1.00107031E+00  1.08019466E+00
 -1.58140441E+00  1.00000000E+00  1.82230893E+00 -3.56311572E+00  3.99352037E-01  2.52804501E+01  1.00123879E+00  1.07907606E+00
 -1.53248732E+00  1.00000000E+00  1.78326117E+00 -3.56157637E+00  3.99246751E-01  2.52554754E+01  1.00140729E+00  1.07795858E+00
 -1.48357023E+00  1.00000000E+00  1.74413008E+00 -3.55530927E+00  3.99242077E-01  2.52409098E+01  9.99704613E-01  1.07738690E+00
 -1.43465314E+00  1.00000000E+00  1.70499900E+00 -3.54904860E+00  3.99425724E-01  2.52263569E+01  9.98004918E-01  1.07681564E+00
 -1.38573605E+00  1.00000000E+00  1.66595765E+00 -3.55001754E+00  3.99337513E-01  2.52033302E+01  9.98924223E-01  1.07575138E+00
 -1.33681896E+00  1.00000000E+00  1.62691629E+00 -3.55098479E+00  3.99137835E-01  2.51803282E+01  9.99843967E-01  1.07468819E+00
 -1.28790187E+00  1.00000000E+00  1.58776370E+00 -3.54997911E+00  3.98787758E-01  2.51525754E+01  1.00015448E+00  1.07344093E+00
 -1.23898478E+00  1.00000000E+00  1.54861110E+00 -3.54897314E+00  3.98430509E-01  2.51248548E+01  1.00046492E+00  1.07219511E+00
 -1.19006769E+00  1.00000000E+00  1.51026555E+00 -3.54973931E+00  3.98001212E-01  2.51087169E+01  1.00116119E+00  1.07144692E+00
 -1.14115060E+00  1.00000000E+00  1.47192000E+00 -3.55050464E+00  3.97475710E-01  2.50925913E+01  1.00185774E+00  1.07069927E+00
 -1.09223351E+00  1.00000000E+00  1.43259917E+00 -3.54235119E+00  3.96887276E-01  2.50331666E+01  1.00089804E+00  1.06810082E+00
 -1.04331642E+00  1.00000000E+00  1.39327834E+00 -3.53421650E+00  3.96374068E-01  2.49738825E+01  9.99940882E-01  1.06550852E+00
 -9.94399333E-01  1.00000000E+00  1.35489857E+00 -3.53314391E+00  3.95746182E-01  2.49065963E+01  1.00114355E+00  1.06246457E+00
 -9.45482243E-01  1.00000000E+00  1.31651879E+00 -3.53206520E+00  3.94945040E-01  2.48395060E+01  1.00234603E+00  1.05942933E+00
 -8.96565154E-01  1.00000000E+00  1.27840909E+00 -3.52594743E+00  3.93975494E-01  2.47702590E+01  1.00239364E+00  1.05634957E+00
 -8.47648064E-01  1.00000000E+00  1.24029939E+00 -3.51984238E+00  3.92953897E-01  2.47012071E+01  1.00244230E+00  1.05327843E+00
 -7.99501858E-01  1.00000000E+00  1.20371317E+00 -3.51192266E+00  3.91488896E-01  2.45917554E+01  1.00281819E+00  1.04839721E+00
 -7.51355652E-01  1.00000000E+00  1.16712695E+00 -3.50402342E+00  3.90331330E-01  2.44827989E+01  1.00319476E+00  1.04353796E+00
 -7.08111109E-01  1.00000000E+00  1.13478217E+00 -3.48991398E+00  3.88857043E-01  2.43549170E+01  1.00212860E+00  1.03790171E+00
 -6.64866566E-01  1.00000000E+00  1.10243740E+00 -3.47586696E+00  3.87839790E-01  2.42277048E+01  1.00106823E+00  1.03229496E+00
 -6.26599939E-01  1.00000000E+00  1.07502289E+00 -3.46896915E+00  3.86847964E-01  2.41299506E+01  1.00146193E+00  1.02793283E+00
 -5.88333313E-01  1.00000000E+00  1.04760839E+00 -3.46208689E+00  3.85844479E-01  2.40325998E+01  1.00185606E+00  1.02358861E+00
 -5.54471587E-01  1.00000000E+00  1.02476805E+00 -3.45401222E+00  3.85029505E-01  2.39764082E+01  1.00099664E+00  1.02112940E+00
 -5.20609860E-01  1.00000000E+00  1.00192771E+00 -3.44595608E+00  3.84195036E-01  2.39203480E+01  1.00014002E+00  1.01867591E+00
 -4.90645977E-01  1.00000000E+00  9.82878528E-01 -3.44131104E+00  3.83395074E-01  2.38591419E+01  1.00056481E+00  1.01593676E+00
 -4.60682095E-01  1.00000000E+00  9.63829348E-01 -3.43667414E+00  3.82869158E-01  2.37980951E+01  1.00099051E+00  1.01320465E+00
 -4.34167380E-01  1.00000000E+00  9.48730379E-01 -3.43042593E+00  3.82713428E-01  2.38061577E+01  9.99133684E-01  1.01364551E+00
 -4.07652666E-01  1.00000000E+00  9.33631410E-01 -3.42417554E+00  3.82607023E-01  2.38142365E+01  9.97280254E-01  1.01408694E+00
 -3.84190072E-01  1.00000000E+00  9.21817555E-01 -3.42946306E+00  3.82693742E-01  2.38642108E+01  9.98295484E-01  1.01626290E+00
 -3.60727478E-01  1.00000000E+00  9.10003700E-01 -3.43475870E+00  3.82849708E-01  2.39142907E+01  9.99311707E-01  1.01844351E+00
 -3.39965684E-01  1.00000000E+00  9.01608333E-01 -3.43641795E+00  3.83239859E-01  2.40111988E+01  9.98020060E-01  1.02280794E+00
 -3.19203889E-01  1.00000000E+00  8.93212966E-01 -3.43805959E+00  3.83745410E-01  2.41085320E+01  9.96726586E-01  1.02719135E+00
 -3.00831998E-01  1.00000000E+00  8.87418163E-01 -3.44914412E+00  3.84599167E-01  2.42561840E+01  9.97393561E-01  1.03372402E+00
 -2.82460107E-01  1.00000000E+00  8.81623360E-01 -3.46026155E+00  3.85487181E-01  2.44047595E+01  9.98059502E-01  1.04029778E+00
 -2.66203017E-01  1.00000000E+00  8.78299682E-01 -3.46449663E+00  3.86570488E-01  2.46001239E+01  9.95466300E-01  1.04909589E+00
 -2.49945927E-01  1.00000000E+00  8.74976003E-01 -3.46867886E+00  3.87981942E-01  2.47971670E+01  9.92867193E-01  1.05796888E+00
 -2.35560203E-01  1.00000000E+00  8.74350746E-01 -3.50005901E+00  3.89841574E-01  2.51035640E+01  9.96191558E-01  1.07143877E+00
 -2.21174479E-01  1.00000000E+00  8.73725489E-01 -3.53174416E+00  3.91242016E-01  2.54137658E+01  9.99537641E-01  1.08507681E+00
 -2.08421419E-01  1.00000000E+00  8.76269823E-01 -3.55862788E+00  3.92537204E-01  2.57032132E+01  1.00194051E+00  1.09783434E+00
 -1.95668358E-01  1.00000000E+00  8.78814156E-01 -3.58573092E+00  3.93864732E-01  2.59959857E+01  1.00435412E+00  1.11073918E+00
 -1.83439085E-01  1.00000000E+00  8.83305847E-01 -3.59593069E+00  3.95304990E-01  2.63411095E+01  1.00110278E+00  1.12622252E+00
 -1.71209813E-01  1.00000000E+00  8.87797539E-01 -3.60602036E+00  3.96792587E-01  2.66910934E+01  9.97831519E-01  1.14192275E+00
 -1.58980541E-01  1.00000000E+00  8.95032570E-01 -3.65490354E+00  3.98643242E-01  2.71355550E+01  1.00477380E+00  1.16136805E+00
 -1.46751268E-01  1.00000000E+00  9.02267601E-01 -3.70447839E+00  3.99738762E-01  2.75874327E+01  1.01178338E+00  1.18113997E+00
 -1.34521996E-01  1.00000000E+00  9.21307875E-01 -3.75388226E+00  3.99917267E-01  2.81104607E+01  1.01746278E+00  1.20413324E+00
 -1.22292724E-01  1.00000000E+00  9.40348148E-01 -3.80397705E+00  3.96724369E-01  2.86434708E+01  1.02318467E+00  1.22756827E+00
 -1.10063451E-01  1.00000000E+00  9.51970466E-01 -3.81647250E+00  3.91106119E-01  2.83332442E+01  1.03862136E+00  1.21309435E+00
 -9.78341789E-02  1.00000000E+00  9.63592784E-01 -3.82888125E+00  3.83016077E-01  2.80268820E+01  1.05424338E+00  1.19878394E+00
 -8.56049065E-02  1.00000000E+00  1.02041754E+00 -3.77809486E+00  3.71475129E-01  2.68749205E+01  1.07455860E+00  1.14668275E+00
 -7.33756342E-02  1.00000000E+00  1.07724230E+00 -3.72828329E+00  3.32499697E-01  2.57721345E+01  1.09529046E+00  1.09674863E+00
 -6.11463618E-02  1.00000000E+00  1.26814786E+00 -3.50354294E+00  2.34883716E-01  1.61331783E+01  1.41105307E+00  6.54316676E-01
 -4.89170895E-02  1.00000000E+00  1.45905341E+00 -3.27010245E+00  1.49000705E-01  1.03613258E+01  1.77329121E+00  3.81690428E-01
 -3.66878171E-02  1.00000000E+00  2.50085587E+00 -5.42365918E+00  1.85032219E-01  1.32103558E+01  2.79851301E+00  4.62748566E-01
 -2.44585447E-02  1.00000000E+00  3.54265833E+00 -8.41430142E+00  2.98469988E-01  1.75003079E+01  4.47015171E+00  5.79118051E-01
 -1.22292724E-02  1.00000000E+00  1.45709498E+00  2.95372484E+00  1.32651556E+00  8.48444090E+00  2.68216598E+00  2.57878885E-01
  0.00000000E+00  1.00000000E+00 -6.28468374E-01  5.15394290E+01  6.15416088E+00  5.29906118E+01  5.06281917E+01  1.04996451E-01
