# curve 5 (die wall), step =     1200, time =   2.40000000E+02
# N1 = tau_xx - tau_yy = G ( c_xx - c_yy ),  G =  4.4444E-02  (polymer part only)
#              x               y        pressure            c_xy        gammadot            c_xx            c_yy              N1
 -3.00000000E+00  1.00000000E+00  2.98538053E+00 -3.60340934E+00  4.00203511E-01  2.69671362E+01  9.99909987E-01  1.15409894E+00
 -2.95108291E+00  1.00000000E+00  2.94607986E+00 -3.60480288E+00  4.00166031E-01  2.69767768E+01  1.00013783E+00  1.15451729E+00
 -2.90216582E+00  1.00000000E+00  2.90677919E+00 -3.60619694E+00  4.00154407E-01  2.69864208E+01  1.00036574E+00  1.15493578E+00
 -2.85324873E+00  1.00000000E+00  2.86717163E+00 -3.60167380E+00  3.99994945E-01  2.69644360E+01  9.99595858E-01  1.15399290E+00
 -2.80433164E+00  1.00000000E+00  2.82756407E+00 -3.59715504E+00  3.99952361E-01  2.69424698E+01  9.98826987E-01  1.15305079E+00
 -2.75541455E+00  1.00000000E+00  2.78851093E+00 -3.59821411E+00  4.00163015E-01  2.69378985E+01  9.99121990E-01  1.15283451E+00
 -2.70649746E+00  1.00000000E+00  2.74945780E+00 -3.59927283E+00  4.00201135E-01  2.69333286E+01  9.99417079E-01  1.15261829E+00
 -2.65758037E+00  1.00000000E+00  2.71031467E+00 -3.60157470E+00  4.00258633E-01  2.69449489E+01  9.99827156E-01  1.15311652E+00
 -2.60866328E+00  1.00000000E+00  2.67117153E+00 -3.60387776E+00  4.00167453E-01  2.69565743E+01  1.00023750E+00  1.15361497E+00
 -2.55974619E+00  1.00000000E+00  2.63232496E+00 -3.60474916E+00  4.00093123E-01  2.69671278E+01  1.00039257E+00  1.15407712E+00
 -2.51082911E+00  1.00000000E+00  2.59347840E+00 -3.60562074E+00  4.00137607E-01  2.69776854E+01  1.00054767E+00  1.15453946E+00
 -2.46191202E+00  1.00000000E+00  2.55386141E+00 -3.60236219E+00  4.00028134E-01  2.69642880E+01  9.99870146E-01  1.15397413E+00
 -2.41299493E+00  1.00000000E+00  2.51424442E+00 -3.59910578E+00  4.00011932E-01  2.69508977E+01  9.99193222E-01  1.15340909E+00
 -2.36407784E+00  1.00000000E+00  2.47544064E+00 -3.60198855E+00  4.00029799E-01  2.69537308E+01  9.99977160E-01  1.15350016E+00
 -2.31516075E+00  1.00000000E+00  2.43663687E+00 -3.60487211E+00  3.99949158E-01  2.69565656E+01  1.00076172E+00  1.15359128E+00
 -2.26624366E+00  1.00000000E+00  2.39746890E+00 -3.60328741E+00  3.99895189E-01  2.69679868E+01  1.00015195E+00  1.15412599E+00
 -2.21732657E+00  1.00000000E+00  2.35830093E+00 -3.60170158E+00  3.99937112E-01  2.69794150E+01  9.99542421E-01  1.15466100E+00
 -2.16840948E+00  1.00000000E+00  2.31884720E+00 -3.60183337E+00  3.99934339E-01  2.69696906E+01  9.99681213E-01  1.15422264E+00
 -2.11949239E+00  1.00000000E+00  2.27939347E+00 -3.60196481E+00  3.99915246E-01  2.69599702E+01  9.99819994E-01  1.15378445E+00
 -2.07057530E+00  1.00000000E+00  2.24083375E+00 -3.60511492E+00  3.99994983E-01  2.69843673E+01  1.00031512E+00  1.15484676E+00
 -2.02165821E+00  1.00000000E+00  2.20227402E+00 -3.60826780E+00  3.99941548E-01  2.70087866E+01  1.00081062E+00  1.15591004E+00
 -1.97274112E+00  1.00000000E+00  2.16253422E+00 -3.60310802E+00  3.99820471E-01  2.69911331E+01  9.99676296E-01  1.15517586E+00
 -1.92382403E+00  1.00000000E+00  2.12279442E+00 -3.59795303E+00  3.99845063E-01  2.69734930E+01  9.98543571E-01  1.15444220E+00
 -1.87490694E+00  1.00000000E+00  2.08372253E+00 -3.60119762E+00  3.99966869E-01  2.69631351E+01  9.99579349E-01  1.15393581E+00
 -1.82598985E+00  1.00000000E+00  2.04465064E+00 -3.60444060E+00  3.99954301E-01  2.69527858E+01  1.00061604E+00  1.15342977E+00
 -1.77707276E+00  1.00000000E+00  2.00573361E+00 -3.60744883E+00  3.99985215E-01  2.69755732E+01  1.00106304E+00  1.15442267E+00
 -1.72815567E+00  1.00000000E+00  1.96681658E+00 -3.61045957E+00  3.99827725E-01  2.69983799E+01  1.00151037E+00  1.15541642E+00
 -1.67923858E+00  1.00000000E+00  1.92768943E+00 -3.60980914E+00  3.99591330E-01  2.69959648E+01  1.00144662E+00  1.15531192E+00
 -1.63032150E+00  1.00000000E+00  1.88856228E+00 -3.60915876E+00  3.99573310E-01  2.69935501E+01  1.00138290E+00  1.15520743E+00
 -1.58140441E+00  1.00000000E+00  1.84934339E+00 -3.60737201E+00  3.99310134E-01  2.69660924E+01  1.00152859E+00  1.15398061E+00
 -1.53248732E+00  1.00000000E+00  1.81012451E+00 -3.60558629E+00  3.99177356E-01  2.69386631E+01  1.00167434E+00  1.15275506E+00
 -1.48357023E+00  1.00000000E+00  1.77076716E+00 -3.59775796E+00  3.99146963E-01  2.69186377E+01  9.99696808E-01  1.15195293E+00
 -1.43465314E+00  1.00000000E+00  1.73140982E+00 -3.58993947E+00  3.99360327E-01  2.68986333E+01  9.97723500E-01  1.15115155E+00
 -1.38573605E+00  1.00000000E+00  1.69211987E+00 -3.59022175E+00  3.99266057E-01  2.68660355E+01  9.98566715E-01  1.14966528E+00
 -1.33681896E+00  1.00000000E+00  1.65282992E+00 -3.59050195E+00  3.99073402E-01  2.68334814E+01  9.99410182E-01  1.14818094E+00
 -1.28790187E+00  1.00000000E+00  1.61340540E+00 -3.59030853E+00  3.98736347E-01  2.67994364E+01  9.99963772E-01  1.14664323E+00
 -1.23898478E+00  1.00000000E+00  1.57398089E+00 -3.59011285E+00  3.98372324E-01  2.67654384E+01  1.00051726E+00  1.14510761E+00
 -1.19006769E+00  1.00000000E+00  1.53556959E+00 -3.59194229E+00  3.97889934E-01  2.67470758E+01  1.00147862E+00  1.14424877E+00
 -1.14115060E+00  1.00000000E+00  1.49715830E+00 -3.59376993E+00  3.97281936E-01  2.67287297E+01  1.00244054E+00  1.14339063E+00
 -1.09223351E+00  1.00000000E+00  1.45750347E+00 -3.58446086E+00  3.96650447E-01  2.66564288E+01  1.00138590E+00  1.14022413E+00
 -1.04331642E+00  1.00000000E+00  1.41784863E+00 -3.57517609E+00  3.96093434E-01  2.65843235E+01  1.00033431E+00  1.13706619E+00
 -9.94399333E-01  1.00000000E+00  1.37932634E+00 -3.57470935E+00  3.95362263E-01  2.64978485E+01  1.00187587E+00  1.13315434E+00
 -9.45482243E-01  1.00000000E+00  1.34080404E+00 -3.57422882E+00  3.94462029E-01  2.64116794E+01  1.00341709E+00  1.12925610E+00
 -8.96565154E-01  1.00000000E+00  1.30247435E+00 -3.56775792E+00  3.93344276E-01  2.63220247E+01  1.00368150E+00  1.12525970E+00
 -8.47648064E-01  1.00000000E+00  1.26414466E+00 -3.56130074E+00  3.92212610E-01  2.62326795E+01  1.00394655E+00  1.12127702E+00
 -7.99501858E-01  1.00000000E+00  1.22750073E+00 -3.55317483E+00  3.90441099E-01  2.60814170E+01  1.00483907E+00  1.11451458E+00
 -7.51355652E-01  1.00000000E+00  1.19085680E+00 -3.54506358E+00  3.89132304E-01  2.59310545E+01  1.00573035E+00  1.10779219E+00
 -7.08111109E-01  1.00000000E+00  1.15847652E+00 -3.52441305E+00  3.87252926E-01  2.57233104E+01  1.00411830E+00  1.09863076E+00
 -6.64866566E-01  1.00000000E+00  1.12609624E+00 -3.50389453E+00  3.86061997E-01  2.55172384E+01  1.00251561E+00  1.08954323E+00
 -6.26599939E-01  1.00000000E+00  1.09855322E+00 -3.49275325E+00  3.84973530E-01  2.53513387E+01  1.00268693E+00  1.08216230E+00
 -5.88333313E-01  1.00000000E+00  1.07101020E+00 -3.48164716E+00  3.83852426E-01  2.51865417E+01  1.00285724E+00  1.07483042E+00
 -5.54471587E-01  1.00000000E+00  1.04822930E+00 -3.47224398E+00  3.83024065E-01  2.50742402E+01  1.00248806E+00  1.06985565E+00
 -5.20609860E-01  1.00000000E+00  1.02544840E+00 -3.46286883E+00  3.82021625E-01  2.49624455E+01  1.00211980E+00  1.06490337E+00
 -4.90645977E-01  1.00000000E+00  1.00664763E+00 -3.45247335E+00  3.80723228E-01  2.48078580E+01  1.00222115E+00  1.05802831E+00
 -4.60682095E-01  1.00000000E+00  9.87846863E-01 -3.44210800E+00  3.79996740E-01  2.46542500E+01  1.00232131E+00  1.05119683E+00
 -4.34167380E-01  1.00000000E+00  9.73054956E-01 -3.43208872E+00  3.79975836E-01  2.45942216E+01  1.00056369E+00  1.04860702E+00
 -4.07652666E-01  1.00000000E+00  9.58263049E-01 -3.42209609E+00  3.79703859E-01  2.45343403E+01  9.98810863E-01  1.04602353E+00
 -3.84190072E-01  1.00000000E+00  9.46303137E-01 -3.41304545E+00  3.79363789E-01  2.44432844E+01  9.97862548E-01  1.04201875E+00
 -3.60727478E-01  1.00000000E+00  9.34343226E-01 -3.40402049E+00  3.79559192E-01  2.43525684E+01  9.96915899E-01  1.03802900E+00
 -3.39965684E-01  1.00000000E+00  9.26284568E-01 -3.40680809E+00  3.80176988E-01  2.43574376E+01  9.97234759E-01  1.03823124E+00
 -3.19203889E-01  1.00000000E+00  9.18225910E-01 -3.40959592E+00  3.80634395E-01  2.43623090E+01  9.97554234E-01  1.03843355E+00
 -3.00831998E-01  1.00000000E+00  9.13689136E-01 -3.42248712E+00  3.80875725E-01  2.44176752E+01  1.00020320E+00  1.04077653E+00
 -2.82460107E-01  1.00000000E+00  9.09152362E-01 -3.43541529E+00  3.80989801E-01  2.44731746E+01  1.00286195E+00  1.04312501E+00
 -2.66203017E-01  1.00000000E+00  9.06030881E-01 -3.43040361E+00  3.81764760E-01  2.45557871E+01  9.99515113E-01  1.04694542E+00
 -2.49945927E-01  1.00000000E+00  9.02909400E-01 -3.42535860E+00  3.82758494E-01  2.46387379E+01  9.96173732E-01  1.05078063E+00
 -2.35560203E-01  1.00000000E+00  9.03490694E-01 -3.44944279E+00  3.83618086E-01  2.47650571E+01  1.00041979E+00  1.05620610E+00
 -2.21174479E-01  1.00000000E+00  9.04071988E-01 -3.47366898E+00  3.84324204E-01  2.48920373E+01  1.00469572E+00  1.06165963E+00
 -2.08421419E-01  1.00000000E+00  9.06752976E-01 -3.48861426E+00  3.85323169E-01  2.50360390E+01  1.00594658E+00  1.06800411E+00
 -1.95668358E-01  1.00000000E+00  9.09433963E-01 -3.50362994E+00  3.86243293E-01  2.51808771E+01  1.00720288E+00  1.07438552E+00
 -1.83439085E-01  1.00000000E+00  9.14889957E-01 -3.51151781E+00  3.87386738E-01  2.53527528E+01  1.00596142E+00  1.08207962E+00
 -1.71209813E-01  1.00000000E+00  9.20345951E-01 -3.51940877E+00  3.88124194E-01  2.55258509E+01  1.00471658E+00  1.08982819E+00
 -1.58980541E-01  1.00000000E+00  9.28448370E-01 -3.53888475E+00  3.88131820E-01  2.55815229E+01  1.00984259E+00  1.09207468E+00
 -1.46751268E-01  1.00000000E+00  9.36550788E-01 -3.55843032E+00  3.87827563E-01  2.56373493E+01  1.01499637E+00  1.09432680E+00
 -1.34521996E-01  1.00000000E+00  9.55553212E-01 -3.59128685E+00  3.87187712E-01  2.56830239E+01  1.02383784E+00  1.09596383E+00
 -1.22292724E-01  1.00000000E+00  9.74555635E-01 -3.62426515E+00  3.82526662E-01  2.57289443E+01  1.03276058E+00  1.09760817E+00
 -1.10063451E-01  1.00000000E+00  9.96709307E-01 -3.68565836E+00  3.70453098E-01  2.48740000E+01  1.07359062E+00  1.05779597E+00
 -9.78341789E-02  1.00000000E+00  1.01886298E+00 -3.74368263E+00  3.55600473E-01  2.40543313E+01  1.11526221E+00  1.01951418E+00
 -8.56049065E-02  1.00000000E+00  1.08989256E+00 -3.47151623E+00  3.41206258E-01  2.23216035E+01  1.07972795E+00  9.44083357E-01
 -7.33756342E-02  1.00000000E+00  1.16092214E+00 -3.21872055E+00  3.07017623E-01  2.07137325E+01  1.04729614E+00  8.74063837E-01
 -6.11463618E-02  1.00000000E+00  1.34678789E+00 -2.77978832E+00  2.27673119E-01  1.16895132E+01  1.29794255E+00  4.61847586E-01
 -4.89170895E-02  1.00000000E+00  1.53265363E+00 -2.42533768E+00  1.49783855E-01  6.79547088E+00  1.58533969E+00  2.31561386E-01
 -3.66878171E-02  1.00000000E+00  2.60065172E+00 -4.07721020E+00  1.89380086E-01  8.59289982E+00  2.44160830E+00  2.73390734E-01
 -2.44585447E-02  1.00000000E+00  3.66864981E+00 -6.33637638E+00  3.08476317E-01  1.14272227E+01  3.85315068E+00  3.36625422E-01
 -1.22292724E-02  1.00000000E+00  1.51889542E+00  1.93529885E+00  1.31122657E+00  5.56079163E+00  2.43527478E+00  1.38911860E-01
  0.00000000E+00  1.00000000E+00 -6.30858956E-01  4.41189583E+01  6.83979238E+00  4.24972625E+01  4.63844221E+01 -1.72762649E-01
