# curve 5 (die wall), step =      100, time =   4.00000000E+01
# N1 = tau_xx - tau_yy = G ( c_xx - c_yy ),  G =  1.0000E-01  (polymer part only)
#              x               y        pressure            c_xy        gammadot            c_xx            c_yy              N1
 -3.00000000E+00  1.00000000E+00  2.58683824E+00 -1.03784837E+00  4.05242311E-01  3.22273031E+00  9.46062908E-01  2.27666740E-01
 -2.97524677E+00  1.00000000E+00  2.56764838E+00 -1.03778053E+00  4.05244943E-01  3.22261593E+00  9.46046999E-01  2.27656893E-01
 -2.95049355E+00  1.00000000E+00  2.54845853E+00 -1.03771268E+00  4.05246975E-01  3.22250155E+00  9.46031091E-01  2.27647046E-01
 -2.92574032E+00  1.00000000E+00  2.52927742E+00 -1.03778004E+00  4.05247331E-01  3.22263468E+00  9.46049450E-01  2.27658523E-01
 -2.90098710E+00  1.00000000E+00  2.51009632E+00 -1.03784741E+00  4.05243618E-01  3.22276782E+00  9.46067810E-01  2.27670001E-01
 -2.87623387E+00  1.00000000E+00  2.49092803E+00 -1.03800420E+00  4.05238917E-01  3.22313507E+00  9.46101950E-01  2.27703312E-01
 -2.85148064E+00  1.00000000E+00  2.47175975E+00 -1.03816100E+00  4.05231487E-01  3.22350238E+00  9.46136099E-01  2.27736628E-01
 -2.82672742E+00  1.00000000E+00  2.45256729E+00 -1.03796481E+00  4.05231306E-01  3.22312584E+00  9.46083852E-01  2.27704199E-01
 -2.80197419E+00  1.00000000E+00  2.43337484E+00 -1.03776864E+00  4.05237824E-01  3.22274935E+00  9.46031617E-01  2.27671773E-01
 -2.77722097E+00  1.00000000E+00  2.41418705E+00 -1.03778219E+00  4.05240785E-01  3.22266741E+00  9.46041041E-01  2.27662637E-01
 -2.75246774E+00  1.00000000E+00  2.39499926E+00 -1.03779573E+00  4.05244768E-01  3.22258548E+00  9.46050465E-01  2.27653501E-01
 -2.72771451E+00  1.00000000E+00  2.37582928E+00 -1.03780275E+00  4.05246614E-01  3.22264830E+00  9.46055498E-01  2.27659280E-01
 -2.70296129E+00  1.00000000E+00  2.35665930E+00 -1.03780977E+00  4.05243207E-01  3.22271113E+00  9.46060530E-01  2.27665060E-01
 -2.67820806E+00  1.00000000E+00  2.33747197E+00 -1.03781078E+00  4.05239907E-01  3.22267270E+00  9.46056839E-01  2.27661586E-01
 -2.65345484E+00  1.00000000E+00  2.31828464E+00 -1.03781178E+00  4.05241936E-01  3.22263428E+00  9.46053149E-01  2.27658113E-01
 -2.62870161E+00  1.00000000E+00  2.29910866E+00 -1.03780663E+00  4.05243892E-01  3.22260114E+00  9.46055701E-01  2.27654544E-01
 -2.60394839E+00  1.00000000E+00  2.27993268E+00 -1.03780147E+00  4.05243647E-01  3.22256801E+00  9.46058253E-01  2.27650976E-01
 -2.57919516E+00  1.00000000E+00  2.26075245E+00 -1.03778965E+00  4.05245082E-01  3.22259167E+00  9.46055612E-01  2.27653606E-01
 -2.55444193E+00  1.00000000E+00  2.24157221E+00 -1.03777784E+00  4.05242807E-01  3.22261534E+00  9.46052971E-01  2.27656237E-01
 -2.52968871E+00  1.00000000E+00  2.22239451E+00 -1.03789200E+00  4.05237630E-01  3.22284887E+00  9.46083404E-01  2.27676546E-01
 -2.50493548E+00  1.00000000E+00  2.20321681E+00 -1.03800617E+00  4.05229395E-01  3.22308242E+00  9.46113842E-01  2.27696858E-01
 -2.48018226E+00  1.00000000E+00  2.18402431E+00 -1.03785810E+00  4.05231837E-01  3.22279760E+00  9.46069999E-01  2.27672760E-01
 -2.45542903E+00  1.00000000E+00  2.16483181E+00 -1.03771005E+00  4.05239374E-01  3.22251281E+00  9.46026164E-01  2.27648665E-01
 -2.43067580E+00  1.00000000E+00  2.14565178E+00 -1.03771692E+00  4.05244131E-01  3.22248662E+00  9.46028977E-01  2.27645764E-01
 -2.40592258E+00  1.00000000E+00  2.12647175E+00 -1.03772378E+00  4.05249732E-01  3.22246042E+00  9.46031790E-01  2.27642863E-01
 -2.38116935E+00  1.00000000E+00  2.10729947E+00 -1.03772787E+00  4.05250624E-01  3.22248627E+00  9.46040459E-01  2.27644581E-01
 -2.35641613E+00  1.00000000E+00  2.08812719E+00 -1.03773196E+00  4.05245617E-01  3.22251212E+00  9.46049127E-01  2.27646299E-01
 -2.33166290E+00  1.00000000E+00  2.06894415E+00 -1.03775991E+00  4.05240799E-01  3.22257121E+00  9.46049950E-01  2.27652126E-01
 -2.30690967E+00  1.00000000E+00  2.04976110E+00 -1.03778786E+00  4.05239356E-01  3.22263031E+00  9.46050772E-01  2.27657953E-01
 -2.28215645E+00  1.00000000E+00  2.03057531E+00 -1.03779468E+00  4.05240253E-01  3.22261066E+00  9.46051794E-01  2.27655886E-01
 -2.25740322E+00  1.00000000E+00  2.01138951E+00 -1.03780151E+00  4.05240574E-01  3.22259101E+00  9.46052815E-01  2.27653819E-01
 -2.23265000E+00  1.00000000E+00  1.99221808E+00 -1.03789395E+00  4.05238594E-01  3.22281816E+00  9.46081050E-01  2.27673711E-01
 -2.20789677E+00  1.00000000E+00  1.97304664E+00 -1.03798640E+00  4.05230434E-01  3.22304532E+00  9.46109288E-01  2.27693603E-01
 -2.18314354E+00  1.00000000E+00  1.95385275E+00 -1.03784478E+00  4.05229290E-01  3.22272542E+00  9.46074108E-01  2.27665131E-01
 -2.15839032E+00  1.00000000E+00  1.93465886E+00 -1.03770317E+00  4.05232429E-01  3.22240555E+00  9.46038935E-01  2.27636662E-01
 -2.13363709E+00  1.00000000E+00  1.91548648E+00 -1.03770363E+00  4.05232785E-01  3.22239178E+00  9.46036865E-01  2.27635492E-01
 -2.10888387E+00  1.00000000E+00  1.89631409E+00 -1.03770409E+00  4.05236136E-01  3.22237802E+00  9.46034796E-01  2.27634322E-01
 -2.08413064E+00  1.00000000E+00  1.87712655E+00 -1.03770538E+00  4.05239670E-01  3.22236162E+00  9.46038088E-01  2.27632354E-01
 -2.05937741E+00  1.00000000E+00  1.85793900E+00 -1.03770667E+00  4.05238867E-01  3.22234523E+00  9.46041380E-01  2.27630385E-01
 -2.03462419E+00  1.00000000E+00  1.83876595E+00 -1.03771185E+00  4.05234635E-01  3.22239048E+00  9.46043310E-01  2.27634717E-01
 -2.00987096E+00  1.00000000E+00  1.81959289E+00 -1.03771704E+00  4.05229887E-01  3.22243573E+00  9.46045240E-01  2.27639049E-01
 -1.98511774E+00  1.00000000E+00  1.80040487E+00 -1.03772386E+00  4.05226341E-01  3.22238550E+00  9.46050331E-01  2.27633517E-01
 -1.96036451E+00  1.00000000E+00  1.78121685E+00 -1.03773069E+00  4.05223131E-01  3.22233527E+00  9.46055422E-01  2.27627984E-01
 -1.93561128E+00  1.00000000E+00  1.76205144E+00 -1.03780394E+00  4.05218090E-01  3.22251540E+00  9.46077548E-01  2.27643785E-01
 -1.91085806E+00  1.00000000E+00  1.74288604E+00 -1.03787720E+00  4.05209312E-01  3.22269554E+00  9.46099675E-01  2.27659586E-01
 -1.88610483E+00  1.00000000E+00  1.72369155E+00 -1.03783921E+00  4.05204255E-01  3.22259425E+00  9.46082432E-01  2.27651182E-01
 -1.86135161E+00  1.00000000E+00  1.70449707E+00 -1.03780122E+00  4.05201760E-01  3.22249297E+00  9.46065189E-01  2.27642778E-01
 -1.83659838E+00  1.00000000E+00  1.68531983E+00 -1.03774082E+00  4.05202325E-01  3.22233132E+00  9.46064332E-01  2.27626699E-01
 -1.81184516E+00  1.00000000E+00  1.66614260E+00 -1.03768042E+00  4.05200489E-01  3.22216967E+00  9.46063477E-01  2.27610620E-01
 -1.78709193E+00  1.00000000E+00  1.64698164E+00 -1.03782305E+00  4.05187780E-01  3.22249888E+00  9.46100441E-01  2.27639843E-01
 -1.76233870E+00  1.00000000E+00  1.62782068E+00 -1.03796569E+00  4.05169200E-01  3.22282811E+00  9.46137412E-01  2.27669070E-01
 -1.73758548E+00  1.00000000E+00  1.60862116E+00 -1.03788950E+00  4.05165228E-01  3.22263170E+00  9.46114405E-01  2.27651729E-01
 -1.71283225E+00  1.00000000E+00  1.58942165E+00 -1.03781331E+00  4.05163945E-01  3.22243529E+00  9.46091400E-01  2.27634389E-01
 -1.68807903E+00  1.00000000E+00  1.57024322E+00 -1.03780243E+00  4.05155300E-01  3.22227851E+00  9.46104032E-01  2.27617447E-01
 -1.66332580E+00  1.00000000E+00  1.55106480E+00 -1.03779155E+00  4.05145458E-01  3.22212173E+00  9.46116665E-01  2.27600506E-01
 -1.63857257E+00  1.00000000E+00  1.53190240E+00 -1.03774706E+00  4.05141987E-01  3.22210166E+00  9.46104023E-01  2.27599763E-01
 -1.61381935E+00  1.00000000E+00  1.51274000E+00 -1.03770258E+00  4.05134827E-01  3.22208159E+00  9.46091381E-01  2.27599020E-01
 -1.58906612E+00  1.00000000E+00  1.49354847E+00 -1.03764099E+00  4.05121370E-01  3.22180653E+00  9.46085878E-01  2.27572066E-01
 -1.56431290E+00  1.00000000E+00  1.47435694E+00 -1.03757940E+00  4.05111151E-01  3.22153151E+00  9.46080376E-01  2.27545113E-01
 -1.53955967E+00  1.00000000E+00  1.45520215E+00 -1.03751385E+00  4.05102507E-01  3.22135361E+00  9.46075101E-01  2.27527851E-01
 -1.51480644E+00  1.00000000E+00  1.43604735E+00 -1.03744830E+00  4.05092229E-01  3.22117573E+00  9.46069828E-01  2.27510590E-01
 -1.49005322E+00  1.00000000E+00  1.41688473E+00 -1.03745345E+00  4.05076189E-01  3.22111054E+00  9.46089595E-01  2.27502094E-01
 -1.46529999E+00  1.00000000E+00  1.39772211E+00 -1.03745859E+00  4.05052603E-01  3.22104534E+00  9.46109363E-01  2.27493598E-01
 -1.44054677E+00  1.00000000E+00  1.37856342E+00 -1.03758787E+00  4.05027357E-01  3.22125937E+00  9.46154200E-01  2.27510517E-01
 -1.41579354E+00  1.00000000E+00  1.35940472E+00 -1.03771717E+00  4.04993962E-01  3.22147341E+00  9.46199044E-01  2.27527436E-01
 -1.39104031E+00  1.00000000E+00  1.34023950E+00 -1.03746704E+00  4.04973525E-01  3.22088049E+00  9.46145578E-01  2.27473491E-01
 -1.36628709E+00  1.00000000E+00  1.32107429E+00 -1.03721695E+00  4.04961711E-01  3.22028768E+00  9.46092132E-01  2.27419555E-01
 -1.34153386E+00  1.00000000E+00  1.30192563E+00 -1.03719656E+00  4.04941541E-01  3.22003519E+00  9.46107752E-01  2.27392744E-01
 -1.31678064E+00  1.00000000E+00  1.28277697E+00 -1.03717616E+00  4.04919918E-01  3.21978271E+00  9.46123372E-01  2.27365934E-01
 -1.29202741E+00  1.00000000E+00  1.26365148E+00 -1.03717919E+00  4.04894346E-01  3.21970841E+00  9.46142096E-01  2.27356632E-01
 -1.26727418E+00  1.00000000E+00  1.24452600E+00 -1.03718222E+00  4.04862862E-01  3.21963412E+00  9.46160821E-01  2.27347330E-01
 -1.24252096E+00  1.00000000E+00  1.22541422E+00 -1.03722110E+00  4.04830815E-01  3.21954693E+00  9.46195485E-01  2.27335145E-01
 -1.21776773E+00  1.00000000E+00  1.20630243E+00 -1.03725998E+00  4.04791982E-01  3.21945976E+00  9.46230151E-01  2.27322960E-01
 -1.19301451E+00  1.00000000E+00  1.18718035E+00 -1.03702098E+00  4.04760633E-01  3.21884359E+00  9.46190002E-01  2.27265359E-01
 -1.16826128E+00  1.00000000E+00  1.16805827E+00 -1.03678203E+00  4.04734927E-01  3.21822755E+00  9.46149871E-01  2.27207768E-01
 -1.14350806E+00  1.00000000E+00  1.14897896E+00 -1.03680685E+00  4.04701510E-01  3.21808287E+00  9.46178504E-01  2.27190436E-01
 -1.11875483E+00  1.00000000E+00  1.12989965E+00 -1.03683167E+00  4.04669556E-01  3.21793820E+00  9.46207137E-01  2.27173106E-01
 -1.09400160E+00  1.00000000E+00  1.11084133E+00 -1.03675007E+00  4.04639242E-01  3.21760033E+00  9.46206753E-01  2.27139357E-01
 -1.06924838E+00  1.00000000E+00  1.09178301E+00 -1.03666849E+00  4.04609403E-01  3.21726249E+00  9.46206371E-01  2.27105612E-01
 -1.04449515E+00  1.00000000E+00  1.07275892E+00 -1.03657220E+00  4.04579561E-01  3.21691079E+00  9.46208355E-01  2.27070243E-01
 -1.01974193E+00  1.00000000E+00  1.05373484E+00 -1.03647592E+00  4.04547254E-01  3.21655912E+00  9.46210342E-01  2.27034877E-01
 -9.94988700E-01  1.00000000E+00  1.03475382E+00 -1.03645343E+00  4.04521423E-01  3.21642055E+00  9.46223108E-01  2.27019744E-01
 -9.70235474E-01  1.00000000E+00  1.01577281E+00 -1.03643095E+00  4.04501820E-01  3.21628199E+00  9.46235875E-01  2.27004612E-01
 -9.45482248E-01  1.00000000E+00  9.96823125E-01 -1.03638301E+00  4.04490880E-01  3.21613462E+00  9.46220401E-01  2.26991422E-01
 -9.20729022E-01  1.00000000E+00  9.77873445E-01 -1.03633506E+00  4.04483995E-01  3.21598725E+00  9.46204928E-01  2.26978233E-01
 -8.95975796E-01  1.00000000E+00  9.59005556E-01 -1.03627764E+00  4.04487840E-01  3.21588698E+00  9.46196688E-01  2.26969029E-01
 -8.71222570E-01  1.00000000E+00  9.40137667E-01 -1.03622021E+00  4.04496630E-01  3.21578671E+00  9.46188450E-01  2.26959826E-01
 -8.46469344E-01  1.00000000E+00  9.21328893E-01 -1.03640658E+00  4.04532590E-01  3.21633700E+00  9.46220596E-01  2.27011640E-01
 -8.21716118E-01  1.00000000E+00  9.02520119E-01 -1.03659297E+00  4.04565591E-01  3.21688737E+00  9.46252752E-01  2.27063462E-01
 -7.97201467E-01  1.00000000E+00  8.83992969E-01 -1.03676242E+00  4.04650594E-01  3.21760779E+00  9.46233077E-01  2.27137471E-01
 -7.72686817E-01  1.00000000E+00  8.65465820E-01 -1.03693191E+00  4.04741550E-01  3.21832836E+00  9.46213414E-01  2.27211495E-01
 -7.49503432E-01  1.00000000E+00  8.48034552E-01 -1.03712827E+00  4.04868439E-01  3.21945649E+00  9.46146826E-01  2.27330967E-01
 -7.26320047E-01  1.00000000E+00  8.30603285E-01 -1.03732469E+00  4.05013383E-01  3.22058503E+00  9.46080258E-01  2.27450477E-01
 -7.04527831E-01  1.00000000E+00  8.14337701E-01 -1.03780642E+00  4.05195525E-01  3.22236706E+00  9.46115112E-01  2.27625195E-01
 -6.82735615E-01  1.00000000E+00  7.98072118E-01 -1.03828837E+00  4.05398354E-01  3.22415007E+00  9.46150032E-01  2.27800004E-01
 -6.62251087E-01  1.00000000E+00  7.82872783E-01 -1.03866960E+00  4.05673339E-01  3.22644496E+00  9.45987616E-01  2.28045734E-01
 -6.41766559E-01  1.00000000E+00  7.67673449E-01 -1.03905104E+00  4.05977178E-01  3.22874151E+00  9.45825291E-01  2.28291622E-01
 -6.22511254E-01  1.00000000E+00  7.53514645E-01 -1.03965830E+00  4.06311640E-01  3.23170465E+00  9.45730855E-01  2.28597379E-01
 -6.03255949E-01  1.00000000E+00  7.39355841E-01 -1.04026601E+00  4.06679366E-01  3.23467052E+00  9.45636552E-01  2.28903397E-01
 -5.85156097E-01  1.00000000E+00  7.26178928E-01 -1.04120710E+00  4.07105485E-01  3.23857530E+00  9.45617484E-01  2.29295781E-01
 -5.67056245E-01  1.00000000E+00  7.13002014E-01 -1.04214915E+00  4.07562808E-01  3.24248478E+00  9.45598687E-01  2.29688609E-01
 -5.50042515E-01  1.00000000E+00  7.00713197E-01 -1.04310348E+00  4.08117551E-01  3.24731420E+00  9.45393623E-01  2.30192058E-01
 -5.33028786E-01  1.00000000E+00  6.88424381E-01 -1.04405897E+00  4.08694125E-01  3.25215088E+00  9.45188935E-01  2.30696194E-01
 -5.17036006E-01  1.00000000E+00  6.77048394E-01 -1.04545301E+00  4.09333205E-01  3.25818445E+00  9.45116145E-01  2.31306831E-01
 -5.01043227E-01  1.00000000E+00  6.65672407E-01 -1.04684922E+00  4.10013723E-01  3.26422922E+00  9.45043969E-01  2.31918525E-01
 -4.86010125E-01  1.00000000E+00  6.55080720E-01 -1.04833263E+00  4.10777309E-01  3.27109582E+00  9.44869944E-01  2.32622588E-01
 -4.70977023E-01  1.00000000E+00  6.44489033E-01 -1.04981863E+00  4.11605889E-01  3.27797690E+00  9.44696684E-01  2.33328022E-01
 -4.56846016E-01  1.00000000E+00  6.34674823E-01 -1.05158159E+00  4.12492491E-01  3.28621461E+00  9.44507003E-01  2.34170761E-01
 -4.42715008E-01  1.00000000E+00  6.24860614E-01 -1.05334821E+00  4.13449119E-01  3.29447308E+00  9.44318357E-01  2.35015473E-01
 -4.29431964E-01  1.00000000E+00  6.15808784E-01 -1.05541955E+00  4.14514709E-01  3.30393269E+00  9.44078299E-01  2.35985440E-01
 -4.16148920E-01  1.00000000E+00  6.06756954E-01 -1.05749584E+00  4.15643705E-01  3.31341951E+00  9.43839755E-01  2.36957975E-01
 -4.03662954E-01  1.00000000E+00  5.98375454E-01 -1.05970887E+00  4.16783453E-01  3.32407201E+00  9.43571742E-01  2.38050027E-01
 -3.91176988E-01  1.00000000E+00  5.89993955E-01 -1.06192774E+00  4.18038425E-01  3.33475894E+00  9.43305353E-01  2.39145359E-01
 -3.79440270E-01  1.00000000E+00  5.82229124E-01 -1.06466708E+00  4.19390305E-01  3.34707759E+00  9.43094517E-01  2.40398308E-01
 -3.67703552E-01  1.00000000E+00  5.74464294E-01 -1.06741485E+00  4.20812909E-01  3.35944179E+00  9.42886084E-01  2.41655571E-01
 -3.56671122E-01  1.00000000E+00  5.67420172E-01 -1.07022342E+00  4.22337103E-01  3.37293902E+00  9.42509027E-01  2.43042999E-01
 -3.45638692E-01  1.00000000E+00  5.60376051E-01 -1.07304130E+00  4.23919660E-01  3.38649071E+00  9.42134706E-01  2.44435601E-01
 -3.35268287E-01  1.00000000E+00  5.53814211E-01 -1.07631126E+00  4.25530387E-01  3.40170339E+00  9.41868662E-01  2.45983473E-01
 -3.24897882E-01  1.00000000E+00  5.47252370E-01 -1.07959336E+00  4.27274976E-01  3.41698460E+00  9.41605915E-01  2.47537869E-01
 -3.15149775E-01  1.00000000E+00  5.41320976E-01 -1.08316735E+00  4.29139365E-01  3.43364741E+00  9.41265598E-01  2.49238181E-01
 -3.05401669E-01  1.00000000E+00  5.35389581E-01 -1.08675578E+00  4.31065753E-01  3.45039169E+00  9.40929376E-01  2.50946231E-01
 -2.96238520E-01  1.00000000E+00  5.29885474E-01 -1.09041661E+00  4.33042427E-01  3.46931888E+00  9.40320274E-01  2.52899861E-01
 -2.87075371E-01  1.00000000E+00  5.24381367E-01 -1.09409379E+00  4.35239202E-01  3.48835087E+00  9.39715785E-01  2.54863508E-01
 -2.78462077E-01  1.00000000E+00  5.19480520E-01 -1.09822629E+00  4.37488809E-01  3.50823366E+00  9.39226321E-01  2.56900734E-01
 -2.69848783E-01  1.00000000E+00  5.14579672E-01 -1.10237829E+00  4.39849535E-01  3.52823023E+00  9.38742478E-01  2.58948775E-01
 -2.61752348E-01  1.00000000E+00  5.10136880E-01 -1.10716788E+00  4.42240615E-01  3.55074301E+00  9.38423296E-01  2.61231971E-01
 -2.53655913E-01  1.00000000E+00  5.05694088E-01 -1.11198279E+00  4.44742160E-01  3.57339988E+00  9.38110739E-01  2.63528914E-01
 -2.46045323E-01  1.00000000E+00  5.01702838E-01 -1.11639097E+00  4.47376656E-01  3.59669982E+00  9.37350832E-01  2.65934899E-01
 -2.38434732E-01  1.00000000E+00  4.97711589E-01 -1.12082258E+00  4.50094488E-01  3.62015324E+00  9.36597540E-01  2.68355570E-01
 -2.31280830E-01  1.00000000E+00  4.94125825E-01 -1.12592604E+00  4.52909123E-01  3.64577967E+00  9.36029834E-01  2.70974983E-01
 -2.24126928E-01  1.00000000E+00  4.90540061E-01 -1.13105914E+00  4.55817016E-01  3.67158872E+00  9.35469953E-01  2.73611877E-01
 -2.17402314E-01  1.00000000E+00  4.87382697E-01 -1.13700112E+00  4.58824267E-01  3.70014381E+00  9.35066561E-01  2.76507725E-01
 -2.10677699E-01  1.00000000E+00  4.84225332E-01 -1.14298138E+00  4.61917029E-01  3.72892183E+00  9.34673025E-01  2.79424880E-01
 -2.04351753E-01  1.00000000E+00  4.81472204E-01 -1.14856443E+00  4.65197292E-01  3.75868752E+00  9.33835924E-01  2.82485160E-01
 -1.98025807E-01  1.00000000E+00  4.78719076E-01 -1.15418379E+00  4.68551073E-01  3.78869326E+00  9.33008534E-01  2.85568473E-01
 -1.91837501E-01  1.00000000E+00  4.76256428E-01 -1.16092213E+00  4.72203205E-01  3.82241524E+00  9.32439226E-01  2.88997602E-01
 -1.85649194E-01  1.00000000E+00  4.73793780E-01 -1.16770987E+00  4.75948840E-01  3.85643914E+00  9.31882439E-01  2.92455670E-01
 -1.79460888E-01  1.00000000E+00  4.71563931E-01 -1.17398008E+00  4.80144497E-01  3.89395264E+00  9.30432082E-01  2.96352056E-01
 -1.73272582E-01  1.00000000E+00  4.69334083E-01 -1.18029917E+00  4.84479177E-01  3.93183782E+00  9.28995332E-01  3.00284248E-01
 -1.67084275E-01  1.00000000E+00  4.67486556E-01 -1.18947313E+00  4.89217572E-01  3.97738217E+00  9.28510927E-01  3.04887124E-01
 -1.60895969E-01  1.00000000E+00  4.65639028E-01 -1.19873494E+00  4.94101027E-01  4.02345669E+00  9.28047618E-01  3.09540907E-01
 -1.54707662E-01  1.00000000E+00  4.64067502E-01 -1.20723479E+00  4.99674176E-01  4.07394669E+00  9.26408419E-01  3.14753827E-01
 -1.48519356E-01  1.00000000E+00  4.62495976E-01 -1.21582007E+00  5.05428768E-01  4.12508117E+00  9.24791335E-01  3.20028984E-01
 -1.42331049E-01  1.00000000E+00  4.61667305E-01 -1.22721482E+00  5.11979038E-01  4.18582446E+00  9.23684860E-01  3.26213960E-01
 -1.36142743E-01  1.00000000E+00  4.60838634E-01 -1.23874719E+00  5.18860189E-01  4.24746972E+00  9.22612144E-01  3.32485758E-01
 -1.29954436E-01  1.00000000E+00  4.60458188E-01 -1.25073290E+00  5.26309654E-01  4.31860033E+00  9.20902164E-01  3.39769816E-01
 -1.23766130E-01  1.00000000E+00  4.60077743E-01 -1.26287853E+00  5.34267957E-01  4.39094159E+00  9.19228627E-01  3.47171297E-01
 -1.17577823E-01  1.00000000E+00  4.60311098E-01 -1.27799371E+00  5.43448500E-01  4.47915451E+00  9.17404664E-01  3.56174984E-01
 -1.11389517E-01  1.00000000E+00  4.60544453E-01 -1.29335298E+00  5.53087532E-01  4.56916433E+00  9.15636013E-01  3.65352832E-01
 -1.05201210E-01  1.00000000E+00  4.62192538E-01 -1.31036005E+00  5.64362066E-01  4.67467175E+00  9.13014631E-01  3.76165712E-01
 -9.90129037E-02  1.00000000E+00  4.63840624E-01 -1.32767996E+00  5.76156365E-01  4.78265820E+00  9.10465344E-01  3.87219286E-01
 -9.28245972E-02  1.00000000E+00  4.66825761E-01 -1.34488789E+00  5.90188630E-01  4.90855323E+00  9.06033229E-01  4.00252000E-01
 -8.66362908E-02  1.00000000E+00  4.69810898E-01 -1.36244279E+00  6.04947134E-01  5.03786169E+00  9.01685258E-01  4.13617643E-01
 -8.04479843E-02  1.00000000E+00  4.74438837E-01 -1.39138164E+00  6.22901216E-01  5.21097693E+00  8.99613893E-01  4.31136304E-01
 -7.42596778E-02  1.00000000E+00  4.79066776E-01 -1.42112324E+00  6.41972610E-01  5.39011215E+00  8.97704361E-01  4.49240779E-01
 -6.80713713E-02  1.00000000E+00  4.87993972E-01 -1.44072865E+00  6.65064124E-01  5.60056411E+00  8.87380910E-01  4.71318320E-01
 -6.18830648E-02  1.00000000E+00  4.96921169E-01 -1.46085077E+00  6.91050179E-01  5.81971691E+00  8.77227124E-01  4.94248979E-01
 -5.56947583E-02  1.00000000E+00  5.05310100E-01 -1.53214334E+00  7.23406376E-01  6.14884880E+00  8.83949552E-01  5.26489925E-01
 -4.95064519E-02  1.00000000E+00  5.13699031E-01 -1.60706354E+00  7.57870943E-01  6.49654689E+00  8.91508187E-01  5.60503870E-01
 -4.33181454E-02  1.00000000E+00  5.73282380E-01 -1.58310761E+00  8.04445974E-01  6.91383432E+00  8.48305903E-01  6.06552841E-01
 -3.71298389E-02  1.00000000E+00  6.32865729E-01 -1.55706667E+00  8.68782658E-01  7.36536348E+00  8.06478351E-01  6.55888512E-01
 -3.09415324E-02  1.00000000E+00  5.18028505E-01 -1.53055839E+00  9.53489217E-01  7.52958106E+00  7.86152530E-01  6.74342853E-01
 -2.47532259E-02  1.00000000E+00  4.03191281E-01 -1.50340631E+00  1.01842487E+00  7.69923181E+00  7.66222964E-01  6.93300885E-01
 -1.85649194E-02  1.00000000E+00  1.09215482E+00 -2.32165705E+00  1.14790656E+00  1.09113448E+01  9.07737702E-01  1.00036071E+00
 -1.23766130E-02  1.00000000E+00  1.78111836E+00 -3.49559297E+00  1.43322179E+00  1.54971201E+01  1.14987642E+00  1.43472437E+00
 -6.18830648E-03  1.00000000E+00  2.91806230E-01  1.14930868E+00  2.41794286E+00  1.45659559E+01  4.93849512E-01  1.40721064E+00
  0.00000000E+00  1.00000000E+00 -1.19750590E+00  7.63986562E+00  4.83513889E+00  2.23669300E+01  2.88484390E+00  1.94820861E+00
