# curve 5 (die wall), step =      300, time =   1.20000000E+02
# N1 = tau_xx - tau_yy = G ( c_xx - c_yy ),  G =  6.3636E-02  (polymer part only)
#              x               y        pressure            c_xy        gammadot            c_xx            c_yy              N1
 -3.00000000E+00  1.00000000E+00  1.90949254E+00 -1.91665524E+00  4.46889110E-01  1.12135892E+01  6.98796249E-01  6.69123185E-01
 -2.97524677E+00  1.00000000E+00  1.89680642E+00 -1.91670749E+00  4.46914915E-01  1.12131178E+01  6.98834742E-01  6.69090738E-01
 -2.95049355E+00  1.00000000E+00  1.88412030E+00 -1.91675973E+00  4.46931278E-01  1.12126464E+01  6.98873237E-01  6.69058293E-01
 -2.92574032E+00  1.00000000E+00  1.87145775E+00 -1.91691103E+00  4.46926163E-01  1.12134725E+01  6.98898339E-01  6.69109263E-01
 -2.90098710E+00  1.00000000E+00  1.85879520E+00 -1.91706235E+00  4.46901831E-01  1.12142986E+01  6.98923443E-01  6.69160237E-01
 -2.87623387E+00  1.00000000E+00  1.84612957E+00 -1.91707918E+00  4.46877683E-01  1.12170049E+01  6.98834275E-01  6.69338132E-01
 -2.85148064E+00  1.00000000E+00  1.83346395E+00 -1.91709597E+00  4.46842635E-01  1.12197120E+01  6.98745109E-01  6.69516072E-01
 -2.82672742E+00  1.00000000E+00  1.82076329E+00 -1.91658327E+00  4.46869510E-01  1.12168158E+01  6.98687165E-01  6.69335456E-01
 -2.80197419E+00  1.00000000E+00  1.80806263E+00 -1.91607070E+00  4.46896550E-01  1.12139203E+01  6.98629247E-01  6.69154886E-01
 -2.77722097E+00  1.00000000E+00  1.79535747E+00 -1.91643531E+00  4.46920204E-01  1.12135438E+01  6.98744914E-01  6.69123564E-01
 -2.75246774E+00  1.00000000E+00  1.78265230E+00 -1.91679990E+00  4.46931317E-01  1.12131673E+01  6.98860604E-01  6.69092247E-01
 -2.72771451E+00  1.00000000E+00  1.77004440E+00 -1.91697563E+00  4.46911515E-01  1.12135351E+01  6.98921580E-01  6.69111768E-01
 -2.70296129E+00  1.00000000E+00  1.75743650E+00 -1.91715136E+00  4.46870879E-01  1.12139028E+01  6.98982562E-01  6.69131291E-01
 -2.67820806E+00  1.00000000E+00  1.74472236E+00 -1.91677561E+00  4.46861193E-01  1.12134807E+01  6.98858912E-01  6.69112296E-01
 -2.65345484E+00  1.00000000E+00  1.73200821E+00 -1.91639989E+00  4.46878056E-01  1.12130586E+01  6.98735287E-01  6.69093302E-01
 -2.62870161E+00  1.00000000E+00  1.71933536E+00 -1.91661573E+00  4.46894160E-01  1.12128113E+01  6.98811123E-01  6.69072741E-01
 -2.60394839E+00  1.00000000E+00  1.70666251E+00 -1.91683156E+00  4.46899783E-01  1.12125641E+01  6.98886968E-01  6.69052181E-01
 -2.57919516E+00  1.00000000E+00  1.69401501E+00 -1.91688839E+00  4.46902704E-01  1.12127861E+01  6.98912912E-01  6.69064657E-01
 -2.55444193E+00  1.00000000E+00  1.68136752E+00 -1.91694522E+00  4.46883093E-01  1.12130081E+01  6.98938858E-01  6.69077134E-01
 -2.52968871E+00  1.00000000E+00  1.66869625E+00 -1.91708859E+00  4.46855514E-01  1.12148512E+01  6.98930179E-01  6.69194973E-01
 -2.50493548E+00  1.00000000E+00  1.65602499E+00 -1.91723198E+00  4.46816115E-01  1.12166946E+01  6.98921501E-01  6.69312832E-01
 -2.48018226E+00  1.00000000E+00  1.64329436E+00 -1.91672824E+00  4.46856426E-01  1.12145871E+01  6.98818794E-01  6.69185253E-01
 -2.45542903E+00  1.00000000E+00  1.63056372E+00 -1.91622460E+00  4.46901384E-01  1.12124799E+01  6.98716116E-01  6.69057698E-01
 -2.43067580E+00  1.00000000E+00  1.61789174E+00 -1.91650153E+00  4.46935170E-01  1.12124652E+01  6.98795062E-01  6.69051738E-01
 -2.40592258E+00  1.00000000E+00  1.60521976E+00 -1.91677846E+00  4.46956184E-01  1.12124506E+01  6.98874019E-01  6.69045779E-01
 -2.38116935E+00  1.00000000E+00  1.59258702E+00 -1.91689951E+00  4.46936061E-01  1.12126296E+01  6.98926720E-01  6.69053820E-01
 -2.35641613E+00  1.00000000E+00  1.57995429E+00 -1.91702057E+00  4.46896433E-01  1.12128087E+01  6.98979425E-01  6.69061861E-01
 -2.33166290E+00  1.00000000E+00  1.56725221E+00 -1.91681430E+00  4.46893002E-01  1.12133638E+01  6.98883039E-01  6.69103320E-01
 -2.30690967E+00  1.00000000E+00  1.55455014E+00 -1.91660803E+00  4.46903680E-01  1.12139189E+01  6.98786664E-01  6.69144782E-01
 -2.28215645E+00  1.00000000E+00  1.54185326E+00 -1.91661274E+00  4.46921899E-01  1.12138337E+01  6.98777654E-01  6.69139932E-01
 -2.25740322E+00  1.00000000E+00  1.52915639E+00 -1.91661746E+00  4.46943880E-01  1.12137485E+01  6.98768644E-01  6.69135082E-01
 -2.23265000E+00  1.00000000E+00  1.51650794E+00 -1.91710361E+00  4.46928414E-01  1.12155374E+01  6.98884730E-01  6.69241530E-01
 -2.20789677E+00  1.00000000E+00  1.50385948E+00 -1.91758985E+00  4.46871925E-01  1.12173265E+01  6.99000843E-01  6.69347996E-01
 -2.18314354E+00  1.00000000E+00  1.49116375E+00 -1.91712914E+00  4.46867835E-01  1.12151178E+01  6.98922811E-01  6.69212411E-01
 -2.15839032E+00  1.00000000E+00  1.47846801E+00 -1.91666852E+00  4.46885095E-01  1.12129096E+01  6.98844801E-01  6.69076853E-01
 -2.13363709E+00  1.00000000E+00  1.46579708E+00 -1.91668472E+00  4.46912198E-01  1.12127967E+01  6.98845900E-01  6.69069597E-01
 -2.10888387E+00  1.00000000E+00  1.45312615E+00 -1.91670092E+00  4.46937927E-01  1.12126838E+01  6.98847000E-01  6.69062341E-01
 -2.08413064E+00  1.00000000E+00  1.44041799E+00 -1.91675744E+00  4.46956684E-01  1.12126103E+01  6.98862953E-01  6.69056649E-01
 -2.05937741E+00  1.00000000E+00  1.42770983E+00 -1.91681396E+00  4.46960825E-01  1.12125368E+01  6.98878907E-01  6.69050958E-01
 -2.03462419E+00  1.00000000E+00  1.41505204E+00 -1.91671242E+00  4.46953736E-01  1.12130230E+01  6.98838539E-01  6.69084464E-01
 -2.00987096E+00  1.00000000E+00  1.40239425E+00 -1.91661087E+00  4.46943581E-01  1.12135092E+01  6.98798173E-01  6.69117973E-01
 -1.98511774E+00  1.00000000E+00  1.38967137E+00 -1.91664929E+00  4.46948469E-01  1.12133039E+01  6.98810999E-01  6.69104091E-01
 -1.96036451E+00  1.00000000E+00  1.37694849E+00 -1.91668772E+00  4.46952372E-01  1.12130985E+01  6.98823825E-01  6.69090209E-01
 -1.93561128E+00  1.00000000E+00  1.36433849E+00 -1.91714971E+00  4.46921030E-01  1.12147028E+01  6.98936305E-01  6.69185139E-01
 -1.91085806E+00  1.00000000E+00  1.35172849E+00 -1.91761179E+00  4.46865706E-01  1.12163072E+01  6.99048811E-01  6.69280082E-01
 -1.88610483E+00  1.00000000E+00  1.33895157E+00 -1.91684577E+00  4.46853624E-01  1.12153167E+01  6.98811057E-01  6.69232178E-01
 -1.86135161E+00  1.00000000E+00  1.32617466E+00 -1.91607989E+00  4.46871035E-01  1.12143264E+01  6.98573398E-01  6.69184283E-01
 -1.83659838E+00  1.00000000E+00  1.31351466E+00 -1.91667670E+00  4.46900566E-01  1.12132849E+01  6.98823407E-01  6.69102095E-01
 -1.81184516E+00  1.00000000E+00  1.30085466E+00 -1.91727349E+00  4.46890385E-01  1.12122438E+01  6.99073496E-01  6.69019925E-01
 -1.78709193E+00  1.00000000E+00  1.28822939E+00 -1.91728450E+00  4.46820902E-01  1.12147937E+01  6.99003603E-01  6.69186645E-01
 -1.76233870E+00  1.00000000E+00  1.27560413E+00 -1.91729547E+00  4.46736602E-01  1.12173444E+01  6.98933710E-01  6.69353407E-01
 -1.73758548E+00  1.00000000E+00  1.26282459E+00 -1.91689987E+00  4.46737080E-01  1.12158357E+01  6.98848356E-01  6.69262833E-01
 -1.71283225E+00  1.00000000E+00  1.25004505E+00 -1.91650433E+00  4.46732041E-01  1.12143273E+01  6.98763021E-01  6.69172272E-01
 -1.68807903E+00  1.00000000E+00  1.23732225E+00 -1.91656399E+00  4.46710707E-01  1.12128857E+01  6.98830026E-01  6.69076271E-01
 -1.66332580E+00  1.00000000E+00  1.22459945E+00 -1.91662364E+00  4.46697300E-01  1.12114443E+01  6.98897035E-01  6.68980283E-01
 -1.63857257E+00  1.00000000E+00  1.21195231E+00 -1.91662977E+00  4.46682689E-01  1.12111343E+01  6.98921393E-01  6.68959006E-01
 -1.61381935E+00  1.00000000E+00  1.19930517E+00 -1.91663591E+00  4.46631780E-01  1.12108244E+01  6.98945753E-01  6.68937730E-01
 -1.58906612E+00  1.00000000E+00  1.18653330E+00 -1.91636247E+00  4.46575077E-01  1.12085998E+01  6.98927831E-01  6.68797308E-01
 -1.56431290E+00  1.00000000E+00  1.17376144E+00 -1.91608907E+00  4.46539749E-01  1.12063757E+01  6.98909914E-01  6.68656913E-01
 -1.53955967E+00  1.00000000E+00  1.16112666E+00 -1.91623219E+00  4.46483694E-01  1.12045381E+01  6.99034964E-01  6.68532017E-01
 -1.51480644E+00  1.00000000E+00  1.14849187E+00 -1.91637528E+00  4.46416041E-01  1.12027009E+01  6.99160028E-01  6.68407145E-01
 -1.49005322E+00  1.00000000E+00  1.13581207E+00 -1.91645028E+00  4.46321917E-01  1.12015358E+01  6.99260259E-01  6.68326623E-01
 -1.46529999E+00  1.00000000E+00  1.12313226E+00 -1.91652528E+00  4.46184263E-01  1.12003708E+01  6.99360502E-01  6.68246111E-01
 -1.44054677E+00  1.00000000E+00  1.11041786E+00 -1.91654688E+00  4.46036520E-01  1.12008139E+01  6.99385874E-01  6.68272694E-01
 -1.41579354E+00  1.00000000E+00  1.09770347E+00 -1.91656847E+00  4.45852119E-01  1.12012571E+01  6.99411249E-01  6.68299279E-01
 -1.39104031E+00  1.00000000E+00  1.08498008E+00 -1.91571678E+00  4.45731098E-01  1.11950428E+01  6.99368218E-01  6.67906562E-01
 -1.36628709E+00  1.00000000E+00  1.07225669E+00 -1.91486551E+00  4.45632684E-01  1.11888319E+01  6.99325250E-01  6.67514061E-01
 -1.34153386E+00  1.00000000E+00  1.05954998E+00 -1.91496913E+00  4.45496116E-01  1.11851926E+01  6.99492099E-01  6.67271849E-01
 -1.31678064E+00  1.00000000E+00  1.04684326E+00 -1.91507265E+00  4.45338650E-01  1.11815546E+01  6.99658966E-01  6.67029724E-01
 -1.29202741E+00  1.00000000E+00  1.03422326E+00 -1.91486762E+00  4.45128783E-01  1.11784639E+01  6.99733425E-01  6.66828306E-01
 -1.26727418E+00  1.00000000E+00  1.02160326E+00 -1.91466262E+00  4.44893100E-01  1.11753742E+01  6.99807897E-01  6.66626944E-01
 -1.24252096E+00  1.00000000E+00  1.00895774E+00 -1.91469195E+00  4.44648929E-01  1.11718780E+01  6.99983098E-01  6.66393309E-01
 -1.21776773E+00  1.00000000E+00  9.96312224E-01 -1.91472125E+00  4.44358582E-01  1.11683830E+01  7.00158329E-01  6.66159752E-01
 -1.19301451E+00  1.00000000E+00  9.83642280E-01 -1.91373586E+00  4.44084204E-01  1.11596521E+01  7.00187894E-01  6.65602269E-01
 -1.16826128E+00  1.00000000E+00  9.70972336E-01 -1.91275110E+00  4.43830653E-01  1.11509281E+01  7.00217551E-01  6.65045217E-01
 -1.14350806E+00  1.00000000E+00  9.58395686E-01 -1.91249254E+00  4.43499871E-01  1.11448775E+01  7.00382139E-01  6.64649706E-01
 -1.11875483E+00  1.00000000E+00  9.45819036E-01 -1.91223401E+00  4.43140697E-01  1.11388304E+01  7.00546755E-01  6.64254414E-01
 -1.09400160E+00  1.00000000E+00  9.33236439E-01 -1.91177811E+00  4.42770240E-01  1.11305564E+01  7.00743995E-01  6.63715336E-01
 -1.06924838E+00  1.00000000E+00  9.20653842E-01 -1.91132236E+00  4.42389872E-01  1.11222889E+01  7.00941288E-01  6.63176665E-01
 -1.04449515E+00  1.00000000E+00  9.08177286E-01 -1.91082682E+00  4.41941169E-01  1.11122119E+01  7.01205009E-01  6.62518623E-01
 -1.01974193E+00  1.00000000E+00  8.95700729E-01 -1.91033145E+00  4.41460876E-01  1.11021446E+01  7.01468816E-01  6.61861188E-01
 -9.94988700E-01  1.00000000E+00  8.83295412E-01 -1.90938350E+00  4.40904909E-01  1.10909320E+01  7.01646971E-01  6.61136320E-01
 -9.70235474E-01  1.00000000E+00  8.70890095E-01 -1.90843623E+00  4.40353470E-01  1.10797310E+01  7.01825265E-01  6.60412181E-01
 -9.45482248E-01  1.00000000E+00  8.58492331E-01 -1.90775707E+00  4.39760317E-01  1.10673267E+01  7.02125211E-01  6.59603729E-01
 -9.20729022E-01  1.00000000E+00  8.46094567E-01 -1.90707827E+00  4.39162392E-01  1.10549370E+01  7.02425280E-01  6.58796198E-01
 -8.95975796E-01  1.00000000E+00  8.33920831E-01 -1.90616798E+00  4.38479529E-01  1.10388986E+01  7.02805027E-01  6.57751412E-01
 -8.71222570E-01  1.00000000E+00  8.21747094E-01 -1.90525835E+00  4.37769672E-01  1.10228847E+01  7.03184984E-01  6.56708165E-01
 -8.46469344E-01  1.00000000E+00  8.09698678E-01 -1.90436182E+00  4.36934190E-01  1.10074143E+01  7.03589467E-01  6.55697941E-01
 -8.21716118E-01  1.00000000E+00  7.97650261E-01 -1.90346602E+00  4.36064709E-01  1.09919665E+01  7.03994229E-01  6.54689145E-01
 -7.97201467E-01  1.00000000E+00  7.85797731E-01 -1.90229515E+00  4.35290587E-01  1.09743570E+01  7.04354257E-01  6.53545632E-01
 -7.72686817E-01  1.00000000E+00  7.73945201E-01 -1.90112537E+00  4.34475047E-01  1.09567769E+01  7.04714536E-01  6.52403969E-01
 -7.49503432E-01  1.00000000E+00  7.63053965E-01 -1.90043875E+00  4.33609259E-01  1.09397259E+01  7.05236528E-01  6.51285688E-01
 -7.26320047E-01  1.00000000E+00  7.52162729E-01 -1.89975245E+00  4.32725777E-01  1.09227032E+01  7.05758819E-01  6.50169188E-01
 -7.04527831E-01  1.00000000E+00  7.42144964E-01 -1.89817682E+00  4.31771011E-01  1.09028257E+01  7.06124209E-01  6.48881003E-01
 -6.82735615E-01  1.00000000E+00  7.32127199E-01 -1.89660318E+00  4.30851998E-01  1.08829854E+01  7.06490040E-01  6.47595158E-01
 -6.62251087E-01  1.00000000E+00  7.22785155E-01 -1.89504948E+00  4.30106420E-01  1.08662808E+01  7.06667733E-01  6.46520828E-01
 -6.41766559E-01  1.00000000E+00  7.13443111E-01 -1.89349751E+00  4.29355423E-01  1.08496023E+01  7.06845676E-01  6.45448146E-01
 -6.22511254E-01  1.00000000E+00  7.05061571E-01 -1.89230926E+00  4.28521709E-01  1.08315293E+01  7.07235453E-01  6.44273247E-01
 -6.03255949E-01  1.00000000E+00  6.96680031E-01 -1.89112216E+00  4.27707983E-01  1.08134877E+01  7.07625517E-01  6.43100323E-01
 -5.85156097E-01  1.00000000E+00  6.89041804E-01 -1.88954215E+00  4.26883091E-01  1.07939749E+01  7.07933154E-01  6.41839020E-01
 -5.67056245E-01  1.00000000E+00  6.81403578E-01 -1.88796405E+00  4.26100811E-01  1.07744983E+01  7.08241124E-01  6.40580000E-01
 -5.50042515E-01  1.00000000E+00  6.74420406E-01 -1.88708973E+00  4.25454234E-01  1.07605480E+01  7.08547161E-01  6.39672781E-01
 -5.33028786E-01  1.00000000E+00  6.67437234E-01 -1.88621602E+00  4.24747514E-01  1.07466166E+01  7.08853350E-01  6.38766753E-01
 -5.17036006E-01  1.00000000E+00  6.61350526E-01 -1.88670625E+00  4.24009008E-01  1.07339012E+01  7.09660935E-01  6.37906197E-01
 -5.01043227E-01  1.00000000E+00  6.55263818E-01 -1.88719567E+00  4.23199563E-01  1.07212036E+01  7.10469127E-01  6.37046739E-01
 -4.86010125E-01  1.00000000E+00  6.49573015E-01 -1.88485873E+00  4.22505694E-01  1.07052043E+01  7.10349598E-01  6.36036211E-01
 -4.70977023E-01  1.00000000E+00  6.43882211E-01 -1.88252494E+00  4.22025475E-01  1.06892289E+01  7.10230593E-01  6.35027167E-01
 -4.56846016E-01  1.00000000E+00  6.39074185E-01 -1.88247037E+00  4.21434150E-01  1.06798447E+01  7.10604409E-01  6.34406200E-01
 -4.42715008E-01  1.00000000E+00  6.34266160E-01 -1.88241555E+00  4.20971046E-01  1.06704696E+01  7.10978319E-01  6.33785811E-01
 -4.29431964E-01  1.00000000E+00  6.29933409E-01 -1.88238714E+00  4.20679451E-01  1.06648194E+01  7.11279143E-01  6.33407106E-01
 -4.16148920E-01  1.00000000E+00  6.25600659E-01 -1.88235873E+00  4.20376283E-01  1.06591725E+01  7.11580071E-01  6.33028606E-01
 -4.03662954E-01  1.00000000E+00  6.21910031E-01 -1.88073583E+00  4.19867823E-01  1.06504082E+01  7.11394366E-01  6.32482698E-01
 -3.91176988E-01  1.00000000E+00  6.18219403E-01 -1.87911425E+00  4.19624433E-01  1.06416511E+01  7.11208935E-01  6.31937232E-01
 -3.79440270E-01  1.00000000E+00  6.15004945E-01 -1.87935380E+00  4.19456685E-01  1.06375481E+01  7.11454260E-01  6.31660515E-01
 -3.67703552E-01  1.00000000E+00  6.11790488E-01 -1.87959319E+00  4.19372928E-01  1.06334469E+01  7.11699630E-01  6.31383919E-01
 -3.56671122E-01  1.00000000E+00  6.09184296E-01 -1.88000255E+00  4.19499853E-01  1.06345377E+01  7.11777530E-01  6.31448375E-01
 -3.45638692E-01  1.00000000E+00  6.06578105E-01 -1.88041195E+00  4.19502479E-01  1.06356286E+01  7.11855453E-01  6.31512837E-01
 -3.35268287E-01  1.00000000E+00  6.04543818E-01 -1.88005041E+00  4.19214462E-01  1.06338726E+01  7.11830634E-01  6.31402668E-01
 -3.24897882E-01  1.00000000E+00  6.02509531E-01 -1.87968892E+00  4.19239674E-01  1.06321168E+01  7.11805832E-01  6.31292517E-01
 -3.15149775E-01  1.00000000E+00  6.00869138E-01 -1.88052336E+00  4.19424177E-01  1.06364029E+01  7.11965292E-01  6.31555123E-01
 -3.05401669E-01  1.00000000E+00  5.99228746E-01 -1.88135816E+00  4.19611867E-01  1.06406908E+01  7.12124820E-01  6.31817835E-01
 -2.96238520E-01  1.00000000E+00  5.98012739E-01 -1.88038009E+00  4.19716665E-01  1.06474386E+01  7.11416201E-01  6.32292333E-01
 -2.87075371E-01  1.00000000E+00  5.96796732E-01 -1.87940152E+00  4.20181449E-01  1.06541925E+01  7.10708090E-01  6.32767192E-01
 -2.78462077E-01  1.00000000E+00  5.96078587E-01 -1.88066836E+00  4.20898542E-01  1.06652681E+01  7.10625097E-01  6.33477280E-01
 -2.69848783E-01  1.00000000E+00  5.95360441E-01 -1.88193629E+00  4.21580359E-01  1.06763552E+01  7.10542304E-01  6.34188094E-01
 -2.61752348E-01  1.00000000E+00  5.95216227E-01 -1.88344545E+00  4.21967511E-01  1.06882203E+01  7.10549090E-01  6.34942711E-01
 -2.53655913E-01  1.00000000E+00  5.95072012E-01 -1.88495604E+00  4.22539787E-01  1.07000986E+01  7.10556095E-01  6.35698157E-01
 -2.46045323E-01  1.00000000E+00  5.95179829E-01 -1.88473321E+00  4.23339373E-01  1.07153549E+01  7.09761561E-01  6.36719574E-01
 -2.38434732E-01  1.00000000E+00  5.95287647E-01 -1.88450950E+00  4.24124099E-01  1.07306361E+01  7.08967571E-01  6.37742542E-01
 -2.31280830E-01  1.00000000E+00  5.95949135E-01 -1.88549347E+00  4.24754503E-01  1.07452708E+01  7.08686184E-01  6.38691750E-01
 -2.24126928E-01  1.00000000E+00  5.96610624E-01 -1.88647817E+00  4.25536398E-01  1.07599263E+01  7.08404937E-01  6.39642270E-01
 -2.17402314E-01  1.00000000E+00  5.97650841E-01 -1.88900775E+00  4.26266764E-01  1.07769314E+01  7.08523616E-01  6.40716856E-01
 -2.10677699E-01  1.00000000E+00  5.98691059E-01 -1.89154097E+00  4.27044320E-01  1.07939632E+01  7.08642946E-01  6.41793110E-01
 -2.04351753E-01  1.00000000E+00  6.00118961E-01 -1.89290725E+00  4.28094481E-01  1.08168949E+01  7.08061764E-01  6.43289380E-01
 -1.98025807E-01  1.00000000E+00  6.01546863E-01 -1.89427514E+00  4.29124597E-01  1.08398775E+01  7.07481147E-01  6.44788858E-01
 -1.91837501E-01  1.00000000E+00  6.03425642E-01 -1.89629497E+00  4.30209281E-01  1.08636779E+01  7.07192172E-01  6.46321822E-01
 -1.85649194E-01  1.00000000E+00  6.05304420E-01 -1.89831774E+00  4.31315791E-01  1.08875320E+01  7.06903580E-01  6.47858173E-01
 -1.79460888E-01  1.00000000E+00  6.07663068E-01 -1.89886979E+00  4.32736612E-01  1.09205425E+01  7.05599313E-01  6.50041841E-01
 -1.73272582E-01  1.00000000E+00  6.10021716E-01 -1.89942066E+00  4.34254266E-01  1.09536628E+01  7.04296589E-01  6.52232395E-01
 -1.67084275E-01  1.00000000E+00  6.13287454E-01 -1.90314405E+00  4.35590371E-01  1.09826048E+01  7.04349687E-01  6.54070777E-01
 -1.60895969E-01  1.00000000E+00  6.16553192E-01 -1.90687591E+00  4.37054029E-01  1.10116234E+01  7.04404078E-01  6.55913958E-01
 -1.54707662E-01  1.00000000E+00  6.20431533E-01 -1.90870655E+00  4.39050195E-01  1.10551648E+01  7.03080125E-01  6.58769025E-01
 -1.48519356E-01  1.00000000E+00  6.24309875E-01 -1.91053969E+00  4.40966824E-01  1.10988893E+01  7.01758237E-01  6.61635614E-01
 -1.42331049E-01  1.00000000E+00  6.29488075E-01 -1.91816060E+00  4.43184916E-01  1.11495954E+01  7.02341927E-01  6.64825221E-01
 -1.36142743E-01  1.00000000E+00  6.34666276E-01 -1.92581354E+00  4.45356403E-01  1.12005330E+01  7.02930789E-01  6.68029229E-01
 -1.29954436E-01  1.00000000E+00  6.40952954E-01 -1.92616407E+00  4.46867859E-01  1.12429335E+01  7.01251678E-01  6.70834298E-01
 -1.23766130E-01  1.00000000E+00  6.47239631E-01 -1.92651076E+00  4.49070132E-01  1.12855119E+01  6.99574821E-01  6.73650542E-01
 -1.17577823E-01  1.00000000E+00  6.55251338E-01 -1.93212368E+00  4.51332617E-01  1.13382514E+01  6.99291341E-01  6.77024728E-01
 -1.11389517E-01  1.00000000E+00  6.63263045E-01 -1.93775745E+00  4.53815171E-01  1.13912399E+01  6.99010856E-01  6.80414574E-01
 -1.05201210E-01  1.00000000E+00  6.73480306E-01 -1.94472163E+00  4.57421523E-01  1.14660505E+01  6.98249301E-01  6.85223715E-01
 -9.90129037E-02  1.00000000E+00  6.83697567E-01 -1.95171985E+00  4.60754463E-01  1.15413612E+01  6.97492939E-01  6.90064342E-01
 -9.28245972E-02  1.00000000E+00  6.96719669E-01 -1.95711530E+00  4.64086993E-01  1.16125781E+01  6.96388134E-01  6.94666637E-01
 -8.66362908E-02  1.00000000E+00  7.09741771E-01 -1.96253235E+00  4.66666896E-01  1.16842475E+01  6.95287121E-01  6.99297480E-01
 -8.04479843E-02  1.00000000E+00  7.28066528E-01 -1.97030499E+00  4.67851212E-01  1.17205668E+01  6.97004570E-01  7.01499412E-01
 -7.42596778E-02  1.00000000E+00  7.46391285E-01 -1.97810474E+00  4.69343923E-01  1.17570007E+01  6.98728358E-01  7.03708239E-01
 -6.80713713E-02  1.00000000E+00  7.66422604E-01 -1.97471664E+00  4.71941170E-01  1.18075896E+01  6.95397658E-01  7.07139489E-01
 -6.18830648E-02  1.00000000E+00  7.86453924E-01 -1.97130972E+00  4.71113293E-01  1.18584495E+01  6.92076983E-01  7.10587340E-01
 -5.56947583E-02  1.00000000E+00  8.25348675E-01 -2.16454839E+00  4.65378446E-01  1.18279237E+01  7.62123400E-01  7.04187293E-01
 -4.95064519E-02  1.00000000E+00  8.64243425E-01 -2.36091019E+00  4.47659313E-01  1.18144437E+01  8.38901112E-01  6.98443619E-01
 -4.33181454E-02  1.00000000E+00  9.39927085E-01 -2.02885298E+00  3.82692755E-01  9.98467128E+00  8.17465259E-01  5.83367656E-01
 -3.71298389E-02  1.00000000E+00  1.01561074E+00 -1.74477466E+00  3.23151871E-01  8.43779575E+00  8.08068281E-01  4.85528112E-01
 -3.09415324E-02  1.00000000E+00  1.11013552E+00 -1.83269860E+00  2.21744718E-01  6.57521218E+00  1.03158518E+00  3.52776264E-01
 -2.47532259E-02  1.00000000E+00  1.20466029E+00 -1.92014678E+00  1.37188077E-01  5.21348959E+00  1.30307238E+00  2.48844731E-01
 -1.85649194E-02  1.00000000E+00  2.00922090E+00 -2.37200426E+00  2.66027662E-01  5.44283205E+00  1.56735945E+00  2.46620983E-01
 -1.23766130E-02  1.00000000E+00  2.81378151E+00 -2.86380790E+00  3.53541421E-01  5.76797738E+00  1.89267307E+00  2.46610274E-01
 -6.18830648E-03  1.00000000E+00  1.41569472E+00  1.99413495E+00  1.26805128E+00  4.94051123E+00  1.62933320E+00  2.10711329E-01
  0.00000000E+00  1.00000000E+00  1.76079395E-02  2.25768467E+01  8.58243941E+00  2.72713783E+01  1.89144686E+01  5.31803348E-01
