# curve 5 (die wall), step =      200, time =   8.00000000E+01
# N1 = tau_xx - tau_yy = G ( c_xx - c_yy ),  G =  6.3636E-02  (polymer part only)
#              x               y        pressure            c_xy        gammadot            c_xx            c_yy              N1
 -3.00000000E+00  1.00000000E+00  1.90950325E+00 -1.91667877E+00  4.46890554E-01  1.12137162E+01  6.98796343E-01  6.69131261E-01
 -2.97524677E+00  1.00000000E+00  1.89681704E+00 -1.91673106E+00  4.46916355E-01  1.12132446E+01  6.98834853E-01  6.69098800E-01
 -2.95049355E+00  1.00000000E+00  1.88413083E+00 -1.91678334E+00  4.46932715E-01  1.12127730E+01  6.98873363E-01  6.69066339E-01
 -2.92574032E+00  1.00000000E+00  1.87146820E+00 -1.91693465E+00  4.46927594E-01  1.12135989E+01  6.98898471E-01  6.69117301E-01
 -2.90098710E+00  1.00000000E+00  1.85880556E+00 -1.91708596E+00  4.46903255E-01  1.12144249E+01  6.98923581E-01  6.69168266E-01
 -2.87623387E+00  1.00000000E+00  1.84613985E+00 -1.91710284E+00  4.46879100E-01  1.12171314E+01  6.98834422E-01  6.69346169E-01
 -2.85148064E+00  1.00000000E+00  1.83347414E+00 -1.91711969E+00  4.46844041E-01  1.12198386E+01  6.98745266E-01  6.69524118E-01
 -2.82672742E+00  1.00000000E+00  1.82077339E+00 -1.91660684E+00  4.46870916E-01  1.12169420E+01  6.98687283E-01  6.69343480E-01
 -2.80197419E+00  1.00000000E+00  1.80807264E+00 -1.91609412E+00  4.46897961E-01  1.12140461E+01  6.98629326E-01  6.69162888E-01
 -2.77722097E+00  1.00000000E+00  1.79536738E+00 -1.91645869E+00  4.46921621E-01  1.12136696E+01  6.98744987E-01  6.69131563E-01
 -2.75246774E+00  1.00000000E+00  1.78266213E+00 -1.91682325E+00  4.46932741E-01  1.12132931E+01  6.98860670E-01  6.69100244E-01
 -2.72771451E+00  1.00000000E+00  1.77005413E+00 -1.91699902E+00  4.46912950E-01  1.12136612E+01  6.98921652E-01  6.69119788E-01
 -2.70296129E+00  1.00000000E+00  1.75744614E+00 -1.91717480E+00  4.46872318E-01  1.12140293E+01  6.98982639E-01  6.69139334E-01
 -2.67820806E+00  1.00000000E+00  1.74473190E+00 -1.91679915E+00  4.46862629E-01  1.12136077E+01  6.98859013E-01  6.69120370E-01
 -2.65345484E+00  1.00000000E+00  1.73201767E+00 -1.91642352E+00  4.46879489E-01  1.12131861E+01  6.98735410E-01  6.69101409E-01
 -2.62870161E+00  1.00000000E+00  1.71934473E+00 -1.91663931E+00  4.46895593E-01  1.12129392E+01  6.98811228E-01  6.69080869E-01
 -2.60394839E+00  1.00000000E+00  1.70667179E+00 -1.91685509E+00  4.46901219E-01  1.12126923E+01  6.98887055E-01  6.69060331E-01
 -2.57919516E+00  1.00000000E+00  1.69402420E+00 -1.91691183E+00  4.46904147E-01  1.12129142E+01  6.98912972E-01  6.69072808E-01
 -2.55444193E+00  1.00000000E+00  1.68137660E+00 -1.91696858E+00  4.46884546E-01  1.12131362E+01  6.98938890E-01  6.69085286E-01
 -2.52968871E+00  1.00000000E+00  1.66870524E+00 -1.91711201E+00  4.46856975E-01  1.12149795E+01  6.98930214E-01  6.69203134E-01
 -2.50493548E+00  1.00000000E+00  1.65603389E+00 -1.91725545E+00  4.46817580E-01  1.12168230E+01  6.98921537E-01  6.69321002E-01
 -2.48018226E+00  1.00000000E+00  1.64330315E+00 -1.91675175E+00  4.46857905E-01  1.12147160E+01  6.98818832E-01  6.69193459E-01
 -2.45542903E+00  1.00000000E+00  1.63057242E+00 -1.91624816E+00  4.46902873E-01  1.12126095E+01  6.98716154E-01  6.69065939E-01
 -2.43067580E+00  1.00000000E+00  1.61790034E+00 -1.91652518E+00  4.46936663E-01  1.12125952E+01  6.98795115E-01  6.69060006E-01
 -2.40592258E+00  1.00000000E+00  1.60522826E+00 -1.91680220E+00  4.46957681E-01  1.12125810E+01  6.98874087E-01  6.69054075E-01
 -2.38116935E+00  1.00000000E+00  1.59259544E+00 -1.91692332E+00  4.46937558E-01  1.12127602E+01  6.98926796E-01  6.69062127E-01
 -2.35641613E+00  1.00000000E+00  1.57996262E+00 -1.91704444E+00  4.46897931E-01  1.12129395E+01  6.98979509E-01  6.69070180E-01
 -2.33166290E+00  1.00000000E+00  1.56726045E+00 -1.91683818E+00  4.46894497E-01  1.12134945E+01  6.98883122E-01  6.69111632E-01
 -2.30690967E+00  1.00000000E+00  1.55455828E+00 -1.91663191E+00  4.46905174E-01  1.12140495E+01  6.98786746E-01  6.69153087E-01
 -2.28215645E+00  1.00000000E+00  1.54186132E+00 -1.91663665E+00  4.46923390E-01  1.12139641E+01  6.98777752E-01  6.69148219E-01
 -2.25740322E+00  1.00000000E+00  1.52916435E+00 -1.91664139E+00  4.46945369E-01  1.12138786E+01  6.98768758E-01  6.69143352E-01
 -2.23265000E+00  1.00000000E+00  1.51651582E+00 -1.91712755E+00  4.46929893E-01  1.12156673E+01  6.98884847E-01  6.69249791E-01
 -2.20789677E+00  1.00000000E+00  1.50386729E+00 -1.91761381E+00  4.46873396E-01  1.12174563E+01  6.99000965E-01  6.69356247E-01
 -2.18314354E+00  1.00000000E+00  1.49117146E+00 -1.91715296E+00  4.46869299E-01  1.12152465E+01  6.98922919E-01  6.69220590E-01
 -2.15839032E+00  1.00000000E+00  1.47847562E+00 -1.91669221E+00  4.46886558E-01  1.12130371E+01  6.98844894E-01  6.69084961E-01
 -2.13363709E+00  1.00000000E+00  1.46580461E+00 -1.91670850E+00  4.46913662E-01  1.12129239E+01  6.98846026E-01  6.69077685E-01
 -2.10888387E+00  1.00000000E+00  1.45313359E+00 -1.91672478E+00  4.46939386E-01  1.12128107E+01  6.98847158E-01  6.69070409E-01
 -2.08413064E+00  1.00000000E+00  1.44042535E+00 -1.91678129E+00  4.46958132E-01  1.12127368E+01  6.98863122E-01  6.69064691E-01
 -2.05937741E+00  1.00000000E+00  1.42771711E+00 -1.91683779E+00  4.46962262E-01  1.12126630E+01  6.98879086E-01  6.69058973E-01
 -2.03462419E+00  1.00000000E+00  1.41505924E+00 -1.91673615E+00  4.46955157E-01  1.12131484E+01  6.98838715E-01  6.69092435E-01
 -2.00987096E+00  1.00000000E+00  1.40240138E+00 -1.91663450E+00  4.46944988E-01  1.12136339E+01  6.98798346E-01  6.69125898E-01
 -1.98511774E+00  1.00000000E+00  1.38967840E+00 -1.91667283E+00  4.46949878E-01  1.12134281E+01  6.98811148E-01  6.69111989E-01
 -1.96036451E+00  1.00000000E+00  1.37695542E+00 -1.91671116E+00  4.46953789E-01  1.12132223E+01  6.98823950E-01  6.69098080E-01
 -1.93561128E+00  1.00000000E+00  1.36434532E+00 -1.91717319E+00  4.46922450E-01  1.12148266E+01  6.98936437E-01  6.69193011E-01
 -1.91085806E+00  1.00000000E+00  1.35173521E+00 -1.91763531E+00  4.46867125E-01  1.12164311E+01  6.99048950E-01  6.69287957E-01
 -1.88610483E+00  1.00000000E+00  1.33895821E+00 -1.91686947E+00  4.46855047E-01  1.12154409E+01  6.98811240E-01  6.69240071E-01
 -1.86135161E+00  1.00000000E+00  1.32618120E+00 -1.91610375E+00  4.46872446E-01  1.12144510E+01  6.98573623E-01  6.69192196E-01
 -1.83659838E+00  1.00000000E+00  1.31352114E+00 -1.91670061E+00  4.46901967E-01  1.12134096E+01  6.98823651E-01  6.69110017E-01
 -1.81184516E+00  1.00000000E+00  1.30086107E+00 -1.91729744E+00  4.46891775E-01  1.12123686E+01  6.99073758E-01  6.69027856E-01
 -1.78709193E+00  1.00000000E+00  1.28823571E+00 -1.91730826E+00  4.46822275E-01  1.12149179E+01  6.99003825E-01  6.69194535E-01
 -1.76233870E+00  1.00000000E+00  1.27561036E+00 -1.91731904E+00  4.46737967E-01  1.12174679E+01  6.98933891E-01  6.69361255E-01
 -1.73758548E+00  1.00000000E+00  1.26283071E+00 -1.91692336E+00  4.46738448E-01  1.12159586E+01  6.98848535E-01  6.69270639E-01
 -1.71283225E+00  1.00000000E+00  1.25005106E+00 -1.91652775E+00  4.46733410E-01  1.12144495E+01  6.98763196E-01  6.69180037E-01
 -1.68807903E+00  1.00000000E+00  1.23732818E+00 -1.91658753E+00  4.46712074E-01  1.12130079E+01  6.98830244E-01  6.69084033E-01
 -1.66332580E+00  1.00000000E+00  1.22460529E+00 -1.91664730E+00  4.46698663E-01  1.12115665E+01  6.98897295E-01  6.68988043E-01
 -1.63857257E+00  1.00000000E+00  1.21195807E+00 -1.91665345E+00  4.46684047E-01  1.12112566E+01  6.98921663E-01  6.68966768E-01
 -1.61381935E+00  1.00000000E+00  1.19931084E+00 -1.91665961E+00  4.46633129E-01  1.12109466E+01  6.98946033E-01  6.68945494E-01
 -1.58906612E+00  1.00000000E+00  1.18653889E+00 -1.91638607E+00  4.46576412E-01  1.12087217E+01  6.98928108E-01  6.68805046E-01
 -1.56431290E+00  1.00000000E+00  1.17376694E+00 -1.91611257E+00  4.46541073E-01  1.12064972E+01  6.98910188E-01  6.68664627E-01
 -1.53955967E+00  1.00000000E+00  1.16113207E+00 -1.91625554E+00  4.46485007E-01  1.12046588E+01  6.99035230E-01  6.68539680E-01
 -1.51480644E+00  1.00000000E+00  1.14849720E+00 -1.91639848E+00  4.46417346E-01  1.12028207E+01  6.99160285E-01  6.68414756E-01
 -1.49005322E+00  1.00000000E+00  1.13581731E+00 -1.91647343E+00  4.46323213E-01  1.12016548E+01  6.99260521E-01  6.68334180E-01
 -1.46529999E+00  1.00000000E+00  1.12313742E+00 -1.91654837E+00  4.46185549E-01  1.12004890E+01  6.99360770E-01  6.68253612E-01
 -1.44054677E+00  1.00000000E+00  1.11042294E+00 -1.91656993E+00  4.46037795E-01  1.12009315E+01  6.99386138E-01  6.68280159E-01
 -1.41579354E+00  1.00000000E+00  1.09770847E+00 -1.91659149E+00  4.45853380E-01  1.12013741E+01  6.99411508E-01  6.68306708E-01
 -1.39104031E+00  1.00000000E+00  1.08498499E+00 -1.91573959E+00  4.45732354E-01  1.11951590E+01  6.99368454E-01  6.67913942E-01
 -1.36628709E+00  1.00000000E+00  1.07226151E+00 -1.91488810E+00  4.45633938E-01  1.11889473E+01  6.99325463E-01  6.67521392E-01
 -1.34153386E+00  1.00000000E+00  1.05955471E+00 -1.91499169E+00  4.45497365E-01  1.11853078E+01  6.99492332E-01  6.67279164E-01
 -1.31678064E+00  1.00000000E+00  1.04684791E+00 -1.91509518E+00  4.45339890E-01  1.11816696E+01  6.99659219E-01  6.67037023E-01
 -1.29202741E+00  1.00000000E+00  1.03422782E+00 -1.91488999E+00  4.45130017E-01  1.11785784E+01  6.99733657E-01  6.66835572E-01
 -1.26727418E+00  1.00000000E+00  1.02160773E+00 -1.91468483E+00  4.44894326E-01  1.11754880E+01  6.99808108E-01  6.66634176E-01
 -1.24252096E+00  1.00000000E+00  1.00896214E+00 -1.91471410E+00  4.44650141E-01  1.11719914E+01  6.99983317E-01  6.66400513E-01
 -1.21776773E+00  1.00000000E+00  9.96316555E-01 -1.91474335E+00  4.44359776E-01  1.11684960E+01  7.00158555E-01  6.66166928E-01
 -1.19301451E+00  1.00000000E+00  9.83646523E-01 -1.91375766E+00  4.44085398E-01  1.11597650E+01  7.00188068E-01  6.65609444E-01
 -1.16826128E+00  1.00000000E+00  9.70976490E-01 -1.91277260E+00  4.43831845E-01  1.11510410E+01  7.00217673E-01  6.65052391E-01
 -1.14350806E+00  1.00000000E+00  9.58399754E-01 -1.91251393E+00  4.43501055E-01  1.11449899E+01  7.00382269E-01  6.64656852E-01
 -1.11875483E+00  1.00000000E+00  9.45823017E-01 -1.91225529E+00  4.43141870E-01  1.11389424E+01  7.00546893E-01  6.64261532E-01
 -1.09400160E+00  1.00000000E+00  9.33240356E-01 -1.91179916E+00  4.42771400E-01  1.11306684E+01  7.00744096E-01  6.63722458E-01
 -1.06924838E+00  1.00000000E+00  9.20657695E-01 -1.91134319E+00  4.42391021E-01  1.11224009E+01  7.00941353E-01  6.63183791E-01
 -1.04449515E+00  1.00000000E+00  9.08181037E-01 -1.91084721E+00  4.41942324E-01  1.11123242E+01  7.01204966E-01  6.62525767E-01
 -1.01974193E+00  1.00000000E+00  8.95704379E-01 -1.91035141E+00  4.41462046E-01  1.11022570E+01  7.01468666E-01  6.61868351E-01
 -9.94988700E-01  1.00000000E+00  8.83298958E-01 -1.90940337E+00  4.40906105E-01  1.10910451E+01  7.01646791E-01  6.61143526E-01
 -9.70235474E-01  1.00000000E+00  8.70893537E-01 -1.90845602E+00  4.40354685E-01  1.10798447E+01  7.01825055E-01  6.60419430E-01
 -9.45482248E-01  1.00000000E+00  8.58495707E-01 -1.90777677E+00  4.39761536E-01  1.10674418E+01  7.02124974E-01  6.59611068E-01
 -9.20729022E-01  1.00000000E+00  8.46097878E-01 -1.90709788E+00  4.39163615E-01  1.10550534E+01  7.02425017E-01  6.58803626E-01
 -8.95975796E-01  1.00000000E+00  8.33924024E-01 -1.90618710E+00  4.38480784E-01  1.10390173E+01  7.02804583E-01  6.57758989E-01
 -8.71222570E-01  1.00000000E+00  8.21750170E-01 -1.90527697E+00  4.37770968E-01  1.10230055E+01  7.03184358E-01  6.56715890E-01
 -8.46469344E-01  1.00000000E+00  8.09701644E-01 -1.90438041E+00  4.36935542E-01  1.10075363E+01  7.03588804E-01  6.55705752E-01
 -8.21716118E-01  1.00000000E+00  7.97653118E-01 -1.90348457E+00  4.36066108E-01  1.09920899E+01  7.03993529E-01  6.54697041E-01
 -7.97201467E-01  1.00000000E+00  7.85800533E-01 -1.90231344E+00  4.35291993E-01  1.09744829E+01  7.04353442E-01  6.53553693E-01
 -7.72686817E-01  1.00000000E+00  7.73947949E-01 -1.90114340E+00  4.34476469E-01  1.09569052E+01  7.04713608E-01  6.52412194E-01
 -7.49503432E-01  1.00000000E+00  7.63056570E-01 -1.90045628E+00  4.33610735E-01  1.09398567E+01  7.05235388E-01  6.51294081E-01
 -7.26320047E-01  1.00000000E+00  7.52165191E-01 -1.89976946E+00  4.32727323E-01  1.09228364E+01  7.05757468E-01  6.50177748E-01
 -7.04527831E-01  1.00000000E+00  7.42147282E-01 -1.89819420E+00  4.31772665E-01  1.09029635E+01  7.06122827E-01  6.48889861E-01
 -6.82735615E-01  1.00000000E+00  7.32129373E-01 -1.89662093E+00  4.30853728E-01  1.08831278E+01  7.06488627E-01  6.47604311E-01
 -6.62251087E-01  1.00000000E+00  7.22787318E-01 -1.89506739E+00  4.30108166E-01  1.08664280E+01  7.06666271E-01  6.46530290E-01
 -6.41766559E-01  1.00000000E+00  7.13445264E-01 -1.89351559E+00  4.29357187E-01  1.08497543E+01  7.06844167E-01  6.45457916E-01
 -6.22511254E-01  1.00000000E+00  7.05063567E-01 -1.89232679E+00  4.28523539E-01  1.08316851E+01  7.07233663E-01  6.44283272E-01
 -6.03255949E-01  1.00000000E+00  6.96681870E-01 -1.89113913E+00  4.27709903E-01  1.08136472E+01  7.07623446E-01  6.43110601E-01
 -5.85156097E-01  1.00000000E+00  6.89043540E-01 -1.88955948E+00  4.26885107E-01  1.07941393E+01  7.07931025E-01  6.41849619E-01
 -5.67056245E-01  1.00000000E+00  6.81405210E-01 -1.88798173E+00  4.26102909E-01  1.07746677E+01  7.08238936E-01  6.40590919E-01
 -5.50042515E-01  1.00000000E+00  6.74421950E-01 -1.88710741E+00  4.25456389E-01  1.07607213E+01  7.08544827E-01  6.39683960E-01
 -5.33028786E-01  1.00000000E+00  6.67438690E-01 -1.88623369E+00  4.24749732E-01  1.07467939E+01  7.08850870E-01  6.38778190E-01
 -5.17036006E-01  1.00000000E+00  6.61351865E-01 -1.88672403E+00  4.24011297E-01  1.07340824E+01  7.09658362E-01  6.37917892E-01
 -5.01043227E-01  1.00000000E+00  6.55265041E-01 -1.88721358E+00  4.23201920E-01  1.07213887E+01  7.10466461E-01  6.37058690E-01
 -4.86010125E-01  1.00000000E+00  6.49574193E-01 -1.88487708E+00  4.22508093E-01  1.07053938E+01  7.10346916E-01  6.36048441E-01
 -4.70977023E-01  1.00000000E+00  6.43883345E-01 -1.88254372E+00  4.22027891E-01  1.06894228E+01  7.10227896E-01  6.35039677E-01
 -4.56846016E-01  1.00000000E+00  6.39075241E-01 -1.88248861E+00  4.21436569E-01  1.06800394E+01  7.10601498E-01  6.34418778E-01
 -4.42715008E-01  1.00000000E+00  6.34267137E-01 -1.88243324E+00  4.20973504E-01  1.06706653E+01  7.10975192E-01  6.33798458E-01
 -4.29431964E-01  1.00000000E+00  6.29934340E-01 -1.88240491E+00  4.20681949E-01  1.06650180E+01  7.11275992E-01  6.33419948E-01
 -4.16148920E-01  1.00000000E+00  6.25601543E-01 -1.88237656E+00  4.20378811E-01  1.06593741E+01  7.11576895E-01  6.33041642E-01
 -4.03662954E-01  1.00000000E+00  6.21910792E-01 -1.88075329E+00  4.19870408E-01  1.06506106E+01  7.11390977E-01  6.32495796E-01
 -3.91176988E-01  1.00000000E+00  6.18220040E-01 -1.87913133E+00  4.19627086E-01  1.06418544E+01  7.11205332E-01  6.31950393E-01
 -3.79440270E-01  1.00000000E+00  6.15005489E-01 -1.87937091E+00  4.19459413E-01  1.06377541E+01  7.11450516E-01  6.31673862E-01
 -3.67703552E-01  1.00000000E+00  6.11790938E-01 -1.87961034E+00  4.19375711E-01  1.06336557E+01  7.11695745E-01  6.31397452E-01
 -3.56671122E-01  1.00000000E+00  6.09184679E-01 -1.88001992E+00  4.19502677E-01  1.06347494E+01  7.11773625E-01  6.31462093E-01
 -3.45638692E-01  1.00000000E+00  6.06578420E-01 -1.88042956E+00  4.19505333E-01  1.06358432E+01  7.11851527E-01  6.31526742E-01
 -3.35268287E-01  1.00000000E+00  6.04544078E-01 -1.88006822E+00  4.19217340E-01  1.06340901E+01  7.11826688E-01  6.31416763E-01
 -3.24897882E-01  1.00000000E+00  6.02509735E-01 -1.87970695E+00  4.19242556E-01  1.06323373E+01  7.11801867E-01  6.31306802E-01
 -3.15149775E-01  1.00000000E+00  6.00869340E-01 -1.88054175E+00  4.19427031E-01  1.06366250E+01  7.11961470E-01  6.31569499E-01
 -3.05401669E-01  1.00000000E+00  5.99228944E-01 -1.88137689E+00  4.19614685E-01  1.06409145E+01  7.12121143E-01  6.31832301E-01
 -2.96238520E-01  1.00000000E+00  5.98012952E-01 -1.88039742E+00  4.19719389E-01  1.06476590E+01  7.11412213E-01  6.32306612E-01
 -2.87075371E-01  1.00000000E+00  5.96796959E-01 -1.87941744E+00  4.20184148E-01  1.06544097E+01  7.10703792E-01  6.32781284E-01
 -2.78462077E-01  1.00000000E+00  5.96078682E-01 -1.88068326E+00  4.20901278E-01  1.06654838E+01  7.10620508E-01  6.33491298E-01
 -2.69848783E-01  1.00000000E+00  5.95360405E-01 -1.88195017E+00  4.21583186E-01  1.06765694E+01  7.10537423E-01  6.34202038E-01
 -2.61752348E-01  1.00000000E+00  5.95216140E-01 -1.88345941E+00  4.21970385E-01  1.06884333E+01  7.10544288E-01  6.34956572E-01
 -2.53655913E-01  1.00000000E+00  5.95071874E-01 -1.88497007E+00  4.22542676E-01  1.07003104E+01  7.10551371E-01  6.35711936E-01
 -2.46045323E-01  1.00000000E+00  5.95179689E-01 -1.88474752E+00  4.23342261E-01  1.07155681E+01  7.09756939E-01  6.36733435E-01
 -2.38434732E-01  1.00000000E+00  5.95287505E-01 -1.88452410E+00  4.24126956E-01  1.07308507E+01  7.08963052E-01  6.37756487E-01
 -2.31280830E-01  1.00000000E+00  5.95949038E-01 -1.88550740E+00  4.24757304E-01  1.07454850E+01  7.08681577E-01  6.38705675E-01
 -2.24126928E-01  1.00000000E+00  5.96610570E-01 -1.88649143E+00  4.25539149E-01  1.07601401E+01  7.08400240E-01  6.39656176E-01
 -2.17402314E-01  1.00000000E+00  5.97650758E-01 -1.88901978E+00  4.26269458E-01  1.07771408E+01  7.08518804E-01  6.40730494E-01
 -2.10677699E-01  1.00000000E+00  5.98690946E-01 -1.89155177E+00  4.27046989E-01  1.07941684E+01  7.08638018E-01  6.41806478E-01
 -2.04351753E-01  1.00000000E+00  6.00118853E-01 -1.89291742E+00  4.28097131E-01  1.08170969E+01  7.08056847E-01  6.43302551E-01
 -1.98025807E-01  1.00000000E+00  6.01546759E-01 -1.89428469E+00  4.29127216E-01  1.08400764E+01  7.07476238E-01  6.44801830E-01
 -1.91837501E-01  1.00000000E+00  6.03425542E-01 -1.89630357E+00  4.30211858E-01  1.08638725E+01  7.07187186E-01  6.46334518E-01
 -1.85649194E-01  1.00000000E+00  6.05304325E-01 -1.89832540E+00  4.31318332E-01  1.08877221E+01  7.06898517E-01  6.47870592E-01
 -1.79460888E-01  1.00000000E+00  6.07662975E-01 -1.89887668E+00  4.32739117E-01  1.09207288E+01  7.05594248E-01  6.50054019E-01
 -1.73272582E-01  1.00000000E+00  6.10021625E-01 -1.89942678E+00  4.34256724E-01  1.09538453E+01  7.04291523E-01  6.52244330E-01
 -1.67084275E-01  1.00000000E+00  6.13287383E-01 -1.90314936E+00  4.35592767E-01  1.09827823E+01  7.04344677E-01  6.54082392E-01
 -1.60895969E-01  1.00000000E+00  6.16553141E-01 -1.90688041E+00  4.37056364E-01  1.10117959E+01  7.04399124E-01  6.55925250E-01
 -1.54707662E-01  1.00000000E+00  6.20431545E-01 -1.90871012E+00  4.39052467E-01  1.10553324E+01  7.03075203E-01  6.58780003E-01
 -1.48519356E-01  1.00000000E+00  6.24309949E-01 -1.91054231E+00  4.40969022E-01  1.10990519E+01  7.01753345E-01  6.61646275E-01
 -1.42331049E-01  1.00000000E+00  6.29488175E-01 -1.91816189E+00  4.43187036E-01  1.11497504E+01  7.02336913E-01  6.64835405E-01
 -1.36142743E-01  1.00000000E+00  6.34666401E-01 -1.92581350E+00  4.45358484E-01  1.12006803E+01  7.02925651E-01  6.68038931E-01
 -1.29954436E-01  1.00000000E+00  6.40953117E-01 -1.92616244E+00  4.46869890E-01  1.12430726E+01  7.01246513E-01  6.70843480E-01
 -1.23766130E-01  1.00000000E+00  6.47239833E-01 -1.92650754E+00  4.49072134E-01  1.12856428E+01  6.99569630E-01  6.73659200E-01
 -1.17577823E-01  1.00000000E+00  6.55251583E-01 -1.93211956E+00  4.51334601E-01  1.13383762E+01  6.99286226E-01  6.77032998E-01
 -1.11389517E-01  1.00000000E+00  6.63263334E-01 -1.93775242E+00  4.53817120E-01  1.13913586E+01  6.99005816E-01  6.80422451E-01
 -1.05201210E-01  1.00000000E+00  6.73480665E-01 -1.94471614E+00  4.57423460E-01  1.14661643E+01  6.98244427E-01  6.85231268E-01
 -9.90129037E-02  1.00000000E+00  6.83697997E-01 -1.95171388E+00  4.60756373E-01  1.15414700E+01  6.97488230E-01  6.90071566E-01
 -9.28245972E-02  1.00000000E+00  6.96720267E-01 -1.95710841E+00  4.64088916E-01  1.16126837E+01  6.96383401E-01  6.94673653E-01
 -8.66362908E-02  1.00000000E+00  7.09742537E-01 -1.96252452E+00  4.66668846E-01  1.16843497E+01  6.95282362E-01  6.99304285E-01
 -8.04479843E-02  1.00000000E+00  7.28067389E-01 -1.97029675E+00  4.67853327E-01  1.17206675E+01  6.96999703E-01  7.01506131E-01
 -7.42596778E-02  1.00000000E+00  7.46392240E-01 -1.97809608E+00  4.69346244E-01  1.17570999E+01  6.98723381E-01  7.03714870E-01
 -6.80713713E-02  1.00000000E+00  7.66424222E-01 -1.97470322E+00  4.71943947E-01  1.18076835E+01  6.95391453E-01  7.07145860E-01
 -6.18830648E-02  1.00000000E+00  7.86456203E-01 -1.97129152E+00  4.71116805E-01  1.18585381E+01  6.92069558E-01  7.10593450E-01
 -5.56947583E-02  1.00000000E+00  8.25351622E-01 -2.16448938E+00  4.65383616E-01  1.18280020E+01  7.62099981E-01  7.04193767E-01
 -4.95064519E-02  1.00000000E+00  8.64247041E-01 -2.36080862E+00  4.47668502E-01  1.18145050E+01  8.38858804E-01  6.98450213E-01
 -4.33181454E-02  1.00000000E+00  9.39922129E-01 -2.02867003E+00  3.82711381E-01  9.98466591E+00  8.17392163E-01  5.83371965E-01
 -3.71298389E-02  1.00000000E+00  1.01559722E+00 -1.74452684E+00  3.23179510E-01  8.43774332E+00  8.07969392E-01  4.85531068E-01
 -3.09415324E-02  1.00000000E+00  1.11011212E+00 -1.83246466E+00  2.21779838E-01  6.57539562E+00  1.03142944E+00  3.52797848E-01
 -2.47532259E-02  1.00000000E+00  1.20462702E+00 -1.91991395E+00  1.37206950E-01  5.21377777E+00  1.30283865E+00  2.48877944E-01
 -1.85649194E-02  1.00000000E+00  2.00920714E+00 -2.37203141E+00  2.66016071E-01  5.44329318E+00  1.56727781E+00  2.46655523E-01
 -1.23766130E-02  1.00000000E+00  2.81378727E+00 -2.86415716E+00  3.53539718E-01  5.76871921E+00  1.89281723E+00  2.46648308E-01
 -6.18830648E-03  1.00000000E+00  1.41570266E+00  1.99415905E+00  1.26806617E+00  4.94081438E+00  1.62929057E+00  2.10733333E-01
  0.00000000E+00  1.00000000E+00  1.76180487E-02  2.25775636E+01  8.58232885E+00  2.72725495E+01  1.89148444E+01  5.31853960E-01
