# model=oldroyd  theta_MLE: lambda=4.08328, beta=0.152632, eta_0=0.845726
# delta(x) = y_clean(x) - y_model(x; theta_MLE)   (x from curve4_x.txt)
# columns: x  delta
5.000000000000000000e+00 -3.168602276324428146e-03
4.950333040000000295e+00 -3.168557580506714544e-03
4.900666089999999642e+00 -3.168162731918000574e-03
4.850999129999999937e+00 -3.167476166926253001e-03
4.801332180000000172e+00 -3.166653484192538670e-03
4.751665219999999579e+00 -3.165794176860137199e-03
4.701998269999999813e+00 -3.164946118258793462e-03
4.652331310000000109e+00 -3.164147966526753564e-03
4.602664360000000343e+00 -3.163350290928956809e-03
4.552997399999999750e+00 -3.162551531322277398e-03
4.503330449999999985e+00 -3.161717421150012086e-03
4.453663490000000280e+00 -3.160786649436753137e-03
4.403996539999999627e+00 -3.159707538511247193e-03
4.354329579999999922e+00 -3.158433629365742235e-03
4.304662630000000156e+00 -3.156904426068196656e-03
4.254995669999999564e+00 -3.155018037852119761e-03
4.205328709999999859e+00 -3.152743572644833847e-03
4.155661760000000093e+00 -3.149954288477418984e-03
4.105994800000000389e+00 -3.146551664343633092e-03
4.056327849999999735e+00 -3.142462822694591651e-03
4.006660890000000030e+00 -3.137526868722595452e-03
3.956993939999999821e+00 -3.131627369532097305e-03
3.907326980000000116e+00 -3.124629441090487347e-03
3.857660029999999907e+00 -3.116375867358023299e-03
3.807993070000000202e+00 -3.106647398110062852e-03
3.758326119999999992e+00 -3.095267104225252197e-03
3.708659159999999844e+00 -3.081982138992467313e-03
3.658992210000000078e+00 -3.066619695694994263e-03
3.609325249999999929e+00 -3.048917982291898809e-03
3.559658300000000164e+00 -3.028594117247651596e-03
3.509991340000000015e+00 -3.005409390453905871e-03
3.460324389999999806e+00 -2.978852686694732910e-03
3.410657430000000101e+00 -2.948655394655830264e-03
3.360990469999999952e+00 -2.914413908083890448e-03
3.311323520000000187e+00 -2.875723137075958391e-03
3.261656560000000038e+00 -2.832087466028809786e-03
3.211989609999999828e+00 -2.783075785169231153e-03
3.162322650000000124e+00 -2.727893661098601541e-03
3.112655699999999914e+00 -2.666355134577136354e-03
3.062988740000000210e+00 -2.597811514723824544e-03
3.013321790000000000e+00 -2.521596275730120240e-03
2.963654829999999851e+00 -2.437302746383540608e-03
2.913987880000000086e+00 -2.343701681480458987e-03
2.864320919999999937e+00 -2.240444326723878277e-03
2.814653970000000172e+00 -2.126815407209159403e-03
2.764987010000000023e+00 -2.002033778023326605e-03
2.715320059999999813e+00 -1.865099120834656787e-03
2.665653100000000109e+00 -1.715391063181970210e-03
2.615986139999999960e+00 -1.551569524415263857e-03
2.566319190000000194e+00 -1.373953705531061331e-03
2.516652230000000046e+00 -1.181801987559127909e-03
2.466985279999999836e+00 -9.745866266925862220e-04
2.417318320000000131e+00 -7.520763802453256375e-04
2.367651369999999922e+00 -5.122972710138729013e-04
2.317984410000000217e+00 -2.546297446410772380e-04
2.268317460000000008e+00 2.005354222811561726e-05
2.218650499999999859e+00 3.115087690299667145e-04
2.168983550000000093e+00 6.205157535112970635e-04
2.119316589999999945e+00 9.475581980085134859e-04
2.069649640000000179e+00 1.291516494106748070e-03
2.019982680000000030e+00 1.650882327656644222e-03
1.970315730000000043e+00 2.025623292180478430e-03
1.920648769999999894e+00 2.412777031699286923e-03
1.870981809999999967e+00 2.817637558223173855e-03
1.821314859999999980e+00 3.230857970861755746e-03
1.771647900000000053e+00 3.652453982251113729e-03
1.721980950000000066e+00 4.082529917499355676e-03
1.672313989999999917e+00 4.515255440527221609e-03
1.622647039999999929e+00 4.949196890103424451e-03
1.572980080000000003e+00 5.381461489606609305e-03
1.523313130000000015e+00 5.798149748791781022e-03
1.473646170000000089e+00 6.203892685938239282e-03
1.423979220000000101e+00 6.596558994961032596e-03
1.374312259999999952e+00 6.960999606092643788e-03
1.324645309999999965e+00 7.309992690197164578e-03
1.274978350000000038e+00 7.617840683767695964e-03
1.225311400000000051e+00 7.882734302423699546e-03
1.175644439999999902e+00 8.114178922180359521e-03
1.125977479999999975e+00 8.299841116618189574e-03
1.076310529999999988e+00 8.412825611688656835e-03
1.026643570000000061e+00 8.445492488839967393e-03
9.769766189999999906e-01 8.429224868238938129e-03
9.273096640000000335e-01 8.311304645032491223e-03
8.776427079999999936e-01 8.115396232048599501e-03
8.279757530000000365e-01 7.834142632200169487e-03
7.786002389999999718e-01 7.461940504607245117e-03
7.317317880000000496e-01 7.006292659229362840e-03
6.876846269999999928e-01 6.478899139564564535e-03
6.462889219999999879e-01 5.915191802830177537e-03
6.073850619999999756e-01 5.288326492864925399e-03
5.708230460000000006e-01 4.674036162946260120e-03
5.364619149999999559e-01 4.037901773048080400e-03
5.041691750000000249e-01 3.378946077252198421e-03
4.738203240000000149e-01 2.734108494606646289e-03
4.452983460000000115e-01 2.107718234417577108e-03
4.184932690000000011e-01 1.468524982660479594e-03
3.933017460000000076e-01 8.190039908337887198e-04
3.696266380000000074e-01 2.433559171863830528e-04
3.473766770000000226e-01 -2.822285570114324571e-04
3.264660690000000254e-01 -8.996579952560423976e-04
3.068141939999999845e-01 -1.373062652258338900e-03
2.883452770000000109e-01 -1.809550955901295666e-03
2.709881089999999770e-01 -2.307246207178481612e-03
2.546757709999999952e-01 -2.693319277393912969e-03
2.393453670000000033e-01 -2.975985293388827557e-03
2.249377889999999991e-01 -3.427976319401171423e-03
2.113974849999999961e-01 -3.695005886533708761e-03
1.986678209999999944e-01 -3.927414284387031884e-03
1.862510820000000122e-01 -4.201550713923696279e-03
1.738343440000000018e-01 -4.459160036677012329e-03
1.614176049999999918e-01 -4.692487264604139341e-03
1.490008660000000096e-01 -4.826685532718810734e-03
1.365841269999999996e-01 -4.945282871825495974e-03
1.241673880000000035e-01 -5.188955916869408824e-03
1.117506489999999936e-01 -5.324023492282448089e-03
9.933391060000000550e-02 -5.328565969051179962e-03
8.691717179999999821e-02 -5.290171037995117231e-03
7.450043300000000479e-02 -5.339002089205457935e-03
6.208369419999999750e-02 -5.184282081558189148e-03
4.966695530000000275e-02 -4.805023125269203277e-03
3.725021650000000240e-02 -4.442817014000732811e-03
2.483347769999999857e-02 -3.678846783123468356e-03
1.241673880000000035e-02 -2.578047505700009623e-03
0.000000000000000000e+00 0.000000000000000000e+00
