# curve 5 (die wall), step =        1, time =   2.00000000E-01
# N1 = tau_xx - tau_yy = G ( c_xx - c_yy ),  G =  3.0333E+00  (polymer part only)
#              x               y        pressure            c_xy        gammadot            c_xx            c_yy              N1
 -3.00000000E+00  1.00000000E+00  1.16525684E+00  0.00000000E+00  3.99992928E-01  1.00000000E+00  1.00000000E+00  0.00000000E+00
 -2.95108291E+00  1.00000000E+00  1.14749643E+00  0.00000000E+00  3.99995570E-01  1.00000000E+00  1.00000000E+00  0.00000000E+00
 -2.90216582E+00  1.00000000E+00  1.12973603E+00  0.00000000E+00  3.99998362E-01  1.00000000E+00  1.00000000E+00  0.00000000E+00
 -2.85324873E+00  1.00000000E+00  1.11196746E+00  0.00000000E+00  3.99999656E-01  1.00000000E+00  1.00000000E+00  0.00000000E+00
 -2.80433164E+00  1.00000000E+00  1.09419890E+00  0.00000000E+00  4.00000002E-01  1.00000000E+00  1.00000000E+00  0.00000000E+00
 -2.75541455E+00  1.00000000E+00  1.07643260E+00  0.00000000E+00  4.00000044E-01  1.00000000E+00  1.00000000E+00  0.00000000E+00
 -2.70649746E+00  1.00000000E+00  1.05866631E+00  0.00000000E+00  4.00000036E-01  1.00000000E+00  1.00000000E+00  0.00000000E+00
 -2.65758037E+00  1.00000000E+00  1.04089939E+00  0.00000000E+00  3.99999902E-01  1.00000000E+00  1.00000000E+00  0.00000000E+00
 -2.60866328E+00  1.00000000E+00  1.02313247E+00  0.00000000E+00  3.99999697E-01  1.00000000E+00  1.00000000E+00  0.00000000E+00
 -2.55974619E+00  1.00000000E+00  1.00536575E+00  0.00000000E+00  3.99999424E-01  1.00000000E+00  1.00000000E+00  0.00000000E+00
 -2.51082911E+00  1.00000000E+00  9.87599033E-01  0.00000000E+00  3.99999123E-01  1.00000000E+00  1.00000000E+00  0.00000000E+00
 -2.46191202E+00  1.00000000E+00  9.69832257E-01  0.00000000E+00  3.99998730E-01  1.00000000E+00  1.00000000E+00  0.00000000E+00
 -2.41299493E+00  1.00000000E+00  9.52065480E-01  0.00000000E+00  3.99998298E-01  1.00000000E+00  1.00000000E+00  0.00000000E+00
 -2.36407784E+00  1.00000000E+00  9.34298783E-01  0.00000000E+00  3.99997674E-01  1.00000000E+00  1.00000000E+00  0.00000000E+00
 -2.31516075E+00  1.00000000E+00  9.16532085E-01  0.00000000E+00  3.99996962E-01  1.00000000E+00  1.00000000E+00  0.00000000E+00
 -2.26624366E+00  1.00000000E+00  8.98765461E-01  0.00000000E+00  3.99995962E-01  1.00000000E+00  1.00000000E+00  0.00000000E+00
 -2.21732657E+00  1.00000000E+00  8.80998836E-01  0.00000000E+00  3.99994809E-01  1.00000000E+00  1.00000000E+00  0.00000000E+00
 -2.16840948E+00  1.00000000E+00  8.63232193E-01  0.00000000E+00  3.99993278E-01  1.00000000E+00  1.00000000E+00  0.00000000E+00
 -2.11949239E+00  1.00000000E+00  8.45465550E-01  0.00000000E+00  3.99991556E-01  1.00000000E+00  1.00000000E+00  0.00000000E+00
 -2.07057530E+00  1.00000000E+00  8.27699452E-01  0.00000000E+00  3.99989071E-01  1.00000000E+00  1.00000000E+00  0.00000000E+00
 -2.02165821E+00  1.00000000E+00  8.09933354E-01  0.00000000E+00  3.99986295E-01  1.00000000E+00  1.00000000E+00  0.00000000E+00
 -1.97274112E+00  1.00000000E+00  7.92167283E-01  0.00000000E+00  3.99983062E-01  1.00000000E+00  1.00000000E+00  0.00000000E+00
 -1.92382403E+00  1.00000000E+00  7.74401213E-01  0.00000000E+00  3.99979195E-01  1.00000000E+00  1.00000000E+00  0.00000000E+00
 -1.87490694E+00  1.00000000E+00  7.56636199E-01  0.00000000E+00  3.99974089E-01  1.00000000E+00  1.00000000E+00  0.00000000E+00
 -1.82598985E+00  1.00000000E+00  7.38871186E-01  0.00000000E+00  3.99968355E-01  1.00000000E+00  1.00000000E+00  0.00000000E+00
 -1.77707276E+00  1.00000000E+00  7.21107658E-01  0.00000000E+00  3.99961067E-01  1.00000000E+00  1.00000000E+00  0.00000000E+00
 -1.72815567E+00  1.00000000E+00  7.03344130E-01  0.00000000E+00  3.99952302E-01  1.00000000E+00  1.00000000E+00  0.00000000E+00
 -1.67923858E+00  1.00000000E+00  6.85583181E-01  0.00000000E+00  3.99941024E-01  1.00000000E+00  1.00000000E+00  0.00000000E+00
 -1.63032150E+00  1.00000000E+00  6.67822233E-01  0.00000000E+00  3.99929053E-01  1.00000000E+00  1.00000000E+00  0.00000000E+00
 -1.58140441E+00  1.00000000E+00  6.50063340E-01  0.00000000E+00  3.99914960E-01  1.00000000E+00  1.00000000E+00  0.00000000E+00
 -1.53248732E+00  1.00000000E+00  6.32304447E-01  0.00000000E+00  3.99900648E-01  1.00000000E+00  1.00000000E+00  0.00000000E+00
 -1.48357023E+00  1.00000000E+00  6.14553358E-01  0.00000000E+00  3.99883807E-01  1.00000000E+00  1.00000000E+00  0.00000000E+00
 -1.43465314E+00  1.00000000E+00  5.96802269E-01  0.00000000E+00  3.99863839E-01  1.00000000E+00  1.00000000E+00  0.00000000E+00
 -1.38573605E+00  1.00000000E+00  5.79061762E-01  0.00000000E+00  3.99838953E-01  1.00000000E+00  1.00000000E+00  0.00000000E+00
 -1.33681896E+00  1.00000000E+00  5.61321254E-01  0.00000000E+00  3.99816061E-01  1.00000000E+00  1.00000000E+00  0.00000000E+00
 -1.28790187E+00  1.00000000E+00  5.43592099E-01  0.00000000E+00  3.99793577E-01  1.00000000E+00  1.00000000E+00  0.00000000E+00
 -1.23898478E+00  1.00000000E+00  5.25862944E-01  0.00000000E+00  3.99770928E-01  1.00000000E+00  1.00000000E+00  0.00000000E+00
 -1.19006769E+00  1.00000000E+00  5.08156103E-01  0.00000000E+00  3.99750621E-01  1.00000000E+00  1.00000000E+00  0.00000000E+00
 -1.14115060E+00  1.00000000E+00  4.90449261E-01  0.00000000E+00  3.99730638E-01  1.00000000E+00  1.00000000E+00  0.00000000E+00
 -1.09223351E+00  1.00000000E+00  4.72785094E-01  0.00000000E+00  3.99732334E-01  1.00000000E+00  1.00000000E+00  0.00000000E+00
 -1.04331642E+00  1.00000000E+00  4.55120928E-01  0.00000000E+00  3.99739552E-01  1.00000000E+00  1.00000000E+00  0.00000000E+00
 -9.94399333E-01  1.00000000E+00  4.37491320E-01  0.00000000E+00  3.99772556E-01  1.00000000E+00  1.00000000E+00  0.00000000E+00
 -9.45482243E-01  1.00000000E+00  4.19861712E-01  0.00000000E+00  3.99821170E-01  1.00000000E+00  1.00000000E+00  0.00000000E+00
 -8.96565154E-01  1.00000000E+00  4.02306183E-01  0.00000000E+00  3.99946586E-01  1.00000000E+00  1.00000000E+00  0.00000000E+00
 -8.47648064E-01  1.00000000E+00  3.84750654E-01  0.00000000E+00  4.00098901E-01  1.00000000E+00  1.00000000E+00  0.00000000E+00
 -7.99501858E-01  1.00000000E+00  3.67587768E-01  0.00000000E+00  4.00371600E-01  1.00000000E+00  1.00000000E+00  0.00000000E+00
 -7.51355652E-01  1.00000000E+00  3.50424882E-01  0.00000000E+00  4.00705512E-01  1.00000000E+00  1.00000000E+00  0.00000000E+00
 -7.08111109E-01  1.00000000E+00  3.35127005E-01  0.00000000E+00  4.01175353E-01  1.00000000E+00  1.00000000E+00  0.00000000E+00
 -6.64866566E-01  1.00000000E+00  3.19829128E-01  0.00000000E+00  4.01788724E-01  1.00000000E+00  1.00000000E+00  0.00000000E+00
 -6.26599939E-01  1.00000000E+00  3.06361550E-01  0.00000000E+00  4.02605574E-01  1.00000000E+00  1.00000000E+00  0.00000000E+00
 -5.88333313E-01  1.00000000E+00  2.92893971E-01  0.00000000E+00  4.03540226E-01  1.00000000E+00  1.00000000E+00  0.00000000E+00
 -5.54471587E-01  1.00000000E+00  2.81248997E-01  0.00000000E+00  4.04765247E-01  1.00000000E+00  1.00000000E+00  0.00000000E+00
 -5.20609860E-01  1.00000000E+00  2.69604022E-01  0.00000000E+00  4.06128728E-01  1.00000000E+00  1.00000000E+00  0.00000000E+00
 -4.90645977E-01  1.00000000E+00  2.59161564E-01  0.00000000E+00  4.07741139E-01  1.00000000E+00  1.00000000E+00  0.00000000E+00
 -4.60682095E-01  1.00000000E+00  2.48719105E-01  0.00000000E+00  4.09488123E-01  1.00000000E+00  1.00000000E+00  0.00000000E+00
 -4.34167380E-01  1.00000000E+00  2.40047787E-01  0.00000000E+00  4.11690878E-01  1.00000000E+00  1.00000000E+00  0.00000000E+00
 -4.07652666E-01  1.00000000E+00  2.31376468E-01  0.00000000E+00  4.14118702E-01  1.00000000E+00  1.00000000E+00  0.00000000E+00
 -3.84190072E-01  1.00000000E+00  2.23426161E-01  0.00000000E+00  4.16691472E-01  1.00000000E+00  1.00000000E+00  0.00000000E+00
 -3.60727478E-01  1.00000000E+00  2.15475854E-01  0.00000000E+00  4.19462618E-01  1.00000000E+00  1.00000000E+00  0.00000000E+00
 -3.39965684E-01  1.00000000E+00  2.08751073E-01  0.00000000E+00  4.22802847E-01  1.00000000E+00  1.00000000E+00  0.00000000E+00
 -3.19203889E-01  1.00000000E+00  2.02026292E-01  0.00000000E+00  4.26320751E-01  1.00000000E+00  1.00000000E+00  0.00000000E+00
 -3.00831998E-01  1.00000000E+00  1.96144872E-01  0.00000000E+00  4.30203063E-01  1.00000000E+00  1.00000000E+00  0.00000000E+00
 -2.82460107E-01  1.00000000E+00  1.90263453E-01  0.00000000E+00  4.34466965E-01  1.00000000E+00  1.00000000E+00  0.00000000E+00
 -2.66203017E-01  1.00000000E+00  1.85352261E-01  0.00000000E+00  4.39203153E-01  1.00000000E+00  1.00000000E+00  0.00000000E+00
 -2.49945927E-01  1.00000000E+00  1.80441069E-01  0.00000000E+00  4.44159062E-01  1.00000000E+00  1.00000000E+00  0.00000000E+00
 -2.35560203E-01  1.00000000E+00  1.76052496E-01  0.00000000E+00  4.49372937E-01  1.00000000E+00  1.00000000E+00  0.00000000E+00
 -2.21174479E-01  1.00000000E+00  1.71663922E-01  0.00000000E+00  4.55037979E-01  1.00000000E+00  1.00000000E+00  0.00000000E+00
 -2.08421419E-01  1.00000000E+00  1.67806299E-01  0.00000000E+00  4.61275059E-01  1.00000000E+00  1.00000000E+00  0.00000000E+00
 -1.95668358E-01  1.00000000E+00  1.63948676E-01  0.00000000E+00  4.67915657E-01  1.00000000E+00  1.00000000E+00  0.00000000E+00
 -1.83439085E-01  1.00000000E+00  1.60955875E-01  0.00000000E+00  4.75508517E-01  1.00000000E+00  1.00000000E+00  0.00000000E+00
 -1.71209813E-01  1.00000000E+00  1.57963074E-01  0.00000000E+00  4.83473813E-01  1.00000000E+00  1.00000000E+00  0.00000000E+00
 -1.58980541E-01  1.00000000E+00  1.54740590E-01  0.00000000E+00  4.93212502E-01  1.00000000E+00  1.00000000E+00  0.00000000E+00
 -1.46751268E-01  1.00000000E+00  1.51518105E-01  0.00000000E+00  5.03665747E-01  1.00000000E+00  1.00000000E+00  0.00000000E+00
 -1.34521996E-01  1.00000000E+00  1.48797105E-01  0.00000000E+00  5.16746365E-01  1.00000000E+00  1.00000000E+00  0.00000000E+00
 -1.22292724E-01  1.00000000E+00  1.46076106E-01  0.00000000E+00  5.30397916E-01  1.00000000E+00  1.00000000E+00  0.00000000E+00
 -1.10063451E-01  1.00000000E+00  1.41809207E-01  0.00000000E+00  5.50412513E-01  1.00000000E+00  1.00000000E+00  0.00000000E+00
 -9.78341789E-02  1.00000000E+00  1.37542309E-01  0.00000000E+00  5.70877940E-01  1.00000000E+00  1.00000000E+00  0.00000000E+00
 -8.56049065E-02  1.00000000E+00  1.44954853E-01  0.00000000E+00  5.97777293E-01  1.00000000E+00  1.00000000E+00  0.00000000E+00
 -7.33756342E-02  1.00000000E+00  1.52367396E-01  0.00000000E+00  6.29519205E-01  1.00000000E+00  1.00000000E+00  0.00000000E+00
 -6.11463618E-02  1.00000000E+00  1.13125842E-01  0.00000000E+00  6.85961618E-01  1.00000000E+00  1.00000000E+00  0.00000000E+00
 -4.89170895E-02  1.00000000E+00  7.38842885E-02  0.00000000E+00  7.40672505E-01  1.00000000E+00  1.00000000E+00  0.00000000E+00
 -3.66878171E-02  1.00000000E+00  1.97033752E-01  0.00000000E+00  8.36507773E-01  1.00000000E+00  1.00000000E+00  0.00000000E+00
 -2.44585447E-02  1.00000000E+00  3.20183215E-01  0.00000000E+00  9.72847421E-01  1.00000000E+00  1.00000000E+00  0.00000000E+00
 -1.22292724E-02  1.00000000E+00 -3.65917882E-02  0.00000000E+00  1.36931877E+00  1.00000000E+00  1.00000000E+00  0.00000000E+00
  0.00000000E+00  1.00000000E+00 -3.93366791E-01  0.00000000E+00  2.08854195E+00  1.00000000E+00  1.00000000E+00  0.00000000E+00
