# curve 5 (die wall), step =      200, time =   8.00000000E+01
# N1 = tau_xx - tau_yy = G ( c_xx - c_yy ),  G =  6.3636E-02  (polymer part only)
#              x               y        pressure            c_xy        gammadot            c_xx            c_yy              N1
 -3.00000000E+00  1.00000000E+00  2.09356444E+00 -2.23074435E+00  4.44554994E-01  1.40560217E+01  7.47915488E-01  8.46879489E-01
 -2.97524677E+00  1.00000000E+00  2.07990883E+00 -2.23086169E+00  4.44587967E-01  1.40555360E+01  7.47968918E-01  8.46845176E-01
 -2.95049355E+00  1.00000000E+00  2.06625322E+00 -2.23097903E+00  4.44609768E-01  1.40550502E+01  7.48022351E-01  8.46810864E-01
 -2.92574032E+00  1.00000000E+00  2.05263391E+00 -2.23118992E+00  4.44605587E-01  1.40561691E+01  7.48061172E-01  8.46879598E-01
 -2.90098710E+00  1.00000000E+00  2.03901460E+00 -2.23140081E+00  4.44578034E-01  1.40572881E+01  7.48099996E-01  8.46948337E-01
 -2.87623387E+00  1.00000000E+00  2.02541787E+00 -2.23143950E+00  4.44547197E-01  1.40610281E+01  7.48009958E-01  8.47192064E-01
 -2.85148064E+00  1.00000000E+00  2.01182114E+00 -2.23147814E+00  4.44501116E-01  1.40647692E+01  7.47919920E-01  8.47435861E-01
 -2.82672742E+00  1.00000000E+00  1.99814592E+00 -2.23071621E+00  4.44527484E-01  1.40608674E+01  7.47806622E-01  8.47194778E-01
 -2.80197419E+00  1.00000000E+00  1.98447069E+00 -2.22995451E+00  4.44563427E-01  1.40569668E+01  7.47693373E-01  8.46953762E-01
 -2.77722097E+00  1.00000000E+00  1.97079717E+00 -2.23049069E+00  4.44590170E-01  1.40563454E+01  7.47853592E-01  8.46904026E-01
 -2.75246774E+00  1.00000000E+00  1.95712365E+00 -2.23102682E+00  4.44602531E-01  1.40557243E+01  7.48013850E-01  8.46854299E-01
 -2.72771451E+00  1.00000000E+00  1.94359278E+00 -2.23129997E+00  4.44579141E-01  1.40563141E+01  7.48099785E-01  8.46886366E-01
 -2.70296129E+00  1.00000000E+00  1.93006191E+00 -2.23157313E+00  4.44530620E-01  1.40569040E+01  7.48185730E-01  8.46918434E-01
 -2.67820806E+00  1.00000000E+00  1.91637249E+00 -2.23099708E+00  4.44518328E-01  1.40562261E+01  7.48010798E-01  8.46886430E-01
 -2.65345484E+00  1.00000000E+00  1.90268308E+00 -2.23042109E+00  4.44540207E-01  1.40555484E+01  7.47835911E-01  8.46854430E-01
 -2.62870161E+00  1.00000000E+00  1.88905854E+00 -2.23072744E+00  4.44559963E-01  1.40551423E+01  7.47936224E-01  8.46822203E-01
 -2.60394839E+00  1.00000000E+00  1.87543401E+00 -2.23103378E+00  4.44566185E-01  1.40547362E+01  7.48036550E-01  8.46789979E-01
 -2.57919516E+00  1.00000000E+00  1.86183931E+00 -2.23118987E+00  4.44575259E-01  1.40552207E+01  7.48088244E-01  8.46817520E-01
 -2.55444193E+00  1.00000000E+00  1.84824461E+00 -2.23134596E+00  4.44552257E-01  1.40557052E+01  7.48139942E-01  8.46845061E-01
 -2.52968871E+00  1.00000000E+00  1.83463502E+00 -2.23152098E+00  4.44515408E-01  1.40582364E+01  7.48135304E-01  8.47006435E-01
 -2.50493548E+00  1.00000000E+00  1.82102544E+00 -2.23169601E+00  4.44466493E-01  1.40607681E+01  7.48130665E-01  8.47167839E-01
 -2.48018226E+00  1.00000000E+00  1.80730568E+00 -2.23092870E+00  4.44512559E-01  1.40578269E+01  7.47964086E-01  8.46991272E-01
 -2.45542903E+00  1.00000000E+00  1.79358591E+00 -2.23016159E+00  4.44569636E-01  1.40548864E+01  7.47797565E-01  8.46814743E-01
 -2.43067580E+00  1.00000000E+00  1.77995552E+00 -2.23057940E+00  4.44613318E-01  1.40548911E+01  7.47907648E-01  8.46808038E-01
 -2.40592258E+00  1.00000000E+00  1.76632512E+00 -2.23099720E+00  4.44640850E-01  1.40548959E+01  7.48017752E-01  8.46801335E-01
 -2.38116935E+00  1.00000000E+00  1.75276353E+00 -2.23126212E+00  4.44616440E-01  1.40553920E+01  7.48108461E-01  8.46827137E-01
 -2.35641613E+00  1.00000000E+00  1.73920193E+00 -2.23152707E+00  4.44568598E-01  1.40558882E+01  7.48199181E-01  8.46852940E-01
 -2.33166290E+00  1.00000000E+00  1.72552908E+00 -2.23110814E+00  4.44566797E-01  1.40566527E+01  7.48037795E-01  8.46911856E-01
 -2.30690967E+00  1.00000000E+00  1.71185622E+00 -2.23068920E+00  4.44587045E-01  1.40574173E+01  7.47876441E-01  8.46970779E-01
 -2.28215645E+00  1.00000000E+00  1.69818564E+00 -2.23072760E+00  4.44614249E-01  1.40572578E+01  7.47876199E-01  8.46960646E-01
 -2.25740322E+00  1.00000000E+00  1.68451506E+00 -2.23076600E+00  4.44641401E-01  1.40570983E+01  7.47875958E-01  8.46950512E-01
 -2.23265000E+00  1.00000000E+00  1.67094250E+00 -2.23154586E+00  4.44621458E-01  1.40596911E+01  7.48066190E-01  8.47103405E-01
 -2.20789677E+00  1.00000000E+00  1.65736993E+00 -2.23232591E+00  4.44550593E-01  1.40622845E+01  7.48256487E-01  8.47256328E-01
 -2.18314354E+00  1.00000000E+00  1.64370690E+00 -2.23161398E+00  4.44540963E-01  1.40593417E+01  7.48115028E-01  8.47078062E-01
 -2.15839032E+00  1.00000000E+00  1.63004386E+00 -2.23090223E+00  4.44564505E-01  1.40563996E+01  7.47973616E-01  8.46899835E-01
 -2.13363709E+00  1.00000000E+00  1.61640814E+00 -2.23088586E+00  4.44602006E-01  1.40562188E+01  7.47962338E-01  8.46889049E-01
 -2.10888387E+00  1.00000000E+00  1.60277242E+00 -2.23086949E+00  4.44640073E-01  1.40560381E+01  7.47951061E-01  8.46878263E-01
 -2.08413064E+00  1.00000000E+00  1.58909832E+00 -2.23099245E+00  4.44671168E-01  1.40560634E+01  7.47979526E-01  8.46878063E-01
 -2.05937741E+00  1.00000000E+00  1.57542422E+00 -2.23111541E+00  4.44681064E-01  1.40560887E+01  7.48007993E-01  8.46877863E-01
 -2.03462419E+00  1.00000000E+00  1.56181838E+00 -2.23098600E+00  4.44676197E-01  1.40569267E+01  7.47957385E-01  8.46934409E-01
 -2.00987096E+00  1.00000000E+00  1.54821254E+00 -2.23085658E+00  4.44667720E-01  1.40577647E+01  7.47906779E-01  8.46990959E-01
 -1.98511774E+00  1.00000000E+00  1.53450842E+00 -2.23092512E+00  4.44674455E-01  1.40574594E+01  7.47928705E-01  8.46970136E-01
 -1.96036451E+00  1.00000000E+00  1.52080430E+00 -2.23099366E+00  4.44677873E-01  1.40571541E+01  7.47950633E-01  8.46949314E-01
 -1.93561128E+00  1.00000000E+00  1.50727806E+00 -2.23170491E+00  4.44637831E-01  1.40593956E+01  7.48127724E-01  8.47080681E-01
 -1.91085806E+00  1.00000000E+00  1.49375182E+00 -2.23241631E+00  4.44567848E-01  1.40616374E+01  7.48304870E-01  8.47212070E-01
 -1.88610483E+00  1.00000000E+00  1.47997332E+00 -2.23120319E+00  4.44554033E-01  1.40602408E+01  7.47946426E-01  8.47146007E-01
 -1.86135161E+00  1.00000000E+00  1.46619482E+00 -2.22999031E+00  4.44581421E-01  1.40588448E+01  7.47588176E-01  8.47079965E-01
 -1.83659838E+00  1.00000000E+00  1.45257006E+00 -2.23092066E+00  4.44619556E-01  1.40573892E+01  7.47934891E-01  8.46965275E-01
 -1.81184516E+00  1.00000000E+00  1.43894529E+00 -2.23185095E+00  4.44608600E-01  1.40559343E+01  7.48281751E-01  8.46850617E-01
 -1.78709193E+00  1.00000000E+00  1.42539454E+00 -2.23190129E+00  4.44529633E-01  1.40595279E+01  7.48216744E-01  8.47083437E-01
 -1.76233870E+00  1.00000000E+00  1.41184378E+00 -2.23195157E+00  4.44431360E-01  1.40631225E+01  7.48151733E-01  8.47316321E-01
 -1.73758548E+00  1.00000000E+00  1.39806166E+00 -2.23129514E+00  4.44430482E-01  1.40609776E+01  7.48000927E-01  8.47189427E-01
 -1.71283225E+00  1.00000000E+00  1.38427953E+00 -2.23063884E+00  4.44428265E-01  1.40588331E+01  7.47850166E-01  8.47062553E-01
 -1.68807903E+00  1.00000000E+00  1.37056810E+00 -2.23068895E+00  4.44400967E-01  1.40564434E+01  7.47932593E-01  8.46905233E-01
 -1.66332580E+00  1.00000000E+00  1.35685666E+00 -2.23073902E+00  4.44383920E-01  1.40540541E+01  7.48015023E-01  8.46747943E-01
 -1.63857257E+00  1.00000000E+00  1.34325680E+00 -2.23076127E+00  4.44373184E-01  1.40535306E+01  7.48047820E-01  8.46712543E-01
 -1.61381935E+00  1.00000000E+00  1.32965695E+00 -2.23078351E+00  4.44316927E-01  1.40530072E+01  7.48080618E-01  8.46677144E-01
 -1.58906612E+00  1.00000000E+00  1.31587848E+00 -2.23035609E+00  4.44247190E-01  1.40496126E+01  7.48039088E-01  8.46463771E-01
 -1.56431290E+00  1.00000000E+00  1.30210001E+00 -2.22992876E+00  4.44203671E-01  1.40462189E+01  7.47997567E-01  8.46250450E-01
 -1.53955967E+00  1.00000000E+00  1.28851300E+00 -2.23021000E+00  4.44136837E-01  1.40434681E+01  7.48177434E-01  8.46063950E-01
 -1.51480644E+00  1.00000000E+00  1.27492598E+00 -2.23049116E+00  4.44053831E-01  1.40407179E+01  7.48357328E-01  8.45877493E-01
 -1.49005322E+00  1.00000000E+00  1.26127630E+00 -2.23067155E+00  4.43934279E-01  1.40386603E+01  7.48518350E-01  8.45736307E-01
 -1.46529999E+00  1.00000000E+00  1.24762663E+00 -2.23085192E+00  4.43757676E-01  1.40366031E+01  7.48679398E-01  8.45595143E-01
 -1.44054677E+00  1.00000000E+00  1.23394591E+00 -2.23085669E+00  4.43566945E-01  1.40363659E+01  7.48740315E-01  8.45576175E-01
 -1.41579354E+00  1.00000000E+00  1.22026519E+00 -2.23086147E+00  4.43330787E-01  1.40361288E+01  7.48801240E-01  8.45557207E-01
 -1.39104031E+00  1.00000000E+00  1.20653254E+00 -2.22946678E+00  4.43161524E-01  1.40263428E+01  7.48676873E-01  8.44942375E-01
 -1.36628709E+00  1.00000000E+00  1.19279989E+00 -2.22807300E+00  4.43036946E-01  1.40165636E+01  7.48552638E-01  8.44327969E-01
 -1.34153386E+00  1.00000000E+00  1.17909062E+00 -2.22812684E+00  4.42866088E-01  1.40100857E+01  7.48763252E-01  8.43902336E-01
 -1.31678064E+00  1.00000000E+00  1.16538135E+00 -2.22818051E+00  4.42671761E-01  1.40036112E+01  7.48973882E-01  8.43476917E-01
 -1.29202741E+00  1.00000000E+00  1.15179469E+00 -2.22785729E+00  4.42410495E-01  1.39979327E+01  7.49083172E-01  8.43108608E-01
 -1.26727418E+00  1.00000000E+00  1.13820803E+00 -2.22753415E+00  4.42114111E-01  1.39922567E+01  7.49192480E-01  8.42740451E-01
 -1.24252096E+00  1.00000000E+00  1.12459341E+00 -2.22752425E+00  4.41805371E-01  1.39857829E+01  7.49436499E-01  8.42312955E-01
 -1.21776773E+00  1.00000000E+00  1.11097878E+00 -2.22751427E+00  4.41441725E-01  1.39793125E+01  7.49680565E-01  8.41885667E-01
 -1.19301451E+00  1.00000000E+00  1.09730627E+00 -2.22595670E+00  4.41076076E-01  1.39647842E+01  7.49680044E-01  8.40961172E-01
 -1.16826128E+00  1.00000000E+00  1.08363376E+00 -2.22440044E+00  4.40747961E-01  1.39502711E+01  7.49679673E-01  8.40037634E-01
 -1.14350806E+00  1.00000000E+00  1.07008456E+00 -2.22380242E+00  4.40326048E-01  1.39391523E+01  7.49869628E-01  8.39317990E-01
 -1.11875483E+00  1.00000000E+00  1.05653536E+00 -2.22320459E+00  4.39875711E-01  1.39280428E+01  7.50059619E-01  8.38598933E-01
 -1.09400160E+00  1.00000000E+00  1.04296395E+00 -2.22244669E+00  4.39403520E-01  1.39135878E+01  7.50320896E-01  8.37662439E-01
 -1.06924838E+00  1.00000000E+00  1.02939255E+00 -2.22168910E+00  4.38916369E-01  1.38991484E+01  7.50582242E-01  8.36726938E-01
 -1.04449515E+00  1.00000000E+00  1.01596581E+00 -2.22082734E+00  4.38338783E-01  1.38814926E+01  7.50921966E-01  8.35581765E-01
 -1.01974193E+00  1.00000000E+00  1.00253907E+00 -2.21996594E+00  4.37722754E-01  1.38638602E+01  7.51261792E-01  8.34438082E-01
 -9.94988700E-01  1.00000000E+00  9.89200250E-01 -2.21836549E+00  4.37002797E-01  1.38438720E+01  7.51480837E-01  8.33152164E-01
 -9.70235474E-01  1.00000000E+00  9.75861431E-01 -2.21676662E+00  4.36287881E-01  1.38239132E+01  7.51700106E-01  8.31868105E-01
 -9.45482248E-01  1.00000000E+00  9.62505348E-01 -2.21556079E+00  4.35515442E-01  1.38018507E+01  7.52089810E-01  8.30439331E-01
 -9.20729022E-01  1.00000000E+00  9.49149264E-01 -2.21435576E+00  4.34732929E-01  1.37798250E+01  7.52479678E-01  8.29012886E-01
 -8.95975796E-01  1.00000000E+00  9.36090457E-01 -2.21280641E+00  4.33841418E-01  1.37513135E+01  7.52979890E-01  8.27166686E-01
 -8.71222570E-01  1.00000000E+00  9.23031650E-01 -2.21125835E+00  4.32921224E-01  1.37228637E+01  7.53480356E-01  8.25324392E-01
 -8.46469344E-01  1.00000000E+00  9.10135636E-01 -2.20941878E+00  4.31819036E-01  1.36946529E+01  7.53953223E-01  8.23499069E-01
 -8.21716118E-01  1.00000000E+00  8.97239622E-01 -2.20758142E+00  4.30680187E-01  1.36665021E+01  7.54426536E-01  8.21677533E-01
 -7.97201467E-01  1.00000000E+00  8.84482198E-01 -2.20540248E+00  4.29670376E-01  1.36342960E+01  7.54865233E-01  8.19600140E-01
 -7.72686817E-01  1.00000000E+00  8.71724773E-01 -2.20322639E+00  4.28615463E-01  1.36021683E+01  7.55304302E-01  8.17527712E-01
 -7.49503432E-01  1.00000000E+00  8.60147616E-01 -2.20220794E+00  4.27460574E-01  1.35709218E+01  7.56113190E-01  8.15487821E-01
 -7.26320047E-01  1.00000000E+00  8.48570459E-01 -2.20118938E+00  4.26267859E-01  1.35397520E+01  7.56922541E-01  8.13452784E-01
 -7.04527831E-01  1.00000000E+00  8.37953341E-01 -2.19817905E+00  4.24972764E-01  1.35034044E+01  7.57315293E-01  8.11114759E-01
 -6.82735615E-01  1.00000000E+00  8.27336224E-01 -2.19517435E+00  4.23731900E-01  1.34671564E+01  7.57708844E-01  8.08783024E-01
 -6.62251087E-01  1.00000000E+00  8.17351166E-01 -2.19247894E+00  4.22709052E-01  1.34350450E+01  7.57968525E-01  8.06723048E-01
 -6.41766559E-01  1.00000000E+00  8.07366108E-01 -2.18978783E+00  4.21673599E-01  1.34030118E+01  7.58228645E-01  8.04668021E-01
 -6.22511254E-01  1.00000000E+00  7.98560523E-01 -2.18765113E+00  4.20515334E-01  1.33684308E+01  7.58791142E-01  8.02431612E-01
 -6.03255949E-01  1.00000000E+00  7.89754938E-01 -2.18551717E+00  4.19370003E-01  1.33339424E+01  7.59354081E-01  8.00201074E-01
 -5.85156097E-01  1.00000000E+00  7.81734793E-01 -2.18225408E+00  4.18203612E-01  1.32959435E+01  7.59658447E-01  7.97763593E-01
 -5.67056245E-01  1.00000000E+00  7.73714647E-01 -2.17899735E+00  4.17098080E-01  1.32580551E+01  7.59963495E-01  7.95333100E-01
 -5.50042515E-01  1.00000000E+00  7.66396231E-01 -2.17735532E+00  4.16138479E-01  1.32286340E+01  7.60491700E-01  7.93427240E-01
 -5.33028786E-01  1.00000000E+00  7.59077814E-01 -2.17571476E+00  4.15092661E-01  1.31992813E+01  7.61020183E-01  7.91525706E-01
 -5.17036006E-01  1.00000000E+00  7.52901811E-01 -2.17620899E+00  4.13968572E-01  1.31724045E+01  7.62278765E-01  7.89735272E-01
 -5.01043227E-01  1.00000000E+00  7.46725808E-01 -2.17670062E+00  4.12734782E-01  1.31455903E+01  7.63538552E-01  7.87948746E-01
 -4.86010125E-01  1.00000000E+00  7.40796283E-01 -2.17206801E+00  4.11617084E-01  1.31111440E+01  7.63265095E-01  7.85774110E-01
 -4.70977023E-01  1.00000000E+00  7.34866758E-01 -2.16744620E+00  4.10826177E-01  1.30767880E+01  7.62993163E-01  7.83605124E-01
 -4.56846016E-01  1.00000000E+00  7.30070464E-01 -2.16681032E+00  4.09848327E-01  1.30520870E+01  7.63658674E-01  7.81990891E-01
 -4.42715008E-01  1.00000000E+00  7.25274170E-01 -2.16617376E+00  4.09009624E-01  1.30274364E+01  7.64324384E-01  7.80379856E-01
 -4.29431964E-01  1.00000000E+00  7.20944679E-01 -2.16545531E+00  4.08353068E-01  1.30104140E+01  7.64818259E-01  7.79265182E-01
 -4.16148920E-01  1.00000000E+00  7.16615188E-01 -2.16473725E+00  4.07692442E-01  1.29934151E+01  7.65312425E-01  7.78151987E-01
 -4.03662954E-01  1.00000000E+00  7.13016549E-01 -2.16142906E+00  4.06743542E-01  1.29677337E+01  7.65162984E-01  7.76527228E-01
 -3.91176988E-01  1.00000000E+00  7.09417910E-01 -2.15812656E+00  4.06098988E-01  1.29421032E+01  7.65014310E-01  7.74905657E-01
 -3.79440270E-01  1.00000000E+00  7.06348470E-01 -2.15742348E+00  4.05554229E-01  1.29243626E+01  7.65404630E-01  7.73751873E-01
 -3.67703552E-01  1.00000000E+00  7.03279030E-01 -2.15672040E+00  4.05088441E-01  1.29066480E+01  7.65795010E-01  7.72599734E-01
 -3.56671122E-01  1.00000000E+00  7.00845660E-01 -2.15658662E+00  4.04843426E-01  1.28957607E+01  7.66143616E-01  7.71884726E-01
 -3.45638692E-01  1.00000000E+00  6.98412290E-01 -2.15645256E+00  4.04454391E-01  1.28848836E+01  7.66492280E-01  7.71170358E-01
 -3.35268287E-01  1.00000000E+00  6.96764157E-01 -2.15528330E+00  4.03658788E-01  1.28689127E+01  7.66735777E-01  7.70138534E-01
 -3.24897882E-01  1.00000000E+00  6.95116025E-01 -2.15411493E+00  4.03194732E-01  1.28529623E+01  7.66979422E-01  7.69107999E-01
 -3.15149775E-01  1.00000000E+00  6.93878645E-01 -2.15467587E+00  4.02882363E-01  1.28462058E+01  7.67533126E-01  7.68642804E-01
 -3.05401669E-01  1.00000000E+00  6.92641266E-01 -2.15523658E+00  4.02561771E-01  1.28394538E+01  7.68087122E-01  7.68177877E-01
 -2.96238520E-01  1.00000000E+00  6.91825019E-01 -2.15240412E+00  4.02100144E-01  1.28316605E+01  7.67364494E-01  7.67727925E-01
 -2.87075371E-01  1.00000000E+00  6.91008771E-01 -2.14957399E+00  4.02035884E-01  1.28238729E+01  7.66642814E-01  7.67278280E-01
 -2.78462077E-01  1.00000000E+00  6.90680753E-01 -2.15007086E+00  4.02324800E-01  1.28252944E+01  7.66714873E-01  7.67364154E-01
 -2.69848783E-01  1.00000000E+00  6.90352735E-01 -2.15056779E+00  4.02600240E-01  1.28267161E+01  7.66786962E-01  7.67450039E-01
 -2.61752348E-01  1.00000000E+00  6.90812354E-01 -2.15143423E+00  4.02449199E-01  1.28264467E+01  7.67092791E-01  7.67413430E-01
 -2.53655913E-01  1.00000000E+00  6.91271973E-01 -2.15230071E+00  4.02471984E-01  1.28261776E+01  7.67398744E-01  7.67376835E-01
 -2.46045323E-01  1.00000000E+00  6.91928303E-01 -2.15142117E+00  4.02730290E-01  1.28310788E+01  7.66882274E-01  7.67721596E-01
 -2.38434732E-01  1.00000000E+00  6.92584633E-01 -2.15054133E+00  4.02939749E-01  1.28359829E+01  7.66366056E-01  7.68066526E-01
 -2.31280830E-01  1.00000000E+00  6.94021099E-01 -2.15100049E+00  4.02905539E-01  1.28385821E+01  7.66468924E-01  7.68225383E-01
 -2.24126928E-01  1.00000000E+00  6.95457566E-01 -2.15145975E+00  4.03021223E-01  1.28411818E+01  7.66571811E-01  7.68384272E-01
 -2.17402314E-01  1.00000000E+00  6.97246860E-01 -2.15292387E+00  4.03052563E-01  1.28433166E+01  7.66980449E-01  7.68494117E-01
 -2.10677699E-01  1.00000000E+00  6.99036155E-01 -2.15438839E+00  4.03124189E-01  1.28454522E+01  7.67389370E-01  7.68604000E-01
 -2.04351753E-01  1.00000000E+00  7.01248028E-01 -2.15501975E+00  4.03475561E-01  1.28555246E+01  7.67175569E-01  7.69258575E-01
 -1.98025807E-01  1.00000000E+00  7.03459902E-01 -2.15565140E+00  4.03780469E-01  1.28656052E+01  7.66961849E-01  7.69913668E-01
 -1.91837501E-01  1.00000000E+00  7.06287143E-01 -2.15700098E+00  4.04033413E-01  1.28752194E+01  7.67153852E-01  7.70513264E-01
 -1.85649194E-01  1.00000000E+00  7.09114384E-01 -2.15835146E+00  4.04261496E-01  1.28848409E+01  7.67345963E-01  7.71113311E-01
 -1.79460888E-01  1.00000000E+00  7.12540038E-01 -2.15844060E+00  4.04715423E-01  1.29053602E+01  7.66569560E-01  7.72468497E-01
 -1.73272582E-01  1.00000000E+00  7.15965691E-01 -2.15852873E+00  4.05238344E-01  1.29259159E+01  7.65793558E-01  7.73825969E-01
 -1.67084275E-01  1.00000000E+00  7.20451164E-01 -2.16025349E+00  4.05419275E-01  1.29315918E+01  7.66199100E-01  7.74161351E-01
 -1.60895969E-01  1.00000000E+00  7.24936638E-01 -2.16197920E+00  4.05759737E-01  1.29372704E+01  7.66604969E-01  7.74496888E-01
 -1.54707662E-01  1.00000000E+00  7.30276599E-01 -2.16343913E+00  4.06516747E-01  1.29622132E+01  7.66087806E-01  7.76117074E-01
 -1.48519356E-01  1.00000000E+00  7.35616560E-01 -2.16490049E+00  4.07104677E-01  1.29872063E+01  7.65571026E-01  7.77740427E-01
 -1.42331049E-01  1.00000000E+00  7.42563586E-01 -2.17356071E+00  4.07698649E-01  1.30180077E+01  7.67621624E-01  7.79570021E-01
 -1.36142743E-01  1.00000000E+00  7.49510612E-01 -2.18224651E+00  4.08185722E-01  1.30488880E+01  7.69680291E-01  7.81404125E-01
 -1.29954436E-01  1.00000000E+00  7.57893820E-01 -2.17902894E+00  4.07636773E-01  1.30516487E+01  7.68523467E-01  7.81653425E-01
 -1.23766130E-01  1.00000000E+00  7.66277029E-01 -2.17581125E+00  4.07795292E-01  1.30544153E+01  7.67368351E-01  7.81902988E-01
 -1.17577823E-01  1.00000000E+00  7.76928390E-01 -2.17874132E+00  4.07582569E-01  1.30578228E+01  7.68332654E-01  7.82058463E-01
 -1.11389517E-01  1.00000000E+00  7.87579751E-01 -2.18167310E+00  4.07529039E-01  1.30612334E+01  7.69298241E-01  7.82214054E-01
 -1.05201210E-01  1.00000000E+00  8.00669246E-01 -2.18827878E+00  4.08399629E-01  1.30856402E+01  7.70734894E-01  7.83675794E-01
 -9.90129037E-02  1.00000000E+00  8.13758742E-01 -2.19489925E+00  4.08735448E-01  1.31100958E+01  7.72176030E-01  7.85140352E-01
 -9.28245972E-02  1.00000000E+00  8.31084312E-01 -2.19900330E+00  4.08190317E-01  1.31093676E+01  7.73756829E-01  7.84993415E-01
 -8.66362908E-02  1.00000000E+00  8.48409883E-01 -2.20310919E+00  4.06528199E-01  1.31086463E+01  7.75340651E-01  7.84846720E-01
 -8.04479843E-02  1.00000000E+00  8.71624749E-01 -2.20730172E+00  4.02107151E-01  1.30137890E+01  7.81507608E-01  7.78417904E-01
 -7.42596778E-02  1.00000000E+00  8.94839615E-01 -2.21146239E+00  3.97703879E-01  1.29197493E+01  7.87709109E-01  7.72038922E-01
 -6.80713713E-02  1.00000000E+00  9.21920592E-01 -2.20439261E+00  3.93948795E-01  1.28124630E+01  7.89330826E-01  7.65108408E-01
 -6.18830648E-02  1.00000000E+00  9.49001570E-01 -2.19735102E+00  3.85248933E-01  1.27061042E+01  7.90955538E-01  7.58236734E-01
 -5.56947583E-02  1.00000000E+00  9.86997775E-01 -2.42452190E+00  3.68481763E-01  1.20798523E+01  9.08609634E-01  7.10897264E-01
 -4.95064519E-02  1.00000000E+00  1.02499398E+00 -2.64624447E+00  3.39663076E-01  1.15264201E+01  1.03927084E+00  6.67364047E-01
 -4.33181454E-02  1.00000000E+00  1.15263639E+00 -1.73597292E+00  2.26886057E-01  6.79176366E+00  9.90854984E-01  3.69148734E-01
 -3.71298389E-02  1.00000000E+00  1.28027879E+00 -1.16394686E+00  1.40533955E-01  4.00045719E+00  1.03229247E+00  1.88883210E-01
 -3.09415324E-02  1.00000000E+00  1.53648167E+00 -5.99884711E-01  2.86425446E-02  1.06411638E+00  1.96720712E+00 -5.74694107E-02
 -2.47532259E-02  1.00000000E+00  1.79268454E+00 -3.86553107E-01  2.30839964E-01  2.82004614E-01  4.36990976E+00 -2.60139418E-01
 -1.85649194E-02  1.00000000E+00  2.61669471E+00 -6.29120989E-01  5.08744982E-01  6.84130135E-01  2.28506668E+00 -1.01877780E-01
 -1.23766130E-02  1.00000000E+00  3.44070487E+00 -9.53063319E-01  4.30365314E-01  1.59738508E+00  1.35659437E+00  1.53230453E-02
 -6.18830648E-03  1.00000000E+00  1.71470311E+00  2.23233635E+00  1.02888270E+00  2.97722510E+00  2.79534671E+00  1.15740795E-02
  0.00000000E+00  1.00000000E+00 -1.12986530E-02  2.51036131E+01  1.53727577E+01  2.51610399E+01  2.53983672E+01 -1.51026486E-02
