# curve 5 (die wall), step =      900, time =   3.60000000E+02
# N1 = tau_xx - tau_yy = G ( c_xx - c_yy ),  G =  6.3636E-02  (polymer part only)
#              x               y        pressure            c_xy        gammadot            c_xx            c_yy              N1
 -3.00000000E+00  1.00000000E+00  2.09355791E+00 -2.23069909E+00  4.44557379E-01  1.40562790E+01  7.47903101E-01  8.46896649E-01
 -2.97524677E+00  1.00000000E+00  2.07990239E+00 -2.23081636E+00  4.44590358E-01  1.40557931E+01  7.47956506E-01  8.46862332E-01
 -2.95049355E+00  1.00000000E+00  2.06624688E+00 -2.23093362E+00  4.44612168E-01  1.40553073E+01  7.48009913E-01  8.46828016E-01
 -2.92574032E+00  1.00000000E+00  2.05262766E+00 -2.23114470E+00  4.44607997E-01  1.40564269E+01  7.48048771E-01  8.46896788E-01
 -2.90098710E+00  1.00000000E+00  2.03900844E+00 -2.23135579E+00  4.44580443E-01  1.40575465E+01  7.48087632E-01  8.46965566E-01
 -2.87623387E+00  1.00000000E+00  2.02541182E+00 -2.23139468E+00  4.44549603E-01  1.40612873E+01  7.47997651E-01  8.47209342E-01
 -2.85148064E+00  1.00000000E+00  2.01181520E+00 -2.23143353E+00  4.44503512E-01  1.40650292E+01  7.47907670E-01  8.47453187E-01
 -2.82672742E+00  1.00000000E+00  1.99814011E+00 -2.23067162E+00  4.44529851E-01  1.40611270E+01  7.47794396E-01  8.47212078E-01
 -2.80197419E+00  1.00000000E+00  1.98446503E+00 -2.22990994E+00  4.44565771E-01  1.40572260E+01  7.47681169E-01  8.46971035E-01
 -2.77722097E+00  1.00000000E+00  1.97079162E+00 -2.23044581E+00  4.44592493E-01  1.40566028E+01  7.47841340E-01  8.46921183E-01
 -2.75246774E+00  1.00000000E+00  1.95711821E+00 -2.23098165E+00  4.44604840E-01  1.40559798E+01  7.48001550E-01  8.46871340E-01
 -2.72771451E+00  1.00000000E+00  1.94358747E+00 -2.23125440E+00  4.44581421E-01  1.40565668E+01  7.48087431E-01  8.46903232E-01
 -2.70296129E+00  1.00000000E+00  1.93005672E+00 -2.23152717E+00  4.44532891E-01  1.40571539E+01  7.48173323E-01  8.46935126E-01
 -2.67820806E+00  1.00000000E+00  1.91636738E+00 -2.23095085E+00  4.44520622E-01  1.40564741E+01  7.47998342E-01  8.46903003E-01
 -2.65345484E+00  1.00000000E+00  1.90267803E+00 -2.23037459E+00  4.44542522E-01  1.40557944E+01  7.47823406E-01  8.46870884E-01
 -2.62870161E+00  1.00000000E+00  1.88905362E+00 -2.23068132E+00  4.44562285E-01  1.40553879E+01  7.47923823E-01  8.46838626E-01
 -2.60394839E+00  1.00000000E+00  1.87542921E+00 -2.23098804E+00  4.44568497E-01  1.40549815E+01  7.48024254E-01  8.46806370E-01
 -2.57919516E+00  1.00000000E+00  1.86183468E+00 -2.23114433E+00  4.44577549E-01  1.40554664E+01  7.48076018E-01  8.46833932E-01
 -2.55444193E+00  1.00000000E+00  1.84824015E+00 -2.23130063E+00  4.44554509E-01  1.40559513E+01  7.48127786E-01  8.46861495E-01
 -2.52968871E+00  1.00000000E+00  1.83463067E+00 -2.23147514E+00  4.44517637E-01  1.40584820E+01  7.48123029E-01  8.47022846E-01
 -2.50493548E+00  1.00000000E+00  1.82102119E+00 -2.23164966E+00  4.44468715E-01  1.40610133E+01  7.48118271E-01  8.47184227E-01
 -2.48018226E+00  1.00000000E+00  1.80730153E+00 -2.23088231E+00  4.44514793E-01  1.40580713E+01  7.47951696E-01  8.47007613E-01
 -2.45542903E+00  1.00000000E+00  1.79358187E+00 -2.23011515E+00  4.44571875E-01  1.40551301E+01  7.47785180E-01  8.46831038E-01
 -2.43067580E+00  1.00000000E+00  1.77995160E+00 -2.23053306E+00  4.44615567E-01  1.40551358E+01  7.47895269E-01  8.46824400E-01
 -2.40592258E+00  1.00000000E+00  1.76632133E+00 -2.23095098E+00  4.44643103E-01  1.40551417E+01  7.48005380E-01  8.46817765E-01
 -2.38116935E+00  1.00000000E+00  1.75275983E+00 -2.23121578E+00  4.44618714E-01  1.40556397E+01  7.48096028E-01  8.46843686E-01
 -2.35641613E+00  1.00000000E+00  1.73919832E+00 -2.23148060E+00  4.44570890E-01  1.40561377E+01  7.48186686E-01  8.46869608E-01
 -2.33166290E+00  1.00000000E+00  1.72552555E+00 -2.23106166E+00  4.44569107E-01  1.40569036E+01  7.48025275E-01  8.46928618E-01
 -2.30690967E+00  1.00000000E+00  1.71185278E+00 -2.23064270E+00  4.44589375E-01  1.40576696E+01  7.47863895E-01  8.46987636E-01
 -2.28215645E+00  1.00000000E+00  1.69818229E+00 -2.23068131E+00  4.44616598E-01  1.40575124E+01  7.47863658E-01  8.46977647E-01
 -2.25740322E+00  1.00000000E+00  1.68451181E+00 -2.23071992E+00  4.44643764E-01  1.40573552E+01  7.47863422E-01  8.46967658E-01
 -2.23265000E+00  1.00000000E+00  1.67093934E+00 -2.23150001E+00  4.44623852E-01  1.40599499E+01  7.48053663E-01  8.47120669E-01
 -2.20789677E+00  1.00000000E+00  1.65736686E+00 -2.23228028E+00  4.44553010E-01  1.40625451E+01  7.48243970E-01  8.47273710E-01
 -2.18314354E+00  1.00000000E+00  1.64370396E+00 -2.23156830E+00  4.44543393E-01  1.40596050E+01  7.48102439E-01  8.47095615E-01
 -2.15839032E+00  1.00000000E+00  1.63004105E+00 -2.23085649E+00  4.44566958E-01  1.40566654E+01  7.47960955E-01  8.46917559E-01
 -2.13363709E+00  1.00000000E+00  1.61640537E+00 -2.23083995E+00  4.44604483E-01  1.40564851E+01  7.47949602E-01  8.46906807E-01
 -2.10888387E+00  1.00000000E+00  1.60276969E+00 -2.23082341E+00  4.44642590E-01  1.40563048E+01  7.47938249E-01  8.46896056E-01
 -2.08413064E+00  1.00000000E+00  1.58909566E+00 -2.23094714E+00  4.44673725E-01  1.40563326E+01  7.47966849E-01  8.46896002E-01
 -2.05937741E+00  1.00000000E+00  1.57542163E+00 -2.23107087E+00  4.44683637E-01  1.40563603E+01  7.47995450E-01  8.46895948E-01
 -2.03462419E+00  1.00000000E+00  1.56181594E+00 -2.23094196E+00  4.44678769E-01  1.40572010E+01  7.47944919E-01  8.46952658E-01
 -2.00987096E+00  1.00000000E+00  1.54821024E+00 -2.23081303E+00  4.44670285E-01  1.40580417E+01  7.47894390E-01  8.47009372E-01
 -1.98511774E+00  1.00000000E+00  1.53450624E+00 -2.23088131E+00  4.44677002E-01  1.40577359E+01  7.47916252E-01  8.46988521E-01
 -1.96036451E+00  1.00000000E+00  1.52080223E+00 -2.23094960E+00  4.44680410E-01  1.40574301E+01  7.47938114E-01  8.46967670E-01
 -1.93561128E+00  1.00000000E+00  1.50727616E+00 -2.23166073E+00  4.44640352E-01  1.40596714E+01  7.48115179E-01  8.47099035E-01
 -1.91085806E+00  1.00000000E+00  1.49375008E+00 -2.23237202E+00  4.44570373E-01  1.40619132E+01  7.48292300E-01  8.47230422E-01
 -1.88610483E+00  1.00000000E+00  1.47997159E+00 -2.23115804E+00  4.44556583E-01  1.40605150E+01  7.47933630E-01  8.47164270E-01
 -1.86135161E+00  1.00000000E+00  1.46619310E+00 -2.22994431E+00  4.44584035E-01  1.40591173E+01  7.47575154E-01  8.47098138E-01
 -1.83659838E+00  1.00000000E+00  1.45256838E+00 -2.23087573E+00  4.44622240E-01  1.40576628E+01  7.47922086E-01  8.46983502E-01
 -1.81184516E+00  1.00000000E+00  1.43894366E+00 -2.23180709E+00  4.44611308E-01  1.40562090E+01  7.48269164E-01  8.46868898E-01
 -1.78709193E+00  1.00000000E+00  1.42539310E+00 -2.23185836E+00  4.44532348E-01  1.40598069E+01  7.48204341E-01  8.47101978E-01
 -1.76233870E+00  1.00000000E+00  1.41184253E+00 -2.23190958E+00  4.44434042E-01  1.40634057E+01  7.48139514E-01  8.47335124E-01
 -1.73758548E+00  1.00000000E+00  1.39806053E+00 -2.23125227E+00  4.44433129E-01  1.40612603E+01  7.47988438E-01  8.47208207E-01
 -1.71283225E+00  1.00000000E+00  1.38427853E+00 -2.23059509E+00  4.44430934E-01  1.40591152E+01  7.47837407E-01  8.47081312E-01
 -1.68807903E+00  1.00000000E+00  1.37056707E+00 -2.23064495E+00  4.44403679E-01  1.40567239E+01  7.47919755E-01  8.46923900E-01
 -1.66332580E+00  1.00000000E+00  1.35685561E+00 -2.23069477E+00  4.44386688E-01  1.40543331E+01  7.48002107E-01  8.46766518E-01
 -1.63857257E+00  1.00000000E+00  1.34325589E+00 -2.23071813E+00  4.44375980E-01  1.40538113E+01  7.48035154E-01  8.46731209E-01
 -1.61381935E+00  1.00000000E+00  1.32965616E+00 -2.23074149E+00  4.44319717E-01  1.40532895E+01  7.48068202E-01  8.46695902E-01
 -1.58906612E+00  1.00000000E+00  1.31587774E+00 -2.23031439E+00  4.44249996E-01  1.40498956E+01  7.48026675E-01  8.46482569E-01
 -1.56431290E+00  1.00000000E+00  1.30209932E+00 -2.22988738E+00  4.44206492E-01  1.40465025E+01  7.47985158E-01  8.46269288E-01
 -1.53955967E+00  1.00000000E+00  1.28851242E+00 -2.23016938E+00  4.44139642E-01  1.40437518E+01  7.48165193E-01  8.46082786E-01
 -1.51480644E+00  1.00000000E+00  1.27492552E+00 -2.23045131E+00  4.44056610E-01  1.40410018E+01  7.48345254E-01  8.45896328E-01
 -1.49005322E+00  1.00000000E+00  1.26127596E+00 -2.23063203E+00  4.43937007E-01  1.40389439E+01  7.48506363E-01  8.45755117E-01
 -1.46529999E+00  1.00000000E+00  1.24762640E+00 -2.23081273E+00  4.43760366E-01  1.40368864E+01  7.48667497E-01  8.45613929E-01
 -1.44054677E+00  1.00000000E+00  1.23394573E+00 -2.23081774E+00  4.43569629E-01  1.40366511E+01  7.48728449E-01  8.45595075E-01
 -1.41579354E+00  1.00000000E+00  1.22026507E+00 -2.23082275E+00  4.43333466E-01  1.40364157E+01  7.48789408E-01  8.45576220E-01
 -1.39104031E+00  1.00000000E+00  1.20653253E+00 -2.22942826E+00  4.43164140E-01  1.40266239E+01  7.48665133E-01  8.44961014E-01
 -1.36628709E+00  1.00000000E+00  1.19279999E+00 -2.22803468E+00  4.43039526E-01  1.40168390E+01  7.48540989E-01  8.44346234E-01
 -1.34153386E+00  1.00000000E+00  1.17909073E+00 -2.22808858E+00  4.42868660E-01  1.40103562E+01  7.48751620E-01  8.43920292E-01
 -1.31678064E+00  1.00000000E+00  1.16538147E+00 -2.22814230E+00  4.42674327E-01  1.40038768E+01  7.48962267E-01  8.43494564E-01
 -1.29202741E+00  1.00000000E+00  1.15179496E+00 -2.22781971E+00  4.42413001E-01  1.39981970E+01  7.49071735E-01  8.43126151E-01
 -1.26727418E+00  1.00000000E+00  1.13820845E+00 -2.22749718E+00  4.42116556E-01  1.39925195E+01  7.49181221E-01  8.42757889E-01
 -1.24252096E+00  1.00000000E+00  1.12459383E+00 -2.22748787E+00  4.41807806E-01  1.39860438E+01  7.49425412E-01  8.42330264E-01
 -1.21776773E+00  1.00000000E+00  1.11097921E+00 -2.22747847E+00  4.41444133E-01  1.39795715E+01  7.49669650E-01  8.41902847E-01
 -1.19301451E+00  1.00000000E+00  1.09730684E+00 -2.22592133E+00  4.41078305E-01  1.39650324E+01  7.49669393E-01  8.40977647E-01
 -1.16826128E+00  1.00000000E+00  1.08363447E+00 -2.22436550E+00  4.40750085E-01  1.39505085E+01  7.49669286E-01  8.40053406E-01
 -1.14350806E+00  1.00000000E+00  1.07008537E+00 -2.22376720E+00  4.40328092E-01  1.39393829E+01  7.49859233E-01  8.39333327E-01
 -1.11875483E+00  1.00000000E+00  1.05653626E+00 -2.22316909E+00  4.39877674E-01  1.39282666E+01  7.50049215E-01  8.38613834E-01
 -1.09400160E+00  1.00000000E+00  1.04296485E+00 -2.22241197E+00  4.39405448E-01  1.39138019E+01  7.50310868E-01  8.37676699E-01
 -1.06924838E+00  1.00000000E+00  1.02939345E+00 -2.22165515E+00  4.38918218E-01  1.38993528E+01  7.50572590E-01  8.36740560E-01
 -1.04449515E+00  1.00000000E+00  1.01596705E+00 -2.22079424E+00  4.38340401E-01  1.38816821E+01  7.50912896E-01  8.35594406E-01
 -1.01974193E+00  1.00000000E+00  1.00254065E+00 -2.21993368E+00  4.37724108E-01  1.38640350E+01  7.51253304E-01  8.34449746E-01
 -9.94988700E-01  1.00000000E+00  9.89202081E-01 -2.21833132E+00  4.37003825E-01  1.38440272E+01  7.51472283E-01  8.33162584E-01
 -9.70235474E-01  1.00000000E+00  9.75863509E-01 -2.21673055E+00  4.36288639E-01  1.38240488E+01  7.51691485E-01  8.31877287E-01
 -9.45482248E-01  1.00000000E+00  9.62507462E-01 -2.21552371E+00  4.35516046E-01  1.38019664E+01  7.52081310E-01  8.30447236E-01
 -9.20729022E-01  1.00000000E+00  9.49151415E-01 -2.21431767E+00  4.34733383E-01  1.37799209E+01  7.52471299E-01  8.29019518E-01
 -8.95975796E-01  1.00000000E+00  9.36093052E-01 -2.21276855E+00  4.33841593E-01  1.37513846E+01  7.52972254E-01  8.27171693E-01
 -8.71222570E-01  1.00000000E+00  9.23034689E-01 -2.21122072E+00  4.32921072E-01  1.37229100E+01  7.53473463E-01  8.25327780E-01
 -8.46469344E-01  1.00000000E+00  9.10138833E-01 -2.20937902E+00  4.31818445E-01  1.36946773E+01  7.53946279E-01  8.23501068E-01
 -8.21716118E-01  1.00000000E+00  8.97242978E-01 -2.20753955E+00  4.30679186E-01  1.36665047E+01  7.54419542E-01  8.21678148E-01
 -7.97201467E-01  1.00000000E+00  8.84485794E-01 -2.20536166E+00  4.29669175E-01  1.36342788E+01  7.54859143E-01  8.19599435E-01
 -7.72686817E-01  1.00000000E+00  8.71728611E-01 -2.20318662E+00  4.28613957E-01  1.36021314E+01  7.55299115E-01  8.17525693E-01
 -7.49503432E-01  1.00000000E+00  8.60152151E-01 -2.20216600E+00  4.27458643E-01  1.35708631E+01  7.56108060E-01  8.15484409E-01
 -7.26320047E-01  1.00000000E+00  8.48575691E-01 -2.20114526E+00  4.26265538E-01  1.35396715E+01  7.56917469E-01  8.13447983E-01
 -7.04527831E-01  1.00000000E+00  8.37958736E-01 -2.19812915E+00  4.24970017E-01  1.35032885E+01  7.57309596E-01  8.11107746E-01
 -6.82735615E-01  1.00000000E+00  8.27341782E-01 -2.19511868E+00  4.23728866E-01  1.34670053E+01  7.57702524E-01  8.08773812E-01
 -6.62251087E-01  1.00000000E+00  8.17356893E-01 -2.19242317E+00  4.22705897E-01  1.34348729E+01  7.57962920E-01  8.06712453E-01
 -6.41766559E-01  1.00000000E+00  8.07372004E-01 -2.18973196E+00  4.21670244E-01  1.34028188E+01  7.58223754E-01  8.04656050E-01
 -6.22511254E-01  1.00000000E+00  7.98567116E-01 -2.18759361E+00  4.20511677E-01  1.33682247E+01  7.58786436E-01  8.02418801E-01
 -6.03255949E-01  1.00000000E+00  7.89762227E-01 -2.18545800E+00  4.19366020E-01  1.33337234E+01  7.59349560E-01  8.00187427E-01
 -5.85156097E-01  1.00000000E+00  7.81742266E-01 -2.18219046E+00  4.18199428E-01  1.32957081E+01  7.59653600E-01  7.97748920E-01
 -5.67056245E-01  1.00000000E+00  7.73722305E-01 -2.17892930E+00  4.17093712E-01  1.32578033E+01  7.59958325E-01  7.95317406E-01
 -5.50042515E-01  1.00000000E+00  7.66404569E-01 -2.17728581E+00  4.16133871E-01  1.32283709E+01  7.60486911E-01  7.93410801E-01
 -5.33028786E-01  1.00000000E+00  7.59086833E-01 -2.17564380E+00  4.15087783E-01  1.31990069E+01  7.61015777E-01  7.91508525E-01
 -5.17036006E-01  1.00000000E+00  7.52910698E-01 -2.17612992E+00  4.13963655E-01  1.31721045E+01  7.62272609E-01  7.89716577E-01
 -5.01043227E-01  1.00000000E+00  7.46734562E-01 -2.17661345E+00  4.12730028E-01  1.31452649E+01  7.63530643E-01  7.87928543E-01
 -4.86010125E-01  1.00000000E+00  7.40805427E-01 -2.17198297E+00  4.11612630E-01  1.31108267E+01  7.63258332E-01  7.85754349E-01
 -4.70977023E-01  1.00000000E+00  7.34876292E-01 -2.16736329E+00  4.10821579E-01  1.30764787E+01  7.62987545E-01  7.83585802E-01
 -4.56846016E-01  1.00000000E+00  7.30080139E-01 -2.16672651E+00  4.09843923E-01  1.30517957E+01  7.63652774E-01  7.81972733E-01
 -4.42715008E-01  1.00000000E+00  7.25283986E-01 -2.16608906E+00  4.09005196E-01  1.30271631E+01  7.64318203E-01  7.80362856E-01
 -4.29431964E-01  1.00000000E+00  7.20954789E-01 -2.16536940E+00  4.08348452E-01  1.30101169E+01  7.64812362E-01  7.79246650E-01
 -4.16148920E-01  1.00000000E+00  7.16625592E-01 -2.16465011E+00  4.07687664E-01  1.29930942E+01  7.65306812E-01  7.78131927E-01
 -4.03662954E-01  1.00000000E+00  7.13027629E-01 -2.16134103E+00  4.06738621E-01  1.29674280E+01  7.65157547E-01  7.76508122E-01
 -3.91176988E-01  1.00000000E+00  7.09429666E-01 -2.15803764E+00  4.06093918E-01  1.29418126E+01  7.65009051E-01  7.74887499E-01
 -3.79440270E-01  1.00000000E+00  7.06360588E-01 -2.15732944E+00  4.05548919E-01  1.29240609E+01  7.65398891E-01  7.73733039E-01
 -3.67703552E-01  1.00000000E+00  7.03291510E-01 -2.15662124E+00  4.05083081E-01  1.29063352E+01  7.65788791E-01  7.72580226E-01
 -3.56671122E-01  1.00000000E+00  7.00858325E-01 -2.15648136E+00  4.04838129E-01  1.28954365E+01  7.66136106E-01  7.71864573E-01
 -3.45638692E-01  1.00000000E+00  6.98425141E-01 -2.15634121E+00  4.04449323E-01  1.28845480E+01  7.66483480E-01  7.71149561E-01
 -3.35268287E-01  1.00000000E+00  6.96776824E-01 -2.15516773E+00  4.03654271E-01  1.28685777E+01  7.66725954E-01  7.70117840E-01
 -3.24897882E-01  1.00000000E+00  6.95128508E-01 -2.15399517E+00  4.03190780E-01  1.28526278E+01  7.66968578E-01  7.69087407E-01
 -3.15149775E-01  1.00000000E+00  6.93890683E-01 -2.15455658E+00  4.02878971E-01  1.28458780E+01  7.67522075E-01  7.68622649E-01
 -3.05401669E-01  1.00000000E+00  6.92652858E-01 -2.15511777E+00  4.02558732E-01  1.28391326E+01  7.68075864E-01  7.68158158E-01
 -2.96238520E-01  1.00000000E+00  6.91836819E-01 -2.15229394E+00  4.02097549E-01  1.28313915E+01  7.67355030E-01  7.67711413E-01
 -2.87075371E-01  1.00000000E+00  6.91020780E-01 -2.14947241E+00  4.02033439E-01  1.28236561E+01  7.66635139E-01  7.67264972E-01
 -2.78462077E-01  1.00000000E+00  6.90693872E-01 -2.14997201E+00  4.02322030E-01  1.28250779E+01  7.66708809E-01  7.67350760E-01
 -2.69848783E-01  1.00000000E+00  6.90366963E-01 -2.15047167E+00  4.02596812E-01  1.28264998E+01  7.66782510E-01  7.67436558E-01
 -2.61752348E-01  1.00000000E+00  6.90826562E-01 -2.15132381E+00  4.02445381E-01  1.28262069E+01  7.67084870E-01  7.67398676E-01
 -2.53655913E-01  1.00000000E+00  6.91286161E-01 -2.15217599E+00  4.02468514E-01  1.28259143E+01  7.67387351E-01  7.67360808E-01
 -2.46045323E-01  1.00000000E+00  6.91941796E-01 -2.15128970E+00  4.02727465E-01  1.28307919E+01  7.66869484E-01  7.67704153E-01
 -2.38434732E-01  1.00000000E+00  6.92597431E-01 -2.15040312E+00  4.02937705E-01  1.28356723E+01  7.66351871E-01  7.68047667E-01
 -2.31280830E-01  1.00000000E+00  6.94033583E-01 -2.15086723E+00  4.02904418E-01  1.28382820E+01  7.66455683E-01  7.68207132E-01
 -2.24126928E-01  1.00000000E+00  6.95469735E-01 -2.15133144E+00  4.03020720E-01  1.28408923E+01  7.66559513E-01  7.68366629E-01
 -2.17402314E-01  1.00000000E+00  6.97259110E-01 -2.15280191E+00  4.03052638E-01  1.28430627E+01  7.66969100E-01  7.68478686E-01
 -2.10677699E-01  1.00000000E+00  6.99048484E-01 -2.15427278E+00  4.03124462E-01  1.28452341E+01  7.67378971E-01  7.68590780E-01
 -2.04351753E-01  1.00000000E+00  7.01260434E-01 -2.15490554E+00  4.03475864E-01  1.28553236E+01  7.67165405E-01  7.69246432E-01
 -1.98025807E-01  1.00000000E+00  7.03472384E-01 -2.15553858E+00  4.03780867E-01  1.28654214E+01  7.66951920E-01  7.69902603E-01
 -1.91837501E-01  1.00000000E+00  7.06299465E-01 -2.15688800E+00  4.04033975E-01  1.28750394E+01  7.67143737E-01  7.70502450E-01
 -1.85649194E-01  1.00000000E+00  7.09126545E-01 -2.15823831E+00  4.04262383E-01  1.28846646E+01  7.67335661E-01  7.71102749E-01
 -1.79460888E-01  1.00000000E+00  7.12552027E-01 -2.15832725E+00  4.04716685E-01  1.29051834E+01  7.66559186E-01  7.72457907E-01
 -1.73272582E-01  1.00000000E+00  7.15977510E-01 -2.15841518E+00  4.05239990E-01  1.29257386E+01  7.65783110E-01  7.73815350E-01
 -1.67084275E-01  1.00000000E+00  7.20462474E-01 -2.16014011E+00  4.05421320E-01  1.29314072E+01  7.66188345E-01  7.74150289E-01
 -1.60895969E-01  1.00000000E+00  7.24947439E-01 -2.16186600E+00  4.05762341E-01  1.29370785E+01  7.66593907E-01  7.74485384E-01
 -1.54707662E-01  1.00000000E+00  7.30287021E-01 -2.16333176E+00  4.06519950E-01  1.29620290E+01  7.66077870E-01  7.76105983E-01
 -1.48519356E-01  1.00000000E+00  7.35626602E-01 -2.16479897E+00  4.07108392E-01  1.29870297E+01  7.65562216E-01  7.77729751E-01
 -1.42331049E-01  1.00000000E+00  7.42573714E-01 -2.17346873E+00  4.07702615E-01  1.30178533E+01  7.67614745E-01  7.79560634E-01
 -1.36142743E-01  1.00000000E+00  7.49520826E-01 -2.18216412E+00  4.08189710E-01  1.30487559E+01  7.69675359E-01  7.81396035E-01
 -1.29954436E-01  1.00000000E+00  7.57903742E-01 -2.17895099E+00  4.07640589E-01  1.30514989E+01  7.68519790E-01  7.81644122E-01
 -1.23766130E-01  1.00000000E+00  7.66286659E-01 -2.17573776E+00  4.07799034E-01  1.30542476E+01  7.67365926E-01  7.81892472E-01
 -1.17577823E-01  1.00000000E+00  7.76938040E-01 -2.17867321E+00  4.07586011E-01  1.30576276E+01  7.68331511E-01  7.82046117E-01
 -1.11389517E-01  1.00000000E+00  7.87589420E-01 -2.18161037E+00  4.07532528E-01  1.30610108E+01  7.69298383E-01  7.82199878E-01
 -1.05201210E-01  1.00000000E+00  8.00677773E-01 -2.18822319E+00  4.08403564E-01  1.30853919E+01  7.70736656E-01  7.83659879E-01
 -9.90129037E-02  1.00000000E+00  8.13766127E-01 -2.19485081E+00  4.08739641E-01  1.31098217E+01  7.72179425E-01  7.85122691E-01
 -9.28245972E-02  1.00000000E+00  8.31091801E-01 -2.19897788E+00  4.08194210E-01  1.31090538E+01  7.73767131E-01  7.84972789E-01
 -8.66362908E-02  1.00000000E+00  8.48417476E-01 -2.20310678E+00  4.06530876E-01  1.31082929E+01  7.75357888E-01  7.84823134E-01
 -8.04479843E-02  1.00000000E+00  8.71634131E-01 -2.20733396E+00  4.02106291E-01  1.30133471E+01  7.81537068E-01  7.78387910E-01
 -7.42596778E-02  1.00000000E+00  8.94850787E-01 -2.21152895E+00  3.97699315E-01  1.29192210E+01  7.87750889E-01  7.72002643E-01
 -6.80713713E-02  1.00000000E+00  9.21935431E-01 -2.20444991E+00  3.93942670E-01  1.28116604E+01  7.89374391E-01  7.65054565E-01
 -6.18830648E-02  1.00000000E+00  9.49020075E-01 -2.19739904E+00  3.85239913E-01  1.27050324E+01  7.91000851E-01  7.58165641E-01
 -5.56947583E-02  1.00000000E+00  9.87026602E-01 -2.42434537E+00  3.68468235E-01  1.20781276E+01  9.08598772E-01  7.10788196E-01
 -4.95064519E-02  1.00000000E+00  1.02503313E+00 -2.64582595E+00  3.39657211E-01  1.15240841E+01  1.03918655E+00  6.67220754E-01
 -4.33181454E-02  1.00000000E+00  1.15266798E+00 -1.73512041E+00  2.26883404E-01  6.78809189E+00  9.90539944E-01  3.68935124E-01
 -3.71298389E-02  1.00000000E+00  1.28030284E+00 -1.16299136E+00  1.40552626E-01  3.99693954E+00  1.03175732E+00  1.88693414E-01
 -3.09415324E-02  1.00000000E+00  1.53639894E+00 -5.99079645E-01  2.86156189E-02  1.06278441E+00  1.96518705E+00 -5.74256223E-02
 -2.47532259E-02  1.00000000E+00  1.79249505E+00 -3.85742846E-01  2.30924831E-01  2.81535989E-01  4.36300833E+00 -2.59730058E-01
 -1.85649194E-02  1.00000000E+00  2.61643985E+00 -6.27977933E-01  5.08855229E-01  6.83081313E-01  2.28127039E+00 -1.01702941E-01
 -1.23766130E-02  1.00000000E+00  3.44038465E+00 -9.51471964E-01  4.30320775E-01  1.59514868E+00  1.35424577E+00  1.53301853E-02
 -6.18830648E-03  1.00000000E+00  1.71452954E+00  2.23053407E+00  1.02907774E+00  2.97506070E+00  2.79290090E+00  1.15919873E-02
  0.00000000E+00  1.00000000E+00 -1.13255690E-02  2.50976015E+01  1.53754021E+01  2.51550930E+01  2.53923098E+01 -1.50956183E-02
