# model=oldroyd  theta_MLE: lambda=1.34728, beta=0.289804, eta_0=0.84621
# delta(x) = y_clean(x) - y_model(x; theta_MLE)   (x from curve4_x.txt)
# columns: x  delta
5.000000000000000000e+00 -1.591014696733505929e-03
4.950333040000000295e+00 -1.591134216755163422e-03
4.900666089999999642e+00 -1.591214012215180773e-03
4.850999129999999937e+00 -1.591244767385147085e-03
4.801332180000000172e+00 -1.591225419491415494e-03
4.751665219999999579e+00 -1.591167091752554441e-03
4.701998269999999813e+00 -1.591060037330116472e-03
4.652331310000000109e+00 -1.590925577507285027e-03
4.602664360000000343e+00 -1.590738335787600377e-03
4.552997399999999750e+00 -1.590521164217761907e-03
4.503330449999999985e+00 -1.590270088550171934e-03
4.453663490000000280e+00 -1.589965460092379601e-03
4.403996539999999627e+00 -1.589634035509268628e-03
4.354329579999999922e+00 -1.589246643783903679e-03
4.304662630000000156e+00 -1.588796435161743403e-03
4.254995669999999564e+00 -1.588301882591069969e-03
4.205328709999999859e+00 -1.587737292629398667e-03
4.155661760000000093e+00 -1.587084113336745261e-03
4.105994800000000389e+00 -1.586343244498022997e-03
4.056327849999999735e+00 -1.585493330546139390e-03
4.006660890000000030e+00 -1.584524390367603175e-03
3.956993939999999821e+00 -1.583401307528431445e-03
3.907326980000000116e+00 -1.582120848651946687e-03
3.857660029999999907e+00 -1.580636869272122880e-03
3.807993070000000202e+00 -1.578931528899651937e-03
3.758326119999999992e+00 -1.576969932934879637e-03
3.708659159999999844e+00 -1.574712485276519303e-03
3.658992210000000078e+00 -1.572102905870398359e-03
3.609325249999999929e+00 -1.569103152499806697e-03
3.559658300000000164e+00 -1.565654197273280701e-03
3.509991340000000015e+00 -1.561693368766992052e-03
3.460324389999999806e+00 -1.557161832554498915e-03
3.410657430000000101e+00 -1.551954738731708971e-03
3.360990469999999952e+00 -1.546009305918971677e-03
3.311323520000000187e+00 -1.539212621652241708e-03
3.261656560000000038e+00 -1.531476214801319458e-03
3.211989609999999828e+00 -1.522670831926919988e-03
3.162322650000000124e+00 -1.512653527035112688e-03
3.112655699999999914e+00 -1.501290553358680668e-03
3.062988740000000210e+00 -1.488452032120335389e-03
3.013321790000000000e+00 -1.473930389472410951e-03
2.963654829999999851e+00 -1.457575848318848344e-03
2.913987880000000086e+00 -1.439159427473191144e-03
2.864320919999999937e+00 -1.418496978606631487e-03
2.814653970000000172e+00 -1.395333898098538583e-03
2.764987010000000023e+00 -1.369453615338800390e-03
2.715320059999999813e+00 -1.340556688234073590e-03
2.665653100000000109e+00 -1.308390311882012824e-03
2.615986139999999960e+00 -1.272614572569441549e-03
2.566319190000000194e+00 -1.232969884335188837e-03
2.516652230000000046e+00 -1.189113607829916930e-03
2.466985279999999836e+00 -1.140724839146178837e-03
2.417318320000000131e+00 -1.087503925194077681e-03
2.367651369999999922e+00 -1.029014720425047713e-03
2.317984410000000217e+00 -9.649179714985578471e-04
2.268317460000000008e+00 -8.949068232413370794e-04
2.218650499999999859e+00 -8.185568069178916772e-04
2.168983550000000093e+00 -7.355524920558131896e-04
2.119316589999999945e+00 -6.456125081277797051e-04
2.069649640000000179e+00 -5.483350141195497685e-04
2.019982680000000030e+00 -4.435168325502836240e-04
1.970315730000000043e+00 -3.307795879461394861e-04
1.920648769999999894e+00 -2.100528628297126943e-04
1.870981809999999967e+00 -8.107433722792656283e-05
1.821314859999999980e+00 5.616213779857659461e-05
1.771647900000000053e+00 2.017249263792653124e-04
1.721980950000000066e+00 3.557349165121959089e-04
1.672313989999999917e+00 5.178390627582629691e-04
1.622647039999999929e+00 6.877491124319679017e-04
1.572980080000000003e+00 8.652764628169773431e-04
1.523313130000000015e+00 1.049460627970510984e-03
1.473646170000000089e+00 1.240081734473985620e-03
1.423979220000000101e+00 1.436234032643479708e-03
1.374312259999999952e+00 1.636979667158033891e-03
1.324645309999999965e+00 1.841226411644081296e-03
1.274978350000000038e+00 2.047081554092056166e-03
1.225311400000000051e+00 2.254082638354582002e-03
1.175644439999999902e+00 2.460305952508345939e-03
1.125977479999999975e+00 2.663719360334715347e-03
1.076310529999999988e+00 2.861440437248674584e-03
1.026643570000000061e+00 3.051621924375691464e-03
9.769766189999999906e-01 3.233037556885198782e-03
9.273096640000000335e-01 3.400820205463839230e-03
8.776427079999999936e-01 3.553842244891081137e-03
8.279757530000000365e-01 3.688834595971579589e-03
7.786002389999999718e-01 3.800339244168782216e-03
7.317317880000000496e-01 3.882877804769702124e-03
6.876846269999999928e-01 3.934092308955916550e-03
6.462889219999999879e-01 3.960970471106328716e-03
6.073850619999999756e-01 3.957759119999737507e-03
5.708230460000000006e-01 3.933656916434991047e-03
5.364619149999999559e-01 3.885144694380837649e-03
5.041691750000000249e-01 3.821256073473611181e-03
4.738203240000000149e-01 3.737644036866605290e-03
4.452983460000000115e-01 3.638518289989622900e-03
4.184932690000000011e-01 3.524963465497910065e-03
3.933017460000000076e-01 3.396807915883259810e-03
3.696266380000000074e-01 3.261766503509511139e-03
3.473766770000000226e-01 3.117841917193553414e-03
3.264660690000000254e-01 2.965440839418187480e-03
3.068141939999999845e-01 2.809014155463085416e-03
2.883452770000000109e-01 2.655046492787693779e-03
2.709881089999999770e-01 2.490431123407299552e-03
2.546757709999999952e-01 2.332712004002646111e-03
2.393453670000000033e-01 2.175702710673910190e-03
2.249377889999999991e-01 1.999490672920378742e-03
2.113974849999999961e-01 1.852895591283765242e-03
1.986678209999999944e-01 1.701529062200224374e-03
1.862510820000000122e-01 1.538365715732181727e-03
1.738343440000000018e-01 1.377972992358422744e-03
1.614176049999999918e-01 1.215703581324723004e-03
1.490008660000000096e-01 1.049160908777713175e-03
1.365841269999999996e-01 8.889405128180705162e-04
1.241673880000000035e-01 6.943365761753472754e-04
1.117506489999999936e-01 5.529474745271656388e-04
9.933391060000000550e-02 3.852350924875569405e-04
8.691717179999999821e-02 2.457764463890121931e-04
7.450043300000000479e-02 2.931734857147816342e-05
6.208369419999999750e-02 -3.760644645134370023e-05
4.966695530000000275e-02 -1.382787956474285096e-04
3.725021650000000240e-02 -2.568423148905374376e-04
2.483347769999999857e-02 -2.697895697045815666e-04
1.241673880000000035e-02 -1.693829234452604027e-04
0.000000000000000000e+00 0.000000000000000000e+00
