# curve 5 (die wall), step =      100, time =   4.00000000E+01
# N1 = tau_xx - tau_yy = G ( c_xx - c_yy ),  G =  1.4000E-01  (polymer part only)
#              x               y        pressure            c_xy        gammadot            c_xx            c_yy              N1
 -3.00000000E+00  1.00000000E+00  2.59290251E+00 -1.64669721E+00  4.20167849E-01  6.82391674E+00  9.18461462E-01  8.26763739E-01
 -2.97524677E+00  1.00000000E+00  2.57518476E+00 -1.64658390E+00  4.20180756E-01  6.82354156E+00  9.18444026E-01  8.26713655E-01
 -2.95049355E+00  1.00000000E+00  2.55746700E+00 -1.64647059E+00  4.20196429E-01  6.82316640E+00  9.18426593E-01  8.26663573E-01
 -2.92574032E+00  1.00000000E+00  2.53980276E+00 -1.64667081E+00  4.20202977E-01  6.82363382E+00  9.18486652E-01  8.26720604E-01
 -2.90098710E+00  1.00000000E+00  2.52213851E+00 -1.64687105E+00  4.20184834E-01  6.82410128E+00  9.18546719E-01  8.26777638E-01
 -2.87623387E+00  1.00000000E+00  2.50458379E+00 -1.64718263E+00  4.20153678E-01  6.82547802E+00  9.18601593E-01  8.26962700E-01
 -2.85148064E+00  1.00000000E+00  2.48702907E+00 -1.64749427E+00  4.20107226E-01  6.82685504E+00  9.18656479E-01  8.27147798E-01
 -2.82672742E+00  1.00000000E+00  2.46930381E+00 -1.64689106E+00  4.20104599E-01  6.82538398E+00  9.18482215E-01  8.26966247E-01
 -2.80197419E+00  1.00000000E+00  2.45157856E+00 -1.64628800E+00  4.20146565E-01  6.82391328E+00  9.18308018E-01  8.26784737E-01
 -2.77722097E+00  1.00000000E+00  2.43389056E+00 -1.64648087E+00  4.20161949E-01  6.82370426E+00  9.18392102E-01  8.26743702E-01
 -2.75246774E+00  1.00000000E+00  2.41620256E+00 -1.64667374E+00  4.20173996E-01  6.82349527E+00  9.18476197E-01  8.26702670E-01
 -2.72771451E+00  1.00000000E+00  2.39862241E+00 -1.64671895E+00  4.20174345E-01  6.82367091E+00  9.18505588E-01  8.26723145E-01
 -2.70296129E+00  1.00000000E+00  2.38104225E+00 -1.64676416E+00  4.20155507E-01  6.82384655E+00  9.18534980E-01  8.26743620E-01
 -2.67820806E+00  1.00000000E+00  2.36334181E+00 -1.64665738E+00  4.20142361E-01  6.82367018E+00  9.18479478E-01  8.26726698E-01
 -2.65345484E+00  1.00000000E+00  2.34564138E+00 -1.64655060E+00  4.20155003E-01  6.82349381E+00  9.18423980E-01  8.26709776E-01
 -2.62870161E+00  1.00000000E+00  2.32801540E+00 -1.64662125E+00  4.20161135E-01  6.82333516E+00  9.18467705E-01  8.26681444E-01
 -2.60394839E+00  1.00000000E+00  2.31038943E+00 -1.64669190E+00  4.20153409E-01  6.82317653E+00  9.18511432E-01  8.26653114E-01
 -2.57919516E+00  1.00000000E+00  2.29274095E+00 -1.64670082E+00  4.20166508E-01  6.82322909E+00  9.18527226E-01  8.26658261E-01
 -2.55444193E+00  1.00000000E+00  2.27509247E+00 -1.64670973E+00  4.20158416E-01  6.82328165E+00  9.18543021E-01  8.26663408E-01
 -2.52968871E+00  1.00000000E+00  2.25748148E+00 -1.64690073E+00  4.20128475E-01  6.82409910E+00  9.18580240E-01  8.26772640E-01
 -2.50493548E+00  1.00000000E+00  2.23987050E+00 -1.64709174E+00  4.20092383E-01  6.82491664E+00  9.18617464E-01  8.26881884E-01
 -2.48018226E+00  1.00000000E+00  2.22212643E+00 -1.64666901E+00  4.20118461E-01  6.82391202E+00  9.18478866E-01  8.26760642E-01
 -2.45542903E+00  1.00000000E+00  2.20438236E+00 -1.64624636E+00  4.20164594E-01  6.82290757E+00  9.18340301E-01  8.26639418E-01
 -2.43067580E+00  1.00000000E+00  2.18673575E+00 -1.64640835E+00  4.20190979E-01  6.82306024E+00  9.18392272E-01  8.26653516E-01
 -2.40592258E+00  1.00000000E+00  2.16908915E+00 -1.64657034E+00  4.20210411E-01  6.82321293E+00  9.18444248E-01  8.26667616E-01
 -2.38116935E+00  1.00000000E+00  2.15150475E+00 -1.64668474E+00  4.20198793E-01  6.82333420E+00  9.18516305E-01  8.26674505E-01
 -2.35641613E+00  1.00000000E+00  2.13392036E+00 -1.64679915E+00  4.20170239E-01  6.82345548E+00  9.18588368E-01  8.26681395E-01
 -2.33166290E+00  1.00000000E+00  2.11622680E+00 -1.64664596E+00  4.20159555E-01  6.82367699E+00  9.18486865E-01  8.26726618E-01
 -2.30690967E+00  1.00000000E+00  2.09853324E+00 -1.64649277E+00  4.20172649E-01  6.82389853E+00  9.18385371E-01  8.26771843E-01
 -2.28215645E+00  1.00000000E+00  2.08085152E+00 -1.64659161E+00  4.20189812E-01  6.82390130E+00  9.18418471E-01  8.26767595E-01
 -2.25740322E+00  1.00000000E+00  2.06316979E+00 -1.64669045E+00  4.20192674E-01  6.82390406E+00  9.18451573E-01  8.26763349E-01
 -2.23265000E+00  1.00000000E+00  2.04559623E+00 -1.64701014E+00  4.20171465E-01  6.82470124E+00  9.18569993E-01  8.26858375E-01
 -2.20789677E+00  1.00000000E+00  2.02802266E+00 -1.64732988E+00  4.20121994E-01  6.82549853E+00  9.18688433E-01  8.26953413E-01
 -2.18314354E+00  1.00000000E+00  2.01030712E+00 -1.64685956E+00  4.20113149E-01  6.82421759E+00  9.18552446E-01  8.26793120E-01
 -2.15839032E+00  1.00000000E+00  1.99259158E+00 -1.64638934E+00  4.20139474E-01  6.82293690E+00  9.18416498E-01  8.26632857E-01
 -2.13363709E+00  1.00000000E+00  1.97494092E+00 -1.64639208E+00  4.20162387E-01  6.82296182E+00  9.18400530E-01  8.26638581E-01
 -2.10888387E+00  1.00000000E+00  1.95729027E+00 -1.64639483E+00  4.20192294E-01  6.82298674E+00  9.18384563E-01  8.26644304E-01
 -2.08413064E+00  1.00000000E+00  1.93961806E+00 -1.64651726E+00  4.20217157E-01  6.82313646E+00  9.18429375E-01  8.26658992E-01
 -2.05937741E+00  1.00000000E+00  1.92194584E+00 -1.64663971E+00  4.20214080E-01  6.82328619E+00  9.18474191E-01  8.26673680E-01
 -2.03462419E+00  1.00000000E+00  1.90432888E+00 -1.64661834E+00  4.20198405E-01  6.82341876E+00  9.18469330E-01  8.26692920E-01
 -2.00987096E+00  1.00000000E+00  1.88671192E+00 -1.64659697E+00  4.20189026E-01  6.82355134E+00  9.18464469E-01  8.26712162E-01
 -1.98511774E+00  1.00000000E+00  1.86900769E+00 -1.64661877E+00  4.20180946E-01  6.82333788E+00  9.18481617E-01  8.26679877E-01
 -1.96036451E+00  1.00000000E+00  1.85130346E+00 -1.64664058E+00  4.20167015E-01  6.82312443E+00  9.18498765E-01  8.26647593E-01
 -1.93561128E+00  1.00000000E+00  1.83373472E+00 -1.64686771E+00  4.20139698E-01  6.82359511E+00  9.18592384E-01  8.26700382E-01
 -1.91085806E+00  1.00000000E+00  1.81616598E+00 -1.64709486E+00  4.20098310E-01  6.82406583E+00  9.18686014E-01  8.26753175E-01
 -1.88610483E+00  1.00000000E+00  1.79842722E+00 -1.64674442E+00  4.20080892E-01  6.82367603E+00  9.18524190E-01  8.26721258E-01
 -1.86135161E+00  1.00000000E+00  1.78068846E+00 -1.64639402E+00  4.20086928E-01  6.82328629E+00  9.18362400E-01  8.26689344E-01
 -1.83659838E+00  1.00000000E+00  1.76301509E+00 -1.64651348E+00  4.20098293E-01  6.82248930E+00  9.18493158E-01  8.26559460E-01
 -1.81184516E+00  1.00000000E+00  1.74534173E+00 -1.64663294E+00  4.20090497E-01  6.82169245E+00  9.18623930E-01  8.26429592E-01
 -1.78709193E+00  1.00000000E+00  1.72780666E+00 -1.64684045E+00  4.20042695E-01  6.82288654E+00  9.18651141E-01  8.26592956E-01
 -1.76233870E+00  1.00000000E+00  1.71027160E+00 -1.64704799E+00  4.19984822E-01  6.82408084E+00  9.18678357E-01  8.26756348E-01
 -1.73758548E+00  1.00000000E+00  1.69247081E+00 -1.64670681E+00  4.19986865E-01  6.82323498E+00  9.18560550E-01  8.26654420E-01
 -1.71283225E+00  1.00000000E+00  1.67467002E+00 -1.64636568E+00  4.19995545E-01  6.82238923E+00  9.18442766E-01  8.26552506E-01
 -1.68807903E+00  1.00000000E+00  1.65698897E+00 -1.64640246E+00  4.19958967E-01  6.82144256E+00  9.18522132E-01  8.26408860E-01
 -1.66332580E+00  1.00000000E+00  1.63930793E+00 -1.64643924E+00  4.19922924E-01  6.82049605E+00  9.18601502E-01  8.26265237E-01
 -1.63857257E+00  1.00000000E+00  1.62169724E+00 -1.64630871E+00  4.19929220E-01  6.82022717E+00  9.18570910E-01  8.26231877E-01
 -1.61381935E+00  1.00000000E+00  1.60408655E+00 -1.64617818E+00  4.19909817E-01  6.81995830E+00  9.18540320E-01  8.26198518E-01
 -1.58906612E+00  1.00000000E+00  1.58632849E+00 -1.64593728E+00  4.19856121E-01  6.81857406E+00  9.18511211E-01  8.26008799E-01
 -1.56431290E+00  1.00000000E+00  1.56857044E+00 -1.64569643E+00  4.19820317E-01  6.81719010E+00  9.18482107E-01  8.25819119E-01
 -1.53955967E+00  1.00000000E+00  1.55098636E+00 -1.64563049E+00  4.19788793E-01  6.81604076E+00  9.18541161E-01  8.25649944E-01
 -1.51480644E+00  1.00000000E+00  1.53340227E+00 -1.64556457E+00  4.19746613E-01  6.81489163E+00  9.18600217E-01  8.25480798E-01
 -1.49005322E+00  1.00000000E+00  1.51575234E+00 -1.64556508E+00  4.19681638E-01  6.81376181E+00  9.18707969E-01  8.25307537E-01
 -1.46529999E+00  1.00000000E+00  1.49810241E+00 -1.64556559E+00  4.19576127E-01  6.81263220E+00  9.18815730E-01  8.25134306E-01
 -1.44054677E+00  1.00000000E+00  1.48047368E+00 -1.64566486E+00  4.19458118E-01  6.81240516E+00  9.18902174E-01  8.25090417E-01
 -1.41579354E+00  1.00000000E+00  1.46284494E+00 -1.64576414E+00  4.19309968E-01  6.81217813E+00  9.18988624E-01  8.25046531E-01
 -1.39104031E+00  1.00000000E+00  1.44511199E+00 -1.64484860E+00  4.19207048E-01  6.80842610E+00  9.18824105E-01  8.24544280E-01
 -1.36628709E+00  1.00000000E+00  1.42737903E+00 -1.64393354E+00  4.19161883E-01  6.80467615E+00  9.18659705E-01  8.24042302E-01
 -1.34153386E+00  1.00000000E+00  1.40969741E+00 -1.64381617E+00  4.19076829E-01  6.80236518E+00  9.18749933E-01  8.23706134E-01
 -1.31678064E+00  1.00000000E+00  1.39201578E+00 -1.64369881E+00  4.18978657E-01  6.80005508E+00  9.18840162E-01  8.23370088E-01
 -1.29202741E+00  1.00000000E+00  1.37443924E+00 -1.64351764E+00  4.18843589E-01  6.79801801E+00  9.18923577E-01  8.23073220E-01
 -1.26727418E+00  1.00000000E+00  1.35686270E+00 -1.64333650E+00  4.18679482E-01  6.79598158E+00  9.19007003E-01  8.22776441E-01
 -1.24252096E+00  1.00000000E+00  1.33931120E+00 -1.64319444E+00  4.18505741E-01  6.79366491E+00  9.19123733E-01  8.22435765E-01
 -1.21776773E+00  1.00000000E+00  1.32175969E+00 -1.64305241E+00  4.18311406E-01  6.79134910E+00  9.19240475E-01  8.22095207E-01
 -1.19301451E+00  1.00000000E+00  1.30408394E+00 -1.64197757E+00  4.18111723E-01  6.78574912E+00  9.19146854E-01  8.21324317E-01
 -1.16826128E+00  1.00000000E+00  1.28640818E+00 -1.64090351E+00  4.17953150E-01  6.78015376E+00  9.19053380E-01  8.20554053E-01
 -1.14350806E+00  1.00000000E+00  1.26887260E+00 -1.64056173E+00  4.17745200E-01  6.77655758E+00  9.19144783E-01  8.20037792E-01
 -1.11875483E+00  1.00000000E+00  1.25133702E+00 -1.64022005E+00  4.17534697E-01  6.77296341E+00  9.19236197E-01  8.19521810E-01
 -1.09400160E+00  1.00000000E+00  1.23380840E+00 -1.63959730E+00  4.17296380E-01  6.76798571E+00  9.19311712E-01  8.18814360E-01
 -1.06924838E+00  1.00000000E+00  1.21627978E+00 -1.63897488E+00  4.17053203E-01  6.76301177E+00  9.19387272E-01  8.18107429E-01
 -1.04449515E+00  1.00000000E+00  1.19884756E+00 -1.63820023E+00  4.16776266E-01  6.75688816E+00  9.19481301E-01  8.17236960E-01
 -1.01974193E+00  1.00000000E+00  1.18141533E+00 -1.63742608E+00  4.16481517E-01  6.75077024E+00  9.19575403E-01  8.16367277E-01
 -9.94988700E-01  1.00000000E+00  1.16406172E+00 -1.63651441E+00  4.16144014E-01  6.74430057E+00  9.19642714E-01  8.15452100E-01
 -9.70235474E-01  1.00000000E+00  1.14670810E+00 -1.63560340E+00  4.15818041E-01  6.73783722E+00  9.19710133E-01  8.14537792E-01
 -9.45482248E-01  1.00000000E+00  1.12934973E+00 -1.63468760E+00  4.15469819E-01  6.73080224E+00  9.19795903E-01  8.13540888E-01
 -9.20729022E-01  1.00000000E+00  1.11199136E+00 -1.63377249E+00  4.15113884E-01  6.72377479E+00  9.19881767E-01  8.12545024E-01
 -8.95975796E-01  1.00000000E+00  1.09486564E+00 -1.63262039E+00  4.14730398E-01  6.71481837E+00  9.20007774E-01  8.11273484E-01
 -8.71222570E-01  1.00000000E+00  1.07773993E+00 -1.63146942E+00  4.14346104E-01  6.70587419E+00  9.20133941E-01  8.10003634E-01
 -8.46469344E-01  1.00000000E+00  1.06072682E+00 -1.63051221E+00  4.13889624E-01  6.69815710E+00  9.20291211E-01  8.08901225E-01
 -8.21716118E-01  1.00000000E+00  1.04371371E+00 -1.62955580E+00  4.13412080E-01  6.69044915E+00  9.20448623E-01  8.07800074E-01
 -7.97201467E-01  1.00000000E+00  1.02695974E+00 -1.62846305E+00  4.13035507E-01  6.68212913E+00  9.20536107E-01  8.06623024E-01
 -7.72686817E-01  1.00000000E+00  1.01020577E+00 -1.62737129E+00  4.12653362E-01  6.67381972E+00  9.20623716E-01  8.05447441E-01
 -7.49503432E-01  1.00000000E+00  9.94677358E-01 -1.62647183E+00  4.12235947E-01  6.66597789E+00  9.20804698E-01  8.04324246E-01
 -7.26320047E-01  1.00000000E+00  9.79148945E-01 -1.62557310E+00  4.11812226E-01  6.65814559E+00  9.20985800E-01  8.03202370E-01
 -7.04527831E-01  1.00000000E+00  9.64788779E-01 -1.62439478E+00  4.11379078E-01  6.65021687E+00  9.21051411E-01  8.02083164E-01
 -6.82735615E-01  1.00000000E+00  9.50428612E-01 -1.62321757E+00  4.10994817E-01  6.64229773E+00  9.21117211E-01  8.00965273E-01
 -6.62251087E-01  1.00000000E+00  9.36955980E-01 -1.62218972E+00  4.10761659E-01  6.63642503E+00  9.21027657E-01  8.00155633E-01
 -6.41766559E-01  1.00000000E+00  9.23483348E-01 -1.62116262E+00  4.10540664E-01  6.63055755E+00  9.20938213E-01  7.99346708E-01
 -6.22511254E-01  1.00000000E+00  9.11265401E-01 -1.62045290E+00  4.10286710E-01  6.62521708E+00  9.21007159E-01  7.98589389E-01
 -6.03255949E-01  1.00000000E+00  8.99047454E-01 -1.61974361E+00  4.10053418E-01  6.61988101E+00  9.21076166E-01  7.97832679E-01
 -5.85156097E-01  1.00000000E+00  8.87805067E-01 -1.61921190E+00  4.09862595E-01  6.61568213E+00  9.21140637E-01  7.97235809E-01
 -5.67056245E-01  1.00000000E+00  8.76562680E-01 -1.61868043E+00  4.09710360E-01  6.61148598E+00  9.21205142E-01  7.96639317E-01
 -5.50042515E-01  1.00000000E+00  8.66171188E-01 -1.61845289E+00  4.09687672E-01  6.61046602E+00  9.21149379E-01  7.96504329E-01
 -5.33028786E-01  1.00000000E+00  8.55779695E-01 -1.61822538E+00  4.09646031E-01  6.60944621E+00  9.21093624E-01  7.96369363E-01
 -5.17036006E-01  1.00000000E+00  8.46492294E-01 -1.61877816E+00  4.09616271E-01  6.61053593E+00  9.21330415E-01  7.96488772E-01
 -5.01043227E-01  1.00000000E+00  8.37204893E-01 -1.61933106E+00  4.09589741E-01  6.61162588E+00  9.21567279E-01  7.96608204E-01
 -4.86010125E-01  1.00000000E+00  8.28512458E-01 -1.61916225E+00  4.09698698E-01  6.61360222E+00  9.21295997E-01  7.96922871E-01
 -4.70977023E-01  1.00000000E+00  8.19820023E-01 -1.61899341E+00  4.09945389E-01  6.61557934E+00  9.21024775E-01  7.97237639E-01
 -4.56846016E-01  1.00000000E+00  8.12170837E-01 -1.62008456E+00  4.10201653E-01  6.62192361E+00  9.21069153E-01  7.98119624E-01
 -4.42715008E-01  1.00000000E+00  8.04521652E-01 -1.62117658E+00  4.10523745E-01  6.62827401E+00  9.21113676E-01  7.99002446E-01
 -4.29431964E-01  1.00000000E+00  7.97547753E-01 -1.62227903E+00  4.10972132E-01  6.63739220E+00  9.20917771E-01  8.00306420E-01
 -4.16148920E-01  1.00000000E+00  7.90573855E-01 -1.62338258E+00  4.11469178E-01  6.64652332E+00  9.20722053E-01  8.01612177E-01
 -4.03662954E-01  1.00000000E+00  7.84344602E-01 -1.62456320E+00  4.11955544E-01  6.65736117E+00  9.20482390E-01  8.03163029E-01
 -3.91176988E-01  1.00000000E+00  7.78115350E-01 -1.62574508E+00  4.12580159E-01  6.66821741E+00  9.20242893E-01  8.04716433E-01
 -3.79440270E-01  1.00000000E+00  7.72611988E-01 -1.62813256E+00  4.13284141E-01  6.68308811E+00  9.20252120E-01  8.06797039E-01
 -3.67703552E-01  1.00000000E+00  7.67108626E-01 -1.63052435E+00  4.14046745E-01  6.69799228E+00  9.20262040E-01  8.08882234E-01
 -3.56671122E-01  1.00000000E+00  7.62371754E-01 -1.63274851E+00  4.14971887E-01  6.71572240E+00  9.19954354E-01  8.11407527E-01
 -3.45638692E-01  1.00000000E+00  7.57634882E-01 -1.63497698E+00  4.15891748E-01  6.73350075E+00  9.19647333E-01  8.13939479E-01
 -3.35268287E-01  1.00000000E+00  7.53409734E-01 -1.63751861E+00  4.16752325E-01  6.75346758E+00  9.19414651E-01  8.16767410E-01
 -3.24897882E-01  1.00000000E+00  7.49184585E-01 -1.64006563E+00  4.17798049E-01  6.77349522E+00  9.19182617E-01  8.19603764E-01
 -3.15149775E-01  1.00000000E+00  7.45595197E-01 -1.64326079E+00  4.18998714E-01  6.79755581E+00  9.18880075E-01  8.23014603E-01
 -3.05401669E-01  1.00000000E+00  7.42005808E-01 -1.64646447E+00  4.20257750E-01  6.82170381E+00  9.18578792E-01  8.26437502E-01
 -2.96238520E-01  1.00000000E+00  7.38937446E-01 -1.64978475E+00  4.21579666E-01  6.85067248E+00  9.17984037E-01  8.30576382E-01
 -2.87075371E-01  1.00000000E+00  7.35869083E-01 -1.65311482E+00  4.23093554E-01  6.87976842E+00  9.17390719E-01  8.34732877E-01
 -2.78462077E-01  1.00000000E+00  7.33559530E-01 -1.65716717E+00  4.24694308E-01  6.91024859E+00  9.16994196E-01  8.39055615E-01
 -2.69848783E-01  1.00000000E+00  7.31249978E-01 -1.66123311E+00  4.26353115E-01  6.94086671E+00  9.16599783E-01  8.43397370E-01
 -2.61752348E-01  1.00000000E+00  7.29428300E-01 -1.66625240E+00  4.27995495E-01  6.97638793E+00  9.16442252E-01  8.48392395E-01
 -2.53655913E-01  1.00000000E+00  7.27606622E-01 -1.67129131E+00  4.29716131E-01  7.01209411E+00  9.16287301E-01  8.53412954E-01
 -2.46045323E-01  1.00000000E+00  7.26272343E-01 -1.67521438E+00  4.31605131E-01  7.04894729E+00  9.15416037E-01  8.58694376E-01
 -2.38434732E-01  1.00000000E+00  7.24938064E-01 -1.67915129E+00  4.33549194E-01  7.08600179E+00  9.14546919E-01  8.64003682E-01
 -2.31280830E-01  1.00000000E+00  7.24056114E-01 -1.68426500E+00  4.35514496E-01  7.12605646E+00  9.14104686E-01  8.69673248E-01
 -2.24126928E-01  1.00000000E+00  7.23174163E-01 -1.68939984E+00  4.37561189E-01  7.16634305E+00  9.13665189E-01  8.75374900E-01
 -2.17402314E-01  1.00000000E+00  7.22932313E-01 -1.69576103E+00  4.39644333E-01  7.21131680E+00  9.13474675E-01  8.81697898E-01
 -2.10677699E-01  1.00000000E+00  7.22690463E-01 -1.70215304E+00  4.41783427E-01  7.25657731E+00  9.13288377E-01  8.88060451E-01
 -2.04351753E-01  1.00000000E+00  7.22840544E-01 -1.70776709E+00  4.44134313E-01  7.30433812E+00  9.12513263E-01  8.94855480E-01
 -1.98025807E-01  1.00000000E+00  7.22990625E-01 -1.71340731E+00  4.46528922E-01  7.35242264E+00  9.11741755E-01  9.01695323E-01
 -1.91837501E-01  1.00000000E+00  7.23619901E-01 -1.72008346E+00  4.49111157E-01  7.40557261E+00  9.11175567E-01  9.09215586E-01
 -1.85649194E-01  1.00000000E+00  7.24249177E-01 -1.72679480E+00  4.51766947E-01  7.45911607E+00  9.10613863E-01  9.16790309E-01
 -1.79460888E-01  1.00000000E+00  7.25310584E-01 -1.73292857E+00  4.54840486E-01  7.51935929E+00  9.09219004E-01  9.25419641E-01
 -1.73272582E-01  1.00000000E+00  7.26371990E-01 -1.73909501E+00  4.58009541E-01  7.58010852E+00  9.07829180E-01  9.34119107E-01
 -1.67084275E-01  1.00000000E+00  7.28474719E-01 -1.74880527E+00  4.61289403E-01  7.64971959E+00  9.07681410E-01  9.43885346E-01
 -1.60895969E-01  1.00000000E+00  7.30577447E-01 -1.75858433E+00  4.64628948E-01  7.71997961E+00  9.07542485E-01  9.53741197E-01
 -1.54707662E-01  1.00000000E+00  7.33207650E-01 -1.76685886E+00  4.68531516E-01  7.79832794E+00  9.06044875E-01  9.64919629E-01
 -1.48519356E-01  1.00000000E+00  7.35837852E-01 -1.77518978E+00  4.72491014E-01  7.87749973E+00  9.04554987E-01  9.76212264E-01
 -1.42331049E-01  1.00000000E+00  7.39784679E-01 -1.78717556E+00  4.76966197E-01  7.96789736E+00  9.04065208E-01  9.88936502E-01
 -1.36142743E-01  1.00000000E+00  7.43731506E-01 -1.79926625E+00  4.81533991E-01  8.05935010E+00  9.03589235E-01  1.00180652E+00
 -1.29954436E-01  1.00000000E+00  7.48613334E-01 -1.81017833E+00  4.86053369E-01  8.15894996E+00  9.02279419E-01  1.01593388E+00
 -1.23766130E-01  1.00000000E+00  7.53495163E-01 -1.82118134E+00  4.90999258E-01  8.25981934E+00  9.00979349E-01  1.03023760E+00
 -1.17577823E-01  1.00000000E+00  7.60252430E-01 -1.83511114E+00  4.96307670E-01  8.37488893E+00  9.00050251E-01  1.04647741E+00
 -1.11389517E-01  1.00000000E+00  7.67009697E-01 -1.84918220E+00  5.01905148E-01  8.49159728E+00  8.99137749E-01  1.06294433E+00
 -1.05201210E-01  1.00000000E+00  7.75842760E-01 -1.86414801E+00  5.08602300E-01  8.62321507E+00  8.97676195E-01  1.08157544E+00
 -9.90129037E-02  1.00000000E+00  7.84675824E-01 -1.87927828E+00  5.15110565E-01  8.75692545E+00  8.96234325E-01  1.10049676E+00
 -9.28245972E-02  1.00000000E+00  7.96153336E-01 -1.89563630E+00  5.22077427E-01  8.89577279E+00  8.95245284E-01  1.12007385E+00
 -8.66362908E-02  1.00000000E+00  8.07630847E-01 -1.91218148E+00  5.28262501E-01  9.03687039E+00  8.94276836E-01  1.13996310E+00
 -8.04479843E-02  1.00000000E+00  8.25061376E-01 -1.93133189E+00  5.32684732E-01  9.15636565E+00  8.96395202E-01  1.15639586E+00
 -7.42596778E-02  1.00000000E+00  8.42491905E-01 -1.95069638E+00  5.37567217E-01  9.27744618E+00  8.98542083E-01  1.17304657E+00
 -6.80713713E-02  1.00000000E+00  8.61026308E-01 -1.96019474E+00  5.43523674E-01  9.38919472E+00  8.96337615E-01  1.18899999E+00
 -6.18830648E-02  1.00000000E+00  8.79560711E-01 -1.96975797E+00  5.45551107E-01  9.50235013E+00  8.94140581E-01  1.20514934E+00
 -5.56947583E-02  1.00000000E+00  9.13426549E-01 -2.10426386E+00  5.39870163E-01  9.43397760E+00  9.59479685E-01  1.18642971E+00
 -4.95064519E-02  1.00000000E+00  9.47292388E-01 -2.24037649E+00  5.21039195E-01  9.37573339E+00  1.02929280E+00  1.16850168E+00
 -4.33181454E-02  1.00000000E+00  1.04615442E+00 -1.96009905E+00  4.37986298E-01  7.72011687E+00  1.03080214E+00  9.36504061E-01
 -3.71298389E-02  1.00000000E+00  1.14501646E+00 -1.72223557E+00  3.67918156E-01  6.35854167E+00  1.04177404E+00  7.44347469E-01
 -3.09415324E-02  1.00000000E+00  1.34206479E+00 -1.50378652E+00  2.40665849E-01  4.46122953E+00  1.17963809E+00  4.59422802E-01
 -2.47532259E-02  1.00000000E+00  1.53911312E+00 -1.34280502E+00  1.31927092E-01  3.15541205E+00  1.35180802E+00  2.52504563E-01
 -1.85649194E-02  1.00000000E+00  2.54876888E+00 -1.79036459E+00  2.50961142E-01  4.10858841E+00  1.39520438E+00  3.79873764E-01
 -1.23766130E-02  1.00000000E+00  3.55842465E+00 -2.34874837E+00  3.78680375E-01  5.35579656E+00  1.51420134E+00  5.37823331E-01
 -6.18830648E-03  1.00000000E+00  1.90465379E+00  1.94404893E+00  1.42290479E+00  5.93339742E+00  1.42974964E+00  6.30510689E-01
  0.00000000E+00  1.00000000E+00  2.50882929E-01  1.99870393E+01  7.81113059E+00  2.76229556E+01  1.47708559E+01  1.79929397E+00
