# model=oldroyd  theta_MLE: lambda=0.384578, beta=0.0807184, eta_0=0.846467
# delta(x) = y_clean(x) - y_model(x; theta_MLE)   (x from curve4_x.txt)
# columns: x  delta
5.000000000000000000e+00 -5.161255556092037011e-04
4.950333040000000295e+00 -5.161890384770551066e-04
4.900666089999999642e+00 -5.162449457534190600e-04
4.850999129999999937e+00 -5.162889613772314590e-04
4.801332180000000172e+00 -5.163378934898155137e-04
4.751665219999999579e+00 -5.163749904772974020e-04
4.701998269999999813e+00 -5.164091763496525544e-04
4.652331310000000109e+00 -5.164432546325148365e-04
4.602664360000000343e+00 -5.164673668636154957e-04
4.552997399999999750e+00 -5.164886203647967022e-04
4.503330449999999985e+00 -5.165120514736276647e-04
4.453663490000000280e+00 -5.165284140427051085e-04
4.403996539999999627e+00 -5.165373795648076083e-04
4.354329579999999922e+00 -5.165503162258833214e-04
4.304662630000000156e+00 -5.165568395570918625e-04
4.254995669999999564e+00 -5.165608929100784508e-04
4.205328709999999859e+00 -5.165585913140535723e-04
4.155661760000000093e+00 -5.165618999378729370e-04
4.105994800000000389e+00 -5.165667045177180228e-04
4.056327849999999735e+00 -5.165636893256220219e-04
4.006660890000000030e+00 -5.165600391099367528e-04
3.956993939999999821e+00 -5.165529369259846959e-04
3.907326980000000116e+00 -5.165475434092403617e-04
3.857660029999999907e+00 -5.165403422657810495e-04
3.807993070000000202e+00 -5.165354919500764197e-04
3.758326119999999992e+00 -5.165334459544812518e-04
3.708659159999999844e+00 -5.165247840663855783e-04
3.658992210000000078e+00 -5.165171923440237123e-04
3.609325249999999929e+00 -5.165130915230076170e-04
3.559658300000000164e+00 -5.165064962888710198e-04
3.509991340000000015e+00 -5.165007614924554957e-04
3.460324389999999806e+00 -5.165016972215052959e-04
3.410657430000000101e+00 -5.165049944284572092e-04
3.360990469999999952e+00 -5.164943368825003489e-04
3.311323520000000187e+00 -5.164957049712537440e-04
3.261656560000000038e+00 -5.164896539924246355e-04
3.211989609999999828e+00 -5.164901573062596896e-04
3.162322650000000124e+00 -5.164753726587534288e-04
3.112655699999999914e+00 -5.164842803195845988e-04
3.062988740000000210e+00 -5.164765036744789484e-04
3.013321790000000000e+00 -5.164718104679888455e-04
2.963654829999999851e+00 -5.164399138624098384e-04
2.913987880000000086e+00 -5.164254639700160965e-04
2.864320919999999937e+00 -5.163948297901566065e-04
2.814653970000000172e+00 -5.163296572625597491e-04
2.764987010000000023e+00 -5.162546923322963721e-04
2.715320059999999813e+00 -5.161721635011939924e-04
2.665653100000000109e+00 -5.160407944158063032e-04
2.615986139999999960e+00 -5.158968228189397820e-04
2.566319190000000194e+00 -5.157261014721026271e-04
2.516652230000000046e+00 -5.155035503274785214e-04
2.466985279999999836e+00 -5.152381416524409730e-04
2.417318320000000131e+00 -5.149107568467314877e-04
2.367651369999999922e+00 -5.145043627308165668e-04
2.317984410000000217e+00 -5.140340585103597704e-04
2.268317460000000008e+00 -5.134833389295323514e-04
2.218650499999999859e+00 -5.128300085559533983e-04
2.168983550000000093e+00 -5.120866501764353984e-04
2.119316589999999945e+00 -5.112165059639739439e-04
2.069649640000000179e+00 -5.102287793092852297e-04
2.019982680000000030e+00 -5.091173552052019602e-04
1.970315730000000043e+00 -5.078306385510877874e-04
1.920648769999999894e+00 -5.064006455557379383e-04
1.870981809999999967e+00 -5.048275378403133118e-04
1.821314859999999980e+00 -5.030524349804998963e-04
1.771647900000000053e+00 -5.010763948010144020e-04
1.721980950000000066e+00 -4.989154882424351456e-04
1.672313989999999917e+00 -4.966398239771852019e-04
1.622647039999999929e+00 -4.941209947488811594e-04
1.572980080000000003e+00 -4.914142561103229667e-04
1.523313130000000015e+00 -4.883948099199120207e-04
1.473646170000000089e+00 -4.851745742597834976e-04
1.423979220000000101e+00 -4.816958670823545674e-04
1.374312259999999952e+00 -4.781368158115473221e-04
1.324645309999999965e+00 -4.742875250165479173e-04
1.274978350000000038e+00 -4.701256126939945545e-04
1.225311400000000051e+00 -4.658635161223223520e-04
1.175644439999999902e+00 -4.613662174790533754e-04
1.125977479999999975e+00 -4.569248676693504763e-04
1.076310529999999988e+00 -4.519610787576677779e-04
1.026643570000000061e+00 -4.474430278997854060e-04
9.769766189999999906e-01 -4.420357881966818780e-04
9.273096640000000335e-01 -4.378686829524802704e-04
8.776427079999999936e-01 -4.330667579290903291e-04
8.279757530000000365e-01 -4.278007731357558185e-04
7.786002389999999718e-01 -4.232694438519590818e-04
7.317317880000000496e-01 -4.184340648014650554e-04
6.876846269999999928e-01 -4.151091228603576155e-04
6.462889219999999879e-01 -4.116355983037056632e-04
6.073850619999999756e-01 -4.083774538763407236e-04
5.708230460000000006e-01 -4.056953355791037552e-04
5.364619149999999559e-01 -4.021757883618803930e-04
5.041691750000000249e-01 -3.980819372924049304e-04
4.738203240000000149e-01 -3.953304692629888706e-04
4.452983460000000115e-01 -3.928622038180673570e-04
4.184932690000000011e-01 -3.881113220307597089e-04
3.933017460000000076e-01 -3.833190177569001378e-04
3.696266380000000074e-01 -3.785359021259981915e-04
3.473766770000000226e-01 -3.730602373230862412e-04
3.264660690000000254e-01 -3.668182584353196773e-04
3.068141939999999845e-01 -3.581639534842029349e-04
2.883452770000000109e-01 -3.510359300988863396e-04
2.709881089999999770e-01 -3.439462706280593807e-04
2.546757709999999952e-01 -3.340764240145066566e-04
2.393453670000000033e-01 -3.258897185458575763e-04
2.249377889999999991e-01 -3.152317199586196494e-04
2.113974849999999961e-01 -3.023525554051165187e-04
1.986678209999999944e-01 -2.917535732509524138e-04
1.862510820000000122e-01 -2.791923112728245115e-04
1.738343440000000018e-01 -2.661295680388420237e-04
1.614176049999999918e-01 -2.510663499910581464e-04
1.490008660000000096e-01 -2.328083470746200589e-04
1.365841269999999996e-01 -2.135450174811648338e-04
1.241673880000000035e-01 -1.913738242917961685e-04
1.117506489999999936e-01 -1.695102059069419909e-04
9.933391060000000550e-02 -1.451989324494640243e-04
8.691717179999999821e-02 -1.187628724408362757e-04
7.450043300000000479e-02 -8.663130036046240434e-05
6.208369419999999750e-02 -5.631477375800386653e-05
4.966695530000000275e-02 -2.487908713622033474e-05
3.725021650000000240e-02 -2.995827146357044057e-07
2.483347769999999857e-02 2.600117023310311026e-05
1.241673880000000035e-02 1.116274798351746256e-05
0.000000000000000000e+00 0.000000000000000000e+00
