# curve 5 (die wall), step =     1000, time =   4.00000000E+02
# N1 = tau_xx - tau_yy = G ( c_xx - c_yy ),  G =  3.0000E-01  (polymer part only)
#              x               y        pressure            c_xy        gammadot            c_xx            c_yy              N1
 -3.00000000E+00  1.00000000E+00  1.81918937E+00 -7.56018163E-01  4.75936085E-01  2.27798584E+00  7.45729517E-01  4.59676896E-01
 -2.97524677E+00  1.00000000E+00  1.80560934E+00 -7.55904940E-01  4.75994156E-01  2.27786268E+00  7.45690911E-01  4.59651532E-01
 -2.95049355E+00  1.00000000E+00  1.79202932E+00 -7.55791723E-01  4.76040701E-01  2.27773954E+00  7.45652312E-01  4.59626170E-01
 -2.92574032E+00  1.00000000E+00  1.77849568E+00 -7.55939786E-01  4.76012704E-01  2.27770873E+00  7.45762895E-01  4.59583750E-01
 -2.90098710E+00  1.00000000E+00  1.76496204E+00 -7.56087856E-01  4.75907496E-01  2.27767794E+00  7.45873498E-01  4.59541331E-01
 -2.87623387E+00  1.00000000E+00  1.75138274E+00 -7.56174785E-01  4.75814210E-01  2.27776674E+00  7.45902531E-01  4.59559264E-01
 -2.85148064E+00  1.00000000E+00  1.73780343E+00 -7.56261717E-01  4.75645147E-01  2.27785556E+00  7.45931568E-01  4.59577197E-01
 -2.82672742E+00  1.00000000E+00  1.72414053E+00 -7.56002311E-01  4.75798608E-01  2.27781726E+00  7.45768346E-01  4.59614674E-01
 -2.80197419E+00  1.00000000E+00  1.71047763E+00 -7.55742931E-01  4.75922021E-01  2.27777902E+00  7.45605174E-01  4.59652154E-01
 -2.77722097E+00  1.00000000E+00  1.69692575E+00 -7.55882618E-01  4.75945402E-01  2.27789367E+00  7.45663363E-01  4.59669092E-01
 -2.75246774E+00  1.00000000E+00  1.68337388E+00 -7.56022314E-01  4.75983692E-01  2.27800834E+00  7.45721565E-01  4.59686032E-01
 -2.72771451E+00  1.00000000E+00  1.66979228E+00 -7.55984037E-01  4.76038098E-01  2.27797805E+00  7.45707834E-01  4.59681064E-01
 -2.70296129E+00  1.00000000E+00  1.65621069E+00 -7.55945761E-01  4.76029619E-01  2.27794776E+00  7.45694105E-01  4.59676097E-01
 -2.67820806E+00  1.00000000E+00  1.64263311E+00 -7.55998914E-01  4.75988402E-01  2.27796385E+00  7.45723501E-01  4.59672103E-01
 -2.65345484E+00  1.00000000E+00  1.62905553E+00 -7.56052068E-01  4.75971548E-01  2.27797993E+00  7.45752899E-01  4.59668110E-01
 -2.62870161E+00  1.00000000E+00  1.61545349E+00 -7.56017810E-01  4.75958204E-01  2.27795044E+00  7.45739223E-01  4.59663364E-01
 -2.60394839E+00  1.00000000E+00  1.60185145E+00 -7.55983552E-01  4.75956863E-01  2.27792094E+00  7.45725547E-01  4.59658618E-01
 -2.57919516E+00  1.00000000E+00  1.58829671E+00 -7.55971467E-01  4.75986587E-01  2.27783779E+00  7.45743967E-01  4.59628147E-01
 -2.55444193E+00  1.00000000E+00  1.57474197E+00 -7.55959382E-01  4.75979763E-01  2.27775464E+00  7.45762387E-01  4.59597676E-01
 -2.52968871E+00  1.00000000E+00  1.56117077E+00 -7.56051868E-01  4.75919226E-01  2.27781185E+00  7.45805402E-01  4.59601933E-01
 -2.50493548E+00  1.00000000E+00  1.54759957E+00 -7.56144358E-01  4.75813583E-01  2.27786906E+00  7.45848422E-01  4.59606191E-01
 -2.48018226E+00  1.00000000E+00  1.53395318E+00 -7.55954722E-01  4.75916569E-01  2.27782188E+00  7.45735128E-01  4.59626026E-01
 -2.45542903E+00  1.00000000E+00  1.52030678E+00 -7.55765100E-01  4.76003144E-01  2.27777474E+00  7.45621860E-01  4.59645864E-01
 -2.43067580E+00  1.00000000E+00  1.50674922E+00 -7.55845762E-01  4.76031876E-01  2.27789522E+00  7.45639068E-01  4.59676845E-01
 -2.40592258E+00  1.00000000E+00  1.49319165E+00 -7.55926428E-01  4.76075192E-01  2.27801571E+00  7.45656280E-01  4.59707828E-01
 -2.38116935E+00  1.00000000E+00  1.47961370E+00 -7.55914327E-01  4.76133454E-01  2.27796647E+00  7.45665323E-01  4.59690344E-01
 -2.35641613E+00  1.00000000E+00  1.46603576E+00 -7.55902227E-01  4.76122434E-01  2.27791723E+00  7.45674366E-01  4.59672860E-01
 -2.33166290E+00  1.00000000E+00  1.45246229E+00 -7.55941004E-01  4.76067548E-01  2.27788285E+00  7.45710156E-01  4.59651807E-01
 -2.30690967E+00  1.00000000E+00  1.43888883E+00 -7.55979781E-01  4.76000127E-01  2.27784846E+00  7.45745947E-01  4.59630755E-01
 -2.28215645E+00  1.00000000E+00  1.42531543E+00 -7.56015879E-01  4.75955351E-01  2.27785466E+00  7.45768054E-01  4.59625982E-01
 -2.25740322E+00  1.00000000E+00  1.41174203E+00 -7.56051977E-01  4.75932516E-01  2.27786086E+00  7.45790163E-01  4.59621210E-01
 -2.23265000E+00  1.00000000E+00  1.39815270E+00 -7.56070118E-01  4.75910291E-01  2.27788977E+00  7.45792338E-01  4.59629230E-01
 -2.20789677E+00  1.00000000E+00  1.38456337E+00 -7.56088260E-01  4.75834363E-01  2.27791868E+00  7.45794513E-01  4.59637250E-01
 -2.18314354E+00  1.00000000E+00  1.37092641E+00 -7.55942796E-01  4.75927063E-01  2.27786404E+00  7.45714083E-01  4.59644988E-01
 -2.15839032E+00  1.00000000E+00  1.35728944E+00 -7.55797341E-01  4.76000073E-01  2.27780943E+00  7.45633667E-01  4.59652728E-01
 -2.13363709E+00  1.00000000E+00  1.34374699E+00 -7.55840417E-01  4.76020468E-01  2.27785535E+00  7.45647916E-01  4.59662231E-01
 -2.10888387E+00  1.00000000E+00  1.33020454E+00 -7.55883495E-01  4.76047516E-01  2.27790128E+00  7.45662166E-01  4.59671735E-01
 -2.08413064E+00  1.00000000E+00  1.31661296E+00 -7.55894215E-01  4.76061774E-01  2.27789282E+00  7.45673024E-01  4.59665938E-01
 -2.05937741E+00  1.00000000E+00  1.30302138E+00 -7.55904935E-01  4.76069598E-01  2.27788435E+00  7.45683882E-01  4.59660140E-01
 -2.03462419E+00  1.00000000E+00  1.28944618E+00 -7.55896935E-01  4.76075609E-01  2.27779765E+00  7.45704845E-01  4.59627840E-01
 -2.00987096E+00  1.00000000E+00  1.27587098E+00 -7.55888936E-01  4.76025545E-01  2.27771095E+00  7.45725809E-01  4.59595541E-01
 -1.98511774E+00  1.00000000E+00  1.26230122E+00 -7.55934680E-01  4.75966216E-01  2.27767809E+00  7.45765867E-01  4.59573667E-01
 -1.96036451E+00  1.00000000E+00  1.24873146E+00 -7.55980424E-01  4.75929982E-01  2.27764524E+00  7.45805927E-01  4.59551794E-01
 -1.93561128E+00  1.00000000E+00  1.23515796E+00 -7.56003140E-01  4.75887104E-01  2.27760625E+00  7.45833050E-01  4.59531960E-01
 -1.91085806E+00  1.00000000E+00  1.22158446E+00 -7.56025855E-01  4.75785204E-01  2.27756726E+00  7.45860173E-01  4.59512127E-01
 -1.88610483E+00  1.00000000E+00  1.20797176E+00 -7.56000053E-01  4.75734883E-01  2.27752671E+00  7.45854161E-01  4.59501763E-01
 -1.86135161E+00  1.00000000E+00  1.19435906E+00 -7.55974252E-01  4.75670304E-01  2.27748615E+00  7.45848150E-01  4.59491400E-01
 -1.83659838E+00  1.00000000E+00  1.18078214E+00 -7.55893614E-01  4.75734009E-01  2.27736621E+00  7.45830438E-01  4.59460733E-01
 -1.81184516E+00  1.00000000E+00  1.16720523E+00 -7.55812981E-01  4.75777571E-01  2.27724629E+00  7.45812729E-01  4.59430067E-01
 -1.78709193E+00  1.00000000E+00  1.15369402E+00 -7.55958329E-01  4.75692417E-01  2.27721897E+00  7.45918842E-01  4.59390038E-01
 -1.76233870E+00  1.00000000E+00  1.14018282E+00 -7.56103684E-01  4.75527667E-01  2.27719167E+00  7.46024973E-01  4.59350010E-01
 -1.73758548E+00  1.00000000E+00  1.12655331E+00 -7.55974918E-01  4.75515046E-01  2.27709338E+00  7.45966708E-01  4.59338001E-01
 -1.71283225E+00  1.00000000E+00  1.11292380E+00 -7.55846161E-01  4.75498494E-01  2.27699510E+00  7.45908451E-01  4.59325993E-01
 -1.68807903E+00  1.00000000E+00  1.09932020E+00 -7.55909102E-01  4.75462951E-01  2.27701266E+00  7.45941591E-01  4.59321321E-01
 -1.66332580E+00  1.00000000E+00  1.08571660E+00 -7.55972044E-01  4.75465948E-01  2.27703023E+00  7.45974734E-01  4.59316649E-01
 -1.63857257E+00  1.00000000E+00  1.07215996E+00 -7.55860572E-01  4.75528236E-01  2.27694256E+00  7.45928528E-01  4.59304209E-01
 -1.61381935E+00  1.00000000E+00  1.05860333E+00 -7.55749106E-01  4.75526193E-01  2.27685489E+00  7.45882331E-01  4.59291769E-01
 -1.58906612E+00  1.00000000E+00  1.04501591E+00 -7.55759097E-01  4.75464396E-01  2.27682187E+00  7.45896596E-01  4.59277582E-01
 -1.56431290E+00  1.00000000E+00  1.03142849E+00 -7.55769089E-01  4.75464733E-01  2.27678885E+00  7.45910862E-01  4.59263395E-01
 -1.53955967E+00  1.00000000E+00  1.01785225E+00 -7.55675073E-01  4.75499832E-01  2.27664230E+00  7.45893068E-01  4.59224768E-01
 -1.51480644E+00  1.00000000E+00  1.00427601E+00 -7.55581063E-01  4.75500552E-01  2.27649576E+00  7.45875278E-01  4.59186144E-01
 -1.49005322E+00  1.00000000E+00  9.90791681E-01 -7.55651573E-01  4.75460297E-01  2.27624212E+00  7.46000028E-01  4.59072629E-01
 -1.46529999E+00  1.00000000E+00  9.77307349E-01 -7.55722086E-01  4.75353563E-01  2.27598853E+00  7.46124797E-01  4.58959121E-01
 -1.44054677E+00  1.00000000E+00  9.63753718E-01 -7.55788888E-01  4.75207735E-01  2.27588997E+00  7.46196516E-01  4.58908036E-01
 -1.41579354E+00  1.00000000E+00  9.50200087E-01 -7.55855690E-01  4.74984584E-01  2.27579142E+00  7.46268243E-01  4.58856953E-01
 -1.39104031E+00  1.00000000E+00  9.36572208E-01 -7.55569380E-01  4.75077119E-01  2.27558184E+00  7.46137795E-01  4.58833214E-01
 -1.36628709E+00  1.00000000E+00  9.22944330E-01 -7.55283107E-01  4.75150788E-01  2.27537234E+00  7.46007395E-01  4.58809482E-01
 -1.34153386E+00  1.00000000E+00  9.09460943E-01 -7.55371286E-01  4.75098929E-01  2.27523476E+00  7.46106878E-01  4.58738365E-01
 -1.31678064E+00  1.00000000E+00  8.95977556E-01 -7.55459467E-01  4.75040688E-01  2.27509721E+00  7.46206373E-01  4.58667251E-01
 -1.29202741E+00  1.00000000E+00  8.82466352E-01 -7.55449376E-01  4.74959919E-01  2.27488735E+00  7.46264105E-01  4.58586973E-01
 -1.26727418E+00  1.00000000E+00  8.68955148E-01 -7.55439287E-01  4.74817954E-01  2.27467751E+00  7.46321841E-01  4.58506701E-01
 -1.24252096E+00  1.00000000E+00  8.55470807E-01 -7.55501983E-01  4.74698372E-01  2.27456081E+00  7.46395763E-01  4.58449513E-01
 -1.21776773E+00  1.00000000E+00  8.41986466E-01 -7.55564679E-01  4.74540369E-01  2.27444412E+00  7.46469691E-01  4.58392327E-01
 -1.19301451E+00  1.00000000E+00  8.28453054E-01 -7.55254601E-01  4.74564280E-01  2.27401042E+00  7.46392413E-01  4.58285402E-01
 -1.16826128E+00  1.00000000E+00  8.14919642E-01 -7.54944578E-01  4.74588902E-01  2.27357684E+00  7.46315187E-01  4.58178497E-01
 -1.14350806E+00  1.00000000E+00  8.01494917E-01 -7.55059410E-01  4.74506606E-01  2.27349766E+00  7.46414129E-01  4.58125060E-01
 -1.11875483E+00  1.00000000E+00  7.88070192E-01 -7.55174246E-01  4.74374885E-01  2.27341850E+00  7.46513086E-01  4.58071625E-01
 -1.09400160E+00  1.00000000E+00  7.74612016E-01 -7.55110331E-01  4.74283710E-01  2.27329593E+00  7.46504041E-01  4.58037568E-01
 -1.06924838E+00  1.00000000E+00  7.61153840E-01 -7.55046420E-01  4.74241391E-01  2.27317337E+00  7.46494998E-01  4.58003512E-01
 -1.04449515E+00  1.00000000E+00  7.47771794E-01 -7.54978031E-01  4.74224458E-01  2.27296123E+00  7.46513355E-01  4.57934362E-01
 -1.01974193E+00  1.00000000E+00  7.34389748E-01 -7.54909648E-01  4.74197090E-01  2.27274910E+00  7.46531716E-01  4.57865216E-01
 -9.94988700E-01  1.00000000E+00  7.21062820E-01 -7.54889740E-01  4.74158115E-01  2.27254855E+00  7.46579693E-01  4.57790657E-01
 -9.70235474E-01  1.00000000E+00  7.07735893E-01 -7.54869834E-01  4.74104131E-01  2.27234801E+00  7.46627674E-01  4.57716101E-01
 -9.45482248E-01  1.00000000E+00  6.94402427E-01 -7.54850065E-01  4.74062553E-01  2.27236832E+00  7.46606227E-01  4.57728627E-01
 -9.20729022E-01  1.00000000E+00  6.81068960E-01 -7.54830295E-01  4.74061953E-01  2.27238862E+00  7.46584781E-01  4.57741153E-01
 -8.95975796E-01  1.00000000E+00  6.67866823E-01 -7.54747935E-01  4.74127754E-01  2.27229486E+00  7.46559428E-01  4.57720630E-01
 -8.71222570E-01  1.00000000E+00  6.54664686E-01 -7.54665578E-01  4.74185249E-01  2.27220111E+00  7.46534080E-01  4.57700108E-01
 -8.46469344E-01  1.00000000E+00  6.41511866E-01 -7.54842191E-01  4.74244931E-01  2.27245771E+00  7.46580380E-01  4.57763198E-01
 -8.21716118E-01  1.00000000E+00  6.28359046E-01 -7.55018824E-01  4.74258203E-01  2.27271435E+00  7.46626698E-01  4.57826295E-01
 -7.97201467E-01  1.00000000E+00  6.15424062E-01 -7.55149813E-01  4.74401270E-01  2.27329636E+00  7.46541119E-01  4.58026572E-01
 -7.72686817E-01  1.00000000E+00  6.02489078E-01 -7.55280830E-01  4.74584154E-01  2.27387851E+00  7.46455570E-01  4.58226883E-01
 -7.49503432E-01  1.00000000E+00  5.90324921E-01 -7.55375184E-01  4.74832058E-01  2.27463377E+00  7.46295550E-01  4.58501465E-01
 -7.26320047E-01  1.00000000E+00  5.78160764E-01 -7.55469573E-01  4.75112604E-01  2.27538928E+00  7.46135585E-01  4.58776109E-01
 -7.04527831E-01  1.00000000E+00  5.66873752E-01 -7.55737276E-01  4.75453181E-01  2.27644701E+00  7.46010559E-01  4.59130937E-01
 -6.82735615E-01  1.00000000E+00  5.55586740E-01 -7.56005081E-01  4.75845018E-01  2.27750524E+00  7.45885625E-01  4.59485883E-01
 -6.62251087E-01  1.00000000E+00  5.45021141E-01 -7.56237482E-01  4.76391855E-01  2.27914001E+00  7.45549837E-01  4.60077053E-01
 -6.41766559E-01  1.00000000E+00  5.34455542E-01 -7.56470053E-01  4.76993154E-01  2.28077599E+00  7.45214304E-01  4.60668505E-01
 -6.22511254E-01  1.00000000E+00  5.24682850E-01 -7.56764061E-01  4.77618133E-01  2.28250703E+00  7.44905540E-01  4.61280446E-01
 -6.03255949E-01  1.00000000E+00  5.14910159E-01 -7.57058276E-01  4.78284705E-01  2.28423939E+00  7.44597034E-01  4.61892706E-01
 -5.85156097E-01  1.00000000E+00  5.05869854E-01 -7.57564847E-01  4.79023960E-01  2.28635352E+00  7.44319735E-01  4.62610135E-01
 -5.67056245E-01  1.00000000E+00  4.96829550E-01 -7.58071803E-01  4.79824666E-01  2.28846959E+00  7.44042809E-01  4.63328034E-01
 -5.50042515E-01  1.00000000E+00  4.88370953E-01 -7.58579122E-01  4.80801898E-01  2.29138496E+00  7.43523896E-01  4.64358318E-01
 -5.33028786E-01  1.00000000E+00  4.79912356E-01 -7.59087035E-01  4.81795148E-01  2.29430406E+00  7.43005727E-01  4.65389499E-01
 -5.17036006E-01  1.00000000E+00  4.72152618E-01 -7.59848743E-01  4.82866608E-01  2.29760923E+00  7.42566200E-01  4.66512909E-01
 -5.01043227E-01  1.00000000E+00  4.64392880E-01 -7.60611363E-01  4.84002360E-01  2.30091913E+00  7.42127553E-01  4.67637472E-01
 -4.86010125E-01  1.00000000E+00  4.57177923E-01 -7.61323734E-01  4.85255225E-01  2.30462567E+00  7.41522720E-01  4.68930884E-01
 -4.70977023E-01  1.00000000E+00  4.49962967E-01 -7.62037116E-01  4.86644266E-01  2.30833818E+00  7.40919050E-01  4.70225738E-01
 -4.56846016E-01  1.00000000E+00  4.43344966E-01 -7.62844932E-01  4.88056217E-01  2.31260675E+00  7.40227147E-01  4.71713882E-01
 -4.42715008E-01  1.00000000E+00  4.36726965E-01 -7.63654073E-01  4.89623252E-01  2.31688323E+00  7.39536750E-01  4.73203943E-01
 -4.29431964E-01  1.00000000E+00  4.30597913E-01 -7.64825946E-01  4.91412391E-01  2.32239180E+00  7.38745091E-01  4.75094011E-01
 -4.16148920E-01  1.00000000E+00  4.24468862E-01 -7.66000190E-01  4.93292775E-01  2.32791339E+00  7.37955864E-01  4.76987258E-01
 -4.03662954E-01  1.00000000E+00  4.18875709E-01 -7.66901121E-01  4.95036245E-01  2.33298227E+00  7.37106733E-01  4.78762662E-01
 -3.91176988E-01  1.00000000E+00  4.13282556E-01 -7.67803836E-01  4.96980042E-01  2.33806224E+00  7.36259713E-01  4.80540758E-01
 -3.79440270E-01  1.00000000E+00  4.08115998E-01 -7.69155953E-01  4.99065356E-01  2.34429799E+00  7.35392058E-01  4.82671780E-01
 -3.67703552E-01  1.00000000E+00  4.02949440E-01 -7.70511123E-01  5.01317767E-01  2.35055027E+00  7.34527486E-01  4.84806836E-01
 -3.56671122E-01  1.00000000E+00  3.98319611E-01 -7.71812710E-01  5.03758896E-01  2.35754835E+00  7.33422141E-01  4.87237862E-01
 -3.45638692E-01  1.00000000E+00  3.93689782E-01 -7.73117757E-01  5.06253049E-01  2.36456729E+00  7.32320676E-01  4.89673984E-01
 -3.35268287E-01  1.00000000E+00  3.89415212E-01 -7.74423555E-01  5.08494763E-01  2.37129083E+00  7.31315290E-01  4.91992663E-01
 -3.24897882E-01  1.00000000E+00  3.85140642E-01 -7.75732613E-01  5.11034228E-01  2.37803348E+00  7.30313385E-01  4.94316028E-01
 -3.15149775E-01  1.00000000E+00  3.81256249E-01 -7.77417907E-01  5.13842406E-01  2.38641292E+00  7.29121025E-01  4.97187569E-01
 -3.05401669E-01  1.00000000E+00  3.77371857E-01 -7.79108354E-01  5.16800569E-01  2.39482181E+00  7.27933942E-01  5.00066360E-01
 -2.96238520E-01  1.00000000E+00  3.73833600E-01 -7.80485637E-01  5.19722684E-01  2.40358808E+00  7.26431246E-01  5.03147050E-01
 -2.87075371E-01  1.00000000E+00  3.70295342E-01 -7.81867760E-01  5.22982259E-01  2.41238684E+00  7.24934557E-01  5.06235686E-01
 -2.78462077E-01  1.00000000E+00  3.67206092E-01 -7.83764564E-01  5.26404825E-01  2.42205970E+00  7.23558213E-01  5.09550447E-01
 -2.69848783E-01  1.00000000E+00  3.64116842E-01 -7.85668030E-01  5.29956909E-01  2.43177128E+00  7.22188764E-01  5.12874756E-01
 -2.61752348E-01  1.00000000E+00  3.61413220E-01 -7.87625149E-01  5.33305622E-01  2.44148234E+00  7.20884282E-01  5.16179417E-01
 -2.53655913E-01  1.00000000E+00  3.58709598E-01 -7.89589050E-01  5.36898354E-01  2.45123206E+00  7.19586480E-01  5.19493675E-01
 -2.46045323E-01  1.00000000E+00  3.56207191E-01 -7.91245023E-01  5.40755419E-01  2.46175950E+00  7.17870743E-01  5.23166627E-01
 -2.38434732E-01  1.00000000E+00  3.53704784E-01 -7.92907799E-01  5.44626052E-01  2.47233271E+00  7.16163132E-01  5.26850873E-01
 -2.31280830E-01  1.00000000E+00  3.51629405E-01 -7.94864042E-01  5.48435911E-01  2.48305129E+00  7.14643269E-01  5.30522405E-01
 -2.24126928E-01  1.00000000E+00  3.49554026E-01 -7.96827898E-01  5.52407012E-01  2.49381645E+00  7.13131306E-01  5.34205542E-01
 -2.17402314E-01  1.00000000E+00  3.47750163E-01 -7.99026716E-01  5.56365880E-01  2.50526399E+00  7.11610719E-01  5.38095981E-01
 -2.10677699E-01  1.00000000E+00  3.45946300E-01 -8.01234435E-01  5.60538821E-01  2.51676405E+00  7.10098904E-01  5.41999545E-01
 -2.04351753E-01  1.00000000E+00  3.44386222E-01 -8.03241284E-01  5.65127091E-01  2.52938067E+00  7.08177572E-01  5.46360929E-01
 -1.98025807E-01  1.00000000E+00  3.42826144E-01 -8.05257673E-01  5.69745562E-01  2.54206126E+00  7.06267016E-01  5.50738273E-01
 -1.91837501E-01  1.00000000E+00  3.41478388E-01 -8.07678150E-01  5.74666981E-01  2.55585628E+00  7.04381877E-01  5.55442322E-01
 -1.85649194E-01  1.00000000E+00  3.40130631E-01 -8.10110568E-01  5.79790940E-01  2.56972654E+00  7.02508854E-01  5.60165304E-01
 -1.79460888E-01  1.00000000E+00  3.38897230E-01 -8.12238680E-01  5.85638418E-01  2.58551987E+00  6.99960868E-01  5.65667700E-01
 -1.73272582E-01  1.00000000E+00  3.37663828E-01 -8.14380155E-01  5.91549252E-01  2.60141256E+00  6.97429402E-01  5.71194947E-01
 -1.67084275E-01  1.00000000E+00  3.37049042E-01 -8.17573960E-01  5.97620575E-01  2.61821061E+00  6.95414567E-01  5.76838814E-01
 -1.60895969E-01  1.00000000E+00  3.36434257E-01 -8.20785995E-01  6.04016574E-01  2.63511712E+00  6.93416477E-01  5.82510193E-01
 -1.54707662E-01  1.00000000E+00  3.35634757E-01 -8.23343855E-01  6.11522533E-01  2.65515580E+00  6.90262138E-01  5.89468097E-01
 -1.48519356E-01  1.00000000E+00  3.34835257E-01 -8.25921999E-01  6.19152361E-01  2.67535107E+00  6.87132807E-01  5.96465479E-01
 -1.42331049E-01  1.00000000E+00  3.34889445E-01 -8.30365977E-01  6.27785542E-01  2.69899737E+00  6.84471499E-01  6.04357763E-01
 -1.36142743E-01  1.00000000E+00  3.34943632E-01 -8.34844771E-01  6.36774079E-01  2.72285273E+00  6.81840845E-01  6.12303567E-01
 -1.29954436E-01  1.00000000E+00  3.35290723E-01 -8.38116543E-01  6.45591565E-01  2.74623860E+00  6.78596292E-01  6.20292693E-01
 -1.23766130E-01  1.00000000E+00  3.35637815E-01 -8.41416080E-01  6.55119761E-01  2.76982942E+00  6.75381913E-01  6.28334251E-01
 -1.17577823E-01  1.00000000E+00  3.36743918E-01 -8.45600495E-01  6.65563462E-01  2.79913725E+00  6.71523807E-01  6.38284034E-01
 -1.11389517E-01  1.00000000E+00  3.37850022E-01 -8.49828089E-01  6.77210290E-01  2.82876095E+00  6.67710558E-01  6.48315116E-01
 -1.05201210E-01  1.00000000E+00  3.39483863E-01 -8.55025311E-01  6.91668872E-01  2.86652760E+00  6.62841703E-01  6.61105768E-01
 -9.90129037E-02  1.00000000E+00  3.41117704E-01 -8.60290970E-01  7.06567896E-01  2.90480900E+00  6.58043686E-01  6.74029596E-01
 -9.28245972E-02  1.00000000E+00  3.43803863E-01 -8.64246925E-01  7.24054422E-01  2.94658436E+00  6.51861212E-01  6.88416946E-01
 -8.66362908E-02  1.00000000E+00  3.46490022E-01 -8.68270057E-01  7.41562663E-01  2.98899014E+00  6.45766587E-01  7.02967065E-01
 -8.04479843E-02  1.00000000E+00  3.51027052E-01 -8.78347442E-01  7.61582468E-01  3.04145092E+00  6.41560489E-01  7.19967128E-01
 -7.42596778E-02  1.00000000E+00  3.55564083E-01 -8.88580512E-01  7.83200162E-01  3.09483055E+00  6.37466110E-01  7.37209332E-01
 -6.80713713E-02  1.00000000E+00  3.63026966E-01 -8.88141742E-01  8.10295869E-01  3.15839384E+00  6.25423112E-01  7.59891219E-01
 -6.18830648E-02  1.00000000E+00  3.70489849E-01 -8.87785202E-01  8.39872803E-01  3.22347299E+00  6.13614819E-01  7.82957450E-01
 -5.56947583E-02  1.00000000E+00  3.73872162E-01 -9.20019218E-01  8.75645965E-01  3.31708394E+00  6.15605615E-01  8.10443499E-01
 -4.95064519E-02  1.00000000E+00  3.77254475E-01 -9.53082446E-01  9.10087486E-01  3.41351532E+00  6.18056755E-01  8.38637569E-01
 -4.33181454E-02  1.00000000E+00  4.32684930E-01 -9.22673164E-01  9.48053321E-01  3.49248895E+00  5.89092112E-01  8.71019052E-01
 -3.71298389E-02  1.00000000E+00  4.88115385E-01 -8.92280769E-01  1.00961919E+00  3.57548508E+00  5.61307641E-01  9.04253232E-01
 -3.09415324E-02  1.00000000E+00  3.82514257E-01 -8.88131425E-01  1.09401016E+00  3.67531839E+00  5.44910159E-01  9.39122469E-01
 -2.47532259E-02  1.00000000E+00  2.76913129E-01 -8.84066366E-01  1.16547699E+00  3.77848810E+00  5.28963227E-01  9.74857461E-01
 -1.85649194E-02  1.00000000E+00  7.19623501E-01 -1.00919173E+00  1.35692075E+00  4.39931897E+00  5.14291551E-01  1.16550823E+00
 -1.23766130E-02  1.00000000E+00  1.16233387E+00 -1.15267438E+00  1.64689878E+00  5.12169599E+00  5.07698349E-01  1.38419929E+00
 -6.18830648E-03  1.00000000E+00  5.93115532E-01  9.76178958E-02  2.76085499E+00  5.56992302E+00  2.32694781E-01  1.60116847E+00
  0.00000000E+00  1.00000000E+00  2.38971895E-02  1.65171459E+00  5.05453228E+00  7.73315005E+00  5.21112850E-01  2.16361116E+00
