# curve 5 (die wall), step =      200, time =   4.00000000E+01
# N1 = tau_xx - tau_yy = G ( c_xx - c_yy ),  G =  1.1250E+00  (polymer part only)
#              x               y        pressure            c_xy        gammadot            c_xx            c_yy              N1
 -3.00000000E+00  1.00000000E+00  2.66799127E+00 -3.20045568E-01  3.99986315E-01  1.20464396E+00  1.00005857E+00  2.30158570E-01
 -2.95108291E+00  1.00000000E+00  2.62884608E+00 -3.20055794E-01  3.99988742E-01  1.20464370E+00  1.00006484E+00  2.30151220E-01
 -2.90216582E+00  1.00000000E+00  2.58970089E+00 -3.20066020E-01  4.00000575E-01  1.20464345E+00  1.00007112E+00  2.30143869E-01
 -2.85324873E+00  1.00000000E+00  2.55054648E+00 -3.20063244E-01  3.99988430E-01  1.20460220E+00  1.00007908E+00  2.30088506E-01
 -2.80433164E+00  1.00000000E+00  2.51139206E+00 -3.20060468E-01  3.99972301E-01  1.20456095E+00  1.00008704E+00  2.30033144E-01
 -2.75541455E+00  1.00000000E+00  2.47225905E+00 -3.20044748E-01  3.99990247E-01  1.20463509E+00  1.00006012E+00  2.30146850E-01
 -2.70649746E+00  1.00000000E+00  2.43312604E+00 -3.20029027E-01  3.99987701E-01  1.20470925E+00  1.00003319E+00  2.30260562E-01
 -2.65758037E+00  1.00000000E+00  2.39400008E+00 -3.20036250E-01  3.99992000E-01  1.20468284E+00  1.00004414E+00  2.30218529E-01
 -2.60866328E+00  1.00000000E+00  2.35487412E+00 -3.20043472E-01  3.99990603E-01  1.20465643E+00  1.00005510E+00  2.30176497E-01
 -2.55974619E+00  1.00000000E+00  2.31573713E+00 -3.20037346E-01  3.99998336E-01  1.20469558E+00  1.00004268E+00  2.30234504E-01
 -2.51082911E+00  1.00000000E+00  2.27660013E+00 -3.20031220E-01  4.00023234E-01  1.20473473E+00  1.00003027E+00  2.30292511E-01
 -2.46191202E+00  1.00000000E+00  2.23746355E+00 -3.20034680E-01  3.99994719E-01  1.20469611E+00  1.00004065E+00  2.30237399E-01
 -2.41299493E+00  1.00000000E+00  2.19832698E+00 -3.20038140E-01  3.99977251E-01  1.20465750E+00  1.00005102E+00  2.30182287E-01
 -2.36407784E+00  1.00000000E+00  2.15918745E+00 -3.20030293E-01  4.00003062E-01  1.20470786E+00  1.00003325E+00  2.30258935E-01
 -2.31516075E+00  1.00000000E+00  2.12004793E+00 -3.20022447E-01  4.00015241E-01  1.20475823E+00  1.00001549E+00  2.30335585E-01
 -2.26624366E+00  1.00000000E+00  2.08091806E+00 -3.20040170E-01  4.00010521E-01  1.20470783E+00  1.00003815E+00  2.30253385E-01
 -2.21732657E+00  1.00000000E+00  2.04178818E+00 -3.20057893E-01  4.00016688E-01  1.20465743E+00  1.00006081E+00  2.30171187E-01
 -2.16840948E+00  1.00000000E+00  2.00266070E+00 -3.20057249E-01  3.99998406E-01  1.20463926E+00  1.00006510E+00  2.30145934E-01
 -2.11949239E+00  1.00000000E+00  1.96353322E+00 -3.20056604E-01  3.99974694E-01  1.20462110E+00  1.00006938E+00  2.30120680E-01
 -2.07057530E+00  1.00000000E+00  1.92439755E+00 -3.20057900E-01  3.99996545E-01  1.20461532E+00  1.00007421E+00  2.30108756E-01
 -2.02165821E+00  1.00000000E+00  1.88526188E+00 -3.20059196E-01  4.00009559E-01  1.20460955E+00  1.00007903E+00  2.30096831E-01
 -1.97274112E+00  1.00000000E+00  1.84612869E+00 -3.20053744E-01  3.99974606E-01  1.20456969E+00  1.00008533E+00  2.30044897E-01
 -1.92382403E+00  1.00000000E+00  1.80699550E+00 -3.20048291E-01  3.99946756E-01  1.20452983E+00  1.00009164E+00  2.29992964E-01
 -1.87490694E+00  1.00000000E+00  1.76785902E+00 -3.20026002E-01  3.99953300E-01  1.20459220E+00  1.00006600E+00  2.30091980E-01
 -1.82598985E+00  1.00000000E+00  1.72872255E+00 -3.20003712E-01  3.99946097E-01  1.20465458E+00  1.00004036E+00  2.30190999E-01
 -1.77707276E+00  1.00000000E+00  1.68960721E+00 -3.20014633E-01  3.99952201E-01  1.20459917E+00  1.00006106E+00  2.30105375E-01
 -1.72815567E+00  1.00000000E+00  1.65049187E+00 -3.20025554E-01  3.99945816E-01  1.20454377E+00  1.00008176E+00  2.30019755E-01
 -1.67923858E+00  1.00000000E+00  1.61134311E+00 -3.20007092E-01  3.99928438E-01  1.20456342E+00  1.00006843E+00  2.30056864E-01
 -1.63032150E+00  1.00000000E+00  1.57219436E+00 -3.19988631E-01  3.99935415E-01  1.20458307E+00  1.00005510E+00  2.30093973E-01
 -1.58140441E+00  1.00000000E+00  1.53310438E+00 -3.19975831E-01  3.99891835E-01  1.20452862E+00  1.00006912E+00  2.30016944E-01
 -1.53248732E+00  1.00000000E+00  1.49401440E+00 -3.19963031E-01  3.99860480E-01  1.20447418E+00  1.00008314E+00  2.29939917E-01
 -1.48357023E+00  1.00000000E+00  1.45491286E+00 -3.19938946E-01  3.99833647E-01  1.20445240E+00  1.00008079E+00  2.29918051E-01
 -1.43465314E+00  1.00000000E+00  1.41581131E+00 -3.19914862E-01  3.99799238E-01  1.20443061E+00  1.00007845E+00  2.29896186E-01
 -1.38573605E+00  1.00000000E+00  1.37670328E+00 -3.19873443E-01  3.99773474E-01  1.20443745E+00  1.00005932E+00  2.29925393E-01
 -1.33681896E+00  1.00000000E+00  1.33759524E+00 -3.19832025E-01  3.99757043E-01  1.20444429E+00  1.00004020E+00  2.29954599E-01
 -1.28790187E+00  1.00000000E+00  1.29855170E+00 -3.19808952E-01  3.99705911E-01  1.20439497E+00  1.00004458E+00  2.29894196E-01
 -1.23898478E+00  1.00000000E+00  1.25950816E+00 -3.19785880E-01  3.99656626E-01  1.20434566E+00  1.00004895E+00  2.29833794E-01
 -1.19006769E+00  1.00000000E+00  1.22052544E+00 -3.19756997E-01  3.99628773E-01  1.20428386E+00  1.00006314E+00  2.29748302E-01
 -1.14115060E+00  1.00000000E+00  1.18154272E+00 -3.19728116E-01  3.99594743E-01  1.20422206E+00  1.00007733E+00  2.29662814E-01
 -1.09223351E+00  1.00000000E+00  1.14263690E+00 -3.19704691E-01  3.99541608E-01  1.20416838E+00  1.00008212E+00  2.29597048E-01
 -1.04331642E+00  1.00000000E+00  1.10373107E+00 -3.19681266E-01  3.99496108E-01  1.20411470E+00  1.00008690E+00  2.29531284E-01
 -9.94399333E-01  1.00000000E+00  1.06494722E+00 -3.19657431E-01  3.99492847E-01  1.20416039E+00  1.00006178E+00  2.29610936E-01
 -9.45482243E-01  1.00000000E+00  1.02616337E+00 -3.19633597E-01  3.99495840E-01  1.20420608E+00  1.00003667E+00  2.29690590E-01
 -8.96565154E-01  1.00000000E+00  9.87587973E-01 -3.19709344E-01  3.99569970E-01  1.20425702E+00  1.00005633E+00  2.29725770E-01
 -8.47648064E-01  1.00000000E+00  9.49012575E-01 -3.19785094E-01  3.99668807E-01  1.20430797E+00  1.00007601E+00  2.29760952E-01
 -7.99501858E-01  1.00000000E+00  9.11355063E-01 -3.19962505E-01  3.99836233E-01  1.20453846E+00  1.00009003E+00  2.30004493E-01
 -7.51355652E-01  1.00000000E+00  8.73697551E-01 -3.20139945E-01  4.00127412E-01  1.20476902E+00  1.00010407E+00  2.30248074E-01
 -7.08111109E-01  1.00000000E+00  8.40208829E-01 -3.20486010E-01  4.00461905E-01  1.20526423E+00  1.00007975E+00  2.30832540E-01
 -6.64866566E-01  1.00000000E+00  8.06720108E-01 -3.20832182E-01  4.01015052E-01  1.20575970E+00  1.00005554E+00  2.31417182E-01
 -6.26599939E-01  1.00000000E+00  7.77500323E-01 -3.21482782E-01  4.01719862E-01  1.20652600E+00  1.00010408E+00  2.32224670E-01
 -5.88333313E-01  1.00000000E+00  7.48280537E-01 -3.22133724E-01  4.02553319E-01  1.20729303E+00  1.00015296E+00  2.33032573E-01
 -5.54471587E-01  1.00000000E+00  7.22848983E-01 -3.23019801E-01  4.03681634E-01  1.20859465E+00  1.00002944E+00  2.34635857E-01
 -5.20609860E-01  1.00000000E+00  6.97417429E-01 -3.23906566E-01  4.04921764E-01  1.20989804E+00  9.99906641E-01  2.36240324E-01
 -4.90645977E-01  1.00000000E+00  6.75412382E-01 -3.25265499E-01  4.06346902E-01  1.21149726E+00  1.00006120E+00  2.37865568E-01
 -4.60682095E-01  1.00000000E+00  6.53407335E-01 -3.26625979E-01  4.08022867E-01  1.21309959E+00  1.00021726E+00  2.39492627E-01
 -4.34167380E-01  1.00000000E+00  6.34443972E-01 -3.28265233E-01  4.10197083E-01  1.21548354E+00  1.00000950E+00  2.42408289E-01
 -4.07652666E-01  1.00000000E+00  6.15480608E-01 -3.29906817E-01  4.12524898E-01  1.21787343E+00  9.99804189E-01  2.45327894E-01
 -3.84190072E-01  1.00000000E+00  5.99189552E-01 -3.32087945E-01  4.14972546E-01  1.22061590E+00  9.99948323E-01  2.48251024E-01
 -3.60727478E-01  1.00000000E+00  5.82898496E-01 -3.34273143E-01  4.17716903E-01  1.22336701E+00  1.00009636E+00  2.51179482E-01
 -3.39965684E-01  1.00000000E+00  5.69104206E-01 -3.36865876E-01  4.21055644E-01  1.22700055E+00  9.99959557E-01  2.55421112E-01
 -3.19203889E-01  1.00000000E+00  5.55309916E-01 -3.39464464E-01  4.24575122E-01  1.23064806E+00  9.99828541E-01  2.59671965E-01
 -3.00831998E-01  1.00000000E+00  5.43785733E-01 -3.42786567E-01  4.28356397E-01  1.23500817E+00  9.99987530E-01  2.64398220E-01
 -2.82460107E-01  1.00000000E+00  5.32261550E-01 -3.46118291E-01  4.32469534E-01  1.23938916E+00  1.00015553E+00  2.69137833E-01
 -2.66203017E-01  1.00000000E+00  5.22490365E-01 -3.49807638E-01  4.37224450E-01  1.24482180E+00  9.99913328E-01  2.75522036E-01
 -2.49945927E-01  1.00000000E+00  5.12719179E-01 -3.53509253E-01  4.42214572E-01  1.25028429E+00  9.99682787E-01  2.81926690E-01
 -2.35560203E-01  1.00000000E+00  5.05124659E-01 -3.57972517E-01  4.47416837E-01  1.25647878E+00  9.99847485E-01  2.88710205E-01
 -2.21174479E-01  1.00000000E+00  4.97530139E-01 -3.62453767E-01  4.53052803E-01  1.26271307E+00  1.00002824E+00  2.95520427E-01
 -2.08421419E-01  1.00000000E+00  4.91201833E-01 -3.67727681E-01  4.59325956E-01  1.27039663E+00  1.00003026E+00  3.04162167E-01
 -1.95668358E-01  1.00000000E+00  4.84873526E-01 -3.73027069E-01  4.66020217E-01  1.27813891E+00  1.00005487E+00  3.12844552E-01
 -1.83439085E-01  1.00000000E+00  4.79933783E-01 -3.79071170E-01  4.73920847E-01  1.28782163E+00  9.99628799E-01  3.24216933E-01
 -1.71209813E-01  1.00000000E+00  4.74994040E-01 -3.85150323E-01  4.82264702E-01  1.29759161E+00  9.99233251E-01  3.35653157E-01
 -1.58980541E-01  1.00000000E+00  4.70993623E-01 -3.93967376E-01  4.92359100E-01  1.31050669E+00  9.99848669E-01  3.49490276E-01
 -1.46751268E-01  1.00000000E+00  4.66993205E-01 -4.02857586E-01  5.03068409E-01  1.32358196E+00  1.00052379E+00  3.63440440E-01
 -1.34521996E-01  1.00000000E+00  4.67004873E-01 -4.13439687E-01  5.17142144E-01  1.34286334E+00  9.99322024E-01  3.86483979E-01
 -1.22292724E-01  1.00000000E+00  4.67016540E-01 -4.24139317E-01  5.32054947E-01  1.36245869E+00  9.98213410E-01  4.09775944E-01
 -1.10063451E-01  1.00000000E+00  4.61353829E-01 -4.43587800E-01  5.52286103E-01  1.39054216E+00  1.00140832E+00  4.37775572E-01
 -9.78341789E-02  1.00000000E+00  4.55691117E-01 -4.63391587E-01  5.73068688E-01  1.41934949E+00  1.00487463E+00  4.66284222E-01
 -8.56049065E-02  1.00000000E+00  4.84369405E-01 -4.80711653E-01  6.04143136E-01  1.47151179E+00  9.95117335E-01  5.35943763E-01
 -7.33756342E-02  1.00000000E+00  5.13047692E-01 -4.98494471E-01  6.38477453E-01  1.52559430E+00  9.85737502E-01  6.07338898E-01
 -6.11463618E-02  1.00000000E+00  4.54272824E-01 -5.47245985E-01  6.83282202E-01  1.58151174E+00  1.00623101E+00  6.47190819E-01
 -4.89170895E-02  1.00000000E+00  3.95497957E-01 -5.97976738E-01  7.24379407E-01  1.64051784E+00  1.02838108E+00  6.88653849E-01
 -3.66878171E-02  1.00000000E+00  8.30199054E-01 -7.51920258E-01  8.31438613E-01  2.01627490E+00  1.02834790E+00  1.11141787E+00
 -2.44585447E-02  1.00000000E+00  1.26490015E+00 -9.34922119E-01  1.06812150E+00  2.47917295E+00  1.04254610E+00  1.61620520E+00
 -1.22292724E-02  1.00000000E+00  3.69173590E-01 -3.80818346E-01  1.96508044E+00  3.40093112E+00  6.26890043E-01  3.12079622E+00
  0.00000000E+00  1.00000000E+00 -5.26552970E-01  3.26458608E-01  3.24353811E+00  5.25631541E+00  4.59379453E-01  5.39655295E+00
