# curve 5 (die wall), step =      200, time =   8.00000000E+01
# N1 = tau_xx - tau_yy = G ( c_xx - c_yy ),  G =  4.5455E-02  (polymer part only)
#              x               y        pressure            c_xy        gammadot            c_xx            c_yy              N1
 -3.00000000E+00  1.00000000E+00  1.79133026E+00 -1.14856243E+00  4.21980443E-01  5.41691447E+00  5.41100405E-01  2.21627912E-01
 -2.97524677E+00  1.00000000E+00  1.77830327E+00 -1.14853112E+00  4.21985220E-01  5.41668680E+00  5.41107297E-01  2.21617250E-01
 -2.95049355E+00  1.00000000E+00  1.76527628E+00 -1.14849981E+00  4.21988150E-01  5.41645913E+00  5.41114189E-01  2.21606588E-01
 -2.92574032E+00  1.00000000E+00  1.75224911E+00 -1.14853089E+00  4.21987627E-01  5.41669825E+00  5.41108479E-01  2.21617717E-01
 -2.90098710E+00  1.00000000E+00  1.73922195E+00 -1.14856198E+00  4.21983740E-01  5.41693738E+00  5.41102769E-01  2.21628846E-01
 -2.87623387E+00  1.00000000E+00  1.72618606E+00 -1.14859662E+00  4.21980175E-01  5.41759017E+00  5.41065790E-01  2.21660199E-01
 -2.85148064E+00  1.00000000E+00  1.71315018E+00 -1.14863126E+00  4.21975677E-01  5.41824305E+00  5.41028814E-01  2.21691556E-01
 -2.82672742E+00  1.00000000E+00  1.70012165E+00 -1.14853150E+00  4.21979894E-01  5.41749620E+00  5.41048605E-01  2.21656709E-01
 -2.80197419E+00  1.00000000E+00  1.68709312E+00 -1.14843176E+00  4.21981731E-01  5.41674946E+00  5.41068401E-01  2.21621866E-01
 -2.77722097E+00  1.00000000E+00  1.67405862E+00 -1.14848946E+00  4.21986368E-01  5.41670277E+00  5.41091574E-01  2.21618691E-01
 -2.75246774E+00  1.00000000E+00  1.66102413E+00 -1.14854717E+00  4.21988804E-01  5.41665609E+00  5.41114749E-01  2.21615516E-01
 -2.72771451E+00  1.00000000E+00  1.64800143E+00 -1.14854900E+00  4.21985168E-01  5.41670769E+00  5.41114788E-01  2.21617859E-01
 -2.70296129E+00  1.00000000E+00  1.63497873E+00 -1.14855084E+00  4.21977609E-01  5.41675929E+00  5.41114828E-01  2.21620203E-01
 -2.67820806E+00  1.00000000E+00  1.62194584E+00 -1.14853882E+00  4.21976303E-01  5.41675232E+00  5.41106991E-01  2.21620242E-01
 -2.65345484E+00  1.00000000E+00  1.60891296E+00 -1.14852681E+00  4.21978779E-01  5.41674535E+00  5.41099155E-01  2.21620282E-01
 -2.62870161E+00  1.00000000E+00  1.59588384E+00 -1.14855098E+00  4.21982084E-01  5.41670478E+00  5.41111548E-01  2.21617874E-01
 -2.60394839E+00  1.00000000E+00  1.58285472E+00 -1.14857516E+00  4.21984281E-01  5.41666422E+00  5.41123942E-01  2.21615467E-01
 -2.57919516E+00  1.00000000E+00  1.56982808E+00 -1.14854298E+00  4.21983293E-01  5.41663764E+00  5.41116154E-01  2.21614613E-01
 -2.55444193E+00  1.00000000E+00  1.55680144E+00 -1.14851080E+00  4.21979856E-01  5.41661105E+00  5.41108367E-01  2.21613759E-01
 -2.52968871E+00  1.00000000E+00  1.54376541E+00 -1.14855764E+00  4.21976563E-01  5.41708225E+00  5.41091907E-01  2.21635925E-01
 -2.50493548E+00  1.00000000E+00  1.53072937E+00 -1.14860448E+00  4.21970287E-01  5.41755349E+00  5.41075448E-01  2.21658093E-01
 -2.48018226E+00  1.00000000E+00  1.51769899E+00 -1.14853071E+00  4.21976526E-01  5.41702781E+00  5.41084945E-01  2.21633767E-01
 -2.45542903E+00  1.00000000E+00  1.50466860E+00 -1.14845695E+00  4.21982642E-01  5.41650218E+00  5.41094443E-01  2.21609442E-01
 -2.43067580E+00  1.00000000E+00  1.49164061E+00 -1.14849277E+00  4.21987880E-01  5.41647113E+00  5.41109562E-01  2.21607344E-01
 -2.40592258E+00  1.00000000E+00  1.47861262E+00 -1.14852859E+00  4.21991061E-01  5.41644008E+00  5.41124681E-01  2.21605246E-01
 -2.38116935E+00  1.00000000E+00  1.46558570E+00 -1.14850763E+00  4.21986613E-01  5.41640137E+00  5.41122590E-01  2.21603581E-01
 -2.35641613E+00  1.00000000E+00  1.45255878E+00 -1.14848667E+00  4.21978278E-01  5.41636266E+00  5.41120500E-01  2.21601916E-01
 -2.33166290E+00  1.00000000E+00  1.43952558E+00 -1.14850649E+00  4.21976507E-01  5.41652719E+00  5.41114088E-01  2.21609686E-01
 -2.30690967E+00  1.00000000E+00  1.42649237E+00 -1.14852631E+00  4.21975108E-01  5.41669173E+00  5.41107678E-01  2.21617457E-01
 -2.28215645E+00  1.00000000E+00  1.41346297E+00 -1.14853354E+00  4.21975953E-01  5.41669531E+00  5.41107671E-01  2.21617620E-01
 -2.25740322E+00  1.00000000E+00  1.40043358E+00 -1.14854077E+00  4.21979345E-01  5.41669889E+00  5.41107665E-01  2.21617783E-01
 -2.23265000E+00  1.00000000E+00  1.38739970E+00 -1.14857989E+00  4.21976556E-01  5.41706904E+00  5.41098303E-01  2.21635034E-01
 -2.20789677E+00  1.00000000E+00  1.37436583E+00 -1.14861902E+00  4.21967340E-01  5.41743922E+00  5.41088941E-01  2.21652285E-01
 -2.18314354E+00  1.00000000E+00  1.36133639E+00 -1.14855630E+00  4.21967283E-01  5.41688728E+00  5.41105796E-01  2.21626431E-01
 -2.15839032E+00  1.00000000E+00  1.34830695E+00 -1.14849358E+00  4.21968076E-01  5.41633540E+00  5.41122652E-01  2.21600580E-01
 -2.13363709E+00  1.00000000E+00  1.33528160E+00 -1.14850950E+00  4.21970108E-01  5.41633508E+00  5.41127883E-01  2.21600327E-01
 -2.10888387E+00  1.00000000E+00  1.32225625E+00 -1.14852543E+00  4.21971277E-01  5.41633477E+00  5.41133114E-01  2.21600075E-01
 -2.08413064E+00  1.00000000E+00  1.30922158E+00 -1.14852827E+00  4.21970485E-01  5.41628867E+00  5.41137320E-01  2.21597789E-01
 -2.05937741E+00  1.00000000E+00  1.29618692E+00 -1.14853110E+00  4.21967913E-01  5.41624257E+00  5.41141527E-01  2.21595502E-01
 -2.03462419E+00  1.00000000E+00  1.28315922E+00 -1.14850270E+00  4.21962772E-01  5.41627257E+00  5.41129937E-01  2.21597392E-01
 -2.00987096E+00  1.00000000E+00  1.27013151E+00 -1.14847429E+00  4.21956914E-01  5.41630257E+00  5.41118347E-01  2.21599283E-01
 -1.98511774E+00  1.00000000E+00  1.25709816E+00 -1.14849280E+00  4.21955002E-01  5.41629079E+00  5.41124973E-01  2.21598446E-01
 -1.96036451E+00  1.00000000E+00  1.24406481E+00 -1.14851132E+00  4.21953516E-01  5.41627902E+00  5.41131599E-01  2.21597610E-01
 -1.93561128E+00  1.00000000E+00  1.23103925E+00 -1.14854915E+00  4.21946606E-01  5.41661335E+00  5.41124018E-01  2.21613152E-01
 -1.91085806E+00  1.00000000E+00  1.21801369E+00 -1.14858699E+00  4.21937061E-01  5.41694771E+00  5.41116437E-01  2.21628694E-01
 -1.88610483E+00  1.00000000E+00  1.20497429E+00 -1.14854231E+00  4.21932017E-01  5.41679830E+00  5.41105880E-01  2.21622383E-01
 -1.86135161E+00  1.00000000E+00  1.19193488E+00 -1.14849764E+00  4.21929502E-01  5.41664889E+00  5.41095322E-01  2.21616071E-01
 -1.83659838E+00  1.00000000E+00  1.17891311E+00 -1.14851530E+00  4.21929411E-01  5.41633526E+00  5.41130753E-01  2.21600205E-01
 -1.81184516E+00  1.00000000E+00  1.16589134E+00 -1.14853297E+00  4.21923740E-01  5.41602166E+00  5.41166185E-01  2.21584340E-01
 -1.78709193E+00  1.00000000E+00  1.15286474E+00 -1.14854503E+00  4.21904964E-01  5.41662923E+00  5.41126662E-01  2.21613753E-01
 -1.76233870E+00  1.00000000E+00  1.13983815E+00 -1.14855710E+00  4.21883061E-01  5.41723688E+00  5.41087142E-01  2.21643170E-01
 -1.73758548E+00  1.00000000E+00  1.12679968E+00 -1.14853623E+00  4.21878358E-01  5.41692459E+00  5.41101167E-01  2.21628338E-01
 -1.71283225E+00  1.00000000E+00  1.11376121E+00 -1.14851536E+00  4.21870189E-01  5.41661232E+00  5.41115193E-01  2.21613506E-01
 -1.68807903E+00  1.00000000E+00  1.10073395E+00 -1.14854002E+00  4.21860657E-01  5.41643452E+00  5.41137128E-01  2.21604427E-01
 -1.66332580E+00  1.00000000E+00  1.08770668E+00 -1.14856468E+00  4.21851489E-01  5.41625672E+00  5.41159063E-01  2.21595348E-01
 -1.63857257E+00  1.00000000E+00  1.07468900E+00 -1.14852825E+00  4.21836983E-01  5.41612897E+00  5.41158119E-01  2.21589584E-01
 -1.61381935E+00  1.00000000E+00  1.06167132E+00 -1.14849182E+00  4.21817111E-01  5.41600123E+00  5.41157175E-01  2.21583821E-01
 -1.58906612E+00  1.00000000E+00  1.04863759E+00 -1.14847747E+00  4.21798896E-01  5.41560978E+00  5.41179528E-01  2.21565011E-01
 -1.56431290E+00  1.00000000E+00  1.03560385E+00 -1.14846311E+00  4.21783262E-01  5.41521835E+00  5.41201882E-01  2.21546203E-01
 -1.53955967E+00  1.00000000E+00  1.02259546E+00 -1.14844757E+00  4.21761833E-01  5.41486294E+00  5.41225512E-01  2.21528974E-01
 -1.51480644E+00  1.00000000E+00  1.00958708E+00 -1.14843203E+00  4.21739160E-01  5.41450755E+00  5.41249143E-01  2.21511746E-01
 -1.49005322E+00  1.00000000E+00  9.96569677E-01 -1.14840928E+00  4.21711020E-01  5.41439783E+00  5.41253364E-01  2.21506566E-01
 -1.46529999E+00  1.00000000E+00  9.83552277E-01 -1.14838652E+00  4.21676261E-01  5.41428811E+00  5.41257586E-01  2.21501387E-01
 -1.44054677E+00  1.00000000E+00  9.70529082E-01 -1.14842165E+00  4.21640083E-01  5.41473930E+00  5.41240341E-01  2.21522680E-01
 -1.41579354E+00  1.00000000E+00  9.57505887E-01 -1.14845677E+00  4.21596629E-01  5.41519053E+00  5.41223097E-01  2.21543974E-01
 -1.39104031E+00  1.00000000E+00  9.44502953E-01 -1.14833778E+00  4.21563885E-01  5.41409687E+00  5.41262030E-01  2.21492493E-01
 -1.36628709E+00  1.00000000E+00  9.31500019E-01 -1.14821880E+00  4.21531385E-01  5.41300344E+00  5.41300972E-01  2.21441021E-01
 -1.34153386E+00  1.00000000E+00  9.18500394E-01 -1.14826342E+00  4.21491870E-01  5.41267232E+00  5.41343200E-01  2.21424051E-01
 -1.31678064E+00  1.00000000E+00  9.05500769E-01 -1.14830804E+00  4.21446824E-01  5.41234123E+00  5.41385430E-01  2.21407082E-01
 -1.29202741E+00  1.00000000E+00  8.92521032E-01 -1.14828748E+00  4.21391673E-01  5.41216082E+00  5.41394805E-01  2.21398455E-01
 -1.26727418E+00  1.00000000E+00  8.79541295E-01 -1.14826692E+00  4.21333814E-01  5.41198042E+00  5.41404181E-01  2.21389829E-01
 -1.24252096E+00  1.00000000E+00  8.66559352E-01 -1.14830021E+00  4.21277289E-01  5.41183437E+00  5.41432710E-01  2.21381894E-01
 -1.21776773E+00  1.00000000E+00  8.53577408E-01 -1.14833351E+00  4.21205979E-01  5.41168833E+00  5.41461241E-01  2.21373959E-01
 -1.19301451E+00  1.00000000E+00  8.40615587E-01 -1.14819159E+00  4.21141302E-01  5.41052223E+00  5.41499262E-01  2.21319226E-01
 -1.16826128E+00  1.00000000E+00  8.27653766E-01 -1.14804970E+00  4.21082415E-01  5.40935638E+00  5.41537293E-01  2.21264504E-01
 -1.14350806E+00  1.00000000E+00  8.14717626E-01 -1.14808565E+00  4.21008752E-01  5.40904539E+00  5.41577252E-01  2.21248552E-01
 -1.11875483E+00  1.00000000E+00  8.01781487E-01 -1.14812161E+00  4.20927536E-01  5.40873442E+00  5.41617212E-01  2.21232600E-01
 -1.09400160E+00  1.00000000E+00  7.88862738E-01 -1.14807529E+00  4.20855777E-01  5.40802440E+00  5.41656515E-01  2.21198540E-01
 -1.06924838E+00  1.00000000E+00  7.75943990E-01 -1.14802899E+00  4.20781349E-01  5.40731448E+00  5.41695822E-01  2.21164485E-01
 -1.04449515E+00  1.00000000E+00  7.63063629E-01 -1.14798131E+00  4.20693850E-01  5.40644444E+00  5.41750394E-01  2.21122457E-01
 -1.01974193E+00  1.00000000E+00  7.50183268E-01 -1.14793364E+00  4.20600973E-01  5.40557455E+00  5.41804973E-01  2.21080436E-01
 -9.94988700E-01  1.00000000E+00  7.37335718E-01 -1.14787516E+00  4.20507424E-01  5.40490495E+00  5.41840167E-01  2.21048399E-01
 -9.70235474E-01  1.00000000E+00  7.24488168E-01 -1.14781669E+00  4.20419882E-01  5.40423543E+00  5.41875365E-01  2.21016366E-01
 -9.45482248E-01  1.00000000E+00  7.11680319E-01 -1.14775532E+00  4.20338989E-01  5.40351666E+00  5.41907653E-01  2.20982227E-01
 -9.20729022E-01  1.00000000E+00  6.98872470E-01 -1.14769395E+00  4.20261576E-01  5.40279799E+00  5.41939945E-01  2.20948093E-01
 -8.95975796E-01  1.00000000E+00  6.86136501E-01 -1.14762629E+00  4.20174415E-01  5.40178633E+00  5.41999374E-01  2.20899407E-01
 -8.71222570E-01  1.00000000E+00  6.73400532E-01 -1.14755865E+00  4.20087831E-01  5.40077486E+00  5.42058813E-01  2.20850730E-01
 -8.46469344E-01  1.00000000E+00  6.60722076E-01 -1.14762135E+00  4.20018014E-01  5.40058271E+00  5.42106580E-01  2.20839824E-01
 -8.21716118E-01  1.00000000E+00  6.48043620E-01 -1.14768406E+00  4.19943643E-01  5.40039057E+00  5.42154351E-01  2.20828919E-01
 -7.97201467E-01  1.00000000E+00  6.35581800E-01 -1.14770449E+00  4.19927069E-01  5.40022408E+00  5.42175303E-01  2.20820399E-01
 -7.72686817E-01  1.00000000E+00  6.23119981E-01 -1.14772492E+00  4.19899882E-01  5.40005759E+00  5.42196257E-01  2.20811879E-01
 -7.49503432E-01  1.00000000E+00  6.11426827E-01 -1.14760931E+00  4.19906145E-01  5.40013075E+00  5.42139483E-01  2.20817785E-01
 -7.26320047E-01  1.00000000E+00  5.99733674E-01 -1.14749369E+00  4.19931765E-01  5.40020394E+00  5.42082716E-01  2.20823692E-01
 -7.04527831E-01  1.00000000E+00  5.88839674E-01 -1.14767858E+00  4.19976271E-01  5.40052201E+00  5.42139976E-01  2.20835547E-01
 -6.82735615E-01  1.00000000E+00  5.77945673E-01 -1.14786348E+00  4.20040514E-01  5.40084012E+00  5.42197245E-01  2.20847403E-01
 -6.62251087E-01  1.00000000E+00  5.67813130E-01 -1.14768101E+00  4.20194126E-01  5.40206260E+00  5.42007082E-01  2.20911614E-01
 -6.41766559E-01  1.00000000E+00  5.57680587E-01 -1.14749853E+00  4.20370174E-01  5.40328548E+00  5.41816972E-01  2.20975841E-01
 -6.22511254E-01  1.00000000E+00  5.48269392E-01 -1.14749079E+00  4.20558335E-01  5.40467261E+00  5.41694813E-01  2.21044445E-01
 -6.03255949E-01  1.00000000E+00  5.38858197E-01 -1.14748306E+00  4.20782869E-01  5.40606015E+00  5.41572679E-01  2.21113067E-01
 -5.85156097E-01  1.00000000E+00  5.30131541E-01 -1.14781130E+00  4.21054369E-01  5.40825216E+00  5.41526012E-01  2.21214825E-01
 -5.67056245E-01  1.00000000E+00  5.21404885E-01 -1.14813965E+00  4.21358080E-01  5.41044506E+00  5.41479387E-01  2.21316622E-01
 -5.50042515E-01  1.00000000E+00  5.13308593E-01 -1.14815249E+00  4.21772649E-01  5.41393229E+00  5.41181084E-01  2.21488691E-01
 -5.33028786E-01  1.00000000E+00  5.05212301E-01 -1.14816537E+00  4.22199463E-01  5.41742205E+00  5.40882934E-01  2.21660869E-01
 -5.17036006E-01  1.00000000E+00  4.97750385E-01 -1.14857036E+00  4.22683525E-01  5.42164164E+00  5.40704870E-01  2.21860762E-01
 -5.01043227E-01  1.00000000E+00  4.90288468E-01 -1.14897563E+00  4.23196316E-01  5.42586460E+00  5.40526939E-01  2.22060803E-01
 -4.86010125E-01  1.00000000E+00  4.83389844E-01 -1.14924231E+00  4.23799730E-01  5.43071637E+00  5.40222138E-01  2.22295192E-01
 -4.70977023E-01  1.00000000E+00  4.76491220E-01 -1.14950921E+00  4.24469498E-01  5.43557275E+00  5.39917559E-01  2.22529781E-01
 -4.56846016E-01  1.00000000E+00  4.70134714E-01 -1.14995767E+00  4.25177301E-01  5.44200438E+00  5.39561172E-01  2.22838328E-01
 -4.42715008E-01  1.00000000E+00  4.63778209E-01 -1.15040662E+00  4.25970671E-01  5.44844400E+00  5.39205141E-01  2.23147221E-01
 -4.29431964E-01  1.00000000E+00  4.57968496E-01 -1.15085997E+00  4.26900981E-01  5.45588902E+00  5.38767819E-01  2.23505509E-01
 -4.16148920E-01  1.00000000E+00  4.52158783E-01 -1.15131389E+00  4.27866981E-01  5.46334480E+00  5.38330981E-01  2.23864265E-01
 -4.03662954E-01  1.00000000E+00  4.46823705E-01 -1.15160727E+00  4.28811347E-01  5.47140567E+00  5.37776827E-01  2.24255857E-01
 -3.91176988E-01  1.00000000E+00  4.41488627E-01 -1.15190110E+00  4.29907875E-01  5.47947945E+00  5.37223297E-01  2.24648007E-01
 -3.79440270E-01  1.00000000E+00  4.36573289E-01 -1.15277500E+00  4.31093912E-01  5.48925767E+00  5.36771234E-01  2.25113020E-01
 -3.67703552E-01  1.00000000E+00  4.31657951E-01 -1.15365028E+00  4.32356049E-01  5.49905389E+00  5.36319943E-01  2.25578816E-01
 -3.56671122E-01  1.00000000E+00  4.27287086E-01 -1.15430491E+00  4.33743077E-01  5.51043023E+00  5.35641046E-01  2.26126781E-01
 -3.45638692E-01  1.00000000E+00  4.22916222E-01 -1.15496081E+00  4.35146629E-01  5.52183153E+00  5.34963290E-01  2.26675829E-01
 -3.35268287E-01  1.00000000E+00  4.18869750E-01 -1.15571771E+00  4.36540009E-01  5.53359413E+00  5.34312478E-01  2.27240075E-01
 -3.24897882E-01  1.00000000E+00  4.14823277E-01 -1.15647606E+00  4.38116367E-01  5.54538314E+00  5.33662793E-01  2.27805470E-01
 -3.15149775E-01  1.00000000E+00  4.11208393E-01 -1.15718830E+00  4.39831685E-01  5.55843977E+00  5.32890670E-01  2.28434050E-01
 -3.05401669E-01  1.00000000E+00  4.07593509E-01 -1.15790207E+00  4.41593092E-01  5.57152910E+00  5.32119978E-01  2.29064051E-01
 -2.96238520E-01  1.00000000E+00  4.04306058E-01 -1.15846602E+00  4.43395266E-01  5.58742980E+00  5.31045592E-01  2.29835646E-01
 -2.87075371E-01  1.00000000E+00  4.01018608E-01 -1.15903161E+00  4.45459607E-01  5.60337973E+00  5.29973587E-01  2.30609370E-01
 -2.78462077E-01  1.00000000E+00  3.98171562E-01 -1.16018876E+00  4.47592487E-01  5.61996643E+00  5.29101411E-01  2.31402955E-01
 -2.69848783E-01  1.00000000E+00  3.95324516E-01 -1.16134899E+00  4.49776979E-01  5.63660456E+00  5.28231453E-01  2.32198778E-01
 -2.61752348E-01  1.00000000E+00  3.92788111E-01 -1.16278036E+00  4.51959631E-01  5.65470868E+00  5.27379715E-01  2.33060407E-01
 -2.53655913E-01  1.00000000E+00  3.90251706E-01 -1.16421576E+00  4.54298570E-01  5.67287323E+00  5.26530399E-01  2.33924674E-01
 -2.46045323E-01  1.00000000E+00  3.88055384E-01 -1.16471064E+00  4.56785541E-01  5.69200632E+00  5.25204629E-01  2.34854622E-01
 -2.38434732E-01  1.00000000E+00  3.85859061E-01 -1.16520732E+00  4.59338208E-01  5.71121011E+00  5.23882281E-01  2.35787629E-01
 -2.31280830E-01  1.00000000E+00  3.83936058E-01 -1.16607465E+00  4.61962012E-01  5.73114254E+00  5.22675035E-01  2.36748523E-01
 -2.24126928E-01  1.00000000E+00  3.82013055E-01 -1.16694476E+00  4.64717372E-01  5.75114965E+00  5.21471018E-01  2.37712665E-01
 -2.17402314E-01  1.00000000E+00  3.80381173E-01 -1.16911446E+00  4.67545433E-01  5.77430140E+00  5.20554023E-01  2.38806699E-01
 -2.10677699E-01  1.00000000E+00  3.78749291E-01 -1.17129180E+00  4.70466597E-01  5.79754880E+00  5.19640798E-01  2.39904909E-01
 -2.04351753E-01  1.00000000E+00  3.77452478E-01 -1.17243592E+00  4.73595631E-01  5.82229848E+00  5.18192878E-01  2.41095709E-01
 -1.98025807E-01  1.00000000E+00  3.76155664E-01 -1.17358454E+00  4.76783176E-01  5.84716115E+00  5.16749801E-01  2.42291425E-01
 -1.91837501E-01  1.00000000E+00  3.75047060E-01 -1.17536715E+00  4.80261702E-01  5.87366918E+00  5.15465011E-01  2.43554735E-01
 -1.85649194E-01  1.00000000E+00  3.73938456E-01 -1.17715680E+00  4.83844920E-01  5.90030308E+00  5.14185081E-01  2.44823545E-01
 -1.79460888E-01  1.00000000E+00  3.73097596E-01 -1.17724683E+00  4.87882356E-01  5.93054182E+00  5.11944857E-01  2.46299862E-01
 -1.73272582E-01  1.00000000E+00  3.72256737E-01 -1.17733829E+00  4.92062224E-01  5.96095486E+00  5.09713458E-01  2.47783700E-01
 -1.67084275E-01  1.00000000E+00  3.71686693E-01 -1.18056943E+00  4.96580072E-01  5.99618406E+00  5.08415688E-01  2.49444017E-01
 -1.60895969E-01  1.00000000E+00  3.71116649E-01 -1.18381712E+00  5.01273129E-01  6.03162681E+00  5.07125739E-01  2.51113685E-01
 -1.54707662E-01  1.00000000E+00  3.70825299E-01 -1.18468146E+00  5.06691979E-01  6.07195352E+00  5.04537436E-01  2.53064368E-01
 -1.48519356E-01  1.00000000E+00  3.70533949E-01 -1.18555164E+00  5.12267310E-01  6.11257593E+00  5.01962222E-01  2.55027896E-01
 -1.42331049E-01  1.00000000E+00  3.70851780E-01 -1.18889106E+00  5.18672314E-01  6.15982539E+00  4.99916453E-01  2.57268588E-01
 -1.36142743E-01  1.00000000E+00  3.71169610E-01 -1.19225275E+00  5.25351411E-01  6.20745498E+00  4.97884468E-01  2.59525932E-01
 -1.29954436E-01  1.00000000E+00  3.71938505E-01 -1.19396381E+00  5.32443601E-01  6.25995902E+00  4.94933892E-01  2.62046597E-01
 -1.23766130E-01  1.00000000E+00  3.72707400E-01 -1.19568735E+00  5.40172213E-01  6.31294282E+00  4.92001877E-01  2.64588225E-01
 -1.17577823E-01  1.00000000E+00  3.73926343E-01 -1.19925908E+00  5.49064540E-01  6.37865104E+00  4.88943474E-01  2.67713980E-01
 -1.11389517E-01  1.00000000E+00  3.75145286E-01 -1.20286232E+00  5.58465971E-01  6.44508018E+00  4.85910480E-01  2.70871350E-01
 -1.05201210E-01  1.00000000E+00  3.77545738E-01 -1.20661190E+00  5.69622359E-01  6.52563994E+00  4.82053826E-01  2.74708460E-01
 -9.90129037E-02  1.00000000E+00  3.79946189E-01 -1.21040095E+00  5.81273986E-01  6.60726790E+00  4.78234816E-01  2.78592413E-01
 -9.28245972E-02  1.00000000E+00  3.83631766E-01 -1.21052730E+00  5.95033294E-01  6.69949255E+00  4.72510191E-01  2.83044653E-01
 -8.66362908E-02  1.00000000E+00  3.87317343E-01 -1.21065553E+00  6.09405148E-01  6.79315567E+00  4.66845415E-01  2.87559557E-01
 -8.04479843E-02  1.00000000E+00  3.92070798E-01 -1.21963085E+00  6.26976396E-01  6.91321614E+00  4.62937555E-01  2.93194481E-01
 -7.42596778E-02  1.00000000E+00  3.96824253E-01 -1.22873890E+00  6.45876682E-01  7.03546215E+00  4.59094080E-01  2.98925821E-01
 -6.80713713E-02  1.00000000E+00  4.05403921E-01 -1.22017738E+00  6.68824122E-01  7.18380880E+00  4.47775294E-01  3.06183341E-01
 -6.18830648E-02  1.00000000E+00  4.13983589E-01 -1.21147111E+00  6.94647552E-01  7.33596548E+00  4.36664544E-01  3.13604588E-01
 -5.56947583E-02  1.00000000E+00  4.21139513E-01 -1.26205936E+00  7.26961871E-01  7.58168308E+00  4.40593515E-01  3.24594980E-01
 -4.95064519E-02  1.00000000E+00  4.28295437E-01 -1.31432982E+00  7.61007776E-01  7.83577233E+00  4.45028825E-01  3.35942886E-01
 -4.33181454E-02  1.00000000E+00  4.78569485E-01 -1.23808265E+00  8.04429717E-01  8.06404871E+00  4.09939997E-01  3.47914033E-01
 -3.71298389E-02  1.00000000E+00  5.28843533E-01 -1.16039190E+00  8.65859624E-01  8.30716600E+00  3.77118057E-01  3.60456725E-01
 -3.09415324E-02  1.00000000E+00  4.41953048E-01 -9.58592393E-01  9.51922051E-01  8.05728767E+00  3.35279649E-01  3.51000365E-01
 -2.47532259E-02  1.00000000E+00  3.55062563E-01 -7.65271740E-01  1.02272465E+00  7.83453177E+00  3.01800560E-01  3.42396873E-01
 -1.85649194E-02  1.00000000E+00  8.79504864E-01 -1.95399878E+00  1.15666347E+00  1.11437759E+01  5.09788606E-01  4.83363059E-01
 -1.23766130E-02  1.00000000E+00  1.40394716E+00 -3.80651543E+00  1.42326932E+00  1.63939488E+01  1.00283476E+00  6.99596094E-01
 -6.18830648E-03  1.00000000E+00  2.69719187E-01  1.29592204E+00  2.46393345E+00  1.15672583E+01  3.14290068E-01  5.11498556E-01
  0.00000000E+00  1.00000000E+00 -8.64508791E-01  8.48373204E+00  5.37983787E+00  1.93049775E+01  3.82984037E+00  7.03415323E-01
