# curve 5 (die wall), step =        1, time =   4.00000000E-01
# N1 = tau_xx - tau_yy = G ( c_xx - c_yy ),  G =  1.0000E-01  (polymer part only)
#              x               y        pressure            c_xy        gammadot            c_xx            c_yy              N1
 -3.00000000E+00  1.00000000E+00  8.66696392E-01  0.00000000E+00  3.99997942E-01  1.00000000E+00  1.00000000E+00  0.00000000E+00
 -2.97524677E+00  1.00000000E+00  8.60007407E-01  0.00000000E+00  3.99998810E-01  1.00000000E+00  1.00000000E+00  0.00000000E+00
 -2.95049355E+00  1.00000000E+00  8.53318421E-01  0.00000000E+00  3.99999399E-01  1.00000000E+00  1.00000000E+00  0.00000000E+00
 -2.92574032E+00  1.00000000E+00  8.46628149E-01  0.00000000E+00  3.99999865E-01  1.00000000E+00  1.00000000E+00  0.00000000E+00
 -2.90098710E+00  1.00000000E+00  8.39937876E-01  0.00000000E+00  4.00000106E-01  1.00000000E+00  1.00000000E+00  0.00000000E+00
 -2.87623387E+00  1.00000000E+00  8.33247831E-01  0.00000000E+00  4.00000117E-01  1.00000000E+00  1.00000000E+00  0.00000000E+00
 -2.85148064E+00  1.00000000E+00  8.26557786E-01  0.00000000E+00  4.00000096E-01  1.00000000E+00  1.00000000E+00  0.00000000E+00
 -2.82672742E+00  1.00000000E+00  8.19867693E-01  0.00000000E+00  4.00000068E-01  1.00000000E+00  1.00000000E+00  0.00000000E+00
 -2.80197419E+00  1.00000000E+00  8.13177600E-01  0.00000000E+00  4.00000032E-01  1.00000000E+00  1.00000000E+00  0.00000000E+00
 -2.77722097E+00  1.00000000E+00  8.06487521E-01  0.00000000E+00  3.99999990E-01  1.00000000E+00  1.00000000E+00  0.00000000E+00
 -2.75246774E+00  1.00000000E+00  7.99797442E-01  0.00000000E+00  3.99999947E-01  1.00000000E+00  1.00000000E+00  0.00000000E+00
 -2.72771451E+00  1.00000000E+00  7.93107361E-01  0.00000000E+00  3.99999897E-01  1.00000000E+00  1.00000000E+00  0.00000000E+00
 -2.70296129E+00  1.00000000E+00  7.86417280E-01  0.00000000E+00  3.99999842E-01  1.00000000E+00  1.00000000E+00  0.00000000E+00
 -2.67820806E+00  1.00000000E+00  7.79727198E-01  0.00000000E+00  3.99999777E-01  1.00000000E+00  1.00000000E+00  0.00000000E+00
 -2.65345484E+00  1.00000000E+00  7.73037116E-01  0.00000000E+00  3.99999709E-01  1.00000000E+00  1.00000000E+00  0.00000000E+00
 -2.62870161E+00  1.00000000E+00  7.66347031E-01  0.00000000E+00  3.99999624E-01  1.00000000E+00  1.00000000E+00  0.00000000E+00
 -2.60394839E+00  1.00000000E+00  7.59656946E-01  0.00000000E+00  3.99999532E-01  1.00000000E+00  1.00000000E+00  0.00000000E+00
 -2.57919516E+00  1.00000000E+00  7.52966866E-01  0.00000000E+00  3.99999425E-01  1.00000000E+00  1.00000000E+00  0.00000000E+00
 -2.55444193E+00  1.00000000E+00  7.46276787E-01  0.00000000E+00  3.99999311E-01  1.00000000E+00  1.00000000E+00  0.00000000E+00
 -2.52968871E+00  1.00000000E+00  7.39586702E-01  0.00000000E+00  3.99999170E-01  1.00000000E+00  1.00000000E+00  0.00000000E+00
 -2.50493548E+00  1.00000000E+00  7.32896618E-01  0.00000000E+00  3.99999020E-01  1.00000000E+00  1.00000000E+00  0.00000000E+00
 -2.48018226E+00  1.00000000E+00  7.26206535E-01  0.00000000E+00  3.99998845E-01  1.00000000E+00  1.00000000E+00  0.00000000E+00
 -2.45542903E+00  1.00000000E+00  7.19516452E-01  0.00000000E+00  3.99998658E-01  1.00000000E+00  1.00000000E+00  0.00000000E+00
 -2.43067580E+00  1.00000000E+00  7.12826371E-01  0.00000000E+00  3.99998430E-01  1.00000000E+00  1.00000000E+00  0.00000000E+00
 -2.40592258E+00  1.00000000E+00  7.06136290E-01  0.00000000E+00  3.99998191E-01  1.00000000E+00  1.00000000E+00  0.00000000E+00
 -2.38116935E+00  1.00000000E+00  6.99446216E-01  0.00000000E+00  3.99997903E-01  1.00000000E+00  1.00000000E+00  0.00000000E+00
 -2.35641613E+00  1.00000000E+00  6.92756142E-01  0.00000000E+00  3.99997594E-01  1.00000000E+00  1.00000000E+00  0.00000000E+00
 -2.33166290E+00  1.00000000E+00  6.86066075E-01  0.00000000E+00  3.99997223E-01  1.00000000E+00  1.00000000E+00  0.00000000E+00
 -2.30690967E+00  1.00000000E+00  6.79376008E-01  0.00000000E+00  3.99996827E-01  1.00000000E+00  1.00000000E+00  0.00000000E+00
 -2.28215645E+00  1.00000000E+00  6.72685950E-01  0.00000000E+00  3.99996359E-01  1.00000000E+00  1.00000000E+00  0.00000000E+00
 -2.25740322E+00  1.00000000E+00  6.65995891E-01  0.00000000E+00  3.99995863E-01  1.00000000E+00  1.00000000E+00  0.00000000E+00
 -2.23265000E+00  1.00000000E+00  6.59305847E-01  0.00000000E+00  3.99995275E-01  1.00000000E+00  1.00000000E+00  0.00000000E+00
 -2.20789677E+00  1.00000000E+00  6.52615804E-01  0.00000000E+00  3.99994642E-01  1.00000000E+00  1.00000000E+00  0.00000000E+00
 -2.18314354E+00  1.00000000E+00  6.45925777E-01  0.00000000E+00  3.99993921E-01  1.00000000E+00  1.00000000E+00  0.00000000E+00
 -2.15839032E+00  1.00000000E+00  6.39235750E-01  0.00000000E+00  3.99993151E-01  1.00000000E+00  1.00000000E+00  0.00000000E+00
 -2.13363709E+00  1.00000000E+00  6.32545780E-01  0.00000000E+00  3.99992241E-01  1.00000000E+00  1.00000000E+00  0.00000000E+00
 -2.10888387E+00  1.00000000E+00  6.25855811E-01  0.00000000E+00  3.99991290E-01  1.00000000E+00  1.00000000E+00  0.00000000E+00
 -2.08413064E+00  1.00000000E+00  6.19165876E-01  0.00000000E+00  3.99990142E-01  1.00000000E+00  1.00000000E+00  0.00000000E+00
 -2.05937741E+00  1.00000000E+00  6.12475940E-01  0.00000000E+00  3.99988952E-01  1.00000000E+00  1.00000000E+00  0.00000000E+00
 -2.03462419E+00  1.00000000E+00  6.05786089E-01  0.00000000E+00  3.99987537E-01  1.00000000E+00  1.00000000E+00  0.00000000E+00
 -2.00987096E+00  1.00000000E+00  5.99096238E-01  0.00000000E+00  3.99986043E-01  1.00000000E+00  1.00000000E+00  0.00000000E+00
 -1.98511774E+00  1.00000000E+00  5.92406462E-01  0.00000000E+00  3.99984332E-01  1.00000000E+00  1.00000000E+00  0.00000000E+00
 -1.96036451E+00  1.00000000E+00  5.85716685E-01  0.00000000E+00  3.99982524E-01  1.00000000E+00  1.00000000E+00  0.00000000E+00
 -1.93561128E+00  1.00000000E+00  5.79027020E-01  0.00000000E+00  3.99980433E-01  1.00000000E+00  1.00000000E+00  0.00000000E+00
 -1.91085806E+00  1.00000000E+00  5.72337355E-01  0.00000000E+00  3.99978149E-01  1.00000000E+00  1.00000000E+00  0.00000000E+00
 -1.88610483E+00  1.00000000E+00  5.65647866E-01  0.00000000E+00  3.99975582E-01  1.00000000E+00  1.00000000E+00  0.00000000E+00
 -1.86135161E+00  1.00000000E+00  5.58958377E-01  0.00000000E+00  3.99972865E-01  1.00000000E+00  1.00000000E+00  0.00000000E+00
 -1.83659838E+00  1.00000000E+00  5.52269110E-01  0.00000000E+00  3.99969793E-01  1.00000000E+00  1.00000000E+00  0.00000000E+00
 -1.81184516E+00  1.00000000E+00  5.45579844E-01  0.00000000E+00  3.99966608E-01  1.00000000E+00  1.00000000E+00  0.00000000E+00
 -1.78709193E+00  1.00000000E+00  5.38890864E-01  0.00000000E+00  3.99962876E-01  1.00000000E+00  1.00000000E+00  0.00000000E+00
 -1.76233870E+00  1.00000000E+00  5.32201883E-01  0.00000000E+00  3.99958818E-01  1.00000000E+00  1.00000000E+00  0.00000000E+00
 -1.73758548E+00  1.00000000E+00  5.25513354E-01  0.00000000E+00  3.99954266E-01  1.00000000E+00  1.00000000E+00  0.00000000E+00
 -1.71283225E+00  1.00000000E+00  5.18824824E-01  0.00000000E+00  3.99949651E-01  1.00000000E+00  1.00000000E+00  0.00000000E+00
 -1.68807903E+00  1.00000000E+00  5.12136614E-01  0.00000000E+00  3.99944743E-01  1.00000000E+00  1.00000000E+00  0.00000000E+00
 -1.66332580E+00  1.00000000E+00  5.05448404E-01  0.00000000E+00  3.99939402E-01  1.00000000E+00  1.00000000E+00  0.00000000E+00
 -1.63857257E+00  1.00000000E+00  4.98760989E-01  0.00000000E+00  3.99933188E-01  1.00000000E+00  1.00000000E+00  0.00000000E+00
 -1.61381935E+00  1.00000000E+00  4.92073575E-01  0.00000000E+00  3.99926642E-01  1.00000000E+00  1.00000000E+00  0.00000000E+00
 -1.58906612E+00  1.00000000E+00  4.85386738E-01  0.00000000E+00  3.99919769E-01  1.00000000E+00  1.00000000E+00  0.00000000E+00
 -1.56431290E+00  1.00000000E+00  4.78699901E-01  0.00000000E+00  3.99912477E-01  1.00000000E+00  1.00000000E+00  0.00000000E+00
 -1.53955967E+00  1.00000000E+00  4.72014190E-01  0.00000000E+00  3.99904218E-01  1.00000000E+00  1.00000000E+00  0.00000000E+00
 -1.51480644E+00  1.00000000E+00  4.65328478E-01  0.00000000E+00  3.99895957E-01  1.00000000E+00  1.00000000E+00  0.00000000E+00
 -1.49005322E+00  1.00000000E+00  4.58643960E-01  0.00000000E+00  3.99886669E-01  1.00000000E+00  1.00000000E+00  0.00000000E+00
 -1.46529999E+00  1.00000000E+00  4.51959441E-01  0.00000000E+00  3.99877047E-01  1.00000000E+00  1.00000000E+00  0.00000000E+00
 -1.44054677E+00  1.00000000E+00  4.45276553E-01  0.00000000E+00  3.99867330E-01  1.00000000E+00  1.00000000E+00  0.00000000E+00
 -1.41579354E+00  1.00000000E+00  4.38593664E-01  0.00000000E+00  3.99856290E-01  1.00000000E+00  1.00000000E+00  0.00000000E+00
 -1.39104031E+00  1.00000000E+00  4.31912714E-01  0.00000000E+00  3.99844586E-01  1.00000000E+00  1.00000000E+00  0.00000000E+00
 -1.36628709E+00  1.00000000E+00  4.25231764E-01  0.00000000E+00  3.99833294E-01  1.00000000E+00  1.00000000E+00  0.00000000E+00
 -1.34153386E+00  1.00000000E+00  4.18553379E-01  0.00000000E+00  3.99821508E-01  1.00000000E+00  1.00000000E+00  0.00000000E+00
 -1.31678064E+00  1.00000000E+00  4.11874995E-01  0.00000000E+00  3.99809550E-01  1.00000000E+00  1.00000000E+00  0.00000000E+00
 -1.29202741E+00  1.00000000E+00  4.05199352E-01  0.00000000E+00  3.99797043E-01  1.00000000E+00  1.00000000E+00  0.00000000E+00
 -1.26727418E+00  1.00000000E+00  3.98523709E-01  0.00000000E+00  3.99784562E-01  1.00000000E+00  1.00000000E+00  0.00000000E+00
 -1.24252096E+00  1.00000000E+00  3.91852295E-01  0.00000000E+00  3.99774137E-01  1.00000000E+00  1.00000000E+00  0.00000000E+00
 -1.21776773E+00  1.00000000E+00  3.85180881E-01  0.00000000E+00  3.99761007E-01  1.00000000E+00  1.00000000E+00  0.00000000E+00
 -1.19301451E+00  1.00000000E+00  3.78513656E-01  0.00000000E+00  3.99748733E-01  1.00000000E+00  1.00000000E+00  0.00000000E+00
 -1.16826128E+00  1.00000000E+00  3.71846432E-01  0.00000000E+00  3.99739550E-01  1.00000000E+00  1.00000000E+00  0.00000000E+00
 -1.14350806E+00  1.00000000E+00  3.65185088E-01  0.00000000E+00  3.99731783E-01  1.00000000E+00  1.00000000E+00  0.00000000E+00
 -1.11875483E+00  1.00000000E+00  3.58523744E-01  0.00000000E+00  3.99724699E-01  1.00000000E+00  1.00000000E+00  0.00000000E+00
 -1.09400160E+00  1.00000000E+00  3.51870364E-01  0.00000000E+00  3.99723761E-01  1.00000000E+00  1.00000000E+00  0.00000000E+00
 -1.06924838E+00  1.00000000E+00  3.45216984E-01  0.00000000E+00  3.99724067E-01  1.00000000E+00  1.00000000E+00  0.00000000E+00
 -1.04449515E+00  1.00000000E+00  3.38571275E-01  0.00000000E+00  3.99728398E-01  1.00000000E+00  1.00000000E+00  0.00000000E+00
 -1.01974193E+00  1.00000000E+00  3.31925565E-01  0.00000000E+00  3.99732702E-01  1.00000000E+00  1.00000000E+00  0.00000000E+00
 -9.94988700E-01  1.00000000E+00  3.25288747E-01  0.00000000E+00  3.99749200E-01  1.00000000E+00  1.00000000E+00  0.00000000E+00
 -9.70235474E-01  1.00000000E+00  3.18651929E-01  0.00000000E+00  3.99770947E-01  1.00000000E+00  1.00000000E+00  0.00000000E+00
 -9.45482248E-01  1.00000000E+00  3.12030424E-01  0.00000000E+00  3.99809609E-01  1.00000000E+00  1.00000000E+00  0.00000000E+00
 -9.20729022E-01  1.00000000E+00  3.05408918E-01  0.00000000E+00  3.99852922E-01  1.00000000E+00  1.00000000E+00  0.00000000E+00
 -8.95975796E-01  1.00000000E+00  2.98801741E-01  0.00000000E+00  3.99907287E-01  1.00000000E+00  1.00000000E+00  0.00000000E+00
 -8.71222570E-01  1.00000000E+00  2.92194564E-01  0.00000000E+00  3.99970092E-01  1.00000000E+00  1.00000000E+00  0.00000000E+00
 -8.46469344E-01  1.00000000E+00  2.85597618E-01  0.00000000E+00  4.00072671E-01  1.00000000E+00  1.00000000E+00  0.00000000E+00
 -8.21716118E-01  1.00000000E+00  2.79000672E-01  0.00000000E+00  4.00182652E-01  1.00000000E+00  1.00000000E+00  0.00000000E+00
 -7.97201467E-01  1.00000000E+00  2.72499205E-01  0.00000000E+00  4.00338743E-01  1.00000000E+00  1.00000000E+00  0.00000000E+00
 -7.72686817E-01  1.00000000E+00  2.65997739E-01  0.00000000E+00  4.00504661E-01  1.00000000E+00  1.00000000E+00  0.00000000E+00
 -7.49503432E-01  1.00000000E+00  2.59871663E-01  0.00000000E+00  4.00711068E-01  1.00000000E+00  1.00000000E+00  0.00000000E+00
 -7.26320047E-01  1.00000000E+00  2.53745588E-01  0.00000000E+00  4.00936652E-01  1.00000000E+00  1.00000000E+00  0.00000000E+00
 -7.04527831E-01  1.00000000E+00  2.47996013E-01  0.00000000E+00  4.01206378E-01  1.00000000E+00  1.00000000E+00  0.00000000E+00
 -6.82735615E-01  1.00000000E+00  2.42246438E-01  0.00000000E+00  4.01500304E-01  1.00000000E+00  1.00000000E+00  0.00000000E+00
 -6.62251087E-01  1.00000000E+00  2.36898339E-01  0.00000000E+00  4.01851153E-01  1.00000000E+00  1.00000000E+00  0.00000000E+00
 -6.41766559E-01  1.00000000E+00  2.31550240E-01  0.00000000E+00  4.02233434E-01  1.00000000E+00  1.00000000E+00  0.00000000E+00
 -6.22511254E-01  1.00000000E+00  2.26519960E-01  0.00000000E+00  4.02654505E-01  1.00000000E+00  1.00000000E+00  0.00000000E+00
 -6.03255949E-01  1.00000000E+00  2.21489681E-01  0.00000000E+00  4.03105143E-01  1.00000000E+00  1.00000000E+00  0.00000000E+00
 -5.85156097E-01  1.00000000E+00  2.16791396E-01  0.00000000E+00  4.03616753E-01  1.00000000E+00  1.00000000E+00  0.00000000E+00
 -5.67056245E-01  1.00000000E+00  2.12093112E-01  0.00000000E+00  4.04169367E-01  1.00000000E+00  1.00000000E+00  0.00000000E+00
 -5.50042515E-01  1.00000000E+00  2.07707188E-01  0.00000000E+00  4.04805933E-01  1.00000000E+00  1.00000000E+00  0.00000000E+00
 -5.33028786E-01  1.00000000E+00  2.03321264E-01  0.00000000E+00  4.05472236E-01  1.00000000E+00  1.00000000E+00  0.00000000E+00
 -5.17036006E-01  1.00000000E+00  1.99222885E-01  0.00000000E+00  4.06214566E-01  1.00000000E+00  1.00000000E+00  0.00000000E+00
 -5.01043227E-01  1.00000000E+00  1.95124507E-01  0.00000000E+00  4.07002192E-01  1.00000000E+00  1.00000000E+00  0.00000000E+00
 -4.86010125E-01  1.00000000E+00  1.91305735E-01  0.00000000E+00  4.07868892E-01  1.00000000E+00  1.00000000E+00  0.00000000E+00
 -4.70977023E-01  1.00000000E+00  1.87486964E-01  0.00000000E+00  4.08776800E-01  1.00000000E+00  1.00000000E+00  0.00000000E+00
 -4.56846016E-01  1.00000000E+00  1.83904008E-01  0.00000000E+00  4.09744088E-01  1.00000000E+00  1.00000000E+00  0.00000000E+00
 -4.42715008E-01  1.00000000E+00  1.80321051E-01  0.00000000E+00  4.10776866E-01  1.00000000E+00  1.00000000E+00  0.00000000E+00
 -4.29431964E-01  1.00000000E+00  1.77002518E-01  0.00000000E+00  4.11937537E-01  1.00000000E+00  1.00000000E+00  0.00000000E+00
 -4.16148920E-01  1.00000000E+00  1.73683985E-01  0.00000000E+00  4.13154401E-01  1.00000000E+00  1.00000000E+00  0.00000000E+00
 -4.03662954E-01  1.00000000E+00  1.70589132E-01  0.00000000E+00  4.14386567E-01  1.00000000E+00  1.00000000E+00  0.00000000E+00
 -3.91176988E-01  1.00000000E+00  1.67494279E-01  0.00000000E+00  4.15704144E-01  1.00000000E+00  1.00000000E+00  0.00000000E+00
 -3.79440270E-01  1.00000000E+00  1.64569496E-01  0.00000000E+00  4.17130001E-01  1.00000000E+00  1.00000000E+00  0.00000000E+00
 -3.67703552E-01  1.00000000E+00  1.61644712E-01  0.00000000E+00  4.18635625E-01  1.00000000E+00  1.00000000E+00  0.00000000E+00
 -3.56671122E-01  1.00000000E+00  1.58984067E-01  0.00000000E+00  4.20202197E-01  1.00000000E+00  1.00000000E+00  0.00000000E+00
 -3.45638692E-01  1.00000000E+00  1.56323421E-01  0.00000000E+00  4.21846156E-01  1.00000000E+00  1.00000000E+00  0.00000000E+00
 -3.35268287E-01  1.00000000E+00  1.53805242E-01  0.00000000E+00  4.23545585E-01  1.00000000E+00  1.00000000E+00  0.00000000E+00
 -3.24897882E-01  1.00000000E+00  1.51287063E-01  0.00000000E+00  4.25352128E-01  1.00000000E+00  1.00000000E+00  0.00000000E+00
 -3.15149775E-01  1.00000000E+00  1.48965763E-01  0.00000000E+00  4.27281060E-01  1.00000000E+00  1.00000000E+00  0.00000000E+00
 -3.05401669E-01  1.00000000E+00  1.46644463E-01  0.00000000E+00  4.29270888E-01  1.00000000E+00  1.00000000E+00  0.00000000E+00
 -2.96238520E-01  1.00000000E+00  1.44486635E-01  0.00000000E+00  4.31343858E-01  1.00000000E+00  1.00000000E+00  0.00000000E+00
 -2.87075371E-01  1.00000000E+00  1.42328807E-01  0.00000000E+00  4.33587730E-01  1.00000000E+00  1.00000000E+00  0.00000000E+00
 -2.78462077E-01  1.00000000E+00  1.40318295E-01  0.00000000E+00  4.35847221E-01  1.00000000E+00  1.00000000E+00  0.00000000E+00
 -2.69848783E-01  1.00000000E+00  1.38307783E-01  0.00000000E+00  4.38187405E-01  1.00000000E+00  1.00000000E+00  0.00000000E+00
 -2.61752348E-01  1.00000000E+00  1.36462598E-01  0.00000000E+00  4.40607859E-01  1.00000000E+00  1.00000000E+00  0.00000000E+00
 -2.53655913E-01  1.00000000E+00  1.34617414E-01  0.00000000E+00  4.43144396E-01  1.00000000E+00  1.00000000E+00  0.00000000E+00
 -2.46045323E-01  1.00000000E+00  1.32912111E-01  0.00000000E+00  4.45784116E-01  1.00000000E+00  1.00000000E+00  0.00000000E+00
 -2.38434732E-01  1.00000000E+00  1.31206808E-01  0.00000000E+00  4.48497581E-01  1.00000000E+00  1.00000000E+00  0.00000000E+00
 -2.31280830E-01  1.00000000E+00  1.29627221E-01  0.00000000E+00  4.51304108E-01  1.00000000E+00  1.00000000E+00  0.00000000E+00
 -2.24126928E-01  1.00000000E+00  1.28047635E-01  0.00000000E+00  4.54230288E-01  1.00000000E+00  1.00000000E+00  0.00000000E+00
 -2.17402314E-01  1.00000000E+00  1.26556433E-01  0.00000000E+00  4.57238309E-01  1.00000000E+00  1.00000000E+00  0.00000000E+00
 -2.10677699E-01  1.00000000E+00  1.25065230E-01  0.00000000E+00  4.60348300E-01  1.00000000E+00  1.00000000E+00  0.00000000E+00
 -2.04351753E-01  1.00000000E+00  1.23748208E-01  0.00000000E+00  4.63604522E-01  1.00000000E+00  1.00000000E+00  0.00000000E+00
 -1.98025807E-01  1.00000000E+00  1.22431185E-01  0.00000000E+00  4.66926919E-01  1.00000000E+00  1.00000000E+00  0.00000000E+00
 -1.91837501E-01  1.00000000E+00  1.21123494E-01  0.00000000E+00  4.70548053E-01  1.00000000E+00  1.00000000E+00  0.00000000E+00
 -1.85649194E-01  1.00000000E+00  1.19815804E-01  0.00000000E+00  4.74281727E-01  1.00000000E+00  1.00000000E+00  0.00000000E+00
 -1.79460888E-01  1.00000000E+00  1.18644285E-01  0.00000000E+00  4.78401069E-01  1.00000000E+00  1.00000000E+00  0.00000000E+00
 -1.73272582E-01  1.00000000E+00  1.17472766E-01  0.00000000E+00  4.82651249E-01  1.00000000E+00  1.00000000E+00  0.00000000E+00
 -1.67084275E-01  1.00000000E+00  1.16224229E-01  0.00000000E+00  4.87290146E-01  1.00000000E+00  1.00000000E+00  0.00000000E+00
 -1.60895969E-01  1.00000000E+00  1.14975693E-01  0.00000000E+00  4.92108843E-01  1.00000000E+00  1.00000000E+00  0.00000000E+00
 -1.54707662E-01  1.00000000E+00  1.13824396E-01  0.00000000E+00  4.97543339E-01  1.00000000E+00  1.00000000E+00  0.00000000E+00
 -1.48519356E-01  1.00000000E+00  1.12673099E-01  0.00000000E+00  5.03187999E-01  1.00000000E+00  1.00000000E+00  0.00000000E+00
 -1.42331049E-01  1.00000000E+00  1.11615451E-01  0.00000000E+00  5.09585480E-01  1.00000000E+00  1.00000000E+00  0.00000000E+00
 -1.36142743E-01  1.00000000E+00  1.10557804E-01  0.00000000E+00  5.16289391E-01  1.00000000E+00  1.00000000E+00  0.00000000E+00
 -1.29954436E-01  1.00000000E+00  1.09714340E-01  0.00000000E+00  5.23539514E-01  1.00000000E+00  1.00000000E+00  0.00000000E+00
 -1.23766130E-01  1.00000000E+00  1.08870875E-01  0.00000000E+00  5.31282788E-01  1.00000000E+00  1.00000000E+00  0.00000000E+00
 -1.17577823E-01  1.00000000E+00  1.07799855E-01  0.00000000E+00  5.40029437E-01  1.00000000E+00  1.00000000E+00  0.00000000E+00
 -1.11389517E-01  1.00000000E+00  1.06728835E-01  0.00000000E+00  5.49314382E-01  1.00000000E+00  1.00000000E+00  0.00000000E+00
 -1.05201210E-01  1.00000000E+00  1.06011432E-01  0.00000000E+00  5.60085649E-01  1.00000000E+00  1.00000000E+00  0.00000000E+00
 -9.90129037E-02  1.00000000E+00  1.05294028E-01  0.00000000E+00  5.71598838E-01  1.00000000E+00  1.00000000E+00  0.00000000E+00
 -9.28245972E-02  1.00000000E+00  1.05036690E-01  0.00000000E+00  5.84894536E-01  1.00000000E+00  1.00000000E+00  0.00000000E+00
 -8.66362908E-02  1.00000000E+00  1.04779353E-01  0.00000000E+00  5.98879884E-01  1.00000000E+00  1.00000000E+00  0.00000000E+00
 -8.04479843E-02  1.00000000E+00  1.04158859E-01  0.00000000E+00  6.16018596E-01  1.00000000E+00  1.00000000E+00  0.00000000E+00
 -7.42596778E-02  1.00000000E+00  1.03538364E-01  0.00000000E+00  6.34574699E-01  1.00000000E+00  1.00000000E+00  0.00000000E+00
 -6.80713713E-02  1.00000000E+00  1.04064077E-01  0.00000000E+00  6.55955217E-01  1.00000000E+00  1.00000000E+00  0.00000000E+00
 -6.18830648E-02  1.00000000E+00  1.04589790E-01  0.00000000E+00  6.80115264E-01  1.00000000E+00  1.00000000E+00  0.00000000E+00
 -5.56947583E-02  1.00000000E+00  1.05267417E-01  0.00000000E+00  7.09693516E-01  1.00000000E+00  1.00000000E+00  0.00000000E+00
 -4.95064519E-02  1.00000000E+00  1.05945043E-01  0.00000000E+00  7.44816096E-01  1.00000000E+00  1.00000000E+00  0.00000000E+00
 -4.33181454E-02  1.00000000E+00  1.12501340E-01  0.00000000E+00  7.89141740E-01  1.00000000E+00  1.00000000E+00  0.00000000E+00
 -3.71298389E-02  1.00000000E+00  1.19057637E-01  0.00000000E+00  8.42990772E-01  1.00000000E+00  1.00000000E+00  0.00000000E+00
 -3.09415324E-02  1.00000000E+00  9.99447205E-02  0.00000000E+00  9.20824424E-01  1.00000000E+00  1.00000000E+00  0.00000000E+00
 -2.47532259E-02  1.00000000E+00  8.08318045E-02  0.00000000E+00  1.00926573E+00  1.00000000E+00  1.00000000E+00  0.00000000E+00
 -1.85649194E-02  1.00000000E+00  2.20038457E-01  0.00000000E+00  1.17715881E+00  1.00000000E+00  1.00000000E+00  0.00000000E+00
 -1.23766130E-02  1.00000000E+00  3.59245110E-01  0.00000000E+00  1.43283270E+00  1.00000000E+00  1.00000000E+00  0.00000000E+00
 -6.18830648E-03  1.00000000E+00 -7.28084283E-03  0.00000000E+00  1.94384029E+00  1.00000000E+00  1.00000000E+00  0.00000000E+00
  0.00000000E+00  1.00000000E+00 -3.73806795E-01  0.00000000E+00  2.79245133E+00  1.00000000E+00  1.00000000E+00  0.00000000E+00
