# curve 5 (die wall), step =      100, time =   4.00000000E+01
# N1 = tau_xx - tau_yy = G ( c_xx - c_yy ),  G =  9.0000E-01  (polymer part only)
#              x               y        pressure            c_xy        gammadot            c_xx            c_yy              N1
 -3.00000000E+00  1.00000000E+00  2.59459444E+00 -3.88276947E-01  4.05062532E-01  1.29095313E+00  9.84932227E-01  2.75418812E-01
 -2.97524677E+00  1.00000000E+00  2.57528081E+00 -3.88265038E-01  4.05067724E-01  1.29097129E+00  9.84919743E-01  2.75446389E-01
 -2.95049355E+00  1.00000000E+00  2.55596718E+00 -3.88253130E-01  4.05071742E-01  1.29098944E+00  9.84907258E-01  2.75473967E-01
 -2.92574032E+00  1.00000000E+00  2.53666243E+00 -3.88262932E-01  4.05073469E-01  1.29097990E+00  9.84915873E-01  2.75457623E-01
 -2.90098710E+00  1.00000000E+00  2.51735768E+00 -3.88272734E-01  4.05070668E-01  1.29097035E+00  9.84924489E-01  2.75441278E-01
 -2.87623387E+00  1.00000000E+00  2.49807175E+00 -3.88288396E-01  4.05065833E-01  1.29093909E+00  9.84943230E-01  2.75396273E-01
 -2.85148064E+00  1.00000000E+00  2.47878583E+00 -3.88304057E-01  4.05056592E-01  1.29090783E+00  9.84961973E-01  2.75351269E-01
 -2.82672742E+00  1.00000000E+00  2.45946178E+00 -3.88280829E-01  4.05059703E-01  1.29094031E+00  9.84938325E-01  2.75401788E-01
 -2.80197419E+00  1.00000000E+00  2.44013772E+00 -3.88257601E-01  4.05069982E-01  1.29097280E+00  9.84914678E-01  2.75452309E-01
 -2.77722097E+00  1.00000000E+00  2.42083748E+00 -3.88266195E-01  4.05064382E-01  1.29096738E+00  9.84920402E-01  2.75442281E-01
 -2.75246774E+00  1.00000000E+00  2.40153725E+00 -3.88274789E-01  4.05064776E-01  1.29096196E+00  9.84926126E-01  2.75432253E-01
 -2.72771451E+00  1.00000000E+00  2.38223166E+00 -3.88271515E-01  4.05072884E-01  1.29097053E+00  9.84922173E-01  2.75443520E-01
 -2.70296129E+00  1.00000000E+00  2.36292607E+00 -3.88268242E-01  4.05075984E-01  1.29097909E+00  9.84918220E-01  2.75454788E-01
 -2.67820806E+00  1.00000000E+00  2.34362254E+00 -3.88274379E-01  4.05070501E-01  1.29096902E+00  9.84924836E-01  2.75439769E-01
 -2.65345484E+00  1.00000000E+00  2.32431901E+00 -3.88280516E-01  4.05068334E-01  1.29095895E+00  9.84931453E-01  2.75424750E-01
 -2.62870161E+00  1.00000000E+00  2.30501804E+00 -3.88276856E-01  4.05066238E-01  1.29096063E+00  9.84929351E-01  2.75428153E-01
 -2.60394839E+00  1.00000000E+00  2.28571706E+00 -3.88273195E-01  4.05063816E-01  1.29096231E+00  9.84927250E-01  2.75431556E-01
 -2.57919516E+00  1.00000000E+00  2.26640713E+00 -3.88269072E-01  4.05069185E-01  1.29097069E+00  9.84922667E-01  2.75443221E-01
 -2.55444193E+00  1.00000000E+00  2.24709721E+00 -3.88264948E-01  4.05071091E-01  1.29097907E+00  9.84918084E-01  2.75454885E-01
 -2.52968871E+00  1.00000000E+00  2.22780162E+00 -3.88276107E-01  4.05066768E-01  1.29095605E+00  9.84931193E-01  2.75422368E-01
 -2.50493548E+00  1.00000000E+00  2.20850604E+00 -3.88287265E-01  4.05060638E-01  1.29093303E+00  9.84944302E-01  2.75389852E-01
 -2.48018226E+00  1.00000000E+00  2.18919072E+00 -3.88270710E-01  4.05063136E-01  1.29095597E+00  9.84928095E-01  2.75425091E-01
 -2.45542903E+00  1.00000000E+00  2.16987540E+00 -3.88254156E-01  4.05069528E-01  1.29097892E+00  9.84911889E-01  2.75460331E-01
 -2.43067580E+00  1.00000000E+00  2.15057230E+00 -3.88258554E-01  4.05066838E-01  1.29097879E+00  9.84913382E-01  2.75458867E-01
 -2.40592258E+00  1.00000000E+00  2.13126919E+00 -3.88262951E-01  4.05068252E-01  1.29097866E+00  9.84914874E-01  2.75457404E-01
 -2.38116935E+00  1.00000000E+00  2.11196527E+00 -3.88262407E-01  4.05075918E-01  1.29098509E+00  9.84913625E-01  2.75464321E-01
 -2.35641613E+00  1.00000000E+00  2.09266136E+00 -3.88261864E-01  4.05078718E-01  1.29099153E+00  9.84912375E-01  2.75471238E-01
 -2.33166290E+00  1.00000000E+00  2.07335919E+00 -3.88264647E-01  4.05073048E-01  1.29097892E+00  9.84917382E-01  2.75455380E-01
 -2.30690967E+00  1.00000000E+00  2.05405702E+00 -3.88267429E-01  4.05069511E-01  1.29096630E+00  9.84922389E-01  2.75439523E-01
 -2.28215645E+00  1.00000000E+00  2.03475231E+00 -3.88270439E-01  4.05065950E-01  1.29096000E+00  9.84926593E-01  2.75430064E-01
 -2.25740322E+00  1.00000000E+00  2.01544759E+00 -3.88273449E-01  4.05060932E-01  1.29095369E+00  9.84930798E-01  2.75420606E-01
 -2.23265000E+00  1.00000000E+00  1.99614896E+00 -3.88276683E-01  4.05060699E-01  1.29094294E+00  9.84935694E-01  2.75406523E-01
 -2.20789677E+00  1.00000000E+00  1.97685033E+00 -3.88279917E-01  4.05057050E-01  1.29093219E+00  9.84940590E-01  2.75392440E-01
 -2.18314354E+00  1.00000000E+00  1.95753324E+00 -3.88265123E-01  4.05058124E-01  1.29095071E+00  9.84927386E-01  2.75420995E-01
 -2.15839032E+00  1.00000000E+00  1.93821616E+00 -3.88250328E-01  4.05062386E-01  1.29096924E+00  9.84914182E-01  2.75449550E-01
 -2.13363709E+00  1.00000000E+00  1.91891650E+00 -3.88251390E-01  4.05058196E-01  1.29096727E+00  9.84914254E-01  2.75447717E-01
 -2.10888387E+00  1.00000000E+00  1.89961683E+00 -3.88252451E-01  4.05059543E-01  1.29096531E+00  9.84914327E-01  2.75445884E-01
 -2.08413064E+00  1.00000000E+00  1.88031080E+00 -3.88253809E-01  4.05062787E-01  1.29096954E+00  9.84914025E-01  2.75449960E-01
 -2.05937741E+00  1.00000000E+00  1.86100477E+00 -3.88255166E-01  4.05062182E-01  1.29097376E+00  9.84913723E-01  2.75454035E-01
 -2.03462419E+00  1.00000000E+00  1.84170189E+00 -3.88252168E-01  4.05062400E-01  1.29096806E+00  9.84914856E-01  2.75447888E-01
 -2.00987096E+00  1.00000000E+00  1.82239900E+00 -3.88249170E-01  4.05061050E-01  1.29096237E+00  9.84915988E-01  2.75441741E-01
 -1.98511774E+00  1.00000000E+00  1.80309676E+00 -3.88251426E-01  4.05052978E-01  1.29094957E+00  9.84922122E-01  2.75424700E-01
 -1.96036451E+00  1.00000000E+00  1.78379451E+00 -3.88253681E-01  4.05045738E-01  1.29093677E+00  9.84928256E-01  2.75407660E-01
 -1.93561128E+00  1.00000000E+00  1.76449511E+00 -3.88253833E-01  4.05043696E-01  1.29092475E+00  9.84932068E-01  2.75393415E-01
 -1.91085806E+00  1.00000000E+00  1.74519572E+00 -3.88253985E-01  4.05037928E-01  1.29091274E+00  9.84935880E-01  2.75379170E-01
 -1.88610483E+00  1.00000000E+00  1.72589345E+00 -3.88252178E-01  4.05029825E-01  1.29090064E+00  9.84940183E-01  2.75364408E-01
 -1.86135161E+00  1.00000000E+00  1.70659119E+00 -3.88250371E-01  4.05020912E-01  1.29088854E+00  9.84944486E-01  2.75349647E-01
 -1.83659838E+00  1.00000000E+00  1.68727781E+00 -3.88234696E-01  4.05017798E-01  1.29090121E+00  9.84931747E-01  2.75372521E-01
 -1.81184516E+00  1.00000000E+00  1.66796442E+00 -3.88219020E-01  4.05017062E-01  1.29091389E+00  9.84919008E-01  2.75395394E-01
 -1.78709193E+00  1.00000000E+00  1.64867762E+00 -3.88230405E-01  4.05013403E-01  1.29088233E+00  9.84936655E-01  2.75351103E-01
 -1.76233870E+00  1.00000000E+00  1.62939081E+00 -3.88241789E-01  4.05004958E-01  1.29085076E+00  9.84954302E-01  2.75306813E-01
 -1.73758548E+00  1.00000000E+00  1.61008158E+00 -3.88229937E-01  4.04996184E-01  1.29084703E+00  9.84948800E-01  2.75308408E-01
 -1.71283225E+00  1.00000000E+00  1.59077234E+00 -3.88218084E-01  4.04991367E-01  1.29084330E+00  9.84943298E-01  2.75310003E-01
 -1.68807903E+00  1.00000000E+00  1.57147107E+00 -3.88216248E-01  4.04976748E-01  1.29082378E+00  9.84949896E-01  2.75286495E-01
 -1.66332580E+00  1.00000000E+00  1.55216981E+00 -3.88214412E-01  4.04962069E-01  1.29080426E+00  9.84956494E-01  2.75262987E-01
 -1.63857257E+00  1.00000000E+00  1.53287295E+00 -3.88195945E-01  4.04963436E-01  1.29081007E+00  9.84944942E-01  2.75278611E-01
 -1.61381935E+00  1.00000000E+00  1.51357610E+00 -3.88177478E-01  4.04962545E-01  1.29081587E+00  9.84933390E-01  2.75294236E-01
 -1.58906612E+00  1.00000000E+00  1.49427733E+00 -3.88172776E-01  4.04944526E-01  1.29079327E+00  9.84939435E-01  2.75268448E-01
 -1.56431290E+00  1.00000000E+00  1.47497857E+00 -3.88168073E-01  4.04929500E-01  1.29077066E+00  9.84945481E-01  2.75242661E-01
 -1.53955967E+00  1.00000000E+00  1.45568329E+00 -3.88149066E-01  4.04925393E-01  1.29077474E+00  9.84935027E-01  2.75255746E-01
 -1.51480644E+00  1.00000000E+00  1.43638802E+00 -3.88130059E-01  4.04916870E-01  1.29077883E+00  9.84924574E-01  2.75268830E-01
 -1.49005322E+00  1.00000000E+00  1.41710468E+00 -3.88120714E-01  4.04903087E-01  1.29075188E+00  9.84931243E-01  2.75238574E-01
 -1.46529999E+00  1.00000000E+00  1.39782135E+00 -3.88111369E-01  4.04887243E-01  1.29072493E+00  9.84937913E-01  2.75208319E-01
 -1.44054677E+00  1.00000000E+00  1.37854990E+00 -3.88110744E-01  4.04866484E-01  1.29067141E+00  9.84957166E-01  2.75142822E-01
 -1.41579354E+00  1.00000000E+00  1.35927844E+00 -3.88110119E-01  4.04838178E-01  1.29061789E+00  9.84976419E-01  2.75077327E-01
 -1.39104031E+00  1.00000000E+00  1.33998278E+00 -3.88070736E-01  4.04824900E-01  1.29063101E+00  9.84951987E-01  2.75111123E-01
 -1.36628709E+00  1.00000000E+00  1.32068712E+00 -3.88031353E-01  4.04817867E-01  1.29064413E+00  9.84927556E-01  2.75144919E-01
 -1.34153386E+00  1.00000000E+00  1.30142541E+00 -3.88022735E-01  4.04795027E-01  1.29060963E+00  9.84935874E-01  2.75106382E-01
 -1.31678064E+00  1.00000000E+00  1.28216371E+00 -3.88014117E-01  4.04775150E-01  1.29057513E+00  9.84944192E-01  2.75067844E-01
 -1.29202741E+00  1.00000000E+00  1.26290641E+00 -3.87998552E-01  4.04756102E-01  1.29054034E+00  9.84950755E-01  2.75030625E-01
 -1.26727418E+00  1.00000000E+00  1.24364911E+00 -3.87982986E-01  4.04731068E-01  1.29050555E+00  9.84957318E-01  2.74993405E-01
 -1.24252096E+00  1.00000000E+00  1.22441718E+00 -3.87974874E-01  4.04704634E-01  1.29045397E+00  9.84972504E-01  2.74933318E-01
 -1.21776773E+00  1.00000000E+00  1.20518524E+00 -3.87966763E-01  4.04674233E-01  1.29040239E+00  9.84987689E-01  2.74873231E-01
 -1.19301451E+00  1.00000000E+00  1.18593846E+00 -3.87921279E-01  4.04655668E-01  1.29040516E+00  9.84964692E-01  2.74896426E-01
 -1.16826128E+00  1.00000000E+00  1.16669168E+00 -3.87875795E-01  4.04641777E-01  1.29040794E+00  9.84941696E-01  2.74919620E-01
 -1.14350806E+00  1.00000000E+00  1.14749072E+00 -3.87871747E-01  4.04617363E-01  1.29036208E+00  9.84956754E-01  2.74864797E-01
 -1.11875483E+00  1.00000000E+00  1.12828977E+00 -3.87867699E-01  4.04597183E-01  1.29031623E+00  9.84971811E-01  2.74809976E-01
 -1.09400160E+00  1.00000000E+00  1.10910906E+00 -3.87855646E-01  4.04575757E-01  1.29029333E+00  9.84974229E-01  2.74787195E-01
 -1.06924838E+00  1.00000000E+00  1.08992835E+00 -3.87843593E-01  4.04557057E-01  1.29027044E+00  9.84976647E-01  2.74764415E-01
 -1.04449515E+00  1.00000000E+00  1.07077136E+00 -3.87825511E-01  4.04548549E-01  1.29026640E+00  9.84969430E-01  2.74767270E-01
 -1.01974193E+00  1.00000000E+00  1.05161436E+00 -3.87807429E-01  4.04540032E-01  1.29026235E+00  9.84962214E-01  2.74770125E-01
 -9.94988700E-01  1.00000000E+00  1.03250544E+00 -3.87813077E-01  4.04541148E-01  1.29026075E+00  9.84967723E-01  2.74763721E-01
 -9.70235474E-01  1.00000000E+00  1.01339651E+00 -3.87818725E-01  4.04549132E-01  1.29025914E+00  9.84973232E-01  2.74757316E-01
 -9.45482248E-01  1.00000000E+00  9.94323657E-01 -3.87837942E-01  4.04564554E-01  1.29029058E+00  9.84968821E-01  2.74789582E-01
 -9.20729022E-01  1.00000000E+00  9.75250804E-01 -3.87857159E-01  4.04585410E-01  1.29032202E+00  9.84964410E-01  2.74821847E-01
 -8.95975796E-01  1.00000000E+00  9.56242382E-01 -3.87881062E-01  4.04630091E-01  1.29039353E+00  9.84950051E-01  2.74899128E-01
 -8.71222570E-01  1.00000000E+00  9.37233960E-01 -3.87904966E-01  4.04682863E-01  1.29046504E+00  9.84935693E-01  2.74976412E-01
 -8.46469344E-01  1.00000000E+00  9.18287699E-01 -3.88000535E-01  4.04770782E-01  1.29057572E+00  9.84945391E-01  2.75067300E-01
 -8.21716118E-01  1.00000000E+00  8.99341439E-01 -3.88096110E-01  4.04861383E-01  1.29068642E+00  9.84955096E-01  2.75158194E-01
 -7.97201467E-01  1.00000000E+00  8.80676606E-01 -3.88229921E-01  4.05002263E-01  1.29087865E+00  9.84947023E-01  2.75338467E-01
 -7.72686817E-01  1.00000000E+00  8.62011774E-01 -3.88363747E-01  4.05155050E-01  1.29107092E+00  9.84938966E-01  2.75518759E-01
 -7.49503432E-01  1.00000000E+00  8.44437797E-01 -3.88538586E-01  4.05347847E-01  1.29135390E+00  9.84916358E-01  2.75793790E-01
 -7.26320047E-01  1.00000000E+00  8.26863820E-01 -3.88713452E-01  4.05560022E-01  1.29163696E+00  9.84893777E-01  2.76068862E-01
 -7.04527831E-01  1.00000000E+00  8.10457317E-01 -3.88969408E-01  4.05819398E-01  1.29200627E+00  9.84892365E-01  2.76402516E-01
 -6.82735615E-01  1.00000000E+00  7.94050814E-01 -3.89225421E-01  4.06112617E-01  1.29237572E+00  9.84891006E-01  2.76736241E-01
 -6.62251087E-01  1.00000000E+00  7.78711715E-01 -3.89542999E-01  4.06478539E-01  1.29288629E+00  9.84842134E-01  2.77239740E-01
 -6.41766559E-01  1.00000000E+00  7.63372617E-01 -3.89860666E-01  4.06873276E-01  1.29339710E+00  9.84793354E-01  2.77743372E-01
 -6.22511254E-01  1.00000000E+00  7.49072037E-01 -3.90243263E-01  4.07301883E-01  1.29401320E+00  9.84753147E-01  2.78334044E-01
 -6.03255949E-01  1.00000000E+00  7.34771457E-01 -3.90625995E-01  4.07768505E-01  1.29462964E+00  9.84713066E-01  2.78924914E-01
 -5.85156097E-01  1.00000000E+00  7.21454055E-01 -3.91124981E-01  4.08304986E-01  1.29537387E+00  9.84689368E-01  2.79616050E-01
 -5.67056245E-01  1.00000000E+00  7.08136653E-01 -3.91624183E-01  4.08883748E-01  1.29611863E+00  9.84665877E-01  2.80307474E-01
 -5.50042515E-01  1.00000000E+00  6.95703804E-01 -3.92212776E-01  4.09560899E-01  1.29706182E+00  9.84591330E-01  2.81223438E-01
 -5.33028786E-01  1.00000000E+00  6.83270955E-01 -3.92801679E-01  4.10260715E-01  1.29800582E+00  9.84517089E-01  2.82139861E-01
 -5.17036006E-01  1.00000000E+00  6.71750138E-01 -3.93530149E-01  4.11030207E-01  1.29910445E+00  9.84481534E-01  2.83160625E-01
 -5.01043227E-01  1.00000000E+00  6.60229321E-01 -3.94259085E-01  4.11861651E-01  1.30020422E+00  9.84446422E-01  2.84182018E-01
 -4.86010125E-01  1.00000000E+00  6.49490386E-01 -3.95081722E-01  4.12760136E-01  1.30148707E+00  9.84376611E-01  2.85399415E-01
 -4.70977023E-01  1.00000000E+00  6.38751451E-01 -3.95904961E-01  4.13744306E-01  1.30277145E+00  9.84307376E-01  2.86617665E-01
 -4.56846016E-01  1.00000000E+00  6.28797484E-01 -3.96829736E-01  4.14786013E-01  1.30423761E+00  9.84221048E-01  2.88014908E-01
 -4.42715008E-01  1.00000000E+00  6.18843518E-01 -3.97755281E-01  4.15912305E-01  1.30570575E+00  9.84135452E-01  2.89413266E-01
 -4.29431964E-01  1.00000000E+00  6.09626530E-01 -3.98911661E-01  4.17142482E-01  1.30749233E+00  9.84053589E-01  2.91094868E-01
 -4.16148920E-01  1.00000000E+00  6.00409543E-01 -4.00069223E-01  4.18457292E-01  1.30928187E+00  9.83972853E-01  2.92778119E-01
 -4.03662954E-01  1.00000000E+00  5.91877196E-01 -4.01247848E-01  4.19774895E-01  1.31116042E+00  9.83871966E-01  2.94559611E-01
 -3.91176988E-01  1.00000000E+00  5.83344850E-01 -4.02427733E-01  4.21210008E-01  1.31304218E+00  9.83772255E-01  2.96342930E-01
 -3.79440270E-01  1.00000000E+00  5.75432723E-01 -4.03833767E-01  4.22754670E-01  1.31525445E+00  9.83668315E-01  2.98427526E-01
 -3.67703552E-01  1.00000000E+00  5.67520596E-01 -4.05241572E-01  4.24389559E-01  1.31747120E+00  9.83566034E-01  3.00514647E-01
 -3.56671122E-01  1.00000000E+00  5.60290785E-01 -4.06764289E-01  4.26133106E-01  1.31994486E+00  9.83408074E-01  3.02883108E-01
 -3.45638692E-01  1.00000000E+00  5.53060975E-01 -4.08289113E-01  4.27973700E-01  1.32242399E+00  9.83252099E-01  3.05254707E-01
 -3.35268287E-01  1.00000000E+00  5.46354029E-01 -4.09953714E-01  4.29791875E-01  1.32507324E+00  9.83149893E-01  3.07731014E-01
 -3.24897882E-01  1.00000000E+00  5.39647083E-01 -4.11620839E-01  4.31755710E-01  1.32772880E+00  9.83049975E-01  3.10210941E-01
 -3.15149775E-01  1.00000000E+00  5.33550425E-01 -4.13549483E-01  4.33855564E-01  1.33078566E+00  9.82937062E-01  3.13063737E-01
 -3.05401669E-01  1.00000000E+00  5.27453768E-01 -4.15481486E-01  4.36048473E-01  1.33385090E+00  9.82827211E-01  3.15921323E-01
 -2.96238520E-01  1.00000000E+00  5.21771687E-01 -4.17438945E-01  4.38271669E-01  1.33721131E+00  9.82582487E-01  3.19165937E-01
 -2.87075371E-01  1.00000000E+00  5.16089605E-01 -4.19400038E-01  4.40705557E-01  1.34058141E+00  9.82341059E-01  3.22416317E-01
 -2.78462077E-01  1.00000000E+00  5.10998224E-01 -4.21633652E-01  4.43233381E-01  1.34431519E+00  9.82114926E-01  3.25980235E-01
 -2.69848783E-01  1.00000000E+00  5.05906842E-01 -4.23871882E-01  4.45931050E-01  1.34806102E+00  9.81893003E-01  3.29551218E-01
 -2.61752348E-01  1.00000000E+00  5.01304571E-01 -4.26300101E-01  4.48620240E-01  1.35203157E+00  9.81767702E-01  3.33237483E-01
 -2.53655913E-01  1.00000000E+00  4.96702300E-01 -4.28733787E-01  4.51434928E-01  1.35601581E+00  9.81647165E-01  3.36931780E-01
 -2.46045323E-01  1.00000000E+00  4.92487539E-01 -4.31232291E-01  4.54416200E-01  1.36036396E+00  9.81355168E-01  3.41107916E-01
 -2.38434732E-01  1.00000000E+00  4.88272779E-01 -4.33736734E-01  4.57468539E-01  1.36472797E+00  9.81068451E-01  3.45293571E-01
 -2.31280830E-01  1.00000000E+00  4.84556102E-01 -4.36486393E-01  4.60601937E-01  1.36941908E+00  9.80864748E-01  3.49698896E-01
 -2.24126928E-01  1.00000000E+00  4.80839425E-01 -4.39243225E-01  4.63837662E-01  1.37412866E+00  9.80667192E-01  3.54115322E-01
 -2.17402314E-01  1.00000000E+00  4.77475301E-01 -4.42197240E-01  4.67197006E-01  1.37925551E+00  9.80433716E-01  3.58939614E-01
 -2.10677699E-01  1.00000000E+00  4.74111176E-01 -4.45159618E-01  4.70664667E-01  1.38440410E+00  9.80207322E-01  3.63777103E-01
 -2.04351753E-01  1.00000000E+00  4.71149661E-01 -4.48261583E-01  4.74353872E-01  1.38998608E+00  9.79868959E-01  3.69105412E-01
 -1.98025807E-01  1.00000000E+00  4.68188146E-01 -4.51372928E-01  4.78121987E-01  1.39559326E+00  9.79538552E-01  3.74449234E-01
 -1.91837501E-01  1.00000000E+00  4.65510725E-01 -4.54933450E-01  4.82199777E-01  1.40189840E+00  9.79285559E-01  3.80351556E-01
 -1.85649194E-01  1.00000000E+00  4.62833304E-01 -4.58506277E-01  4.86395254E-01  1.40823561E+00  9.79042666E-01  3.86273647E-01
 -1.79460888E-01  1.00000000E+00  4.60340355E-01 -4.62349522E-01  4.91120830E-01  1.41557839E+00  9.78493313E-01  3.93376566E-01
 -1.73272582E-01  1.00000000E+00  4.57847406E-01 -4.66207696E-01  4.95962980E-01  1.42296302E+00  9.77956368E-01  4.00505988E-01
 -1.67084275E-01  1.00000000E+00  4.55768715E-01 -4.70849186E-01  5.01241045E-01  1.43142611E+00  9.77667696E-01  4.08382568E-01
 -1.60895969E-01  1.00000000E+00  4.53690024E-01 -4.75512016E-01  5.06732214E-01  1.43994511E+00  9.77395785E-01  4.16294389E-01
 -1.54707662E-01  1.00000000E+00  4.51792661E-01 -4.80554651E-01  5.13005944E-01  1.44991806E+00  9.76695155E-01  4.25900612E-01
 -1.48519356E-01  1.00000000E+00  4.49895298E-01 -4.85623554E-01  5.19500595E-01  1.45996554E+00  9.76015447E-01  4.35555084E-01
 -1.42331049E-01  1.00000000E+00  4.48721774E-01 -4.91981549E-01  5.26808228E-01  1.47220471E+00  9.75492555E-01  4.47040941E-01
 -1.36142743E-01  1.00000000E+00  4.47548250E-01 -4.98380640E-01  5.34578610E-01  1.48455548E+00  9.75000982E-01  4.58599048E-01
 -1.29954436E-01  1.00000000E+00  4.46754312E-01 -5.05344711E-01  5.43044432E-01  1.49861665E+00  9.74321850E-01  4.71865318E-01
 -1.23766130E-01  1.00000000E+00  4.45960375E-01 -5.12359707E-01  5.51921575E-01  1.51282032E+00  9.73680160E-01  4.85226141E-01
 -1.17577823E-01  1.00000000E+00  4.45912301E-01 -5.20811732E-01  5.62088613E-01  1.53066139E+00  9.72707010E-01  5.02158939E-01
 -1.11389517E-01  1.00000000E+00  4.45864227E-01 -5.29340678E-01  5.72911426E-01  1.54872458E+00  9.71789007E-01  5.19242015E-01
 -1.05201210E-01  1.00000000E+00  4.46719771E-01 -5.39605419E-01  5.85700234E-01  1.57130942E+00  9.70424986E-01  5.40795993E-01
 -9.90129037E-02  1.00000000E+00  4.47575316E-01 -5.49985570E-01  5.99193026E-01  1.59423813E+00  9.69142345E-01  5.62586202E-01
 -9.28245972E-02  1.00000000E+00  4.49726919E-01 -5.61684171E-01  6.15371408E-01  1.62233139E+00  9.66952022E-01  5.89841431E-01
 -8.66362908E-02  1.00000000E+00  4.51878523E-01 -5.73540942E-01  6.32421375E-01  1.65093193E+00  9.64870959E-01  6.17454871E-01
 -8.04479843E-02  1.00000000E+00  4.55189711E-01 -5.90590626E-01  6.52942875E-01  1.68957834E+00  9.63881500E-01  6.53127154E-01
 -7.42596778E-02  1.00000000E+00  4.58500900E-01 -6.07960364E-01  6.74396076E-01  1.72916142E+00  9.63089668E-01  6.89464581E-01
 -6.80713713E-02  1.00000000E+00  4.67962412E-01 -6.24496366E-01  7.00630635E-01  1.77916820E+00  9.57630594E-01  7.39383849E-01
 -6.18830648E-02  1.00000000E+00  4.77423924E-01 -6.41401747E-01  7.30678486E-01  1.83061650E+00  9.52415128E-01  7.90381235E-01
 -5.56947583E-02  1.00000000E+00  4.80311976E-01 -6.73480779E-01  7.67756743E-01  1.90661388E+00  9.52485069E-01  8.58715926E-01
 -4.95064519E-02  1.00000000E+00  4.83200029E-01 -7.06662849E-01  8.08234054E-01  1.98584930E+00  9.53165110E-01  9.29415774E-01
 -4.33181454E-02  1.00000000E+00  5.44309476E-01 -7.34716619E-01  8.66496706E-01  2.11353850E+00  9.36561063E-01  1.05927969E+00
 -3.71298389E-02  1.00000000E+00  6.05418924E-01 -7.64227389E-01  9.39594994E-01  2.24943329E+00  9.20855362E-01  1.19572013E+00
 -3.09415324E-02  1.00000000E+00  4.92295235E-01 -8.11483333E-01  1.03618784E+00  2.38942378E+00  9.18255252E-01  1.32405167E+00
 -2.47532259E-02  1.00000000E+00  3.79171546E-01 -8.61195162E-01  1.12793827E+00  2.53813149E+00  9.16837344E-01  1.45916473E+00
 -1.85649194E-02  1.00000000E+00  9.28661707E-01 -9.66343244E-01  1.34545217E+00  3.12073347E+00  8.72255129E-01  2.02363051E+00
 -1.23766130E-02  1.00000000E+00  1.47815187E+00 -1.09111818E+00  1.65719260E+00  3.83892004E+00  8.35550686E-01  2.70303242E+00
 -6.18830648E-03  1.00000000E+00  6.89784396E-01 -3.55235260E-01  2.65326503E+00  4.86573242E+00  4.84937461E-01  3.94271547E+00
  0.00000000E+00  1.00000000E+00 -9.85830761E-02  5.69905806E-01  4.33743491E+00  6.91706062E+00  4.04461394E-01  5.86133930E+00
