# model=oldroyd  theta_MLE: lambda=0.273936, beta=0.298056, eta_0=0.84648
# delta(x) = y_clean(x) - y_model(x; theta_MLE)   (x from curve4_x.txt)
# columns: x  delta
5.000000000000000000e+00 -9.938275535459339949e-05
4.950333040000000295e+00 -9.940661293428298961e-05
4.900666089999999642e+00 -9.941910510202767171e-05
4.850999129999999937e+00 -9.942786234518052879e-05
4.801332180000000172e+00 -9.942846391752802049e-05
4.751665219999999579e+00 -9.941768990717747556e-05
4.701998269999999813e+00 -9.941117639944430096e-05
4.652331310000000109e+00 -9.939458859808958380e-05
4.602664360000000343e+00 -9.936592851422787476e-05
4.552997399999999750e+00 -9.934321815574520542e-05
4.503330449999999985e+00 -9.932197227735528600e-05
4.453663490000000280e+00 -9.928150440807748112e-05
4.403996539999999627e+00 -9.924327195331983376e-05
4.354329579999999922e+00 -9.921639457344255675e-05
4.304662630000000156e+00 -9.917125480818356209e-05
4.254995669999999564e+00 -9.912441379977821043e-05
4.205328709999999859e+00 -9.907925867636002693e-05
4.155661760000000093e+00 -9.903825097712370962e-05
4.105994800000000389e+00 -9.898573697708634711e-05
4.056327849999999735e+00 -9.893503369085010490e-05
4.006660890000000030e+00 -9.888457295770258781e-05
3.956993939999999821e+00 -9.882852152620635877e-05
3.907326980000000116e+00 -9.877682893266737096e-05
3.857660029999999907e+00 -9.872212568384775011e-05
3.807993070000000202e+00 -9.866875831576749079e-05
3.758326119999999992e+00 -9.862326398035747843e-05
3.708659159999999844e+00 -9.856349536185859961e-05
3.658992210000000078e+00 -9.851396020499336714e-05
3.609325249999999929e+00 -9.846410706293440285e-05
3.559658300000000164e+00 -9.841256810605436556e-05
3.509991340000000015e+00 -9.836798406448465926e-05
3.460324389999999806e+00 -9.831565997031610493e-05
3.410657430000000101e+00 -9.826202061913313912e-05
3.360990469999999952e+00 -9.819706647307135938e-05
3.311323520000000187e+00 -9.813142231229754486e-05
3.261656560000000038e+00 -9.806104992282627109e-05
3.211989609999999828e+00 -9.797121239785155922e-05
3.162322650000000124e+00 -9.786975017811450073e-05
3.112655699999999914e+00 -9.775304334036505338e-05
3.062988740000000210e+00 -9.761268866292915902e-05
3.013321790000000000e+00 -9.743490317215552921e-05
2.963654829999999851e+00 -9.721737775914007784e-05
2.913987880000000086e+00 -9.695675124121727606e-05
2.864320919999999937e+00 -9.663419621830371398e-05
2.814653970000000172e+00 -9.623636581945760327e-05
2.764987010000000023e+00 -9.574121244781963469e-05
2.715320059999999813e+00 -9.515959125416806330e-05
2.665653100000000109e+00 -9.444534199576359867e-05
2.615986139999999960e+00 -9.359334322045498311e-05
2.566319190000000194e+00 -9.258712289850201671e-05
2.516652230000000046e+00 -9.138832464983259740e-05
2.466985279999999836e+00 -8.996787309967224644e-05
2.417318320000000131e+00 -8.827858561732959686e-05
2.367651369999999922e+00 -8.629896104106471455e-05
2.317984410000000217e+00 -8.399161379735176070e-05
2.268317460000000008e+00 -8.130701662678596620e-05
2.218650499999999859e+00 -7.820847250750162516e-05
2.168983550000000093e+00 -7.464565862957961428e-05
2.119316589999999945e+00 -7.056453205867008194e-05
2.069649640000000179e+00 -6.590476569923175987e-05
2.019982680000000030e+00 -6.061863165696124156e-05
1.970315730000000043e+00 -5.464072300176425756e-05
1.920648769999999894e+00 -4.790989731939809815e-05
1.870981809999999967e+00 -4.041280415334469467e-05
1.821314859999999980e+00 -3.203460310152728141e-05
1.771647900000000053e+00 -2.272584154749957008e-05
1.721980950000000066e+00 -1.249545152726128094e-05
1.672313989999999917e+00 -1.359327453043235323e-06
1.622647039999999929e+00 1.090664203196034521e-05
1.572980080000000003e+00 2.396843280805249776e-05
1.523313130000000015e+00 3.838668445688142583e-05
1.473646170000000089e+00 5.356967480651952940e-05
1.423979220000000101e+00 6.979644579563348827e-05
1.374312259999999952e+00 8.653178679485229452e-05
1.324645309999999965e+00 1.041934786383258427e-04
1.274978350000000038e+00 1.226114619552465257e-04
1.225311400000000051e+00 1.408051769824503197e-04
1.175644439999999902e+00 1.593307070173466400e-04
1.125977479999999975e+00 1.769022652102769655e-04
1.076310529999999988e+00 1.947479542723229429e-04
1.026643570000000061e+00 2.103513477345053673e-04
9.769766189999999906e-01 2.257250858630488466e-04
9.273096640000000335e-01 2.364069974096771887e-04
8.776427079999999936e-01 2.459621521087029805e-04
8.279757530000000365e-01 2.515127313897913552e-04
7.786002389999999718e-01 2.522750130313777817e-04
7.317317880000000496e-01 2.501990096221984317e-04
6.876846269999999928e-01 2.421689982032848576e-04
6.462889219999999879e-01 2.290809089484646677e-04
6.073850619999999756e-01 2.169240405016648054e-04
5.708230460000000006e-01 1.981813907245832951e-04
5.364619149999999559e-01 1.780602046528301230e-04
5.041691750000000249e-01 1.586320620796666248e-04
4.738203240000000149e-01 1.378629149082488681e-04
4.452983460000000115e-01 1.156986125259162890e-04
4.184932690000000011e-01 9.553477664447918016e-05
3.933017460000000076e-01 7.853465337759324427e-05
3.696266380000000074e-01 6.054411492639744097e-05
3.473766770000000226e-01 4.529186432145060337e-05
3.264660690000000254e-01 3.493316813596436532e-05
3.068141939999999845e-01 2.594817660428461181e-05
2.883452770000000109e-01 1.623236227543678467e-05
2.709881089999999770e-01 1.247847195728901681e-05
2.546757709999999952e-01 1.264573714387928760e-05
2.393453670000000033e-01 1.227629893385540072e-05
2.249377889999999991e-01 2.151570044994777220e-05
2.113974849999999961e-01 2.988458998354204255e-05
1.986678209999999944e-01 3.786279393236391400e-05
1.862510820000000122e-01 5.340718097746055548e-05
1.738343440000000018e-01 6.963483141109172436e-05
1.614176049999999918e-01 9.114416260502800071e-05
1.490008660000000096e-01 1.195629098240669208e-04
1.365841269999999996e-01 1.448244908364149097e-04
1.241673880000000035e-01 1.865540884065097771e-04
1.117506489999999936e-01 2.138834053024840642e-04
9.933391060000000550e-02 2.675488927013081053e-04
8.691717179999999821e-02 3.031217673554742476e-04
7.450043300000000479e-02 3.774908651852371122e-04
6.208369419999999750e-02 4.190586407175622696e-04
4.966695530000000275e-02 4.492380091596359648e-04
3.725021650000000240e-02 4.817540392543229189e-04
2.483347769999999857e-02 4.639742296321802684e-04
1.241673880000000035e-02 2.492427422744469823e-04
0.000000000000000000e+00 0.000000000000000000e+00
