# model=oldroyd  theta_MLE: lambda=1.26883, beta=0.449736, eta_0=0.500001
# delta(x) = y_clean(x) - y_model(x; theta_MLE)   (x from curve4_x.txt)
# columns: x  delta
5.000000000000000000e+00 4.235289324294733149e-04
4.950333040000000295e+00 4.004517120572703703e-04
4.900666089999999642e+00 3.790928471978372016e-04
4.850999129999999937e+00 3.586760072571415492e-04
4.801332180000000172e+00 3.377332566703028505e-04
4.751665219999999579e+00 3.156886866830799221e-04
4.701998269999999813e+00 2.931752571244672367e-04
4.652331310000000109e+00 2.713799710483133509e-04
4.602664360000000343e+00 2.511840515324603729e-04
4.552997399999999750e+00 2.328148679289210321e-04
4.503330449999999985e+00 2.160885665605238870e-04
4.453663490000000280e+00 2.007555215923773062e-04
4.403996539999999627e+00 1.867488019653418263e-04
4.354329579999999922e+00 1.741285331540165515e-04
4.304662630000000156e+00 1.629400261338176392e-04
4.254995669999999564e+00 1.531508006287207735e-04
4.205328709999999859e+00 1.446761024270770690e-04
4.155661760000000093e+00 1.374033758090309476e-04
4.105994800000000389e+00 1.312439128653419829e-04
4.056327849999999735e+00 1.261411399284817492e-04
4.006660890000000030e+00 1.220088949771547249e-04
3.956993939999999821e+00 1.187798103468029609e-04
3.907326980000000116e+00 1.163730952671304664e-04
3.857660029999999907e+00 1.147239753445106203e-04
3.807993070000000202e+00 1.137551128762570585e-04
3.758326119999999992e+00 1.134229708334988374e-04
3.708659159999999844e+00 1.136687137530678626e-04
3.658992210000000078e+00 1.144494982183719145e-04
3.609325249999999929e+00 1.157216825951046246e-04
3.559658300000000164e+00 1.174409124311548425e-04
3.509991340000000015e+00 1.195872737258518725e-04
3.460324389999999806e+00 1.221133903550608579e-04
3.410657430000000101e+00 1.250142346798099879e-04
3.360990469999999952e+00 1.282575339789371327e-04
3.311323520000000187e+00 1.318287891629577047e-04
3.261656560000000038e+00 1.357098248575550059e-04
3.211989609999999828e+00 1.398958878724432253e-04
3.162322650000000124e+00 1.443768404867373789e-04
3.112655699999999914e+00 1.491286317585327481e-04
3.062988740000000210e+00 1.541413715611117397e-04
3.013321790000000000e+00 1.594034823553247548e-04
2.963654829999999851e+00 1.649088709250179363e-04
2.913987880000000086e+00 1.706537545933528577e-04
2.864320919999999937e+00 1.765863114364663033e-04
2.814653970000000172e+00 1.827193117969194702e-04
2.764987010000000023e+00 1.890123928038889289e-04
2.715320059999999813e+00 1.954462727040695569e-04
2.665653100000000109e+00 2.019787015787866125e-04
2.615986139999999960e+00 2.085972576633121633e-04
2.566319190000000194e+00 2.152301931483968644e-04
2.516652230000000046e+00 2.218246775729237896e-04
2.466985279999999836e+00 2.283184930855775008e-04
2.417318320000000131e+00 2.346081579251979576e-04
2.367651369999999922e+00 2.406781954089609599e-04
2.317984410000000217e+00 2.463979089137868783e-04
2.268317460000000008e+00 2.516611735379203907e-04
2.218650499999999859e+00 2.563820343648437472e-04
2.168983550000000093e+00 2.604237644123763573e-04
2.119316589999999945e+00 2.636170031504736500e-04
2.069649640000000179e+00 2.658664945784927625e-04
2.019982680000000030e+00 2.669595954978287722e-04
1.970315730000000043e+00 2.668225208741770160e-04
1.920648769999999894e+00 2.651630568906160335e-04
1.870981809999999967e+00 2.618789003163701778e-04
1.821314859999999980e+00 2.567233604189311791e-04
1.771647900000000053e+00 2.495638443325010059e-04
1.721980950000000066e+00 2.402750029861788761e-04
1.672313989999999917e+00 2.285239558876828170e-04
1.622647039999999929e+00 2.141290994432942796e-04
1.572980080000000003e+00 1.970410202076777750e-04
1.523313130000000015e+00 1.768425309252030786e-04
1.473646170000000089e+00 1.537570237561958209e-04
1.423979220000000101e+00 1.275127856887880995e-04
1.374312259999999952e+00 9.804558463155643722e-05
1.324645309999999965e+00 6.528201757460827537e-05
1.274978350000000038e+00 2.909645038262631545e-05
1.225311400000000051e+00 -9.968446201602532142e-06
1.175644439999999902e+00 -5.199388850241071225e-05
1.125977479999999975e+00 -9.695352252614419797e-05
1.076310529999999988e+00 -1.448874909610875505e-04
1.026643570000000061e+00 -1.949516668231510153e-04
9.769766189999999906e-01 -2.459312181208872516e-04
9.273096640000000335e-01 -2.992121343894371677e-04
8.776427079999999936e-01 -3.527651636172635108e-04
8.279757530000000365e-01 -4.054730224447578024e-04
7.786002389999999718e-01 -4.578329514459689165e-04
7.317317880000000496e-01 -5.060953240370036355e-04
6.876846269999999928e-01 -5.508005735626042565e-04
6.462889219999999879e-01 -5.889443587383524914e-04
6.073850619999999756e-01 -6.252125133463515283e-04
5.708230460000000006e-01 -6.554145743733474916e-04
5.364619149999999559e-01 -6.835951980643795167e-04
5.041691750000000249e-01 -7.046680019375806125e-04
4.738203240000000149e-01 -7.255089596169828070e-04
4.452983460000000115e-01 -7.437760061410614298e-04
4.184932690000000011e-01 -7.601747742016495835e-04
3.933017460000000076e-01 -7.757753914616749569e-04
3.696266380000000074e-01 -7.885451858005154691e-04
3.473766770000000226e-01 -7.998593454980884587e-04
3.264660690000000254e-01 -8.111756169952855089e-04
3.068141939999999845e-01 -8.218463114271212788e-04
2.883452770000000109e-01 -8.270737831983510091e-04
2.709881089999999770e-01 -8.376190267196381711e-04
2.546757709999999952e-01 -8.433797809601628614e-04
2.393453670000000033e-01 -8.477670012321247839e-04
2.249377889999999991e-01 -8.629883437494267895e-04
2.113974849999999961e-01 -8.610112714821926971e-04
1.986678209999999944e-01 -8.630238080675756152e-04
1.862510820000000122e-01 -8.707420815712296758e-04
1.738343440000000018e-01 -8.719553379388234049e-04
1.614176049999999918e-01 -8.706845877286539803e-04
1.490008660000000096e-01 -8.681120794067354041e-04
1.365841269999999996e-01 -8.532083707550874863e-04
1.241673880000000035e-01 -8.582260253831019980e-04
1.117506489999999936e-01 -8.229792152505410741e-04
9.933391060000000550e-02 -8.077378592825645853e-04
8.691717179999999821e-02 -7.616049916339129311e-04
7.450043300000000479e-02 -7.681430746380168983e-04
6.208369419999999750e-02 -6.586870741416284147e-04
4.966695530000000275e-02 -5.956153016968279701e-04
3.725021650000000240e-02 -5.226909464437490271e-04
2.483347769999999857e-02 -3.833729567133126181e-04
1.241673880000000035e-02 -1.418021123544832562e-04
0.000000000000000000e+00 0.000000000000000000e+00
